Location,Target,Type,Unit,Bin_start_incl,Bin_end_notincl,Value
Alabama,1 wk ahead,Point,percent,NA,NA, 6.50000000000000000000000000000
Alabama,2 wk ahead,Point,percent,NA,NA, 6.29999999999999982236431605997
Alabama,3 wk ahead,Point,percent,NA,NA, 6.70000000000000017763568394003
Alabama,4 wk ahead,Point,percent,NA,NA, 6.70000000000000017763568394003
Alabama,Season peak percentage,Point,percent,NA,NA,11.59999999999999964472863211995
Alabama,Season peak week,Point,week,NA,NA, 1.00000000000000000000000000000
Alaska,1 wk ahead,Point,percent,NA,NA, 1.80000000000000004440892098501
Alaska,2 wk ahead,Point,percent,NA,NA, 1.60000000000000008881784197001
Alaska,3 wk ahead,Point,percent,NA,NA, 2.00000000000000000000000000000
Alaska,4 wk ahead,Point,percent,NA,NA, 1.39999999999999991118215802999
Alaska,Season peak percentage,Point,percent,NA,NA, 4.00000000000000000000000000000
Alaska,Season peak week,Point,week,NA,NA, 2.00000000000000000000000000000
Arizona,1 wk ahead,Point,percent,NA,NA, 2.70000000000000017763568394003
Arizona,2 wk ahead,Point,percent,NA,NA, 3.10000000000000008881784197001
Arizona,3 wk ahead,Point,percent,NA,NA, 2.79999999999999982236431605997
Arizona,4 wk ahead,Point,percent,NA,NA, 2.70000000000000017763568394003
Arizona,Season peak percentage,Point,percent,NA,NA, 3.20000000000000017763568394003
Arizona,Season peak week,Point,week,NA,NA, 5.00000000000000000000000000000
Arkansas,1 wk ahead,Point,percent,NA,NA, 6.29999999999999982236431605997
Arkansas,2 wk ahead,Point,percent,NA,NA, 6.20000000000000017763568394003
Arkansas,3 wk ahead,Point,percent,NA,NA, 6.09999999999999964472863211995
Arkansas,4 wk ahead,Point,percent,NA,NA, 5.20000000000000017763568394003
Arkansas,Season peak percentage,Point,percent,NA,NA, 7.79999999999999982236431605997
Arkansas,Season peak week,Point,week,NA,NA, 3.00000000000000000000000000000
California,1 wk ahead,Point,percent,NA,NA, 4.29999999999999982236431605997
California,2 wk ahead,Point,percent,NA,NA, 4.90000000000000035527136788005
California,3 wk ahead,Point,percent,NA,NA, 4.40000000000000035527136788005
California,4 wk ahead,Point,percent,NA,NA, 4.29999999999999982236431605997
California,Season peak percentage,Point,percent,NA,NA, 5.09999999999999964472863211995
California,Season peak week,Point,week,NA,NA, 2.00000000000000000000000000000
Colorado,1 wk ahead,Point,percent,NA,NA, 2.20000000000000017763568394003
Colorado,2 wk ahead,Point,percent,NA,NA, 2.10000000000000008881784197001
Colorado,3 wk ahead,Point,percent,NA,NA, 2.20000000000000017763568394003
Colorado,4 wk ahead,Point,percent,NA,NA, 2.20000000000000017763568394003
Colorado,Season peak percentage,Point,percent,NA,NA, 3.00000000000000000000000000000
Colorado,Season peak week,Point,week,NA,NA, 3.00000000000000000000000000000
Connecticut,1 wk ahead,Point,percent,NA,NA, 1.80000000000000004440892098501
Connecticut,2 wk ahead,Point,percent,NA,NA, 2.20000000000000017763568394003
Connecticut,3 wk ahead,Point,percent,NA,NA, 2.70000000000000017763568394003
Connecticut,4 wk ahead,Point,percent,NA,NA, 2.50000000000000000000000000000
Connecticut,Season peak percentage,Point,percent,NA,NA, 3.39999999999999991118215802999
Connecticut,Season peak week,Point,week,NA,NA, 7.00000000000000000000000000000
Delaware,1 wk ahead,Point,percent,NA,NA, 3.00000000000000000000000000000
Delaware,2 wk ahead,Point,percent,NA,NA, 3.29999999999999982236431605997
Delaware,3 wk ahead,Point,percent,NA,NA, 2.39999999999999991118215802999
Delaware,4 wk ahead,Point,percent,NA,NA, 2.10000000000000008881784197001
Delaware,Season peak percentage,Point,percent,NA,NA, 3.50000000000000000000000000000
Delaware,Season peak week,Point,week,NA,NA, 4.00000000000000000000000000000
Georgia,1 wk ahead,Point,percent,NA,NA, 2.20000000000000017763568394003
Georgia,2 wk ahead,Point,percent,NA,NA, 2.20000000000000017763568394003
Georgia,3 wk ahead,Point,percent,NA,NA, 2.29999999999999982236431605997
Georgia,4 wk ahead,Point,percent,NA,NA, 2.10000000000000008881784197001
Georgia,Season peak percentage,Point,percent,NA,NA, 5.79999999999999982236431605997
Georgia,Season peak week,Point,week,NA,NA,52.00000000000000000000000000000
Hawaii,1 wk ahead,Point,percent,NA,NA, 3.29999999999999982236431605997
Hawaii,2 wk ahead,Point,percent,NA,NA, 4.40000000000000035527136788005
Hawaii,3 wk ahead,Point,percent,NA,NA, 3.89999999999999991118215802999
Hawaii,4 wk ahead,Point,percent,NA,NA, 4.90000000000000035527136788005
Hawaii,Season peak percentage,Point,percent,NA,NA, 6.29999999999999982236431605997
Hawaii,Season peak week,Point,week,NA,NA, 8.00000000000000000000000000000
Idaho,1 wk ahead,Point,percent,NA,NA, 3.50000000000000000000000000000
Idaho,2 wk ahead,Point,percent,NA,NA, 3.39999999999999991118215802999
Idaho,3 wk ahead,Point,percent,NA,NA, 3.10000000000000008881784197001
Idaho,4 wk ahead,Point,percent,NA,NA, 3.39999999999999991118215802999
Idaho,Season peak percentage,Point,percent,NA,NA, 6.40000000000000035527136788005
Idaho,Season peak week,Point,week,NA,NA, 2.00000000000000000000000000000
Illinois,1 wk ahead,Point,percent,NA,NA, 3.10000000000000008881784197001
Illinois,2 wk ahead,Point,percent,NA,NA, 3.00000000000000000000000000000
Illinois,3 wk ahead,Point,percent,NA,NA, 2.50000000000000000000000000000
Illinois,4 wk ahead,Point,percent,NA,NA, 2.29999999999999982236431605997
Illinois,Season peak percentage,Point,percent,NA,NA, 4.70000000000000017763568394003
Illinois,Season peak week,Point,week,NA,NA, 1.00000000000000000000000000000
Indiana,1 wk ahead,Point,percent,NA,NA, 3.29999999999999982236431605997
Indiana,2 wk ahead,Point,percent,NA,NA, 3.39999999999999991118215802999
Indiana,3 wk ahead,Point,percent,NA,NA, 3.20000000000000017763568394003
Indiana,4 wk ahead,Point,percent,NA,NA, 2.70000000000000017763568394003
Indiana,Season peak percentage,Point,percent,NA,NA, 6.20000000000000017763568394003
Indiana,Season peak week,Point,week,NA,NA, 1.00000000000000000000000000000
Iowa,1 wk ahead,Point,percent,NA,NA, 1.10000000000000008881784197001
Iowa,2 wk ahead,Point,percent,NA,NA, 2.00000000000000000000000000000
Iowa,3 wk ahead,Point,percent,NA,NA, 2.10000000000000008881784197001
Iowa,4 wk ahead,Point,percent,NA,NA, 1.39999999999999991118215802999
Iowa,Season peak percentage,Point,percent,NA,NA, 2.79999999999999982236431605997
Iowa,Season peak week,Point,week,NA,NA, 2.00000000000000000000000000000
Kansas,1 wk ahead,Point,percent,NA,NA, 5.40000000000000035527136788005
Kansas,2 wk ahead,Point,percent,NA,NA, 4.70000000000000017763568394003
Kansas,3 wk ahead,Point,percent,NA,NA, 4.70000000000000017763568394003
Kansas,4 wk ahead,Point,percent,NA,NA, 3.39999999999999991118215802999
Kansas,Season peak percentage,Point,percent,NA,NA, 5.70000000000000017763568394003
Kansas,Season peak week,Point,week,NA,NA, 3.00000000000000000000000000000
Kentucky,1 wk ahead,Point,percent,NA,NA, 1.50000000000000000000000000000
Kentucky,2 wk ahead,Point,percent,NA,NA, 1.50000000000000000000000000000
Kentucky,3 wk ahead,Point,percent,NA,NA, 1.50000000000000000000000000000
Kentucky,4 wk ahead,Point,percent,NA,NA, 1.10000000000000008881784197001
Kentucky,Season peak percentage,Point,percent,NA,NA, 2.29999999999999982236431605997
Kentucky,Season peak week,Point,week,NA,NA, 5.00000000000000000000000000000
Maine,1 wk ahead,Point,percent,NA,NA, 1.39999999999999991118215802999
Maine,2 wk ahead,Point,percent,NA,NA, 1.69999999999999995559107901499
Maine,3 wk ahead,Point,percent,NA,NA, 1.89999999999999991118215802999
Maine,4 wk ahead,Point,percent,NA,NA, 1.69999999999999995559107901499
Maine,Season peak percentage,Point,percent,NA,NA, 2.50000000000000000000000000000
Maine,Season peak week,Point,week,NA,NA, 5.00000000000000000000000000000
Maryland,1 wk ahead,Point,percent,NA,NA, 2.60000000000000008881784197001
Maryland,2 wk ahead,Point,percent,NA,NA, 2.50000000000000000000000000000
Maryland,3 wk ahead,Point,percent,NA,NA, 2.20000000000000017763568394003
Maryland,4 wk ahead,Point,percent,NA,NA, 2.39999999999999991118215802999
Maryland,Season peak percentage,Point,percent,NA,NA, 4.09999999999999964472863211995
Maryland,Season peak week,Point,week,NA,NA, 2.00000000000000000000000000000
Massachusetts,1 wk ahead,Point,percent,NA,NA, 1.80000000000000004440892098501
Massachusetts,2 wk ahead,Point,percent,NA,NA, 2.00000000000000000000000000000
Massachusetts,3 wk ahead,Point,percent,NA,NA, 2.00000000000000000000000000000
Massachusetts,4 wk ahead,Point,percent,NA,NA, 2.10000000000000008881784197001
Massachusetts,Season peak percentage,Point,percent,NA,NA, 2.70000000000000017763568394003
Massachusetts,Season peak week,Point,week,NA,NA, 5.00000000000000000000000000000
Michigan,1 wk ahead,Point,percent,NA,NA, 2.10000000000000008881784197001
Michigan,2 wk ahead,Point,percent,NA,NA, 2.20000000000000017763568394003
Michigan,3 wk ahead,Point,percent,NA,NA, 2.10000000000000008881784197001
Michigan,4 wk ahead,Point,percent,NA,NA, 2.29999999999999982236431605997
Michigan,Season peak percentage,Point,percent,NA,NA, 3.39999999999999991118215802999
Michigan,Season peak week,Point,week,NA,NA, 2.00000000000000000000000000000
Minnesota,1 wk ahead,Point,percent,NA,NA, 3.00000000000000000000000000000
Minnesota,2 wk ahead,Point,percent,NA,NA, 3.10000000000000008881784197001
Minnesota,3 wk ahead,Point,percent,NA,NA, 2.50000000000000000000000000000
Minnesota,4 wk ahead,Point,percent,NA,NA, 2.20000000000000017763568394003
Minnesota,Season peak percentage,Point,percent,NA,NA, 3.60000000000000008881784197001
Minnesota,Season peak week,Point,week,NA,NA, 4.00000000000000000000000000000
Mississippi,1 wk ahead,Point,percent,NA,NA, 5.50000000000000000000000000000
Mississippi,2 wk ahead,Point,percent,NA,NA, 5.79999999999999982236431605997
Mississippi,3 wk ahead,Point,percent,NA,NA, 5.40000000000000035527136788005
Mississippi,4 wk ahead,Point,percent,NA,NA, 5.09999999999999964472863211995
Mississippi,Season peak percentage,Point,percent,NA,NA, 9.80000000000000071054273576010
Mississippi,Season peak week,Point,week,NA,NA,52.00000000000000000000000000000
Missouri,1 wk ahead,Point,percent,NA,NA, 2.89999999999999991118215802999
Missouri,2 wk ahead,Point,percent,NA,NA, 3.29999999999999982236431605997
Missouri,3 wk ahead,Point,percent,NA,NA, 3.70000000000000017763568394003
Missouri,4 wk ahead,Point,percent,NA,NA, 3.60000000000000008881784197001
Missouri,Season peak percentage,Point,percent,NA,NA, 6.59999999999999964472863211995
Missouri,Season peak week,Point,week,NA,NA, 5.00000000000000000000000000000
Montana,1 wk ahead,Point,percent,NA,NA, 1.00000000000000000000000000000
Montana,2 wk ahead,Point,percent,NA,NA, 0.80000000000000004440892098501
Montana,3 wk ahead,Point,percent,NA,NA, 0.90000000000000002220446049250
Montana,4 wk ahead,Point,percent,NA,NA, 0.50000000000000000000000000000
Montana,Season peak percentage,Point,percent,NA,NA, 1.80000000000000004440892098501
Montana,Season peak week,Point,week,NA,NA, 6.00000000000000000000000000000
Nebraska,1 wk ahead,Point,percent,NA,NA, 2.89999999999999991118215802999
Nebraska,2 wk ahead,Point,percent,NA,NA, 4.09999999999999964472863211995
Nebraska,3 wk ahead,Point,percent,NA,NA, 4.50000000000000000000000000000
Nebraska,4 wk ahead,Point,percent,NA,NA, 3.20000000000000017763568394003
Nebraska,Season peak percentage,Point,percent,NA,NA, 6.00000000000000000000000000000
Nebraska,Season peak week,Point,week,NA,NA, 3.00000000000000000000000000000
Nevada,1 wk ahead,Point,percent,NA,NA, 2.89999999999999991118215802999
Nevada,2 wk ahead,Point,percent,NA,NA, 3.20000000000000017763568394003
Nevada,3 wk ahead,Point,percent,NA,NA, 2.50000000000000000000000000000
Nevada,4 wk ahead,Point,percent,NA,NA, 2.60000000000000008881784197001
Nevada,Season peak percentage,Point,percent,NA,NA, 4.09999999999999964472863211995
Nevada,Season peak week,Point,week,NA,NA, 4.00000000000000000000000000000
New Hampshire,1 wk ahead,Point,percent,NA,NA, 0.90000000000000002220446049250
New Hampshire,2 wk ahead,Point,percent,NA,NA, 1.00000000000000000000000000000
New Hampshire,3 wk ahead,Point,percent,NA,NA, 0.59999999999999997779553950750
New Hampshire,4 wk ahead,Point,percent,NA,NA, 0.80000000000000004440892098501
New Hampshire,Season peak percentage,Point,percent,NA,NA, 1.30000000000000004440892098501
New Hampshire,Season peak week,Point,week,NA,NA, 3.00000000000000000000000000000
New Jersey,1 wk ahead,Point,percent,NA,NA, 3.60000000000000008881784197001
New Jersey,2 wk ahead,Point,percent,NA,NA, 4.50000000000000000000000000000
New Jersey,3 wk ahead,Point,percent,NA,NA, 4.40000000000000035527136788005
New Jersey,4 wk ahead,Point,percent,NA,NA, 3.70000000000000017763568394003
New Jersey,Season peak percentage,Point,percent,NA,NA, 4.79999999999999982236431605997
New Jersey,Season peak week,Point,week,NA,NA, 3.00000000000000000000000000000
New Mexico,1 wk ahead,Point,percent,NA,NA, 4.20000000000000017763568394003
New Mexico,2 wk ahead,Point,percent,NA,NA, 4.70000000000000017763568394003
New Mexico,3 wk ahead,Point,percent,NA,NA, 4.59999999999999964472863211995
New Mexico,4 wk ahead,Point,percent,NA,NA, 3.70000000000000017763568394003
New Mexico,Season peak percentage,Point,percent,NA,NA, 6.59999999999999964472863211995
New Mexico,Season peak week,Point,week,NA,NA, 1.00000000000000000000000000000
New York,1 wk ahead,Point,percent,NA,NA, 3.10000000000000008881784197001
New York,2 wk ahead,Point,percent,NA,NA, 3.10000000000000008881784197001
New York,3 wk ahead,Point,percent,NA,NA, 2.79999999999999982236431605997
New York,4 wk ahead,Point,percent,NA,NA, 2.79999999999999982236431605997
New York,Season peak percentage,Point,percent,NA,NA, 3.70000000000000017763568394003
New York,Season peak week,Point,week,NA,NA, 4.00000000000000000000000000000
North Carolina,1 wk ahead,Point,percent,NA,NA, 3.39999999999999991118215802999
North Carolina,2 wk ahead,Point,percent,NA,NA, 3.70000000000000017763568394003
North Carolina,3 wk ahead,Point,percent,NA,NA, 3.10000000000000008881784197001
North Carolina,4 wk ahead,Point,percent,NA,NA, 2.20000000000000017763568394003
North Carolina,Season peak percentage,Point,percent,NA,NA, 6.40000000000000035527136788005
North Carolina,Season peak week,Point,week,NA,NA, 1.00000000000000000000000000000
North Dakota,1 wk ahead,Point,percent,NA,NA, 2.89999999999999991118215802999
North Dakota,2 wk ahead,Point,percent,NA,NA, 2.39999999999999991118215802999
North Dakota,3 wk ahead,Point,percent,NA,NA, 1.39999999999999991118215802999
North Dakota,4 wk ahead,Point,percent,NA,NA, 1.89999999999999991118215802999
North Dakota,Season peak percentage,Point,percent,NA,NA, 4.20000000000000017763568394003
North Dakota,Season peak week,Point,week,NA,NA, 5.00000000000000000000000000000
Ohio,1 wk ahead,Point,percent,NA,NA, 1.69999999999999995559107901499
Ohio,2 wk ahead,Point,percent,NA,NA, 2.00000000000000000000000000000
Ohio,3 wk ahead,Point,percent,NA,NA, 1.89999999999999991118215802999
Ohio,4 wk ahead,Point,percent,NA,NA, 1.39999999999999991118215802999
Ohio,Season peak percentage,Point,percent,NA,NA, 3.39999999999999991118215802999
Ohio,Season peak week,Point,week,NA,NA, 2.00000000000000000000000000000
Oklahoma,1 wk ahead,Point,percent,NA,NA, 9.80000000000000071054273576010
Oklahoma,2 wk ahead,Point,percent,NA,NA, 8.90000000000000035527136788005
Oklahoma,3 wk ahead,Point,percent,NA,NA, 9.59999999999999964472863211995
Oklahoma,4 wk ahead,Point,percent,NA,NA, 7.09999999999999964472863211995
Oklahoma,Season peak percentage,Point,percent,NA,NA,10.59999999999999964472863211995
Oklahoma,Season peak week,Point,week,NA,NA, 5.00000000000000000000000000000
Oregon,1 wk ahead,Point,percent,NA,NA, 2.50000000000000000000000000000
Oregon,2 wk ahead,Point,percent,NA,NA, 2.20000000000000017763568394003
Oregon,3 wk ahead,Point,percent,NA,NA, 1.50000000000000000000000000000
Oregon,4 wk ahead,Point,percent,NA,NA, 1.50000000000000000000000000000
Oregon,Season peak percentage,Point,percent,NA,NA, 3.70000000000000017763568394003
Oregon,Season peak week,Point,week,NA,NA, 4.00000000000000000000000000000
Pennsylvania,1 wk ahead,Point,percent,NA,NA, 2.79999999999999982236431605997
Pennsylvania,2 wk ahead,Point,percent,NA,NA, 3.39999999999999991118215802999
Pennsylvania,3 wk ahead,Point,percent,NA,NA, 3.00000000000000000000000000000
Pennsylvania,4 wk ahead,Point,percent,NA,NA, 2.60000000000000008881784197001
Pennsylvania,Season peak percentage,Point,percent,NA,NA, 4.09999999999999964472863211995
Pennsylvania,Season peak week,Point,week,NA,NA, 1.00000000000000000000000000000
Rhode Island,1 wk ahead,Point,percent,NA,NA, 1.89999999999999991118215802999
Rhode Island,2 wk ahead,Point,percent,NA,NA, 1.10000000000000008881784197001
Rhode Island,3 wk ahead,Point,percent,NA,NA, 1.39999999999999991118215802999
Rhode Island,4 wk ahead,Point,percent,NA,NA, 1.80000000000000004440892098501
Rhode Island,Season peak percentage,Point,percent,NA,NA, 3.79999999999999982236431605997
Rhode Island,Season peak week,Point,week,NA,NA, 6.00000000000000000000000000000
South Carolina,1 wk ahead,Point,percent,NA,NA, 1.50000000000000000000000000000
South Carolina,2 wk ahead,Point,percent,NA,NA, 1.60000000000000008881784197001
South Carolina,3 wk ahead,Point,percent,NA,NA, 1.60000000000000008881784197001
South Carolina,4 wk ahead,Point,percent,NA,NA, 1.10000000000000008881784197001
South Carolina,Season peak percentage,Point,percent,NA,NA, 4.79999999999999982236431605997
South Carolina,Season peak week,Point,week,NA,NA, 1.00000000000000000000000000000
South Dakota,1 wk ahead,Point,percent,NA,NA, 2.00000000000000000000000000000
South Dakota,2 wk ahead,Point,percent,NA,NA, 2.20000000000000017763568394003
South Dakota,3 wk ahead,Point,percent,NA,NA, 2.29999999999999982236431605997
South Dakota,4 wk ahead,Point,percent,NA,NA, 2.10000000000000008881784197001
South Dakota,Season peak percentage,Point,percent,NA,NA, 2.60000000000000008881784197001
South Dakota,Season peak week,Point,week,NA,NA, 5.00000000000000000000000000000
Tennessee,1 wk ahead,Point,percent,NA,NA, 3.39999999999999991118215802999
Tennessee,2 wk ahead,Point,percent,NA,NA, 3.89999999999999991118215802999
Tennessee,3 wk ahead,Point,percent,NA,NA, 3.50000000000000000000000000000
Tennessee,4 wk ahead,Point,percent,NA,NA, 3.29999999999999982236431605997
Tennessee,Season peak percentage,Point,percent,NA,NA, 7.09999999999999964472863211995
Tennessee,Season peak week,Point,week,NA,NA, 1.00000000000000000000000000000
Texas,1 wk ahead,Point,percent,NA,NA, 6.29999999999999982236431605997
Texas,2 wk ahead,Point,percent,NA,NA, 6.09999999999999964472863211995
Texas,3 wk ahead,Point,percent,NA,NA, 5.70000000000000017763568394003
Texas,4 wk ahead,Point,percent,NA,NA, 4.90000000000000035527136788005
Texas,Season peak percentage,Point,percent,NA,NA, 9.59999999999999964472863211995
Texas,Season peak week,Point,week,NA,NA, 1.00000000000000000000000000000
Utah,1 wk ahead,Point,percent,NA,NA, 3.00000000000000000000000000000
Utah,2 wk ahead,Point,percent,NA,NA, 2.89999999999999991118215802999
Utah,3 wk ahead,Point,percent,NA,NA, 2.70000000000000017763568394003
Utah,4 wk ahead,Point,percent,NA,NA, 2.89999999999999991118215802999
Utah,Season peak percentage,Point,percent,NA,NA, 4.90000000000000035527136788005
Utah,Season peak week,Point,week,NA,NA, 1.00000000000000000000000000000
Vermont,1 wk ahead,Point,percent,NA,NA, 3.10000000000000008881784197001
Vermont,2 wk ahead,Point,percent,NA,NA, 4.90000000000000035527136788005
Vermont,3 wk ahead,Point,percent,NA,NA, 4.40000000000000035527136788005
Vermont,4 wk ahead,Point,percent,NA,NA, 3.89999999999999991118215802999
Vermont,Season peak percentage,Point,percent,NA,NA, 5.09999999999999964472863211995
Vermont,Season peak week,Point,week,NA,NA, 5.00000000000000000000000000000
Virginia,1 wk ahead,Point,percent,NA,NA, 4.50000000000000000000000000000
Virginia,2 wk ahead,Point,percent,NA,NA, 4.20000000000000017763568394003
Virginia,3 wk ahead,Point,percent,NA,NA, 3.79999999999999982236431605997
Virginia,4 wk ahead,Point,percent,NA,NA, 3.29999999999999982236431605997
Virginia,Season peak percentage,Point,percent,NA,NA, 5.40000000000000035527136788005
Virginia,Season peak week,Point,week,NA,NA, 2.00000000000000000000000000000
Washington,1 wk ahead,Point,percent,NA,NA, 2.29999999999999982236431605997
Washington,2 wk ahead,Point,percent,NA,NA, 2.50000000000000000000000000000
Washington,3 wk ahead,Point,percent,NA,NA, 2.20000000000000017763568394003
Washington,4 wk ahead,Point,percent,NA,NA, 2.00000000000000000000000000000
Washington,Season peak percentage,Point,percent,NA,NA, 3.29999999999999982236431605997
Washington,Season peak week,Point,week,NA,NA, 6.00000000000000000000000000000
West Virginia,1 wk ahead,Point,percent,NA,NA, 4.00000000000000000000000000000
West Virginia,2 wk ahead,Point,percent,NA,NA, 3.89999999999999991118215802999
West Virginia,3 wk ahead,Point,percent,NA,NA, 3.00000000000000000000000000000
West Virginia,4 wk ahead,Point,percent,NA,NA, 2.70000000000000017763568394003
West Virginia,Season peak percentage,Point,percent,NA,NA, 5.09999999999999964472863211995
West Virginia,Season peak week,Point,week,NA,NA, 5.00000000000000000000000000000
Wisconsin,1 wk ahead,Point,percent,NA,NA, 2.00000000000000000000000000000
Wisconsin,2 wk ahead,Point,percent,NA,NA, 2.60000000000000008881784197001
Wisconsin,3 wk ahead,Point,percent,NA,NA, 2.00000000000000000000000000000
Wisconsin,4 wk ahead,Point,percent,NA,NA, 2.50000000000000000000000000000
Wisconsin,Season peak percentage,Point,percent,NA,NA, 3.29999999999999982236431605997
Wisconsin,Season peak week,Point,week,NA,NA, 1.00000000000000000000000000000
Wyoming,1 wk ahead,Point,percent,NA,NA, 2.60000000000000008881784197001
Wyoming,2 wk ahead,Point,percent,NA,NA, 2.70000000000000017763568394003
Wyoming,3 wk ahead,Point,percent,NA,NA, 2.60000000000000008881784197001
Wyoming,4 wk ahead,Point,percent,NA,NA, 2.20000000000000017763568394003
Wyoming,Season peak percentage,Point,percent,NA,NA, 3.00000000000000000000000000000
Wyoming,Season peak week,Point,week,NA,NA, 4.00000000000000000000000000000
New York,Season peak week,Bin,week,40,41, 0.00065859180582435302916954889
New York,Season peak week,Bin,week,41,42, 0.00065859180582435302916954889
New York,Season peak week,Bin,week,42,43, 0.00065859180582435302916954889
New York,Season peak week,Bin,week,43,44, 0.00065859180582435302916954889
New York,Season peak week,Bin,week,44,45, 0.00065859180582435302916954889
New York,Season peak week,Bin,week,45,46, 0.00066110118874257428871893394
New York,Season peak week,Bin,week,46,47, 0.00147403611716514040298753319
New York,Season peak week,Bin,week,47,48, 0.00455247175911780398160910721
New York,Season peak week,Bin,week,48,49, 0.01150819364198848830660448783
New York,Season peak week,Bin,week,49,50, 0.02389886773469672778813510661
New York,Season peak week,Bin,week,50,51, 0.04105668866235433894784634390
New York,Season peak week,Bin,week,51,52, 0.05908089874938019653294318800
New York,Season peak week,Bin,week,52,53, 0.07270787454404961658305239780
New York,Season peak week,Bin,week,1,2, 0.07881307653088327758172937365
New York,Season peak week,Bin,week,2,3, 0.07762695374141528881217766411
New York,Season peak week,Bin,week,3,4, 0.07065359985163477407610344017
New York,Season peak week,Bin,week,4,5, 0.05890728292452159647885068239
New York,Season peak week,Bin,week,5,6, 0.04381190048979934081874176854
New York,Season peak week,Bin,week,6,7, 0.02840750300245078324712366680
New York,Season peak week,Bin,week,7,8, 0.01643664549535286262260669332
New York,Season peak week,Bin,week,8,9, 0.01064172585486877244120851316
New York,Season peak week,Bin,week,9,10, 0.01241285944302301935682208978
New York,Season peak week,Bin,week,10,11, 0.02214488449280022086540498094
New York,Season peak week,Bin,week,11,12, 0.03840379317363157990472544157
New York,Season peak week,Bin,week,12,13, 0.05633872202109106025469387191
New York,Season peak week,Bin,week,13,14, 0.06834156802086015225494719516
New York,Season peak week,Bin,week,14,15, 0.06833434723524324516663597251
New York,Season peak week,Bin,week,15,16, 0.05629362276939764431205048822
New York,Season peak week,Bin,week,16,17, 0.03819654064458490039246640890
New York,Season peak week,Bin,week,17,18, 0.02133753972448714300580441261
New York,Season peak week,Bin,week,18,19, 0.00980750570563912460464450760
New York,Season peak week,Bin,week,19,20, 0.00370621322059229907006083771
New York,Season peak week,Bin,week,20,21, 0.00115062423110639079973371857
New York,Season peak percentage,Bin,percent,0,0.1, 0.00023628806982700647988833442
New York,Season peak percentage,Bin,percent,0.1,0.2, 0.00047257613965401295977666885
New York,Season peak percentage,Bin,percent,0.2,0.3, 0.00047257613965401274293623435
New York,Season peak percentage,Bin,percent,0.3,0.4, 0.00047257613965401274293623435
New York,Season peak percentage,Bin,percent,0.4,0.5, 0.00047257613965401274293623435
New York,Season peak percentage,Bin,percent,0.5,0.6, 0.00047257613965401306819688609
New York,Season peak percentage,Bin,percent,0.6,0.7, 0.00047257613965401328503732059
New York,Season peak percentage,Bin,percent,0.7,0.8, 0.00047257613965401328503732059
New York,Season peak percentage,Bin,percent,0.8,0.9, 0.00047257613965401328503732059
New York,Season peak percentage,Bin,percent,0.9,1, 0.00047257613965401328503732059
New York,Season peak percentage,Bin,percent,1,1.1, 0.00047257613965401328503732059
New York,Season peak percentage,Bin,percent,1.1,1.2, 0.00047257613965401328503732059
New York,Season peak percentage,Bin,percent,1.2,1.3, 0.00047257613965401328503732059
New York,Season peak percentage,Bin,percent,1.3,1.4, 0.00047257613965401328503732059
New York,Season peak percentage,Bin,percent,1.4,1.5, 0.00047257613965401328503732059
New York,Season peak percentage,Bin,percent,1.5,1.6, 0.00047257613965401328503732059
New York,Season peak percentage,Bin,percent,1.6,1.7, 0.00047257613965401328503732059
New York,Season peak percentage,Bin,percent,1.7,1.8, 0.00047257613965401328503732059
New York,Season peak percentage,Bin,percent,1.8,1.9, 0.00047257613965401328503732059
New York,Season peak percentage,Bin,percent,1.9,2, 0.00047257613965401328503732059
New York,Season peak percentage,Bin,percent,2,2.1, 0.00068516116827544207810996024
New York,Season peak percentage,Bin,percent,2.1,2.2, 0.00232703690524901397884693921
New York,Season peak percentage,Bin,percent,2.2,2.3, 0.00657462065059745935646784432
New York,Season peak percentage,Bin,percent,2.3,2.4, 0.01474539163166179063513272496
New York,Season peak percentage,Bin,percent,2.4,2.5, 0.02625377050995524735865771504
New York,Season peak percentage,Bin,percent,2.5,2.6, 0.03711072999057905830166959049
New York,Season peak percentage,Bin,percent,2.6,2.7, 0.04164921394700060036653255224
New York,Season peak percentage,Bin,percent,2.7,2.8, 0.03711573233550282541193254815
New York,Season peak percentage,Bin,percent,2.8,2.9, 0.02628967498676495345710790730
New York,Season peak percentage,Bin,percent,2.9,3, 0.01495345878795848425235615053
New York,Season peak percentage,Bin,percent,3,3.1, 0.00752772972045094579396362633
New York,Season peak percentage,Bin,percent,3.1,3.2, 0.00580954377300130740680028651
New York,Season peak percentage,Bin,percent,3.2,3.3, 0.01081295255868002999632970784
New York,Season peak percentage,Bin,percent,3.3,3.4, 0.02383899427153974084903076402
New York,Season peak percentage,Bin,percent,3.4,3.5, 0.04425264464683807685840832846
New York,Season peak percentage,Bin,percent,3.5,3.6, 0.06616179101712567345305870958
New York,Season peak percentage,Bin,percent,3.6,3.7, 0.07941400977326908139364292083
New York,Season peak percentage,Bin,percent,3.7,3.8, 0.07663844678423591127991443273
New York,Season peak percentage,Bin,percent,3.8,3.9, 0.05980342227259027171326621897
New York,Season peak percentage,Bin,percent,3.9,4, 0.03878007155108018078060183598
New York,Season peak percentage,Bin,percent,4,4.1, 0.02370752443320266536486151665
New York,Season peak percentage,Bin,percent,4.1,4.2, 0.01910290652751808759823859418
New York,Season peak percentage,Bin,percent,4.2,4.3, 0.02313724725759291889204405379
New York,Season peak percentage,Bin,percent,4.3,4.4, 0.02991426946728082889026545388
New York,Season peak percentage,Bin,percent,4.4,4.5, 0.03299642581212029052162293397
New York,Season peak percentage,Bin,percent,4.5,4.6, 0.02930592936763454572912657170
New York,Season peak percentage,Bin,percent,4.6,4.7, 0.02071957544689718294650404573
New York,Season peak percentage,Bin,percent,4.7,4.8, 0.01163574212022150736189907150
New York,Season peak percentage,Bin,percent,4.8,4.9, 0.00518797867206044656385177660
New York,Season peak percentage,Bin,percent,4.9,5, 0.00183649143762967099156868667
New York,Season peak percentage,Bin,percent,5,5.1, 0.00051836705615484113176399950
New York,Season peak percentage,Bin,percent,5.1,5.2, 0.00013288086594192660520874494
New York,Season peak percentage,Bin,percent,5.2,5.3, 0.00012137920864019191981124368
New York,Season peak percentage,Bin,percent,5.3,5.4, 0.00045603059598016448036167381
New York,Season peak percentage,Bin,percent,5.4,5.5, 0.00161344200953665714223794758
New York,Season peak percentage,Bin,percent,5.5,5.6, 0.00455745241091001784816683085
New York,Season peak percentage,Bin,percent,5.6,5.7, 0.01022123567578455891058375471
New York,Season peak percentage,Bin,percent,5.7,5.8, 0.01819843171439419760027078610
New York,Season peak percentage,Bin,percent,5.8,5.9, 0.02572447212734270405309899843
New York,Season peak percentage,Bin,percent,5.9,6, 0.02887009088197294015554206226
New York,Season peak percentage,Bin,percent,6,6.1, 0.02572444606265056332716767429
New York,Season peak percentage,Bin,percent,6.1,6.2, 0.01819863143243256875525304395
New York,Season peak percentage,Bin,percent,6.2,6.3, 0.01022123578664634914459075077
New York,Season peak percentage,Bin,percent,6.3,6.4, 0.00455740683739752627801067320
New York,Season peak percentage,Bin,percent,6.4,6.5, 0.00161305944150037924508800380
New York,Season peak percentage,Bin,percent,6.5,6.6, 0.00047494119627622719643708638
New York,Season peak percentage,Bin,percent,6.6,6.7, 0.00032758114074877653192074956
New York,Season peak percentage,Bin,percent,6.7,6.8, 0.00032758114074877653192074956
New York,Season peak percentage,Bin,percent,6.8,6.9, 0.00032758114074877653192074956
New York,Season peak percentage,Bin,percent,6.9,7, 0.00032758114074877653192074956
New York,Season peak percentage,Bin,percent,7,7.1, 0.00032758114074877653192074956
New York,Season peak percentage,Bin,percent,7.1,7.2, 0.00032758114074877653192074956
New York,Season peak percentage,Bin,percent,7.2,7.3, 0.00032758114074877653192074956
New York,Season peak percentage,Bin,percent,7.3,7.4, 0.00032758114074877653192074956
New York,Season peak percentage,Bin,percent,7.4,7.5, 0.00032758114074877653192074956
New York,Season peak percentage,Bin,percent,7.5,7.6, 0.00032758114074877653192074956
New York,Season peak percentage,Bin,percent,7.6,7.7, 0.00032758114074877653192074956
New York,Season peak percentage,Bin,percent,7.7,7.8, 0.00032758114074877653192074956
New York,Season peak percentage,Bin,percent,7.8,7.9, 0.00032758114074877653192074956
New York,Season peak percentage,Bin,percent,7.9,8, 0.00032758114074877653192074956
New York,Season peak percentage,Bin,percent,8,8.1, 0.00032758114074877945926661527
New York,Season peak percentage,Bin,percent,8.1,8.2, 0.00032758114074878238661248098
New York,Season peak percentage,Bin,percent,8.2,8.3, 0.00032758114074878238661248098
New York,Season peak percentage,Bin,percent,8.3,8.4, 0.00032758114074878238661248098
New York,Season peak percentage,Bin,percent,8.4,8.5, 0.00032758114074878238661248098
New York,Season peak percentage,Bin,percent,8.5,8.6, 0.00032758114074878238661248098
New York,Season peak percentage,Bin,percent,8.6,8.7, 0.00032758114074878238661248098
New York,Season peak percentage,Bin,percent,8.7,8.8, 0.00032758114074878238661248098
New York,Season peak percentage,Bin,percent,8.8,8.9, 0.00032758114074878238661248098
New York,Season peak percentage,Bin,percent,8.9,9, 0.00032758114074878238661248098
New York,Season peak percentage,Bin,percent,9,9.1, 0.00032758114074878238661248098
New York,Season peak percentage,Bin,percent,9.1,9.2, 0.00032758114074878238661248098
New York,Season peak percentage,Bin,percent,9.2,9.3, 0.00032758114074878238661248098
New York,Season peak percentage,Bin,percent,9.3,9.4, 0.00032758114074878238661248098
New York,Season peak percentage,Bin,percent,9.4,9.5, 0.00032758114074878238661248098
New York,Season peak percentage,Bin,percent,9.5,9.6, 0.00032758114074878238661248098
New York,Season peak percentage,Bin,percent,9.6,9.7, 0.00032758114074878238661248098
New York,Season peak percentage,Bin,percent,9.7,9.8, 0.00032758114074878238661248098
New York,Season peak percentage,Bin,percent,9.8,9.9, 0.00032758114074878238661248098
New York,Season peak percentage,Bin,percent,9.9,10, 0.00032758114074878238661248098
New York,Season peak percentage,Bin,percent,10,10.1, 0.00032758114074878238661248098
New York,Season peak percentage,Bin,percent,10.1,10.2, 0.00032758114074878238661248098
New York,Season peak percentage,Bin,percent,10.2,10.3, 0.00032758114074878238661248098
New York,Season peak percentage,Bin,percent,10.3,10.4, 0.00032758114074878238661248098
New York,Season peak percentage,Bin,percent,10.4,10.5, 0.00032758114074878238661248098
New York,Season peak percentage,Bin,percent,10.5,10.6, 0.00032758114074878238661248098
New York,Season peak percentage,Bin,percent,10.6,10.7, 0.00032758114074878238661248098
New York,Season peak percentage,Bin,percent,10.7,10.8, 0.00032758114074878238661248098
New York,Season peak percentage,Bin,percent,10.8,10.9, 0.00032758114074878238661248098
New York,Season peak percentage,Bin,percent,10.9,11, 0.00032758114074878238661248098
New York,Season peak percentage,Bin,percent,11,11.1, 0.00032758114074878238661248098
New York,Season peak percentage,Bin,percent,11.1,11.2, 0.00032758114074878238661248098
New York,Season peak percentage,Bin,percent,11.2,11.3, 0.00032758114074878238661248098
New York,Season peak percentage,Bin,percent,11.3,11.4, 0.00032758114074878238661248098
New York,Season peak percentage,Bin,percent,11.4,11.5, 0.00032758114074878238661248098
New York,Season peak percentage,Bin,percent,11.5,11.6, 0.00032758114074878238661248098
New York,Season peak percentage,Bin,percent,11.6,11.7, 0.00032758114074878238661248098
New York,Season peak percentage,Bin,percent,11.7,11.8, 0.00032758114074878238661248098
New York,Season peak percentage,Bin,percent,11.8,11.9, 0.00032758114074878238661248098
New York,Season peak percentage,Bin,percent,11.9,12, 0.00032758114074878238661248098
New York,Season peak percentage,Bin,percent,12,12.1, 0.00032758114074878238661248098
New York,Season peak percentage,Bin,percent,12.1,12.2, 0.00032758114074878238661248098
New York,Season peak percentage,Bin,percent,12.2,12.3, 0.00032758114074878238661248098
New York,Season peak percentage,Bin,percent,12.3,12.4, 0.00032758114074878238661248098
New York,Season peak percentage,Bin,percent,12.4,12.5, 0.00032758114074878238661248098
New York,Season peak percentage,Bin,percent,12.5,12.6, 0.00032758114074878238661248098
New York,Season peak percentage,Bin,percent,12.6,12.7, 0.00032758114074878238661248098
New York,Season peak percentage,Bin,percent,12.7,12.8, 0.00032758114074878238661248098
New York,Season peak percentage,Bin,percent,12.8,12.9, 0.00032758114074878238661248098
New York,Season peak percentage,Bin,percent,12.9,13, 0.00032758114074878238661248098
New York,Season peak percentage,Bin,percent,13,100, 0.00032758114074878238661248098
New York,1 wk ahead,Bin,percent,0,0.1, 0.00021486697874304537645047397
New York,1 wk ahead,Bin,percent,0.1,0.2, 0.00042973395748609086132116519
New York,1 wk ahead,Bin,percent,0.2,0.3, 0.00042973395748609064448073069
New York,1 wk ahead,Bin,percent,0.3,0.4, 0.00042973395748609064448073069
New York,1 wk ahead,Bin,percent,0.4,0.5, 0.00042973395748609064448073069
New York,1 wk ahead,Bin,percent,0.5,0.6, 0.00042973395748609091553127382
New York,1 wk ahead,Bin,percent,0.6,0.7, 0.00042973395748609118658181694
New York,1 wk ahead,Bin,percent,0.7,0.8, 0.00042973395748609118658181694
New York,1 wk ahead,Bin,percent,0.8,0.9, 0.00042973395748609118658181694
New York,1 wk ahead,Bin,percent,0.9,1, 0.00042973395748609118658181694
New York,1 wk ahead,Bin,percent,1,1.1, 0.00042973395748609118658181694
New York,1 wk ahead,Bin,percent,1.1,1.2, 0.00042973395748609118658181694
New York,1 wk ahead,Bin,percent,1.2,1.3, 0.00042973395748609118658181694
New York,1 wk ahead,Bin,percent,1.3,1.4, 0.00045279266632816293162294707
New York,1 wk ahead,Bin,percent,1.4,1.5, 0.00116636572898181408580731144
New York,1 wk ahead,Bin,percent,1.5,1.6, 0.00332420635485941801459675027
New York,1 wk ahead,Bin,percent,1.6,1.7, 0.00785646413845031595102330613
New York,1 wk ahead,Bin,percent,1.7,1.8, 0.01539719897815958887798970522
New York,1 wk ahead,Bin,percent,1.8,1.9, 0.02502603276359414985474671766
New York,1 wk ahead,Bin,percent,1.9,2, 0.03373413412757926554963461285
New York,1 wk ahead,Bin,percent,2,2.1, 0.03772149704111547180440666693
New York,1 wk ahead,Bin,percent,2.1,2.2, 0.03502989494612746002033532022
New York,1 wk ahead,Bin,percent,2.2,2.3, 0.02718313007496726829703703743
New York,1 wk ahead,Bin,percent,2.3,2.4, 0.01821462715972086213178648961
New York,1 wk ahead,Bin,percent,2.4,2.5, 0.01224254535134032539911430604
New York,1 wk ahead,Bin,percent,2.5,2.6, 0.01190439328461071442910590434
New York,1 wk ahead,Bin,percent,2.6,2.7, 0.01823454394181337270830489672
New York,1 wk ahead,Bin,percent,2.7,2.8, 0.03083332857779088817529178357
New York,1 wk ahead,Bin,percent,2.8,2.9, 0.04751174390349622439488896930
New York,1 wk ahead,Bin,percent,2.9,3, 0.06420081269186124484082967001
New York,1 wk ahead,Bin,percent,3,3.1, 0.07610715540096620046472963850
New York,1 wk ahead,Bin,percent,3.1,3.2, 0.07989607484036023721252206542
New York,1 wk ahead,Bin,percent,3.2,3.3, 0.07528553811119396976803130883
New York,1 wk ahead,Bin,percent,3.3,3.4, 0.06462120235927817923915483789
New York,1 wk ahead,Bin,percent,3.4,3.5, 0.05103719044388771441944641083
New York,1 wk ahead,Bin,percent,3.5,3.6, 0.03702560969016733399827856488
New York,1 wk ahead,Bin,percent,3.6,3.7, 0.02430718926799982707032121709
New York,1 wk ahead,Bin,percent,3.7,3.8, 0.01412436741997073058607625740
New York,1 wk ahead,Bin,percent,3.8,3.9, 0.00711175373350828379792609724
New York,1 wk ahead,Bin,percent,3.9,4, 0.00305165029468786952807080048
New York,1 wk ahead,Bin,percent,4,4.1, 0.00110396536553456110774096288
New York,1 wk ahead,Bin,percent,4.1,4.2, 0.00033414680205536798508064722
New York,1 wk ahead,Bin,percent,4.2,4.3, 0.00008437276696867534878446215
New York,1 wk ahead,Bin,percent,4.3,4.4, 0.00001770630925601931478880965
New York,1 wk ahead,Bin,percent,4.4,4.5, 0.00000308890082786366307676727
New York,1 wk ahead,Bin,percent,4.5,4.6, 0.00000044642180924900131677182
New York,1 wk ahead,Bin,percent,4.6,4.7, 0.00000005469188707538548697646
New York,1 wk ahead,Bin,percent,4.7,4.8, 0.00000001786683588089254085814
New York,1 wk ahead,Bin,percent,4.8,4.9, 0.00000011845879745774606132542
New York,1 wk ahead,Bin,percent,4.9,5, 0.00000092032356618520337355202
New York,1 wk ahead,Bin,percent,5,5.1, 0.00000595121658063215793106355
New York,1 wk ahead,Bin,percent,5.1,5.2, 0.00003191997258984374872918532
New York,1 wk ahead,Bin,percent,5.2,5.3, 0.00014184787696803135507300775
New York,1 wk ahead,Bin,percent,5.3,5.4, 0.00052269346526603985194497914
New York,1 wk ahead,Bin,percent,5.4,5.5, 0.00159663539973249396161647518
New York,1 wk ahead,Bin,percent,5.5,5.6, 0.00404594976515257245125445351
New York,1 wk ahead,Bin,percent,5.6,5.7, 0.00849932096509902271219694114
New York,1 wk ahead,Bin,percent,5.7,5.8, 0.01480741058800131605688310543
New York,1 wk ahead,Bin,percent,5.8,5.9, 0.02139396035029296483376270999
New York,1 wk ahead,Bin,percent,5.9,6, 0.02563309854267314599751692583
New York,1 wk ahead,Bin,percent,6,6.1, 0.02547177656238142073874541893
New York,1 wk ahead,Bin,percent,6.1,6.2, 0.02099124933694433703390558321
New York,1 wk ahead,Bin,percent,6.2,6.3, 0.01434624245812709392167150213
New York,1 wk ahead,Bin,percent,6.3,6.4, 0.00813138073628563891326326285
New York,1 wk ahead,Bin,percent,6.4,6.5, 0.00382197552882484201455803863
New York,1 wk ahead,Bin,percent,6.5,6.6, 0.00148965025348320330954299262
New York,1 wk ahead,Bin,percent,6.6,6.7, 0.00048642308551470018074952550
New York,1 wk ahead,Bin,percent,6.7,6.8, 0.00029788372229923510596874547
New York,1 wk ahead,Bin,percent,6.8,6.9, 0.00029788372229923510596874547
New York,1 wk ahead,Bin,percent,6.9,7, 0.00029788372229923510596874547
New York,1 wk ahead,Bin,percent,7,7.1, 0.00029788372229923510596874547
New York,1 wk ahead,Bin,percent,7.1,7.2, 0.00029788372229923510596874547
New York,1 wk ahead,Bin,percent,7.2,7.3, 0.00029788372229923510596874547
New York,1 wk ahead,Bin,percent,7.3,7.4, 0.00029788372229923510596874547
New York,1 wk ahead,Bin,percent,7.4,7.5, 0.00029788372229923510596874547
New York,1 wk ahead,Bin,percent,7.5,7.6, 0.00029788372229923510596874547
New York,1 wk ahead,Bin,percent,7.6,7.7, 0.00029788372229923510596874547
New York,1 wk ahead,Bin,percent,7.7,7.8, 0.00029788372229923510596874547
New York,1 wk ahead,Bin,percent,7.8,7.9, 0.00029788372229923510596874547
New York,1 wk ahead,Bin,percent,7.9,8, 0.00029788372229923510596874547
New York,1 wk ahead,Bin,percent,8,8.1, 0.00029788372229923770805395944
New York,1 wk ahead,Bin,percent,8.1,8.2, 0.00029788372229924031013917340
New York,1 wk ahead,Bin,percent,8.2,8.3, 0.00029788372229924031013917340
New York,1 wk ahead,Bin,percent,8.3,8.4, 0.00029788372229924031013917340
New York,1 wk ahead,Bin,percent,8.4,8.5, 0.00029788372229924031013917340
New York,1 wk ahead,Bin,percent,8.5,8.6, 0.00029788372229924031013917340
New York,1 wk ahead,Bin,percent,8.6,8.7, 0.00029788372229924031013917340
New York,1 wk ahead,Bin,percent,8.7,8.8, 0.00029788372229924031013917340
New York,1 wk ahead,Bin,percent,8.8,8.9, 0.00029788372229924031013917340
New York,1 wk ahead,Bin,percent,8.9,9, 0.00029788372229924031013917340
New York,1 wk ahead,Bin,percent,9,9.1, 0.00029788372229924031013917340
New York,1 wk ahead,Bin,percent,9.1,9.2, 0.00029788372229924031013917340
New York,1 wk ahead,Bin,percent,9.2,9.3, 0.00029788372229924031013917340
New York,1 wk ahead,Bin,percent,9.3,9.4, 0.00029788372229924031013917340
New York,1 wk ahead,Bin,percent,9.4,9.5, 0.00029788372229924031013917340
New York,1 wk ahead,Bin,percent,9.5,9.6, 0.00029788372229924031013917340
New York,1 wk ahead,Bin,percent,9.6,9.7, 0.00029788372229924031013917340
New York,1 wk ahead,Bin,percent,9.7,9.8, 0.00029788372229924031013917340
New York,1 wk ahead,Bin,percent,9.8,9.9, 0.00029788372229924031013917340
New York,1 wk ahead,Bin,percent,9.9,10, 0.00029788372229924031013917340
New York,1 wk ahead,Bin,percent,10,10.1, 0.00029788372229924031013917340
New York,1 wk ahead,Bin,percent,10.1,10.2, 0.00029788372229924031013917340
New York,1 wk ahead,Bin,percent,10.2,10.3, 0.00029788372229924031013917340
New York,1 wk ahead,Bin,percent,10.3,10.4, 0.00029788372229924031013917340
New York,1 wk ahead,Bin,percent,10.4,10.5, 0.00029788372229924031013917340
New York,1 wk ahead,Bin,percent,10.5,10.6, 0.00029788372229924031013917340
New York,1 wk ahead,Bin,percent,10.6,10.7, 0.00029788372229924031013917340
New York,1 wk ahead,Bin,percent,10.7,10.8, 0.00029788372229924031013917340
New York,1 wk ahead,Bin,percent,10.8,10.9, 0.00029788372229924031013917340
New York,1 wk ahead,Bin,percent,10.9,11, 0.00029788372229924031013917340
New York,1 wk ahead,Bin,percent,11,11.1, 0.00029788372229924031013917340
New York,1 wk ahead,Bin,percent,11.1,11.2, 0.00029788372229924031013917340
New York,1 wk ahead,Bin,percent,11.2,11.3, 0.00029788372229924031013917340
New York,1 wk ahead,Bin,percent,11.3,11.4, 0.00029788372229924031013917340
New York,1 wk ahead,Bin,percent,11.4,11.5, 0.00029788372229924031013917340
New York,1 wk ahead,Bin,percent,11.5,11.6, 0.00029788372229924031013917340
New York,1 wk ahead,Bin,percent,11.6,11.7, 0.00029788372229924031013917340
New York,1 wk ahead,Bin,percent,11.7,11.8, 0.00029788372229924031013917340
New York,1 wk ahead,Bin,percent,11.8,11.9, 0.00029788372229924031013917340
New York,1 wk ahead,Bin,percent,11.9,12, 0.00029788372229924031013917340
New York,1 wk ahead,Bin,percent,12,12.1, 0.00029788372229924031013917340
New York,1 wk ahead,Bin,percent,12.1,12.2, 0.00029788372229924031013917340
New York,1 wk ahead,Bin,percent,12.2,12.3, 0.00029788372229924031013917340
New York,1 wk ahead,Bin,percent,12.3,12.4, 0.00029788372229924031013917340
New York,1 wk ahead,Bin,percent,12.4,12.5, 0.00029788372229924031013917340
New York,1 wk ahead,Bin,percent,12.5,12.6, 0.00029788372229924031013917340
New York,1 wk ahead,Bin,percent,12.6,12.7, 0.00029788372229924031013917340
New York,1 wk ahead,Bin,percent,12.7,12.8, 0.00029788372229924031013917340
New York,1 wk ahead,Bin,percent,12.8,12.9, 0.00029788372229924031013917340
New York,1 wk ahead,Bin,percent,12.9,13, 0.00029788372229924031013917340
New York,1 wk ahead,Bin,percent,13,100, 0.00029788372229924031013917340
New York,2 wk ahead,Bin,percent,0,0.1, 0.00013684337671687082341361041
New York,2 wk ahead,Bin,percent,0.1,0.2, 0.00037341093197877292791247994
New York,2 wk ahead,Bin,percent,0.2,0.3, 0.00055104745697090961025627065
New York,2 wk ahead,Bin,percent,0.3,0.4, 0.00079612756694215185138130408
New York,2 wk ahead,Bin,percent,0.4,0.5, 0.00112615969054103456752080614
New York,2 wk ahead,Bin,percent,0.5,0.6, 0.00156005761149544466825922484
New York,2 wk ahead,Bin,percent,0.6,0.7, 0.00211704066571987434622337254
New York,2 wk ahead,Bin,percent,0.7,0.8, 0.00281494743226129223376275057
New York,2 wk ahead,Bin,percent,0.8,0.9, 0.00366886351678041757601311801
New York,2 wk ahead,Bin,percent,0.9,1, 0.00468934690683763151508589573
New York,2 wk ahead,Bin,percent,1,1.1, 0.00588061651205962557242834521
New York,2 wk ahead,Bin,percent,1.1,1.2, 0.00723996675532923190943268565
New York,2 wk ahead,Bin,percent,1.2,1.3, 0.00875726243537652826454120714
New York,2 wk ahead,Bin,percent,1.3,1.4, 0.01041532107603346940516431118
New York,2 wk ahead,Bin,percent,1.4,1.5, 0.01219155566147785314801144096
New York,2 wk ahead,Bin,percent,1.5,1.6, 0.01405984382843319425993033889
New York,2 wk ahead,Bin,percent,1.6,1.7, 0.01599268832245642063538682009
New York,2 wk ahead,Bin,percent,1.7,1.8, 0.01796352804125572744098349176
New York,2 wk ahead,Bin,percent,1.8,1.9, 0.01994804020814500492009280208
New York,2 wk ahead,Bin,percent,1.9,2, 0.02192460311659785027194047302
New York,2 wk ahead,Bin,percent,2,2.1, 0.02387355385902285159760438660
New York,2 wk ahead,Bin,percent,2.1,2.2, 0.02577534956409692143419754018
New York,2 wk ahead,Bin,percent,2.2,2.3, 0.02760822021833467948548346271
New York,2 wk ahead,Bin,percent,2.3,2.4, 0.02934555148132117138870533779
New York,2 wk ahead,Bin,percent,2.4,2.5, 0.03095413730979011679433909876
New York,2 wk ahead,Bin,percent,2.5,2.6, 0.03239383135275669678421195385
New York,2 wk ahead,Bin,percent,2.6,2.7, 0.03361849891544975432733366461
New York,2 wk ahead,Bin,percent,2.7,2.8, 0.03457906317368990289917718428
New York,2 wk ahead,Bin,percent,2.8,2.9, 0.03522840786010609376299740347
New York,2 wk ahead,Bin,percent,2.9,3, 0.03552587127705688491152713482
New York,2 wk ahead,Bin,percent,3,3.1, 0.03544321551149287596871317874
New York,2 wk ahead,Bin,percent,3.1,3.2, 0.03496907815150987475227850609
New York,2 wk ahead,Bin,percent,3.2,3.3, 0.03411134443320415488010155514
New York,2 wk ahead,Bin,percent,3.3,3.4, 0.03289865318033105556772000000
New York,2 wk ahead,Bin,percent,3.4,3.5, 0.03137918500733551802062137881
New York,2 wk ahead,Bin,percent,3.5,3.6, 0.02961693291379422290909850801
New York,2 wk ahead,Bin,percent,3.6,3.7, 0.02768746204167626609460306497
New York,2 wk ahead,Bin,percent,3.7,3.8, 0.02567206100302965240955721526
New York,2 wk ahead,Bin,percent,3.8,3.9, 0.02365148752397994505458633796
New York,2 wk ahead,Bin,percent,3.9,4, 0.02170028836623394061233760510
New York,2 wk ahead,Bin,percent,4,4.1, 0.01988138419370685458509306898
New York,2 wk ahead,Bin,percent,4.1,4.2, 0.01824231003267052370064860156
New York,2 wk ahead,Bin,percent,4.2,4.3, 0.01681231409346732250109646145
New York,2 wk ahead,Bin,percent,4.3,4.4, 0.01560120371214543041893385578
New York,2 wk ahead,Bin,percent,4.4,4.5, 0.01460039325797335592327375053
New York,2 wk ahead,Bin,percent,4.5,4.6, 0.01378462986838037244996524322
New York,2 wk ahead,Bin,percent,4.6,4.7, 0.01311583718522149957785849494
New York,2 wk ahead,Bin,percent,4.7,4.8, 0.01254799917769326700334175939
New York,2 wk ahead,Bin,percent,4.8,4.9, 0.01203223750208898615299268897
New York,2 wk ahead,Bin,percent,4.9,5, 0.01152225513010135711511328083
New York,2 wk ahead,Bin,percent,5,5.1, 0.01097903085614242678358376537
New York,2 wk ahead,Bin,percent,5.1,5.2, 0.01037440426460247908102552117
New York,2 wk ahead,Bin,percent,5.2,5.3, 0.00969320049256469640219791017
New York,2 wk ahead,Bin,percent,5.3,5.4, 0.00893346815814603269212401671
New York,2 wk ahead,Bin,percent,5.4,5.5, 0.00810542753768623246146685091
New York,2 wk ahead,Bin,percent,5.5,5.6, 0.00722889163520040560484414272
New York,2 wk ahead,Bin,percent,5.6,5.7, 0.00632984486935642912813770877
New York,2 wk ahead,Bin,percent,5.7,5.8, 0.00543688446341066087402760232
New York,2 wk ahead,Bin,percent,5.8,5.9, 0.00457767411576447385418431324
New York,2 wk ahead,Bin,percent,5.9,6, 0.00377621670165601648269659840
New York,2 wk ahead,Bin,percent,6,6.1, 0.00305082841341286275724242749
New York,2 wk ahead,Bin,percent,6.1,6.2, 0.00241321276785247309376591929
New York,2 wk ahead,Bin,percent,6.2,6.3, 0.00186856416712627751951225630
New York,2 wk ahead,Bin,percent,6.3,6.4, 0.00141605137687654601512388108
New York,2 wk ahead,Bin,percent,6.4,6.5, 0.00105013189548442396371863428
New York,2 wk ahead,Bin,percent,6.5,6.6, 0.00076205223980968625659138116
New York,2 wk ahead,Bin,percent,6.6,6.7, 0.00054107966943223932514139829
New York,2 wk ahead,Bin,percent,6.7,6.8, 0.00037586734464813587475867651
New York,2 wk ahead,Bin,percent,6.8,6.9, 0.00025546309485713391065897504
New York,2 wk ahead,Bin,percent,6.9,7, 0.00016986379284401892245451315
New York,2 wk ahead,Bin,percent,7,7.1, 0.00011322222936342254983634048
New York,2 wk ahead,Bin,percent,7.1,7.2, 0.00010280985837820134747022660
New York,2 wk ahead,Bin,percent,7.2,7.3, 0.00010280985837820134747022660
New York,2 wk ahead,Bin,percent,7.3,7.4, 0.00010280985837820134747022660
New York,2 wk ahead,Bin,percent,7.4,7.5, 0.00010280985837820134747022660
New York,2 wk ahead,Bin,percent,7.5,7.6, 0.00010280985837820134747022660
New York,2 wk ahead,Bin,percent,7.6,7.7, 0.00010280985837820134747022660
New York,2 wk ahead,Bin,percent,7.7,7.8, 0.00010280985837820134747022660
New York,2 wk ahead,Bin,percent,7.8,7.9, 0.00010280985837820134747022660
New York,2 wk ahead,Bin,percent,7.9,8, 0.00010280985837820134747022660
New York,2 wk ahead,Bin,percent,8,8.1, 0.00010280985837820226904207321
New York,2 wk ahead,Bin,percent,8.1,8.2, 0.00010280985837820317706139267
New York,2 wk ahead,Bin,percent,8.2,8.3, 0.00010280985837820317706139267
New York,2 wk ahead,Bin,percent,8.3,8.4, 0.00010280985837820317706139267
New York,2 wk ahead,Bin,percent,8.4,8.5, 0.00010280985837820317706139267
New York,2 wk ahead,Bin,percent,8.5,8.6, 0.00010280985837820317706139267
New York,2 wk ahead,Bin,percent,8.6,8.7, 0.00010280985837820317706139267
New York,2 wk ahead,Bin,percent,8.7,8.8, 0.00010280985837820317706139267
New York,2 wk ahead,Bin,percent,8.8,8.9, 0.00010280985837820317706139267
New York,2 wk ahead,Bin,percent,8.9,9, 0.00010280985837820317706139267
New York,2 wk ahead,Bin,percent,9,9.1, 0.00010280985837820317706139267
New York,2 wk ahead,Bin,percent,9.1,9.2, 0.00010280985837820317706139267
New York,2 wk ahead,Bin,percent,9.2,9.3, 0.00010280985837820317706139267
New York,2 wk ahead,Bin,percent,9.3,9.4, 0.00010280985837820317706139267
New York,2 wk ahead,Bin,percent,9.4,9.5, 0.00010280985837820317706139267
New York,2 wk ahead,Bin,percent,9.5,9.6, 0.00010280985837820317706139267
New York,2 wk ahead,Bin,percent,9.6,9.7, 0.00010280985837820317706139267
New York,2 wk ahead,Bin,percent,9.7,9.8, 0.00010280985837820317706139267
New York,2 wk ahead,Bin,percent,9.8,9.9, 0.00010280985837820317706139267
New York,2 wk ahead,Bin,percent,9.9,10, 0.00010280985837820317706139267
New York,2 wk ahead,Bin,percent,10,10.1, 0.00010280985837820317706139267
New York,2 wk ahead,Bin,percent,10.1,10.2, 0.00010280985837820317706139267
New York,2 wk ahead,Bin,percent,10.2,10.3, 0.00010280985837820317706139267
New York,2 wk ahead,Bin,percent,10.3,10.4, 0.00010280985837820317706139267
New York,2 wk ahead,Bin,percent,10.4,10.5, 0.00010280985837820317706139267
New York,2 wk ahead,Bin,percent,10.5,10.6, 0.00010280985837820317706139267
New York,2 wk ahead,Bin,percent,10.6,10.7, 0.00010280985837820317706139267
New York,2 wk ahead,Bin,percent,10.7,10.8, 0.00010280985837820317706139267
New York,2 wk ahead,Bin,percent,10.8,10.9, 0.00010280985837820317706139267
New York,2 wk ahead,Bin,percent,10.9,11, 0.00010280985837820317706139267
New York,2 wk ahead,Bin,percent,11,11.1, 0.00010280985837820317706139267
New York,2 wk ahead,Bin,percent,11.1,11.2, 0.00010280985837820317706139267
New York,2 wk ahead,Bin,percent,11.2,11.3, 0.00010280985837820317706139267
New York,2 wk ahead,Bin,percent,11.3,11.4, 0.00010280985837820317706139267
New York,2 wk ahead,Bin,percent,11.4,11.5, 0.00010280985837820317706139267
New York,2 wk ahead,Bin,percent,11.5,11.6, 0.00010280985837820317706139267
New York,2 wk ahead,Bin,percent,11.6,11.7, 0.00010280985837820317706139267
New York,2 wk ahead,Bin,percent,11.7,11.8, 0.00010280985837820317706139267
New York,2 wk ahead,Bin,percent,11.8,11.9, 0.00010280985837820317706139267
New York,2 wk ahead,Bin,percent,11.9,12, 0.00010280985837820317706139267
New York,2 wk ahead,Bin,percent,12,12.1, 0.00010280985837820317706139267
New York,2 wk ahead,Bin,percent,12.1,12.2, 0.00010280985837820317706139267
New York,2 wk ahead,Bin,percent,12.2,12.3, 0.00010280985837820317706139267
New York,2 wk ahead,Bin,percent,12.3,12.4, 0.00010280985837820317706139267
New York,2 wk ahead,Bin,percent,12.4,12.5, 0.00010280985837820317706139267
New York,2 wk ahead,Bin,percent,12.5,12.6, 0.00010280985837820317706139267
New York,2 wk ahead,Bin,percent,12.6,12.7, 0.00010280985837820317706139267
New York,2 wk ahead,Bin,percent,12.7,12.8, 0.00010280985837820317706139267
New York,2 wk ahead,Bin,percent,12.8,12.9, 0.00010280985837820317706139267
New York,2 wk ahead,Bin,percent,12.9,13, 0.00010280985837820317706139267
New York,2 wk ahead,Bin,percent,13,100, 0.00010280985837820317706139267
New York,3 wk ahead,Bin,percent,0,0.1, 0.00011382548255494485739056088
New York,3 wk ahead,Bin,percent,0.1,0.2, 0.00031810448221783260225672962
New York,3 wk ahead,Bin,percent,0.2,0.3, 0.00048359834939921568291651410
New York,3 wk ahead,Bin,percent,0.3,0.4, 0.00071870971608976050651329537
New York,3 wk ahead,Bin,percent,0.4,0.5, 0.00104437761925242882793396504
New York,3 wk ahead,Bin,percent,0.5,0.6, 0.00148454668657573333155619277
New York,3 wk ahead,Bin,percent,0.6,0.7, 0.00206464226688457411565402744
New York,3 wk ahead,Bin,percent,0.7,0.8, 0.00281067810147709413667871381
New York,3 wk ahead,Bin,percent,0.8,0.9, 0.00374721962225584535877143111
New York,3 wk ahead,Bin,percent,0.9,1, 0.00489483066891820053218031816
New York,3 wk ahead,Bin,percent,1,1.1, 0.00626868633732515206230528904
New York,3 wk ahead,Bin,percent,1.1,1.2, 0.00787637003034161002623658732
New York,3 wk ahead,Bin,percent,1.2,1.3, 0.00971594091889555790120258649
New York,3 wk ahead,Bin,percent,1.3,1.4, 0.01177640939906498922240540850
New York,3 wk ahead,Bin,percent,1.4,1.5, 0.01403686390923756036053227092
New York,3 wk ahead,Bin,percent,1.5,1.6, 0.01646693999563159094279285455
New York,3 wk ahead,Bin,percent,1.6,1.7, 0.01902877847857040519152782565
New York,3 wk ahead,Bin,percent,1.7,1.8, 0.02167684931918038501730272571
New York,3 wk ahead,Bin,percent,1.8,1.9, 0.02435974236967884329341238470
New York,3 wk ahead,Bin,percent,1.9,2, 0.02702057813619126308557483185
New York,3 wk ahead,Bin,percent,2,2.1, 0.02959788573096528221939571779
New York,3 wk ahead,Bin,percent,2.1,2.2, 0.03202682310821073491391430821
New York,3 wk ahead,Bin,percent,2.2,2.3, 0.03424052248760892092072083415
New York,3 wk ahead,Bin,percent,2.3,2.4, 0.03617374621422220215549714339
New York,3 wk ahead,Bin,percent,2.4,2.5, 0.03776605672165764260306275446
New York,3 wk ahead,Bin,percent,2.5,2.6, 0.03896650467473136009166623239
New York,3 wk ahead,Bin,percent,2.6,2.7, 0.03973964009191203322624019734
New York,3 wk ahead,Bin,percent,2.7,2.8, 0.04006811479880761917016229745
New York,3 wk ahead,Bin,percent,2.8,2.9, 0.03995563670026803376744695129
New York,3 wk ahead,Bin,percent,2.9,3, 0.03942853602588414912988312722
New York,3 wk ahead,Bin,percent,3,3.1, 0.03852994099487082324539954925
New York,3 wk ahead,Bin,percent,3.1,3.2, 0.03731770979649902397756733308
New York,3 wk ahead,Bin,percent,3.2,3.3, 0.03585613601460144184152056823
New York,3 wk ahead,Bin,percent,3.3,3.4, 0.03420846412779332545994748216
New York,3 wk ahead,Bin,percent,3.4,3.5, 0.03243146880483755573054693855
New York,3 wk ahead,Bin,percent,3.5,3.6, 0.03057015410875870212170646312
New York,3 wk ahead,Bin,percent,3.6,3.7, 0.02865607213081930795817164892
New York,3 wk ahead,Bin,percent,3.7,3.8, 0.02670823683959094516082721782
New York,3 wk ahead,Bin,percent,3.8,3.9, 0.02473602772429151983035744422
New York,3 wk ahead,Bin,percent,3.9,4, 0.02274365775933284358756303334
New York,3 wk ahead,Bin,percent,4,4.1, 0.02073500066410961101270871154
New York,3 wk ahead,Bin,percent,4.1,4.2, 0.01871753915451616206988560975
New York,3 wk ahead,Bin,percent,4.2,4.3, 0.01670505100249860055972028761
New York,3 wk ahead,Bin,percent,4.3,4.4, 0.01471826219496748418269493897
New York,3 wk ahead,Bin,percent,4.4,4.5, 0.01278391836019801726387346008
New York,3 wk ahead,Bin,percent,4.5,4.6, 0.01093230180831550844844368697
New York,3 wk ahead,Bin,percent,4.6,4.7, 0.00919377375800365520541745923
New York,3 wk ahead,Bin,percent,4.7,4.8, 0.00759591498667692294199937919
New York,3 wk ahead,Bin,percent,4.8,4.9, 0.00616022238281293838674246288
New York,3 wk ahead,Bin,percent,4.9,5, 0.00490011711965601930857117097
New York,3 wk ahead,Bin,percent,5,5.1, 0.00382085441687092085966126476
New York,3 wk ahead,Bin,percent,5.1,5.2, 0.00291891195371393220858724504
New York,3 wk ahead,Bin,percent,5.2,5.3, 0.00218359187523773940614590927
New York,3 wk ahead,Bin,percent,5.3,5.4, 0.00159918401837385215809306249
New York,3 wk ahead,Bin,percent,5.4,5.5, 0.00114605768860607626184744401
New York,3 wk ahead,Bin,percent,5.5,5.6, 0.00080353103941717299134317454
New York,3 wk ahead,Bin,percent,5.6,5.7, 0.00055108161347021519717997995
New York,3 wk ahead,Bin,percent,5.7,5.8, 0.00036955502613439681963355965
New York,3 wk ahead,Bin,percent,5.8,5.9, 0.00024232045987824911295951957
New York,3 wk ahead,Bin,percent,5.9,6, 0.00015533951707332848812120885
New York,3 wk ahead,Bin,percent,6,6.1, 0.00011514157723061305398787324
New York,3 wk ahead,Bin,percent,6.1,6.2, 0.00011461860909760050156094152
New York,3 wk ahead,Bin,percent,6.2,6.3, 0.00011461860909760050156094152
New York,3 wk ahead,Bin,percent,6.3,6.4, 0.00011461860909760050156094152
New York,3 wk ahead,Bin,percent,6.4,6.5, 0.00011461860909760050156094152
New York,3 wk ahead,Bin,percent,6.5,6.6, 0.00011461860909760050156094152
New York,3 wk ahead,Bin,percent,6.6,6.7, 0.00011461860909760050156094152
New York,3 wk ahead,Bin,percent,6.7,6.8, 0.00011461860909760050156094152
New York,3 wk ahead,Bin,percent,6.8,6.9, 0.00011461860909760050156094152
New York,3 wk ahead,Bin,percent,6.9,7, 0.00011461860909760050156094152
New York,3 wk ahead,Bin,percent,7,7.1, 0.00011461860909760050156094152
New York,3 wk ahead,Bin,percent,7.1,7.2, 0.00011461860909760050156094152
New York,3 wk ahead,Bin,percent,7.2,7.3, 0.00011461860909760050156094152
New York,3 wk ahead,Bin,percent,7.3,7.4, 0.00011461860909760050156094152
New York,3 wk ahead,Bin,percent,7.4,7.5, 0.00011461860909760050156094152
New York,3 wk ahead,Bin,percent,7.5,7.6, 0.00011461860909760050156094152
New York,3 wk ahead,Bin,percent,7.6,7.7, 0.00011461860909760050156094152
New York,3 wk ahead,Bin,percent,7.7,7.8, 0.00011461860909760050156094152
New York,3 wk ahead,Bin,percent,7.8,7.9, 0.00011461860909760050156094152
New York,3 wk ahead,Bin,percent,7.9,8, 0.00011461860909760050156094152
New York,3 wk ahead,Bin,percent,8,8.1, 0.00011461860909760151800047823
New York,3 wk ahead,Bin,percent,8.1,8.2, 0.00011461860909760254799254209
New York,3 wk ahead,Bin,percent,8.2,8.3, 0.00011461860909760254799254209
New York,3 wk ahead,Bin,percent,8.3,8.4, 0.00011461860909760254799254209
New York,3 wk ahead,Bin,percent,8.4,8.5, 0.00011461860909760254799254209
New York,3 wk ahead,Bin,percent,8.5,8.6, 0.00011461860909760254799254209
New York,3 wk ahead,Bin,percent,8.6,8.7, 0.00011461860909760254799254209
New York,3 wk ahead,Bin,percent,8.7,8.8, 0.00011461860909760254799254209
New York,3 wk ahead,Bin,percent,8.8,8.9, 0.00011461860909760254799254209
New York,3 wk ahead,Bin,percent,8.9,9, 0.00011461860909760254799254209
New York,3 wk ahead,Bin,percent,9,9.1, 0.00011461860909760254799254209
New York,3 wk ahead,Bin,percent,9.1,9.2, 0.00011461860909760254799254209
New York,3 wk ahead,Bin,percent,9.2,9.3, 0.00011461860909760254799254209
New York,3 wk ahead,Bin,percent,9.3,9.4, 0.00011461860909760254799254209
New York,3 wk ahead,Bin,percent,9.4,9.5, 0.00011461860909760254799254209
New York,3 wk ahead,Bin,percent,9.5,9.6, 0.00011461860909760254799254209
New York,3 wk ahead,Bin,percent,9.6,9.7, 0.00011461860909760254799254209
New York,3 wk ahead,Bin,percent,9.7,9.8, 0.00011461860909760254799254209
New York,3 wk ahead,Bin,percent,9.8,9.9, 0.00011461860909760254799254209
New York,3 wk ahead,Bin,percent,9.9,10, 0.00011461860909760254799254209
New York,3 wk ahead,Bin,percent,10,10.1, 0.00011461860909760254799254209
New York,3 wk ahead,Bin,percent,10.1,10.2, 0.00011461860909760254799254209
New York,3 wk ahead,Bin,percent,10.2,10.3, 0.00011461860909760254799254209
New York,3 wk ahead,Bin,percent,10.3,10.4, 0.00011461860909760254799254209
New York,3 wk ahead,Bin,percent,10.4,10.5, 0.00011461860909760254799254209
New York,3 wk ahead,Bin,percent,10.5,10.6, 0.00011461860909760254799254209
New York,3 wk ahead,Bin,percent,10.6,10.7, 0.00011461860909760254799254209
New York,3 wk ahead,Bin,percent,10.7,10.8, 0.00011461860909760254799254209
New York,3 wk ahead,Bin,percent,10.8,10.9, 0.00011461860909760254799254209
New York,3 wk ahead,Bin,percent,10.9,11, 0.00011461860909760254799254209
New York,3 wk ahead,Bin,percent,11,11.1, 0.00011461860909760254799254209
New York,3 wk ahead,Bin,percent,11.1,11.2, 0.00011461860909760254799254209
New York,3 wk ahead,Bin,percent,11.2,11.3, 0.00011461860909760254799254209
New York,3 wk ahead,Bin,percent,11.3,11.4, 0.00011461860909760254799254209
New York,3 wk ahead,Bin,percent,11.4,11.5, 0.00011461860909760254799254209
New York,3 wk ahead,Bin,percent,11.5,11.6, 0.00011461860909760254799254209
New York,3 wk ahead,Bin,percent,11.6,11.7, 0.00011461860909760254799254209
New York,3 wk ahead,Bin,percent,11.7,11.8, 0.00011461860909760254799254209
New York,3 wk ahead,Bin,percent,11.8,11.9, 0.00011461860909760254799254209
New York,3 wk ahead,Bin,percent,11.9,12, 0.00011461860909760254799254209
New York,3 wk ahead,Bin,percent,12,12.1, 0.00011461860909760254799254209
New York,3 wk ahead,Bin,percent,12.1,12.2, 0.00011461860909760254799254209
New York,3 wk ahead,Bin,percent,12.2,12.3, 0.00011461860909760254799254209
New York,3 wk ahead,Bin,percent,12.3,12.4, 0.00011461860909760254799254209
New York,3 wk ahead,Bin,percent,12.4,12.5, 0.00011461860909760254799254209
New York,3 wk ahead,Bin,percent,12.5,12.6, 0.00011461860909760254799254209
New York,3 wk ahead,Bin,percent,12.6,12.7, 0.00011461860909760254799254209
New York,3 wk ahead,Bin,percent,12.7,12.8, 0.00011461860909760254799254209
New York,3 wk ahead,Bin,percent,12.8,12.9, 0.00011461860909760254799254209
New York,3 wk ahead,Bin,percent,12.9,13, 0.00011461860909760254799254209
New York,3 wk ahead,Bin,percent,13,100, 0.00011461860909760254799254209
New York,4 wk ahead,Bin,percent,0,0.1, 0.00029781440579810711764829900
New York,4 wk ahead,Bin,percent,0.1,0.2, 0.00059562881159621434371681525
New York,4 wk ahead,Bin,percent,0.2,0.3, 0.00059562881159621423529659801
New York,4 wk ahead,Bin,percent,0.3,0.4, 0.00059562881159621423529659801
New York,4 wk ahead,Bin,percent,0.4,0.5, 0.00059562881159621423529659801
New York,4 wk ahead,Bin,percent,0.5,0.6, 0.00059562881159621445213703250
New York,4 wk ahead,Bin,percent,0.6,0.7, 0.00059562881159621488581790150
New York,4 wk ahead,Bin,percent,0.7,0.8, 0.00059562881159621488581790150
New York,4 wk ahead,Bin,percent,0.8,0.9, 0.00059562881159621488581790150
New York,4 wk ahead,Bin,percent,0.9,1, 0.00059562881159621488581790150
New York,4 wk ahead,Bin,percent,1,1.1, 0.00059562881159621488581790150
New York,4 wk ahead,Bin,percent,1.1,1.2, 0.00059562881159621488581790150
New York,4 wk ahead,Bin,percent,1.2,1.3, 0.00059562881159621488581790150
New York,4 wk ahead,Bin,percent,1.3,1.4, 0.00059562881159621488581790150
New York,4 wk ahead,Bin,percent,1.4,1.5, 0.00124776482705581592477783737
New York,4 wk ahead,Bin,percent,1.5,1.6, 0.00546198279818200464058586263
New York,4 wk ahead,Bin,percent,1.6,1.7, 0.01660140436285330658994219277
New York,4 wk ahead,Bin,percent,1.7,1.8, 0.03472682094060242086186462984
New York,4 wk ahead,Bin,percent,1.8,1.9, 0.05000965590676052785479299700
New York,4 wk ahead,Bin,percent,1.9,2, 0.04959012158405858017307110686
New York,4 wk ahead,Bin,percent,2,2.1, 0.03386603159690886738486526042
New York,4 wk ahead,Bin,percent,2.1,2.2, 0.01599946622730395034972517010
New York,4 wk ahead,Bin,percent,2.2,2.3, 0.00583726108889929488215964071
New York,4 wk ahead,Bin,percent,2.3,2.4, 0.00506321208462531899968661619
New York,4 wk ahead,Bin,percent,2.4,2.5, 0.01564014819782118953517269233
New York,4 wk ahead,Bin,percent,2.5,2.6, 0.04240940741708411343413587247
New York,4 wk ahead,Bin,percent,2.6,2.7, 0.08070635062977540852280355921
New York,4 wk ahead,Bin,percent,2.7,2.8, 0.10673697917378364985463434778
New York,4 wk ahead,Bin,percent,2.8,2.9, 0.09812285781521018490636265597
New York,4 wk ahead,Bin,percent,2.9,3, 0.06318419660992953545974870622
New York,4 wk ahead,Bin,percent,3,3.1, 0.03085297739800747784943979468
New York,4 wk ahead,Bin,percent,3.1,3.2, 0.01880095064712117292060611362
New York,4 wk ahead,Bin,percent,3.2,3.3, 0.02514344372570331137550780909
New York,4 wk ahead,Bin,percent,3.3,3.4, 0.03862550548025024677034622300
New York,4 wk ahead,Bin,percent,3.4,3.5, 0.04881002656051269122938762735
New York,4 wk ahead,Bin,percent,3.5,3.6, 0.05193919497415849795274311873
New York,4 wk ahead,Bin,percent,3.6,3.7, 0.04775930248835521391148617454
New York,4 wk ahead,Bin,percent,3.7,3.8, 0.03600346811850672207322432428
New York,4 wk ahead,Bin,percent,3.8,3.9, 0.02057075244294033836145452199
New York,4 wk ahead,Bin,percent,3.9,4, 0.00844650703402514968498593362
New York,4 wk ahead,Bin,percent,4,4.1, 0.00242846505457003456612818937
New York,4 wk ahead,Bin,percent,4.1,4.2, 0.00055275121892390307459796972
New York,4 wk ahead,Bin,percent,4.2,4.3, 0.00041373038920811111823078177
New York,4 wk ahead,Bin,percent,4.3,4.4, 0.00041373038920811111823078177
New York,4 wk ahead,Bin,percent,4.4,4.5, 0.00041373038920811111823078177
New York,4 wk ahead,Bin,percent,4.5,4.6, 0.00041373038920811111823078177
New York,4 wk ahead,Bin,percent,4.6,4.7, 0.00041373038920811111823078177
New York,4 wk ahead,Bin,percent,4.7,4.8, 0.00041373038920811111823078177
New York,4 wk ahead,Bin,percent,4.8,4.9, 0.00041373038920811111823078177
New York,4 wk ahead,Bin,percent,4.9,5, 0.00041373038920811111823078177
New York,4 wk ahead,Bin,percent,5,5.1, 0.00041373038920811111823078177
New York,4 wk ahead,Bin,percent,5.1,5.2, 0.00041373038920811111823078177
New York,4 wk ahead,Bin,percent,5.2,5.3, 0.00041373038920811111823078177
New York,4 wk ahead,Bin,percent,5.3,5.4, 0.00041373038920811111823078177
New York,4 wk ahead,Bin,percent,5.4,5.5, 0.00041373038920811111823078177
New York,4 wk ahead,Bin,percent,5.5,5.6, 0.00041373038920811111823078177
New York,4 wk ahead,Bin,percent,5.6,5.7, 0.00041373038920811111823078177
New York,4 wk ahead,Bin,percent,5.7,5.8, 0.00041373038920811111823078177
New York,4 wk ahead,Bin,percent,5.8,5.9, 0.00041373038920811111823078177
New York,4 wk ahead,Bin,percent,5.9,6, 0.00041373038920811111823078177
New York,4 wk ahead,Bin,percent,6,6.1, 0.00041373038920811111823078177
New York,4 wk ahead,Bin,percent,6.1,6.2, 0.00041373038920811111823078177
New York,4 wk ahead,Bin,percent,6.2,6.3, 0.00041373038920811111823078177
New York,4 wk ahead,Bin,percent,6.3,6.4, 0.00041373038920811111823078177
New York,4 wk ahead,Bin,percent,6.4,6.5, 0.00041373038920811111823078177
New York,4 wk ahead,Bin,percent,6.5,6.6, 0.00041373038920811111823078177
New York,4 wk ahead,Bin,percent,6.6,6.7, 0.00041373038920811111823078177
New York,4 wk ahead,Bin,percent,6.7,6.8, 0.00041373038920811111823078177
New York,4 wk ahead,Bin,percent,6.8,6.9, 0.00041373038920811111823078177
New York,4 wk ahead,Bin,percent,6.9,7, 0.00041373038920811111823078177
New York,4 wk ahead,Bin,percent,7,7.1, 0.00041373038920811111823078177
New York,4 wk ahead,Bin,percent,7.1,7.2, 0.00041373038920811111823078177
New York,4 wk ahead,Bin,percent,7.2,7.3, 0.00041373038920811111823078177
New York,4 wk ahead,Bin,percent,7.3,7.4, 0.00041373038920811111823078177
New York,4 wk ahead,Bin,percent,7.4,7.5, 0.00041373038920811111823078177
New York,4 wk ahead,Bin,percent,7.5,7.6, 0.00041373038920811111823078177
New York,4 wk ahead,Bin,percent,7.6,7.7, 0.00041373038920811111823078177
New York,4 wk ahead,Bin,percent,7.7,7.8, 0.00041373038920811111823078177
New York,4 wk ahead,Bin,percent,7.8,7.9, 0.00041373038920811111823078177
New York,4 wk ahead,Bin,percent,7.9,8, 0.00041373038920811111823078177
New York,4 wk ahead,Bin,percent,8,8.1, 0.00041373038920811480451816822
New York,4 wk ahead,Bin,percent,8.1,8.2, 0.00041373038920811849080555467
New York,4 wk ahead,Bin,percent,8.2,8.3, 0.00041373038920811849080555467
New York,4 wk ahead,Bin,percent,8.3,8.4, 0.00041373038920811849080555467
New York,4 wk ahead,Bin,percent,8.4,8.5, 0.00041373038920811849080555467
New York,4 wk ahead,Bin,percent,8.5,8.6, 0.00041373038920811849080555467
New York,4 wk ahead,Bin,percent,8.6,8.7, 0.00041373038920811849080555467
New York,4 wk ahead,Bin,percent,8.7,8.8, 0.00041373038920811849080555467
New York,4 wk ahead,Bin,percent,8.8,8.9, 0.00041373038920811849080555467
New York,4 wk ahead,Bin,percent,8.9,9, 0.00041373038920811849080555467
New York,4 wk ahead,Bin,percent,9,9.1, 0.00041373038920811849080555467
New York,4 wk ahead,Bin,percent,9.1,9.2, 0.00041373038920811849080555467
New York,4 wk ahead,Bin,percent,9.2,9.3, 0.00041373038920811849080555467
New York,4 wk ahead,Bin,percent,9.3,9.4, 0.00041373038920811849080555467
New York,4 wk ahead,Bin,percent,9.4,9.5, 0.00041373038920811849080555467
New York,4 wk ahead,Bin,percent,9.5,9.6, 0.00041373038920811849080555467
New York,4 wk ahead,Bin,percent,9.6,9.7, 0.00041373038920811849080555467
New York,4 wk ahead,Bin,percent,9.7,9.8, 0.00041373038920811849080555467
New York,4 wk ahead,Bin,percent,9.8,9.9, 0.00041373038920811849080555467
New York,4 wk ahead,Bin,percent,9.9,10, 0.00041373038920811849080555467
New York,4 wk ahead,Bin,percent,10,10.1, 0.00041373038920811849080555467
New York,4 wk ahead,Bin,percent,10.1,10.2, 0.00041373038920811849080555467
New York,4 wk ahead,Bin,percent,10.2,10.3, 0.00041373038920811849080555467
New York,4 wk ahead,Bin,percent,10.3,10.4, 0.00041373038920811849080555467
New York,4 wk ahead,Bin,percent,10.4,10.5, 0.00041373038920811849080555467
New York,4 wk ahead,Bin,percent,10.5,10.6, 0.00041373038920811849080555467
New York,4 wk ahead,Bin,percent,10.6,10.7, 0.00041373038920811849080555467
New York,4 wk ahead,Bin,percent,10.7,10.8, 0.00041373038920811849080555467
New York,4 wk ahead,Bin,percent,10.8,10.9, 0.00041373038920811849080555467
New York,4 wk ahead,Bin,percent,10.9,11, 0.00041373038920811849080555467
New York,4 wk ahead,Bin,percent,11,11.1, 0.00041373038920811849080555467
New York,4 wk ahead,Bin,percent,11.1,11.2, 0.00041373038920811849080555467
New York,4 wk ahead,Bin,percent,11.2,11.3, 0.00041373038920811849080555467
New York,4 wk ahead,Bin,percent,11.3,11.4, 0.00041373038920811849080555467
New York,4 wk ahead,Bin,percent,11.4,11.5, 0.00041373038920811849080555467
New York,4 wk ahead,Bin,percent,11.5,11.6, 0.00041373038920811849080555467
New York,4 wk ahead,Bin,percent,11.6,11.7, 0.00041373038920811849080555467
New York,4 wk ahead,Bin,percent,11.7,11.8, 0.00041373038920811849080555467
New York,4 wk ahead,Bin,percent,11.8,11.9, 0.00041373038920811849080555467
New York,4 wk ahead,Bin,percent,11.9,12, 0.00041373038920811849080555467
New York,4 wk ahead,Bin,percent,12,12.1, 0.00041373038920811849080555467
New York,4 wk ahead,Bin,percent,12.1,12.2, 0.00041373038920811849080555467
New York,4 wk ahead,Bin,percent,12.2,12.3, 0.00041373038920811849080555467
New York,4 wk ahead,Bin,percent,12.3,12.4, 0.00041373038920811849080555467
New York,4 wk ahead,Bin,percent,12.4,12.5, 0.00041373038920811849080555467
New York,4 wk ahead,Bin,percent,12.5,12.6, 0.00041373038920811849080555467
New York,4 wk ahead,Bin,percent,12.6,12.7, 0.00041373038920811849080555467
New York,4 wk ahead,Bin,percent,12.7,12.8, 0.00041373038920811849080555467
New York,4 wk ahead,Bin,percent,12.8,12.9, 0.00041373038920811849080555467
New York,4 wk ahead,Bin,percent,12.9,13, 0.00041373038920811849080555467
New York,4 wk ahead,Bin,percent,13,100, 0.00041373038920811849080555467
Wyoming,Season peak week,Bin,week,40,41, 0.00026565338474622557374260623
Wyoming,Season peak week,Bin,week,41,42, 0.00026565338474622557374260623
Wyoming,Season peak week,Bin,week,42,43, 0.00026565338474622557374260623
Wyoming,Season peak week,Bin,week,43,44, 0.00026565338474622557374260623
Wyoming,Season peak week,Bin,week,44,45, 0.00026565338474622557374260623
Wyoming,Season peak week,Bin,week,45,46, 0.00026565338474622557374260623
Wyoming,Season peak week,Bin,week,46,47, 0.00026565338474622557374260623
Wyoming,Season peak week,Bin,week,47,48, 0.00040450511586627224203463471
Wyoming,Season peak week,Bin,week,48,49, 0.00172315932604904945360524415
Wyoming,Season peak week,Bin,week,49,50, 0.00578825075086824777925720298
Wyoming,Season peak week,Bin,week,50,51, 0.01488286254191785451528318163
Wyoming,Season peak week,Bin,week,51,52, 0.03093967434226454343848544681
Wyoming,Season peak week,Bin,week,52,53, 0.05538350030966456699621502935
Wyoming,Season peak week,Bin,week,1,2, 0.08796051698905833771124918030
Wyoming,Season peak week,Bin,week,2,3, 0.12117555829377382736744550584
Wyoming,Season peak week,Bin,week,3,4, 0.13976148754998782286484981796
Wyoming,Season peak week,Bin,week,4,5, 0.13419302841053720731778753361
Wyoming,Season peak week,Bin,week,5,6, 0.11016621078026102298341726282
Wyoming,Season peak week,Bin,week,6,7, 0.07951659040217376461789910991
Wyoming,Season peak week,Bin,week,7,8, 0.05096545649931420729483733112
Wyoming,Season peak week,Bin,week,8,9, 0.03140170618220067266790351823
Wyoming,Season peak week,Bin,week,9,10, 0.02496251661061792831430850015
Wyoming,Season peak week,Bin,week,10,11, 0.02785587684887345580331263761
Wyoming,Season peak week,Bin,week,11,12, 0.03008325279579595820655946170
Wyoming,Season peak week,Bin,week,12,13, 0.02508232208425572110077617083
Wyoming,Season peak week,Bin,week,13,14, 0.01525026743031868484146151843
Wyoming,Season peak week,Bin,week,14,15, 0.00668534823842774437313574154
Wyoming,Season peak week,Bin,week,15,16, 0.00210782509430038197603685113
Wyoming,Season peak week,Bin,week,16,17, 0.00050832969200856814237510228
Wyoming,Season peak week,Bin,week,17,18, 0.00033554500456012742231823309
Wyoming,Season peak week,Bin,week,18,19, 0.00033554500456012742231823309
Wyoming,Season peak week,Bin,week,19,20, 0.00033554500456012742231823309
Wyoming,Season peak week,Bin,week,20,21, 0.00033554500456012742231823309
Wyoming,Season peak percentage,Bin,percent,0,0.1, 0.00011005451906740357519067647
Wyoming,Season peak percentage,Bin,percent,0.1,0.2, 0.00022010903813480717748640725
Wyoming,Season peak percentage,Bin,percent,0.2,0.3, 0.00022010903813480709617124431
Wyoming,Season peak percentage,Bin,percent,0.3,0.4, 0.00022010903813480709617124431
Wyoming,Season peak percentage,Bin,percent,0.4,0.5, 0.00022010903813480709617124431
Wyoming,Season peak percentage,Bin,percent,0.5,0.6, 0.00022010903813480720459146156
Wyoming,Season peak percentage,Bin,percent,0.6,0.7, 0.00022010903813480731301167881
Wyoming,Season peak percentage,Bin,percent,0.7,0.8, 0.00022010903813480731301167881
Wyoming,Season peak percentage,Bin,percent,0.8,0.9, 0.00022010903813480731301167881
Wyoming,Season peak percentage,Bin,percent,0.9,1, 0.00022010903813480731301167881
Wyoming,Season peak percentage,Bin,percent,1,1.1, 0.00026666316752247786869139956
Wyoming,Season peak percentage,Bin,percent,1.1,1.2, 0.00062582491416838343864514904
Wyoming,Season peak percentage,Bin,percent,1.2,1.3, 0.00140107612023975956934418452
Wyoming,Season peak percentage,Bin,percent,1.3,1.4, 0.00281902121267356984071761339
Wyoming,Season peak percentage,Bin,percent,1.4,1.5, 0.00509992197749925112865154730
Wyoming,Season peak percentage,Bin,percent,1.5,1.6, 0.00830828113508946981824454525
Wyoming,Season peak percentage,Bin,percent,1.6,1.7, 0.01222100820307131172071102299
Wyoming,Season peak percentage,Bin,percent,1.7,1.8, 0.01632213546822561950344621096
Wyoming,Season peak percentage,Bin,percent,1.8,1.9, 0.02001622222691317593001869568
Wyoming,Season peak percentage,Bin,percent,1.9,2, 0.02300372054355278791937244875
Wyoming,Season peak percentage,Bin,percent,2,2.1, 0.02558760239677411105208015840
Wyoming,Season peak percentage,Bin,percent,2.1,2.2, 0.02861974501558517749999488444
Wyoming,Season peak percentage,Bin,percent,2.2,2.3, 0.03297793285324846640493845484
Wyoming,Season peak percentage,Bin,percent,2.3,2.4, 0.03882811072047626793635188847
Wyoming,Season peak percentage,Bin,percent,2.4,2.5, 0.04518161980824738493955905483
Wyoming,Season peak percentage,Bin,percent,2.5,2.6, 0.05016141896349529671894629246
Wyoming,Season peak percentage,Bin,percent,2.6,2.7, 0.05194828604879513089809250914
Wyoming,Season peak percentage,Bin,percent,2.7,2.8, 0.04987412471713359440883550633
Wyoming,Season peak percentage,Bin,percent,2.8,2.9, 0.04494290229144342480038787357
Wyoming,Season peak percentage,Bin,percent,2.9,3, 0.03940217131979489861848264809
Wyoming,Season peak percentage,Bin,percent,3,3.1, 0.03561577523895542024545690651
Wyoming,Season peak percentage,Bin,percent,3.1,3.2, 0.03487619029330081554807208022
Wyoming,Season peak percentage,Bin,percent,3.2,3.3, 0.03680924693686589421748323048
Wyoming,Season peak percentage,Bin,percent,3.3,3.4, 0.03963499036624767296599358701
Wyoming,Season peak percentage,Bin,percent,3.4,3.5, 0.04111372497326690189645148621
Wyoming,Season peak percentage,Bin,percent,3.5,3.6, 0.03963423449218836380758546056
Wyoming,Season peak percentage,Bin,percent,3.6,3.7, 0.03488166919449911529405028432
Wyoming,Season peak percentage,Bin,percent,3.7,3.8, 0.02780687297612969427484941320
Wyoming,Season peak percentage,Bin,percent,3.8,3.9, 0.02001210739483249428927180702
Wyoming,Season peak percentage,Bin,percent,3.9,4, 0.01298521355146959634085934709
Wyoming,Season peak percentage,Bin,percent,4,4.1, 0.00759214377483559844234095593
Wyoming,Season peak percentage,Bin,percent,4.1,4.2, 0.00399871643199393653200779397
Wyoming,Season peak percentage,Bin,percent,4.2,4.3, 0.00189694786263596760524097196
Wyoming,Season peak percentage,Bin,percent,4.3,4.4, 0.00081059785082377854188717681
Wyoming,Season peak percentage,Bin,percent,4.4,4.5, 0.00031210622886371295735957743
Wyoming,Season peak percentage,Bin,percent,4.5,4.6, 0.00010817994687837888202665976
Wyoming,Season peak percentage,Bin,percent,4.6,4.7, 0.00003375917571304770209124693
Wyoming,Season peak percentage,Bin,percent,4.7,4.8, 0.00000948647745356688525803206
Wyoming,Season peak percentage,Bin,percent,4.8,4.9, 0.00000239840405576434916607039
Wyoming,Season peak percentage,Bin,percent,4.9,5, 0.00000054649691141965431574149
Wyoming,Season peak percentage,Bin,percent,5,5.1, 0.00000011210749425624417351195
Wyoming,Season peak percentage,Bin,percent,5.1,5.2, 0.00000002067866305259115190918
Wyoming,Season peak percentage,Bin,percent,5.2,5.3, 0.00000000344084169396272304227
Wyoming,Season peak percentage,Bin,percent,5.3,5.4, 0.00000000058750833092511608393
Wyoming,Season peak percentage,Bin,percent,5.4,5.5, 0.00000000061633476390374447178
Wyoming,Season peak percentage,Bin,percent,5.5,5.6, 0.00000000359728052285434102475
Wyoming,Season peak percentage,Bin,percent,5.6,5.7, 0.00000002113070869077453457583
Wyoming,Season peak percentage,Bin,percent,5.7,5.8, 0.00000011176873734562679003161
Wyoming,Season peak percentage,Bin,percent,5.8,5.9, 0.00000053079486646535987439782
Wyoming,Season peak percentage,Bin,percent,5.9,6, 0.00000226202161537043954669425
Wyoming,Season peak percentage,Bin,percent,6,6.1, 0.00000866145756218844789086232
Wyoming,Season peak percentage,Bin,percent,6.1,6.2, 0.00002980522340052387957097871
Wyoming,Season peak percentage,Bin,percent,6.2,6.3, 0.00009206694825841130961751463
Wyoming,Season peak percentage,Bin,percent,6.3,6.4, 0.00025545855971318152987173389
Wyoming,Season peak percentage,Bin,percent,6.4,6.5, 0.00063647788164365021439800030
Wyoming,Season peak percentage,Bin,percent,6.5,6.6, 0.00142402653164137925172194610
Wyoming,Season peak percentage,Bin,percent,6.6,6.7, 0.00286225441193303136236392170
Wyoming,Season peak percentage,Bin,percent,6.7,6.8, 0.00516736227276055285623224123
Wyoming,Season peak percentage,Bin,percent,6.8,6.9, 0.00837828329050459806592865419
Wyoming,Season peak percentage,Bin,percent,6.9,7, 0.01220093958209065958253614070
Wyoming,Season peak percentage,Bin,percent,7,7.1, 0.01595848810842813783605897981
Wyoming,Season peak percentage,Bin,percent,7.1,7.2, 0.01874809463419416927232319381
Wyoming,Season peak percentage,Bin,percent,7.2,7.3, 0.01978189443645603576293900971
Wyoming,Season peak percentage,Bin,percent,7.3,7.4, 0.01874768605707645419133910991
Wyoming,Season peak percentage,Bin,percent,7.4,7.5, 0.01595850042264506524203326876
Wyoming,Season peak percentage,Bin,percent,7.5,7.6, 0.01220104682286749474273701566
Wyoming,Season peak percentage,Bin,percent,7.6,7.7, 0.00837808034100463033810868296
Wyoming,Season peak percentage,Bin,percent,7.7,7.8, 0.00516721465762580260683289879
Wyoming,Season peak percentage,Bin,percent,7.8,7.9, 0.00286262995319272375155383870
Wyoming,Season peak percentage,Bin,percent,7.9,8, 0.00142425820660699049141628691
Wyoming,Season peak percentage,Bin,percent,8,8.1, 0.00063649755487202341105307246
Wyoming,Season peak percentage,Bin,percent,8.1,8.2, 0.00027127345289921790108186861
Wyoming,Season peak percentage,Bin,percent,8.2,8.3, 0.00022392243702900525804608267
Wyoming,Season peak percentage,Bin,percent,8.3,8.4, 0.00022392243702900525804608267
Wyoming,Season peak percentage,Bin,percent,8.4,8.5, 0.00022392243702900525804608267
Wyoming,Season peak percentage,Bin,percent,8.5,8.6, 0.00022392243702900525804608267
Wyoming,Season peak percentage,Bin,percent,8.6,8.7, 0.00022392243702900525804608267
Wyoming,Season peak percentage,Bin,percent,8.7,8.8, 0.00022392243702900525804608267
Wyoming,Season peak percentage,Bin,percent,8.8,8.9, 0.00022392243702900525804608267
Wyoming,Season peak percentage,Bin,percent,8.9,9, 0.00022392243702900525804608267
Wyoming,Season peak percentage,Bin,percent,9,9.1, 0.00022392243702900525804608267
Wyoming,Season peak percentage,Bin,percent,9.1,9.2, 0.00022392243702900525804608267
Wyoming,Season peak percentage,Bin,percent,9.2,9.3, 0.00022392243702900525804608267
Wyoming,Season peak percentage,Bin,percent,9.3,9.4, 0.00022392243702900525804608267
Wyoming,Season peak percentage,Bin,percent,9.4,9.5, 0.00022392243702900525804608267
Wyoming,Season peak percentage,Bin,percent,9.5,9.6, 0.00022392243702900525804608267
Wyoming,Season peak percentage,Bin,percent,9.6,9.7, 0.00022392243702900525804608267
Wyoming,Season peak percentage,Bin,percent,9.7,9.8, 0.00022392243702900525804608267
Wyoming,Season peak percentage,Bin,percent,9.8,9.9, 0.00022392243702900525804608267
Wyoming,Season peak percentage,Bin,percent,9.9,10, 0.00022392243702900525804608267
Wyoming,Season peak percentage,Bin,percent,10,10.1, 0.00022392243702900525804608267
Wyoming,Season peak percentage,Bin,percent,10.1,10.2, 0.00022392243702900525804608267
Wyoming,Season peak percentage,Bin,percent,10.2,10.3, 0.00022392243702900525804608267
Wyoming,Season peak percentage,Bin,percent,10.3,10.4, 0.00022392243702900525804608267
Wyoming,Season peak percentage,Bin,percent,10.4,10.5, 0.00022392243702900525804608267
Wyoming,Season peak percentage,Bin,percent,10.5,10.6, 0.00022392243702900525804608267
Wyoming,Season peak percentage,Bin,percent,10.6,10.7, 0.00022392243702900525804608267
Wyoming,Season peak percentage,Bin,percent,10.7,10.8, 0.00022392243702900525804608267
Wyoming,Season peak percentage,Bin,percent,10.8,10.9, 0.00022392243702900525804608267
Wyoming,Season peak percentage,Bin,percent,10.9,11, 0.00022392243702900525804608267
Wyoming,Season peak percentage,Bin,percent,11,11.1, 0.00022392243702900525804608267
Wyoming,Season peak percentage,Bin,percent,11.1,11.2, 0.00022392243702900525804608267
Wyoming,Season peak percentage,Bin,percent,11.2,11.3, 0.00022392243702900525804608267
Wyoming,Season peak percentage,Bin,percent,11.3,11.4, 0.00022392243702900525804608267
Wyoming,Season peak percentage,Bin,percent,11.4,11.5, 0.00022392243702900525804608267
Wyoming,Season peak percentage,Bin,percent,11.5,11.6, 0.00022392243702900525804608267
Wyoming,Season peak percentage,Bin,percent,11.6,11.7, 0.00022392243702900525804608267
Wyoming,Season peak percentage,Bin,percent,11.7,11.8, 0.00022392243702900525804608267
Wyoming,Season peak percentage,Bin,percent,11.8,11.9, 0.00022392243702900525804608267
Wyoming,Season peak percentage,Bin,percent,11.9,12, 0.00022392243702900525804608267
Wyoming,Season peak percentage,Bin,percent,12,12.1, 0.00022392243702900525804608267
Wyoming,Season peak percentage,Bin,percent,12.1,12.2, 0.00022392243702900525804608267
Wyoming,Season peak percentage,Bin,percent,12.2,12.3, 0.00022392243702900525804608267
Wyoming,Season peak percentage,Bin,percent,12.3,12.4, 0.00022392243702900525804608267
Wyoming,Season peak percentage,Bin,percent,12.4,12.5, 0.00022392243702900525804608267
Wyoming,Season peak percentage,Bin,percent,12.5,12.6, 0.00022392243702900525804608267
Wyoming,Season peak percentage,Bin,percent,12.6,12.7, 0.00022392243702900525804608267
Wyoming,Season peak percentage,Bin,percent,12.7,12.8, 0.00022392243702900525804608267
Wyoming,Season peak percentage,Bin,percent,12.8,12.9, 0.00022392243702900525804608267
Wyoming,Season peak percentage,Bin,percent,12.9,13, 0.00022392243702900525804608267
Wyoming,Season peak percentage,Bin,percent,13,100, 0.00022392243702900525804608267
Wyoming,1 wk ahead,Bin,percent,0,0.1, 0.00064843347106238074292056117
Wyoming,1 wk ahead,Bin,percent,0.1,0.2, 0.00218598561227585945140883261
Wyoming,1 wk ahead,Bin,percent,0.2,0.3, 0.00396032585333040872133114618
Wyoming,1 wk ahead,Bin,percent,0.3,0.4, 0.00651184879135503769109760697
Wyoming,1 wk ahead,Bin,percent,0.4,0.5, 0.00972016570401726398564790088
Wyoming,1 wk ahead,Bin,percent,0.5,0.6, 0.01317004288397774329488765233
Wyoming,1 wk ahead,Bin,percent,0.6,0.7, 0.01619790376754676186621395573
Wyoming,1 wk ahead,Bin,percent,0.7,0.8, 0.01808389347063299804063696286
Wyoming,1 wk ahead,Bin,percent,0.8,0.9, 0.01832682456240105478562085750
Wyoming,1 wk ahead,Bin,percent,0.9,1, 0.01685991312666326735758559607
Wyoming,1 wk ahead,Bin,percent,1,1.1, 0.01408128244739486820136242784
Wyoming,1 wk ahead,Bin,percent,1.1,1.2, 0.01068238517654256092281883639
Wyoming,1 wk ahead,Bin,percent,1.2,1.3, 0.00737909599931189496418992846
Wyoming,1 wk ahead,Bin,percent,1.3,1.4, 0.00469623773358638241931517499
Wyoming,1 wk ahead,Bin,percent,1.4,1.5, 0.00290161724754923544891682674
Wyoming,1 wk ahead,Bin,percent,1.5,1.6, 0.00209236427726389737427603599
Wyoming,1 wk ahead,Bin,percent,1.6,1.7, 0.00234968948275339527612115553
Wyoming,1 wk ahead,Bin,percent,1.7,1.8, 0.00387735776968546651602420816
Wyoming,1 wk ahead,Bin,percent,1.8,1.9, 0.00704381282330237765143543527
Wyoming,1 wk ahead,Bin,percent,1.9,2, 0.01229664079851118183017710805
Wyoming,1 wk ahead,Bin,percent,2,2.1, 0.01994989213345471287808230443
Wyoming,1 wk ahead,Bin,percent,2.1,2.2, 0.02990166112676086868082947490
Wyoming,1 wk ahead,Bin,percent,2.2,2.3, 0.04141011655890609183261474868
Wyoming,1 wk ahead,Bin,percent,2.3,2.4, 0.05305120843589102713755423224
Wyoming,1 wk ahead,Bin,percent,2.4,2.5, 0.06296910118725979055298580533
Wyoming,1 wk ahead,Bin,percent,2.5,2.6, 0.06937886036867289829555005554
Wyoming,1 wk ahead,Bin,percent,2.6,2.7, 0.07112428973014331412549893230
Wyoming,1 wk ahead,Bin,percent,2.7,2.8, 0.06806179081460372870537867129
Wyoming,1 wk ahead,Bin,percent,2.8,2.9, 0.06103915377170272826834462876
Wyoming,1 wk ahead,Bin,percent,2.9,3, 0.05154053839543303733305990022
Wyoming,1 wk ahead,Bin,percent,3,3.1, 0.04116013927388867399415062209
Wyoming,1 wk ahead,Bin,percent,3.1,3.2, 0.03119014570278162701288948710
Wyoming,1 wk ahead,Bin,percent,3.2,3.3, 0.02244756097112089385237077011
Wyoming,1 wk ahead,Bin,percent,3.3,3.4, 0.01531393743874616408806588197
Wyoming,1 wk ahead,Bin,percent,3.4,3.5, 0.00985641059464680349688769923
Wyoming,1 wk ahead,Bin,percent,3.5,3.6, 0.00594880280256643041020270246
Wyoming,1 wk ahead,Bin,percent,3.6,3.7, 0.00334465082087951086006749613
Wyoming,1 wk ahead,Bin,percent,3.7,3.8, 0.00174590303569145698960041191
Wyoming,1 wk ahead,Bin,percent,3.8,3.9, 0.00085580712712444387962884562
Wyoming,1 wk ahead,Bin,percent,3.9,4, 0.00043437909744821847669860038
Wyoming,1 wk ahead,Bin,percent,4,4.1, 0.00033232172791993272323654574
Wyoming,1 wk ahead,Bin,percent,4.1,4.2, 0.00050862399367319476462673267
Wyoming,1 wk ahead,Bin,percent,4.2,4.3, 0.00103060792102988409493780075
Wyoming,1 wk ahead,Bin,percent,4.3,4.4, 0.00205153416101423952469517964
Wyoming,1 wk ahead,Bin,percent,4.4,4.5, 0.00375493397395150691267518006
Wyoming,1 wk ahead,Bin,percent,4.5,4.6, 0.00624937593496806709919555445
Wyoming,1 wk ahead,Bin,percent,4.6,4.7, 0.00944481220913163943553314539
Wyoming,1 wk ahead,Bin,percent,4.7,4.8, 0.01295723258218404311259419615
Wyoming,1 wk ahead,Bin,percent,4.8,4.9, 0.01613573926748897505167867905
Wyoming,1 wk ahead,Bin,percent,4.9,5, 0.01824041165620373522449071402
Wyoming,1 wk ahead,Bin,percent,5,5.1, 0.01871673173104185239346008984
Wyoming,1 wk ahead,Bin,percent,5.1,5.2, 0.01743377790899986942707577953
Wyoming,1 wk ahead,Bin,percent,5.2,5.3, 0.01474043247472527073949066789
Wyoming,1 wk ahead,Bin,percent,5.3,5.4, 0.01131318609082320250647235582
Wyoming,1 wk ahead,Bin,percent,5.4,5.5, 0.00788162403365405897504025745
Wyoming,1 wk ahead,Bin,percent,5.5,5.6, 0.00498441112619751186540995036
Wyoming,1 wk ahead,Bin,percent,5.6,5.7, 0.00286117871803273334310735443
Wyoming,1 wk ahead,Bin,percent,5.7,5.8, 0.00149098023213101128423008213
Wyoming,1 wk ahead,Bin,percent,5.8,5.9, 0.00070516039504858610623139192
Wyoming,1 wk ahead,Bin,percent,5.9,6, 0.00030479026945072517414819790
Wyoming,1 wk ahead,Bin,percent,6,6.1, 0.00021228117190765175155940658
Wyoming,1 wk ahead,Bin,percent,6.1,6.2, 0.00021228117190765175155940658
Wyoming,1 wk ahead,Bin,percent,6.2,6.3, 0.00021228117190765175155940658
Wyoming,1 wk ahead,Bin,percent,6.3,6.4, 0.00021228117190765175155940658
Wyoming,1 wk ahead,Bin,percent,6.4,6.5, 0.00021228117190765175155940658
Wyoming,1 wk ahead,Bin,percent,6.5,6.6, 0.00021228117190765175155940658
Wyoming,1 wk ahead,Bin,percent,6.6,6.7, 0.00021228117190765175155940658
Wyoming,1 wk ahead,Bin,percent,6.7,6.8, 0.00021228117190765175155940658
Wyoming,1 wk ahead,Bin,percent,6.8,6.9, 0.00021228117190765175155940658
Wyoming,1 wk ahead,Bin,percent,6.9,7, 0.00021228117190765175155940658
Wyoming,1 wk ahead,Bin,percent,7,7.1, 0.00021228117190765175155940658
Wyoming,1 wk ahead,Bin,percent,7.1,7.2, 0.00021228117190765175155940658
Wyoming,1 wk ahead,Bin,percent,7.2,7.3, 0.00021228117190765175155940658
Wyoming,1 wk ahead,Bin,percent,7.3,7.4, 0.00021228117190765175155940658
Wyoming,1 wk ahead,Bin,percent,7.4,7.5, 0.00021228117190765175155940658
Wyoming,1 wk ahead,Bin,percent,7.5,7.6, 0.00021228117190765175155940658
Wyoming,1 wk ahead,Bin,percent,7.6,7.7, 0.00021228117190765175155940658
Wyoming,1 wk ahead,Bin,percent,7.7,7.8, 0.00021228117190765175155940658
Wyoming,1 wk ahead,Bin,percent,7.8,7.9, 0.00021228117190765175155940658
Wyoming,1 wk ahead,Bin,percent,7.9,8, 0.00021228117190765175155940658
Wyoming,1 wk ahead,Bin,percent,8,8.1, 0.00021228117190765359470309981
Wyoming,1 wk ahead,Bin,percent,8.1,8.2, 0.00021228117190765551916195597
Wyoming,1 wk ahead,Bin,percent,8.2,8.3, 0.00021228117190765551916195597
Wyoming,1 wk ahead,Bin,percent,8.3,8.4, 0.00021228117190765551916195597
Wyoming,1 wk ahead,Bin,percent,8.4,8.5, 0.00021228117190765551916195597
Wyoming,1 wk ahead,Bin,percent,8.5,8.6, 0.00021228117190765551916195597
Wyoming,1 wk ahead,Bin,percent,8.6,8.7, 0.00021228117190765551916195597
Wyoming,1 wk ahead,Bin,percent,8.7,8.8, 0.00021228117190765551916195597
Wyoming,1 wk ahead,Bin,percent,8.8,8.9, 0.00021228117190765551916195597
Wyoming,1 wk ahead,Bin,percent,8.9,9, 0.00021228117190765551916195597
Wyoming,1 wk ahead,Bin,percent,9,9.1, 0.00021228117190765551916195597
Wyoming,1 wk ahead,Bin,percent,9.1,9.2, 0.00021228117190765551916195597
Wyoming,1 wk ahead,Bin,percent,9.2,9.3, 0.00021228117190765551916195597
Wyoming,1 wk ahead,Bin,percent,9.3,9.4, 0.00021228117190765551916195597
Wyoming,1 wk ahead,Bin,percent,9.4,9.5, 0.00021228117190765551916195597
Wyoming,1 wk ahead,Bin,percent,9.5,9.6, 0.00021228117190765551916195597
Wyoming,1 wk ahead,Bin,percent,9.6,9.7, 0.00021228117190765551916195597
Wyoming,1 wk ahead,Bin,percent,9.7,9.8, 0.00021228117190765551916195597
Wyoming,1 wk ahead,Bin,percent,9.8,9.9, 0.00021228117190765551916195597
Wyoming,1 wk ahead,Bin,percent,9.9,10, 0.00021228117190765551916195597
Wyoming,1 wk ahead,Bin,percent,10,10.1, 0.00021228117190765551916195597
Wyoming,1 wk ahead,Bin,percent,10.1,10.2, 0.00021228117190765551916195597
Wyoming,1 wk ahead,Bin,percent,10.2,10.3, 0.00021228117190765551916195597
Wyoming,1 wk ahead,Bin,percent,10.3,10.4, 0.00021228117190765551916195597
Wyoming,1 wk ahead,Bin,percent,10.4,10.5, 0.00021228117190765551916195597
Wyoming,1 wk ahead,Bin,percent,10.5,10.6, 0.00021228117190765551916195597
Wyoming,1 wk ahead,Bin,percent,10.6,10.7, 0.00021228117190765551916195597
Wyoming,1 wk ahead,Bin,percent,10.7,10.8, 0.00021228117190765551916195597
Wyoming,1 wk ahead,Bin,percent,10.8,10.9, 0.00021228117190765551916195597
Wyoming,1 wk ahead,Bin,percent,10.9,11, 0.00021228117190765551916195597
Wyoming,1 wk ahead,Bin,percent,11,11.1, 0.00021228117190765551916195597
Wyoming,1 wk ahead,Bin,percent,11.1,11.2, 0.00021228117190765551916195597
Wyoming,1 wk ahead,Bin,percent,11.2,11.3, 0.00021228117190765551916195597
Wyoming,1 wk ahead,Bin,percent,11.3,11.4, 0.00021228117190765551916195597
Wyoming,1 wk ahead,Bin,percent,11.4,11.5, 0.00021228117190765551916195597
Wyoming,1 wk ahead,Bin,percent,11.5,11.6, 0.00021228117190765551916195597
Wyoming,1 wk ahead,Bin,percent,11.6,11.7, 0.00021228117190765551916195597
Wyoming,1 wk ahead,Bin,percent,11.7,11.8, 0.00021228117190765551916195597
Wyoming,1 wk ahead,Bin,percent,11.8,11.9, 0.00021228117190765551916195597
Wyoming,1 wk ahead,Bin,percent,11.9,12, 0.00021228117190765551916195597
Wyoming,1 wk ahead,Bin,percent,12,12.1, 0.00021228117190765551916195597
Wyoming,1 wk ahead,Bin,percent,12.1,12.2, 0.00021228117190765551916195597
Wyoming,1 wk ahead,Bin,percent,12.2,12.3, 0.00021228117190765551916195597
Wyoming,1 wk ahead,Bin,percent,12.3,12.4, 0.00021228117190765551916195597
Wyoming,1 wk ahead,Bin,percent,12.4,12.5, 0.00021228117190765551916195597
Wyoming,1 wk ahead,Bin,percent,12.5,12.6, 0.00021228117190765551916195597
Wyoming,1 wk ahead,Bin,percent,12.6,12.7, 0.00021228117190765551916195597
Wyoming,1 wk ahead,Bin,percent,12.7,12.8, 0.00021228117190765551916195597
Wyoming,1 wk ahead,Bin,percent,12.8,12.9, 0.00021228117190765551916195597
Wyoming,1 wk ahead,Bin,percent,12.9,13, 0.00021228117190765551916195597
Wyoming,1 wk ahead,Bin,percent,13,100, 0.00021228117190765551916195597
Wyoming,2 wk ahead,Bin,percent,0,0.1, 0.00160979820859552080584975453
Wyoming,2 wk ahead,Bin,percent,0.1,0.2, 0.00412471327292512728035500658
Wyoming,2 wk ahead,Bin,percent,0.2,0.3, 0.00550778354256656419579707418
Wyoming,2 wk ahead,Bin,percent,0.3,0.4, 0.00704233250531489680251739927
Wyoming,2 wk ahead,Bin,percent,0.4,0.5, 0.00862254329643840147778810490
Wyoming,2 wk ahead,Bin,percent,0.5,0.6, 0.01011183414398389955601853529
Wyoming,2 wk ahead,Bin,percent,0.6,0.7, 0.01136232233075676334443926407
Wyoming,2 wk ahead,Bin,percent,0.7,0.8, 0.01224253334039942207878137737
Wyoming,2 wk ahead,Bin,percent,0.8,0.9, 0.01266695800047324717285679441
Wyoming,2 wk ahead,Bin,percent,0.9,1, 0.01262169857141537225586613857
Wyoming,2 wk ahead,Bin,percent,1,1.1, 0.01217631354520829455034824917
Wyoming,2 wk ahead,Bin,percent,1.1,1.2, 0.01148421825111965548227299649
Wyoming,2 wk ahead,Bin,percent,1.2,1.3, 0.01076644785537267043351583595
Wyoming,2 wk ahead,Bin,percent,1.3,1.4, 0.01028352710797284137733687004
Wyoming,2 wk ahead,Bin,percent,1.4,1.5, 0.01029938421332699666210785949
Wyoming,2 wk ahead,Bin,percent,1.5,1.6, 0.01104449170242858754842352198
Wyoming,2 wk ahead,Bin,percent,1.6,1.7, 0.01267813579608514061580759602
Wyoming,2 wk ahead,Bin,percent,1.7,1.8, 0.01525763327764264806751803860
Wyoming,2 wk ahead,Bin,percent,1.8,1.9, 0.01872012881202634801414141918
Wyoming,2 wk ahead,Bin,percent,1.9,2, 0.02287739694018939631825482195
Wyoming,2 wk ahead,Bin,percent,2,2.1, 0.02743129508180996642408011610
Wyoming,2 wk ahead,Bin,percent,2.1,2.2, 0.03200775134689251566477707911
Wyoming,2 wk ahead,Bin,percent,2.2,2.3, 0.03620975761650266355751170977
Wyoming,2 wk ahead,Bin,percent,2.3,2.4, 0.03967398430241027285081401033
Wyoming,2 wk ahead,Bin,percent,2.4,2.5, 0.04212463590438479676958394293
Wyoming,2 wk ahead,Bin,percent,2.5,2.6, 0.04340979127176994994963266095
Wyoming,2 wk ahead,Bin,percent,2.6,2.7, 0.04351233385005732340333750585
Wyoming,2 wk ahead,Bin,percent,2.7,2.8, 0.04253301624181821116721380349
Wyoming,2 wk ahead,Bin,percent,2.8,2.9, 0.04065952836923279745118264827
Wyoming,2 wk ahead,Bin,percent,2.9,3, 0.03812021640626288288000722559
Wyoming,2 wk ahead,Bin,percent,3,3.1, 0.03514288944898476957368060880
Wyoming,2 wk ahead,Bin,percent,3.1,3.2, 0.03192418783558077094442140265
Wyoming,2 wk ahead,Bin,percent,3.2,3.3, 0.02861386874391734155831379383
Wyoming,2 wk ahead,Bin,percent,3.3,3.4, 0.02531423824655737453426240791
Wyoming,2 wk ahead,Bin,percent,3.4,3.5, 0.02208989783134917075924086305
Wyoming,2 wk ahead,Bin,percent,3.5,3.6, 0.01898294498345543673822888309
Wyoming,2 wk ahead,Bin,percent,3.6,3.7, 0.01602737082857176240113794563
Wyoming,2 wk ahead,Bin,percent,3.7,3.8, 0.01325898764044507703585562552
Wyoming,2 wk ahead,Bin,percent,3.8,3.9, 0.01071819437213560911870136039
Wyoming,2 wk ahead,Bin,percent,3.9,4, 0.00844835987896760259863171427
Wyoming,2 wk ahead,Bin,percent,4,4.1, 0.00648962836257755467522789772
Wyoming,2 wk ahead,Bin,percent,4.1,4.2, 0.00487336520076171123699859677
Wyoming,2 wk ahead,Bin,percent,4.2,4.3, 0.00361897237954812885096789188
Wyoming,2 wk ahead,Bin,percent,4.3,4.4, 0.00273442617396301703922012472
Wyoming,2 wk ahead,Bin,percent,4.4,4.5, 0.00222058548944369799071907323
Wyoming,2 wk ahead,Bin,percent,4.5,4.6, 0.00207380929222140877182800622
Wyoming,2 wk ahead,Bin,percent,4.6,4.7, 0.00228962550648091275884432605
Wyoming,2 wk ahead,Bin,percent,4.7,4.8, 0.00286031750975873719916586779
Wyoming,2 wk ahead,Bin,percent,4.8,4.9, 0.00376838168157029142560365820
Wyoming,2 wk ahead,Bin,percent,4.9,5, 0.00497631527549131230658829850
Wyoming,2 wk ahead,Bin,percent,5,5.1, 0.00641618251076040216340778954
Wyoming,2 wk ahead,Bin,percent,5.1,5.2, 0.00798449875445329457224197256
Wyoming,2 wk ahead,Bin,percent,5.2,5.3, 0.00954398154113065416703776123
Wyoming,2 wk ahead,Bin,percent,5.3,5.4, 0.01093639567800062072089328780
Wyoming,2 wk ahead,Bin,percent,5.4,5.5, 0.01200437827015327432733649005
Wyoming,2 wk ahead,Bin,percent,5.5,5.6, 0.01261843742084534439329424060
Wyoming,2 wk ahead,Bin,percent,5.6,5.7, 0.01270001143273423796498100558
Wyoming,2 wk ahead,Bin,percent,5.7,5.8, 0.01223805590102424768750299933
Wyoming,2 wk ahead,Bin,percent,5.8,5.9, 0.01129083997030626979052314596
Wyoming,2 wk ahead,Bin,percent,5.9,6, 0.00997349653255261842099699265
Wyoming,2 wk ahead,Bin,percent,6,6.1, 0.00843465108023091526823211694
Wyoming,2 wk ahead,Bin,percent,6.1,6.2, 0.00682940247772694398326054355
Wyoming,2 wk ahead,Bin,percent,6.2,6.3, 0.00529421022469336519100657767
Wyoming,2 wk ahead,Bin,percent,6.3,6.4, 0.00392932553815963578336400985
Wyoming,2 wk ahead,Bin,percent,6.4,6.5, 0.00279201200670744099224807044
Wyoming,2 wk ahead,Bin,percent,6.5,6.6, 0.00189951250713396319752535035
Wyoming,2 wk ahead,Bin,percent,6.6,6.7, 0.00123731159974107846749591388
Wyoming,2 wk ahead,Bin,percent,6.7,6.8, 0.00077155475035116643373056533
Wyoming,2 wk ahead,Bin,percent,6.8,6.9, 0.00046065641065654321009009697
Wyoming,2 wk ahead,Bin,percent,6.9,7, 0.00026332536208198832443361237
Wyoming,2 wk ahead,Bin,percent,7,7.1, 0.00015507984803020784790074382
Wyoming,2 wk ahead,Bin,percent,7.1,7.2, 0.00014363013992268021867468319
Wyoming,2 wk ahead,Bin,percent,7.2,7.3, 0.00014363013992268021867468319
Wyoming,2 wk ahead,Bin,percent,7.3,7.4, 0.00014363013992268021867468319
Wyoming,2 wk ahead,Bin,percent,7.4,7.5, 0.00014363013992268021867468319
Wyoming,2 wk ahead,Bin,percent,7.5,7.6, 0.00014363013992268021867468319
Wyoming,2 wk ahead,Bin,percent,7.6,7.7, 0.00014363013992268021867468319
Wyoming,2 wk ahead,Bin,percent,7.7,7.8, 0.00014363013992268021867468319
Wyoming,2 wk ahead,Bin,percent,7.8,7.9, 0.00014363013992268021867468319
Wyoming,2 wk ahead,Bin,percent,7.9,8, 0.00014363013992268021867468319
Wyoming,2 wk ahead,Bin,percent,8,8.1, 0.00014363013992268149261223587
Wyoming,2 wk ahead,Bin,percent,8.1,8.2, 0.00014363013992268279365484285
Wyoming,2 wk ahead,Bin,percent,8.2,8.3, 0.00014363013992268279365484285
Wyoming,2 wk ahead,Bin,percent,8.3,8.4, 0.00014363013992268279365484285
Wyoming,2 wk ahead,Bin,percent,8.4,8.5, 0.00014363013992268279365484285
Wyoming,2 wk ahead,Bin,percent,8.5,8.6, 0.00014363013992268279365484285
Wyoming,2 wk ahead,Bin,percent,8.6,8.7, 0.00014363013992268279365484285
Wyoming,2 wk ahead,Bin,percent,8.7,8.8, 0.00014363013992268279365484285
Wyoming,2 wk ahead,Bin,percent,8.8,8.9, 0.00014363013992268279365484285
Wyoming,2 wk ahead,Bin,percent,8.9,9, 0.00014363013992268279365484285
Wyoming,2 wk ahead,Bin,percent,9,9.1, 0.00014363013992268279365484285
Wyoming,2 wk ahead,Bin,percent,9.1,9.2, 0.00014363013992268279365484285
Wyoming,2 wk ahead,Bin,percent,9.2,9.3, 0.00014363013992268279365484285
Wyoming,2 wk ahead,Bin,percent,9.3,9.4, 0.00014363013992268279365484285
Wyoming,2 wk ahead,Bin,percent,9.4,9.5, 0.00014363013992268279365484285
Wyoming,2 wk ahead,Bin,percent,9.5,9.6, 0.00014363013992268279365484285
Wyoming,2 wk ahead,Bin,percent,9.6,9.7, 0.00014363013992268279365484285
Wyoming,2 wk ahead,Bin,percent,9.7,9.8, 0.00014363013992268279365484285
Wyoming,2 wk ahead,Bin,percent,9.8,9.9, 0.00014363013992268279365484285
Wyoming,2 wk ahead,Bin,percent,9.9,10, 0.00014363013992268279365484285
Wyoming,2 wk ahead,Bin,percent,10,10.1, 0.00014363013992268279365484285
Wyoming,2 wk ahead,Bin,percent,10.1,10.2, 0.00014363013992268279365484285
Wyoming,2 wk ahead,Bin,percent,10.2,10.3, 0.00014363013992268279365484285
Wyoming,2 wk ahead,Bin,percent,10.3,10.4, 0.00014363013992268279365484285
Wyoming,2 wk ahead,Bin,percent,10.4,10.5, 0.00014363013992268279365484285
Wyoming,2 wk ahead,Bin,percent,10.5,10.6, 0.00014363013992268279365484285
Wyoming,2 wk ahead,Bin,percent,10.6,10.7, 0.00014363013992268279365484285
Wyoming,2 wk ahead,Bin,percent,10.7,10.8, 0.00014363013992268279365484285
Wyoming,2 wk ahead,Bin,percent,10.8,10.9, 0.00014363013992268279365484285
Wyoming,2 wk ahead,Bin,percent,10.9,11, 0.00014363013992268279365484285
Wyoming,2 wk ahead,Bin,percent,11,11.1, 0.00014363013992268279365484285
Wyoming,2 wk ahead,Bin,percent,11.1,11.2, 0.00014363013992268279365484285
Wyoming,2 wk ahead,Bin,percent,11.2,11.3, 0.00014363013992268279365484285
Wyoming,2 wk ahead,Bin,percent,11.3,11.4, 0.00014363013992268279365484285
Wyoming,2 wk ahead,Bin,percent,11.4,11.5, 0.00014363013992268279365484285
Wyoming,2 wk ahead,Bin,percent,11.5,11.6, 0.00014363013992268279365484285
Wyoming,2 wk ahead,Bin,percent,11.6,11.7, 0.00014363013992268279365484285
Wyoming,2 wk ahead,Bin,percent,11.7,11.8, 0.00014363013992268279365484285
Wyoming,2 wk ahead,Bin,percent,11.8,11.9, 0.00014363013992268279365484285
Wyoming,2 wk ahead,Bin,percent,11.9,12, 0.00014363013992268279365484285
Wyoming,2 wk ahead,Bin,percent,12,12.1, 0.00014363013992268279365484285
Wyoming,2 wk ahead,Bin,percent,12.1,12.2, 0.00014363013992268279365484285
Wyoming,2 wk ahead,Bin,percent,12.2,12.3, 0.00014363013992268279365484285
Wyoming,2 wk ahead,Bin,percent,12.3,12.4, 0.00014363013992268279365484285
Wyoming,2 wk ahead,Bin,percent,12.4,12.5, 0.00014363013992268279365484285
Wyoming,2 wk ahead,Bin,percent,12.5,12.6, 0.00014363013992268279365484285
Wyoming,2 wk ahead,Bin,percent,12.6,12.7, 0.00014363013992268279365484285
Wyoming,2 wk ahead,Bin,percent,12.7,12.8, 0.00014363013992268279365484285
Wyoming,2 wk ahead,Bin,percent,12.8,12.9, 0.00014363013992268279365484285
Wyoming,2 wk ahead,Bin,percent,12.9,13, 0.00014363013992268279365484285
Wyoming,2 wk ahead,Bin,percent,13,100, 0.00014363013992268279365484285
Wyoming,3 wk ahead,Bin,percent,0,0.1, 0.00170305247210959082547476751
Wyoming,3 wk ahead,Bin,percent,0.1,0.2, 0.00398374984256473843591273010
Wyoming,3 wk ahead,Bin,percent,0.2,0.3, 0.00485108708631279503947775211
Wyoming,3 wk ahead,Bin,percent,0.3,0.4, 0.00583805532474705301398953949
Wyoming,3 wk ahead,Bin,percent,0.4,0.5, 0.00694652511030451058626766780
Wyoming,3 wk ahead,Bin,percent,0.5,0.6, 0.00817474321831653839842690701
Wyoming,3 wk ahead,Bin,percent,0.6,0.7, 0.00951799484314558991160382107
Wyoming,3 wk ahead,Bin,percent,0.7,0.8, 0.01096816964089044471597489405
Wyoming,3 wk ahead,Bin,percent,0.8,0.9, 0.01251322406944401811890177356
Wyoming,3 wk ahead,Bin,percent,0.9,1, 0.01413797666183721005173090646
Wyoming,3 wk ahead,Bin,percent,1,1.1, 0.01582324497568358273591471175
Wyoming,3 wk ahead,Bin,percent,1.1,1.2, 0.01754705530685527273271340221
Wyoming,3 wk ahead,Bin,percent,1.2,1.3, 0.01928421672535654204927446642
Wyoming,3 wk ahead,Bin,percent,1.3,1.4, 0.02100746085753321668043724912
Wyoming,3 wk ahead,Bin,percent,1.4,1.5, 0.02268788288291092442028329401
Wyoming,3 wk ahead,Bin,percent,1.5,1.6, 0.02429635801766829791836777019
Wyoming,3 wk ahead,Bin,percent,1.6,1.7, 0.02580398332268820510426721171
Wyoming,3 wk ahead,Bin,percent,1.7,1.8, 0.02718444298175973564135610161
Wyoming,3 wk ahead,Bin,percent,1.8,1.9, 0.02841380333448007000640700426
Wyoming,3 wk ahead,Bin,percent,1.9,2, 0.02947357357212241138477715197
Wyoming,3 wk ahead,Bin,percent,2,2.1, 0.03034934800120514877819211108
Wyoming,3 wk ahead,Bin,percent,2.1,2.2, 0.03103358270296385432174268715
Wyoming,3 wk ahead,Bin,percent,2.2,2.3, 0.03152391944428955400381298091
Wyoming,3 wk ahead,Bin,percent,2.3,2.4, 0.03182398270797734407544510304
Wyoming,3 wk ahead,Bin,percent,2.4,2.5, 0.03194193029449565734978477849
Wyoming,3 wk ahead,Bin,percent,2.5,2.6, 0.03188887803629102124514105299
Wyoming,3 wk ahead,Bin,percent,2.6,2.7, 0.03167908677503031289468538034
Wyoming,3 wk ahead,Bin,percent,2.7,2.8, 0.03132605991524563260330893399
Wyoming,3 wk ahead,Bin,percent,2.8,2.9, 0.03084348141981485547091779154
Wyoming,3 wk ahead,Bin,percent,2.9,3, 0.03024219551956754820087880375
Wyoming,3 wk ahead,Bin,percent,3,3.1, 0.02953123642143911167790015782
Wyoming,3 wk ahead,Bin,percent,3.1,3.2, 0.02871641206589064382326270675
Wyoming,3 wk ahead,Bin,percent,3.2,3.3, 0.02780122506025696146880754611
Wyoming,3 wk ahead,Bin,percent,3.3,3.4, 0.02678773458357237152727137186
Wyoming,3 wk ahead,Bin,percent,3.4,3.5, 0.02567706001601003165668579697
Wyoming,3 wk ahead,Bin,percent,3.5,3.6, 0.02447147217529659080081927414
Wyoming,3 wk ahead,Bin,percent,3.6,3.7, 0.02317440090654649537116327451
Wyoming,3 wk ahead,Bin,percent,3.7,3.8, 0.02179276867234456252497842854
Wyoming,3 wk ahead,Bin,percent,3.8,3.9, 0.02033651015636111017426124192
Wyoming,3 wk ahead,Bin,percent,3.9,4, 0.01881971139408716506280505598
Wyoming,3 wk ahead,Bin,percent,4,4.1, 0.01725991355427871840055864538
Wyoming,3 wk ahead,Bin,percent,4.1,4.2, 0.01567773999980073829085824855
Wyoming,3 wk ahead,Bin,percent,4.2,4.3, 0.01409593413866254245359055375
Wyoming,3 wk ahead,Bin,percent,4.3,4.4, 0.01253826423346925643398375172
Wyoming,3 wk ahead,Bin,percent,4.4,4.5, 0.01102791040753090673343095318
Wyoming,3 wk ahead,Bin,percent,4.5,4.6, 0.00958678006483418103378379982
Wyoming,3 wk ahead,Bin,percent,4.6,4.7, 0.00823356860615043033291282626
Wyoming,3 wk ahead,Bin,percent,4.7,4.8, 0.00698373975045742199224685365
Wyoming,3 wk ahead,Bin,percent,4.8,4.9, 0.00584812088679742200780786732
Wyoming,3 wk ahead,Bin,percent,4.9,5, 0.00483335695141303648553199324
Wyoming,3 wk ahead,Bin,percent,5,5.1, 0.00394171699139500824465853768
Wyoming,3 wk ahead,Bin,percent,5.1,5.2, 0.00317086959922597199854066297
Wyoming,3 wk ahead,Bin,percent,5.2,5.3, 0.00251586279608805290369799579
Wyoming,3 wk ahead,Bin,percent,5.3,5.4, 0.00196817805747317260342543754
Wyoming,3 wk ahead,Bin,percent,5.4,5.5, 0.00151813133679507190378077386
Wyoming,3 wk ahead,Bin,percent,5.5,5.6, 0.00115418021197563331996238656
Wyoming,3 wk ahead,Bin,percent,5.6,5.7, 0.00086487253864391997696531300
Wyoming,3 wk ahead,Bin,percent,5.7,5.8, 0.00063867578798347058102735652
Wyoming,3 wk ahead,Bin,percent,5.8,5.9, 0.00046470878109223118799034347
Wyoming,3 wk ahead,Bin,percent,5.9,6, 0.00033316505374897837114464560
Wyoming,3 wk ahead,Bin,percent,6,6.1, 0.00023527299462820634137934228
Wyoming,3 wk ahead,Bin,percent,6.1,6.2, 0.00016369537535456966177889460
Wyoming,3 wk ahead,Bin,percent,6.2,6.3, 0.00011347616133659361667158222
Wyoming,3 wk ahead,Bin,percent,6.3,6.4, 0.00010168042949187673087627082
Wyoming,3 wk ahead,Bin,percent,6.4,6.5, 0.00010168042949187673087627082
Wyoming,3 wk ahead,Bin,percent,6.5,6.6, 0.00010168042949187673087627082
Wyoming,3 wk ahead,Bin,percent,6.6,6.7, 0.00010168042949187673087627082
Wyoming,3 wk ahead,Bin,percent,6.7,6.8, 0.00010168042949187673087627082
Wyoming,3 wk ahead,Bin,percent,6.8,6.9, 0.00010168042949187673087627082
Wyoming,3 wk ahead,Bin,percent,6.9,7, 0.00010168042949187673087627082
Wyoming,3 wk ahead,Bin,percent,7,7.1, 0.00010168042949187673087627082
Wyoming,3 wk ahead,Bin,percent,7.1,7.2, 0.00010168042949187673087627082
Wyoming,3 wk ahead,Bin,percent,7.2,7.3, 0.00010168042949187673087627082
Wyoming,3 wk ahead,Bin,percent,7.3,7.4, 0.00010168042949187673087627082
Wyoming,3 wk ahead,Bin,percent,7.4,7.5, 0.00010168042949187673087627082
Wyoming,3 wk ahead,Bin,percent,7.5,7.6, 0.00010168042949187673087627082
Wyoming,3 wk ahead,Bin,percent,7.6,7.7, 0.00010168042949187673087627082
Wyoming,3 wk ahead,Bin,percent,7.7,7.8, 0.00010168042949187673087627082
Wyoming,3 wk ahead,Bin,percent,7.8,7.9, 0.00010168042949187673087627082
Wyoming,3 wk ahead,Bin,percent,7.9,8, 0.00010168042949187673087627082
Wyoming,3 wk ahead,Bin,percent,8,8.1, 0.00010168042949187762534306312
Wyoming,3 wk ahead,Bin,percent,8.1,8.2, 0.00010168042949187854691490973
Wyoming,3 wk ahead,Bin,percent,8.2,8.3, 0.00010168042949187854691490973
Wyoming,3 wk ahead,Bin,percent,8.3,8.4, 0.00010168042949187854691490973
Wyoming,3 wk ahead,Bin,percent,8.4,8.5, 0.00010168042949187854691490973
Wyoming,3 wk ahead,Bin,percent,8.5,8.6, 0.00010168042949187854691490973
Wyoming,3 wk ahead,Bin,percent,8.6,8.7, 0.00010168042949187854691490973
Wyoming,3 wk ahead,Bin,percent,8.7,8.8, 0.00010168042949187854691490973
Wyoming,3 wk ahead,Bin,percent,8.8,8.9, 0.00010168042949187854691490973
Wyoming,3 wk ahead,Bin,percent,8.9,9, 0.00010168042949187854691490973
Wyoming,3 wk ahead,Bin,percent,9,9.1, 0.00010168042949187854691490973
Wyoming,3 wk ahead,Bin,percent,9.1,9.2, 0.00010168042949187854691490973
Wyoming,3 wk ahead,Bin,percent,9.2,9.3, 0.00010168042949187854691490973
Wyoming,3 wk ahead,Bin,percent,9.3,9.4, 0.00010168042949187854691490973
Wyoming,3 wk ahead,Bin,percent,9.4,9.5, 0.00010168042949187854691490973
Wyoming,3 wk ahead,Bin,percent,9.5,9.6, 0.00010168042949187854691490973
Wyoming,3 wk ahead,Bin,percent,9.6,9.7, 0.00010168042949187854691490973
Wyoming,3 wk ahead,Bin,percent,9.7,9.8, 0.00010168042949187854691490973
Wyoming,3 wk ahead,Bin,percent,9.8,9.9, 0.00010168042949187854691490973
Wyoming,3 wk ahead,Bin,percent,9.9,10, 0.00010168042949187854691490973
Wyoming,3 wk ahead,Bin,percent,10,10.1, 0.00010168042949187854691490973
Wyoming,3 wk ahead,Bin,percent,10.1,10.2, 0.00010168042949187854691490973
Wyoming,3 wk ahead,Bin,percent,10.2,10.3, 0.00010168042949187854691490973
Wyoming,3 wk ahead,Bin,percent,10.3,10.4, 0.00010168042949187854691490973
Wyoming,3 wk ahead,Bin,percent,10.4,10.5, 0.00010168042949187854691490973
Wyoming,3 wk ahead,Bin,percent,10.5,10.6, 0.00010168042949187854691490973
Wyoming,3 wk ahead,Bin,percent,10.6,10.7, 0.00010168042949187854691490973
Wyoming,3 wk ahead,Bin,percent,10.7,10.8, 0.00010168042949187854691490973
Wyoming,3 wk ahead,Bin,percent,10.8,10.9, 0.00010168042949187854691490973
Wyoming,3 wk ahead,Bin,percent,10.9,11, 0.00010168042949187854691490973
Wyoming,3 wk ahead,Bin,percent,11,11.1, 0.00010168042949187854691490973
Wyoming,3 wk ahead,Bin,percent,11.1,11.2, 0.00010168042949187854691490973
Wyoming,3 wk ahead,Bin,percent,11.2,11.3, 0.00010168042949187854691490973
Wyoming,3 wk ahead,Bin,percent,11.3,11.4, 0.00010168042949187854691490973
Wyoming,3 wk ahead,Bin,percent,11.4,11.5, 0.00010168042949187854691490973
Wyoming,3 wk ahead,Bin,percent,11.5,11.6, 0.00010168042949187854691490973
Wyoming,3 wk ahead,Bin,percent,11.6,11.7, 0.00010168042949187854691490973
Wyoming,3 wk ahead,Bin,percent,11.7,11.8, 0.00010168042949187854691490973
Wyoming,3 wk ahead,Bin,percent,11.8,11.9, 0.00010168042949187854691490973
Wyoming,3 wk ahead,Bin,percent,11.9,12, 0.00010168042949187854691490973
Wyoming,3 wk ahead,Bin,percent,12,12.1, 0.00010168042949187854691490973
Wyoming,3 wk ahead,Bin,percent,12.1,12.2, 0.00010168042949187854691490973
Wyoming,3 wk ahead,Bin,percent,12.2,12.3, 0.00010168042949187854691490973
Wyoming,3 wk ahead,Bin,percent,12.3,12.4, 0.00010168042949187854691490973
Wyoming,3 wk ahead,Bin,percent,12.4,12.5, 0.00010168042949187854691490973
Wyoming,3 wk ahead,Bin,percent,12.5,12.6, 0.00010168042949187854691490973
Wyoming,3 wk ahead,Bin,percent,12.6,12.7, 0.00010168042949187854691490973
Wyoming,3 wk ahead,Bin,percent,12.7,12.8, 0.00010168042949187854691490973
Wyoming,3 wk ahead,Bin,percent,12.8,12.9, 0.00010168042949187854691490973
Wyoming,3 wk ahead,Bin,percent,12.9,13, 0.00010168042949187854691490973
Wyoming,3 wk ahead,Bin,percent,13,100, 0.00010168042949187854691490973
Wyoming,4 wk ahead,Bin,percent,0,0.1, 0.00104264561920117192032886333
Wyoming,4 wk ahead,Bin,percent,0.1,0.2, 0.00297756021809830479646352686
Wyoming,4 wk ahead,Bin,percent,0.2,0.3, 0.00453262371035953199466250751
Wyoming,4 wk ahead,Bin,percent,0.3,0.4, 0.00655233320630867546729980688
Wyoming,4 wk ahead,Bin,percent,0.4,0.5, 0.00902318426252627682482287952
Wyoming,4 wk ahead,Bin,percent,0.5,0.6, 0.01188654839687203895737255266
Wyoming,4 wk ahead,Bin,percent,0.6,0.7, 0.01505744827987695946824864279
Wyoming,4 wk ahead,Bin,percent,0.7,0.8, 0.01845309342592057338938715816
Wyoming,4 wk ahead,Bin,percent,0.8,0.9, 0.02201377941854548020428339328
Wyoming,4 wk ahead,Bin,percent,0.9,1, 0.02569761832451935082421989875
Wyoming,4 wk ahead,Bin,percent,1,1.1, 0.02944191890564300598254199315
Wyoming,4 wk ahead,Bin,percent,1.1,1.2, 0.03310453535041901068636249761
Wyoming,4 wk ahead,Bin,percent,1.2,1.3, 0.03641768680357773679823196744
Wyoming,4 wk ahead,Bin,percent,1.3,1.4, 0.03899055974779600669544166180
Wyoming,4 wk ahead,Bin,percent,1.4,1.5, 0.04037975884864111741912040543
Wyoming,4 wk ahead,Bin,percent,1.5,1.6, 0.04021425725788389804460365440
Wyoming,4 wk ahead,Bin,percent,1.6,1.7, 0.03832742742650008943572359499
Wyoming,4 wk ahead,Bin,percent,1.7,1.8, 0.03484446615161415627959229369
Wyoming,4 wk ahead,Bin,percent,1.8,1.9, 0.03018432382965361218674082977
Wyoming,4 wk ahead,Bin,percent,1.9,2, 0.02497609672387382170888336930
Wyoming,4 wk ahead,Bin,percent,2,2.1, 0.01992296630638980617367117532
Wyoming,4 wk ahead,Bin,percent,2.1,2.2, 0.01566418833114856939969783411
Wyoming,4 wk ahead,Bin,percent,2.2,2.3, 0.01267703637533694124850391916
Wyoming,4 wk ahead,Bin,percent,2.3,2.4, 0.01123401012611834927368281711
Wyoming,4 wk ahead,Bin,percent,2.4,2.5, 0.01140975798241672910238175831
Wyoming,4 wk ahead,Bin,percent,2.5,2.6, 0.01311369177757162364506005048
Wyoming,4 wk ahead,Bin,percent,2.6,2.7, 0.01612543685440136556619172836
Wyoming,4 wk ahead,Bin,percent,2.7,2.8, 0.02012074915187805554395161778
Wyoming,4 wk ahead,Bin,percent,2.8,2.9, 0.02469037601627851671870494954
Wyoming,4 wk ahead,Bin,percent,2.9,3, 0.02935670436474737202137141878
Wyoming,4 wk ahead,Bin,percent,3,3.1, 0.03360073271811672701581130696
Wyoming,4 wk ahead,Bin,percent,3.1,3.2, 0.03690737846826760981677750806
Wyoming,4 wk ahead,Bin,percent,3.2,3.3, 0.03883111180480063040487692660
Wyoming,4 wk ahead,Bin,percent,3.3,3.4, 0.03907051186597185893356609654
Wyoming,4 wk ahead,Bin,percent,3.4,3.5, 0.03753330574878743081113086077
Wyoming,4 wk ahead,Bin,percent,3.5,3.6, 0.03436906161697514394681718386
Wyoming,4 wk ahead,Bin,percent,3.6,3.7, 0.02995070411915002478453473600
Wyoming,4 wk ahead,Bin,percent,3.7,3.8, 0.02480117117934774531584629642
Wyoming,4 wk ahead,Bin,percent,3.8,3.9, 0.01948805135212553982237970729
Wyoming,4 wk ahead,Bin,percent,3.9,4, 0.01451349749269232984605348946
Wyoming,4 wk ahead,Bin,percent,4,4.1, 0.01023380809295796126101585344
Wyoming,4 wk ahead,Bin,percent,4.1,4.2, 0.00682641737200515973799097580
Wyoming,4 wk ahead,Bin,percent,4.2,4.3, 0.00430450451063333489054585357
Wyoming,4 wk ahead,Bin,percent,4.3,4.4, 0.00256446867342646420140361840
Wyoming,4 wk ahead,Bin,percent,4.4,4.5, 0.00144279814769892439883791635
Wyoming,4 wk ahead,Bin,percent,4.5,4.6, 0.00076627065464888121336384241
Wyoming,4 wk ahead,Bin,percent,4.6,4.7, 0.00038980386679788252930409231
Wyoming,4 wk ahead,Bin,percent,4.7,4.8, 0.00030920975144616604781896974
Wyoming,4 wk ahead,Bin,percent,4.8,4.9, 0.00030920975144616604781896974
Wyoming,4 wk ahead,Bin,percent,4.9,5, 0.00030920975144616604781896974
Wyoming,4 wk ahead,Bin,percent,5,5.1, 0.00030920975144616604781896974
Wyoming,4 wk ahead,Bin,percent,5.1,5.2, 0.00030920975144616604781896974
Wyoming,4 wk ahead,Bin,percent,5.2,5.3, 0.00030920975144616604781896974
Wyoming,4 wk ahead,Bin,percent,5.3,5.4, 0.00030920975144616604781896974
Wyoming,4 wk ahead,Bin,percent,5.4,5.5, 0.00030920975144616604781896974
Wyoming,4 wk ahead,Bin,percent,5.5,5.6, 0.00030920975144616604781896974
Wyoming,4 wk ahead,Bin,percent,5.6,5.7, 0.00030920975144616604781896974
Wyoming,4 wk ahead,Bin,percent,5.7,5.8, 0.00030920975144616604781896974
Wyoming,4 wk ahead,Bin,percent,5.8,5.9, 0.00030920975144616604781896974
Wyoming,4 wk ahead,Bin,percent,5.9,6, 0.00030920975144616604781896974
Wyoming,4 wk ahead,Bin,percent,6,6.1, 0.00030920975144616604781896974
Wyoming,4 wk ahead,Bin,percent,6.1,6.2, 0.00030920975144616604781896974
Wyoming,4 wk ahead,Bin,percent,6.2,6.3, 0.00030920975144616604781896974
Wyoming,4 wk ahead,Bin,percent,6.3,6.4, 0.00030920975144616604781896974
Wyoming,4 wk ahead,Bin,percent,6.4,6.5, 0.00030920975144616604781896974
Wyoming,4 wk ahead,Bin,percent,6.5,6.6, 0.00030920975144616604781896974
Wyoming,4 wk ahead,Bin,percent,6.6,6.7, 0.00030920975144616604781896974
Wyoming,4 wk ahead,Bin,percent,6.7,6.8, 0.00030920975144616604781896974
Wyoming,4 wk ahead,Bin,percent,6.8,6.9, 0.00030920975144616604781896974
Wyoming,4 wk ahead,Bin,percent,6.9,7, 0.00030920975144616604781896974
Wyoming,4 wk ahead,Bin,percent,7,7.1, 0.00030920975144616604781896974
Wyoming,4 wk ahead,Bin,percent,7.1,7.2, 0.00030920975144616604781896974
Wyoming,4 wk ahead,Bin,percent,7.2,7.3, 0.00030920975144616604781896974
Wyoming,4 wk ahead,Bin,percent,7.3,7.4, 0.00030920975144616604781896974
Wyoming,4 wk ahead,Bin,percent,7.4,7.5, 0.00030920975144616604781896974
Wyoming,4 wk ahead,Bin,percent,7.5,7.6, 0.00030920975144616604781896974
Wyoming,4 wk ahead,Bin,percent,7.6,7.7, 0.00030920975144616604781896974
Wyoming,4 wk ahead,Bin,percent,7.7,7.8, 0.00030920975144616604781896974
Wyoming,4 wk ahead,Bin,percent,7.8,7.9, 0.00030920975144616604781896974
Wyoming,4 wk ahead,Bin,percent,7.9,8, 0.00030920975144616604781896974
Wyoming,4 wk ahead,Bin,percent,8,8.1, 0.00030920975144616881253450957
Wyoming,4 wk ahead,Bin,percent,8.1,8.2, 0.00030920975144617152303994079
Wyoming,4 wk ahead,Bin,percent,8.2,8.3, 0.00030920975144617152303994079
Wyoming,4 wk ahead,Bin,percent,8.3,8.4, 0.00030920975144617152303994079
Wyoming,4 wk ahead,Bin,percent,8.4,8.5, 0.00030920975144617152303994079
Wyoming,4 wk ahead,Bin,percent,8.5,8.6, 0.00030920975144617152303994079
Wyoming,4 wk ahead,Bin,percent,8.6,8.7, 0.00030920975144617152303994079
Wyoming,4 wk ahead,Bin,percent,8.7,8.8, 0.00030920975144617152303994079
Wyoming,4 wk ahead,Bin,percent,8.8,8.9, 0.00030920975144617152303994079
Wyoming,4 wk ahead,Bin,percent,8.9,9, 0.00030920975144617152303994079
Wyoming,4 wk ahead,Bin,percent,9,9.1, 0.00030920975144617152303994079
Wyoming,4 wk ahead,Bin,percent,9.1,9.2, 0.00030920975144617152303994079
Wyoming,4 wk ahead,Bin,percent,9.2,9.3, 0.00030920975144617152303994079
Wyoming,4 wk ahead,Bin,percent,9.3,9.4, 0.00030920975144617152303994079
Wyoming,4 wk ahead,Bin,percent,9.4,9.5, 0.00030920975144617152303994079
Wyoming,4 wk ahead,Bin,percent,9.5,9.6, 0.00030920975144617152303994079
Wyoming,4 wk ahead,Bin,percent,9.6,9.7, 0.00030920975144617152303994079
Wyoming,4 wk ahead,Bin,percent,9.7,9.8, 0.00030920975144617152303994079
Wyoming,4 wk ahead,Bin,percent,9.8,9.9, 0.00030920975144617152303994079
Wyoming,4 wk ahead,Bin,percent,9.9,10, 0.00030920975144617152303994079
Wyoming,4 wk ahead,Bin,percent,10,10.1, 0.00030920975144617152303994079
Wyoming,4 wk ahead,Bin,percent,10.1,10.2, 0.00030920975144617152303994079
Wyoming,4 wk ahead,Bin,percent,10.2,10.3, 0.00030920975144617152303994079
Wyoming,4 wk ahead,Bin,percent,10.3,10.4, 0.00030920975144617152303994079
Wyoming,4 wk ahead,Bin,percent,10.4,10.5, 0.00030920975144617152303994079
Wyoming,4 wk ahead,Bin,percent,10.5,10.6, 0.00030920975144617152303994079
Wyoming,4 wk ahead,Bin,percent,10.6,10.7, 0.00030920975144617152303994079
Wyoming,4 wk ahead,Bin,percent,10.7,10.8, 0.00030920975144617152303994079
Wyoming,4 wk ahead,Bin,percent,10.8,10.9, 0.00030920975144617152303994079
Wyoming,4 wk ahead,Bin,percent,10.9,11, 0.00030920975144617152303994079
Wyoming,4 wk ahead,Bin,percent,11,11.1, 0.00030920975144617152303994079
Wyoming,4 wk ahead,Bin,percent,11.1,11.2, 0.00030920975144617152303994079
Wyoming,4 wk ahead,Bin,percent,11.2,11.3, 0.00030920975144617152303994079
Wyoming,4 wk ahead,Bin,percent,11.3,11.4, 0.00030920975144617152303994079
Wyoming,4 wk ahead,Bin,percent,11.4,11.5, 0.00030920975144617152303994079
Wyoming,4 wk ahead,Bin,percent,11.5,11.6, 0.00030920975144617152303994079
Wyoming,4 wk ahead,Bin,percent,11.6,11.7, 0.00030920975144617152303994079
Wyoming,4 wk ahead,Bin,percent,11.7,11.8, 0.00030920975144617152303994079
Wyoming,4 wk ahead,Bin,percent,11.8,11.9, 0.00030920975144617152303994079
Wyoming,4 wk ahead,Bin,percent,11.9,12, 0.00030920975144617152303994079
Wyoming,4 wk ahead,Bin,percent,12,12.1, 0.00030920975144617152303994079
Wyoming,4 wk ahead,Bin,percent,12.1,12.2, 0.00030920975144617152303994079
Wyoming,4 wk ahead,Bin,percent,12.2,12.3, 0.00030920975144617152303994079
Wyoming,4 wk ahead,Bin,percent,12.3,12.4, 0.00030920975144617152303994079
Wyoming,4 wk ahead,Bin,percent,12.4,12.5, 0.00030920975144617152303994079
Wyoming,4 wk ahead,Bin,percent,12.5,12.6, 0.00030920975144617152303994079
Wyoming,4 wk ahead,Bin,percent,12.6,12.7, 0.00030920975144617152303994079
Wyoming,4 wk ahead,Bin,percent,12.7,12.8, 0.00030920975144617152303994079
Wyoming,4 wk ahead,Bin,percent,12.8,12.9, 0.00030920975144617152303994079
Wyoming,4 wk ahead,Bin,percent,12.9,13, 0.00030920975144617152303994079
Wyoming,4 wk ahead,Bin,percent,13,100, 0.00030920975144617152303994079
West Virginia,Season peak week,Bin,week,40,41, 0.00028815958183174415112651201
West Virginia,Season peak week,Bin,week,41,42, 0.00028815958183174415112651201
West Virginia,Season peak week,Bin,week,42,43, 0.00028815958183174415112651201
West Virginia,Season peak week,Bin,week,43,44, 0.00028815958183174415112651201
West Virginia,Season peak week,Bin,week,44,45, 0.00028815958183174415112651201
West Virginia,Season peak week,Bin,week,45,46, 0.00028815958183174415112651201
West Virginia,Season peak week,Bin,week,46,47, 0.00053615604978808346740837276
West Virginia,Season peak week,Bin,week,47,48, 0.00158826844171641311416476317
West Virginia,Season peak week,Bin,week,48,49, 0.00409613667044080725920807140
West Virginia,Season peak week,Bin,week,49,50, 0.00924835705239797876975327284
West Virginia,Season peak week,Bin,week,50,51, 0.01839015127804969132463419612
West Virginia,Season peak week,Bin,week,51,52, 0.03238088949268849714435702936
West Virginia,Season peak week,Bin,week,52,53, 0.05070353840289686803144419969
West Virginia,Season peak week,Bin,week,1,2, 0.07079668700852970175674272468
West Virginia,Season peak week,Bin,week,2,3, 0.08832531635866446018123809836
West Virginia,Season peak week,Bin,week,3,4, 0.09881067808165687471610993953
West Virginia,Season peak week,Bin,week,4,5, 0.09998434738955556955186665391
West Virginia,Season peak week,Bin,week,5,6, 0.09313833247791812597338179103
West Virginia,Season peak week,Bin,week,6,7, 0.08209887303563032090458762013
West Virginia,Season peak week,Bin,week,7,8, 0.07059810940367008957885275322
West Virginia,Season peak week,Bin,week,8,9, 0.06040979236016721237723103854
West Virginia,Season peak week,Bin,week,9,10, 0.05155547004648348974331639738
West Virginia,Season peak week,Bin,week,10,11, 0.04355724497884067014652487160
West Virginia,Season peak week,Bin,week,11,12, 0.03611301642943636619476066585
West Virginia,Season peak week,Bin,week,12,13, 0.02900899389707739528532215445
West Virginia,Season peak week,Bin,week,13,14, 0.02208323614731499962005045745
West Virginia,Season peak week,Bin,week,14,15, 0.01548516727558186222013514310
West Virginia,Season peak week,Bin,week,15,16, 0.00973890104464859504562745940
West Virginia,Season peak week,Bin,week,16,17, 0.00538471545093661529274298161
West Virginia,Season peak week,Bin,week,17,18, 0.00258395589031227635237741858
West Virginia,Season peak week,Bin,week,18,19, 0.00106797206402713140173388329
West Virginia,Season peak week,Bin,week,19,20, 0.00037858533720632381227438890
West Virginia,Season peak week,Bin,week,20,21, 0.00020815044337314472138247834
West Virginia,Season peak percentage,Bin,percent,0,0.1, 0.00023000535144747420875609156
West Virginia,Season peak percentage,Bin,percent,0.1,0.2, 0.00070807432685449631960816763
West Virginia,Season peak percentage,Bin,percent,0.2,0.3, 0.00118597359488964025804602631
West Virginia,Season peak percentage,Bin,percent,0.3,0.4, 0.00188112384964930789456316607
West Virginia,Season peak percentage,Bin,percent,0.4,0.5, 0.00282637207936837359101289735
West Virginia,Season peak percentage,Bin,percent,0.5,0.6, 0.00402210451397263992617814310
West Virginia,Season peak percentage,Bin,percent,0.6,0.7, 0.00542128715351792959953325379
West Virginia,Season peak percentage,Bin,percent,0.7,0.8, 0.00692116712076968915862140719
West Virginia,Season peak percentage,Bin,percent,0.8,0.9, 0.00836930936396948488287250711
West Virginia,Season peak percentage,Bin,percent,0.9,1, 0.00958561202944975369877322890
West Virginia,Season peak percentage,Bin,percent,1,1.1, 0.01039846956797884497403217097
West Virginia,Season peak percentage,Bin,percent,1.1,1.2, 0.01068493056784938777248328279
West Virginia,Season peak percentage,Bin,percent,1.2,1.3, 0.01039835960980774534623272132
West Virginia,Season peak percentage,Bin,percent,1.3,1.4, 0.00958571008073136505978073529
West Virginia,Season peak percentage,Bin,percent,1.4,1.5, 0.00836920957795582280691615296
West Virginia,Season peak percentage,Bin,percent,1.5,1.6, 0.00692118379023292425861191290
West Virginia,Season peak percentage,Bin,percent,1.6,1.7, 0.00542123996901808149345702859
West Virginia,Season peak percentage,Bin,percent,1.7,1.8, 0.00402215656764680698498359845
West Virginia,Season peak percentage,Bin,percent,1.8,1.9, 0.00282632696769519490762045955
West Virginia,Season peak percentage,Bin,percent,1.9,2, 0.00188112919755992679879397222
West Virginia,Season peak percentage,Bin,percent,2,2.1, 0.00118599422922787919344733698
West Virginia,Season peak percentage,Bin,percent,2.1,2.2, 0.00070807030712203298042362043
West Virginia,Season peak percentage,Bin,percent,2.2,2.3, 0.00040052983891330178186848676
West Virginia,Season peak percentage,Bin,percent,2.3,2.4, 0.00021458845233953820772279664
West Virginia,Season peak percentage,Bin,percent,2.4,2.5, 0.00010902699971066380263580442
West Virginia,Season peak percentage,Bin,percent,2.5,2.6, 0.00005285937956506101882041618
West Virginia,Season peak percentage,Bin,percent,2.6,2.7, 0.00002537217185525931576460003
West Virginia,Season peak percentage,Bin,percent,2.7,2.8, 0.00001455346098657589199582008
West Virginia,Season peak percentage,Bin,percent,2.8,2.9, 0.00001527470163531718138944134
West Virginia,Season peak percentage,Bin,percent,2.9,3, 0.00002876862924180024604775552
West Virginia,Season peak percentage,Bin,percent,3,3.1, 0.00006363560886672714727446687
West Virginia,Season peak percentage,Bin,percent,3.1,3.2, 0.00013872705065462505465666287
West Virginia,Season peak percentage,Bin,percent,3.2,3.3, 0.00028862811889442824015566957
West Virginia,Season peak percentage,Bin,percent,3.3,3.4, 0.00056921818830790867852625903
West Virginia,Season peak percentage,Bin,percent,3.4,3.5, 0.00106372332954435765660361479
West Virginia,Season peak percentage,Bin,percent,3.5,3.6, 0.00188428554238392301396765038
West Virginia,Season peak percentage,Bin,percent,3.6,3.7, 0.00316197971027965462828546173
West Virginia,Season peak percentage,Bin,percent,3.7,3.8, 0.00503191724481976548899453405
West Virginia,Season peak percentage,Bin,percent,3.8,3.9, 0.00759393504938477882648673045
West Virginia,Season peak percentage,Bin,percent,3.9,4, 0.01087716487358979938759873107
West Virginia,Season peak percentage,Bin,percent,4,4.1, 0.01480262639346560833708554838
West Virginia,Season peak percentage,Bin,percent,4.1,4.2, 0.01916590323460475031591698780
West Virginia,Season peak percentage,Bin,percent,4.2,4.3, 0.02366199209850567905522034096
West Virginia,Season peak percentage,Bin,percent,4.3,4.4, 0.02794042394082883740136225015
West Virginia,Season peak percentage,Bin,percent,4.4,4.5, 0.03169143582554633659098541898
West Virginia,Season peak percentage,Bin,percent,4.5,4.6, 0.03472557348594137310859863987
West Virginia,Season peak percentage,Bin,percent,4.6,4.7, 0.03702277328778147413856913772
West Virginia,Season peak percentage,Bin,percent,4.7,4.8, 0.03871305335009818382463464559
West Virginia,Season peak percentage,Bin,percent,4.8,4.9, 0.04001054553376718475599105318
West Virginia,Season peak percentage,Bin,percent,4.9,5, 0.04110359136940595209397386611
West Virginia,Season peak percentage,Bin,percent,5,5.1, 0.04205888150630658628426061796
West Virginia,Season peak percentage,Bin,percent,5.1,5.2, 0.04277480908597968561890567685
West Virginia,Season peak percentage,Bin,percent,5.2,5.3, 0.04300064019697769773786788505
West Virginia,Season peak percentage,Bin,percent,5.3,5.4, 0.04242192162700963997679082240
West Virginia,Season peak percentage,Bin,percent,5.4,5.5, 0.04077521738594821337775542247
West Virginia,Season peak percentage,Bin,percent,5.5,5.6, 0.03794147720513395272146084380
West Virginia,Season peak percentage,Bin,percent,5.6,5.7, 0.03401063339395953705190933647
West Virginia,Season peak percentage,Bin,percent,5.7,5.8, 0.02925888867488011385598056791
West Virginia,Season peak percentage,Bin,percent,5.8,5.9, 0.02409594832151594132052530028
West Virginia,Season peak percentage,Bin,percent,5.9,6, 0.01896692982191206661157778512
West Virginia,Season peak percentage,Bin,percent,6,6.1, 0.01426823345781236263007940579
West Virginia,Season peak percentage,Bin,percent,6.1,6.2, 0.01028410912688696408900934642
West Virginia,Season peak percentage,Bin,percent,6.2,6.3, 0.00716985128488030303006706134
West Virginia,Season peak percentage,Bin,percent,6.3,6.4, 0.00496436744369568513923773878
West Virginia,Season peak percentage,Bin,percent,6.4,6.5, 0.00362667985087889973086494599
West Virginia,Season peak percentage,Bin,percent,6.5,6.6, 0.00307831719176745446583942645
West Virginia,Season peak percentage,Bin,percent,6.6,6.7, 0.00322589687111246321143953608
West Virginia,Season peak percentage,Bin,percent,6.7,6.8, 0.00397661492350044089294502925
West Virginia,Season peak percentage,Bin,percent,6.8,6.9, 0.00522501674387540124278039855
West Virginia,Season peak percentage,Bin,percent,6.9,7, 0.00683679779535458116701551745
West Virginia,Season peak percentage,Bin,percent,7,7.1, 0.00863600903319517929079829344
West Virginia,Season peak percentage,Bin,percent,7.1,7.2, 0.01040335547572640399749399620
West Virginia,Season peak percentage,Bin,percent,7.2,7.3, 0.01189957500663922120021087636
West Virginia,Season peak percentage,Bin,percent,7.3,7.4, 0.01290226906190537238539040032
West Virginia,Season peak percentage,Bin,percent,7.4,7.5, 0.01325561584920769385431693621
West Virginia,Season peak percentage,Bin,percent,7.5,7.6, 0.01289946748248477215170737509
West Virginia,Season peak percentage,Bin,percent,7.6,7.7, 0.01189085318067247681872444787
West Virginia,Season peak percentage,Bin,percent,7.7,7.8, 0.01038196434091376990638266875
West Virginia,Season peak percentage,Bin,percent,7.8,7.9, 0.00858554939092572369507827545
West Virginia,Season peak percentage,Bin,percent,7.9,8, 0.00672497624102696631154252316
West Virginia,Season peak percentage,Bin,percent,8,8.1, 0.00498932217152350549610462238
West Virginia,Season peak percentage,Bin,percent,8.1,8.2, 0.00350604494268240505366884818
West Virginia,Season peak percentage,Bin,percent,8.2,8.3, 0.00233348769842998352702645448
West Virginia,Season peak percentage,Bin,percent,8.3,8.4, 0.00147117094543544905602128203
West Virginia,Season peak percentage,Bin,percent,8.4,8.5, 0.00087834870500523814888793606
West Virginia,Season peak percentage,Bin,percent,8.5,8.6, 0.00049681289013600387315106044
West Virginia,Season peak percentage,Bin,percent,8.6,8.7, 0.00026612424082842031820839157
West Virginia,Season peak percentage,Bin,percent,8.7,8.8, 0.00015569364179822531139320285
West Virginia,Season peak percentage,Bin,percent,8.8,8.9, 0.00014967932801026689838483352
West Virginia,Season peak percentage,Bin,percent,8.9,9, 0.00014967932801026689838483352
West Virginia,Season peak percentage,Bin,percent,9,9.1, 0.00014967932801026689838483352
West Virginia,Season peak percentage,Bin,percent,9.1,9.2, 0.00014967932801026689838483352
West Virginia,Season peak percentage,Bin,percent,9.2,9.3, 0.00014967932801026689838483352
West Virginia,Season peak percentage,Bin,percent,9.3,9.4, 0.00014967932801026689838483352
West Virginia,Season peak percentage,Bin,percent,9.4,9.5, 0.00014967932801026689838483352
West Virginia,Season peak percentage,Bin,percent,9.5,9.6, 0.00014967932801026689838483352
West Virginia,Season peak percentage,Bin,percent,9.6,9.7, 0.00014967932801026689838483352
West Virginia,Season peak percentage,Bin,percent,9.7,9.8, 0.00014967932801026689838483352
West Virginia,Season peak percentage,Bin,percent,9.8,9.9, 0.00014967932801026689838483352
West Virginia,Season peak percentage,Bin,percent,9.9,10, 0.00014967932801026689838483352
West Virginia,Season peak percentage,Bin,percent,10,10.1, 0.00014967932801026689838483352
West Virginia,Season peak percentage,Bin,percent,10.1,10.2, 0.00014967932801026689838483352
West Virginia,Season peak percentage,Bin,percent,10.2,10.3, 0.00014967932801026689838483352
West Virginia,Season peak percentage,Bin,percent,10.3,10.4, 0.00014967932801026689838483352
West Virginia,Season peak percentage,Bin,percent,10.4,10.5, 0.00014967932801026689838483352
West Virginia,Season peak percentage,Bin,percent,10.5,10.6, 0.00014967932801026689838483352
West Virginia,Season peak percentage,Bin,percent,10.6,10.7, 0.00014967932801026689838483352
West Virginia,Season peak percentage,Bin,percent,10.7,10.8, 0.00014967932801026689838483352
West Virginia,Season peak percentage,Bin,percent,10.8,10.9, 0.00014967932801026689838483352
West Virginia,Season peak percentage,Bin,percent,10.9,11, 0.00014967932801026689838483352
West Virginia,Season peak percentage,Bin,percent,11,11.1, 0.00014967932801026689838483352
West Virginia,Season peak percentage,Bin,percent,11.1,11.2, 0.00014967932801026689838483352
West Virginia,Season peak percentage,Bin,percent,11.2,11.3, 0.00014967932801026689838483352
West Virginia,Season peak percentage,Bin,percent,11.3,11.4, 0.00014967932801026689838483352
West Virginia,Season peak percentage,Bin,percent,11.4,11.5, 0.00014967932801026689838483352
West Virginia,Season peak percentage,Bin,percent,11.5,11.6, 0.00014967932801026689838483352
West Virginia,Season peak percentage,Bin,percent,11.6,11.7, 0.00014967932801026689838483352
West Virginia,Season peak percentage,Bin,percent,11.7,11.8, 0.00014967932801026689838483352
West Virginia,Season peak percentage,Bin,percent,11.8,11.9, 0.00014967932801026689838483352
West Virginia,Season peak percentage,Bin,percent,11.9,12, 0.00014967932801026689838483352
West Virginia,Season peak percentage,Bin,percent,12,12.1, 0.00014967932801026689838483352
West Virginia,Season peak percentage,Bin,percent,12.1,12.2, 0.00014967932801026689838483352
West Virginia,Season peak percentage,Bin,percent,12.2,12.3, 0.00014967932801026689838483352
West Virginia,Season peak percentage,Bin,percent,12.3,12.4, 0.00014967932801026689838483352
West Virginia,Season peak percentage,Bin,percent,12.4,12.5, 0.00014967932801026689838483352
West Virginia,Season peak percentage,Bin,percent,12.5,12.6, 0.00014967932801026689838483352
West Virginia,Season peak percentage,Bin,percent,12.6,12.7, 0.00014967932801026689838483352
West Virginia,Season peak percentage,Bin,percent,12.7,12.8, 0.00014967932801026689838483352
West Virginia,Season peak percentage,Bin,percent,12.8,12.9, 0.00014967932801026689838483352
West Virginia,Season peak percentage,Bin,percent,12.9,13, 0.00014967932801026689838483352
West Virginia,Season peak percentage,Bin,percent,13,100, 0.00014967932801026689838483352
West Virginia,1 wk ahead,Bin,percent,0,0.1, 0.00270976333455170319622351549
West Virginia,1 wk ahead,Bin,percent,0.1,0.2, 0.00585202561046496705365882463
West Virginia,1 wk ahead,Bin,percent,0.2,0.3, 0.00643975776609616822054871221
West Virginia,1 wk ahead,Bin,percent,0.3,0.4, 0.00703628337014993322090505856
West Virginia,1 wk ahead,Bin,percent,0.4,0.5, 0.00763638440493266072023326174
West Virginia,1 wk ahead,Bin,percent,0.5,0.6, 0.00823475012835645468756151644
West Virginia,1 wk ahead,Bin,percent,0.6,0.7, 0.00882593664526602761366547156
West Virginia,1 wk ahead,Bin,percent,0.7,0.8, 0.00940426514292133641781390452
West Virginia,1 wk ahead,Bin,percent,0.8,0.9, 0.00996374013043757611463036028
West Virginia,1 wk ahead,Bin,percent,0.9,1, 0.01049793531540248701927620090
West Virginia,1 wk ahead,Bin,percent,1,1.1, 0.01100006959407489291746795601
West Virginia,1 wk ahead,Bin,percent,1.1,1.2, 0.01146290496943948300501148196
West Virginia,1 wk ahead,Bin,percent,1.2,1.3, 0.01187913966880474805898337820
West Virginia,1 wk ahead,Bin,percent,1.3,1.4, 0.01224149555538628884876484193
West Virginia,1 wk ahead,Bin,percent,1.4,1.5, 0.01254318187654302786671056680
West Virginia,1 wk ahead,Bin,percent,1.5,1.6, 0.01277854113794702102524514231
West Virginia,1 wk ahead,Bin,percent,1.6,1.7, 0.01294360283085682107595548729
West Virginia,1 wk ahead,Bin,percent,1.7,1.8, 0.01303666913251459551215116761
West Virginia,1 wk ahead,Bin,percent,1.8,1.9, 0.01305901444354250900969915961
West Virginia,1 wk ahead,Bin,percent,1.9,2, 0.01301531409289589241717877144
West Virginia,1 wk ahead,Bin,percent,2,2.1, 0.01291378417885324578207040247
West Virginia,1 wk ahead,Bin,percent,2.1,2.2, 0.01276655118359815849204963456
West Virginia,1 wk ahead,Bin,percent,2.2,2.3, 0.01258921256741905164711070597
West Virginia,1 wk ahead,Bin,percent,2.3,2.4, 0.01240042155735274556627167897
West Virginia,1 wk ahead,Bin,percent,2.4,2.5, 0.01222108819423105285917330320
West Virginia,1 wk ahead,Bin,percent,2.5,2.6, 0.01207340273762795741785414094
West Virginia,1 wk ahead,Bin,percent,2.6,2.7, 0.01197978067125571310924669888
West Virginia,1 wk ahead,Bin,percent,2.7,2.8, 0.01196130992922150512725032456
West Virginia,1 wk ahead,Bin,percent,2.8,2.9, 0.01203688434381914619530906663
West Virginia,1 wk ahead,Bin,percent,2.9,3, 0.01222152136816935172336506810
West Virginia,1 wk ahead,Bin,percent,3,3.1, 0.01252605268405186308977583565
West Virginia,1 wk ahead,Bin,percent,3.1,3.2, 0.01295590007758671939608330348
West Virginia,1 wk ahead,Bin,percent,3.2,3.3, 0.01351094655898486297795901834
West Virginia,1 wk ahead,Bin,percent,3.3,3.4, 0.01418514743785926138230912841
West Virginia,1 wk ahead,Bin,percent,3.4,3.5, 0.01496714002656144432146234635
West Virginia,1 wk ahead,Bin,percent,3.5,3.6, 0.01584030425616139714506402925
West Virginia,1 wk ahead,Bin,percent,3.6,3.7, 0.01678408786081912393295390018
West Virginia,1 wk ahead,Bin,percent,3.7,3.8, 0.01777460520226290321965656460
West Virginia,1 wk ahead,Bin,percent,3.8,3.9, 0.01878565883458242768977441983
West Virginia,1 wk ahead,Bin,percent,3.9,4, 0.01978989664324248831661634540
West Virginia,1 wk ahead,Bin,percent,4,4.1, 0.02075977635341423946369054931
West Virginia,1 wk ahead,Bin,percent,4.1,4.2, 0.02166855587784681860807900478
West Virginia,1 wk ahead,Bin,percent,4.2,4.3, 0.02249105284837052062818507636
West Virginia,1 wk ahead,Bin,percent,4.3,4.4, 0.02320409484739925642937663497
West Virginia,1 wk ahead,Bin,percent,4.4,4.5, 0.02378737351869079572064258343
West Virginia,1 wk ahead,Bin,percent,4.5,4.6, 0.02422350718272995445667916670
West Virginia,1 wk ahead,Bin,percent,4.6,4.7, 0.02449868546203287991702701731
West Virginia,1 wk ahead,Bin,percent,4.7,4.8, 0.02460232374489064108291636046
West Virginia,1 wk ahead,Bin,percent,4.8,4.9, 0.02452784793324411238835125459
West Virginia,1 wk ahead,Bin,percent,4.9,5, 0.02427215865282172230221746645
West Virginia,1 wk ahead,Bin,percent,5,5.1, 0.02383663335665225230242114662
West Virginia,1 wk ahead,Bin,percent,5.1,5.2, 0.02322626182557461366195994401
West Virginia,1 wk ahead,Bin,percent,5.2,5.3, 0.02245037504753905066579022787
West Virginia,1 wk ahead,Bin,percent,5.3,5.4, 0.02152172911520951539832147148
West Virginia,1 wk ahead,Bin,percent,5.4,5.5, 0.02045684001791541264947404954
West Virginia,1 wk ahead,Bin,percent,5.5,5.6, 0.01927540514164395243912331068
West Virginia,1 wk ahead,Bin,percent,5.6,5.7, 0.01799987626538646773299845449
West Virginia,1 wk ahead,Bin,percent,5.7,5.8, 0.01665442688529887582671307200
West Virginia,1 wk ahead,Bin,percent,5.8,5.9, 0.01526454718713437380683828337
West Virginia,1 wk ahead,Bin,percent,5.9,6, 0.01385577527190332697282215690
West Virginia,1 wk ahead,Bin,percent,6,6.1, 0.01245300874202591098760528610
West Virginia,1 wk ahead,Bin,percent,6.1,6.2, 0.01107960046403703123496509164
West Virginia,1 wk ahead,Bin,percent,6.2,6.3, 0.00975650231539558834836789458
West Virginia,1 wk ahead,Bin,percent,6.3,6.4, 0.00850168815532888547115142330
West Virginia,1 wk ahead,Bin,percent,6.4,6.5, 0.00732965961991264170621862561
West Virginia,1 wk ahead,Bin,percent,6.5,6.6, 0.00625109997636648546948112681
West Virginia,1 wk ahead,Bin,percent,6.6,6.7, 0.00527317189994578553596804582
West Virginia,1 wk ahead,Bin,percent,6.7,6.8, 0.00439911274907789622695686305
West Virginia,1 wk ahead,Bin,percent,6.8,6.9, 0.00362901593047481154166722384
West Virginia,1 wk ahead,Bin,percent,6.9,7, 0.00295996861300119786658546772
West Virginia,1 wk ahead,Bin,percent,7,7.1, 0.00238687979365312082438710384
West Virginia,1 wk ahead,Bin,percent,7.1,7.2, 0.00190268824018748690558855419
West Virginia,1 wk ahead,Bin,percent,7.2,7.3, 0.00149932287163499159549084894
West Virginia,1 wk ahead,Bin,percent,7.3,7.4, 0.00116776722924224617312927155
West Virginia,1 wk ahead,Bin,percent,7.4,7.5, 0.00089897562621241730671656223
West Virginia,1 wk ahead,Bin,percent,7.5,7.6, 0.00068391278324896650608194504
West Virginia,1 wk ahead,Bin,percent,7.6,7.7, 0.00051419479995418052378775009
West Virginia,1 wk ahead,Bin,percent,7.7,7.8, 0.00038204051674157367890147241
West Virginia,1 wk ahead,Bin,percent,7.8,7.9, 0.00028051280317796392985152387
West Virginia,1 wk ahead,Bin,percent,7.9,8, 0.00020375396028046618675591550
West Virginia,1 wk ahead,Bin,percent,8,8.1, 0.00017696872372855788121265297
West Virginia,1 wk ahead,Bin,percent,8.1,8.2, 0.00017696872372855948041085739
West Virginia,1 wk ahead,Bin,percent,8.2,8.3, 0.00017696872372855948041085739
West Virginia,1 wk ahead,Bin,percent,8.3,8.4, 0.00017696872372855948041085739
West Virginia,1 wk ahead,Bin,percent,8.4,8.5, 0.00017696872372855948041085739
West Virginia,1 wk ahead,Bin,percent,8.5,8.6, 0.00017696872372855948041085739
West Virginia,1 wk ahead,Bin,percent,8.6,8.7, 0.00017696872372855948041085739
West Virginia,1 wk ahead,Bin,percent,8.7,8.8, 0.00017696872372855948041085739
West Virginia,1 wk ahead,Bin,percent,8.8,8.9, 0.00017696872372855948041085739
West Virginia,1 wk ahead,Bin,percent,8.9,9, 0.00017696872372855948041085739
West Virginia,1 wk ahead,Bin,percent,9,9.1, 0.00017696872372855948041085739
West Virginia,1 wk ahead,Bin,percent,9.1,9.2, 0.00017696872372855948041085739
West Virginia,1 wk ahead,Bin,percent,9.2,9.3, 0.00017696872372855948041085739
West Virginia,1 wk ahead,Bin,percent,9.3,9.4, 0.00017696872372855948041085739
West Virginia,1 wk ahead,Bin,percent,9.4,9.5, 0.00017696872372855948041085739
West Virginia,1 wk ahead,Bin,percent,9.5,9.6, 0.00017696872372855948041085739
West Virginia,1 wk ahead,Bin,percent,9.6,9.7, 0.00017696872372855948041085739
West Virginia,1 wk ahead,Bin,percent,9.7,9.8, 0.00017696872372855948041085739
West Virginia,1 wk ahead,Bin,percent,9.8,9.9, 0.00017696872372855948041085739
West Virginia,1 wk ahead,Bin,percent,9.9,10, 0.00017696872372855948041085739
West Virginia,1 wk ahead,Bin,percent,10,10.1, 0.00017696872372855948041085739
West Virginia,1 wk ahead,Bin,percent,10.1,10.2, 0.00017696872372855948041085739
West Virginia,1 wk ahead,Bin,percent,10.2,10.3, 0.00017696872372855948041085739
West Virginia,1 wk ahead,Bin,percent,10.3,10.4, 0.00017696872372855948041085739
West Virginia,1 wk ahead,Bin,percent,10.4,10.5, 0.00017696872372855948041085739
West Virginia,1 wk ahead,Bin,percent,10.5,10.6, 0.00017696872372855948041085739
West Virginia,1 wk ahead,Bin,percent,10.6,10.7, 0.00017696872372855948041085739
West Virginia,1 wk ahead,Bin,percent,10.7,10.8, 0.00017696872372855948041085739
West Virginia,1 wk ahead,Bin,percent,10.8,10.9, 0.00017696872372855948041085739
West Virginia,1 wk ahead,Bin,percent,10.9,11, 0.00017696872372855948041085739
West Virginia,1 wk ahead,Bin,percent,11,11.1, 0.00017696872372855948041085739
West Virginia,1 wk ahead,Bin,percent,11.1,11.2, 0.00017696872372855948041085739
West Virginia,1 wk ahead,Bin,percent,11.2,11.3, 0.00017696872372855948041085739
West Virginia,1 wk ahead,Bin,percent,11.3,11.4, 0.00017696872372855948041085739
West Virginia,1 wk ahead,Bin,percent,11.4,11.5, 0.00017696872372855948041085739
West Virginia,1 wk ahead,Bin,percent,11.5,11.6, 0.00017696872372855948041085739
West Virginia,1 wk ahead,Bin,percent,11.6,11.7, 0.00017696872372855948041085739
West Virginia,1 wk ahead,Bin,percent,11.7,11.8, 0.00017696872372855948041085739
West Virginia,1 wk ahead,Bin,percent,11.8,11.9, 0.00017696872372855948041085739
West Virginia,1 wk ahead,Bin,percent,11.9,12, 0.00017696872372855948041085739
West Virginia,1 wk ahead,Bin,percent,12,12.1, 0.00017696872372855948041085739
West Virginia,1 wk ahead,Bin,percent,12.1,12.2, 0.00017696872372855948041085739
West Virginia,1 wk ahead,Bin,percent,12.2,12.3, 0.00017696872372855948041085739
West Virginia,1 wk ahead,Bin,percent,12.3,12.4, 0.00017696872372855948041085739
West Virginia,1 wk ahead,Bin,percent,12.4,12.5, 0.00017696872372855948041085739
West Virginia,1 wk ahead,Bin,percent,12.5,12.6, 0.00017696872372855948041085739
West Virginia,1 wk ahead,Bin,percent,12.6,12.7, 0.00017696872372855948041085739
West Virginia,1 wk ahead,Bin,percent,12.7,12.8, 0.00017696872372855948041085739
West Virginia,1 wk ahead,Bin,percent,12.8,12.9, 0.00017696872372855948041085739
West Virginia,1 wk ahead,Bin,percent,12.9,13, 0.00017696872372855948041085739
West Virginia,1 wk ahead,Bin,percent,13,100, 0.00017696872372855948041085739
West Virginia,2 wk ahead,Bin,percent,0,0.1, 0.00215061897531166603889096756
West Virginia,2 wk ahead,Bin,percent,0.1,0.2, 0.00463258183540907111236384353
West Virginia,2 wk ahead,Bin,percent,0.2,0.3, 0.00504667649081989248133206516
West Virginia,2 wk ahead,Bin,percent,0.3,0.4, 0.00541484740425835376492758044
West Virginia,2 wk ahead,Bin,percent,0.4,0.5, 0.00572444690982750262198130997
West Virginia,2 wk ahead,Bin,percent,0.5,0.6, 0.00596624345242544908141102411
West Virginia,2 wk ahead,Bin,percent,0.6,0.7, 0.00613517831324799766540278867
West Virginia,2 wk ahead,Bin,percent,0.7,0.8, 0.00623147927300211554313413842
West Virginia,2 wk ahead,Bin,percent,0.8,0.9, 0.00626115322751165555292818254
West Virginia,2 wk ahead,Bin,percent,0.9,1, 0.00623609822732022062163892429
West Virginia,2 wk ahead,Bin,percent,1,1.1, 0.00617364651991652441109792449
West Virginia,2 wk ahead,Bin,percent,1.1,1.2, 0.00609597072119208091556252782
West Virginia,2 wk ahead,Bin,percent,1.2,1.3, 0.00602870423508509046400805076
West Virginia,2 wk ahead,Bin,percent,1.3,1.4, 0.00599958696978379960040861363
West Virginia,2 wk ahead,Bin,percent,1.4,1.5, 0.00603669816995671196235839773
West Virginia,2 wk ahead,Bin,percent,1.5,1.6, 0.00616636672789978163011781476
West Virginia,2 wk ahead,Bin,percent,1.6,1.7, 0.00641200926823726809894443690
West Virginia,2 wk ahead,Bin,percent,1.7,1.8, 0.00679188961467860116000272441
West Virginia,2 wk ahead,Bin,percent,1.8,1.9, 0.00731828529850590218247541330
West Virginia,2 wk ahead,Bin,percent,1.9,2, 0.00799646928582977215005378469
West Virginia,2 wk ahead,Bin,percent,2,2.1, 0.00882443230842209526409991582
West Virginia,2 wk ahead,Bin,percent,2.1,2.2, 0.00979252170390207746231148178
West Virginia,2 wk ahead,Bin,percent,2.2,2.3, 0.01088494298445134844666171148
West Virginia,2 wk ahead,Bin,percent,2.3,2.4, 0.01207993035797422752553043068
West Virginia,2 wk ahead,Bin,percent,2.4,2.5, 0.01335162610173083394538018354
West Virginia,2 wk ahead,Bin,percent,2.5,2.6, 0.01467176818237377229625639785
West Virginia,2 wk ahead,Bin,percent,2.6,2.7, 0.01601144865374135375923891900
West Virginia,2 wk ahead,Bin,percent,2.7,2.8, 0.01734269489315781384575210211
West Virginia,2 wk ahead,Bin,percent,2.8,2.9, 0.01863999751668822535410896535
West Virginia,2 wk ahead,Bin,percent,2.9,3, 0.01988132476646143828591384306
West Virginia,2 wk ahead,Bin,percent,3,3.1, 0.02104880411794441547046474739
West Virginia,2 wk ahead,Bin,percent,3.1,3.2, 0.02212884079647629495535277044
West Virginia,2 wk ahead,Bin,percent,3.2,3.3, 0.02311144634232367017778742024
West Virginia,2 wk ahead,Bin,percent,3.3,3.4, 0.02398978009880079267923669306
West Virginia,2 wk ahead,Bin,percent,3.4,3.5, 0.02475904490764841564542919627
West Virginia,2 wk ahead,Bin,percent,3.5,3.6, 0.02541503151651357955698173896
West Virginia,2 wk ahead,Bin,percent,3.6,3.7, 0.02595332105088977991957932545
West Virginia,2 wk ahead,Bin,percent,3.7,3.8, 0.02636849209068609090067525358
West Virginia,2 wk ahead,Bin,percent,3.8,3.9, 0.02665342790236188696972874368
West Virginia,2 wk ahead,Bin,percent,3.9,4, 0.02679980599688286391213409843
West Virginia,2 wk ahead,Bin,percent,4,4.1, 0.02679887866741601995523858193
West Virginia,2 wk ahead,Bin,percent,4.1,4.2, 0.02664202682292484899995166359
West Virginia,2 wk ahead,Bin,percent,4.2,4.3, 0.02632261158662265940200164493
West Virginia,2 wk ahead,Bin,percent,4.3,4.4, 0.02583753866049381953118313504
West Virginia,2 wk ahead,Bin,percent,4.4,4.5, 0.02518878115173679363425485178
West Virginia,2 wk ahead,Bin,percent,4.5,4.6, 0.02438420576125057206984259039
West Virginia,2 wk ahead,Bin,percent,4.6,4.7, 0.02343892253836477382322733831
West Virginia,2 wk ahead,Bin,percent,4.7,4.8, 0.02237454753266079204854221985
West Virginia,2 wk ahead,Bin,percent,4.8,4.9, 0.02121884946075627137451746762
West Virginia,2 wk ahead,Bin,percent,4.9,5, 0.02000430361762406752945686605
West Virginia,2 wk ahead,Bin,percent,5,5.1, 0.01876593129381995059268284365
West Virginia,2 wk ahead,Bin,percent,5.1,5.2, 0.01753876781295361786394693127
West Virginia,2 wk ahead,Bin,percent,5.2,5.3, 0.01635540145132769254687765681
West Virginia,2 wk ahead,Bin,percent,5.3,5.4, 0.01524347503321700318668074914
West Virginia,2 wk ahead,Bin,percent,5.4,5.5, 0.01422370095549263524503658118
West Virginia,2 wk ahead,Bin,percent,5.5,5.6, 0.01330863002971239932026303876
West Virginia,2 wk ahead,Bin,percent,5.6,5.7, 0.01250164630505953486383496909
West Virginia,2 wk ahead,Bin,percent,5.7,5.8, 0.01179796986013726019237868314
West Virginia,2 wk ahead,Bin,percent,5.8,5.9, 0.01118514951636684004454558305
West Virginia,2 wk ahead,Bin,percent,5.9,6, 0.01064506862493389341417504568
West Virginia,2 wk ahead,Bin,percent,6,6.1, 0.01015614637409163918679855243
West Virginia,2 wk ahead,Bin,percent,6.1,6.2, 0.00969579164568893855924436309
West Virginia,2 wk ahead,Bin,percent,6.2,6.3, 0.00924252844235796088001588799
West Virginia,2 wk ahead,Bin,percent,6.3,6.4, 0.00877813600425157887496840914
West Virginia,2 wk ahead,Bin,percent,6.4,6.5, 0.00828903826140358832019749968
West Virginia,2 wk ahead,Bin,percent,6.5,6.6, 0.00776724230285577490334736339
West Virginia,2 wk ahead,Bin,percent,6.6,6.7, 0.00721057800677063400612842869
West Virginia,2 wk ahead,Bin,percent,6.7,6.8, 0.00662217347090975939905010961
West Virginia,2 wk ahead,Bin,percent,6.8,6.9, 0.00600978985630215480767679637
West Virginia,2 wk ahead,Bin,percent,6.9,7, 0.00538445821292138099983803912
West Virginia,2 wk ahead,Bin,percent,7,7.1, 0.00475911250811401290855551238
West Virginia,2 wk ahead,Bin,percent,7.1,7.2, 0.00414722985536504842873917198
West Virginia,2 wk ahead,Bin,percent,7.2,7.3, 0.00356152993668117784364923750
West Virginia,2 wk ahead,Bin,percent,7.3,7.4, 0.00301309859552056696560540239
West Virginia,2 wk ahead,Bin,percent,7.4,7.5, 0.00251058130822179792138171273
West Virginia,2 wk ahead,Bin,percent,7.5,7.6, 0.00205977825419688528527095706
West Virginia,2 wk ahead,Bin,percent,7.6,7.7, 0.00166372699296704574731253778
West Virginia,2 wk ahead,Bin,percent,7.7,7.8, 0.00132285797126767239173528168
West Virginia,2 wk ahead,Bin,percent,7.8,7.9, 0.00103530951200859317427871442
West Virginia,2 wk ahead,Bin,percent,7.9,8, 0.00079747106356226494378036662
West Virginia,2 wk ahead,Bin,percent,8,8.1, 0.00060456251307176498126921826
West Virginia,2 wk ahead,Bin,percent,8.1,8.2, 0.00045102787010275346849322298
West Virginia,2 wk ahead,Bin,percent,8.2,8.3, 0.00033112528862339860339855657
West Virginia,2 wk ahead,Bin,percent,8.3,8.4, 0.00023923270159637811060025780
West Virginia,2 wk ahead,Bin,percent,8.4,8.5, 0.00017010062168483841625425679
West Virginia,2 wk ahead,Bin,percent,8.5,8.6, 0.00011900343980015993942175173
West Virginia,2 wk ahead,Bin,percent,8.6,8.7, 0.00008659809095789326261003588
West Virginia,2 wk ahead,Bin,percent,8.7,8.8, 0.00008335752286778290605622627
West Virginia,2 wk ahead,Bin,percent,8.8,8.9, 0.00008335752286778290605622627
West Virginia,2 wk ahead,Bin,percent,8.9,9, 0.00008335752286778290605622627
West Virginia,2 wk ahead,Bin,percent,9,9.1, 0.00008335752286778290605622627
West Virginia,2 wk ahead,Bin,percent,9.1,9.2, 0.00008335752286778290605622627
West Virginia,2 wk ahead,Bin,percent,9.2,9.3, 0.00008335752286778290605622627
West Virginia,2 wk ahead,Bin,percent,9.3,9.4, 0.00008335752286778290605622627
West Virginia,2 wk ahead,Bin,percent,9.4,9.5, 0.00008335752286778290605622627
West Virginia,2 wk ahead,Bin,percent,9.5,9.6, 0.00008335752286778290605622627
West Virginia,2 wk ahead,Bin,percent,9.6,9.7, 0.00008335752286778290605622627
West Virginia,2 wk ahead,Bin,percent,9.7,9.8, 0.00008335752286778290605622627
West Virginia,2 wk ahead,Bin,percent,9.8,9.9, 0.00008335752286778290605622627
West Virginia,2 wk ahead,Bin,percent,9.9,10, 0.00008335752286778290605622627
West Virginia,2 wk ahead,Bin,percent,10,10.1, 0.00008335752286778290605622627
West Virginia,2 wk ahead,Bin,percent,10.1,10.2, 0.00008335752286778290605622627
West Virginia,2 wk ahead,Bin,percent,10.2,10.3, 0.00008335752286778290605622627
West Virginia,2 wk ahead,Bin,percent,10.3,10.4, 0.00008335752286778290605622627
West Virginia,2 wk ahead,Bin,percent,10.4,10.5, 0.00008335752286778290605622627
West Virginia,2 wk ahead,Bin,percent,10.5,10.6, 0.00008335752286778290605622627
West Virginia,2 wk ahead,Bin,percent,10.6,10.7, 0.00008335752286778290605622627
West Virginia,2 wk ahead,Bin,percent,10.7,10.8, 0.00008335752286778290605622627
West Virginia,2 wk ahead,Bin,percent,10.8,10.9, 0.00008335752286778290605622627
West Virginia,2 wk ahead,Bin,percent,10.9,11, 0.00008335752286778290605622627
West Virginia,2 wk ahead,Bin,percent,11,11.1, 0.00008335752286778290605622627
West Virginia,2 wk ahead,Bin,percent,11.1,11.2, 0.00008335752286778290605622627
West Virginia,2 wk ahead,Bin,percent,11.2,11.3, 0.00008335752286778290605622627
West Virginia,2 wk ahead,Bin,percent,11.3,11.4, 0.00008335752286778290605622627
West Virginia,2 wk ahead,Bin,percent,11.4,11.5, 0.00008335752286778290605622627
West Virginia,2 wk ahead,Bin,percent,11.5,11.6, 0.00008335752286778290605622627
West Virginia,2 wk ahead,Bin,percent,11.6,11.7, 0.00008335752286778290605622627
West Virginia,2 wk ahead,Bin,percent,11.7,11.8, 0.00008335752286778290605622627
West Virginia,2 wk ahead,Bin,percent,11.8,11.9, 0.00008335752286778290605622627
West Virginia,2 wk ahead,Bin,percent,11.9,12, 0.00008335752286778290605622627
West Virginia,2 wk ahead,Bin,percent,12,12.1, 0.00008335752286778290605622627
West Virginia,2 wk ahead,Bin,percent,12.1,12.2, 0.00008335752286778290605622627
West Virginia,2 wk ahead,Bin,percent,12.2,12.3, 0.00008335752286778290605622627
West Virginia,2 wk ahead,Bin,percent,12.3,12.4, 0.00008335752286778290605622627
West Virginia,2 wk ahead,Bin,percent,12.4,12.5, 0.00008335752286778290605622627
West Virginia,2 wk ahead,Bin,percent,12.5,12.6, 0.00008335752286778290605622627
West Virginia,2 wk ahead,Bin,percent,12.6,12.7, 0.00008335752286778290605622627
West Virginia,2 wk ahead,Bin,percent,12.7,12.8, 0.00008335752286778290605622627
West Virginia,2 wk ahead,Bin,percent,12.8,12.9, 0.00008335752286778290605622627
West Virginia,2 wk ahead,Bin,percent,12.9,13, 0.00008335752286778290605622627
West Virginia,2 wk ahead,Bin,percent,13,100, 0.00008335752286778290605622627
West Virginia,3 wk ahead,Bin,percent,0,0.1, 0.00022704547323998251241727875
West Virginia,3 wk ahead,Bin,percent,0.1,0.2, 0.00087573964766707724886873887
West Virginia,3 wk ahead,Bin,percent,0.2,0.3, 0.00185148303161860173886299474
West Virginia,3 wk ahead,Bin,percent,0.3,0.4, 0.00349506024242916303601536043
West Virginia,3 wk ahead,Bin,percent,0.4,0.5, 0.00589075455616166771682928882
West Virginia,3 wk ahead,Bin,percent,0.5,0.6, 0.00886693183770144444100225201
West Virginia,3 wk ahead,Bin,percent,0.6,0.7, 0.01191752916225768954561203827
West Virginia,3 wk ahead,Bin,percent,0.7,0.8, 0.01430381149669511867128512961
West Virginia,3 wk ahead,Bin,percent,0.8,0.9, 0.01532904087536535002456172805
West Virginia,3 wk ahead,Bin,percent,0.9,1, 0.01467077441329857345753140407
West Virginia,3 wk ahead,Bin,percent,1,1.1, 0.01253770104024148034083108172
West Virginia,3 wk ahead,Bin,percent,1.1,1.2, 0.00956788692644319586910750530
West Virginia,3 wk ahead,Bin,percent,1.2,1.3, 0.00652006164953803334094484256
West Virginia,3 wk ahead,Bin,percent,1.3,1.4, 0.00396773251895455713461613456
West Virginia,3 wk ahead,Bin,percent,1.4,1.5, 0.00215663072142797864610974656
West Virginia,3 wk ahead,Bin,percent,1.5,1.6, 0.00104962868860339494057887233
West Virginia,3 wk ahead,Bin,percent,1.6,1.7, 0.00046833249709217201865729674
West Virginia,3 wk ahead,Bin,percent,1.7,1.8, 0.00023049825141815299435477105
West Virginia,3 wk ahead,Bin,percent,1.8,1.9, 0.00024144996502725168409896062
West Virginia,3 wk ahead,Bin,percent,1.9,2, 0.00055014297325406782447621001
West Virginia,3 wk ahead,Bin,percent,2,2.1, 0.00140269927868947761814832909
West Virginia,3 wk ahead,Bin,percent,2.1,2.2, 0.00329511594672606943773329746
West Virginia,3 wk ahead,Bin,percent,2.2,2.3, 0.00696360543436791955274056676
West Virginia,3 wk ahead,Bin,percent,2.3,2.4, 0.01320453007565561796832209751
West Virginia,3 wk ahead,Bin,percent,2.4,2.5, 0.02248926713803413995895752464
West Virginia,3 wk ahead,Bin,percent,2.5,2.6, 0.03443555051263887112344974639
West Virginia,3 wk ahead,Bin,percent,2.6,2.7, 0.04748872327389795644503323047
West Virginia,3 wk ahead,Bin,percent,2.7,2.8, 0.05914794212959520458561257783
West Virginia,3 wk ahead,Bin,percent,2.8,2.9, 0.06687098802494301219567773842
West Virginia,3 wk ahead,Bin,percent,2.9,3, 0.06922073604842929328562206592
West Virginia,3 wk ahead,Bin,percent,3,3.1, 0.06658052949554972566037491788
West Virginia,3 wk ahead,Bin,percent,3.1,3.2, 0.06084941335108273036125225985
West Virginia,3 wk ahead,Bin,percent,3.2,3.3, 0.05428769669306129919128522943
West Virginia,3 wk ahead,Bin,percent,3.3,3.4, 0.04831079996893034717020398716
West Virginia,3 wk ahead,Bin,percent,3.4,3.5, 0.04300065964704254117823012393
West Virginia,3 wk ahead,Bin,percent,3.5,3.6, 0.03758475519315084001359394961
West Virginia,3 wk ahead,Bin,percent,3.6,3.7, 0.03136577555451901255789692868
West Virginia,3 wk ahead,Bin,percent,3.7,3.8, 0.02436648748413834317250170614
West Virginia,3 wk ahead,Bin,percent,3.8,3.9, 0.01731177019471908523629011256
West Virginia,3 wk ahead,Bin,percent,3.9,4, 0.01112780829742215579769570866
West Virginia,3 wk ahead,Bin,percent,4,4.1, 0.00643269925085890401789123771
West Virginia,3 wk ahead,Bin,percent,4.1,4.2, 0.00333334617595624051536451482
West Virginia,3 wk ahead,Bin,percent,4.2,4.3, 0.00154483450244365084179365422
West Virginia,3 wk ahead,Bin,percent,4.3,4.4, 0.00064026397225294988044264066
West Virginia,3 wk ahead,Bin,percent,4.4,4.5, 0.00023710049314195919684111757
West Virginia,3 wk ahead,Bin,percent,4.5,4.6, 0.00007835940746087986916081775
West Virginia,3 wk ahead,Bin,percent,4.6,4.7, 0.00002315479453150624317885400
West Virginia,3 wk ahead,Bin,percent,4.7,4.8, 0.00000610293397340797420146585
West Virginia,3 wk ahead,Bin,percent,4.8,4.9, 0.00000143723825730940583712836
West Virginia,3 wk ahead,Bin,percent,4.9,5, 0.00000030680645830708496079873
West Virginia,3 wk ahead,Bin,percent,5,5.1, 0.00000008408414310839183137292
West Virginia,3 wk ahead,Bin,percent,5.1,5.2, 0.00000015802561000927975195934
West Virginia,3 wk ahead,Bin,percent,5.2,5.3, 0.00000071992690760780105642549
West Virginia,3 wk ahead,Bin,percent,5.3,5.4, 0.00000309666976550167246423260
West Virginia,3 wk ahead,Bin,percent,5.4,5.5, 0.00001194312348070258555346630
West Virginia,3 wk ahead,Bin,percent,5.5,5.6, 0.00004108941190710353123360238
West Virginia,3 wk ahead,Bin,percent,5.6,5.7, 0.00012615063729290456836541756
West Virginia,3 wk ahead,Bin,percent,5.7,5.8, 0.00034632395789169494355885792
West Virginia,3 wk ahead,Bin,percent,5.8,5.9, 0.00084808507933788288436077751
West Virginia,3 wk ahead,Bin,percent,5.9,6, 0.00185470327297903355562302963
West Virginia,3 wk ahead,Bin,percent,6,6.1, 0.00362335743815404972764659952
West Virginia,3 wk ahead,Bin,percent,6.1,6.2, 0.00631868787360427563992715250
West Virginia,3 wk ahead,Bin,percent,6.2,6.3, 0.00984089754051731789574741782
West Virginia,3 wk ahead,Bin,percent,6.3,6.4, 0.01368530860211357967626266685
West Virginia,3 wk ahead,Bin,percent,6.4,6.5, 0.01699546576674022466124647224
West Virginia,3 wk ahead,Bin,percent,6.5,6.6, 0.01884565009939672200478533171
West Virginia,3 wk ahead,Bin,percent,6.6,6.7, 0.01866257718519854363892207516
West Virginia,3 wk ahead,Bin,percent,6.7,6.8, 0.01650229911652372968844382228
West Virginia,3 wk ahead,Bin,percent,6.8,6.9, 0.01303009970805934884807708585
West Virginia,3 wk ahead,Bin,percent,6.9,7, 0.00918738227819879821334225767
West Virginia,3 wk ahead,Bin,percent,7,7.1, 0.00578448476306872398644554067
West Virginia,3 wk ahead,Bin,percent,7.1,7.2, 0.00325251918230219129457569949
West Virginia,3 wk ahead,Bin,percent,7.2,7.3, 0.00163253615359154331636293289
West Virginia,3 wk ahead,Bin,percent,7.3,7.4, 0.00073204159921361753367990977
West Virginia,3 wk ahead,Bin,percent,7.4,7.5, 0.00029809491876888768004463803
West Virginia,3 wk ahead,Bin,percent,7.5,7.6, 0.00021527764819408753537571810
West Virginia,3 wk ahead,Bin,percent,7.6,7.7, 0.00021527764819408753537571810
West Virginia,3 wk ahead,Bin,percent,7.7,7.8, 0.00021527764819408753537571810
West Virginia,3 wk ahead,Bin,percent,7.8,7.9, 0.00021527764819408753537571810
West Virginia,3 wk ahead,Bin,percent,7.9,8, 0.00021527764819408753537571810
West Virginia,3 wk ahead,Bin,percent,8,8.1, 0.00021527764819408945983457426
West Virginia,3 wk ahead,Bin,percent,8.1,8.2, 0.00021527764819409138429343042
West Virginia,3 wk ahead,Bin,percent,8.2,8.3, 0.00021527764819409138429343042
West Virginia,3 wk ahead,Bin,percent,8.3,8.4, 0.00021527764819409138429343042
West Virginia,3 wk ahead,Bin,percent,8.4,8.5, 0.00021527764819409138429343042
West Virginia,3 wk ahead,Bin,percent,8.5,8.6, 0.00021527764819409138429343042
West Virginia,3 wk ahead,Bin,percent,8.6,8.7, 0.00021527764819409138429343042
West Virginia,3 wk ahead,Bin,percent,8.7,8.8, 0.00021527764819409138429343042
West Virginia,3 wk ahead,Bin,percent,8.8,8.9, 0.00021527764819409138429343042
West Virginia,3 wk ahead,Bin,percent,8.9,9, 0.00021527764819409138429343042
West Virginia,3 wk ahead,Bin,percent,9,9.1, 0.00021527764819409138429343042
West Virginia,3 wk ahead,Bin,percent,9.1,9.2, 0.00021527764819409138429343042
West Virginia,3 wk ahead,Bin,percent,9.2,9.3, 0.00021527764819409138429343042
West Virginia,3 wk ahead,Bin,percent,9.3,9.4, 0.00021527764819409138429343042
West Virginia,3 wk ahead,Bin,percent,9.4,9.5, 0.00021527764819409138429343042
West Virginia,3 wk ahead,Bin,percent,9.5,9.6, 0.00021527764819409138429343042
West Virginia,3 wk ahead,Bin,percent,9.6,9.7, 0.00021527764819409138429343042
West Virginia,3 wk ahead,Bin,percent,9.7,9.8, 0.00021527764819409138429343042
West Virginia,3 wk ahead,Bin,percent,9.8,9.9, 0.00021527764819409138429343042
West Virginia,3 wk ahead,Bin,percent,9.9,10, 0.00021527764819409138429343042
West Virginia,3 wk ahead,Bin,percent,10,10.1, 0.00021527764819409138429343042
West Virginia,3 wk ahead,Bin,percent,10.1,10.2, 0.00021527764819409138429343042
West Virginia,3 wk ahead,Bin,percent,10.2,10.3, 0.00021527764819409138429343042
West Virginia,3 wk ahead,Bin,percent,10.3,10.4, 0.00021527764819409138429343042
West Virginia,3 wk ahead,Bin,percent,10.4,10.5, 0.00021527764819409138429343042
West Virginia,3 wk ahead,Bin,percent,10.5,10.6, 0.00021527764819409138429343042
West Virginia,3 wk ahead,Bin,percent,10.6,10.7, 0.00021527764819409138429343042
West Virginia,3 wk ahead,Bin,percent,10.7,10.8, 0.00021527764819409138429343042
West Virginia,3 wk ahead,Bin,percent,10.8,10.9, 0.00021527764819409138429343042
West Virginia,3 wk ahead,Bin,percent,10.9,11, 0.00021527764819409138429343042
West Virginia,3 wk ahead,Bin,percent,11,11.1, 0.00021527764819409138429343042
West Virginia,3 wk ahead,Bin,percent,11.1,11.2, 0.00021527764819409138429343042
West Virginia,3 wk ahead,Bin,percent,11.2,11.3, 0.00021527764819409138429343042
West Virginia,3 wk ahead,Bin,percent,11.3,11.4, 0.00021527764819409138429343042
West Virginia,3 wk ahead,Bin,percent,11.4,11.5, 0.00021527764819409138429343042
West Virginia,3 wk ahead,Bin,percent,11.5,11.6, 0.00021527764819409138429343042
West Virginia,3 wk ahead,Bin,percent,11.6,11.7, 0.00021527764819409138429343042
West Virginia,3 wk ahead,Bin,percent,11.7,11.8, 0.00021527764819409138429343042
West Virginia,3 wk ahead,Bin,percent,11.8,11.9, 0.00021527764819409138429343042
West Virginia,3 wk ahead,Bin,percent,11.9,12, 0.00021527764819409138429343042
West Virginia,3 wk ahead,Bin,percent,12,12.1, 0.00021527764819409138429343042
West Virginia,3 wk ahead,Bin,percent,12.1,12.2, 0.00021527764819409138429343042
West Virginia,3 wk ahead,Bin,percent,12.2,12.3, 0.00021527764819409138429343042
West Virginia,3 wk ahead,Bin,percent,12.3,12.4, 0.00021527764819409138429343042
West Virginia,3 wk ahead,Bin,percent,12.4,12.5, 0.00021527764819409138429343042
West Virginia,3 wk ahead,Bin,percent,12.5,12.6, 0.00021527764819409138429343042
West Virginia,3 wk ahead,Bin,percent,12.6,12.7, 0.00021527764819409138429343042
West Virginia,3 wk ahead,Bin,percent,12.7,12.8, 0.00021527764819409138429343042
West Virginia,3 wk ahead,Bin,percent,12.8,12.9, 0.00021527764819409138429343042
West Virginia,3 wk ahead,Bin,percent,12.9,13, 0.00021527764819409138429343042
West Virginia,3 wk ahead,Bin,percent,13,100, 0.00021527764819409138429343042
West Virginia,4 wk ahead,Bin,percent,0,0.1, 0.00443082507876542061597824329
West Virginia,4 wk ahead,Bin,percent,0.1,0.2, 0.00952766550941455334089447149
West Virginia,4 wk ahead,Bin,percent,0.2,0.3, 0.01044416898441247534834452892
West Virginia,4 wk ahead,Bin,percent,0.3,0.4, 0.01138940470535663648798951897
West Virginia,4 wk ahead,Bin,percent,0.4,0.5, 0.01235551629549656166284776759
West Virginia,4 wk ahead,Bin,percent,0.5,0.6, 0.01333388698243556311218149801
West Virginia,4 wk ahead,Bin,percent,0.6,0.7, 0.01431476746739091497617746285
West Virginia,4 wk ahead,Bin,percent,0.7,0.8, 0.01528758251060359681094968920
West Virginia,4 wk ahead,Bin,percent,0.8,0.9, 0.01624130693225134605683912525
West Virginia,4 wk ahead,Bin,percent,0.9,1, 0.01716414379807941481548283491
West Virginia,4 wk ahead,Bin,percent,1,1.1, 0.01804474714886576333650047843
West Virginia,4 wk ahead,Bin,percent,1.1,1.2, 0.01887119355800095932274018651
West Virginia,4 wk ahead,Bin,percent,1.2,1.3, 0.01963303722905561723988121514
West Virginia,4 wk ahead,Bin,percent,1.3,1.4, 0.02031956661668632771466924680
West Virginia,4 wk ahead,Bin,percent,1.4,1.5, 0.02092256941432048267248688944
West Virginia,4 wk ahead,Bin,percent,1.5,1.6, 0.02143392784015702573485739890
West Virginia,4 wk ahead,Bin,percent,1.6,1.7, 0.02184887720027716556669972192
West Virginia,4 wk ahead,Bin,percent,1.7,1.8, 0.02216306497326823651827787387
West Virginia,4 wk ahead,Bin,percent,1.8,1.9, 0.02237600239733980936329693634
West Virginia,4 wk ahead,Bin,percent,1.9,2, 0.02248779997312181505586536900
West Virginia,4 wk ahead,Bin,percent,2,2.1, 0.02250249830278950452511210756
West Virginia,4 wk ahead,Bin,percent,2.1,2.2, 0.02242468427377546785761452952
West Virginia,4 wk ahead,Bin,percent,2.2,2.3, 0.02226244834854442661287166061
West Virginia,4 wk ahead,Bin,percent,2.3,2.4, 0.02202415810836035742203975474
West Virginia,4 wk ahead,Bin,percent,2.4,2.5, 0.02172078704357471856667416432
West Virginia,4 wk ahead,Bin,percent,2.5,2.6, 0.02136315957119052158508232253
West Virginia,4 wk ahead,Bin,percent,2.6,2.7, 0.02096347904029058697994436500
West Virginia,4 wk ahead,Bin,percent,2.7,2.8, 0.02053326210231449372445311496
West Virginia,4 wk ahead,Bin,percent,2.8,2.9, 0.02008414819692483713198249973
West Virginia,4 wk ahead,Bin,percent,2.9,3, 0.01962656623627685725796965244
West Virginia,4 wk ahead,Bin,percent,3,3.1, 0.01916993185927837531346007438
West Virginia,4 wk ahead,Bin,percent,3.1,3.2, 0.01872210253368941992868634827
West Virginia,4 wk ahead,Bin,percent,3.2,3.3, 0.01828913364450398745808534784
West Virginia,4 wk ahead,Bin,percent,3.3,3.4, 0.01787537758773232246523043898
West Virginia,4 wk ahead,Bin,percent,3.4,3.5, 0.01748309435109975107369706393
West Virginia,4 wk ahead,Bin,percent,3.5,3.6, 0.01711291787741633929620377330
West Virginia,4 wk ahead,Bin,percent,3.6,3.7, 0.01676357535749448818274132122
West Virginia,4 wk ahead,Bin,percent,3.7,3.8, 0.01643247396101410809365894750
West Virginia,4 wk ahead,Bin,percent,3.8,3.9, 0.01611564291135955673262003529
West Virginia,4 wk ahead,Bin,percent,3.9,4, 0.01580828221511317369096794039
West Virginia,4 wk ahead,Bin,percent,4,4.1, 0.01550490411270714734282005764
West Virginia,4 wk ahead,Bin,percent,4.1,4.2, 0.01519978276022069738071529343
West Virginia,4 wk ahead,Bin,percent,4.2,4.3, 0.01488717811362051321455446384
West Virginia,4 wk ahead,Bin,percent,4.3,4.4, 0.01456169964594271684643622677
West Virginia,4 wk ahead,Bin,percent,4.4,4.5, 0.01421846710661987638057990324
West Virginia,4 wk ahead,Bin,percent,4.5,4.6, 0.01385343849576933621114971373
West Virginia,4 wk ahead,Bin,percent,4.6,4.7, 0.01346338903501641259818910612
West Virginia,4 wk ahead,Bin,percent,4.7,4.8, 0.01304625536954182735138729754
West Virginia,4 wk ahead,Bin,percent,4.8,4.9, 0.01260087539013413950039765865
West Virginia,4 wk ahead,Bin,percent,4.9,5, 0.01212737480337744595815241411
West Virginia,4 wk ahead,Bin,percent,5,5.1, 0.01162668565837855425004754295
West Virginia,4 wk ahead,Bin,percent,5.1,5.2, 0.01110095869028396298183736235
West Virginia,4 wk ahead,Bin,percent,5.2,5.3, 0.01055294740282054256896859812
West Virginia,4 wk ahead,Bin,percent,5.3,5.4, 0.00998638557082454775271074254
West Virginia,4 wk ahead,Bin,percent,5.4,5.5, 0.00940537153593142168095386779
West Virginia,4 wk ahead,Bin,percent,5.5,5.6, 0.00881461809411611917075557443
West Virginia,4 wk ahead,Bin,percent,5.6,5.7, 0.00821899231789043061002786317
West Virginia,4 wk ahead,Bin,percent,5.7,5.8, 0.00762353419615431886907641612
West Virginia,4 wk ahead,Bin,percent,5.8,5.9, 0.00703328648301981135260163569
West Virginia,4 wk ahead,Bin,percent,5.9,6, 0.00645301951813316999190250911
West Virginia,4 wk ahead,Bin,percent,6,6.1, 0.00588741066061952266624812680
West Virginia,4 wk ahead,Bin,percent,6.1,6.2, 0.00534048454615621351337928502
West Virginia,4 wk ahead,Bin,percent,6.2,6.3, 0.00481612552964329112409336275
West Virginia,4 wk ahead,Bin,percent,6.3,6.4, 0.00431728926678881953088451340
West Virginia,4 wk ahead,Bin,percent,6.4,6.5, 0.00384678983807509086018106004
West Virginia,4 wk ahead,Bin,percent,6.5,6.6, 0.00340635775039771840355662391
West Virginia,4 wk ahead,Bin,percent,6.6,6.7, 0.00299762216679916315698051221
West Virginia,4 wk ahead,Bin,percent,6.7,6.8, 0.00262109238501045385336118976
West Virginia,4 wk ahead,Bin,percent,6.8,6.9, 0.00227724950319681263000148874
West Virginia,4 wk ahead,Bin,percent,6.9,7, 0.00196552087857195835474133361
West Virginia,4 wk ahead,Bin,percent,7,7.1, 0.00168539828994357160016348551
West Virginia,4 wk ahead,Bin,percent,7.1,7.2, 0.00143546183003436314540302021
West Virginia,4 wk ahead,Bin,percent,7.2,7.3, 0.00121445259523893602827959715
West Virginia,4 wk ahead,Bin,percent,7.3,7.4, 0.00102038621458527887890521679
West Virginia,4 wk ahead,Bin,percent,7.4,7.5, 0.00085152498426437506912067832
West Virginia,4 wk ahead,Bin,percent,7.5,7.6, 0.00070560476363125000567183553
West Virginia,4 wk ahead,Bin,percent,7.6,7.7, 0.00058067126695450250063040842
West Virginia,4 wk ahead,Bin,percent,7.7,7.8, 0.00047442959005409651935050719
West Virginia,4 wk ahead,Bin,percent,7.8,7.9, 0.00038492901247332310171386793
West Virginia,4 wk ahead,Bin,percent,7.9,8, 0.00031003320048801830859444562
West Virginia,4 wk ahead,Bin,percent,8,8.1, 0.00024795477795433977378017354
West Virginia,4 wk ahead,Bin,percent,8.1,8.2, 0.00019683661257156141190759191
West Virginia,4 wk ahead,Bin,percent,8.2,8.3, 0.00015514994263536132962540137
West Virginia,4 wk ahead,Bin,percent,8.3,8.4, 0.00012137431868692502817241169
West Virginia,4 wk ahead,Bin,percent,8.4,8.5, 0.00009427218331006461836049648
West Virginia,4 wk ahead,Bin,percent,8.5,8.6, 0.00007266787188076703383424887
West Virginia,4 wk ahead,Bin,percent,8.6,8.7, 0.00006281213545048591826835266
West Virginia,4 wk ahead,Bin,percent,8.7,8.8, 0.00006279898740995060136757533
West Virginia,4 wk ahead,Bin,percent,8.8,8.9, 0.00006279898740995060136757533
West Virginia,4 wk ahead,Bin,percent,8.9,9, 0.00006279898740995060136757533
West Virginia,4 wk ahead,Bin,percent,9,9.1, 0.00006279898740995060136757533
West Virginia,4 wk ahead,Bin,percent,9.1,9.2, 0.00006279898740995060136757533
West Virginia,4 wk ahead,Bin,percent,9.2,9.3, 0.00006279898740995060136757533
West Virginia,4 wk ahead,Bin,percent,9.3,9.4, 0.00006279898740995060136757533
West Virginia,4 wk ahead,Bin,percent,9.4,9.5, 0.00006279898740995060136757533
West Virginia,4 wk ahead,Bin,percent,9.5,9.6, 0.00006279898740995060136757533
West Virginia,4 wk ahead,Bin,percent,9.6,9.7, 0.00006279898740995060136757533
West Virginia,4 wk ahead,Bin,percent,9.7,9.8, 0.00006279898740995060136757533
West Virginia,4 wk ahead,Bin,percent,9.8,9.9, 0.00006279898740995060136757533
West Virginia,4 wk ahead,Bin,percent,9.9,10, 0.00006279898740995060136757533
West Virginia,4 wk ahead,Bin,percent,10,10.1, 0.00006279898740995060136757533
West Virginia,4 wk ahead,Bin,percent,10.1,10.2, 0.00006279898740995060136757533
West Virginia,4 wk ahead,Bin,percent,10.2,10.3, 0.00006279898740995060136757533
West Virginia,4 wk ahead,Bin,percent,10.3,10.4, 0.00006279898740995060136757533
West Virginia,4 wk ahead,Bin,percent,10.4,10.5, 0.00006279898740995060136757533
West Virginia,4 wk ahead,Bin,percent,10.5,10.6, 0.00006279898740995060136757533
West Virginia,4 wk ahead,Bin,percent,10.6,10.7, 0.00006279898740995060136757533
West Virginia,4 wk ahead,Bin,percent,10.7,10.8, 0.00006279898740995060136757533
West Virginia,4 wk ahead,Bin,percent,10.8,10.9, 0.00006279898740995060136757533
West Virginia,4 wk ahead,Bin,percent,10.9,11, 0.00006279898740995060136757533
West Virginia,4 wk ahead,Bin,percent,11,11.1, 0.00006279898740995060136757533
West Virginia,4 wk ahead,Bin,percent,11.1,11.2, 0.00006279898740995060136757533
West Virginia,4 wk ahead,Bin,percent,11.2,11.3, 0.00006279898740995060136757533
West Virginia,4 wk ahead,Bin,percent,11.3,11.4, 0.00006279898740995060136757533
West Virginia,4 wk ahead,Bin,percent,11.4,11.5, 0.00006279898740995060136757533
West Virginia,4 wk ahead,Bin,percent,11.5,11.6, 0.00006279898740995060136757533
West Virginia,4 wk ahead,Bin,percent,11.6,11.7, 0.00006279898740995060136757533
West Virginia,4 wk ahead,Bin,percent,11.7,11.8, 0.00006279898740995060136757533
West Virginia,4 wk ahead,Bin,percent,11.8,11.9, 0.00006279898740995060136757533
West Virginia,4 wk ahead,Bin,percent,11.9,12, 0.00006279898740995060136757533
West Virginia,4 wk ahead,Bin,percent,12,12.1, 0.00006279898740995060136757533
West Virginia,4 wk ahead,Bin,percent,12.1,12.2, 0.00006279898740995060136757533
West Virginia,4 wk ahead,Bin,percent,12.2,12.3, 0.00006279898740995060136757533
West Virginia,4 wk ahead,Bin,percent,12.3,12.4, 0.00006279898740995060136757533
West Virginia,4 wk ahead,Bin,percent,12.4,12.5, 0.00006279898740995060136757533
West Virginia,4 wk ahead,Bin,percent,12.5,12.6, 0.00006279898740995060136757533
West Virginia,4 wk ahead,Bin,percent,12.6,12.7, 0.00006279898740995060136757533
West Virginia,4 wk ahead,Bin,percent,12.7,12.8, 0.00006279898740995060136757533
West Virginia,4 wk ahead,Bin,percent,12.8,12.9, 0.00006279898740995060136757533
West Virginia,4 wk ahead,Bin,percent,12.9,13, 0.00006279898740995060136757533
West Virginia,4 wk ahead,Bin,percent,13,100, 0.00006279898740995060136757533
Wisconsin,Season peak week,Bin,week,40,41, 0.00218452786850443798211118818
Wisconsin,Season peak week,Bin,week,41,42, 0.00218452786850443798211118818
Wisconsin,Season peak week,Bin,week,42,43, 0.00218452786850443798211118818
Wisconsin,Season peak week,Bin,week,43,44, 0.00218452786850443798211118818
Wisconsin,Season peak week,Bin,week,44,45, 0.00218452786850443798211118818
Wisconsin,Season peak week,Bin,week,45,46, 0.00218452786850443798211118818
Wisconsin,Season peak week,Bin,week,46,47, 0.00218452786850443798211118818
Wisconsin,Season peak week,Bin,week,47,48, 0.00218452786850443798211118818
Wisconsin,Season peak week,Bin,week,48,49, 0.00242489959941556568537301963
Wisconsin,Season peak week,Bin,week,49,50, 0.01282444477213707557938793258
Wisconsin,Season peak week,Bin,week,50,51, 0.05728709921187703779654754044
Wisconsin,Season peak week,Bin,week,51,52, 0.14047208306041858438817371280
Wisconsin,Season peak week,Bin,week,52,53, 0.18939093294281361679054498381
Wisconsin,Season peak week,Bin,week,1,2, 0.14047197543147385556672190887
Wisconsin,Season peak week,Bin,week,2,3, 0.05728625908247719084043225735
Wisconsin,Season peak week,Bin,week,3,4, 0.01282436906303125075112792075
Wisconsin,Season peak week,Bin,week,4,5, 0.00157182175875665076404674725
Wisconsin,Season peak week,Bin,week,5,6, 0.00010742020494123332059483583
Wisconsin,Season peak week,Bin,week,6,7, 0.00006567169002917236635824549
Wisconsin,Season peak week,Bin,week,7,8, 0.00092432224414466758119490741
Wisconsin,Season peak week,Bin,week,8,9, 0.00754106895030050555089884412
Wisconsin,Season peak week,Bin,week,9,10, 0.03368583649296599813460773021
Wisconsin,Season peak week,Bin,week,10,11, 0.08260123931269992836323723395
Wisconsin,Season peak week,Bin,week,11,12, 0.11136688102812802858565532915
Wisconsin,Season peak week,Bin,week,12,13, 0.08260130260135858937253772183
Wisconsin,Season peak week,Bin,week,13,14, 0.03368633050824077629359365460
Wisconsin,Season peak week,Bin,week,14,15, 0.00754111294029925337961683951
Wisconsin,Season peak week,Bin,week,15,16, 0.00142590514232705019986857664
Wisconsin,Season peak week,Bin,week,16,17, 0.00128456020282570254273379895
Wisconsin,Season peak week,Bin,week,17,18, 0.00128456020282570254273379895
Wisconsin,Season peak week,Bin,week,18,19, 0.00128456020282570254273379895
Wisconsin,Season peak week,Bin,week,19,20, 0.00128456020282570254273379895
Wisconsin,Season peak week,Bin,week,20,21, 0.00128456020282570254273379895
Wisconsin,Season peak percentage,Bin,percent,0,0.1, 0.00005320773341025937709257085
Wisconsin,Season peak percentage,Bin,percent,0.1,0.2, 0.00014582363397203817242248070
Wisconsin,Season peak percentage,Bin,percent,0.2,0.3, 0.00021668956900717395051489400
Wisconsin,Season peak percentage,Bin,percent,0.3,0.4, 0.00031570859393024102790628604
Wisconsin,Season peak percentage,Bin,percent,0.4,0.5, 0.00045117783619879329353244413
Wisconsin,Season peak percentage,Bin,percent,0.5,0.6, 0.00063254105935115086632725134
Wisconsin,Season peak percentage,Bin,percent,0.6,0.7, 0.00087055449418304035533178187
Wisconsin,Season peak percentage,Bin,percent,0.7,0.8, 0.00117657097011907474555514330
Wisconsin,Season peak percentage,Bin,percent,0.8,0.9, 0.00156262219574562939705675291
Wisconsin,Season peak percentage,Bin,percent,0.9,1, 0.00204072610304253812887886887
Wisconsin,Season peak percentage,Bin,percent,1,1.1, 0.00262272491426734401243070494
Wisconsin,Season peak percentage,Bin,percent,1.1,1.2, 0.00332011504866323338414080268
Wisconsin,Season peak percentage,Bin,percent,1.2,1.3, 0.00414348787073096167660191114
Wisconsin,Season peak percentage,Bin,percent,1.3,1.4, 0.00510337793685032830443004670
Wisconsin,Season peak percentage,Bin,percent,1.4,1.5, 0.00620942017455230685363254395
Wisconsin,Season peak percentage,Bin,percent,1.5,1.6, 0.00747117119587544734754525066
Wisconsin,Season peak percentage,Bin,percent,1.6,1.7, 0.00889754326963833157282390829
Wisconsin,Season peak percentage,Bin,percent,1.7,1.8, 0.01049633710460930700880677335
Wisconsin,Season peak percentage,Bin,percent,1.8,1.9, 0.01227349197717014957220715843
Wisconsin,Season peak percentage,Bin,percent,1.9,2, 0.01423056291986549495853786595
Wisconsin,Season peak percentage,Bin,percent,2,2.1, 0.01636367477060191380489051483
Wisconsin,Season peak percentage,Bin,percent,2.1,2.2, 0.01865991474462736984807342822
Wisconsin,Season peak percentage,Bin,percent,2.2,2.3, 0.02109562274856099234332518222
Wisconsin,Season peak percentage,Bin,percent,2.3,2.4, 0.02363422741003468746656679400
Wisconsin,Season peak percentage,Bin,percent,2.4,2.5, 0.02622548851921496088079877040
Wisconsin,Season peak percentage,Bin,percent,2.5,2.6, 0.02880610925466712754494658100
Wisconsin,Season peak percentage,Bin,percent,2.6,2.7, 0.03130222467993871993119370245
Wisconsin,Season peak percentage,Bin,percent,2.7,2.8, 0.03363275621373821439030749048
Wisconsin,Season peak percentage,Bin,percent,2.8,2.9, 0.03571523394447907034932043757
Wisconsin,Season peak percentage,Bin,percent,2.9,3, 0.03747081496210152157244621662
Wisconsin,Season peak percentage,Bin,percent,3,3.1, 0.03883038944420285493164257673
Wisconsin,Season peak percentage,Bin,percent,3.1,3.2, 0.03973996750937799221636836933
Wisconsin,Season peak percentage,Bin,percent,3.2,3.3, 0.04016308332188609636625997723
Wisconsin,Season peak percentage,Bin,percent,3.3,3.4, 0.04008477258559578482177698788
Wisconsin,Season peak percentage,Bin,percent,3.4,3.5, 0.03950985979673320852567641737
Wisconsin,Season peak percentage,Bin,percent,3.5,3.6, 0.03846290322284900281557540325
Wisconsin,Season peak percentage,Bin,percent,3.6,3.7, 0.03698504547859177843394107299
Wisconsin,Season peak percentage,Bin,percent,3.7,3.8, 0.03513057434740836371123151594
Wisconsin,Season peak percentage,Bin,percent,3.8,3.9, 0.03296369171792094820983010095
Wisconsin,Season peak percentage,Bin,percent,3.9,4, 0.03055392852611742149360196663
Wisconsin,Season peak percentage,Bin,percent,4,4.1, 0.02797353507432095293117058077
Wisconsin,Season peak percentage,Bin,percent,4.1,4.2, 0.02529394881356294630392334000
Wisconsin,Season peak percentage,Bin,percent,4.2,4.3, 0.02258329962880866598196050177
Wisconsin,Season peak percentage,Bin,percent,4.3,4.4, 0.01990443659434626422211067620
Wisconsin,Season peak percentage,Bin,percent,4.4,4.5, 0.01731313742386219461932839181
Wisconsin,Season peak percentage,Bin,percent,4.5,4.6, 0.01485660312360418885968549318
Wisconsin,Season peak percentage,Bin,percent,4.6,4.7, 0.01257291886467323642484483770
Wisconsin,Season peak percentage,Bin,percent,4.7,4.8, 0.01049005109619749291638424182
Wisconsin,Season peak percentage,Bin,percent,4.8,4.9, 0.00862619777767884704511303084
Wisconsin,Season peak percentage,Bin,percent,4.9,5, 0.00699022516119015939473069210
Wisconsin,Season peak percentage,Bin,percent,5,5.1, 0.00558216659933004431121128519
Wisconsin,Season peak percentage,Bin,percent,5.1,5.2, 0.00439524559996563347896714191
Wisconsin,Season peak percentage,Bin,percent,5.2,5.3, 0.00341671564102291732897831444
Wisconsin,Season peak percentage,Bin,percent,5.3,5.4, 0.00263025753914173385586416920
Wisconsin,Season peak percentage,Bin,percent,5.4,5.5, 0.00201736035193627238557012582
Wisconsin,Season peak percentage,Bin,percent,5.5,5.6, 0.00155904575456734025701299728
Wisconsin,Season peak percentage,Bin,percent,5.6,5.7, 0.00123736706691406441772917990
Wisconsin,Season peak percentage,Bin,percent,5.7,5.8, 0.00103592028543582803830347405
Wisconsin,Season peak percentage,Bin,percent,5.8,5.9, 0.00094084981065295600777959040
Wisconsin,Season peak percentage,Bin,percent,5.9,6, 0.00094053562841652329270386579
Wisconsin,Season peak percentage,Bin,percent,6,6.1, 0.00102541085381287915868908645
Wisconsin,Season peak percentage,Bin,percent,6.1,6.2, 0.00118725258243857628714934549
Wisconsin,Season peak percentage,Bin,percent,6.2,6.3, 0.00141814250441440439960694153
Wisconsin,Season peak percentage,Bin,percent,6.3,6.4, 0.00170965522153452621247071708
Wisconsin,Season peak percentage,Bin,percent,6.4,6.5, 0.00205163359377991344825731268
Wisconsin,Season peak percentage,Bin,percent,6.5,6.6, 0.00243171523825259526183084624
Wisconsin,Season peak percentage,Bin,percent,6.6,6.7, 0.00283481735711775583233529296
Wisconsin,Season peak percentage,Bin,percent,6.7,6.8, 0.00324328379504061972693484961
Wisconsin,Season peak percentage,Bin,percent,6.8,6.9, 0.00363750459027645115309135271
Wisconsin,Season peak percentage,Bin,percent,6.9,7, 0.00399697836267978116181476267
Wisconsin,Season peak percentage,Bin,percent,7,7.1, 0.00430164716298204411609740205
Wisconsin,Season peak percentage,Bin,percent,7.1,7.2, 0.00453370803281741806267657324
Wisconsin,Season peak percentage,Bin,percent,7.2,7.3, 0.00467896834314532154841526079
Wisconsin,Season peak percentage,Bin,percent,7.3,7.4, 0.00472833145291785307551268858
Wisconsin,Season peak percentage,Bin,percent,7.4,7.5, 0.00467866643925309022566949579
Wisconsin,Season peak percentage,Bin,percent,7.5,7.6, 0.00453292150704207811445778376
Wisconsin,Season peak percentage,Bin,percent,7.6,7.7, 0.00430020195242559501169754554
Wisconsin,Season peak percentage,Bin,percent,7.7,7.8, 0.00399427039098642494563407013
Wisconsin,Season peak percentage,Bin,percent,7.8,7.9, 0.00363273183882907753361468650
Wisconsin,Season peak percentage,Bin,percent,7.9,8, 0.00323499144037361560655163828
Wisconsin,Season peak percentage,Bin,percent,8,8.1, 0.00282069507355494969100262459
Wisconsin,Season peak percentage,Bin,percent,8.1,8.2, 0.00240814699656598197805013051
Wisconsin,Season peak percentage,Bin,percent,8.2,8.3, 0.00201305587117108115979835503
Wisconsin,Season peak percentage,Bin,percent,8.3,8.4, 0.00164765708086491357783898160
Wisconsin,Season peak percentage,Bin,percent,8.4,8.5, 0.00132046619063603469339251983
Wisconsin,Season peak percentage,Bin,percent,8.5,8.6, 0.00103616922484447873502311221
Wisconsin,Season peak percentage,Bin,percent,8.6,8.7, 0.00079611041799121080950879525
Wisconsin,Season peak percentage,Bin,percent,8.7,8.8, 0.00059892016995634540267590129
Wisconsin,Season peak percentage,Bin,percent,8.8,8.9, 0.00044114904231004332772758669
Wisconsin,Season peak percentage,Bin,percent,8.9,9, 0.00031818903044685800576146795
Wisconsin,Season peak percentage,Bin,percent,9,9.1, 0.00022468880415689093926062680
Wisconsin,Season peak percentage,Bin,percent,9.1,9.2, 0.00015536610709772840721934473
Wisconsin,Season peak percentage,Bin,percent,9.2,9.3, 0.00010518915063860311183158852
Wisconsin,Season peak percentage,Bin,percent,9.3,9.4, 0.00006972767062023561791470061
Wisconsin,Season peak percentage,Bin,percent,9.4,9.5, 0.00005333487418961310125992137
Wisconsin,Season peak percentage,Bin,percent,9.5,9.6, 0.00005317627776044382329314122
Wisconsin,Season peak percentage,Bin,percent,9.6,9.7, 0.00005317627776044382329314122
Wisconsin,Season peak percentage,Bin,percent,9.7,9.8, 0.00005317627776044382329314122
Wisconsin,Season peak percentage,Bin,percent,9.8,9.9, 0.00005317627776044382329314122
Wisconsin,Season peak percentage,Bin,percent,9.9,10, 0.00005317627776044382329314122
Wisconsin,Season peak percentage,Bin,percent,10,10.1, 0.00005317627776044382329314122
Wisconsin,Season peak percentage,Bin,percent,10.1,10.2, 0.00005317627776044382329314122
Wisconsin,Season peak percentage,Bin,percent,10.2,10.3, 0.00005317627776044382329314122
Wisconsin,Season peak percentage,Bin,percent,10.3,10.4, 0.00005317627776044382329314122
Wisconsin,Season peak percentage,Bin,percent,10.4,10.5, 0.00005317627776044382329314122
Wisconsin,Season peak percentage,Bin,percent,10.5,10.6, 0.00005317627776044382329314122
Wisconsin,Season peak percentage,Bin,percent,10.6,10.7, 0.00005317627776044382329314122
Wisconsin,Season peak percentage,Bin,percent,10.7,10.8, 0.00005317627776044382329314122
Wisconsin,Season peak percentage,Bin,percent,10.8,10.9, 0.00005317627776044382329314122
Wisconsin,Season peak percentage,Bin,percent,10.9,11, 0.00005317627776044382329314122
Wisconsin,Season peak percentage,Bin,percent,11,11.1, 0.00005317627776044382329314122
Wisconsin,Season peak percentage,Bin,percent,11.1,11.2, 0.00005317627776044382329314122
Wisconsin,Season peak percentage,Bin,percent,11.2,11.3, 0.00005317627776044382329314122
Wisconsin,Season peak percentage,Bin,percent,11.3,11.4, 0.00005317627776044382329314122
Wisconsin,Season peak percentage,Bin,percent,11.4,11.5, 0.00005317627776044382329314122
Wisconsin,Season peak percentage,Bin,percent,11.5,11.6, 0.00005317627776044382329314122
Wisconsin,Season peak percentage,Bin,percent,11.6,11.7, 0.00005317627776044382329314122
Wisconsin,Season peak percentage,Bin,percent,11.7,11.8, 0.00005317627776044382329314122
Wisconsin,Season peak percentage,Bin,percent,11.8,11.9, 0.00005317627776044382329314122
Wisconsin,Season peak percentage,Bin,percent,11.9,12, 0.00005317627776044382329314122
Wisconsin,Season peak percentage,Bin,percent,12,12.1, 0.00005317627776044382329314122
Wisconsin,Season peak percentage,Bin,percent,12.1,12.2, 0.00005317627776044382329314122
Wisconsin,Season peak percentage,Bin,percent,12.2,12.3, 0.00005317627776044382329314122
Wisconsin,Season peak percentage,Bin,percent,12.3,12.4, 0.00005317627776044382329314122
Wisconsin,Season peak percentage,Bin,percent,12.4,12.5, 0.00005317627776044382329314122
Wisconsin,Season peak percentage,Bin,percent,12.5,12.6, 0.00005317627776044382329314122
Wisconsin,Season peak percentage,Bin,percent,12.6,12.7, 0.00005317627776044382329314122
Wisconsin,Season peak percentage,Bin,percent,12.7,12.8, 0.00005317627776044382329314122
Wisconsin,Season peak percentage,Bin,percent,12.8,12.9, 0.00005317627776044382329314122
Wisconsin,Season peak percentage,Bin,percent,12.9,13, 0.00005317627776044382329314122
Wisconsin,Season peak percentage,Bin,percent,13,100, 0.00005317627776044382329314122
Wisconsin,1 wk ahead,Bin,percent,0,0.1, 0.00018662830382248208173703863
Wisconsin,1 wk ahead,Bin,percent,0.1,0.2, 0.00046203571286405469573446703
Wisconsin,1 wk ahead,Bin,percent,0.2,0.3, 0.00094859693798400471307502579
Wisconsin,1 wk ahead,Bin,percent,0.3,0.4, 0.00186640578868330401195174684
Wisconsin,1 wk ahead,Bin,percent,0.4,0.5, 0.00342981683461769399495766564
Wisconsin,1 wk ahead,Bin,percent,0.5,0.6, 0.00588715477097931719208112611
Wisconsin,1 wk ahead,Bin,percent,0.6,0.7, 0.00943965788305397256185980126
Wisconsin,1 wk ahead,Bin,percent,0.7,0.8, 0.01414294452438792822068780453
Wisconsin,1 wk ahead,Bin,percent,0.8,0.9, 0.01980933165678595495040603680
Wisconsin,1 wk ahead,Bin,percent,0.9,1, 0.02596118391494812993602891993
Wisconsin,1 wk ahead,Bin,percent,1,1.1, 0.03188670356030059299667911432
Wisconsin,1 wk ahead,Bin,percent,1.1,1.2, 0.03681264355337157678782489256
Wisconsin,1 wk ahead,Bin,percent,1.2,1.3, 0.04015473167714397190186659259
Wisconsin,1 wk ahead,Bin,percent,1.3,1.4, 0.04175142565447012565904572057
Wisconsin,1 wk ahead,Bin,percent,1.4,1.5, 0.04196378144493818906912707689
Wisconsin,1 wk ahead,Bin,percent,1.5,1.6, 0.04157417647767484153442651973
Wisconsin,1 wk ahead,Bin,percent,1.6,1.7, 0.04149543004641996490899913397
Wisconsin,1 wk ahead,Bin,percent,1.7,1.8, 0.04239594808362406874735484053
Wisconsin,1 wk ahead,Bin,percent,1.8,1.9, 0.04440089367352213767237145703
Wisconsin,1 wk ahead,Bin,percent,1.9,2, 0.04700258458017107787707544730
Wisconsin,1 wk ahead,Bin,percent,2,2.1, 0.04923040001129346671104869415
Wisconsin,1 wk ahead,Bin,percent,2.1,2.2, 0.05001573067096405644793577494
Wisconsin,1 wk ahead,Bin,percent,2.2,2.3, 0.04860013340669119136228104594
Wisconsin,1 wk ahead,Bin,percent,2.3,2.4, 0.04482284306829561332241596006
Wisconsin,1 wk ahead,Bin,percent,2.4,2.5, 0.03917676142465389976798917360
Wisconsin,1 wk ahead,Bin,percent,2.5,2.6, 0.03263286825492027476425249688
Wisconsin,1 wk ahead,Bin,percent,2.6,2.7, 0.02632227313103412125183666603
Wisconsin,1 wk ahead,Bin,percent,2.7,2.8, 0.02120474350347156464180464752
Wisconsin,1 wk ahead,Bin,percent,2.8,2.9, 0.01783691277698166988141537104
Wisconsin,1 wk ahead,Bin,percent,2.9,3, 0.01628714182163825546778568309
Wisconsin,1 wk ahead,Bin,percent,3,3.1, 0.01619281763417987352049465244
Wisconsin,1 wk ahead,Bin,percent,3.1,3.2, 0.01691447301886452384001024996
Wisconsin,1 wk ahead,Bin,percent,3.2,3.3, 0.01773248513337092463482136395
Wisconsin,1 wk ahead,Bin,percent,3.3,3.4, 0.01803535657571668851528734479
Wisconsin,1 wk ahead,Bin,percent,3.4,3.5, 0.01745532883069001242604123547
Wisconsin,1 wk ahead,Bin,percent,3.5,3.6, 0.01592040213448551316810508638
Wisconsin,1 wk ahead,Bin,percent,3.6,3.7, 0.01362147177234447961713392772
Wisconsin,1 wk ahead,Bin,percent,3.7,3.8, 0.01091011238183149309466379862
Wisconsin,1 wk ahead,Bin,percent,3.8,3.9, 0.00817249289601260607562860372
Wisconsin,1 wk ahead,Bin,percent,3.9,4, 0.00572286069599120539308501066
Wisconsin,1 wk ahead,Bin,percent,4,4.1, 0.00374562485341556079126990042
Wisconsin,1 wk ahead,Bin,percent,4.1,4.2, 0.00229101721058959329965776242
Wisconsin,1 wk ahead,Bin,percent,4.2,4.3, 0.00130959885162052250794084696
Wisconsin,1 wk ahead,Bin,percent,4.3,4.4, 0.00069955009039959152161020084
Wisconsin,1 wk ahead,Bin,percent,4.4,4.5, 0.00034918289789786008652655580
Wisconsin,1 wk ahead,Bin,percent,4.5,4.6, 0.00017442184064503105989964171
Wisconsin,1 wk ahead,Bin,percent,4.6,4.7, 0.00015354023567337453013391391
Wisconsin,1 wk ahead,Bin,percent,4.7,4.8, 0.00015354023567337453013391391
Wisconsin,1 wk ahead,Bin,percent,4.8,4.9, 0.00015354023567337453013391391
Wisconsin,1 wk ahead,Bin,percent,4.9,5, 0.00015354023567337453013391391
Wisconsin,1 wk ahead,Bin,percent,5,5.1, 0.00015354023567337453013391391
Wisconsin,1 wk ahead,Bin,percent,5.1,5.2, 0.00015354023567337453013391391
Wisconsin,1 wk ahead,Bin,percent,5.2,5.3, 0.00015354023567337453013391391
Wisconsin,1 wk ahead,Bin,percent,5.3,5.4, 0.00015354023567337453013391391
Wisconsin,1 wk ahead,Bin,percent,5.4,5.5, 0.00015354023567337453013391391
Wisconsin,1 wk ahead,Bin,percent,5.5,5.6, 0.00015354023567337453013391391
Wisconsin,1 wk ahead,Bin,percent,5.6,5.7, 0.00015354023567337453013391391
Wisconsin,1 wk ahead,Bin,percent,5.7,5.8, 0.00015354023567337453013391391
Wisconsin,1 wk ahead,Bin,percent,5.8,5.9, 0.00015354023567337453013391391
Wisconsin,1 wk ahead,Bin,percent,5.9,6, 0.00015354023567337453013391391
Wisconsin,1 wk ahead,Bin,percent,6,6.1, 0.00015354023567337453013391391
Wisconsin,1 wk ahead,Bin,percent,6.1,6.2, 0.00015354023567337453013391391
Wisconsin,1 wk ahead,Bin,percent,6.2,6.3, 0.00015354023567337453013391391
Wisconsin,1 wk ahead,Bin,percent,6.3,6.4, 0.00015354023567337453013391391
Wisconsin,1 wk ahead,Bin,percent,6.4,6.5, 0.00015354023567337453013391391
Wisconsin,1 wk ahead,Bin,percent,6.5,6.6, 0.00015354023567337453013391391
Wisconsin,1 wk ahead,Bin,percent,6.6,6.7, 0.00015354023567337453013391391
Wisconsin,1 wk ahead,Bin,percent,6.7,6.8, 0.00015354023567337453013391391
Wisconsin,1 wk ahead,Bin,percent,6.8,6.9, 0.00015354023567337453013391391
Wisconsin,1 wk ahead,Bin,percent,6.9,7, 0.00015354023567337453013391391
Wisconsin,1 wk ahead,Bin,percent,7,7.1, 0.00015354023567337453013391391
Wisconsin,1 wk ahead,Bin,percent,7.1,7.2, 0.00015354023567337453013391391
Wisconsin,1 wk ahead,Bin,percent,7.2,7.3, 0.00015354023567337453013391391
Wisconsin,1 wk ahead,Bin,percent,7.3,7.4, 0.00015354023567337453013391391
Wisconsin,1 wk ahead,Bin,percent,7.4,7.5, 0.00015354023567337453013391391
Wisconsin,1 wk ahead,Bin,percent,7.5,7.6, 0.00015354023567337453013391391
Wisconsin,1 wk ahead,Bin,percent,7.6,7.7, 0.00015354023567337453013391391
Wisconsin,1 wk ahead,Bin,percent,7.7,7.8, 0.00015354023567337453013391391
Wisconsin,1 wk ahead,Bin,percent,7.8,7.9, 0.00015354023567337453013391391
Wisconsin,1 wk ahead,Bin,percent,7.9,8, 0.00015354023567337453013391391
Wisconsin,1 wk ahead,Bin,percent,8,8.1, 0.00015354023567337588538662951
Wisconsin,1 wk ahead,Bin,percent,8.1,8.2, 0.00015354023567337726774439943
Wisconsin,1 wk ahead,Bin,percent,8.2,8.3, 0.00015354023567337726774439943
Wisconsin,1 wk ahead,Bin,percent,8.3,8.4, 0.00015354023567337726774439943
Wisconsin,1 wk ahead,Bin,percent,8.4,8.5, 0.00015354023567337726774439943
Wisconsin,1 wk ahead,Bin,percent,8.5,8.6, 0.00015354023567337726774439943
Wisconsin,1 wk ahead,Bin,percent,8.6,8.7, 0.00015354023567337726774439943
Wisconsin,1 wk ahead,Bin,percent,8.7,8.8, 0.00015354023567337726774439943
Wisconsin,1 wk ahead,Bin,percent,8.8,8.9, 0.00015354023567337726774439943
Wisconsin,1 wk ahead,Bin,percent,8.9,9, 0.00015354023567337726774439943
Wisconsin,1 wk ahead,Bin,percent,9,9.1, 0.00015354023567337726774439943
Wisconsin,1 wk ahead,Bin,percent,9.1,9.2, 0.00015354023567337726774439943
Wisconsin,1 wk ahead,Bin,percent,9.2,9.3, 0.00015354023567337726774439943
Wisconsin,1 wk ahead,Bin,percent,9.3,9.4, 0.00015354023567337726774439943
Wisconsin,1 wk ahead,Bin,percent,9.4,9.5, 0.00015354023567337726774439943
Wisconsin,1 wk ahead,Bin,percent,9.5,9.6, 0.00015354023567337726774439943
Wisconsin,1 wk ahead,Bin,percent,9.6,9.7, 0.00015354023567337726774439943
Wisconsin,1 wk ahead,Bin,percent,9.7,9.8, 0.00015354023567337726774439943
Wisconsin,1 wk ahead,Bin,percent,9.8,9.9, 0.00015354023567337726774439943
Wisconsin,1 wk ahead,Bin,percent,9.9,10, 0.00015354023567337726774439943
Wisconsin,1 wk ahead,Bin,percent,10,10.1, 0.00015354023567337726774439943
Wisconsin,1 wk ahead,Bin,percent,10.1,10.2, 0.00015354023567337726774439943
Wisconsin,1 wk ahead,Bin,percent,10.2,10.3, 0.00015354023567337726774439943
Wisconsin,1 wk ahead,Bin,percent,10.3,10.4, 0.00015354023567337726774439943
Wisconsin,1 wk ahead,Bin,percent,10.4,10.5, 0.00015354023567337726774439943
Wisconsin,1 wk ahead,Bin,percent,10.5,10.6, 0.00015354023567337726774439943
Wisconsin,1 wk ahead,Bin,percent,10.6,10.7, 0.00015354023567337726774439943
Wisconsin,1 wk ahead,Bin,percent,10.7,10.8, 0.00015354023567337726774439943
Wisconsin,1 wk ahead,Bin,percent,10.8,10.9, 0.00015354023567337726774439943
Wisconsin,1 wk ahead,Bin,percent,10.9,11, 0.00015354023567337726774439943
Wisconsin,1 wk ahead,Bin,percent,11,11.1, 0.00015354023567337726774439943
Wisconsin,1 wk ahead,Bin,percent,11.1,11.2, 0.00015354023567337726774439943
Wisconsin,1 wk ahead,Bin,percent,11.2,11.3, 0.00015354023567337726774439943
Wisconsin,1 wk ahead,Bin,percent,11.3,11.4, 0.00015354023567337726774439943
Wisconsin,1 wk ahead,Bin,percent,11.4,11.5, 0.00015354023567337726774439943
Wisconsin,1 wk ahead,Bin,percent,11.5,11.6, 0.00015354023567337726774439943
Wisconsin,1 wk ahead,Bin,percent,11.6,11.7, 0.00015354023567337726774439943
Wisconsin,1 wk ahead,Bin,percent,11.7,11.8, 0.00015354023567337726774439943
Wisconsin,1 wk ahead,Bin,percent,11.8,11.9, 0.00015354023567337726774439943
Wisconsin,1 wk ahead,Bin,percent,11.9,12, 0.00015354023567337726774439943
Wisconsin,1 wk ahead,Bin,percent,12,12.1, 0.00015354023567337726774439943
Wisconsin,1 wk ahead,Bin,percent,12.1,12.2, 0.00015354023567337726774439943
Wisconsin,1 wk ahead,Bin,percent,12.2,12.3, 0.00015354023567337726774439943
Wisconsin,1 wk ahead,Bin,percent,12.3,12.4, 0.00015354023567337726774439943
Wisconsin,1 wk ahead,Bin,percent,12.4,12.5, 0.00015354023567337726774439943
Wisconsin,1 wk ahead,Bin,percent,12.5,12.6, 0.00015354023567337726774439943
Wisconsin,1 wk ahead,Bin,percent,12.6,12.7, 0.00015354023567337726774439943
Wisconsin,1 wk ahead,Bin,percent,12.7,12.8, 0.00015354023567337726774439943
Wisconsin,1 wk ahead,Bin,percent,12.8,12.9, 0.00015354023567337726774439943
Wisconsin,1 wk ahead,Bin,percent,12.9,13, 0.00015354023567337726774439943
Wisconsin,1 wk ahead,Bin,percent,13,100, 0.00015354023567337726774439943
Wisconsin,2 wk ahead,Bin,percent,0,0.1, 0.00013914188297130101633000687
Wisconsin,2 wk ahead,Bin,percent,0.1,0.2, 0.00027828376594260203266001374
Wisconsin,2 wk ahead,Bin,percent,0.2,0.3, 0.00027828376594260192423979650
Wisconsin,2 wk ahead,Bin,percent,0.3,0.4, 0.00027828376594260192423979650
Wisconsin,2 wk ahead,Bin,percent,0.4,0.5, 0.00027828376594260192423979650
Wisconsin,2 wk ahead,Bin,percent,0.5,0.6, 0.00027828376594260208687012237
Wisconsin,2 wk ahead,Bin,percent,0.6,0.7, 0.00027828376594260224950044824
Wisconsin,2 wk ahead,Bin,percent,0.7,0.8, 0.00027828376594260224950044824
Wisconsin,2 wk ahead,Bin,percent,0.8,0.9, 0.00027828376594260224950044824
Wisconsin,2 wk ahead,Bin,percent,0.9,1, 0.00027828376594260224950044824
Wisconsin,2 wk ahead,Bin,percent,1,1.1, 0.00068571728839513044345688186
Wisconsin,2 wk ahead,Bin,percent,1.1,1.2, 0.00272369427216650333845038290
Wisconsin,2 wk ahead,Bin,percent,1.2,1.3, 0.00773810129719331666470205633
Wisconsin,2 wk ahead,Bin,percent,1.3,1.4, 0.01572761786644681289426550563
Wisconsin,2 wk ahead,Bin,percent,1.4,1.5, 0.02287494105600251445564730091
Wisconsin,2 wk ahead,Bin,percent,1.5,1.6, 0.02381116843028030158335717203
Wisconsin,2 wk ahead,Bin,percent,1.6,1.7, 0.01774101601288178772786174875
Wisconsin,2 wk ahead,Bin,percent,1.7,1.8, 0.00948340917966233182267998814
Wisconsin,2 wk ahead,Bin,percent,1.8,1.9, 0.00382424455201942374224510779
Wisconsin,2 wk ahead,Bin,percent,1.9,2, 0.00226394202136581115455959967
Wisconsin,2 wk ahead,Bin,percent,2,2.1, 0.00563912966955974412353036485
Wisconsin,2 wk ahead,Bin,percent,2.1,2.2, 0.01694736833509790166485409202
Wisconsin,2 wk ahead,Bin,percent,2.2,2.3, 0.03924770915170702756391563071
Wisconsin,2 wk ahead,Bin,percent,2.3,2.4, 0.07076561431502048638009227943
Wisconsin,2 wk ahead,Bin,percent,2.4,2.5, 0.10483172438266349923985387704
Wisconsin,2 wk ahead,Bin,percent,2.5,2.6, 0.13341770145314324480523282546
Wisconsin,2 wk ahead,Bin,percent,2.6,2.7, 0.14634590268692473924438957056
Wisconsin,2 wk ahead,Bin,percent,2.7,2.8, 0.13419127993203475157635296000
Wisconsin,2 wk ahead,Bin,percent,2.8,2.9, 0.09968569016861833498310829782
Wisconsin,2 wk ahead,Bin,percent,2.9,3, 0.05888028313596962992626515643
Wisconsin,2 wk ahead,Bin,percent,3,3.1, 0.02728731604787880057894078334
Wisconsin,2 wk ahead,Bin,percent,3.1,3.2, 0.00976726538980381142618369950
Wisconsin,2 wk ahead,Bin,percent,3.2,3.3, 0.00264998579741658035063833765
Wisconsin,2 wk ahead,Bin,percent,3.3,3.4, 0.00058928769331874483392019748
Wisconsin,2 wk ahead,Bin,percent,3.4,3.5, 0.00041480612461828437293950844
Wisconsin,2 wk ahead,Bin,percent,3.5,3.6, 0.00041480612461828437293950844
Wisconsin,2 wk ahead,Bin,percent,3.6,3.7, 0.00041480612461828437293950844
Wisconsin,2 wk ahead,Bin,percent,3.7,3.8, 0.00041480612461828437293950844
Wisconsin,2 wk ahead,Bin,percent,3.8,3.9, 0.00041480612461828437293950844
Wisconsin,2 wk ahead,Bin,percent,3.9,4, 0.00041480612461828437293950844
Wisconsin,2 wk ahead,Bin,percent,4,4.1, 0.00041480612461828437293950844
Wisconsin,2 wk ahead,Bin,percent,4.1,4.2, 0.00041480612461828437293950844
Wisconsin,2 wk ahead,Bin,percent,4.2,4.3, 0.00041480612461828437293950844
Wisconsin,2 wk ahead,Bin,percent,4.3,4.4, 0.00041480612461828437293950844
Wisconsin,2 wk ahead,Bin,percent,4.4,4.5, 0.00041480612461828437293950844
Wisconsin,2 wk ahead,Bin,percent,4.5,4.6, 0.00041480612461828437293950844
Wisconsin,2 wk ahead,Bin,percent,4.6,4.7, 0.00041480612461828437293950844
Wisconsin,2 wk ahead,Bin,percent,4.7,4.8, 0.00041480612461828437293950844
Wisconsin,2 wk ahead,Bin,percent,4.8,4.9, 0.00041480612461828437293950844
Wisconsin,2 wk ahead,Bin,percent,4.9,5, 0.00041480612461828437293950844
Wisconsin,2 wk ahead,Bin,percent,5,5.1, 0.00041480612461828437293950844
Wisconsin,2 wk ahead,Bin,percent,5.1,5.2, 0.00041480612461828437293950844
Wisconsin,2 wk ahead,Bin,percent,5.2,5.3, 0.00041480612461828437293950844
Wisconsin,2 wk ahead,Bin,percent,5.3,5.4, 0.00041480612461828437293950844
Wisconsin,2 wk ahead,Bin,percent,5.4,5.5, 0.00041480612461828437293950844
Wisconsin,2 wk ahead,Bin,percent,5.5,5.6, 0.00041480612461828437293950844
Wisconsin,2 wk ahead,Bin,percent,5.6,5.7, 0.00041480612461828437293950844
Wisconsin,2 wk ahead,Bin,percent,5.7,5.8, 0.00041480612461828437293950844
Wisconsin,2 wk ahead,Bin,percent,5.8,5.9, 0.00041480612461828437293950844
Wisconsin,2 wk ahead,Bin,percent,5.9,6, 0.00041480612461828437293950844
Wisconsin,2 wk ahead,Bin,percent,6,6.1, 0.00041480612461828437293950844
Wisconsin,2 wk ahead,Bin,percent,6.1,6.2, 0.00041480612461828437293950844
Wisconsin,2 wk ahead,Bin,percent,6.2,6.3, 0.00041480612461828437293950844
Wisconsin,2 wk ahead,Bin,percent,6.3,6.4, 0.00041480612461828437293950844
Wisconsin,2 wk ahead,Bin,percent,6.4,6.5, 0.00041480612461828437293950844
Wisconsin,2 wk ahead,Bin,percent,6.5,6.6, 0.00041480612461828437293950844
Wisconsin,2 wk ahead,Bin,percent,6.6,6.7, 0.00041480612461828437293950844
Wisconsin,2 wk ahead,Bin,percent,6.7,6.8, 0.00041480612461828437293950844
Wisconsin,2 wk ahead,Bin,percent,6.8,6.9, 0.00041480612461828437293950844
Wisconsin,2 wk ahead,Bin,percent,6.9,7, 0.00041480612461828437293950844
Wisconsin,2 wk ahead,Bin,percent,7,7.1, 0.00041480612461828437293950844
Wisconsin,2 wk ahead,Bin,percent,7.1,7.2, 0.00041480612461828437293950844
Wisconsin,2 wk ahead,Bin,percent,7.2,7.3, 0.00041480612461828437293950844
Wisconsin,2 wk ahead,Bin,percent,7.3,7.4, 0.00041480612461828437293950844
Wisconsin,2 wk ahead,Bin,percent,7.4,7.5, 0.00041480612461828437293950844
Wisconsin,2 wk ahead,Bin,percent,7.5,7.6, 0.00041480612461828437293950844
Wisconsin,2 wk ahead,Bin,percent,7.6,7.7, 0.00041480612461828437293950844
Wisconsin,2 wk ahead,Bin,percent,7.7,7.8, 0.00041480612461828437293950844
Wisconsin,2 wk ahead,Bin,percent,7.8,7.9, 0.00041480612461828437293950844
Wisconsin,2 wk ahead,Bin,percent,7.9,8, 0.00041480612461828437293950844
Wisconsin,2 wk ahead,Bin,percent,8,8.1, 0.00041480612461828800501678627
Wisconsin,2 wk ahead,Bin,percent,8.1,8.2, 0.00041480612461829169130417272
Wisconsin,2 wk ahead,Bin,percent,8.2,8.3, 0.00041480612461829169130417272
Wisconsin,2 wk ahead,Bin,percent,8.3,8.4, 0.00041480612461829169130417272
Wisconsin,2 wk ahead,Bin,percent,8.4,8.5, 0.00041480612461829169130417272
Wisconsin,2 wk ahead,Bin,percent,8.5,8.6, 0.00041480612461829169130417272
Wisconsin,2 wk ahead,Bin,percent,8.6,8.7, 0.00041480612461829169130417272
Wisconsin,2 wk ahead,Bin,percent,8.7,8.8, 0.00041480612461829169130417272
Wisconsin,2 wk ahead,Bin,percent,8.8,8.9, 0.00041480612461829169130417272
Wisconsin,2 wk ahead,Bin,percent,8.9,9, 0.00041480612461829169130417272
Wisconsin,2 wk ahead,Bin,percent,9,9.1, 0.00041480612461829169130417272
Wisconsin,2 wk ahead,Bin,percent,9.1,9.2, 0.00041480612461829169130417272
Wisconsin,2 wk ahead,Bin,percent,9.2,9.3, 0.00041480612461829169130417272
Wisconsin,2 wk ahead,Bin,percent,9.3,9.4, 0.00041480612461829169130417272
Wisconsin,2 wk ahead,Bin,percent,9.4,9.5, 0.00041480612461829169130417272
Wisconsin,2 wk ahead,Bin,percent,9.5,9.6, 0.00041480612461829169130417272
Wisconsin,2 wk ahead,Bin,percent,9.6,9.7, 0.00041480612461829169130417272
Wisconsin,2 wk ahead,Bin,percent,9.7,9.8, 0.00041480612461829169130417272
Wisconsin,2 wk ahead,Bin,percent,9.8,9.9, 0.00041480612461829169130417272
Wisconsin,2 wk ahead,Bin,percent,9.9,10, 0.00041480612461829169130417272
Wisconsin,2 wk ahead,Bin,percent,10,10.1, 0.00041480612461829169130417272
Wisconsin,2 wk ahead,Bin,percent,10.1,10.2, 0.00041480612461829169130417272
Wisconsin,2 wk ahead,Bin,percent,10.2,10.3, 0.00041480612461829169130417272
Wisconsin,2 wk ahead,Bin,percent,10.3,10.4, 0.00041480612461829169130417272
Wisconsin,2 wk ahead,Bin,percent,10.4,10.5, 0.00041480612461829169130417272
Wisconsin,2 wk ahead,Bin,percent,10.5,10.6, 0.00041480612461829169130417272
Wisconsin,2 wk ahead,Bin,percent,10.6,10.7, 0.00041480612461829169130417272
Wisconsin,2 wk ahead,Bin,percent,10.7,10.8, 0.00041480612461829169130417272
Wisconsin,2 wk ahead,Bin,percent,10.8,10.9, 0.00041480612461829169130417272
Wisconsin,2 wk ahead,Bin,percent,10.9,11, 0.00041480612461829169130417272
Wisconsin,2 wk ahead,Bin,percent,11,11.1, 0.00041480612461829169130417272
Wisconsin,2 wk ahead,Bin,percent,11.1,11.2, 0.00041480612461829169130417272
Wisconsin,2 wk ahead,Bin,percent,11.2,11.3, 0.00041480612461829169130417272
Wisconsin,2 wk ahead,Bin,percent,11.3,11.4, 0.00041480612461829169130417272
Wisconsin,2 wk ahead,Bin,percent,11.4,11.5, 0.00041480612461829169130417272
Wisconsin,2 wk ahead,Bin,percent,11.5,11.6, 0.00041480612461829169130417272
Wisconsin,2 wk ahead,Bin,percent,11.6,11.7, 0.00041480612461829169130417272
Wisconsin,2 wk ahead,Bin,percent,11.7,11.8, 0.00041480612461829169130417272
Wisconsin,2 wk ahead,Bin,percent,11.8,11.9, 0.00041480612461829169130417272
Wisconsin,2 wk ahead,Bin,percent,11.9,12, 0.00041480612461829169130417272
Wisconsin,2 wk ahead,Bin,percent,12,12.1, 0.00041480612461829169130417272
Wisconsin,2 wk ahead,Bin,percent,12.1,12.2, 0.00041480612461829169130417272
Wisconsin,2 wk ahead,Bin,percent,12.2,12.3, 0.00041480612461829169130417272
Wisconsin,2 wk ahead,Bin,percent,12.3,12.4, 0.00041480612461829169130417272
Wisconsin,2 wk ahead,Bin,percent,12.4,12.5, 0.00041480612461829169130417272
Wisconsin,2 wk ahead,Bin,percent,12.5,12.6, 0.00041480612461829169130417272
Wisconsin,2 wk ahead,Bin,percent,12.6,12.7, 0.00041480612461829169130417272
Wisconsin,2 wk ahead,Bin,percent,12.7,12.8, 0.00041480612461829169130417272
Wisconsin,2 wk ahead,Bin,percent,12.8,12.9, 0.00041480612461829169130417272
Wisconsin,2 wk ahead,Bin,percent,12.9,13, 0.00041480612461829169130417272
Wisconsin,2 wk ahead,Bin,percent,13,100, 0.00041480612461829169130417272
Wisconsin,3 wk ahead,Bin,percent,0,0.1, 0.00106230253162259663350652783
Wisconsin,3 wk ahead,Bin,percent,0.1,0.2, 0.00284565837597032002259656025
Wisconsin,3 wk ahead,Bin,percent,0.2,0.3, 0.00406248946262339170887312179
Wisconsin,3 wk ahead,Bin,percent,0.3,0.4, 0.00562614506183861315391503410
Wisconsin,3 wk ahead,Bin,percent,0.4,0.5, 0.00757612638236069332181576996
Wisconsin,3 wk ahead,Bin,percent,0.5,0.6, 0.00994346656380496775329280723
Wisconsin,3 wk ahead,Bin,percent,0.6,0.7, 0.01274618031640961830774916308
Wisconsin,3 wk ahead,Bin,percent,0.7,0.8, 0.01598262564788039200025515640
Wisconsin,3 wk ahead,Bin,percent,0.8,0.9, 0.01962007311898721073628593103
Wisconsin,3 wk ahead,Bin,percent,0.9,1, 0.02357945111857269113175838982
Wisconsin,3 wk ahead,Bin,percent,1,1.1, 0.02772061108325343109504146355
Wisconsin,3 wk ahead,Bin,percent,1.1,1.2, 0.03183516488949151429510564526
Wisconsin,3 wk ahead,Bin,percent,1.2,1.3, 0.03565463885465239984862151346
Wisconsin,3 wk ahead,Bin,percent,1.3,1.4, 0.03887966079923876189239351220
Wisconsin,3 wk ahead,Bin,percent,1.4,1.5, 0.04122840828819843844721404480
Wisconsin,3 wk ahead,Bin,percent,1.5,1.6, 0.04249418163477153981277822936
Wisconsin,3 wk ahead,Bin,percent,1.6,1.7, 0.04260054048513280122723045906
Wisconsin,3 wk ahead,Bin,percent,1.7,1.8, 0.04163165634266247777661718033
Wisconsin,3 wk ahead,Bin,percent,1.8,1.9, 0.03982961388386061646338376363
Wisconsin,3 wk ahead,Bin,percent,1.9,2, 0.03755463507209383378082634408
Wisconsin,3 wk ahead,Bin,percent,2,2.1, 0.03521730472429508707055134664
Wisconsin,3 wk ahead,Bin,percent,2.1,2.2, 0.03319781119591340423635728030
Wisconsin,3 wk ahead,Bin,percent,2.2,2.3, 0.03177313821885460742855400440
Wisconsin,3 wk ahead,Bin,percent,2.3,2.4, 0.03106803755296109331718312774
Wisconsin,3 wk ahead,Bin,percent,2.4,2.5, 0.03104026836028484989671305527
Wisconsin,3 wk ahead,Bin,percent,2.5,2.6, 0.03149734248814962944695849956
Wisconsin,3 wk ahead,Bin,percent,2.6,2.7, 0.03214253338381654195865522183
Wisconsin,3 wk ahead,Bin,percent,2.7,2.8, 0.03263656092910167255682907239
Wisconsin,3 wk ahead,Bin,percent,2.8,2.9, 0.03266205567278282484444673628
Wisconsin,3 wk ahead,Bin,percent,2.9,3, 0.03198130418243759487406663311
Wisconsin,3 wk ahead,Bin,percent,3,3.1, 0.03047275312623545437396010982
Wisconsin,3 wk ahead,Bin,percent,3.1,3.2, 0.02814772002226314379091931528
Wisconsin,3 wk ahead,Bin,percent,3.2,3.3, 0.02513793285679568820234486282
Wisconsin,3 wk ahead,Bin,percent,3.3,3.4, 0.02166443354991745562365679234
Wisconsin,3 wk ahead,Bin,percent,3.4,3.5, 0.01799281203296876005537363596
Wisconsin,3 wk ahead,Bin,percent,3.5,3.6, 0.01438596148457237447471079861
Wisconsin,3 wk ahead,Bin,percent,3.6,3.7, 0.01106414683719537071782124116
Wisconsin,3 wk ahead,Bin,percent,3.7,3.8, 0.00818035188461450728236723506
Wisconsin,3 wk ahead,Bin,percent,3.8,3.9, 0.00581121573133165821023471409
Wisconsin,3 wk ahead,Bin,percent,3.9,4, 0.00396491897639783281298564432
Wisconsin,3 wk ahead,Bin,percent,4,4.1, 0.00259727483268371635988236434
Wisconsin,3 wk ahead,Bin,percent,4.1,4.2, 0.00163301878246137799517712086
Wisconsin,3 wk ahead,Bin,percent,4.2,4.3, 0.00098523649397486709813898109
Wisconsin,3 wk ahead,Bin,percent,4.3,4.4, 0.00057026803522949095093946825
Wisconsin,3 wk ahead,Bin,percent,4.4,4.5, 0.00031796889224320045450392080
Wisconsin,3 wk ahead,Bin,percent,4.5,4.6, 0.00024865116091966649614769524
Wisconsin,3 wk ahead,Bin,percent,4.6,4.7, 0.00024865116091966649614769524
Wisconsin,3 wk ahead,Bin,percent,4.7,4.8, 0.00024865116091966649614769524
Wisconsin,3 wk ahead,Bin,percent,4.8,4.9, 0.00024865116091966649614769524
Wisconsin,3 wk ahead,Bin,percent,4.9,5, 0.00024865116091966649614769524
Wisconsin,3 wk ahead,Bin,percent,5,5.1, 0.00024865116091966649614769524
Wisconsin,3 wk ahead,Bin,percent,5.1,5.2, 0.00024865116091966649614769524
Wisconsin,3 wk ahead,Bin,percent,5.2,5.3, 0.00024865116091966649614769524
Wisconsin,3 wk ahead,Bin,percent,5.3,5.4, 0.00024865116091966649614769524
Wisconsin,3 wk ahead,Bin,percent,5.4,5.5, 0.00024865116091966649614769524
Wisconsin,3 wk ahead,Bin,percent,5.5,5.6, 0.00024865116091966649614769524
Wisconsin,3 wk ahead,Bin,percent,5.6,5.7, 0.00024865116091966649614769524
Wisconsin,3 wk ahead,Bin,percent,5.7,5.8, 0.00024865116091966649614769524
Wisconsin,3 wk ahead,Bin,percent,5.8,5.9, 0.00024865116091966649614769524
Wisconsin,3 wk ahead,Bin,percent,5.9,6, 0.00024865116091966649614769524
Wisconsin,3 wk ahead,Bin,percent,6,6.1, 0.00024865116091966649614769524
Wisconsin,3 wk ahead,Bin,percent,6.1,6.2, 0.00024865116091966649614769524
Wisconsin,3 wk ahead,Bin,percent,6.2,6.3, 0.00024865116091966649614769524
Wisconsin,3 wk ahead,Bin,percent,6.3,6.4, 0.00024865116091966649614769524
Wisconsin,3 wk ahead,Bin,percent,6.4,6.5, 0.00024865116091966649614769524
Wisconsin,3 wk ahead,Bin,percent,6.5,6.6, 0.00024865116091966649614769524
Wisconsin,3 wk ahead,Bin,percent,6.6,6.7, 0.00024865116091966649614769524
Wisconsin,3 wk ahead,Bin,percent,6.7,6.8, 0.00024865116091966649614769524
Wisconsin,3 wk ahead,Bin,percent,6.8,6.9, 0.00024865116091966649614769524
Wisconsin,3 wk ahead,Bin,percent,6.9,7, 0.00024865116091966649614769524
Wisconsin,3 wk ahead,Bin,percent,7,7.1, 0.00024865116091966649614769524
Wisconsin,3 wk ahead,Bin,percent,7.1,7.2, 0.00024865116091966649614769524
Wisconsin,3 wk ahead,Bin,percent,7.2,7.3, 0.00024865116091966649614769524
Wisconsin,3 wk ahead,Bin,percent,7.3,7.4, 0.00024865116091966649614769524
Wisconsin,3 wk ahead,Bin,percent,7.4,7.5, 0.00024865116091966649614769524
Wisconsin,3 wk ahead,Bin,percent,7.5,7.6, 0.00024865116091966649614769524
Wisconsin,3 wk ahead,Bin,percent,7.6,7.7, 0.00024865116091966649614769524
Wisconsin,3 wk ahead,Bin,percent,7.7,7.8, 0.00024865116091966649614769524
Wisconsin,3 wk ahead,Bin,percent,7.8,7.9, 0.00024865116091966649614769524
Wisconsin,3 wk ahead,Bin,percent,7.9,8, 0.00024865116091966649614769524
Wisconsin,3 wk ahead,Bin,percent,8,8.1, 0.00024865116091966871876214884
Wisconsin,3 wk ahead,Bin,percent,8.1,8.2, 0.00024865116091967094137660244
Wisconsin,3 wk ahead,Bin,percent,8.2,8.3, 0.00024865116091967094137660244
Wisconsin,3 wk ahead,Bin,percent,8.3,8.4, 0.00024865116091967094137660244
Wisconsin,3 wk ahead,Bin,percent,8.4,8.5, 0.00024865116091967094137660244
Wisconsin,3 wk ahead,Bin,percent,8.5,8.6, 0.00024865116091967094137660244
Wisconsin,3 wk ahead,Bin,percent,8.6,8.7, 0.00024865116091967094137660244
Wisconsin,3 wk ahead,Bin,percent,8.7,8.8, 0.00024865116091967094137660244
Wisconsin,3 wk ahead,Bin,percent,8.8,8.9, 0.00024865116091967094137660244
Wisconsin,3 wk ahead,Bin,percent,8.9,9, 0.00024865116091967094137660244
Wisconsin,3 wk ahead,Bin,percent,9,9.1, 0.00024865116091967094137660244
Wisconsin,3 wk ahead,Bin,percent,9.1,9.2, 0.00024865116091967094137660244
Wisconsin,3 wk ahead,Bin,percent,9.2,9.3, 0.00024865116091967094137660244
Wisconsin,3 wk ahead,Bin,percent,9.3,9.4, 0.00024865116091967094137660244
Wisconsin,3 wk ahead,Bin,percent,9.4,9.5, 0.00024865116091967094137660244
Wisconsin,3 wk ahead,Bin,percent,9.5,9.6, 0.00024865116091967094137660244
Wisconsin,3 wk ahead,Bin,percent,9.6,9.7, 0.00024865116091967094137660244
Wisconsin,3 wk ahead,Bin,percent,9.7,9.8, 0.00024865116091967094137660244
Wisconsin,3 wk ahead,Bin,percent,9.8,9.9, 0.00024865116091967094137660244
Wisconsin,3 wk ahead,Bin,percent,9.9,10, 0.00024865116091967094137660244
Wisconsin,3 wk ahead,Bin,percent,10,10.1, 0.00024865116091967094137660244
Wisconsin,3 wk ahead,Bin,percent,10.1,10.2, 0.00024865116091967094137660244
Wisconsin,3 wk ahead,Bin,percent,10.2,10.3, 0.00024865116091967094137660244
Wisconsin,3 wk ahead,Bin,percent,10.3,10.4, 0.00024865116091967094137660244
Wisconsin,3 wk ahead,Bin,percent,10.4,10.5, 0.00024865116091967094137660244
Wisconsin,3 wk ahead,Bin,percent,10.5,10.6, 0.00024865116091967094137660244
Wisconsin,3 wk ahead,Bin,percent,10.6,10.7, 0.00024865116091967094137660244
Wisconsin,3 wk ahead,Bin,percent,10.7,10.8, 0.00024865116091967094137660244
Wisconsin,3 wk ahead,Bin,percent,10.8,10.9, 0.00024865116091967094137660244
Wisconsin,3 wk ahead,Bin,percent,10.9,11, 0.00024865116091967094137660244
Wisconsin,3 wk ahead,Bin,percent,11,11.1, 0.00024865116091967094137660244
Wisconsin,3 wk ahead,Bin,percent,11.1,11.2, 0.00024865116091967094137660244
Wisconsin,3 wk ahead,Bin,percent,11.2,11.3, 0.00024865116091967094137660244
Wisconsin,3 wk ahead,Bin,percent,11.3,11.4, 0.00024865116091967094137660244
Wisconsin,3 wk ahead,Bin,percent,11.4,11.5, 0.00024865116091967094137660244
Wisconsin,3 wk ahead,Bin,percent,11.5,11.6, 0.00024865116091967094137660244
Wisconsin,3 wk ahead,Bin,percent,11.6,11.7, 0.00024865116091967094137660244
Wisconsin,3 wk ahead,Bin,percent,11.7,11.8, 0.00024865116091967094137660244
Wisconsin,3 wk ahead,Bin,percent,11.8,11.9, 0.00024865116091967094137660244
Wisconsin,3 wk ahead,Bin,percent,11.9,12, 0.00024865116091967094137660244
Wisconsin,3 wk ahead,Bin,percent,12,12.1, 0.00024865116091967094137660244
Wisconsin,3 wk ahead,Bin,percent,12.1,12.2, 0.00024865116091967094137660244
Wisconsin,3 wk ahead,Bin,percent,12.2,12.3, 0.00024865116091967094137660244
Wisconsin,3 wk ahead,Bin,percent,12.3,12.4, 0.00024865116091967094137660244
Wisconsin,3 wk ahead,Bin,percent,12.4,12.5, 0.00024865116091967094137660244
Wisconsin,3 wk ahead,Bin,percent,12.5,12.6, 0.00024865116091967094137660244
Wisconsin,3 wk ahead,Bin,percent,12.6,12.7, 0.00024865116091967094137660244
Wisconsin,3 wk ahead,Bin,percent,12.7,12.8, 0.00024865116091967094137660244
Wisconsin,3 wk ahead,Bin,percent,12.8,12.9, 0.00024865116091967094137660244
Wisconsin,3 wk ahead,Bin,percent,12.9,13, 0.00024865116091967094137660244
Wisconsin,3 wk ahead,Bin,percent,13,100, 0.00024865116091967094137660244
Wisconsin,4 wk ahead,Bin,percent,0,0.1, 0.00011318977810330391956927104
Wisconsin,4 wk ahead,Bin,percent,0.1,0.2, 0.00038335247501687349028220986
Wisconsin,4 wk ahead,Bin,percent,0.2,0.3, 0.00071920556942548744417537110
Wisconsin,4 wk ahead,Bin,percent,0.3,0.4, 0.00126778102461593358309122070
Wisconsin,4 wk ahead,Bin,percent,0.4,0.5, 0.00210122682788039475548780288
Wisconsin,4 wk ahead,Bin,percent,0.5,0.6, 0.00327759291791283055919614675
Wisconsin,4 wk ahead,Bin,percent,0.6,0.7, 0.00481734014892197699719833537
Wisconsin,4 wk ahead,Bin,percent,0.7,0.8, 0.00668213229498666738681578181
Wisconsin,4 wk ahead,Bin,percent,0.8,0.9, 0.00876586917679532916236606610
Wisconsin,4 wk ahead,Bin,percent,0.9,1, 0.01090483818266825381815277041
Wisconsin,4 wk ahead,Bin,percent,1,1.1, 0.01290929027809946394445006490
Wisconsin,4 wk ahead,Bin,percent,1.1,1.2, 0.01460907334560471865225750321
Wisconsin,4 wk ahead,Bin,percent,1.2,1.3, 0.01590046725901314225715132977
Wisconsin,4 wk ahead,Bin,percent,1.3,1.4, 0.01678403204396701833833738249
Wisconsin,4 wk ahead,Bin,percent,1.4,1.5, 0.01738718670538889898846690585
Wisconsin,4 wk ahead,Bin,percent,1.5,1.6, 0.01796975732169015654848820418
Wisconsin,4 wk ahead,Bin,percent,1.6,1.7, 0.01890982165537474085637015264
Wisconsin,4 wk ahead,Bin,percent,1.7,1.8, 0.02066090435416746348695760105
Wisconsin,4 wk ahead,Bin,percent,1.8,1.9, 0.02366877309162350798144025532
Wisconsin,4 wk ahead,Bin,percent,1.9,2, 0.02824871317801439310479771905
Wisconsin,4 wk ahead,Bin,percent,2,2.1, 0.03444790298756851554262681248
Wisconsin,4 wk ahead,Bin,percent,2.1,2.2, 0.04194044147010349971038678518
Wisconsin,4 wk ahead,Bin,percent,2.2,2.3, 0.05001174195334068262042137576
Wisconsin,4 wk ahead,Bin,percent,2.3,2.4, 0.05766405266671919410681468321
Wisconsin,4 wk ahead,Bin,percent,2.4,2.5, 0.06382614848696351039780694236
Wisconsin,4 wk ahead,Bin,percent,2.5,2.6, 0.06759871875219139458756956174
Wisconsin,4 wk ahead,Bin,percent,2.6,2.7, 0.06845292326433695395682121898
Wisconsin,4 wk ahead,Bin,percent,2.7,2.8, 0.06631826681592485617233734274
Wisconsin,4 wk ahead,Bin,percent,2.8,2.9, 0.06154066990913460710732607595
Wisconsin,4 wk ahead,Bin,percent,2.9,3, 0.05475695215301300960986097266
Wisconsin,4 wk ahead,Bin,percent,3,3.1, 0.04674063822327934047962116892
Wisconsin,4 wk ahead,Bin,percent,3.1,3.2, 0.03826603205014543485074085538
Wisconsin,4 wk ahead,Bin,percent,3.2,3.3, 0.03001273541696419105972992725
Wisconsin,4 wk ahead,Bin,percent,3.3,3.4, 0.02250976894821828111492578728
Wisconsin,4 wk ahead,Bin,percent,3.4,3.5, 0.01610658182660214959858180350
Wisconsin,4 wk ahead,Bin,percent,3.5,3.6, 0.01096698047416070145865241159
Wisconsin,4 wk ahead,Bin,percent,3.6,3.7, 0.00708825865489162449534221722
Wisconsin,4 wk ahead,Bin,percent,3.7,3.8, 0.00433875052449427065642817425
Wisconsin,4 wk ahead,Bin,percent,3.8,3.9, 0.00251003316597018643480110356
Wisconsin,4 wk ahead,Bin,percent,3.9,4, 0.00137005007177697568296337316
Wisconsin,4 wk ahead,Bin,percent,4,4.1, 0.00070462088019268543336026678
Wisconsin,4 wk ahead,Bin,percent,4.1,4.2, 0.00035359861590044788228967554
Wisconsin,4 wk ahead,Bin,percent,4.2,4.3, 0.00029655713549254635475610486
Wisconsin,4 wk ahead,Bin,percent,4.3,4.4, 0.00029655713549254635475610486
Wisconsin,4 wk ahead,Bin,percent,4.4,4.5, 0.00029655713549254635475610486
Wisconsin,4 wk ahead,Bin,percent,4.5,4.6, 0.00029655713549254635475610486
Wisconsin,4 wk ahead,Bin,percent,4.6,4.7, 0.00029655713549254635475610486
Wisconsin,4 wk ahead,Bin,percent,4.7,4.8, 0.00029655713549254635475610486
Wisconsin,4 wk ahead,Bin,percent,4.8,4.9, 0.00029655713549254635475610486
Wisconsin,4 wk ahead,Bin,percent,4.9,5, 0.00029655713549254635475610486
Wisconsin,4 wk ahead,Bin,percent,5,5.1, 0.00029655713549254635475610486
Wisconsin,4 wk ahead,Bin,percent,5.1,5.2, 0.00029655713549254635475610486
Wisconsin,4 wk ahead,Bin,percent,5.2,5.3, 0.00029655713549254635475610486
Wisconsin,4 wk ahead,Bin,percent,5.3,5.4, 0.00029655713549254635475610486
Wisconsin,4 wk ahead,Bin,percent,5.4,5.5, 0.00029655713549254635475610486
Wisconsin,4 wk ahead,Bin,percent,5.5,5.6, 0.00029655713549254635475610486
Wisconsin,4 wk ahead,Bin,percent,5.6,5.7, 0.00029655713549254635475610486
Wisconsin,4 wk ahead,Bin,percent,5.7,5.8, 0.00029655713549254635475610486
Wisconsin,4 wk ahead,Bin,percent,5.8,5.9, 0.00029655713549254635475610486
Wisconsin,4 wk ahead,Bin,percent,5.9,6, 0.00029655713549254635475610486
Wisconsin,4 wk ahead,Bin,percent,6,6.1, 0.00029655713549254635475610486
Wisconsin,4 wk ahead,Bin,percent,6.1,6.2, 0.00029655713549254635475610486
Wisconsin,4 wk ahead,Bin,percent,6.2,6.3, 0.00029655713549254635475610486
Wisconsin,4 wk ahead,Bin,percent,6.3,6.4, 0.00029655713549254635475610486
Wisconsin,4 wk ahead,Bin,percent,6.4,6.5, 0.00029655713549254635475610486
Wisconsin,4 wk ahead,Bin,percent,6.5,6.6, 0.00029655713549254635475610486
Wisconsin,4 wk ahead,Bin,percent,6.6,6.7, 0.00029655713549254635475610486
Wisconsin,4 wk ahead,Bin,percent,6.7,6.8, 0.00029655713549254635475610486
Wisconsin,4 wk ahead,Bin,percent,6.8,6.9, 0.00029655713549254635475610486
Wisconsin,4 wk ahead,Bin,percent,6.9,7, 0.00029655713549254635475610486
Wisconsin,4 wk ahead,Bin,percent,7,7.1, 0.00029655713549254635475610486
Wisconsin,4 wk ahead,Bin,percent,7.1,7.2, 0.00029655713549254635475610486
Wisconsin,4 wk ahead,Bin,percent,7.2,7.3, 0.00029655713549254635475610486
Wisconsin,4 wk ahead,Bin,percent,7.3,7.4, 0.00029655713549254635475610486
Wisconsin,4 wk ahead,Bin,percent,7.4,7.5, 0.00029655713549254635475610486
Wisconsin,4 wk ahead,Bin,percent,7.5,7.6, 0.00029655713549254635475610486
Wisconsin,4 wk ahead,Bin,percent,7.6,7.7, 0.00029655713549254635475610486
Wisconsin,4 wk ahead,Bin,percent,7.7,7.8, 0.00029655713549254635475610486
Wisconsin,4 wk ahead,Bin,percent,7.8,7.9, 0.00029655713549254635475610486
Wisconsin,4 wk ahead,Bin,percent,7.9,8, 0.00029655713549254635475610486
Wisconsin,4 wk ahead,Bin,percent,8,8.1, 0.00029655713549254901105142745
Wisconsin,4 wk ahead,Bin,percent,8.1,8.2, 0.00029655713549255166734675004
Wisconsin,4 wk ahead,Bin,percent,8.2,8.3, 0.00029655713549255166734675004
Wisconsin,4 wk ahead,Bin,percent,8.3,8.4, 0.00029655713549255166734675004
Wisconsin,4 wk ahead,Bin,percent,8.4,8.5, 0.00029655713549255166734675004
Wisconsin,4 wk ahead,Bin,percent,8.5,8.6, 0.00029655713549255166734675004
Wisconsin,4 wk ahead,Bin,percent,8.6,8.7, 0.00029655713549255166734675004
Wisconsin,4 wk ahead,Bin,percent,8.7,8.8, 0.00029655713549255166734675004
Wisconsin,4 wk ahead,Bin,percent,8.8,8.9, 0.00029655713549255166734675004
Wisconsin,4 wk ahead,Bin,percent,8.9,9, 0.00029655713549255166734675004
Wisconsin,4 wk ahead,Bin,percent,9,9.1, 0.00029655713549255166734675004
Wisconsin,4 wk ahead,Bin,percent,9.1,9.2, 0.00029655713549255166734675004
Wisconsin,4 wk ahead,Bin,percent,9.2,9.3, 0.00029655713549255166734675004
Wisconsin,4 wk ahead,Bin,percent,9.3,9.4, 0.00029655713549255166734675004
Wisconsin,4 wk ahead,Bin,percent,9.4,9.5, 0.00029655713549255166734675004
Wisconsin,4 wk ahead,Bin,percent,9.5,9.6, 0.00029655713549255166734675004
Wisconsin,4 wk ahead,Bin,percent,9.6,9.7, 0.00029655713549255166734675004
Wisconsin,4 wk ahead,Bin,percent,9.7,9.8, 0.00029655713549255166734675004
Wisconsin,4 wk ahead,Bin,percent,9.8,9.9, 0.00029655713549255166734675004
Wisconsin,4 wk ahead,Bin,percent,9.9,10, 0.00029655713549255166734675004
Wisconsin,4 wk ahead,Bin,percent,10,10.1, 0.00029655713549255166734675004
Wisconsin,4 wk ahead,Bin,percent,10.1,10.2, 0.00029655713549255166734675004
Wisconsin,4 wk ahead,Bin,percent,10.2,10.3, 0.00029655713549255166734675004
Wisconsin,4 wk ahead,Bin,percent,10.3,10.4, 0.00029655713549255166734675004
Wisconsin,4 wk ahead,Bin,percent,10.4,10.5, 0.00029655713549255166734675004
Wisconsin,4 wk ahead,Bin,percent,10.5,10.6, 0.00029655713549255166734675004
Wisconsin,4 wk ahead,Bin,percent,10.6,10.7, 0.00029655713549255166734675004
Wisconsin,4 wk ahead,Bin,percent,10.7,10.8, 0.00029655713549255166734675004
Wisconsin,4 wk ahead,Bin,percent,10.8,10.9, 0.00029655713549255166734675004
Wisconsin,4 wk ahead,Bin,percent,10.9,11, 0.00029655713549255166734675004
Wisconsin,4 wk ahead,Bin,percent,11,11.1, 0.00029655713549255166734675004
Wisconsin,4 wk ahead,Bin,percent,11.1,11.2, 0.00029655713549255166734675004
Wisconsin,4 wk ahead,Bin,percent,11.2,11.3, 0.00029655713549255166734675004
Wisconsin,4 wk ahead,Bin,percent,11.3,11.4, 0.00029655713549255166734675004
Wisconsin,4 wk ahead,Bin,percent,11.4,11.5, 0.00029655713549255166734675004
Wisconsin,4 wk ahead,Bin,percent,11.5,11.6, 0.00029655713549255166734675004
Wisconsin,4 wk ahead,Bin,percent,11.6,11.7, 0.00029655713549255166734675004
Wisconsin,4 wk ahead,Bin,percent,11.7,11.8, 0.00029655713549255166734675004
Wisconsin,4 wk ahead,Bin,percent,11.8,11.9, 0.00029655713549255166734675004
Wisconsin,4 wk ahead,Bin,percent,11.9,12, 0.00029655713549255166734675004
Wisconsin,4 wk ahead,Bin,percent,12,12.1, 0.00029655713549255166734675004
Wisconsin,4 wk ahead,Bin,percent,12.1,12.2, 0.00029655713549255166734675004
Wisconsin,4 wk ahead,Bin,percent,12.2,12.3, 0.00029655713549255166734675004
Wisconsin,4 wk ahead,Bin,percent,12.3,12.4, 0.00029655713549255166734675004
Wisconsin,4 wk ahead,Bin,percent,12.4,12.5, 0.00029655713549255166734675004
Wisconsin,4 wk ahead,Bin,percent,12.5,12.6, 0.00029655713549255166734675004
Wisconsin,4 wk ahead,Bin,percent,12.6,12.7, 0.00029655713549255166734675004
Wisconsin,4 wk ahead,Bin,percent,12.7,12.8, 0.00029655713549255166734675004
Wisconsin,4 wk ahead,Bin,percent,12.8,12.9, 0.00029655713549255166734675004
Wisconsin,4 wk ahead,Bin,percent,12.9,13, 0.00029655713549255166734675004
Wisconsin,4 wk ahead,Bin,percent,13,100, 0.00029655713549255166734675004
Washington,Season peak week,Bin,week,40,41, 0.00045519067314799769446986843
Washington,Season peak week,Bin,week,41,42, 0.00045519067314799769446986843
Washington,Season peak week,Bin,week,42,43, 0.00045519067314799769446986843
Washington,Season peak week,Bin,week,43,44, 0.00045519067314799769446986843
Washington,Season peak week,Bin,week,44,45, 0.00045519067314799769446986843
Washington,Season peak week,Bin,week,45,46, 0.00045519067314799769446986843
Washington,Season peak week,Bin,week,46,47, 0.00045519067314799769446986843
Washington,Season peak week,Bin,week,47,48, 0.00045519067314799769446986843
Washington,Season peak week,Bin,week,48,49, 0.00081194006285332381844810357
Washington,Season peak week,Bin,week,49,50, 0.00282509666287929358738373331
Washington,Season peak week,Bin,week,50,51, 0.00807760167433075812470910648
Washington,Season peak week,Bin,week,51,52, 0.01888996769126950747708093559
Washington,Season peak week,Bin,week,52,53, 0.03629319802554194229760042845
Washington,Season peak week,Bin,week,1,2, 0.05762750283141688384391798650
Washington,Season peak week,Bin,week,2,3, 0.07628766958785522522834554593
Washington,Season peak week,Bin,week,3,4, 0.08543387969589143204895975714
Washington,Season peak week,Bin,week,4,5, 0.08297914147141426111087270101
Washington,Season peak week,Bin,week,5,6, 0.07257923270188197661934026428
Washington,Season peak week,Bin,week,6,7, 0.05951309015892802811720230238
Washington,Season peak week,Bin,week,7,8, 0.04649605760201670073827884266
Washington,Season peak week,Bin,week,8,9, 0.03388676435868563652231699734
Washington,Season peak week,Bin,week,9,10, 0.02250557419949086174204566646
Washington,Season peak week,Bin,week,10,11, 0.01481249589806920077816876358
Washington,Season peak week,Bin,week,11,12, 0.01377683212835816538299749112
Washington,Season peak week,Bin,week,12,13, 0.02127648885849075383047690480
Washington,Season peak week,Bin,week,13,14, 0.03649234560601777310751003824
Washington,Season peak week,Bin,week,14,15, 0.05441512172264170027480290059
Washington,Season peak week,Bin,week,15,16, 0.06674630847080378903690700554
Washington,Season peak week,Bin,week,16,17, 0.06672264910227759804328684368
Washington,Season peak week,Bin,week,17,18, 0.05427325448852054340376227515
Washington,Season peak week,Bin,week,18,19, 0.03590270027776715916489891356
Washington,Season peak week,Bin,week,19,20, 0.01930398033436194968337495936
Washington,Season peak week,Bin,week,20,21, 0.00842958100305159392651166428
Washington,Season peak percentage,Bin,percent,0,0.1, 0.00010646276102279961283184062
Washington,Season peak percentage,Bin,percent,0.1,0.2, 0.00026731883781793173504928718
Washington,Season peak percentage,Bin,percent,0.2,0.3, 0.00044720709251667262965762584
Washington,Season peak percentage,Bin,percent,0.3,0.4, 0.00072539976235415912827336760
Washington,Season peak percentage,Bin,percent,0.4,0.5, 0.00113838403001355228764956973
Washington,Season peak percentage,Bin,percent,0.5,0.6, 0.00172863869069676649725675333
Washington,Season peak percentage,Bin,percent,0.6,0.7, 0.00254023630771688926563434130
Washington,Season peak percentage,Bin,percent,0.7,0.8, 0.00361303643581165241649433284
Washington,Season peak percentage,Bin,percent,0.8,0.9, 0.00497499203675118035344882017
Washington,Season peak percentage,Bin,percent,0.9,1, 0.00663383934671876122207700988
Washington,Season peak percentage,Bin,percent,1,1.1, 0.00856977587656233830148977404
Washington,Season peak percentage,Bin,percent,1.1,1.2, 0.01073109887425558427176408571
Washington,Season peak percentage,Bin,percent,1.2,1.3, 0.01303430681974072219420079932
Washington,Season peak percentage,Bin,percent,1.3,1.4, 0.01537088210043991397257823195
Washington,Season peak percentage,Bin,percent,1.4,1.5, 0.01761922725160911668007557296
Washington,Season peak percentage,Bin,percent,1.5,1.6, 0.01966059697842096817832491240
Washington,Season peak percentage,Bin,percent,1.6,1.7, 0.02139564028377474724784690352
Washington,Season peak percentage,Bin,percent,1.7,1.8, 0.02275804301950595104342411901
Washington,Season peak percentage,Bin,percent,1.8,1.9, 0.02372149563040612529896122851
Washington,Season peak percentage,Bin,percent,1.9,2, 0.02429916612880500190185806275
Washington,Season peak percentage,Bin,percent,2,2.1, 0.02453587983298420940880824048
Washington,Season peak percentage,Bin,percent,2.1,2.2, 0.02449530436917526227125208038
Washington,Season peak percentage,Bin,percent,2.2,2.3, 0.02424689168794531488049237566
Washington,Season peak percentage,Bin,percent,2.3,2.4, 0.02385610926912716880932130437
Washington,Season peak percentage,Bin,percent,2.4,2.5, 0.02338035906280521228350899321
Washington,Season peak percentage,Bin,percent,2.5,2.6, 0.02287121029984499551157561825
Washington,Season peak percentage,Bin,percent,2.6,2.7, 0.02238051761825805494043883925
Washington,Season peak percentage,Bin,percent,2.7,2.8, 0.02196728978174380952914646059
Washington,Season peak percentage,Bin,percent,2.8,2.9, 0.02170132223200088930625817341
Washington,Season peak percentage,Bin,percent,2.9,3, 0.02166060749199861731884020344
Washington,Season peak percentage,Bin,percent,3,3.1, 0.02192259483660319308029329477
Washington,Season peak percentage,Bin,percent,3.1,3.2, 0.02254993495645141524108545639
Washington,Season peak percentage,Bin,percent,3.2,3.3, 0.02357436380677476947531623352
Washington,Season peak percentage,Bin,percent,3.3,3.4, 0.02498288558674666495762473062
Washington,Season peak percentage,Bin,percent,3.4,3.5, 0.02670841457438187516171268499
Washington,Season peak percentage,Bin,percent,3.5,3.6, 0.02862955660266515781064988744
Washington,Season peak percentage,Bin,percent,3.6,3.7, 0.03057870981480716870981595434
Washington,Season peak percentage,Bin,percent,3.7,3.8, 0.03235794592637911137877892997
Washington,Season peak percentage,Bin,percent,3.8,3.9, 0.03376155798657504841786547445
Washington,Season peak percentage,Bin,percent,3.9,4, 0.03460111068026084507609496654
Washington,Season peak percentage,Bin,percent,4,4.1, 0.03473007285217121625775504867
Washington,Season peak percentage,Bin,percent,4.1,4.2, 0.03406349129226757255217705733
Washington,Season peak percentage,Bin,percent,4.2,4.3, 0.03258983988863466824126291499
Washington,Season peak percentage,Bin,percent,4.3,4.4, 0.03037354741564726734459611635
Washington,Season peak percentage,Bin,percent,4.4,4.5, 0.02754600091304242395762180706
Washington,Season peak percentage,Bin,percent,4.5,4.6, 0.02428762819045253429361963526
Washington,Season peak percentage,Bin,percent,4.6,4.7, 0.02080448036270925518675944943
Washington,Season peak percentage,Bin,percent,4.7,4.8, 0.01730236292477067491790698739
Washington,Season peak percentage,Bin,percent,4.8,4.9, 0.01396374304751922534872932147
Washington,Season peak percentage,Bin,percent,4.9,5, 0.01093075233374701284161378823
Washington,Season peak percentage,Bin,percent,5,5.1, 0.00829643101272190680584017741
Washington,Season peak percentage,Bin,percent,5.1,5.2, 0.00610343248371866993473577878
Washington,Season peak percentage,Bin,percent,5.2,5.3, 0.00435082989028566253369989525
Washington,Season peak percentage,Bin,percent,5.3,5.4, 0.00300457342963325168411214960
Washington,Season peak percentage,Bin,percent,5.4,5.5, 0.00200966339989836970114644998
Washington,Season peak percentage,Bin,percent,5.5,5.6, 0.00130171845029890113389081652
Washington,Season peak percentage,Bin,percent,5.6,5.7, 0.00081640263510385181408568478
Washington,Season peak percentage,Bin,percent,5.7,5.8, 0.00049568830207497569829977468
Washington,Season peak percentage,Bin,percent,5.8,5.9, 0.00029199701519330121006132184
Washington,Season peak percentage,Bin,percent,5.9,6, 0.00023109763163388252651779531
Washington,Season peak percentage,Bin,percent,6,6.1, 0.00023109763163388252651779531
Washington,Season peak percentage,Bin,percent,6.1,6.2, 0.00023109763163388252651779531
Washington,Season peak percentage,Bin,percent,6.2,6.3, 0.00023109763163388252651779531
Washington,Season peak percentage,Bin,percent,6.3,6.4, 0.00023109763163388252651779531
Washington,Season peak percentage,Bin,percent,6.4,6.5, 0.00023109763163388252651779531
Washington,Season peak percentage,Bin,percent,6.5,6.6, 0.00023109763163388252651779531
Washington,Season peak percentage,Bin,percent,6.6,6.7, 0.00023109763163388252651779531
Washington,Season peak percentage,Bin,percent,6.7,6.8, 0.00023109763163388252651779531
Washington,Season peak percentage,Bin,percent,6.8,6.9, 0.00023109763163388252651779531
Washington,Season peak percentage,Bin,percent,6.9,7, 0.00023109763163388252651779531
Washington,Season peak percentage,Bin,percent,7,7.1, 0.00023109763163388252651779531
Washington,Season peak percentage,Bin,percent,7.1,7.2, 0.00023109763163388252651779531
Washington,Season peak percentage,Bin,percent,7.2,7.3, 0.00023109763163388252651779531
Washington,Season peak percentage,Bin,percent,7.3,7.4, 0.00023109763163388252651779531
Washington,Season peak percentage,Bin,percent,7.4,7.5, 0.00023109763163388252651779531
Washington,Season peak percentage,Bin,percent,7.5,7.6, 0.00023109763163388252651779531
Washington,Season peak percentage,Bin,percent,7.6,7.7, 0.00023109763163388252651779531
Washington,Season peak percentage,Bin,percent,7.7,7.8, 0.00023109763163388252651779531
Washington,Season peak percentage,Bin,percent,7.8,7.9, 0.00023109763163388252651779531
Washington,Season peak percentage,Bin,percent,7.9,8, 0.00023109763163388252651779531
Washington,Season peak percentage,Bin,percent,8,8.1, 0.00023109763163388453229181441
Washington,Season peak percentage,Bin,percent,8.1,8.2, 0.00023109763163388659227594213
Washington,Season peak percentage,Bin,percent,8.2,8.3, 0.00023109763163388659227594213
Washington,Season peak percentage,Bin,percent,8.3,8.4, 0.00023109763163388659227594213
Washington,Season peak percentage,Bin,percent,8.4,8.5, 0.00023109763163388659227594213
Washington,Season peak percentage,Bin,percent,8.5,8.6, 0.00023109763163388659227594213
Washington,Season peak percentage,Bin,percent,8.6,8.7, 0.00023109763163388659227594213
Washington,Season peak percentage,Bin,percent,8.7,8.8, 0.00023109763163388659227594213
Washington,Season peak percentage,Bin,percent,8.8,8.9, 0.00023109763163388659227594213
Washington,Season peak percentage,Bin,percent,8.9,9, 0.00023109763163388659227594213
Washington,Season peak percentage,Bin,percent,9,9.1, 0.00023109763163388659227594213
Washington,Season peak percentage,Bin,percent,9.1,9.2, 0.00023109763163388659227594213
Washington,Season peak percentage,Bin,percent,9.2,9.3, 0.00023109763163388659227594213
Washington,Season peak percentage,Bin,percent,9.3,9.4, 0.00023109763163388659227594213
Washington,Season peak percentage,Bin,percent,9.4,9.5, 0.00023109763163388659227594213
Washington,Season peak percentage,Bin,percent,9.5,9.6, 0.00023109763163388659227594213
Washington,Season peak percentage,Bin,percent,9.6,9.7, 0.00023109763163388659227594213
Washington,Season peak percentage,Bin,percent,9.7,9.8, 0.00023109763163388659227594213
Washington,Season peak percentage,Bin,percent,9.8,9.9, 0.00023109763163388659227594213
Washington,Season peak percentage,Bin,percent,9.9,10, 0.00023109763163388659227594213
Washington,Season peak percentage,Bin,percent,10,10.1, 0.00023109763163388659227594213
Washington,Season peak percentage,Bin,percent,10.1,10.2, 0.00023109763163388659227594213
Washington,Season peak percentage,Bin,percent,10.2,10.3, 0.00023109763163388659227594213
Washington,Season peak percentage,Bin,percent,10.3,10.4, 0.00023109763163388659227594213
Washington,Season peak percentage,Bin,percent,10.4,10.5, 0.00023109763163388659227594213
Washington,Season peak percentage,Bin,percent,10.5,10.6, 0.00023109763163388659227594213
Washington,Season peak percentage,Bin,percent,10.6,10.7, 0.00023109763163388659227594213
Washington,Season peak percentage,Bin,percent,10.7,10.8, 0.00023109763163388659227594213
Washington,Season peak percentage,Bin,percent,10.8,10.9, 0.00023109763163388659227594213
Washington,Season peak percentage,Bin,percent,10.9,11, 0.00023109763163388659227594213
Washington,Season peak percentage,Bin,percent,11,11.1, 0.00023109763163388659227594213
Washington,Season peak percentage,Bin,percent,11.1,11.2, 0.00023109763163388659227594213
Washington,Season peak percentage,Bin,percent,11.2,11.3, 0.00023109763163388659227594213
Washington,Season peak percentage,Bin,percent,11.3,11.4, 0.00023109763163388659227594213
Washington,Season peak percentage,Bin,percent,11.4,11.5, 0.00023109763163388659227594213
Washington,Season peak percentage,Bin,percent,11.5,11.6, 0.00023109763163388659227594213
Washington,Season peak percentage,Bin,percent,11.6,11.7, 0.00023109763163388659227594213
Washington,Season peak percentage,Bin,percent,11.7,11.8, 0.00023109763163388659227594213
Washington,Season peak percentage,Bin,percent,11.8,11.9, 0.00023109763163388659227594213
Washington,Season peak percentage,Bin,percent,11.9,12, 0.00023109763163388659227594213
Washington,Season peak percentage,Bin,percent,12,12.1, 0.00023109763163388659227594213
Washington,Season peak percentage,Bin,percent,12.1,12.2, 0.00023109763163388659227594213
Washington,Season peak percentage,Bin,percent,12.2,12.3, 0.00023109763163388659227594213
Washington,Season peak percentage,Bin,percent,12.3,12.4, 0.00023109763163388659227594213
Washington,Season peak percentage,Bin,percent,12.4,12.5, 0.00023109763163388659227594213
Washington,Season peak percentage,Bin,percent,12.5,12.6, 0.00023109763163388659227594213
Washington,Season peak percentage,Bin,percent,12.6,12.7, 0.00023109763163388659227594213
Washington,Season peak percentage,Bin,percent,12.7,12.8, 0.00023109763163388659227594213
Washington,Season peak percentage,Bin,percent,12.8,12.9, 0.00023109763163388659227594213
Washington,Season peak percentage,Bin,percent,12.9,13, 0.00023109763163388659227594213
Washington,Season peak percentage,Bin,percent,13,100, 0.00023109763163388659227594213
Washington,1 wk ahead,Bin,percent,0,0.1, 0.00752648215933186728182624492
Washington,1 wk ahead,Bin,percent,0.1,0.2, 0.01582610639875139252330527029
Washington,1 wk ahead,Bin,percent,0.2,0.3, 0.01684039073406154440881721257
Washington,1 wk ahead,Bin,percent,0.3,0.4, 0.01782583852491679068941188291
Washington,1 wk ahead,Bin,percent,0.4,0.5, 0.01877234999240409707432775122
Washington,1 wk ahead,Bin,percent,0.5,0.6, 0.01967047248295573230736366099
Washington,1 wk ahead,Bin,percent,0.6,0.7, 0.02051086666679620071351841659
Washington,1 wk ahead,Bin,percent,0.7,0.8, 0.02128617650555379020582691396
Washington,1 wk ahead,Bin,percent,0.8,0.9, 0.02198971618936112343289934756
Washington,1 wk ahead,Bin,percent,0.9,1, 0.02261630881757180008828633788
Washington,1 wk ahead,Bin,percent,1,1.1, 0.02316121228128475637020322608
Washington,1 wk ahead,Bin,percent,1.1,1.2, 0.02362222272876216694337259128
Washington,1 wk ahead,Bin,percent,1.2,1.3, 0.02399817066785678992824060174
Washington,1 wk ahead,Bin,percent,1.3,1.4, 0.02428928665417102658596881781
Washington,1 wk ahead,Bin,percent,1.4,1.5, 0.02449642721993577562655808322
Washington,1 wk ahead,Bin,percent,1.5,1.6, 0.02462205002887058596927616350
Washington,1 wk ahead,Bin,percent,1.6,1.7, 0.02466982786126864155007432089
Washington,1 wk ahead,Bin,percent,1.7,1.8, 0.02464400707924476255361589949
Washington,1 wk ahead,Bin,percent,1.8,1.9, 0.02454911486260610842258245157
Washington,1 wk ahead,Bin,percent,1.9,2, 0.02439022896368973208902630745
Washington,1 wk ahead,Bin,percent,2,2.1, 0.02417301408927252995284540305
Washington,1 wk ahead,Bin,percent,2.1,2.2, 0.02390307298532084318010149104
Washington,1 wk ahead,Bin,percent,2.2,2.3, 0.02358572545418502822145434550
Washington,1 wk ahead,Bin,percent,2.3,2.4, 0.02322608958372332846331609346
Washington,1 wk ahead,Bin,percent,2.4,2.5, 0.02282917979305766620345963247
Washington,1 wk ahead,Bin,percent,2.5,2.6, 0.02239962180237440453334230028
Washington,1 wk ahead,Bin,percent,2.6,2.7, 0.02194146507691947453611014396
Washington,1 wk ahead,Bin,percent,2.7,2.8, 0.02145825935838058251547977306
Washington,1 wk ahead,Bin,percent,2.8,2.9, 0.02095308464424010946869358918
Washington,1 wk ahead,Bin,percent,2.9,3, 0.02042867333694306161695486423
Washington,1 wk ahead,Bin,percent,3,3.1, 0.01988721430387227137592809356
Washington,1 wk ahead,Bin,percent,3.1,3.2, 0.01933045449502246437845087712
Washington,1 wk ahead,Bin,percent,3.2,3.3, 0.01875975941893710807750750291
Washington,1 wk ahead,Bin,percent,3.3,3.4, 0.01817631401025220777567525943
Washington,1 wk ahead,Bin,percent,3.4,3.5, 0.01758105635310435246876359372
Washington,1 wk ahead,Bin,percent,3.5,3.6, 0.01697473196866260483628430222
Washington,1 wk ahead,Bin,percent,3.6,3.7, 0.01635796912384903864512430971
Washington,1 wk ahead,Bin,percent,3.7,3.8, 0.01573146456655886982201053570
Washington,1 wk ahead,Bin,percent,3.8,3.9, 0.01509600439356014595082555729
Washington,1 wk ahead,Bin,percent,3.9,4, 0.01445243458616375827052724645
Washington,1 wk ahead,Bin,percent,4,4.1, 0.01380176181607994066735667360
Washington,1 wk ahead,Bin,percent,4.1,4.2, 0.01314521593425054847570354610
Washington,1 wk ahead,Bin,percent,4.2,4.3, 0.01248433428387589298746984667
Washington,1 wk ahead,Bin,percent,4.3,4.4, 0.01182084144213623420893721772
Washington,1 wk ahead,Bin,percent,4.4,4.5, 0.01115672772663640899271086937
Washington,1 wk ahead,Bin,percent,4.5,4.6, 0.01049425827988209949936937448
Washington,1 wk ahead,Bin,percent,4.6,4.7, 0.00983588436110827829539360323
Washington,1 wk ahead,Bin,percent,4.7,4.8, 0.00918423368018129321344034111
Washington,1 wk ahead,Bin,percent,4.8,4.9, 0.00854204767268374777489103877
Washington,1 wk ahead,Bin,percent,4.9,5, 0.00791229465289464140020925242
Washington,1 wk ahead,Bin,percent,5,5.1, 0.00729771732544675765658181987
Washington,1 wk ahead,Bin,percent,5.1,5.2, 0.00670107769137822956856398449
Washington,1 wk ahead,Bin,percent,5.2,5.3, 0.00612497713391440493785333743
Washington,1 wk ahead,Bin,percent,5.3,5.4, 0.00557208059317695902912248584
Washington,1 wk ahead,Bin,percent,5.4,5.5, 0.00504446996961815420645880437
Washington,1 wk ahead,Bin,percent,5.5,5.6, 0.00454398161630351245243719660
Washington,1 wk ahead,Bin,percent,5.6,5.7, 0.00407211152695092105241458924
Washington,1 wk ahead,Bin,percent,5.7,5.8, 0.00363022282833137810431622938
Washington,1 wk ahead,Bin,percent,5.8,5.9, 0.00321906231789158931919092588
Washington,1 wk ahead,Bin,percent,5.9,6, 0.00283889522724711188678137219
Washington,1 wk ahead,Bin,percent,6,6.1, 0.00248968079010229714764790288
Washington,1 wk ahead,Bin,percent,6.1,6.2, 0.00217113848200980921049341177
Washington,1 wk ahead,Bin,percent,6.2,6.3, 0.00188264252729008368415775099
Washington,1 wk ahead,Bin,percent,6.3,6.4, 0.00162300465106681801943921961
Washington,1 wk ahead,Bin,percent,6.4,6.5, 0.00139093758449052983666716088
Washington,1 wk ahead,Bin,percent,6.5,6.6, 0.00118495653947003919993774534
Washington,1 wk ahead,Bin,percent,6.6,6.7, 0.00100352045836772933891378745
Washington,1 wk ahead,Bin,percent,6.7,6.8, 0.00084472414505959284893032990
Washington,1 wk ahead,Bin,percent,6.8,6.9, 0.00070670952653370013030187380
Washington,1 wk ahead,Bin,percent,6.9,7, 0.00058757939732893978927036338
Washington,1 wk ahead,Bin,percent,7,7.1, 0.00048554492461039673546416284
Washington,1 wk ahead,Bin,percent,7.1,7.2, 0.00039874802629880057823485995
Washington,1 wk ahead,Bin,percent,7.2,7.3, 0.00032541232198140239038550159
Washington,1 wk ahead,Bin,percent,7.3,7.4, 0.00026387010557962661773043211
Washington,1 wk ahead,Bin,percent,7.4,7.5, 0.00021261749918265426513921956
Washington,1 wk ahead,Bin,percent,7.5,7.6, 0.00017025146465628367142830513
Washington,1 wk ahead,Bin,percent,7.6,7.7, 0.00013545872820985206826625846
Washington,1 wk ahead,Bin,percent,7.7,7.8, 0.00010707232419639085049378052
Washington,1 wk ahead,Bin,percent,7.8,7.9, 0.00008418594047974316361016706
Washington,1 wk ahead,Bin,percent,7.9,8, 0.00007609427537120486313704237
Washington,1 wk ahead,Bin,percent,8,8.1, 0.00007609427537120554076340018
Washington,1 wk ahead,Bin,percent,8.1,8.2, 0.00007609427537120620483723082
Washington,1 wk ahead,Bin,percent,8.2,8.3, 0.00007609427537120620483723082
Washington,1 wk ahead,Bin,percent,8.3,8.4, 0.00007609427537120620483723082
Washington,1 wk ahead,Bin,percent,8.4,8.5, 0.00007609427537120620483723082
Washington,1 wk ahead,Bin,percent,8.5,8.6, 0.00007609427537120620483723082
Washington,1 wk ahead,Bin,percent,8.6,8.7, 0.00007609427537120620483723082
Washington,1 wk ahead,Bin,percent,8.7,8.8, 0.00007609427537120620483723082
Washington,1 wk ahead,Bin,percent,8.8,8.9, 0.00007609427537120620483723082
Washington,1 wk ahead,Bin,percent,8.9,9, 0.00007609427537120620483723082
Washington,1 wk ahead,Bin,percent,9,9.1, 0.00007609427537120620483723082
Washington,1 wk ahead,Bin,percent,9.1,9.2, 0.00007609427537120620483723082
Washington,1 wk ahead,Bin,percent,9.2,9.3, 0.00007609427537120620483723082
Washington,1 wk ahead,Bin,percent,9.3,9.4, 0.00007609427537120620483723082
Washington,1 wk ahead,Bin,percent,9.4,9.5, 0.00007609427537120620483723082
Washington,1 wk ahead,Bin,percent,9.5,9.6, 0.00007609427537120620483723082
Washington,1 wk ahead,Bin,percent,9.6,9.7, 0.00007609427537120620483723082
Washington,1 wk ahead,Bin,percent,9.7,9.8, 0.00007609427537120620483723082
Washington,1 wk ahead,Bin,percent,9.8,9.9, 0.00007609427537120620483723082
Washington,1 wk ahead,Bin,percent,9.9,10, 0.00007609427537120620483723082
Washington,1 wk ahead,Bin,percent,10,10.1, 0.00007609427537120620483723082
Washington,1 wk ahead,Bin,percent,10.1,10.2, 0.00007609427537120620483723082
Washington,1 wk ahead,Bin,percent,10.2,10.3, 0.00007609427537120620483723082
Washington,1 wk ahead,Bin,percent,10.3,10.4, 0.00007609427537120620483723082
Washington,1 wk ahead,Bin,percent,10.4,10.5, 0.00007609427537120620483723082
Washington,1 wk ahead,Bin,percent,10.5,10.6, 0.00007609427537120620483723082
Washington,1 wk ahead,Bin,percent,10.6,10.7, 0.00007609427537120620483723082
Washington,1 wk ahead,Bin,percent,10.7,10.8, 0.00007609427537120620483723082
Washington,1 wk ahead,Bin,percent,10.8,10.9, 0.00007609427537120620483723082
Washington,1 wk ahead,Bin,percent,10.9,11, 0.00007609427537120620483723082
Washington,1 wk ahead,Bin,percent,11,11.1, 0.00007609427537120620483723082
Washington,1 wk ahead,Bin,percent,11.1,11.2, 0.00007609427537120620483723082
Washington,1 wk ahead,Bin,percent,11.2,11.3, 0.00007609427537120620483723082
Washington,1 wk ahead,Bin,percent,11.3,11.4, 0.00007609427537120620483723082
Washington,1 wk ahead,Bin,percent,11.4,11.5, 0.00007609427537120620483723082
Washington,1 wk ahead,Bin,percent,11.5,11.6, 0.00007609427537120620483723082
Washington,1 wk ahead,Bin,percent,11.6,11.7, 0.00007609427537120620483723082
Washington,1 wk ahead,Bin,percent,11.7,11.8, 0.00007609427537120620483723082
Washington,1 wk ahead,Bin,percent,11.8,11.9, 0.00007609427537120620483723082
Washington,1 wk ahead,Bin,percent,11.9,12, 0.00007609427537120620483723082
Washington,1 wk ahead,Bin,percent,12,12.1, 0.00007609427537120620483723082
Washington,1 wk ahead,Bin,percent,12.1,12.2, 0.00007609427537120620483723082
Washington,1 wk ahead,Bin,percent,12.2,12.3, 0.00007609427537120620483723082
Washington,1 wk ahead,Bin,percent,12.3,12.4, 0.00007609427537120620483723082
Washington,1 wk ahead,Bin,percent,12.4,12.5, 0.00007609427537120620483723082
Washington,1 wk ahead,Bin,percent,12.5,12.6, 0.00007609427537120620483723082
Washington,1 wk ahead,Bin,percent,12.6,12.7, 0.00007609427537120620483723082
Washington,1 wk ahead,Bin,percent,12.7,12.8, 0.00007609427537120620483723082
Washington,1 wk ahead,Bin,percent,12.8,12.9, 0.00007609427537120620483723082
Washington,1 wk ahead,Bin,percent,12.9,13, 0.00007609427537120620483723082
Washington,1 wk ahead,Bin,percent,13,100, 0.00007609427537120620483723082
Washington,2 wk ahead,Bin,percent,0,0.1, 0.00595632844850405539227633511
Washington,2 wk ahead,Bin,percent,0.1,0.2, 0.01258989001826813121376336113
Washington,2 wk ahead,Bin,percent,0.2,0.3, 0.01348959031171671416049484549
Washington,2 wk ahead,Bin,percent,0.3,0.4, 0.01437935258970905044728638700
Washington,2 wk ahead,Bin,percent,0.4,0.5, 0.01525273078736741165506440865
Washington,2 wk ahead,Bin,percent,0.5,0.6, 0.01610392263622513475684883133
Washington,2 wk ahead,Bin,percent,0.6,0.7, 0.01692767325214914603259686032
Washington,2 wk ahead,Bin,percent,0.7,0.8, 0.01771946035187683260447855105
Washington,2 wk ahead,Bin,percent,0.8,0.9, 0.01847577276468740856141259599
Washington,2 wk ahead,Bin,percent,0.9,1, 0.01919377219294362765800165960
Washington,2 wk ahead,Bin,percent,1,1.1, 0.01987130573274373257497416034
Washington,2 wk ahead,Bin,percent,1.1,1.2, 0.02050659250709139722057550159
Washington,2 wk ahead,Bin,percent,1.2,1.3, 0.02109891745187482403611767268
Washington,2 wk ahead,Bin,percent,1.3,1.4, 0.02164768879126691483727462639
Washington,2 wk ahead,Bin,percent,1.4,1.5, 0.02215275756001667747940864217
Washington,2 wk ahead,Bin,percent,1.5,1.6, 0.02261376396296923066420170301
Washington,2 wk ahead,Bin,percent,1.6,1.7, 0.02303078383542993962107559014
Washington,2 wk ahead,Bin,percent,1.7,1.8, 0.02340379403299387359171923606
Washington,2 wk ahead,Bin,percent,1.8,1.9, 0.02373260513111853306500442784
Washington,2 wk ahead,Bin,percent,1.9,2, 0.02401662082274026374650865989
Washington,2 wk ahead,Bin,percent,2,2.1, 0.02425482446619443149815609218
Washington,2 wk ahead,Bin,percent,2.1,2.2, 0.02444637322147210148348683845
Washington,2 wk ahead,Bin,percent,2.2,2.3, 0.02458968856269256111901633233
Washington,2 wk ahead,Bin,percent,2.3,2.4, 0.02468293252414799701655034880
Washington,2 wk ahead,Bin,percent,2.4,2.5, 0.02472348145986250078642854078
Washington,2 wk ahead,Bin,percent,2.5,2.6, 0.02470906875291216386880677192
Washington,2 wk ahead,Bin,percent,2.6,2.7, 0.02463685859134191399877344963
Washington,2 wk ahead,Bin,percent,2.7,2.8, 0.02450403253456015853495308932
Washington,2 wk ahead,Bin,percent,2.8,2.9, 0.02430728619777441229521386390
Washington,2 wk ahead,Bin,percent,2.9,3, 0.02404377301127188365503783984
Washington,2 wk ahead,Bin,percent,3,3.1, 0.02371121030974121524081965617
Washington,2 wk ahead,Bin,percent,3.1,3.2, 0.02330753333369346355641305024
Washington,2 wk ahead,Bin,percent,3.2,3.3, 0.02283123952305099804704902056
Washington,2 wk ahead,Bin,percent,3.3,3.4, 0.02228140941570375468949727349
Washington,2 wk ahead,Bin,percent,3.4,3.5, 0.02165907055109496381906097895
Washington,2 wk ahead,Bin,percent,3.5,3.6, 0.02096574492645170845195323750
Washington,2 wk ahead,Bin,percent,3.6,3.7, 0.02020453287025246458252780712
Washington,2 wk ahead,Bin,percent,3.7,3.8, 0.01937926458670934104500105377
Washington,2 wk ahead,Bin,percent,3.8,3.9, 0.01849601404859656239576537473
Washington,2 wk ahead,Bin,percent,3.9,4, 0.01756177883234119260769112714
Washington,2 wk ahead,Bin,percent,4,4.1, 0.01658476929550724981998754970
Washington,2 wk ahead,Bin,percent,4.1,4.2, 0.01557401836708346455628859673
Washington,2 wk ahead,Bin,percent,4.2,4.3, 0.01453958677159342127716001869
Washington,2 wk ahead,Bin,percent,4.3,4.4, 0.01349212880059406059751747620
Washington,2 wk ahead,Bin,percent,4.4,4.5, 0.01244235904856666984075186377
Washington,2 wk ahead,Bin,percent,4.5,4.6, 0.01140095734962774318144163033
Washington,2 wk ahead,Bin,percent,4.6,4.7, 0.01037841951018668093520425089
Washington,2 wk ahead,Bin,percent,4.7,4.8, 0.00938428539679969815623383766
Washington,2 wk ahead,Bin,percent,4.8,4.9, 0.00842735450606896425995717692
Washington,2 wk ahead,Bin,percent,4.9,5, 0.00751515790376374413772619931
Washington,2 wk ahead,Bin,percent,5,5.1, 0.00665442929000043675857867242
Washington,2 wk ahead,Bin,percent,5.1,5.2, 0.00584996790367099932933525608
Washington,2 wk ahead,Bin,percent,5.2,5.3, 0.00510518878107613875011461246
Washington,2 wk ahead,Bin,percent,5.3,5.4, 0.00442227214460776032328714891
Washington,2 wk ahead,Bin,percent,5.4,5.5, 0.00380218143877986353498799055
Washington,2 wk ahead,Bin,percent,5.5,5.6, 0.00324461546057787592403642840
Washington,2 wk ahead,Bin,percent,5.6,5.7, 0.00274765129231806758125511436
Washington,2 wk ahead,Bin,percent,5.7,5.8, 0.00230895568902422581789024569
Washington,2 wk ahead,Bin,percent,5.8,5.9, 0.00192524898727055356756343585
Washington,2 wk ahead,Bin,percent,5.9,6, 0.00159305565818385302771786893
Washington,2 wk ahead,Bin,percent,6,6.1, 0.00130784214045265951772978319
Washington,2 wk ahead,Bin,percent,6.1,6.2, 0.00106522330996756020744797855
Washington,2 wk ahead,Bin,percent,6.2,6.3, 0.00086070024496001206869982836
Washington,2 wk ahead,Bin,percent,6.3,6.4, 0.00069004669728224359535884158
Washington,2 wk ahead,Bin,percent,6.4,6.5, 0.00054885567110749737627234390
Washington,2 wk ahead,Bin,percent,6.5,6.6, 0.00043302625843162932455995828
Washington,2 wk ahead,Bin,percent,6.6,6.7, 0.00033889551490574252841717073
Washington,2 wk ahead,Bin,percent,6.7,6.8, 0.00026310050212898698860503055
Washington,2 wk ahead,Bin,percent,6.8,6.9, 0.00020266553764027806709517587
Washington,2 wk ahead,Bin,percent,6.9,7, 0.00015882232682010115191496846
Washington,2 wk ahead,Bin,percent,7,7.1, 0.00015211110326955693547792969
Washington,2 wk ahead,Bin,percent,7.1,7.2, 0.00015211110326955693547792969
Washington,2 wk ahead,Bin,percent,7.2,7.3, 0.00015211110326955693547792969
Washington,2 wk ahead,Bin,percent,7.3,7.4, 0.00015211110326955693547792969
Washington,2 wk ahead,Bin,percent,7.4,7.5, 0.00015211110326955693547792969
Washington,2 wk ahead,Bin,percent,7.5,7.6, 0.00015211110326955693547792969
Washington,2 wk ahead,Bin,percent,7.6,7.7, 0.00015211110326955693547792969
Washington,2 wk ahead,Bin,percent,7.7,7.8, 0.00015211110326955693547792969
Washington,2 wk ahead,Bin,percent,7.8,7.9, 0.00015211110326955693547792969
Washington,2 wk ahead,Bin,percent,7.9,8, 0.00015211110326955693547792969
Washington,2 wk ahead,Bin,percent,8,8.1, 0.00015211110326955829073064530
Washington,2 wk ahead,Bin,percent,8.1,8.2, 0.00015211110326955964598336091
Washington,2 wk ahead,Bin,percent,8.2,8.3, 0.00015211110326955964598336091
Washington,2 wk ahead,Bin,percent,8.3,8.4, 0.00015211110326955964598336091
Washington,2 wk ahead,Bin,percent,8.4,8.5, 0.00015211110326955964598336091
Washington,2 wk ahead,Bin,percent,8.5,8.6, 0.00015211110326955964598336091
Washington,2 wk ahead,Bin,percent,8.6,8.7, 0.00015211110326955964598336091
Washington,2 wk ahead,Bin,percent,8.7,8.8, 0.00015211110326955964598336091
Washington,2 wk ahead,Bin,percent,8.8,8.9, 0.00015211110326955964598336091
Washington,2 wk ahead,Bin,percent,8.9,9, 0.00015211110326955964598336091
Washington,2 wk ahead,Bin,percent,9,9.1, 0.00015211110326955964598336091
Washington,2 wk ahead,Bin,percent,9.1,9.2, 0.00015211110326955964598336091
Washington,2 wk ahead,Bin,percent,9.2,9.3, 0.00015211110326955964598336091
Washington,2 wk ahead,Bin,percent,9.3,9.4, 0.00015211110326955964598336091
Washington,2 wk ahead,Bin,percent,9.4,9.5, 0.00015211110326955964598336091
Washington,2 wk ahead,Bin,percent,9.5,9.6, 0.00015211110326955964598336091
Washington,2 wk ahead,Bin,percent,9.6,9.7, 0.00015211110326955964598336091
Washington,2 wk ahead,Bin,percent,9.7,9.8, 0.00015211110326955964598336091
Washington,2 wk ahead,Bin,percent,9.8,9.9, 0.00015211110326955964598336091
Washington,2 wk ahead,Bin,percent,9.9,10, 0.00015211110326955964598336091
Washington,2 wk ahead,Bin,percent,10,10.1, 0.00015211110326955964598336091
Washington,2 wk ahead,Bin,percent,10.1,10.2, 0.00015211110326955964598336091
Washington,2 wk ahead,Bin,percent,10.2,10.3, 0.00015211110326955964598336091
Washington,2 wk ahead,Bin,percent,10.3,10.4, 0.00015211110326955964598336091
Washington,2 wk ahead,Bin,percent,10.4,10.5, 0.00015211110326955964598336091
Washington,2 wk ahead,Bin,percent,10.5,10.6, 0.00015211110326955964598336091
Washington,2 wk ahead,Bin,percent,10.6,10.7, 0.00015211110326955964598336091
Washington,2 wk ahead,Bin,percent,10.7,10.8, 0.00015211110326955964598336091
Washington,2 wk ahead,Bin,percent,10.8,10.9, 0.00015211110326955964598336091
Washington,2 wk ahead,Bin,percent,10.9,11, 0.00015211110326955964598336091
Washington,2 wk ahead,Bin,percent,11,11.1, 0.00015211110326955964598336091
Washington,2 wk ahead,Bin,percent,11.1,11.2, 0.00015211110326955964598336091
Washington,2 wk ahead,Bin,percent,11.2,11.3, 0.00015211110326955964598336091
Washington,2 wk ahead,Bin,percent,11.3,11.4, 0.00015211110326955964598336091
Washington,2 wk ahead,Bin,percent,11.4,11.5, 0.00015211110326955964598336091
Washington,2 wk ahead,Bin,percent,11.5,11.6, 0.00015211110326955964598336091
Washington,2 wk ahead,Bin,percent,11.6,11.7, 0.00015211110326955964598336091
Washington,2 wk ahead,Bin,percent,11.7,11.8, 0.00015211110326955964598336091
Washington,2 wk ahead,Bin,percent,11.8,11.9, 0.00015211110326955964598336091
Washington,2 wk ahead,Bin,percent,11.9,12, 0.00015211110326955964598336091
Washington,2 wk ahead,Bin,percent,12,12.1, 0.00015211110326955964598336091
Washington,2 wk ahead,Bin,percent,12.1,12.2, 0.00015211110326955964598336091
Washington,2 wk ahead,Bin,percent,12.2,12.3, 0.00015211110326955964598336091
Washington,2 wk ahead,Bin,percent,12.3,12.4, 0.00015211110326955964598336091
Washington,2 wk ahead,Bin,percent,12.4,12.5, 0.00015211110326955964598336091
Washington,2 wk ahead,Bin,percent,12.5,12.6, 0.00015211110326955964598336091
Washington,2 wk ahead,Bin,percent,12.6,12.7, 0.00015211110326955964598336091
Washington,2 wk ahead,Bin,percent,12.7,12.8, 0.00015211110326955964598336091
Washington,2 wk ahead,Bin,percent,12.8,12.9, 0.00015211110326955964598336091
Washington,2 wk ahead,Bin,percent,12.9,13, 0.00015211110326955964598336091
Washington,2 wk ahead,Bin,percent,13,100, 0.00015211110326955964598336091
Washington,3 wk ahead,Bin,percent,0,0.1, 0.00093032137634999165654720032
Washington,3 wk ahead,Bin,percent,0.1,0.2, 0.00256683106265720179656186772
Washington,3 wk ahead,Bin,percent,0.2,0.3, 0.00379546069293802256633396652
Washington,3 wk ahead,Bin,percent,0.3,0.4, 0.00541609773843490863165506255
Washington,3 wk ahead,Bin,percent,0.4,0.5, 0.00746210778869967148591024753
Washington,3 wk ahead,Bin,percent,0.5,0.6, 0.00993281874287100380316317683
Washington,3 wk ahead,Bin,percent,0.6,0.7, 0.01278260866876307529083067749
Washington,3 wk ahead,Bin,percent,0.7,0.8, 0.01591763331562538394403638620
Washington,3 wk ahead,Bin,percent,0.8,0.9, 0.01919917567190914525765421672
Washington,3 wk ahead,Bin,percent,0.9,1, 0.02245688821728947931477549105
Washington,3 wk ahead,Bin,percent,1,1.1, 0.02550854423986222141440549649
Washington,3 wk ahead,Bin,percent,1.1,1.2, 0.02818469641465666530866229778
Washington,3 wk ahead,Bin,percent,1.2,1.3, 0.03035199672390048036829668376
Washington,3 wk ahead,Bin,percent,1.3,1.4, 0.03193314603531140910552821310
Washington,3 wk ahead,Bin,percent,1.4,1.5, 0.03291751165842927290272612595
Washington,3 wk ahead,Bin,percent,1.5,1.6, 0.03336317586994115569343222205
Washington,3 wk ahead,Bin,percent,1.6,1.7, 0.03338815547472213235424831623
Washington,3 wk ahead,Bin,percent,1.7,1.8, 0.03315427421824530124228047612
Washington,3 wk ahead,Bin,percent,1.8,1.9, 0.03284391492321884348237759355
Washington,3 wk ahead,Bin,percent,1.9,2, 0.03263359350018590898656611898
Washington,3 wk ahead,Bin,percent,2,2.1, 0.03266721424145301033714616779
Washington,3 wk ahead,Bin,percent,2.1,2.2, 0.03303243450618200544033342680
Washington,3 wk ahead,Bin,percent,2.2,2.3, 0.03374426399756171035537732905
Washington,3 wk ahead,Bin,percent,2.3,2.4, 0.03473884181459572367822730143
Washington,3 wk ahead,Bin,percent,2.4,2.5, 0.03587912493436287014736407741
Washington,3 wk ahead,Bin,percent,2.5,2.6, 0.03697315434796757255275778675
Washington,3 wk ahead,Bin,percent,2.6,2.7, 0.03780157817979817175269019458
Washington,3 wk ahead,Bin,percent,2.7,2.8, 0.03815051817448399801291358813
Washington,3 wk ahead,Bin,percent,2.8,2.9, 0.03784462999111759540227239995
Washington,3 wk ahead,Bin,percent,2.9,3, 0.03677376576504034350056926428
Washington,3 wk ahead,Bin,percent,3,3.1, 0.03490909784535473070476996327
Washington,3 wk ahead,Bin,percent,3.1,3.2, 0.03230837618580230385934015658
Washington,3 wk ahead,Bin,percent,3.2,3.3, 0.02910423366117579485612409940
Washington,3 wk ahead,Bin,percent,3.3,3.4, 0.02548616718777377276872186940
Washington,3 wk ahead,Bin,percent,3.4,3.5, 0.02167172440754940726526101002
Washington,3 wk ahead,Bin,percent,3.5,3.6, 0.01787860135466285901872929287
Washington,3 wk ahead,Bin,percent,3.6,3.7, 0.01429826746562356393210890815
Washington,3 wk ahead,Bin,percent,3.7,3.8, 0.01107764116392932762789058643
Washington,3 wk ahead,Bin,percent,3.8,3.9, 0.00830902432640356729265374014
Washington,3 wk ahead,Bin,percent,3.9,4, 0.00603049878180319035014811391
Washington,3 wk ahead,Bin,percent,4,4.1, 0.00423283566944250740082811291
Washington,3 wk ahead,Bin,percent,4.1,4.2, 0.00287206644448559453991487445
Washington,3 wk ahead,Bin,percent,4.2,4.3, 0.00188299223586601703790688322
Washington,3 wk ahead,Bin,percent,4.3,4.4, 0.00119245624598167355642774901
Washington,3 wk ahead,Bin,percent,4.4,4.5, 0.00072914536153452134091546011
Washington,3 wk ahead,Bin,percent,4.5,4.6, 0.00043038018190819717382830656
Washington,3 wk ahead,Bin,percent,4.6,4.7, 0.00024513359080879004638781060
Washington,3 wk ahead,Bin,percent,4.7,4.8, 0.00017854565261401830604005847
Washington,3 wk ahead,Bin,percent,4.8,4.9, 0.00017853414398440539418572159
Washington,3 wk ahead,Bin,percent,4.9,5, 0.00017853414398440539418572159
Washington,3 wk ahead,Bin,percent,5,5.1, 0.00017853414398440539418572159
Washington,3 wk ahead,Bin,percent,5.1,5.2, 0.00017853414398440539418572159
Washington,3 wk ahead,Bin,percent,5.2,5.3, 0.00017853414398440539418572159
Washington,3 wk ahead,Bin,percent,5.3,5.4, 0.00017853414398440539418572159
Washington,3 wk ahead,Bin,percent,5.4,5.5, 0.00017853414398440539418572159
Washington,3 wk ahead,Bin,percent,5.5,5.6, 0.00017853414398440539418572159
Washington,3 wk ahead,Bin,percent,5.6,5.7, 0.00017853414398440539418572159
Washington,3 wk ahead,Bin,percent,5.7,5.8, 0.00017853414398440539418572159
Washington,3 wk ahead,Bin,percent,5.8,5.9, 0.00017853414398440539418572159
Washington,3 wk ahead,Bin,percent,5.9,6, 0.00017853414398440539418572159
Washington,3 wk ahead,Bin,percent,6,6.1, 0.00017853414398440539418572159
Washington,3 wk ahead,Bin,percent,6.1,6.2, 0.00017853414398440539418572159
Washington,3 wk ahead,Bin,percent,6.2,6.3, 0.00017853414398440539418572159
Washington,3 wk ahead,Bin,percent,6.3,6.4, 0.00017853414398440539418572159
Washington,3 wk ahead,Bin,percent,6.4,6.5, 0.00017853414398440539418572159
Washington,3 wk ahead,Bin,percent,6.5,6.6, 0.00017853414398440539418572159
Washington,3 wk ahead,Bin,percent,6.6,6.7, 0.00017853414398440539418572159
Washington,3 wk ahead,Bin,percent,6.7,6.8, 0.00017853414398440539418572159
Washington,3 wk ahead,Bin,percent,6.8,6.9, 0.00017853414398440539418572159
Washington,3 wk ahead,Bin,percent,6.9,7, 0.00017853414398440539418572159
Washington,3 wk ahead,Bin,percent,7,7.1, 0.00017853414398440539418572159
Washington,3 wk ahead,Bin,percent,7.1,7.2, 0.00017853414398440539418572159
Washington,3 wk ahead,Bin,percent,7.2,7.3, 0.00017853414398440539418572159
Washington,3 wk ahead,Bin,percent,7.3,7.4, 0.00017853414398440539418572159
Washington,3 wk ahead,Bin,percent,7.4,7.5, 0.00017853414398440539418572159
Washington,3 wk ahead,Bin,percent,7.5,7.6, 0.00017853414398440539418572159
Washington,3 wk ahead,Bin,percent,7.6,7.7, 0.00017853414398440539418572159
Washington,3 wk ahead,Bin,percent,7.7,7.8, 0.00017853414398440539418572159
Washington,3 wk ahead,Bin,percent,7.8,7.9, 0.00017853414398440539418572159
Washington,3 wk ahead,Bin,percent,7.9,8, 0.00017853414398440539418572159
Washington,3 wk ahead,Bin,percent,8,8.1, 0.00017853414398440693917381739
Washington,3 wk ahead,Bin,percent,8.1,8.2, 0.00017853414398440853837202180
Washington,3 wk ahead,Bin,percent,8.2,8.3, 0.00017853414398440853837202180
Washington,3 wk ahead,Bin,percent,8.3,8.4, 0.00017853414398440853837202180
Washington,3 wk ahead,Bin,percent,8.4,8.5, 0.00017853414398440853837202180
Washington,3 wk ahead,Bin,percent,8.5,8.6, 0.00017853414398440853837202180
Washington,3 wk ahead,Bin,percent,8.6,8.7, 0.00017853414398440853837202180
Washington,3 wk ahead,Bin,percent,8.7,8.8, 0.00017853414398440853837202180
Washington,3 wk ahead,Bin,percent,8.8,8.9, 0.00017853414398440853837202180
Washington,3 wk ahead,Bin,percent,8.9,9, 0.00017853414398440853837202180
Washington,3 wk ahead,Bin,percent,9,9.1, 0.00017853414398440853837202180
Washington,3 wk ahead,Bin,percent,9.1,9.2, 0.00017853414398440853837202180
Washington,3 wk ahead,Bin,percent,9.2,9.3, 0.00017853414398440853837202180
Washington,3 wk ahead,Bin,percent,9.3,9.4, 0.00017853414398440853837202180
Washington,3 wk ahead,Bin,percent,9.4,9.5, 0.00017853414398440853837202180
Washington,3 wk ahead,Bin,percent,9.5,9.6, 0.00017853414398440853837202180
Washington,3 wk ahead,Bin,percent,9.6,9.7, 0.00017853414398440853837202180
Washington,3 wk ahead,Bin,percent,9.7,9.8, 0.00017853414398440853837202180
Washington,3 wk ahead,Bin,percent,9.8,9.9, 0.00017853414398440853837202180
Washington,3 wk ahead,Bin,percent,9.9,10, 0.00017853414398440853837202180
Washington,3 wk ahead,Bin,percent,10,10.1, 0.00017853414398440853837202180
Washington,3 wk ahead,Bin,percent,10.1,10.2, 0.00017853414398440853837202180
Washington,3 wk ahead,Bin,percent,10.2,10.3, 0.00017853414398440853837202180
Washington,3 wk ahead,Bin,percent,10.3,10.4, 0.00017853414398440853837202180
Washington,3 wk ahead,Bin,percent,10.4,10.5, 0.00017853414398440853837202180
Washington,3 wk ahead,Bin,percent,10.5,10.6, 0.00017853414398440853837202180
Washington,3 wk ahead,Bin,percent,10.6,10.7, 0.00017853414398440853837202180
Washington,3 wk ahead,Bin,percent,10.7,10.8, 0.00017853414398440853837202180
Washington,3 wk ahead,Bin,percent,10.8,10.9, 0.00017853414398440853837202180
Washington,3 wk ahead,Bin,percent,10.9,11, 0.00017853414398440853837202180
Washington,3 wk ahead,Bin,percent,11,11.1, 0.00017853414398440853837202180
Washington,3 wk ahead,Bin,percent,11.1,11.2, 0.00017853414398440853837202180
Washington,3 wk ahead,Bin,percent,11.2,11.3, 0.00017853414398440853837202180
Washington,3 wk ahead,Bin,percent,11.3,11.4, 0.00017853414398440853837202180
Washington,3 wk ahead,Bin,percent,11.4,11.5, 0.00017853414398440853837202180
Washington,3 wk ahead,Bin,percent,11.5,11.6, 0.00017853414398440853837202180
Washington,3 wk ahead,Bin,percent,11.6,11.7, 0.00017853414398440853837202180
Washington,3 wk ahead,Bin,percent,11.7,11.8, 0.00017853414398440853837202180
Washington,3 wk ahead,Bin,percent,11.8,11.9, 0.00017853414398440853837202180
Washington,3 wk ahead,Bin,percent,11.9,12, 0.00017853414398440853837202180
Washington,3 wk ahead,Bin,percent,12,12.1, 0.00017853414398440853837202180
Washington,3 wk ahead,Bin,percent,12.1,12.2, 0.00017853414398440853837202180
Washington,3 wk ahead,Bin,percent,12.2,12.3, 0.00017853414398440853837202180
Washington,3 wk ahead,Bin,percent,12.3,12.4, 0.00017853414398440853837202180
Washington,3 wk ahead,Bin,percent,12.4,12.5, 0.00017853414398440853837202180
Washington,3 wk ahead,Bin,percent,12.5,12.6, 0.00017853414398440853837202180
Washington,3 wk ahead,Bin,percent,12.6,12.7, 0.00017853414398440853837202180
Washington,3 wk ahead,Bin,percent,12.7,12.8, 0.00017853414398440853837202180
Washington,3 wk ahead,Bin,percent,12.8,12.9, 0.00017853414398440853837202180
Washington,3 wk ahead,Bin,percent,12.9,13, 0.00017853414398440853837202180
Washington,3 wk ahead,Bin,percent,13,100, 0.00017853414398440853837202180
Washington,4 wk ahead,Bin,percent,0,0.1, 0.00035426329274975982414064291
Washington,4 wk ahead,Bin,percent,0.1,0.2, 0.00070852658549951964828128581
Washington,4 wk ahead,Bin,percent,0.2,0.3, 0.00070852658549951943144085131
Washington,4 wk ahead,Bin,percent,0.3,0.4, 0.00070852658549951943144085131
Washington,4 wk ahead,Bin,percent,0.4,0.5, 0.00070852658549951943144085131
Washington,4 wk ahead,Bin,percent,0.5,0.6, 0.00070852658549951986512172031
Washington,4 wk ahead,Bin,percent,0.6,0.7, 0.00071111310583318345073661204
Washington,4 wk ahead,Bin,percent,0.7,0.8, 0.00212194696280882440925230625
Washington,4 wk ahead,Bin,percent,0.8,0.9, 0.00882400673756535657010768858
Washington,4 wk ahead,Bin,percent,0.9,1, 0.02487140668965626480457764558
Washington,4 wk ahead,Bin,percent,1,1.1, 0.04754868849086192617026114249
Washington,4 wk ahead,Bin,percent,1.1,1.2, 0.06178394624773874549417129742
Washington,4 wk ahead,Bin,percent,1.2,1.3, 0.05529668080847476019368258449
Washington,4 wk ahead,Bin,percent,1.3,1.4, 0.03737187247443673338009872964
Washington,4 wk ahead,Bin,percent,1.4,1.5, 0.02868718073331189694075149532
Washington,4 wk ahead,Bin,percent,1.5,1.6, 0.03638019524821919231660771743
Washington,4 wk ahead,Bin,percent,1.6,1.7, 0.04766221612290937742484331352
Washington,4 wk ahead,Bin,percent,1.7,1.8, 0.04739730841629942459380941955
Washington,4 wk ahead,Bin,percent,1.8,1.9, 0.03936668215120676245222242073
Washington,4 wk ahead,Bin,percent,1.9,2, 0.04283130890194428858075426092
Washington,4 wk ahead,Bin,percent,2,2.1, 0.06711902784580082992338390113
Washington,4 wk ahead,Bin,percent,2.1,2.2, 0.09718596420444132466531783621
Washington,4 wk ahead,Bin,percent,2.2,2.3, 0.10827320117432381874067459648
Washington,4 wk ahead,Bin,percent,2.3,2.4, 0.09137018384474948629048185467
Washington,4 wk ahead,Bin,percent,2.4,2.5, 0.05863076878203629660468720886
Washington,4 wk ahead,Bin,percent,2.5,2.6, 0.02827395626684321358612628217
Washington,4 wk ahead,Bin,percent,2.6,2.7, 0.00999259802603605189197377712
Washington,4 wk ahead,Bin,percent,2.7,2.8, 0.00251990417672213031299865982
Washington,4 wk ahead,Bin,percent,2.8,2.9, 0.00058274360255687650614331297
Washington,4 wk ahead,Bin,percent,2.9,3, 0.00050294316436250402057445141
Washington,4 wk ahead,Bin,percent,3,3.1, 0.00050294316436250402057445141
Washington,4 wk ahead,Bin,percent,3.1,3.2, 0.00050294316436250402057445141
Washington,4 wk ahead,Bin,percent,3.2,3.3, 0.00050294316436250402057445141
Washington,4 wk ahead,Bin,percent,3.3,3.4, 0.00050294316436250402057445141
Washington,4 wk ahead,Bin,percent,3.4,3.5, 0.00050294316436250402057445141
Washington,4 wk ahead,Bin,percent,3.5,3.6, 0.00050294316436250402057445141
Washington,4 wk ahead,Bin,percent,3.6,3.7, 0.00050294316436250402057445141
Washington,4 wk ahead,Bin,percent,3.7,3.8, 0.00050294316436250402057445141
Washington,4 wk ahead,Bin,percent,3.8,3.9, 0.00050294316436250402057445141
Washington,4 wk ahead,Bin,percent,3.9,4, 0.00050294316436250402057445141
Washington,4 wk ahead,Bin,percent,4,4.1, 0.00050294316436250402057445141
Washington,4 wk ahead,Bin,percent,4.1,4.2, 0.00050294316436250402057445141
Washington,4 wk ahead,Bin,percent,4.2,4.3, 0.00050294316436250402057445141
Washington,4 wk ahead,Bin,percent,4.3,4.4, 0.00050294316436250402057445141
Washington,4 wk ahead,Bin,percent,4.4,4.5, 0.00050294316436250402057445141
Washington,4 wk ahead,Bin,percent,4.5,4.6, 0.00050294316436250402057445141
Washington,4 wk ahead,Bin,percent,4.6,4.7, 0.00050294316436250402057445141
Washington,4 wk ahead,Bin,percent,4.7,4.8, 0.00050294316436250402057445141
Washington,4 wk ahead,Bin,percent,4.8,4.9, 0.00050294316436250402057445141
Washington,4 wk ahead,Bin,percent,4.9,5, 0.00050294316436250402057445141
Washington,4 wk ahead,Bin,percent,5,5.1, 0.00050294316436250402057445141
Washington,4 wk ahead,Bin,percent,5.1,5.2, 0.00050294316436250402057445141
Washington,4 wk ahead,Bin,percent,5.2,5.3, 0.00050294316436250402057445141
Washington,4 wk ahead,Bin,percent,5.3,5.4, 0.00050294316436250402057445141
Washington,4 wk ahead,Bin,percent,5.4,5.5, 0.00050294316436250402057445141
Washington,4 wk ahead,Bin,percent,5.5,5.6, 0.00050294316436250402057445141
Washington,4 wk ahead,Bin,percent,5.6,5.7, 0.00050294316436250402057445141
Washington,4 wk ahead,Bin,percent,5.7,5.8, 0.00050294316436250402057445141
Washington,4 wk ahead,Bin,percent,5.8,5.9, 0.00050294316436250402057445141
Washington,4 wk ahead,Bin,percent,5.9,6, 0.00050294316436250402057445141
Washington,4 wk ahead,Bin,percent,6,6.1, 0.00050294316436250402057445141
Washington,4 wk ahead,Bin,percent,6.1,6.2, 0.00050294316436250402057445141
Washington,4 wk ahead,Bin,percent,6.2,6.3, 0.00050294316436250402057445141
Washington,4 wk ahead,Bin,percent,6.3,6.4, 0.00050294316436250402057445141
Washington,4 wk ahead,Bin,percent,6.4,6.5, 0.00050294316436250402057445141
Washington,4 wk ahead,Bin,percent,6.5,6.6, 0.00050294316436250402057445141
Washington,4 wk ahead,Bin,percent,6.6,6.7, 0.00050294316436250402057445141
Washington,4 wk ahead,Bin,percent,6.7,6.8, 0.00050294316436250402057445141
Washington,4 wk ahead,Bin,percent,6.8,6.9, 0.00050294316436250402057445141
Washington,4 wk ahead,Bin,percent,6.9,7, 0.00050294316436250402057445141
Washington,4 wk ahead,Bin,percent,7,7.1, 0.00050294316436250402057445141
Washington,4 wk ahead,Bin,percent,7.1,7.2, 0.00050294316436250402057445141
Washington,4 wk ahead,Bin,percent,7.2,7.3, 0.00050294316436250402057445141
Washington,4 wk ahead,Bin,percent,7.3,7.4, 0.00050294316436250402057445141
Washington,4 wk ahead,Bin,percent,7.4,7.5, 0.00050294316436250402057445141
Washington,4 wk ahead,Bin,percent,7.5,7.6, 0.00050294316436250402057445141
Washington,4 wk ahead,Bin,percent,7.6,7.7, 0.00050294316436250402057445141
Washington,4 wk ahead,Bin,percent,7.7,7.8, 0.00050294316436250402057445141
Washington,4 wk ahead,Bin,percent,7.8,7.9, 0.00050294316436250402057445141
Washington,4 wk ahead,Bin,percent,7.9,8, 0.00050294316436250402057445141
Washington,4 wk ahead,Bin,percent,8,8.1, 0.00050294316436250857422357585
Washington,4 wk ahead,Bin,percent,8.1,8.2, 0.00050294316436251301945248304
Washington,4 wk ahead,Bin,percent,8.2,8.3, 0.00050294316436251301945248304
Washington,4 wk ahead,Bin,percent,8.3,8.4, 0.00050294316436251301945248304
Washington,4 wk ahead,Bin,percent,8.4,8.5, 0.00050294316436251301945248304
Washington,4 wk ahead,Bin,percent,8.5,8.6, 0.00050294316436251301945248304
Washington,4 wk ahead,Bin,percent,8.6,8.7, 0.00050294316436251301945248304
Washington,4 wk ahead,Bin,percent,8.7,8.8, 0.00050294316436251301945248304
Washington,4 wk ahead,Bin,percent,8.8,8.9, 0.00050294316436251301945248304
Washington,4 wk ahead,Bin,percent,8.9,9, 0.00050294316436251301945248304
Washington,4 wk ahead,Bin,percent,9,9.1, 0.00050294316436251301945248304
Washington,4 wk ahead,Bin,percent,9.1,9.2, 0.00050294316436251301945248304
Washington,4 wk ahead,Bin,percent,9.2,9.3, 0.00050294316436251301945248304
Washington,4 wk ahead,Bin,percent,9.3,9.4, 0.00050294316436251301945248304
Washington,4 wk ahead,Bin,percent,9.4,9.5, 0.00050294316436251301945248304
Washington,4 wk ahead,Bin,percent,9.5,9.6, 0.00050294316436251301945248304
Washington,4 wk ahead,Bin,percent,9.6,9.7, 0.00050294316436251301945248304
Washington,4 wk ahead,Bin,percent,9.7,9.8, 0.00050294316436251301945248304
Washington,4 wk ahead,Bin,percent,9.8,9.9, 0.00050294316436251301945248304
Washington,4 wk ahead,Bin,percent,9.9,10, 0.00050294316436251301945248304
Washington,4 wk ahead,Bin,percent,10,10.1, 0.00050294316436251301945248304
Washington,4 wk ahead,Bin,percent,10.1,10.2, 0.00050294316436251301945248304
Washington,4 wk ahead,Bin,percent,10.2,10.3, 0.00050294316436251301945248304
Washington,4 wk ahead,Bin,percent,10.3,10.4, 0.00050294316436251301945248304
Washington,4 wk ahead,Bin,percent,10.4,10.5, 0.00050294316436251301945248304
Washington,4 wk ahead,Bin,percent,10.5,10.6, 0.00050294316436251301945248304
Washington,4 wk ahead,Bin,percent,10.6,10.7, 0.00050294316436251301945248304
Washington,4 wk ahead,Bin,percent,10.7,10.8, 0.00050294316436251301945248304
Washington,4 wk ahead,Bin,percent,10.8,10.9, 0.00050294316436251301945248304
Washington,4 wk ahead,Bin,percent,10.9,11, 0.00050294316436251301945248304
Washington,4 wk ahead,Bin,percent,11,11.1, 0.00050294316436251301945248304
Washington,4 wk ahead,Bin,percent,11.1,11.2, 0.00050294316436251301945248304
Washington,4 wk ahead,Bin,percent,11.2,11.3, 0.00050294316436251301945248304
Washington,4 wk ahead,Bin,percent,11.3,11.4, 0.00050294316436251301945248304
Washington,4 wk ahead,Bin,percent,11.4,11.5, 0.00050294316436251301945248304
Washington,4 wk ahead,Bin,percent,11.5,11.6, 0.00050294316436251301945248304
Washington,4 wk ahead,Bin,percent,11.6,11.7, 0.00050294316436251301945248304
Washington,4 wk ahead,Bin,percent,11.7,11.8, 0.00050294316436251301945248304
Washington,4 wk ahead,Bin,percent,11.8,11.9, 0.00050294316436251301945248304
Washington,4 wk ahead,Bin,percent,11.9,12, 0.00050294316436251301945248304
Washington,4 wk ahead,Bin,percent,12,12.1, 0.00050294316436251301945248304
Washington,4 wk ahead,Bin,percent,12.1,12.2, 0.00050294316436251301945248304
Washington,4 wk ahead,Bin,percent,12.2,12.3, 0.00050294316436251301945248304
Washington,4 wk ahead,Bin,percent,12.3,12.4, 0.00050294316436251301945248304
Washington,4 wk ahead,Bin,percent,12.4,12.5, 0.00050294316436251301945248304
Washington,4 wk ahead,Bin,percent,12.5,12.6, 0.00050294316436251301945248304
Washington,4 wk ahead,Bin,percent,12.6,12.7, 0.00050294316436251301945248304
Washington,4 wk ahead,Bin,percent,12.7,12.8, 0.00050294316436251301945248304
Washington,4 wk ahead,Bin,percent,12.8,12.9, 0.00050294316436251301945248304
Washington,4 wk ahead,Bin,percent,12.9,13, 0.00050294316436251301945248304
Washington,4 wk ahead,Bin,percent,13,100, 0.00050294316436251301945248304
Vermont,Season peak week,Bin,week,40,41, 0.00190047989616661710046696676
Vermont,Season peak week,Bin,week,41,42, 0.00190047989616661710046696676
Vermont,Season peak week,Bin,week,42,43, 0.00190047989616661710046696676
Vermont,Season peak week,Bin,week,43,44, 0.00190047989616661710046696676
Vermont,Season peak week,Bin,week,44,45, 0.00190047989616661710046696676
Vermont,Season peak week,Bin,week,45,46, 0.00190047989616661710046696676
Vermont,Season peak week,Bin,week,46,47, 0.00190047989616661710046696676
Vermont,Season peak week,Bin,week,47,48, 0.00190047989616661710046696676
Vermont,Season peak week,Bin,week,48,49, 0.00190047989616661710046696676
Vermont,Season peak week,Bin,week,49,50, 0.00190047989616661710046696676
Vermont,Season peak week,Bin,week,50,51, 0.00190047989616661710046696676
Vermont,Season peak week,Bin,week,51,52, 0.00190047989616661710046696676
Vermont,Season peak week,Bin,week,52,53, 0.00190047989616661710046696676
Vermont,Season peak week,Bin,week,1,2, 0.00434315680487048789287785056
Vermont,Season peak week,Bin,week,2,3, 0.03293325465848184752104543804
Vermont,Season peak week,Bin,week,3,4, 0.11819184735226018201359465820
Vermont,Season peak week,Bin,week,4,5, 0.20023019359038193853983500503
Vermont,Season peak week,Bin,week,5,6, 0.17846360737657640527231706074
Vermont,Season peak week,Bin,week,6,7, 0.12062265484404995075085054168
Vermont,Season peak week,Bin,week,7,8, 0.09280621063344896004565498515
Vermont,Season peak week,Bin,week,8,9, 0.05339386982822471455767399107
Vermont,Season peak week,Bin,week,9,10, 0.01538942511946272614919983823
Vermont,Season peak week,Bin,week,10,11, 0.00337898313918123935004067526
Vermont,Season peak week,Bin,week,11,12, 0.01099801285809202770760162338
Vermont,Season peak week,Bin,week,12,13, 0.03700296018297821731835028913
Vermont,Season peak week,Bin,week,13,14, 0.05558967170804932078631566128
Vermont,Season peak week,Bin,week,14,15, 0.03699993117978183504446221264
Vermont,Season peak week,Bin,week,15,16, 0.01088685144050958140959917131
Vermont,Season peak week,Bin,week,16,17, 0.00147185761238651131865839972
Vermont,Season peak week,Bin,week,17,18, 0.00064781825527451179867061137
Vermont,Season peak week,Bin,week,18,19, 0.00064781825527451179867061137
Vermont,Season peak week,Bin,week,19,20, 0.00064781825527451179867061137
Vermont,Season peak week,Bin,week,20,21, 0.00064781825527451179867061137
Vermont,Season peak percentage,Bin,percent,0,0.1, 0.00006860633214063069991624222
Vermont,Season peak percentage,Bin,percent,0.1,0.2, 0.00013721266428126142693753875
Vermont,Season peak percentage,Bin,percent,0.2,0.3, 0.00013721266428126134562237581
Vermont,Season peak percentage,Bin,percent,0.3,0.4, 0.00013721266428126134562237581
Vermont,Season peak percentage,Bin,percent,0.4,0.5, 0.00013721266428126134562237581
Vermont,Season peak percentage,Bin,percent,0.5,0.6, 0.00013721266428126142693753875
Vermont,Season peak percentage,Bin,percent,0.6,0.7, 0.00013721266428126150825270169
Vermont,Season peak percentage,Bin,percent,0.7,0.8, 0.00013721266428126150825270169
Vermont,Season peak percentage,Bin,percent,0.8,0.9, 0.00013721266428126150825270169
Vermont,Season peak percentage,Bin,percent,0.9,1, 0.00013721266428126150825270169
Vermont,Season peak percentage,Bin,percent,1,1.1, 0.00014067232159871461598735221
Vermont,Season peak percentage,Bin,percent,1.1,1.2, 0.00019876559694475683473004202
Vermont,Season peak percentage,Bin,percent,1.2,1.3, 0.00030247936884439629830548246
Vermont,Season peak percentage,Bin,percent,1.3,1.4, 0.00045130311176085053216991416
Vermont,Season peak percentage,Bin,percent,1.4,1.5, 0.00066009300007291427363903535
Vermont,Season peak percentage,Bin,percent,1.5,1.6, 0.00094651526297809035394997812
Vermont,Season peak percentage,Bin,percent,1.6,1.7, 0.00133050219361887842560443485
Vermont,Season peak percentage,Bin,percent,1.7,1.8, 0.00183371512355168849589537317
Vermont,Season peak percentage,Bin,percent,1.8,1.9, 0.00247761230965670318712734677
Vermont,Season peak percentage,Bin,percent,1.9,2, 0.00328206634391224908939288518
Vermont,Season peak percentage,Bin,percent,2,2.1, 0.00426279751434995978626174562
Vermont,Season peak percentage,Bin,percent,2.1,2.2, 0.00542835714496825872538154911
Vermont,Season peak percentage,Bin,percent,2.2,2.3, 0.00677750524649453362641127185
Vermont,Season peak percentage,Bin,percent,2.3,2.4, 0.00829700439354224758559119834
Vermont,Season peak percentage,Bin,percent,2.4,2.5, 0.00995914584718210656177905804
Vermont,Season peak percentage,Bin,percent,2.5,2.6, 0.01172151418868487560143165638
Vermont,Season peak percentage,Bin,percent,2.6,2.7, 0.01352765362643906441042496169
Vermont,Season peak percentage,Bin,percent,2.7,2.8, 0.01530929351703209061186239381
Vermont,Season peak percentage,Bin,percent,2.8,2.9, 0.01699076666254900613850509217
Vermont,Season peak percentage,Bin,percent,2.9,3, 0.01849409932563397113147729556
Vermont,Season peak percentage,Bin,percent,3,3.1, 0.01974577800381997760847951895
Vermont,Season peak percentage,Bin,percent,3.1,3.2, 0.02068398631582328908717904881
Vermont,Season peak percentage,Bin,percent,3.2,3.3, 0.02126441598460144036253360866
Vermont,Season peak percentage,Bin,percent,3.3,3.4, 0.02146516611999545881550588433
Vermont,Season peak percentage,Bin,percent,3.4,3.5, 0.02129152111299847938141738268
Vermont,Season peak percentage,Bin,percent,3.5,3.6, 0.02077473210420545390864077717
Vermont,Season peak percentage,Bin,percent,3.6,3.7, 0.01997205121983479381153614440
Vermont,Season peak percentage,Bin,percent,3.7,3.8, 0.01896184344370986304961768099
Vermont,Season peak percentage,Bin,percent,3.8,3.9, 0.01783780666742326714846456071
Vermont,Season peak percentage,Bin,percent,3.9,4, 0.01670122448255772010239361691
Vermont,Season peak percentage,Bin,percent,4,4.1, 0.01565308055440028239813088362
Vermont,Season peak percentage,Bin,percent,4.1,4.2, 0.01478583166060568228339366925
Vermont,Season peak percentage,Bin,percent,4.2,4.3, 0.01417649442464464018542891210
Vermont,Season peak percentage,Bin,percent,4.3,4.4, 0.01388074932466565845901040888
Vermont,Season peak percentage,Bin,percent,4.4,4.5, 0.01392910019065673674076855093
Vermont,Season peak percentage,Bin,percent,4.5,4.6, 0.01432530791291830411793295497
Vermont,Season peak percentage,Bin,percent,4.6,4.7, 0.01504713192255875166269962762
Vermont,Season peak percentage,Bin,percent,4.7,4.8, 0.01604766331634498860436721657
Vermont,Season peak percentage,Bin,percent,4.8,4.9, 0.01726151980911899697090916561
Vermont,Season peak percentage,Bin,percent,4.9,5, 0.01860920155807854400875633871
Vermont,Season peak percentage,Bin,percent,5,5.1, 0.02000439179505269712833204210
Vermont,Season peak percentage,Bin,percent,5.1,5.2, 0.02136096229428713702547248943
Vermont,Season peak percentage,Bin,percent,5.2,5.3, 0.02259947353505966510800462288
Vermont,Season peak percentage,Bin,percent,5.3,5.4, 0.02365292879288011934635349576
Vermont,Season peak percentage,Bin,percent,5.4,5.5, 0.02447154669009176872207511622
Vermont,Season peak percentage,Bin,percent,5.5,5.6, 0.02502397693265523415107054461
Vermont,Season peak percentage,Bin,percent,5.6,5.7, 0.02529920662275172635324871351
Vermont,Season peak percentage,Bin,percent,5.7,5.8, 0.02530396143292573674088430380
Vermont,Season peak percentage,Bin,percent,5.8,5.9, 0.02505969536218301957353205012
Vermont,Season peak percentage,Bin,percent,5.9,6, 0.02459826678886941828117151942
Vermont,Season peak percentage,Bin,percent,6,6.1, 0.02395699019114904196325888108
Vermont,Season peak percentage,Bin,percent,6.1,6.2, 0.02317366171369670407864660433
Vermont,Season peak percentage,Bin,percent,6.2,6.3, 0.02228232045943091474415886921
Vermont,Season peak percentage,Bin,percent,6.3,6.4, 0.02131095205915982046529499883
Vermont,Season peak percentage,Bin,percent,6.4,6.5, 0.02027932327047832911093294683
Vermont,Season peak percentage,Bin,percent,6.5,6.6, 0.01919963712378583084450234253
Vermont,Season peak percentage,Bin,percent,6.6,6.7, 0.01807774428099931732227823034
Vermont,Season peak percentage,Bin,percent,6.7,6.8, 0.01691562782220654148623850688
Vermont,Season peak percentage,Bin,percent,6.8,6.9, 0.01571399674752850181280727782
Vermont,Season peak percentage,Bin,percent,6.9,7, 0.01447515882059984687613152232
Vermont,Season peak percentage,Bin,percent,7,7.1, 0.01320493081788620161332037384
Vermont,Season peak percentage,Bin,percent,7.1,7.2, 0.01191383933837859669668812757
Vermont,Season peak percentage,Bin,percent,7.2,7.3, 0.01061734082306920248783832506
Vermont,Season peak percentage,Bin,percent,7.3,7.4, 0.00933487112800517049304716011
Vermont,Season peak percentage,Bin,percent,7.4,7.5, 0.00808833486605525439627761841
Vermont,Season peak percentage,Bin,percent,7.5,7.6, 0.00690004360031470920233687139
Vermont,Season peak percentage,Bin,percent,7.6,7.7, 0.00579056577867620263233572331
Vermont,Season peak percentage,Bin,percent,7.7,7.8, 0.00477700236865653046075541610
Vermont,Season peak percentage,Bin,percent,7.8,7.9, 0.00387168432313126200175479319
Vermont,Season peak percentage,Bin,percent,7.9,8, 0.00308120272837892955272720563
Vermont,Season peak percentage,Bin,percent,8,8.1, 0.00240678332493662276020396362
Vermont,Season peak percentage,Bin,percent,8.1,8.2, 0.00184462965222370557302755678
Vermont,Season peak percentage,Bin,percent,8.2,8.3, 0.00138675094120525063505489083
Vermont,Season peak percentage,Bin,percent,8.3,8.4, 0.00102231017838856543672454436
Vermont,Season peak percentage,Bin,percent,8.4,8.5, 0.00073895947957730069317189292
Vermont,Season peak percentage,Bin,percent,8.5,8.6, 0.00052359209964575044275736371
Vermont,Season peak percentage,Bin,percent,8.6,8.7, 0.00036363615223416366961303736
Vermont,Season peak percentage,Bin,percent,8.7,8.8, 0.00024750441751379329393192852
Vermont,Season peak percentage,Bin,percent,8.8,8.9, 0.00016510486347638106451388151
Vermont,Season peak percentage,Bin,percent,8.9,9, 0.00011824586483831141540869897
Vermont,Season peak percentage,Bin,percent,9,9.1, 0.00011543551166260954750526768
Vermont,Season peak percentage,Bin,percent,9.1,9.2, 0.00011543551166260954750526768
Vermont,Season peak percentage,Bin,percent,9.2,9.3, 0.00011543551166260954750526768
Vermont,Season peak percentage,Bin,percent,9.3,9.4, 0.00011543551166260954750526768
Vermont,Season peak percentage,Bin,percent,9.4,9.5, 0.00011543551166260954750526768
Vermont,Season peak percentage,Bin,percent,9.5,9.6, 0.00011543551166260954750526768
Vermont,Season peak percentage,Bin,percent,9.6,9.7, 0.00011543551166260954750526768
Vermont,Season peak percentage,Bin,percent,9.7,9.8, 0.00011543551166260954750526768
Vermont,Season peak percentage,Bin,percent,9.8,9.9, 0.00011543551166260954750526768
Vermont,Season peak percentage,Bin,percent,9.9,10, 0.00011543551166260954750526768
Vermont,Season peak percentage,Bin,percent,10,10.1, 0.00011543551166260954750526768
Vermont,Season peak percentage,Bin,percent,10.1,10.2, 0.00011543551166260954750526768
Vermont,Season peak percentage,Bin,percent,10.2,10.3, 0.00011543551166260954750526768
Vermont,Season peak percentage,Bin,percent,10.3,10.4, 0.00011543551166260954750526768
Vermont,Season peak percentage,Bin,percent,10.4,10.5, 0.00011543551166260954750526768
Vermont,Season peak percentage,Bin,percent,10.5,10.6, 0.00011543551166260954750526768
Vermont,Season peak percentage,Bin,percent,10.6,10.7, 0.00011543551166260954750526768
Vermont,Season peak percentage,Bin,percent,10.7,10.8, 0.00011543551166260954750526768
Vermont,Season peak percentage,Bin,percent,10.8,10.9, 0.00011543551166260954750526768
Vermont,Season peak percentage,Bin,percent,10.9,11, 0.00011543551166260954750526768
Vermont,Season peak percentage,Bin,percent,11,11.1, 0.00011543551166260954750526768
Vermont,Season peak percentage,Bin,percent,11.1,11.2, 0.00011543551166260954750526768
Vermont,Season peak percentage,Bin,percent,11.2,11.3, 0.00011543551166260954750526768
Vermont,Season peak percentage,Bin,percent,11.3,11.4, 0.00011543551166260954750526768
Vermont,Season peak percentage,Bin,percent,11.4,11.5, 0.00011543551166260954750526768
Vermont,Season peak percentage,Bin,percent,11.5,11.6, 0.00011543551166260954750526768
Vermont,Season peak percentage,Bin,percent,11.6,11.7, 0.00011543551166260954750526768
Vermont,Season peak percentage,Bin,percent,11.7,11.8, 0.00011543551166260954750526768
Vermont,Season peak percentage,Bin,percent,11.8,11.9, 0.00011543551166260954750526768
Vermont,Season peak percentage,Bin,percent,11.9,12, 0.00011543551166260954750526768
Vermont,Season peak percentage,Bin,percent,12,12.1, 0.00011543551166260954750526768
Vermont,Season peak percentage,Bin,percent,12.1,12.2, 0.00011543551166260954750526768
Vermont,Season peak percentage,Bin,percent,12.2,12.3, 0.00011543551166260954750526768
Vermont,Season peak percentage,Bin,percent,12.3,12.4, 0.00011543551166260954750526768
Vermont,Season peak percentage,Bin,percent,12.4,12.5, 0.00011543551166260954750526768
Vermont,Season peak percentage,Bin,percent,12.5,12.6, 0.00011543551166260954750526768
Vermont,Season peak percentage,Bin,percent,12.6,12.7, 0.00011543551166260954750526768
Vermont,Season peak percentage,Bin,percent,12.7,12.8, 0.00011543551166260954750526768
Vermont,Season peak percentage,Bin,percent,12.8,12.9, 0.00011543551166260954750526768
Vermont,Season peak percentage,Bin,percent,12.9,13, 0.00011543551166260954750526768
Vermont,Season peak percentage,Bin,percent,13,100, 0.00011543551166260954750526768
Vermont,1 wk ahead,Bin,percent,0,0.1, 0.00185547615980802835591867428
Vermont,1 wk ahead,Bin,percent,0.1,0.2, 0.00416566182384602023969222273
Vermont,1 wk ahead,Bin,percent,0.2,0.3, 0.00482554602617509854900479382
Vermont,1 wk ahead,Bin,percent,0.3,0.4, 0.00554961359516840599392928368
Vermont,1 wk ahead,Bin,percent,0.4,0.5, 0.00633727263967272420874810024
Vermont,1 wk ahead,Bin,percent,0.5,0.6, 0.00718602487948316950849836360
Vermont,1 wk ahead,Bin,percent,0.6,0.7, 0.00809178766366422559663806879
Vermont,1 wk ahead,Bin,percent,0.7,0.8, 0.00904941885465462315940587956
Vermont,1 wk ahead,Bin,percent,0.8,0.9, 0.01005223421778894850320273946
Vermont,1 wk ahead,Bin,percent,0.9,1, 0.01109190336489766087746389189
Vermont,1 wk ahead,Bin,percent,1,1.1, 0.01215906808259199431421215820
Vermont,1 wk ahead,Bin,percent,1.1,1.2, 0.01324342380867249424625242682
Vermont,1 wk ahead,Bin,percent,1.2,1.3, 0.01433360287559135200219362360
Vermont,1 wk ahead,Bin,percent,1.3,1.4, 0.01541788424697385952166772682
Vermont,1 wk ahead,Bin,percent,1.4,1.5, 0.01648404454513708108920333473
Vermont,1 wk ahead,Bin,percent,1.5,1.6, 0.01752015482885179581407086857
Vermont,1 wk ahead,Bin,percent,1.6,1.7, 0.01851466532029975159412416019
Vermont,1 wk ahead,Bin,percent,1.7,1.8, 0.01945618578847795390740493815
Vermont,1 wk ahead,Bin,percent,1.8,1.9, 0.02033467466430024031542878049
Vermont,1 wk ahead,Bin,percent,1.9,2, 0.02114129349196017942924541444
Vermont,1 wk ahead,Bin,percent,2,2.1, 0.02186825314574347700613543566
Vermont,1 wk ahead,Bin,percent,2.1,2.2, 0.02250878586781974999286859429
Vermont,1 wk ahead,Bin,percent,2.2,2.3, 0.02305883096307451834983126560
Vermont,1 wk ahead,Bin,percent,2.3,2.4, 0.02351525757323836077206102857
Vermont,1 wk ahead,Bin,percent,2.4,2.5, 0.02387550013139808080531167889
Vermont,1 wk ahead,Bin,percent,2.5,2.6, 0.02414043063764329324905055785
Vermont,1 wk ahead,Bin,percent,2.6,2.7, 0.02431119582681415952629677690
Vermont,1 wk ahead,Bin,percent,2.7,2.8, 0.02438959202634577091983736352
Vermont,1 wk ahead,Bin,percent,2.8,2.9, 0.02437982256842750536374175852
Vermont,1 wk ahead,Bin,percent,2.9,3, 0.02428640123372871953422169611
Vermont,1 wk ahead,Bin,percent,3,3.1, 0.02411426083235817738326112192
Vermont,1 wk ahead,Bin,percent,3.1,3.2, 0.02386913651727416013637039782
Vermont,1 wk ahead,Bin,percent,3.2,3.3, 0.02355750838191737403515269023
Vermont,1 wk ahead,Bin,percent,3.3,3.4, 0.02318549815938550362481862521
Vermont,1 wk ahead,Bin,percent,3.4,3.5, 0.02275915023568517159269219974
Vermont,1 wk ahead,Bin,percent,3.5,3.6, 0.02228514109710629659266700742
Vermont,1 wk ahead,Bin,percent,3.6,3.7, 0.02176925595741464533605658005
Vermont,1 wk ahead,Bin,percent,3.7,3.8, 0.02121694499181055876269041960
Vermont,1 wk ahead,Bin,percent,3.8,3.9, 0.02063366831901211617683600252
Vermont,1 wk ahead,Bin,percent,3.9,4, 0.02002407128350794721094452200
Vermont,1 wk ahead,Bin,percent,4,4.1, 0.01939228122668277057294439203
Vermont,1 wk ahead,Bin,percent,4.1,4.2, 0.01874204260661195553527846869
Vermont,1 wk ahead,Bin,percent,4.2,4.3, 0.01807656586192523534561971132
Vermont,1 wk ahead,Bin,percent,4.3,4.4, 0.01739847468599813734568826362
Vermont,1 wk ahead,Bin,percent,4.4,4.5, 0.01671006067095041555670142941
Vermont,1 wk ahead,Bin,percent,4.5,4.6, 0.01601329904938595879992924154
Vermont,1 wk ahead,Bin,percent,4.6,4.7, 0.01530979829645205680943575999
Vermont,1 wk ahead,Bin,percent,4.7,4.8, 0.01460105985066551849416160991
Vermont,1 wk ahead,Bin,percent,4.8,4.9, 0.01388851157990666357333608971
Vermont,1 wk ahead,Bin,percent,4.9,5, 0.01317355895155960208986467563
Vermont,1 wk ahead,Bin,percent,5,5.1, 0.01245772251849196730899560492
Vermont,1 wk ahead,Bin,percent,5.1,5.2, 0.01174268474527401066864751300
Vermont,1 wk ahead,Bin,percent,5.2,5.3, 0.01103034049081554925086923191
Vermont,1 wk ahead,Bin,percent,5.3,5.4, 0.01032285991063472234408049388
Vermont,1 wk ahead,Bin,percent,5.4,5.5, 0.00962262216435214902399142289
Vermont,1 wk ahead,Bin,percent,5.5,5.6, 0.00893222740613387918007237687
Vermont,1 wk ahead,Bin,percent,5.6,5.7, 0.00825462303209412856519477941
Vermont,1 wk ahead,Bin,percent,5.7,5.8, 0.00759269856549766274100843333
Vermont,1 wk ahead,Bin,percent,5.8,5.9, 0.00694942983940319974900390321
Vermont,1 wk ahead,Bin,percent,5.9,6, 0.00632801048298193332536376587
Vermont,1 wk ahead,Bin,percent,6,6.1, 0.00573122838253475354319821378
Vermont,1 wk ahead,Bin,percent,6.1,6.2, 0.00516171264129498125194928093
Vermont,1 wk ahead,Bin,percent,6.2,6.3, 0.00462194219884694799949098609
Vermont,1 wk ahead,Bin,percent,6.3,6.4, 0.00411403135439425155644999066
Vermont,1 wk ahead,Bin,percent,6.4,6.5, 0.00363938140603307187445625281
Vermont,1 wk ahead,Bin,percent,6.5,6.6, 0.00319911441134821620396744279
Vermont,1 wk ahead,Bin,percent,6.6,6.7, 0.00279412463367204348327343943
Vermont,1 wk ahead,Bin,percent,6.7,6.8, 0.00242421685413723043273082070
Vermont,1 wk ahead,Bin,percent,6.8,6.9, 0.00208902173120999613137316331
Vermont,1 wk ahead,Bin,percent,6.9,7, 0.00178800817601267622407312796
Vermont,1 wk ahead,Bin,percent,7,7.1, 0.00151965112733669490893695375
Vermont,1 wk ahead,Bin,percent,7.1,7.2, 0.00128237841173693841410885508
Vermont,1 wk ahead,Bin,percent,7.2,7.3, 0.00107447671235703316044984845
Vermont,1 wk ahead,Bin,percent,7.3,7.4, 0.00089377970174494506677698169
Vermont,1 wk ahead,Bin,percent,7.4,7.5, 0.00073797253687024741072852940
Vermont,1 wk ahead,Bin,percent,7.5,7.6, 0.00060480461291614125325655227
Vermont,1 wk ahead,Bin,percent,7.6,7.7, 0.00049205228391471518122751716
Vermont,1 wk ahead,Bin,percent,7.7,7.8, 0.00039725109105150958888064139
Vermont,1 wk ahead,Bin,percent,7.8,7.9, 0.00031826922172838487774468308
Vermont,1 wk ahead,Bin,percent,7.9,8, 0.00025310410741229290819409581
Vermont,1 wk ahead,Bin,percent,8,8.1, 0.00019970505645494624055377719
Vermont,1 wk ahead,Bin,percent,8.1,8.2, 0.00015634924391295793640738188
Vermont,1 wk ahead,Bin,percent,8.2,8.3, 0.00012147958109506499070964769
Vermont,1 wk ahead,Bin,percent,8.3,8.4, 0.00009364636425143870812962121
Vermont,1 wk ahead,Bin,percent,8.4,8.5, 0.00007251035680860876380792596
Vermont,1 wk ahead,Bin,percent,8.5,8.6, 0.00006787550516054849294306228
Vermont,1 wk ahead,Bin,percent,8.6,8.7, 0.00006787550516054849294306228
Vermont,1 wk ahead,Bin,percent,8.7,8.8, 0.00006787550516054849294306228
Vermont,1 wk ahead,Bin,percent,8.8,8.9, 0.00006787550516054849294306228
Vermont,1 wk ahead,Bin,percent,8.9,9, 0.00006787550516054849294306228
Vermont,1 wk ahead,Bin,percent,9,9.1, 0.00006787550516054849294306228
Vermont,1 wk ahead,Bin,percent,9.1,9.2, 0.00006787550516054849294306228
Vermont,1 wk ahead,Bin,percent,9.2,9.3, 0.00006787550516054849294306228
Vermont,1 wk ahead,Bin,percent,9.3,9.4, 0.00006787550516054849294306228
Vermont,1 wk ahead,Bin,percent,9.4,9.5, 0.00006787550516054849294306228
Vermont,1 wk ahead,Bin,percent,9.5,9.6, 0.00006787550516054849294306228
Vermont,1 wk ahead,Bin,percent,9.6,9.7, 0.00006787550516054849294306228
Vermont,1 wk ahead,Bin,percent,9.7,9.8, 0.00006787550516054849294306228
Vermont,1 wk ahead,Bin,percent,9.8,9.9, 0.00006787550516054849294306228
Vermont,1 wk ahead,Bin,percent,9.9,10, 0.00006787550516054849294306228
Vermont,1 wk ahead,Bin,percent,10,10.1, 0.00006787550516054849294306228
Vermont,1 wk ahead,Bin,percent,10.1,10.2, 0.00006787550516054849294306228
Vermont,1 wk ahead,Bin,percent,10.2,10.3, 0.00006787550516054849294306228
Vermont,1 wk ahead,Bin,percent,10.3,10.4, 0.00006787550516054849294306228
Vermont,1 wk ahead,Bin,percent,10.4,10.5, 0.00006787550516054849294306228
Vermont,1 wk ahead,Bin,percent,10.5,10.6, 0.00006787550516054849294306228
Vermont,1 wk ahead,Bin,percent,10.6,10.7, 0.00006787550516054849294306228
Vermont,1 wk ahead,Bin,percent,10.7,10.8, 0.00006787550516054849294306228
Vermont,1 wk ahead,Bin,percent,10.8,10.9, 0.00006787550516054849294306228
Vermont,1 wk ahead,Bin,percent,10.9,11, 0.00006787550516054849294306228
Vermont,1 wk ahead,Bin,percent,11,11.1, 0.00006787550516054849294306228
Vermont,1 wk ahead,Bin,percent,11.1,11.2, 0.00006787550516054849294306228
Vermont,1 wk ahead,Bin,percent,11.2,11.3, 0.00006787550516054849294306228
Vermont,1 wk ahead,Bin,percent,11.3,11.4, 0.00006787550516054849294306228
Vermont,1 wk ahead,Bin,percent,11.4,11.5, 0.00006787550516054849294306228
Vermont,1 wk ahead,Bin,percent,11.5,11.6, 0.00006787550516054849294306228
Vermont,1 wk ahead,Bin,percent,11.6,11.7, 0.00006787550516054849294306228
Vermont,1 wk ahead,Bin,percent,11.7,11.8, 0.00006787550516054849294306228
Vermont,1 wk ahead,Bin,percent,11.8,11.9, 0.00006787550516054849294306228
Vermont,1 wk ahead,Bin,percent,11.9,12, 0.00006787550516054849294306228
Vermont,1 wk ahead,Bin,percent,12,12.1, 0.00006787550516054849294306228
Vermont,1 wk ahead,Bin,percent,12.1,12.2, 0.00006787550516054849294306228
Vermont,1 wk ahead,Bin,percent,12.2,12.3, 0.00006787550516054849294306228
Vermont,1 wk ahead,Bin,percent,12.3,12.4, 0.00006787550516054849294306228
Vermont,1 wk ahead,Bin,percent,12.4,12.5, 0.00006787550516054849294306228
Vermont,1 wk ahead,Bin,percent,12.5,12.6, 0.00006787550516054849294306228
Vermont,1 wk ahead,Bin,percent,12.6,12.7, 0.00006787550516054849294306228
Vermont,1 wk ahead,Bin,percent,12.7,12.8, 0.00006787550516054849294306228
Vermont,1 wk ahead,Bin,percent,12.8,12.9, 0.00006787550516054849294306228
Vermont,1 wk ahead,Bin,percent,12.9,13, 0.00006787550516054849294306228
Vermont,1 wk ahead,Bin,percent,13,100, 0.00006787550516054849294306228
Vermont,2 wk ahead,Bin,percent,0,0.1, 0.00016517324055305513536007211
Vermont,2 wk ahead,Bin,percent,0.1,0.2, 0.00044596250549153518272227359
Vermont,2 wk ahead,Bin,percent,0.2,0.3, 0.00065022974710201349862748188
Vermont,2 wk ahead,Bin,percent,0.3,0.4, 0.00092985518998910132205948376
Vermont,2 wk ahead,Bin,percent,0.4,0.5, 0.00130411999226892334584337885
Vermont,2 wk ahead,Bin,percent,0.5,0.6, 0.00179398516073955263845640662
Vermont,2 wk ahead,Bin,percent,0.6,0.7, 0.00242019067897108379819326451
Vermont,2 wk ahead,Bin,percent,0.7,0.8, 0.00320256249865912782232024725
Vermont,2 wk ahead,Bin,percent,0.8,0.9, 0.00415624282172926025336057165
Vermont,2 wk ahead,Bin,percent,0.9,1, 0.00529017943110506559667438609
Vermont,2 wk ahead,Bin,percent,1,1.1, 0.00660427047141064205160176925
Vermont,2 wk ahead,Bin,percent,1.1,1.2, 0.00808628847461826706644050233
Vermont,2 wk ahead,Bin,percent,1.2,1.3, 0.00971077053313545469903633744
Vermont,2 wk ahead,Bin,percent,1.3,1.4, 0.01143754996672563008230927295
Vermont,2 wk ahead,Bin,percent,1.4,1.5, 0.01321259997694792034939048619
Vermont,2 wk ahead,Bin,percent,1.5,1.6, 0.01496989593538838349273678574
Vermont,2 wk ahead,Bin,percent,1.6,1.7, 0.01663518968140212730966176480
Vermont,2 wk ahead,Bin,percent,1.7,1.8, 0.01813061165814953620833982484
Vermont,2 wk ahead,Bin,percent,1.8,1.9, 0.01938077969383466755970424344
Vermont,2 wk ahead,Bin,percent,1.9,2, 0.02031919278998050096274319287
Vermont,2 wk ahead,Bin,percent,2,2.1, 0.02089375880696653364765325023
Vermont,2 wk ahead,Bin,percent,2.1,2.2, 0.02107158099388880059810169598
Vermont,2 wk ahead,Bin,percent,2.2,2.3, 0.02084305665425430567627707035
Vermont,2 wk ahead,Bin,percent,2.3,2.4, 0.02022144527551261380948766089
Vermont,2 wk ahead,Bin,percent,2.4,2.5, 0.01924171359123649782674192465
Vermont,2 wk ahead,Bin,percent,2.5,2.6, 0.01795936480147488148451095924
Vermont,2 wk ahead,Bin,percent,2.6,2.7, 0.01644302067945249343217106741
Vermont,2 wk ahead,Bin,percent,2.7,2.8, 0.01477030734222658028831354216
Vermont,2 wk ahead,Bin,percent,2.8,2.9, 0.01302112855797302182203623033
Vermont,2 wk ahead,Bin,percent,2.9,3, 0.01127234284240704285939838059
Vermont,2 wk ahead,Bin,percent,3,3.1, 0.00959334169408405067203116090
Vermont,2 wk ahead,Bin,percent,3.1,3.2, 0.00804315519867940253995186595
Vermont,2 wk ahead,Bin,percent,3.2,3.3, 0.00666871065255524204939963084
Vermont,2 wk ahead,Bin,percent,3.3,3.4, 0.00550537769355074427940488491
Vermont,2 wk ahead,Bin,percent,3.4,3.5, 0.00457819837732854895140377494
Vermont,2 wk ahead,Bin,percent,3.5,3.6, 0.00390422371457913855094523647
Vermont,2 wk ahead,Bin,percent,3.6,3.7, 0.00349431596826837954569699995
Vermont,2 wk ahead,Bin,percent,3.7,3.8, 0.00335656291462002121309127212
Vermont,2 wk ahead,Bin,percent,3.8,3.9, 0.00349625919926816559543669705
Vermont,2 wk ahead,Bin,percent,3.9,4, 0.00391737093412501419936733171
Vermont,2 wk ahead,Bin,percent,4,4.1, 0.00462218930510558886903815790
Vermont,2 wk ahead,Bin,percent,4.1,4.2, 0.00560919871557716363114076685
Vermont,2 wk ahead,Bin,percent,4.2,4.3, 0.00687049717702268095131934444
Vermont,2 wk ahead,Bin,percent,4.3,4.4, 0.00838961504172730174189176466
Vermont,2 wk ahead,Bin,percent,4.4,4.5, 0.01013792890400366103476059720
Vermont,2 wk ahead,Bin,percent,4.5,4.6, 0.01207325121323913133530858488
Vermont,2 wk ahead,Bin,percent,4.6,4.7, 0.01413882896161264800249934837
Vermont,2 wk ahead,Bin,percent,4.7,4.8, 0.01626448454881291791340736097
Vermont,2 wk ahead,Bin,percent,4.8,4.9, 0.01836906265599631132845459547
Vermont,2 wk ahead,Bin,percent,4.9,5, 0.02036550680127423643139827902
Vermont,2 wk ahead,Bin,percent,5,5.1, 0.02216689016737095549447467135
Vermont,2 wk ahead,Bin,percent,5.1,5.2, 0.02369367938519012159459542488
Vermont,2 wk ahead,Bin,percent,5.2,5.3, 0.02488051168054839987209270191
Vermont,2 wk ahead,Bin,percent,5.3,5.4, 0.02568297852627675348369251651
Vermont,2 wk ahead,Bin,percent,5.4,5.5, 0.02607974108055732126443260199
Vermont,2 wk ahead,Bin,percent,5.5,5.6, 0.02607769597480508183551251022
Vermont,2 wk ahead,Bin,percent,5.6,5.7, 0.02570768297102551253052737934
Vermont,2 wk ahead,Bin,percent,5.7,5.8, 0.02502173219841913320848902913
Vermont,2 wk ahead,Bin,percent,5.8,5.9, 0.02408707995039506208345692073
Vermont,2 wk ahead,Bin,percent,5.9,6, 0.02297790376604302506335919531
Vermont,2 wk ahead,Bin,percent,6,6.1, 0.02176802690336144055494038696
Vermont,2 wk ahead,Bin,percent,6.1,6.2, 0.02052305317342854179551991933
Vermont,2 wk ahead,Bin,percent,6.2,6.3, 0.01929498939747059313432053784
Vermont,2 wk ahead,Bin,percent,6.3,6.4, 0.01811874227363299144633046467
Vermont,2 wk ahead,Bin,percent,6.4,6.5, 0.01701149788248506808385762668
Vermont,2 wk ahead,Bin,percent,6.5,6.6, 0.01597418714253570279359983886
Vermont,2 wk ahead,Bin,percent,6.6,6.7, 0.01499504619667553148576466526
Vermont,2 wk ahead,Bin,percent,6.7,6.8, 0.01405448539395796545004024836
Vermont,2 wk ahead,Bin,percent,6.8,6.9, 0.01313016091173256801039048725
Vermont,2 wk ahead,Bin,percent,6.9,7, 0.01220180019246701157153989215
Vermont,2 wk ahead,Bin,percent,7,7.1, 0.01125484670915207451036277320
Vermont,2 wk ahead,Bin,percent,7.1,7.2, 0.01028266901946327943617731648
Vermont,2 wk ahead,Bin,percent,7.2,7.3, 0.00928738599724826703607494238
Vermont,2 wk ahead,Bin,percent,7.3,7.4, 0.00827896726203635607843622779
Vermont,2 wk ahead,Bin,percent,7.4,7.5, 0.00727349270566897843776077437
Vermont,2 wk ahead,Bin,percent,7.5,7.6, 0.00629062331220363660233552139
Vermont,2 wk ahead,Bin,percent,7.6,7.7, 0.00535083048940653092234720489
Vermont,2 wk ahead,Bin,percent,7.7,7.8, 0.00447308174157973539863952794
Vermont,2 wk ahead,Bin,percent,7.8,7.9, 0.00367290178937166363754007747
Vermont,2 wk ahead,Bin,percent,7.9,8, 0.00296087475661790857500710317
Vermont,2 wk ahead,Bin,percent,8,8.1, 0.00234261739584179246725925694
Vermont,2 wk ahead,Bin,percent,8.1,8.2, 0.00181855772352247950160442080
Vermont,2 wk ahead,Bin,percent,8.2,8.3, 0.00138495733544822413087216351
Vermont,2 wk ahead,Bin,percent,8.3,8.4, 0.00103445328129463521953101957
Vermont,2 wk ahead,Bin,percent,8.4,8.5, 0.00075783973462751447972701735
Vermont,2 wk ahead,Bin,percent,8.5,8.6, 0.00054442585782326128295005585
Vermont,2 wk ahead,Bin,percent,8.6,8.7, 0.00038349279944294541655133712
Vermont,2 wk ahead,Bin,percent,8.7,8.8, 0.00026488818158717310257202482
Vermont,2 wk ahead,Bin,percent,8.8,8.9, 0.00017938540289068956486151496
Vermont,2 wk ahead,Bin,percent,8.9,9, 0.00012238648083488649128541814
Vermont,2 wk ahead,Bin,percent,9,9.1, 0.00011248749245205575948529375
Vermont,2 wk ahead,Bin,percent,9.1,9.2, 0.00011248749245205575948529375
Vermont,2 wk ahead,Bin,percent,9.2,9.3, 0.00011248749245205575948529375
Vermont,2 wk ahead,Bin,percent,9.3,9.4, 0.00011248749245205575948529375
Vermont,2 wk ahead,Bin,percent,9.4,9.5, 0.00011248749245205575948529375
Vermont,2 wk ahead,Bin,percent,9.5,9.6, 0.00011248749245205575948529375
Vermont,2 wk ahead,Bin,percent,9.6,9.7, 0.00011248749245205575948529375
Vermont,2 wk ahead,Bin,percent,9.7,9.8, 0.00011248749245205575948529375
Vermont,2 wk ahead,Bin,percent,9.8,9.9, 0.00011248749245205575948529375
Vermont,2 wk ahead,Bin,percent,9.9,10, 0.00011248749245205575948529375
Vermont,2 wk ahead,Bin,percent,10,10.1, 0.00011248749245205575948529375
Vermont,2 wk ahead,Bin,percent,10.1,10.2, 0.00011248749245205575948529375
Vermont,2 wk ahead,Bin,percent,10.2,10.3, 0.00011248749245205575948529375
Vermont,2 wk ahead,Bin,percent,10.3,10.4, 0.00011248749245205575948529375
Vermont,2 wk ahead,Bin,percent,10.4,10.5, 0.00011248749245205575948529375
Vermont,2 wk ahead,Bin,percent,10.5,10.6, 0.00011248749245205575948529375
Vermont,2 wk ahead,Bin,percent,10.6,10.7, 0.00011248749245205575948529375
Vermont,2 wk ahead,Bin,percent,10.7,10.8, 0.00011248749245205575948529375
Vermont,2 wk ahead,Bin,percent,10.8,10.9, 0.00011248749245205575948529375
Vermont,2 wk ahead,Bin,percent,10.9,11, 0.00011248749245205575948529375
Vermont,2 wk ahead,Bin,percent,11,11.1, 0.00011248749245205575948529375
Vermont,2 wk ahead,Bin,percent,11.1,11.2, 0.00011248749245205575948529375
Vermont,2 wk ahead,Bin,percent,11.2,11.3, 0.00011248749245205575948529375
Vermont,2 wk ahead,Bin,percent,11.3,11.4, 0.00011248749245205575948529375
Vermont,2 wk ahead,Bin,percent,11.4,11.5, 0.00011248749245205575948529375
Vermont,2 wk ahead,Bin,percent,11.5,11.6, 0.00011248749245205575948529375
Vermont,2 wk ahead,Bin,percent,11.6,11.7, 0.00011248749245205575948529375
Vermont,2 wk ahead,Bin,percent,11.7,11.8, 0.00011248749245205575948529375
Vermont,2 wk ahead,Bin,percent,11.8,11.9, 0.00011248749245205575948529375
Vermont,2 wk ahead,Bin,percent,11.9,12, 0.00011248749245205575948529375
Vermont,2 wk ahead,Bin,percent,12,12.1, 0.00011248749245205575948529375
Vermont,2 wk ahead,Bin,percent,12.1,12.2, 0.00011248749245205575948529375
Vermont,2 wk ahead,Bin,percent,12.2,12.3, 0.00011248749245205575948529375
Vermont,2 wk ahead,Bin,percent,12.3,12.4, 0.00011248749245205575948529375
Vermont,2 wk ahead,Bin,percent,12.4,12.5, 0.00011248749245205575948529375
Vermont,2 wk ahead,Bin,percent,12.5,12.6, 0.00011248749245205575948529375
Vermont,2 wk ahead,Bin,percent,12.6,12.7, 0.00011248749245205575948529375
Vermont,2 wk ahead,Bin,percent,12.7,12.8, 0.00011248749245205575948529375
Vermont,2 wk ahead,Bin,percent,12.8,12.9, 0.00011248749245205575948529375
Vermont,2 wk ahead,Bin,percent,12.9,13, 0.00011248749245205575948529375
Vermont,2 wk ahead,Bin,percent,13,100, 0.00011248749245205575948529375
Vermont,3 wk ahead,Bin,percent,0,0.1, 0.00025931487307340878034622733
Vermont,3 wk ahead,Bin,percent,0.1,0.2, 0.00066492571851013725948986721
Vermont,3 wk ahead,Bin,percent,0.2,0.3, 0.00090930689541679173611837816
Vermont,3 wk ahead,Bin,percent,0.3,0.4, 0.00122340961543318982492067892
Vermont,3 wk ahead,Bin,percent,0.4,0.5, 0.00161947010903355738051234702
Vermont,3 wk ahead,Bin,percent,0.5,0.6, 0.00210970221547393142411119804
Vermont,3 wk ahead,Bin,percent,0.6,0.7, 0.00270471769343729167428547200
Vermont,3 wk ahead,Bin,percent,0.7,0.8, 0.00341356431535019952047682601
Vermont,3 wk ahead,Bin,percent,0.8,0.9, 0.00424113148469976511401036134
Vermont,3 wk ahead,Bin,percent,0.9,1, 0.00518852564593619974830929209
Vermont,3 wk ahead,Bin,percent,1,1.1, 0.00625099457641018971254531778
Vermont,3 wk ahead,Bin,percent,1.1,1.2, 0.00741749964091635398399926515
Vermont,3 wk ahead,Bin,percent,1.2,1.3, 0.00867034733210926208957225469
Vermont,3 wk ahead,Bin,percent,1.3,1.4, 0.00998479123493711297199215693
Vermont,3 wk ahead,Bin,percent,1.4,1.5, 0.01132975312577087778631579340
Vermont,3 wk ahead,Bin,percent,1.5,1.6, 0.01266860721779964130129236821
Vermont,3 wk ahead,Bin,percent,1.6,1.7, 0.01396072725711233579459769061
Vermont,3 wk ahead,Bin,percent,1.7,1.8, 0.01516337029103482017533544024
Vermont,3 wk ahead,Bin,percent,1.8,1.9, 0.01623410900364191319922291257
Vermont,3 wk ahead,Bin,percent,1.9,2, 0.01713313470192577223083496563
Vermont,3 wk ahead,Bin,percent,2,2.1, 0.01782623640376760146275536556
Vermont,3 wk ahead,Bin,percent,2.1,2.2, 0.01828640745332585706983685725
Vermont,3 wk ahead,Bin,percent,2.2,2.3, 0.01849779706423893346767250989
Vermont,3 wk ahead,Bin,percent,2.3,2.4, 0.01845438177493342879476045937
Vermont,3 wk ahead,Bin,percent,2.4,2.5, 0.01816436860918601431391650181
Vermont,3 wk ahead,Bin,percent,2.5,2.6, 0.01764761524026870961878721289
Vermont,3 wk ahead,Bin,percent,2.6,2.7, 0.01693656096055431645175382016
Vermont,3 wk ahead,Bin,percent,2.7,2.8, 0.01607425519234575300719924940
Vermont,3 wk ahead,Bin,percent,2.8,2.9, 0.01511232201209281728049305116
Vermont,3 wk ahead,Bin,percent,2.9,3, 0.01410822079478168782074032350
Vermont,3 wk ahead,Bin,percent,3,3.1, 0.01312205835179551180469381677
Vermont,3 wk ahead,Bin,percent,3.1,3.2, 0.01221311165470886396511307481
Vermont,3 wk ahead,Bin,percent,3.2,3.3, 0.01143656768194590590825843179
Vermont,3 wk ahead,Bin,percent,3.3,3.4, 0.01084034187412946312334405263
Vermont,3 wk ahead,Bin,percent,3.4,3.5, 0.01046221248299589873242965155
Vermont,3 wk ahead,Bin,percent,3.5,3.6, 0.01032810821299491067792875043
Vermont,3 wk ahead,Bin,percent,3.6,3.7, 0.01044997315241214669301328399
Vermont,3 wk ahead,Bin,percent,3.7,3.8, 0.01082722149067106079400879537
Vermont,3 wk ahead,Bin,percent,3.8,3.9, 0.01144406325197257039139042689
Vermont,3 wk ahead,Bin,percent,3.9,4, 0.01227470462962862961242560544
Vermont,3 wk ahead,Bin,percent,4,4.1, 0.01328223032262007032022754771
Vermont,3 wk ahead,Bin,percent,4.1,4.2, 0.01442344215711334302898460891
Vermont,3 wk ahead,Bin,percent,4.2,4.3, 0.01565099963238093805362183275
Vermont,3 wk ahead,Bin,percent,4.3,4.4, 0.01691702669607517833805232499
Vermont,3 wk ahead,Bin,percent,4.4,4.5, 0.01817584649859289511186766219
Vermont,3 wk ahead,Bin,percent,4.5,4.6, 0.01938654226127645152644163318
Vermont,3 wk ahead,Bin,percent,4.6,4.7, 0.02051429661991809386134555382
Vermont,3 wk ahead,Bin,percent,4.7,4.8, 0.02153153184317582041762406675
Vermont,3 wk ahead,Bin,percent,4.8,4.9, 0.02241726907270507815339577462
Vermont,3 wk ahead,Bin,percent,4.9,5, 0.02315649264694260786590085388
Vermont,3 wk ahead,Bin,percent,5,5.1, 0.02373849840621048215560939809
Vermont,3 wk ahead,Bin,percent,5.1,5.2, 0.02415521181203792236424909845
Vermont,3 wk ahead,Bin,percent,5.2,5.3, 0.02440025679646684597656758342
Vermont,3 wk ahead,Bin,percent,5.3,5.4, 0.02446655887825703243332320369
Vermont,3 wk ahead,Bin,percent,5.4,5.5, 0.02434824119391763158626318386
Vermont,3 wk ahead,Bin,percent,5.5,5.6, 0.02403865417283347280519301137
Vermont,3 wk ahead,Bin,percent,5.6,5.7, 0.02353338799275426704293856517
Vermont,3 wk ahead,Bin,percent,5.7,5.8, 0.02283070587322085648329661467
Vermont,3 wk ahead,Bin,percent,5.8,5.9, 0.02193384842710571075441450262
Vermont,3 wk ahead,Bin,percent,5.9,6, 0.02085222551963120465878809284
Vermont,3 wk ahead,Bin,percent,6,6.1, 0.01960232080624615264019539040
Vermont,3 wk ahead,Bin,percent,6.1,6.2, 0.01820840986155212309904882773
Vermont,3 wk ahead,Bin,percent,6.2,6.3, 0.01670115625767980283011837628
Vermont,3 wk ahead,Bin,percent,6.3,6.4, 0.01511684414607279876296974663
Vermont,3 wk ahead,Bin,percent,6.4,6.5, 0.01349485202778803738521418154
Vermont,3 wk ahead,Bin,percent,6.5,6.6, 0.01187545674355716326942022931
Vermont,3 wk ahead,Bin,percent,6.6,6.7, 0.01029710076656388875737668798
Vermont,3 wk ahead,Bin,percent,6.7,6.8, 0.00879429974405442592411130676
Vermont,3 wk ahead,Bin,percent,6.8,6.9, 0.00739526280117738452068998356
Vermont,3 wk ahead,Bin,percent,6.9,7, 0.00612167354330679733959152955
Vermont,3 wk ahead,Bin,percent,7,7.1, 0.00498685020884015884484741221
Vermont,3 wk ahead,Bin,percent,7.1,7.2, 0.00399718961336181614896201353
Vermont,3 wk ahead,Bin,percent,7.2,7.3, 0.00315178294602494902393319265
Vermont,3 wk ahead,Bin,percent,7.3,7.4, 0.00244452912724724092871642078
Vermont,3 wk ahead,Bin,percent,7.4,7.5, 0.00186469196699094296593157694
Vermont,3 wk ahead,Bin,percent,7.5,7.6, 0.00139871083307263068505610359
Vermont,3 wk ahead,Bin,percent,7.6,7.7, 0.00103171562984526220610459468
Vermont,3 wk ahead,Bin,percent,7.7,7.8, 0.00074821840703430419518282779
Vermont,3 wk ahead,Bin,percent,7.8,7.9, 0.00053351706173978511327932184
Vermont,3 wk ahead,Bin,percent,7.9,8, 0.00037395199551818364717623022
Vermont,3 wk ahead,Bin,percent,8,8.1, 0.00025770871353094341625264430
Vermont,3 wk ahead,Bin,percent,8.1,8.2, 0.00017457612861714380796812618
Vermont,3 wk ahead,Bin,percent,8.2,8.3, 0.00012610405885876070403335547
Vermont,3 wk ahead,Bin,percent,8.3,8.4, 0.00012283080315230531062882513
Vermont,3 wk ahead,Bin,percent,8.4,8.5, 0.00012283080315230531062882513
Vermont,3 wk ahead,Bin,percent,8.5,8.6, 0.00012283080315230531062882513
Vermont,3 wk ahead,Bin,percent,8.6,8.7, 0.00012283080315230531062882513
Vermont,3 wk ahead,Bin,percent,8.7,8.8, 0.00012283080315230531062882513
Vermont,3 wk ahead,Bin,percent,8.8,8.9, 0.00012283080315230531062882513
Vermont,3 wk ahead,Bin,percent,8.9,9, 0.00012283080315230531062882513
Vermont,3 wk ahead,Bin,percent,9,9.1, 0.00012283080315230531062882513
Vermont,3 wk ahead,Bin,percent,9.1,9.2, 0.00012283080315230531062882513
Vermont,3 wk ahead,Bin,percent,9.2,9.3, 0.00012283080315230531062882513
Vermont,3 wk ahead,Bin,percent,9.3,9.4, 0.00012283080315230531062882513
Vermont,3 wk ahead,Bin,percent,9.4,9.5, 0.00012283080315230531062882513
Vermont,3 wk ahead,Bin,percent,9.5,9.6, 0.00012283080315230531062882513
Vermont,3 wk ahead,Bin,percent,9.6,9.7, 0.00012283080315230531062882513
Vermont,3 wk ahead,Bin,percent,9.7,9.8, 0.00012283080315230531062882513
Vermont,3 wk ahead,Bin,percent,9.8,9.9, 0.00012283080315230531062882513
Vermont,3 wk ahead,Bin,percent,9.9,10, 0.00012283080315230531062882513
Vermont,3 wk ahead,Bin,percent,10,10.1, 0.00012283080315230531062882513
Vermont,3 wk ahead,Bin,percent,10.1,10.2, 0.00012283080315230531062882513
Vermont,3 wk ahead,Bin,percent,10.2,10.3, 0.00012283080315230531062882513
Vermont,3 wk ahead,Bin,percent,10.3,10.4, 0.00012283080315230531062882513
Vermont,3 wk ahead,Bin,percent,10.4,10.5, 0.00012283080315230531062882513
Vermont,3 wk ahead,Bin,percent,10.5,10.6, 0.00012283080315230531062882513
Vermont,3 wk ahead,Bin,percent,10.6,10.7, 0.00012283080315230531062882513
Vermont,3 wk ahead,Bin,percent,10.7,10.8, 0.00012283080315230531062882513
Vermont,3 wk ahead,Bin,percent,10.8,10.9, 0.00012283080315230531062882513
Vermont,3 wk ahead,Bin,percent,10.9,11, 0.00012283080315230531062882513
Vermont,3 wk ahead,Bin,percent,11,11.1, 0.00012283080315230531062882513
Vermont,3 wk ahead,Bin,percent,11.1,11.2, 0.00012283080315230531062882513
Vermont,3 wk ahead,Bin,percent,11.2,11.3, 0.00012283080315230531062882513
Vermont,3 wk ahead,Bin,percent,11.3,11.4, 0.00012283080315230531062882513
Vermont,3 wk ahead,Bin,percent,11.4,11.5, 0.00012283080315230531062882513
Vermont,3 wk ahead,Bin,percent,11.5,11.6, 0.00012283080315230531062882513
Vermont,3 wk ahead,Bin,percent,11.6,11.7, 0.00012283080315230531062882513
Vermont,3 wk ahead,Bin,percent,11.7,11.8, 0.00012283080315230531062882513
Vermont,3 wk ahead,Bin,percent,11.8,11.9, 0.00012283080315230531062882513
Vermont,3 wk ahead,Bin,percent,11.9,12, 0.00012283080315230531062882513
Vermont,3 wk ahead,Bin,percent,12,12.1, 0.00012283080315230531062882513
Vermont,3 wk ahead,Bin,percent,12.1,12.2, 0.00012283080315230531062882513
Vermont,3 wk ahead,Bin,percent,12.2,12.3, 0.00012283080315230531062882513
Vermont,3 wk ahead,Bin,percent,12.3,12.4, 0.00012283080315230531062882513
Vermont,3 wk ahead,Bin,percent,12.4,12.5, 0.00012283080315230531062882513
Vermont,3 wk ahead,Bin,percent,12.5,12.6, 0.00012283080315230531062882513
Vermont,3 wk ahead,Bin,percent,12.6,12.7, 0.00012283080315230531062882513
Vermont,3 wk ahead,Bin,percent,12.7,12.8, 0.00012283080315230531062882513
Vermont,3 wk ahead,Bin,percent,12.8,12.9, 0.00012283080315230531062882513
Vermont,3 wk ahead,Bin,percent,12.9,13, 0.00012283080315230531062882513
Vermont,3 wk ahead,Bin,percent,13,100, 0.00012283080315230531062882513
Vermont,4 wk ahead,Bin,percent,0,0.1, 0.00035387656572635376806337804
Vermont,4 wk ahead,Bin,percent,0.1,0.2, 0.00085237228056075562115240229
Vermont,4 wk ahead,Bin,percent,0.2,0.3, 0.00108002413889835891837309934
Vermont,4 wk ahead,Bin,percent,0.3,0.4, 0.00135516553805934704922397938
Vermont,4 wk ahead,Bin,percent,0.4,0.5, 0.00168353414840068278668372415
Vermont,4 wk ahead,Bin,percent,0.5,0.6, 0.00207106189472293714115558316
Vermont,4 wk ahead,Bin,percent,0.6,0.7, 0.00252316494102383138964373899
Vermont,4 wk ahead,Bin,percent,0.7,0.8, 0.00304417344604741325897467874
Vermont,4 wk ahead,Bin,percent,0.8,0.9, 0.00363777151047491899282793071
Vermont,4 wk ahead,Bin,percent,0.9,1, 0.00430582947298233965904845633
Vermont,4 wk ahead,Bin,percent,1,1.1, 0.00504879966030678806188092267
Vermont,4 wk ahead,Bin,percent,1.1,1.2, 0.00586493919762548672480750866
Vermont,4 wk ahead,Bin,percent,1.2,1.3, 0.00675050027850179236443839415
Vermont,4 wk ahead,Bin,percent,1.3,1.4, 0.00769954642920026455926718612
Vermont,4 wk ahead,Bin,percent,1.4,1.5, 0.00870355178032208853800000270
Vermont,4 wk ahead,Bin,percent,1.5,1.6, 0.00975234187065592353360621303
Vermont,4 wk ahead,Bin,percent,1.6,1.7, 0.01083342755306250168589876637
Vermont,4 wk ahead,Bin,percent,1.7,1.8, 0.01193291012645555232429828152
Vermont,4 wk ahead,Bin,percent,1.8,1.9, 0.01303572467556617618666958691
Vermont,4 wk ahead,Bin,percent,1.9,2, 0.01412615816155589169855755216
Vermont,4 wk ahead,Bin,percent,2,2.1, 0.01518833914269997892310115617
Vermont,4 wk ahead,Bin,percent,2.1,2.2, 0.01620673441086738220118235176
Vermont,4 wk ahead,Bin,percent,2.2,2.3, 0.01716717393928114676615592771
Vermont,4 wk ahead,Bin,percent,2.3,2.4, 0.01805616211506972518252567284
Vermont,4 wk ahead,Bin,percent,2.4,2.5, 0.01886285589336163595608475418
Vermont,4 wk ahead,Bin,percent,2.5,2.6, 0.01957787791876039809602083608
Vermont,4 wk ahead,Bin,percent,2.6,2.7, 0.02019412446302513985951776476
Vermont,4 wk ahead,Bin,percent,2.7,2.8, 0.02070740903197867618934502332
Vermont,4 wk ahead,Bin,percent,2.8,2.9, 0.02111495582206438653694036134
Vermont,4 wk ahead,Bin,percent,2.9,3, 0.02141683208191189416447208771
Vermont,4 wk ahead,Bin,percent,3,3.1, 0.02161483959953041170121146308
Vermont,4 wk ahead,Bin,percent,3.1,3.2, 0.02171259388830965378347492845
Vermont,4 wk ahead,Bin,percent,3.2,3.3, 0.02171547212586740979722854661
Vermont,4 wk ahead,Bin,percent,3.3,3.4, 0.02163003995669113277422468400
Vermont,4 wk ahead,Bin,percent,3.4,3.5, 0.02146459722906524439367537127
Vermont,4 wk ahead,Bin,percent,3.5,3.6, 0.02122798604685924642176964028
Vermont,4 wk ahead,Bin,percent,3.6,3.7, 0.02093052621791707465503940000
Vermont,4 wk ahead,Bin,percent,3.7,3.8, 0.02058324213005506900242558288
Vermont,4 wk ahead,Bin,percent,3.8,3.9, 0.02019764062955648614705594923
Vermont,4 wk ahead,Bin,percent,3.9,4, 0.01978608786312736553258950778
Vermont,4 wk ahead,Bin,percent,4,4.1, 0.01936076136434638703121002834
Vermont,4 wk ahead,Bin,percent,4.1,4.2, 0.01893393643459867492495618535
Vermont,4 wk ahead,Bin,percent,4.2,4.3, 0.01851713733136612846652546693
Vermont,4 wk ahead,Bin,percent,4.3,4.4, 0.01812103856997718254184803754
Vermont,4 wk ahead,Bin,percent,4.4,4.5, 0.01775450766381471076615916616
Vermont,4 wk ahead,Bin,percent,4.5,4.6, 0.01742461135602177066394880001
Vermont,4 wk ahead,Bin,percent,4.6,4.7, 0.01713589903684479762158154870
Vermont,4 wk ahead,Bin,percent,4.7,4.8, 0.01688985967242374180985464704
Vermont,4 wk ahead,Bin,percent,4.8,4.9, 0.01668536045929236086293734331
Vermont,4 wk ahead,Bin,percent,4.9,5, 0.01651782164955921741733568808
Vermont,4 wk ahead,Bin,percent,5,5.1, 0.01637991770224855522797291485
Vermont,4 wk ahead,Bin,percent,5.1,5.2, 0.01626167838792240416534440328
Vermont,4 wk ahead,Bin,percent,5.2,5.3, 0.01615101494910655549608335946
Vermont,4 wk ahead,Bin,percent,5.3,5.4, 0.01603441510531218930357688635
Vermont,4 wk ahead,Bin,percent,5.4,5.5, 0.01589772539091643260844577412
Vermont,4 wk ahead,Bin,percent,5.5,5.6, 0.01572690392105672435585361768
Vermont,4 wk ahead,Bin,percent,5.6,5.7, 0.01550895395115681543729557745
Vermont,4 wk ahead,Bin,percent,5.7,5.8, 0.01523273389241874657684672201
Vermont,4 wk ahead,Bin,percent,5.8,5.9, 0.01488918313429643362766352510
Vermont,4 wk ahead,Bin,percent,5.9,6, 0.01447283677925584148560300690
Vermont,4 wk ahead,Bin,percent,6,6.1, 0.01398081707622910764554635676
Vermont,4 wk ahead,Bin,percent,6.1,6.2, 0.01341396106977473315358118100
Vermont,4 wk ahead,Bin,percent,6.2,6.3, 0.01277670373222810663860204983
Vermont,4 wk ahead,Bin,percent,6.3,6.4, 0.01207577121867686731349067486
Vermont,4 wk ahead,Bin,percent,6.4,6.5, 0.01132135789183461201112823602
Vermont,4 wk ahead,Bin,percent,6.5,6.6, 0.01052503595714390088877721041
Vermont,4 wk ahead,Bin,percent,6.6,6.7, 0.00970007808851491154511492709
Vermont,4 wk ahead,Bin,percent,6.7,6.8, 0.00886047222774518847265845523
Vermont,4 wk ahead,Bin,percent,6.8,6.9, 0.00802014088696481088069933918
Vermont,4 wk ahead,Bin,percent,6.9,7, 0.00719250098851762290075306794
Vermont,4 wk ahead,Bin,percent,7,7.1, 0.00638979574624587518677509834
Vermont,4 wk ahead,Bin,percent,7.1,7.2, 0.00562287351612215068052957889
Vermont,4 wk ahead,Bin,percent,7.2,7.3, 0.00490045180685956711930106877
Vermont,4 wk ahead,Bin,percent,7.3,7.4, 0.00422954329000977194419341743
Vermont,4 wk ahead,Bin,percent,7.4,7.5, 0.00361483064623985576521714158
Vermont,4 wk ahead,Bin,percent,7.5,7.6, 0.00305909602104099693359318124
Vermont,4 wk ahead,Bin,percent,7.6,7.7, 0.00256318933326144969206406010
Vermont,4 wk ahead,Bin,percent,7.7,7.8, 0.00212626651674218715426523119
Vermont,4 wk ahead,Bin,percent,7.8,7.9, 0.00174627604807263848291087882
Vermont,4 wk ahead,Bin,percent,7.9,8, 0.00141967593037458793443772453
Vermont,4 wk ahead,Bin,percent,8,8.1, 0.00114258076036851362322632752
Vermont,4 wk ahead,Bin,percent,8.1,8.2, 0.00091028233154814689777334369
Vermont,4 wk ahead,Bin,percent,8.2,8.3, 0.00071775717776073372396183903
Vermont,4 wk ahead,Bin,percent,8.3,8.4, 0.00056027728350805067018824968
Vermont,4 wk ahead,Bin,percent,8.4,8.5, 0.00043280523651544478957314821
Vermont,4 wk ahead,Bin,percent,8.5,8.6, 0.00033092982801503131179421402
Vermont,4 wk ahead,Bin,percent,8.6,8.7, 0.00025045490015369425680982762
Vermont,4 wk ahead,Bin,percent,8.7,8.8, 0.00018755439598239426798181873
Vermont,4 wk ahead,Bin,percent,8.8,8.9, 0.00013903090032988738695106379
Vermont,4 wk ahead,Bin,percent,8.9,9, 0.00010252085496921073165706162
Vermont,4 wk ahead,Bin,percent,9,9.1, 0.00009220261976013092010493605
Vermont,4 wk ahead,Bin,percent,9.1,9.2, 0.00009220261976013092010493605
Vermont,4 wk ahead,Bin,percent,9.2,9.3, 0.00009220261976013092010493605
Vermont,4 wk ahead,Bin,percent,9.3,9.4, 0.00009220261976013092010493605
Vermont,4 wk ahead,Bin,percent,9.4,9.5, 0.00009220261976013092010493605
Vermont,4 wk ahead,Bin,percent,9.5,9.6, 0.00009220261976013092010493605
Vermont,4 wk ahead,Bin,percent,9.6,9.7, 0.00009220261976013092010493605
Vermont,4 wk ahead,Bin,percent,9.7,9.8, 0.00009220261976013092010493605
Vermont,4 wk ahead,Bin,percent,9.8,9.9, 0.00009220261976013092010493605
Vermont,4 wk ahead,Bin,percent,9.9,10, 0.00009220261976013092010493605
Vermont,4 wk ahead,Bin,percent,10,10.1, 0.00009220261976013092010493605
Vermont,4 wk ahead,Bin,percent,10.1,10.2, 0.00009220261976013092010493605
Vermont,4 wk ahead,Bin,percent,10.2,10.3, 0.00009220261976013092010493605
Vermont,4 wk ahead,Bin,percent,10.3,10.4, 0.00009220261976013092010493605
Vermont,4 wk ahead,Bin,percent,10.4,10.5, 0.00009220261976013092010493605
Vermont,4 wk ahead,Bin,percent,10.5,10.6, 0.00009220261976013092010493605
Vermont,4 wk ahead,Bin,percent,10.6,10.7, 0.00009220261976013092010493605
Vermont,4 wk ahead,Bin,percent,10.7,10.8, 0.00009220261976013092010493605
Vermont,4 wk ahead,Bin,percent,10.8,10.9, 0.00009220261976013092010493605
Vermont,4 wk ahead,Bin,percent,10.9,11, 0.00009220261976013092010493605
Vermont,4 wk ahead,Bin,percent,11,11.1, 0.00009220261976013092010493605
Vermont,4 wk ahead,Bin,percent,11.1,11.2, 0.00009220261976013092010493605
Vermont,4 wk ahead,Bin,percent,11.2,11.3, 0.00009220261976013092010493605
Vermont,4 wk ahead,Bin,percent,11.3,11.4, 0.00009220261976013092010493605
Vermont,4 wk ahead,Bin,percent,11.4,11.5, 0.00009220261976013092010493605
Vermont,4 wk ahead,Bin,percent,11.5,11.6, 0.00009220261976013092010493605
Vermont,4 wk ahead,Bin,percent,11.6,11.7, 0.00009220261976013092010493605
Vermont,4 wk ahead,Bin,percent,11.7,11.8, 0.00009220261976013092010493605
Vermont,4 wk ahead,Bin,percent,11.8,11.9, 0.00009220261976013092010493605
Vermont,4 wk ahead,Bin,percent,11.9,12, 0.00009220261976013092010493605
Vermont,4 wk ahead,Bin,percent,12,12.1, 0.00009220261976013092010493605
Vermont,4 wk ahead,Bin,percent,12.1,12.2, 0.00009220261976013092010493605
Vermont,4 wk ahead,Bin,percent,12.2,12.3, 0.00009220261976013092010493605
Vermont,4 wk ahead,Bin,percent,12.3,12.4, 0.00009220261976013092010493605
Vermont,4 wk ahead,Bin,percent,12.4,12.5, 0.00009220261976013092010493605
Vermont,4 wk ahead,Bin,percent,12.5,12.6, 0.00009220261976013092010493605
Vermont,4 wk ahead,Bin,percent,12.6,12.7, 0.00009220261976013092010493605
Vermont,4 wk ahead,Bin,percent,12.7,12.8, 0.00009220261976013092010493605
Vermont,4 wk ahead,Bin,percent,12.8,12.9, 0.00009220261976013092010493605
Vermont,4 wk ahead,Bin,percent,12.9,13, 0.00009220261976013092010493605
Vermont,4 wk ahead,Bin,percent,13,100, 0.00009220261976013092010493605
Virginia,Season peak week,Bin,week,40,41, 0.00350109129165396054314540741
Virginia,Season peak week,Bin,week,41,42, 0.00350109129165396054314540741
Virginia,Season peak week,Bin,week,42,43, 0.00350109129165396054314540741
Virginia,Season peak week,Bin,week,43,44, 0.00350109129165396054314540741
Virginia,Season peak week,Bin,week,44,45, 0.00350109129165396054314540741
Virginia,Season peak week,Bin,week,45,46, 0.00350109129165396054314540741
Virginia,Season peak week,Bin,week,46,47, 0.00350109129165396054314540741
Virginia,Season peak week,Bin,week,47,48, 0.00350109129165396054314540741
Virginia,Season peak week,Bin,week,48,49, 0.00350109129165396054314540741
Virginia,Season peak week,Bin,week,49,50, 0.00350109129165396054314540741
Virginia,Season peak week,Bin,week,50,51, 0.00382329928005935206630772072
Virginia,Season peak week,Bin,week,51,52, 0.07797676636509418002241034173
Virginia,Season peak week,Bin,week,52,53, 0.27376725575201510398670734503
Virginia,Season peak week,Bin,week,1,2, 0.07897304004089160389678880847
Virginia,Season peak week,Bin,week,2,3, 0.05407127970238857078699723502
Virginia,Season peak week,Bin,week,3,4, 0.18537224812816602281806410701
Virginia,Season peak week,Bin,week,4,5, 0.09123802156551936992645579494
Virginia,Season peak week,Bin,week,5,6, 0.13667127336972936801906541859
Virginia,Season peak week,Bin,week,6,7, 0.03864488452099645171555764023
Virginia,Season peak week,Bin,week,7,8, 0.00189477756315282346889772302
Virginia,Season peak week,Bin,week,8,9, 0.00173509544580366078039834754
Virginia,Season peak week,Bin,week,9,10, 0.00173509544580366078039834754
Virginia,Season peak week,Bin,week,10,11, 0.00173509544580366078039834754
Virginia,Season peak week,Bin,week,11,12, 0.00173509544580366078039834754
Virginia,Season peak week,Bin,week,12,13, 0.00173509544580366078039834754
Virginia,Season peak week,Bin,week,13,14, 0.00173509544580366078039834754
Virginia,Season peak week,Bin,week,14,15, 0.00173509544580366078039834754
Virginia,Season peak week,Bin,week,15,16, 0.00173509544580366078039834754
Virginia,Season peak week,Bin,week,16,17, 0.00173509544580366078039834754
Virginia,Season peak week,Bin,week,17,18, 0.00173509544580366078039834754
Virginia,Season peak week,Bin,week,18,19, 0.00173509544580366078039834754
Virginia,Season peak week,Bin,week,19,20, 0.00173509544580366078039834754
Virginia,Season peak week,Bin,week,20,21, 0.00173509544580366078039834754
Virginia,Season peak percentage,Bin,percent,0,0.1, 0.00162504593119176007735837697
Virginia,Season peak percentage,Bin,percent,0.1,0.2, 0.00338888511251122896694720765
Virginia,Season peak percentage,Bin,percent,0.2,0.3, 0.00357896963860813554364481703
Virginia,Season peak percentage,Bin,percent,0.3,0.4, 0.00377506573083019819972450115
Virginia,Season peak percentage,Bin,percent,0.4,0.5, 0.00397719513984572548698226413
Virginia,Season peak percentage,Bin,percent,0.5,0.6, 0.00418504520911104887365139504
Virginia,Season peak percentage,Bin,percent,0.6,0.7, 0.00439848288106512753936616633
Virginia,Season peak percentage,Bin,percent,0.7,0.8, 0.00461737499544766141074125798
Virginia,Season peak percentage,Bin,percent,0.8,0.9, 0.00484153877415449251236934103
Virginia,Season peak percentage,Bin,percent,0.9,1, 0.00507081129292432600946805010
Virginia,Season peak percentage,Bin,percent,1,1.1, 0.00530487153589101739087352527
Virginia,Season peak percentage,Bin,percent,1.1,1.2, 0.00554346011402873616036313109
Virginia,Season peak percentage,Bin,percent,1.2,1.3, 0.00578628413053712369051861941
Virginia,Season peak percentage,Bin,percent,1.3,1.4, 0.00603304076322171579233044625
Virginia,Season peak percentage,Bin,percent,1.4,1.5, 0.00628348087399244800005382316
Virginia,Season peak percentage,Bin,percent,1.5,1.6, 0.00653712861345724909750698473
Virginia,Season peak percentage,Bin,percent,1.6,1.7, 0.00679357559903750844731984415
Virginia,Season peak percentage,Bin,percent,1.7,1.8, 0.00705244148106706856410363926
Virginia,Season peak percentage,Bin,percent,1.8,1.9, 0.00731328841957490198566471662
Virginia,Season peak percentage,Bin,percent,1.9,2, 0.00757562436700579249632125922
Virginia,Season peak percentage,Bin,percent,2,2.1, 0.00783893202554227300216105334
Virginia,Season peak percentage,Bin,percent,2.1,2.2, 0.00810268551264800053479664399
Virginia,Season peak percentage,Bin,percent,2.2,2.3, 0.00836633464184032178689864878
Virginia,Season peak percentage,Bin,percent,2.3,2.4, 0.00862929627779464997194835973
Virginia,Season peak percentage,Bin,percent,2.4,2.5, 0.00889094246768043841577799924
Virginia,Season peak percentage,Bin,percent,2.5,2.6, 0.00915065199139179774601160489
Virginia,Season peak percentage,Bin,percent,2.6,2.7, 0.00940781820418522263249627713
Virginia,Season peak percentage,Bin,percent,2.7,2.8, 0.00966177167786347497469012779
Virginia,Season peak percentage,Bin,percent,2.8,2.9, 0.00991172027353251841597092664
Virginia,Season peak percentage,Bin,percent,2.9,3, 0.01015704126676725445321824992
Virginia,Season peak percentage,Bin,percent,3,3.1, 0.01039705672770684097283577785
Virginia,Season peak percentage,Bin,percent,3.1,3.2, 0.01063105831188073183146691747
Virginia,Season peak percentage,Bin,percent,3.2,3.3, 0.01085834503822801291872401919
Virginia,Season peak percentage,Bin,percent,3.3,3.4, 0.01107811893641586810377308581
Virginia,Season peak percentage,Bin,percent,3.4,3.5, 0.01128967973560787013687090052
Virginia,Season peak percentage,Bin,percent,3.5,3.6, 0.01149237564600826683181011845
Virginia,Season peak percentage,Bin,percent,3.6,3.7, 0.01168559997816531921543958816
Virginia,Season peak percentage,Bin,percent,3.7,3.8, 0.01186875351225401969967876425
Virginia,Season peak percentage,Bin,percent,3.8,3.9, 0.01204083303423831609324512470
Virginia,Season peak percentage,Bin,percent,3.9,4, 0.01220143080047251908648586749
Virginia,Season peak percentage,Bin,percent,4,4.1, 0.01235014975794289544819282156
Virginia,Season peak percentage,Bin,percent,4.1,4.2, 0.01248634618686710398560713031
Virginia,Season peak percentage,Bin,percent,4.2,4.3, 0.01260957874328335476254991931
Virginia,Season peak percentage,Bin,percent,4.3,4.4, 0.01271916896487916733005096859
Virginia,Season peak percentage,Bin,percent,4.4,4.5, 0.01281489110260286556908226885
Virginia,Season peak percentage,Bin,percent,4.5,4.6, 0.01289648787200159754662287526
Virginia,Season peak percentage,Bin,percent,4.6,4.7, 0.01296365700565103168395708622
Virginia,Season peak percentage,Bin,percent,4.7,4.8, 0.01301629026369586356048912990
Virginia,Season peak percentage,Bin,percent,4.8,4.9, 0.01305388615387961977198916230
Virginia,Season peak percentage,Bin,percent,4.9,5, 0.01307643139502089740799917195
Virginia,Season peak percentage,Bin,percent,5,5.1, 0.01308425455830646705335240654
Virginia,Season peak percentage,Bin,percent,5.1,5.2, 0.01307724857975755758388025640
Virginia,Season peak percentage,Bin,percent,5.2,5.3, 0.01305550432390132839510776819
Virginia,Season peak percentage,Bin,percent,5.3,5.4, 0.01301893968736720155754404971
Virginia,Season peak percentage,Bin,percent,5.4,5.5, 0.01296809023728496407246169042
Virginia,Season peak percentage,Bin,percent,5.5,5.6, 0.01290329436431288806508277389
Virginia,Season peak percentage,Bin,percent,5.6,5.7, 0.01282488856882144263871214918
Virginia,Season peak percentage,Bin,percent,5.7,5.8, 0.01273330954242709277257628031
Virginia,Season peak percentage,Bin,percent,5.8,5.9, 0.01262883789736226648747763335
Virginia,Season peak percentage,Bin,percent,5.9,6, 0.01251204347494255277040142715
Virginia,Season peak percentage,Bin,percent,6,6.1, 0.01238373299383348745406063784
Virginia,Season peak percentage,Bin,percent,6.1,6.2, 0.01224450270716107708190989456
Virginia,Season peak percentage,Bin,percent,6.2,6.3, 0.01209479439860874395995526953
Virginia,Season peak percentage,Bin,percent,6.3,6.4, 0.01193528214927319641702752051
Virginia,Season peak percentage,Bin,percent,6.4,6.5, 0.01176682012220167140859050647
Virginia,Season peak percentage,Bin,percent,6.5,6.6, 0.01159011336179101465948537708
Virginia,Season peak percentage,Bin,percent,6.6,6.7, 0.01140590054258646193763304666
Virginia,Season peak percentage,Bin,percent,6.7,6.8, 0.01121489658192166560812808029
Virginia,Season peak percentage,Bin,percent,6.8,6.9, 0.01101772811478355339198653695
Virginia,Season peak percentage,Bin,percent,6.9,7, 0.01081525028192931517367902927
Virginia,Season peak percentage,Bin,percent,7,7.1, 0.01060819129540338176531655279
Virginia,Season peak percentage,Bin,percent,7.1,7.2, 0.01039729066467622899117007051
Virginia,Season peak percentage,Bin,percent,7.2,7.3, 0.01018315726369827846353732781
Virginia,Season peak percentage,Bin,percent,7.3,7.4, 0.00996646281647651025026313221
Virginia,Season peak percentage,Bin,percent,7.4,7.5, 0.00974790401708144384207432864
Virginia,Season peak percentage,Bin,percent,7.5,7.6, 0.00952807031634524126406660116
Virginia,Season peak percentage,Bin,percent,7.6,7.7, 0.00930753185115088151058149180
Virginia,Season peak percentage,Bin,percent,7.7,7.8, 0.00908682134510300706931040793
Virginia,Season peak percentage,Bin,percent,7.8,7.9, 0.00886644784049703434114508838
Virginia,Season peak percentage,Bin,percent,7.9,8, 0.00864686550121878359786986579
Virginia,Season peak percentage,Bin,percent,8,8.1, 0.00842849117126899180507670906
Virginia,Season peak percentage,Bin,percent,8.1,8.2, 0.00821168064124850119456233699
Virginia,Season peak percentage,Bin,percent,8.2,8.3, 0.00799679338203666996431895342
Virginia,Season peak percentage,Bin,percent,8.3,8.4, 0.00778416899275164060612031136
Virginia,Season peak percentage,Bin,percent,8.4,8.5, 0.00757398677902359086094863372
Virginia,Season peak percentage,Bin,percent,8.5,8.6, 0.00736646677588785776802371430
Virginia,Season peak percentage,Bin,percent,8.6,8.7, 0.00716180431672314675439761089
Virginia,Season peak percentage,Bin,percent,8.7,8.8, 0.00696015957299936718905009059
Virginia,Season peak percentage,Bin,percent,8.8,8.9, 0.00676164982643026081510218006
Virginia,Season peak percentage,Bin,percent,8.9,9, 0.00656631776259075043006285810
Virginia,Season peak percentage,Bin,percent,9,9.1, 0.00637421575645008651328504712
Virginia,Season peak percentage,Bin,percent,9.1,9.2, 0.00618536660765115885868281609
Virginia,Season peak percentage,Bin,percent,9.2,9.3, 0.00599979236029288525572367163
Virginia,Season peak percentage,Bin,percent,9.3,9.4, 0.00581754508177185873651904302
Virginia,Season peak percentage,Bin,percent,9.4,9.5, 0.00563850994039373411975679673
Virginia,Season peak percentage,Bin,percent,9.5,9.6, 0.00546262313719298158581905156
Virginia,Season peak percentage,Bin,percent,9.6,9.7, 0.00528987799668094883093205638
Virginia,Season peak percentage,Bin,percent,9.7,9.8, 0.00512025535707897726939163974
Virginia,Season peak percentage,Bin,percent,9.8,9.9, 0.00495364943021318459431823200
Virginia,Season peak percentage,Bin,percent,9.9,10, 0.00478998345389480394834746946
Virginia,Season peak percentage,Bin,percent,10,10.1, 0.00462919036076163241399950010
Virginia,Season peak percentage,Bin,percent,10.1,10.2, 0.00447121081937322181754090877
Virginia,Season peak percentage,Bin,percent,10.2,10.3, 0.00431600877932318549579093769
Virginia,Season peak percentage,Bin,percent,10.3,10.4, 0.00416354191617415974463467521
Virginia,Season peak percentage,Bin,percent,10.4,10.5, 0.00401374002904693241017275440
Virginia,Season peak percentage,Bin,percent,10.5,10.6, 0.00386652959670523432844646550
Virginia,Season peak percentage,Bin,percent,10.6,10.7, 0.00372190098469924205912273685
Virginia,Season peak percentage,Bin,percent,10.7,10.8, 0.00357990641677686854613127387
Virginia,Season peak percentage,Bin,percent,10.8,10.9, 0.00344046701472429253612639322
Virginia,Season peak percentage,Bin,percent,10.9,11, 0.00330357452965766070634989759
Virginia,Season peak percentage,Bin,percent,11,11.1, 0.00316924063463732905154834896
Virginia,Season peak percentage,Bin,percent,11.1,11.2, 0.00303747997791694408428742058
Virginia,Season peak percentage,Bin,percent,11.2,11.3, 0.00290835816960526840832534923
Virginia,Season peak percentage,Bin,percent,11.3,11.4, 0.00278187856499553321301676512
Virginia,Season peak percentage,Bin,percent,11.4,11.5, 0.00265807447583835338225655143
Virginia,Season peak percentage,Bin,percent,11.5,11.6, 0.00253697196259855756519940861
Virginia,Season peak percentage,Bin,percent,11.6,11.7, 0.00241861213125462142653487874
Virginia,Season peak percentage,Bin,percent,11.7,11.8, 0.00230313502537985402562892290
Virginia,Season peak percentage,Bin,percent,11.8,11.9, 0.00219053296365982145404993631
Virginia,Season peak percentage,Bin,percent,11.9,12, 0.00208082517225547563091692105
Virginia,Season peak percentage,Bin,percent,12,12.1, 0.00197409581425791926662105524
Virginia,Season peak percentage,Bin,percent,12.1,12.2, 0.00187038443331881561702834116
Virginia,Season peak percentage,Bin,percent,12.2,12.3, 0.00176981010867525837861047311
Virginia,Season peak percentage,Bin,percent,12.3,12.4, 0.00167235367242390357139791845
Virginia,Season peak percentage,Bin,percent,12.4,12.5, 0.00157805198773314117426103120
Virginia,Season peak percentage,Bin,percent,12.5,12.6, 0.00148694619690761028335534988
Virginia,Season peak percentage,Bin,percent,12.6,12.7, 0.00139905199557629816506376663
Virginia,Season peak percentage,Bin,percent,12.7,12.8, 0.00131446628758785850378532079
Virginia,Season peak percentage,Bin,percent,12.8,12.9, 0.00123317131264887784418415873
Virginia,Season peak percentage,Bin,percent,12.9,13, 0.00115510935546788719684163649
Virginia,Season peak percentage,Bin,percent,13,100, 0.01156892145766073853874189581
Virginia,1 wk ahead,Bin,percent,0,0.1, 0.00008874168570205196576988066
Virginia,1 wk ahead,Bin,percent,0.1,0.2, 0.00017748337140410395864481563
Virginia,1 wk ahead,Bin,percent,0.2,0.3, 0.00017748337140410387732965269
Virginia,1 wk ahead,Bin,percent,0.3,0.4, 0.00017749202853314550586312504
Virginia,1 wk ahead,Bin,percent,0.4,0.5, 0.00025366146653924969301546755
Virginia,1 wk ahead,Bin,percent,0.5,0.6, 0.00047414214382956050000336723
Virginia,1 wk ahead,Bin,percent,0.6,0.7, 0.00084189909762854913625323983
Virginia,1 wk ahead,Bin,percent,0.7,0.8, 0.00142005820336009989414416399
Virginia,1 wk ahead,Bin,percent,0.8,0.9, 0.00227510175859401602219134197
Virginia,1 wk ahead,Bin,percent,0.9,1, 0.00346254654293162798112115652
Virginia,1 wk ahead,Bin,percent,1,1.1, 0.00500626659443471639515665927
Virginia,1 wk ahead,Bin,percent,1.1,1.2, 0.00687551768165139791377793443
Virginia,1 wk ahead,Bin,percent,1.2,1.3, 0.00896990965068061342491123611
Virginia,1 wk ahead,Bin,percent,1.3,1.4, 0.01111623499872668209553783214
Virginia,1 wk ahead,Bin,percent,1.4,1.5, 0.01308631318705299681481868390
Virginia,1 wk ahead,Bin,percent,1.5,1.6, 0.01463425709415002926028215313
Virginia,1 wk ahead,Bin,percent,1.6,1.7, 0.01554555361805714727707616873
Virginia,1 wk ahead,Bin,percent,1.7,1.8, 0.01568674129715821874420100812
Virginia,1 wk ahead,Bin,percent,1.8,1.9, 0.01503711631766803391574427451
Virginia,1 wk ahead,Bin,percent,1.9,2, 0.01369229945960110696179246048
Virginia,1 wk ahead,Bin,percent,2,2.1, 0.01184394060150586840129971478
Virginia,1 wk ahead,Bin,percent,2.1,2.2, 0.00973333220509815626175775805
Virginia,1 wk ahead,Bin,percent,2.2,2.3, 0.00760138219887143608971546982
Virginia,1 wk ahead,Bin,percent,2.3,2.4, 0.00564674371235781603906023207
Virginia,1 wk ahead,Bin,percent,2.4,2.5, 0.00400178881301066751569051050
Virginia,1 wk ahead,Bin,percent,2.5,2.6, 0.00273159691392987945615655754
Virginia,1 wk ahead,Bin,percent,2.6,2.7, 0.00184895809870847340795896319
Virginia,1 wk ahead,Bin,percent,2.7,2.8, 0.00133923861070242827125964524
Virginia,1 wk ahead,Bin,percent,2.8,2.9, 0.00118733798539780947139954392
Virginia,1 wk ahead,Bin,percent,2.9,3, 0.00139595581982501597273493843
Virginia,1 wk ahead,Bin,percent,3,3.1, 0.00199504354030438472988873144
Virginia,1 wk ahead,Bin,percent,3.1,3.2, 0.00303892713817450728711055952
Virginia,1 wk ahead,Bin,percent,3.2,3.3, 0.00458983657465676913450591812
Virginia,1 wk ahead,Bin,percent,3.3,3.4, 0.00669391693213773099346841633
Virginia,1 wk ahead,Bin,percent,3.4,3.5, 0.00935646703628098715121996776
Virginia,1 wk ahead,Bin,percent,3.5,3.6, 0.01252266626732350188189180074
Virginia,1 wk ahead,Bin,percent,3.6,3.7, 0.01607367859927005121489784756
Virginia,1 wk ahead,Bin,percent,3.7,3.8, 0.01984479002498886271443900853
Virginia,1 wk ahead,Bin,percent,3.8,3.9, 0.02365691565187107159307089432
Virginia,1 wk ahead,Bin,percent,3.9,4, 0.02735366502885492115404453273
Virginia,1 wk ahead,Bin,percent,4,4.1, 0.03082602642988983843164163545
Virginia,1 wk ahead,Bin,percent,4.1,4.2, 0.03401245062794738122091686705
Virginia,1 wk ahead,Bin,percent,4.2,4.3, 0.03687295423076957651131735361
Virginia,1 wk ahead,Bin,percent,4.3,4.4, 0.03934763759664632737367284676
Virginia,1 wk ahead,Bin,percent,4.4,4.5, 0.04132051625322688548358485150
Virginia,1 wk ahead,Bin,percent,4.5,4.6, 0.04261318265631056090292361205
Virginia,1 wk ahead,Bin,percent,4.6,4.7, 0.04301304775427583493296879169
Virginia,1 wk ahead,Bin,percent,4.7,4.8, 0.04233042047655945910866748250
Virginia,1 wk ahead,Bin,percent,4.8,4.9, 0.04046975018489003955712846050
Virginia,1 wk ahead,Bin,percent,4.9,5, 0.03748024996086259108540872376
Virginia,1 wk ahead,Bin,percent,5,5.1, 0.03357121774071291503416247792
Virginia,1 wk ahead,Bin,percent,5.1,5.2, 0.02909002819429207589707608861
Virginia,1 wk ahead,Bin,percent,5.2,5.3, 0.02446428995417323712380230916
Virginia,1 wk ahead,Bin,percent,5.3,5.4, 0.02012999711313809281243436544
Virginia,1 wk ahead,Bin,percent,5.4,5.5, 0.01646172347765896548654751541
Virginia,1 wk ahead,Bin,percent,5.5,5.6, 0.01371790808115397157507242554
Virginia,1 wk ahead,Bin,percent,5.6,5.7, 0.01201363180153498799729305802
Virginia,1 wk ahead,Bin,percent,5.7,5.8, 0.01131130456495058056454183770
Virginia,1 wk ahead,Bin,percent,5.8,5.9, 0.01143592710396458718424828049
Virginia,1 wk ahead,Bin,percent,5.9,6, 0.01210971720006678332970384560
Virginia,1 wk ahead,Bin,percent,6,6.1, 0.01299840487800163826848098836
Virginia,1 wk ahead,Bin,percent,6.1,6.2, 0.01376901982695394148492606945
Virginia,1 wk ahead,Bin,percent,6.2,6.3, 0.01414678472756068089433156842
Virginia,1 wk ahead,Bin,percent,6.3,6.4, 0.01395889509834186484327211986
Virginia,1 wk ahead,Bin,percent,6.4,6.5, 0.01315820407338465398983107235
Virginia,1 wk ahead,Bin,percent,6.5,6.6, 0.01181648885905258253292693382
Virginia,1 wk ahead,Bin,percent,6.6,6.7, 0.01009508435106677703974042970
Virginia,1 wk ahead,Bin,percent,6.7,6.8, 0.00819890177654369715909421501
Virginia,1 wk ahead,Bin,percent,6.8,6.9, 0.00632778438527304299549003375
Virginia,1 wk ahead,Bin,percent,6.9,7, 0.00464013975900133632951360951
Virginia,1 wk ahead,Bin,percent,7,7.1, 0.00323254456881832789860720112
Virginia,1 wk ahead,Bin,percent,7.1,7.2, 0.00213925080833550756292948947
Virginia,1 wk ahead,Bin,percent,7.2,7.3, 0.00134498665672162938909683927
Virginia,1 wk ahead,Bin,percent,7.3,7.4, 0.00080327703536522477353182259
Virginia,1 wk ahead,Bin,percent,7.4,7.5, 0.00045566809204081610553890846
Virginia,1 wk ahead,Bin,percent,7.5,7.6, 0.00024554054118868738057143708
Virginia,1 wk ahead,Bin,percent,7.6,7.7, 0.00015805381018365905225128709
Virginia,1 wk ahead,Bin,percent,7.7,7.8, 0.00015674051901413559072587245
Virginia,1 wk ahead,Bin,percent,7.8,7.9, 0.00015674051901413559072587245
Virginia,1 wk ahead,Bin,percent,7.9,8, 0.00015674051901413559072587245
Virginia,1 wk ahead,Bin,percent,8,8.1, 0.00015674051901413700018869668
Virginia,1 wk ahead,Bin,percent,8.1,8.2, 0.00015674051901413835544141229
Virginia,1 wk ahead,Bin,percent,8.2,8.3, 0.00015674051901413835544141229
Virginia,1 wk ahead,Bin,percent,8.3,8.4, 0.00015674051901413835544141229
Virginia,1 wk ahead,Bin,percent,8.4,8.5, 0.00015674051901413835544141229
Virginia,1 wk ahead,Bin,percent,8.5,8.6, 0.00015674051901413835544141229
Virginia,1 wk ahead,Bin,percent,8.6,8.7, 0.00015674051901413835544141229
Virginia,1 wk ahead,Bin,percent,8.7,8.8, 0.00015674051901413835544141229
Virginia,1 wk ahead,Bin,percent,8.8,8.9, 0.00015674051901413835544141229
Virginia,1 wk ahead,Bin,percent,8.9,9, 0.00015674051901413835544141229
Virginia,1 wk ahead,Bin,percent,9,9.1, 0.00015674051901413835544141229
Virginia,1 wk ahead,Bin,percent,9.1,9.2, 0.00015674051901413835544141229
Virginia,1 wk ahead,Bin,percent,9.2,9.3, 0.00015674051901413835544141229
Virginia,1 wk ahead,Bin,percent,9.3,9.4, 0.00015674051901413835544141229
Virginia,1 wk ahead,Bin,percent,9.4,9.5, 0.00015674051901413835544141229
Virginia,1 wk ahead,Bin,percent,9.5,9.6, 0.00015674051901413835544141229
Virginia,1 wk ahead,Bin,percent,9.6,9.7, 0.00015674051901413835544141229
Virginia,1 wk ahead,Bin,percent,9.7,9.8, 0.00015674051901413835544141229
Virginia,1 wk ahead,Bin,percent,9.8,9.9, 0.00015674051901413835544141229
Virginia,1 wk ahead,Bin,percent,9.9,10, 0.00015674051901413835544141229
Virginia,1 wk ahead,Bin,percent,10,10.1, 0.00015674051901413835544141229
Virginia,1 wk ahead,Bin,percent,10.1,10.2, 0.00015674051901413835544141229
Virginia,1 wk ahead,Bin,percent,10.2,10.3, 0.00015674051901413835544141229
Virginia,1 wk ahead,Bin,percent,10.3,10.4, 0.00015674051901413835544141229
Virginia,1 wk ahead,Bin,percent,10.4,10.5, 0.00015674051901413835544141229
Virginia,1 wk ahead,Bin,percent,10.5,10.6, 0.00015674051901413835544141229
Virginia,1 wk ahead,Bin,percent,10.6,10.7, 0.00015674051901413835544141229
Virginia,1 wk ahead,Bin,percent,10.7,10.8, 0.00015674051901413835544141229
Virginia,1 wk ahead,Bin,percent,10.8,10.9, 0.00015674051901413835544141229
Virginia,1 wk ahead,Bin,percent,10.9,11, 0.00015674051901413835544141229
Virginia,1 wk ahead,Bin,percent,11,11.1, 0.00015674051901413835544141229
Virginia,1 wk ahead,Bin,percent,11.1,11.2, 0.00015674051901413835544141229
Virginia,1 wk ahead,Bin,percent,11.2,11.3, 0.00015674051901413835544141229
Virginia,1 wk ahead,Bin,percent,11.3,11.4, 0.00015674051901413835544141229
Virginia,1 wk ahead,Bin,percent,11.4,11.5, 0.00015674051901413835544141229
Virginia,1 wk ahead,Bin,percent,11.5,11.6, 0.00015674051901413835544141229
Virginia,1 wk ahead,Bin,percent,11.6,11.7, 0.00015674051901413835544141229
Virginia,1 wk ahead,Bin,percent,11.7,11.8, 0.00015674051901413835544141229
Virginia,1 wk ahead,Bin,percent,11.8,11.9, 0.00015674051901413835544141229
Virginia,1 wk ahead,Bin,percent,11.9,12, 0.00015674051901413835544141229
Virginia,1 wk ahead,Bin,percent,12,12.1, 0.00015674051901413835544141229
Virginia,1 wk ahead,Bin,percent,12.1,12.2, 0.00015674051901413835544141229
Virginia,1 wk ahead,Bin,percent,12.2,12.3, 0.00015674051901413835544141229
Virginia,1 wk ahead,Bin,percent,12.3,12.4, 0.00015674051901413835544141229
Virginia,1 wk ahead,Bin,percent,12.4,12.5, 0.00015674051901413835544141229
Virginia,1 wk ahead,Bin,percent,12.5,12.6, 0.00015674051901413835544141229
Virginia,1 wk ahead,Bin,percent,12.6,12.7, 0.00015674051901413835544141229
Virginia,1 wk ahead,Bin,percent,12.7,12.8, 0.00015674051901413835544141229
Virginia,1 wk ahead,Bin,percent,12.8,12.9, 0.00015674051901413835544141229
Virginia,1 wk ahead,Bin,percent,12.9,13, 0.00015674051901413835544141229
Virginia,1 wk ahead,Bin,percent,13,100, 0.00015674051901413835544141229
Virginia,2 wk ahead,Bin,percent,0,0.1, 0.00010933788279714723283304184
Virginia,2 wk ahead,Bin,percent,0.1,0.2, 0.00021867576559429449277113799
Virginia,2 wk ahead,Bin,percent,0.2,0.3, 0.00021867576559429438435092075
Virginia,2 wk ahead,Bin,percent,0.3,0.4, 0.00021867576559429438435092075
Virginia,2 wk ahead,Bin,percent,0.4,0.5, 0.00022715896146739540076460451
Virginia,2 wk ahead,Bin,percent,0.5,0.6, 0.00042726540318314965016810447
Virginia,2 wk ahead,Bin,percent,0.6,0.7, 0.00089679115453880002377384795
Virginia,2 wk ahead,Bin,percent,0.7,0.8, 0.00173744493456153958205190335
Virginia,2 wk ahead,Bin,percent,0.8,0.9, 0.00310702469568447563544322243
Virginia,2 wk ahead,Bin,percent,0.9,1, 0.00512897400022687289383727105
Virginia,2 wk ahead,Bin,percent,1,1.1, 0.00781562372666147302247008355
Virginia,2 wk ahead,Bin,percent,1.1,1.2, 0.01099332715354995292089679282
Virginia,2 wk ahead,Bin,percent,1.2,1.3, 0.01427387191779856158435624280
Virginia,2 wk ahead,Bin,percent,1.3,1.4, 0.01710773098272867429048282872
Virginia,2 wk ahead,Bin,percent,1.4,1.5, 0.01892770859181261075554481010
Virginia,2 wk ahead,Bin,percent,1.5,1.6, 0.01933272490913618898988879380
Virginia,2 wk ahead,Bin,percent,1.6,1.7, 0.01823224738093402047534041799
Virginia,2 wk ahead,Bin,percent,1.7,1.8, 0.01588586765243730700158941715
Virginia,2 wk ahead,Bin,percent,1.8,1.9, 0.01281458007739084623000103136
Virginia,2 wk ahead,Bin,percent,1.9,2, 0.00963280122875749197919326150
Virginia,2 wk ahead,Bin,percent,2,2.1, 0.00688790734349272772141237198
Virginia,2 wk ahead,Bin,percent,2.1,2.2, 0.00496294971429568198412196622
Virginia,2 wk ahead,Bin,percent,2.2,2.3, 0.00406394082131535366170238532
Virginia,2 wk ahead,Bin,percent,2.3,2.4, 0.00425458717590012584081060609
Virginia,2 wk ahead,Bin,percent,2.4,2.5, 0.00548604668564788185147751420
Virginia,2 wk ahead,Bin,percent,2.5,2.6, 0.00759308827360907594161698597
Virginia,2 wk ahead,Bin,percent,2.6,2.7, 0.01027099374491779321116879942
Virginia,2 wk ahead,Bin,percent,2.7,2.8, 0.01306748791200036848014764956
Virginia,2 wk ahead,Bin,percent,2.8,2.9, 0.01543741177348791765444602220
Virginia,2 wk ahead,Bin,percent,2.9,3, 0.01686923680554623661276281155
Virginia,2 wk ahead,Bin,percent,3,3.1, 0.01703834225466268129101088391
Virginia,2 wk ahead,Bin,percent,3.1,3.2, 0.01592605612844592843924118597
Virginia,2 wk ahead,Bin,percent,3.2,3.3, 0.01384289472878011927059471731
Virginia,2 wk ahead,Bin,percent,3.3,3.4, 0.01135205874260148198318098878
Virginia,2 wk ahead,Bin,percent,3.4,3.5, 0.00914105004787293083656773973
Virginia,2 wk ahead,Bin,percent,3.5,3.6, 0.00790132743872682015429109725
Virginia,2 wk ahead,Bin,percent,3.6,3.7, 0.00825113829381885627300974306
Virginia,2 wk ahead,Bin,percent,3.7,3.8, 0.01068507953860344493468570448
Virginia,2 wk ahead,Bin,percent,3.8,3.9, 0.01550357769205467847739576825
Virginia,2 wk ahead,Bin,percent,3.9,4, 0.02269627481481378480920874097
Virginia,2 wk ahead,Bin,percent,4,4.1, 0.03181442944924229437875240478
Virginia,2 wk ahead,Bin,percent,4.1,4.2, 0.04190764195620041987488946233
Virginia,2 wk ahead,Bin,percent,4.2,4.3, 0.05162031626971678999193926529
Virginia,2 wk ahead,Bin,percent,4.3,4.4, 0.05946290269517122417664012346
Virginia,2 wk ahead,Bin,percent,4.4,4.5, 0.06417495381417277766633588953
Virginia,2 wk ahead,Bin,percent,4.5,4.6, 0.06505041991844591475757653143
Virginia,2 wk ahead,Bin,percent,4.6,4.7, 0.06207696040168283330151766108
Virginia,2 wk ahead,Bin,percent,4.7,4.8, 0.05587895784306076696346110566
Virginia,2 wk ahead,Bin,percent,4.8,4.9, 0.04750169162377510662098600847
Virginia,2 wk ahead,Bin,percent,4.9,5, 0.03814105466673107375230600269
Virginia,2 wk ahead,Bin,percent,5,5.1, 0.02890185904986640463842917370
Virginia,2 wk ahead,Bin,percent,5.1,5.2, 0.02063324862202953885459422168
Virginia,2 wk ahead,Bin,percent,5.2,5.3, 0.01384508188940634584862543477
Virginia,2 wk ahead,Bin,percent,5.3,5.4, 0.00870848350866191243946357048
Virginia,2 wk ahead,Bin,percent,5.4,5.5, 0.00512178520305821283198355331
Virginia,2 wk ahead,Bin,percent,5.5,5.6, 0.00280944336388186648861831074
Virginia,2 wk ahead,Bin,percent,5.6,5.7, 0.00143408202592252339430123342
Virginia,2 wk ahead,Bin,percent,5.7,5.8, 0.00067998245844714600479713473
Virginia,2 wk ahead,Bin,percent,5.8,5.9, 0.00032987756220745378162723105
Virginia,2 wk ahead,Bin,percent,5.9,6, 0.00029678985829549673486349448
Virginia,2 wk ahead,Bin,percent,6,6.1, 0.00029678985829549673486349448
Virginia,2 wk ahead,Bin,percent,6.1,6.2, 0.00029678985829549673486349448
Virginia,2 wk ahead,Bin,percent,6.2,6.3, 0.00029678985829549673486349448
Virginia,2 wk ahead,Bin,percent,6.3,6.4, 0.00029678985829549673486349448
Virginia,2 wk ahead,Bin,percent,6.4,6.5, 0.00029678985829549673486349448
Virginia,2 wk ahead,Bin,percent,6.5,6.6, 0.00029678985829549673486349448
Virginia,2 wk ahead,Bin,percent,6.6,6.7, 0.00029678985829549673486349448
Virginia,2 wk ahead,Bin,percent,6.7,6.8, 0.00029678985829549673486349448
Virginia,2 wk ahead,Bin,percent,6.8,6.9, 0.00029678985829549673486349448
Virginia,2 wk ahead,Bin,percent,6.9,7, 0.00029678985829549673486349448
Virginia,2 wk ahead,Bin,percent,7,7.1, 0.00029678985829549673486349448
Virginia,2 wk ahead,Bin,percent,7.1,7.2, 0.00029678985829549673486349448
Virginia,2 wk ahead,Bin,percent,7.2,7.3, 0.00029678985829549673486349448
Virginia,2 wk ahead,Bin,percent,7.3,7.4, 0.00029678985829549673486349448
Virginia,2 wk ahead,Bin,percent,7.4,7.5, 0.00029678985829549673486349448
Virginia,2 wk ahead,Bin,percent,7.5,7.6, 0.00029678985829549673486349448
Virginia,2 wk ahead,Bin,percent,7.6,7.7, 0.00029678985829549673486349448
Virginia,2 wk ahead,Bin,percent,7.7,7.8, 0.00029678985829549673486349448
Virginia,2 wk ahead,Bin,percent,7.8,7.9, 0.00029678985829549673486349448
Virginia,2 wk ahead,Bin,percent,7.9,8, 0.00029678985829549673486349448
Virginia,2 wk ahead,Bin,percent,8,8.1, 0.00029678985829549933694870845
Virginia,2 wk ahead,Bin,percent,8.1,8.2, 0.00029678985829550204745413966
Virginia,2 wk ahead,Bin,percent,8.2,8.3, 0.00029678985829550204745413966
Virginia,2 wk ahead,Bin,percent,8.3,8.4, 0.00029678985829550204745413966
Virginia,2 wk ahead,Bin,percent,8.4,8.5, 0.00029678985829550204745413966
Virginia,2 wk ahead,Bin,percent,8.5,8.6, 0.00029678985829550204745413966
Virginia,2 wk ahead,Bin,percent,8.6,8.7, 0.00029678985829550204745413966
Virginia,2 wk ahead,Bin,percent,8.7,8.8, 0.00029678985829550204745413966
Virginia,2 wk ahead,Bin,percent,8.8,8.9, 0.00029678985829550204745413966
Virginia,2 wk ahead,Bin,percent,8.9,9, 0.00029678985829550204745413966
Virginia,2 wk ahead,Bin,percent,9,9.1, 0.00029678985829550204745413966
Virginia,2 wk ahead,Bin,percent,9.1,9.2, 0.00029678985829550204745413966
Virginia,2 wk ahead,Bin,percent,9.2,9.3, 0.00029678985829550204745413966
Virginia,2 wk ahead,Bin,percent,9.3,9.4, 0.00029678985829550204745413966
Virginia,2 wk ahead,Bin,percent,9.4,9.5, 0.00029678985829550204745413966
Virginia,2 wk ahead,Bin,percent,9.5,9.6, 0.00029678985829550204745413966
Virginia,2 wk ahead,Bin,percent,9.6,9.7, 0.00029678985829550204745413966
Virginia,2 wk ahead,Bin,percent,9.7,9.8, 0.00029678985829550204745413966
Virginia,2 wk ahead,Bin,percent,9.8,9.9, 0.00029678985829550204745413966
Virginia,2 wk ahead,Bin,percent,9.9,10, 0.00029678985829550204745413966
Virginia,2 wk ahead,Bin,percent,10,10.1, 0.00029678985829550204745413966
Virginia,2 wk ahead,Bin,percent,10.1,10.2, 0.00029678985829550204745413966
Virginia,2 wk ahead,Bin,percent,10.2,10.3, 0.00029678985829550204745413966
Virginia,2 wk ahead,Bin,percent,10.3,10.4, 0.00029678985829550204745413966
Virginia,2 wk ahead,Bin,percent,10.4,10.5, 0.00029678985829550204745413966
Virginia,2 wk ahead,Bin,percent,10.5,10.6, 0.00029678985829550204745413966
Virginia,2 wk ahead,Bin,percent,10.6,10.7, 0.00029678985829550204745413966
Virginia,2 wk ahead,Bin,percent,10.7,10.8, 0.00029678985829550204745413966
Virginia,2 wk ahead,Bin,percent,10.8,10.9, 0.00029678985829550204745413966
Virginia,2 wk ahead,Bin,percent,10.9,11, 0.00029678985829550204745413966
Virginia,2 wk ahead,Bin,percent,11,11.1, 0.00029678985829550204745413966
Virginia,2 wk ahead,Bin,percent,11.1,11.2, 0.00029678985829550204745413966
Virginia,2 wk ahead,Bin,percent,11.2,11.3, 0.00029678985829550204745413966
Virginia,2 wk ahead,Bin,percent,11.3,11.4, 0.00029678985829550204745413966
Virginia,2 wk ahead,Bin,percent,11.4,11.5, 0.00029678985829550204745413966
Virginia,2 wk ahead,Bin,percent,11.5,11.6, 0.00029678985829550204745413966
Virginia,2 wk ahead,Bin,percent,11.6,11.7, 0.00029678985829550204745413966
Virginia,2 wk ahead,Bin,percent,11.7,11.8, 0.00029678985829550204745413966
Virginia,2 wk ahead,Bin,percent,11.8,11.9, 0.00029678985829550204745413966
Virginia,2 wk ahead,Bin,percent,11.9,12, 0.00029678985829550204745413966
Virginia,2 wk ahead,Bin,percent,12,12.1, 0.00029678985829550204745413966
Virginia,2 wk ahead,Bin,percent,12.1,12.2, 0.00029678985829550204745413966
Virginia,2 wk ahead,Bin,percent,12.2,12.3, 0.00029678985829550204745413966
Virginia,2 wk ahead,Bin,percent,12.3,12.4, 0.00029678985829550204745413966
Virginia,2 wk ahead,Bin,percent,12.4,12.5, 0.00029678985829550204745413966
Virginia,2 wk ahead,Bin,percent,12.5,12.6, 0.00029678985829550204745413966
Virginia,2 wk ahead,Bin,percent,12.6,12.7, 0.00029678985829550204745413966
Virginia,2 wk ahead,Bin,percent,12.7,12.8, 0.00029678985829550204745413966
Virginia,2 wk ahead,Bin,percent,12.8,12.9, 0.00029678985829550204745413966
Virginia,2 wk ahead,Bin,percent,12.9,13, 0.00029678985829550204745413966
Virginia,2 wk ahead,Bin,percent,13,100, 0.00029678985829550204745413966
Virginia,3 wk ahead,Bin,percent,0,0.1, 0.00021840553206448594185905276
Virginia,3 wk ahead,Bin,percent,0.1,0.2, 0.00043681106412897199213832278
Virginia,3 wk ahead,Bin,percent,0.2,0.3, 0.00043681106412897172108777966
Virginia,3 wk ahead,Bin,percent,0.3,0.4, 0.00043681106412897172108777966
Virginia,3 wk ahead,Bin,percent,0.4,0.5, 0.00043681106412897172108777966
Virginia,3 wk ahead,Bin,percent,0.5,0.6, 0.00043681106412897204634843140
Virginia,3 wk ahead,Bin,percent,0.6,0.7, 0.00043681106412897226318886590
Virginia,3 wk ahead,Bin,percent,0.7,0.8, 0.00043681106412897226318886590
Virginia,3 wk ahead,Bin,percent,0.8,0.9, 0.00043681106412897226318886590
Virginia,3 wk ahead,Bin,percent,0.9,1, 0.00043681106412897226318886590
Virginia,3 wk ahead,Bin,percent,1,1.1, 0.00043681106412897226318886590
Virginia,3 wk ahead,Bin,percent,1.1,1.2, 0.00043681106412897226318886590
Virginia,3 wk ahead,Bin,percent,1.2,1.3, 0.00087615214444002552894585900
Virginia,3 wk ahead,Bin,percent,1.3,1.4, 0.00355494307212316429031573328
Virginia,3 wk ahead,Bin,percent,1.4,1.5, 0.01048689827178941186280880515
Virginia,3 wk ahead,Bin,percent,1.5,1.6, 0.02231672467476955232235091842
Virginia,3 wk ahead,Bin,percent,1.6,1.7, 0.03426508880746918089821306808
Virginia,3 wk ahead,Bin,percent,1.7,1.8, 0.03796328022027582738129325435
Virginia,3 wk ahead,Bin,percent,1.8,1.9, 0.03035252555293292339722022177
Virginia,3 wk ahead,Bin,percent,1.9,2, 0.01751059518955448701671429035
Virginia,3 wk ahead,Bin,percent,2,2.1, 0.00728861447198440263323115929
Virginia,3 wk ahead,Bin,percent,2.1,2.2, 0.00218780989865853189857425320
Virginia,3 wk ahead,Bin,percent,2.2,2.3, 0.00047374376017657174927494301
Virginia,3 wk ahead,Bin,percent,2.3,2.4, 0.00007388203253136908657885962
Virginia,3 wk ahead,Bin,percent,2.4,2.5, 0.00000830781678376827910446206
Virginia,3 wk ahead,Bin,percent,2.5,2.6, 0.00000067177048023727757289282
Virginia,3 wk ahead,Bin,percent,2.6,2.7, 0.00000003940950317799964332313
Virginia,3 wk ahead,Bin,percent,2.7,2.8, 0.00000000814453012127702450301
Virginia,3 wk ahead,Bin,percent,2.8,2.9, 0.00000014378896601724061489745
Virginia,3 wk ahead,Bin,percent,2.9,3, 0.00000228179266715468651938528
Virginia,3 wk ahead,Bin,percent,3,3.1, 0.00002617108158716569769192128
Virginia,3 wk ahead,Bin,percent,3.1,3.2, 0.00021652939559876441277287695
Virginia,3 wk ahead,Bin,percent,3.2,3.3, 0.00129751631284367985839922621
Virginia,3 wk ahead,Bin,percent,3.3,3.4, 0.00564695451392963499587240861
Virginia,3 wk ahead,Bin,percent,3.4,3.5, 0.01793164626775965719840399970
Virginia,3 wk ahead,Bin,percent,3.5,3.6, 0.04186372416919186684181042324
Virginia,3 wk ahead,Bin,percent,3.6,3.7, 0.07270513701106436077470362989
Virginia,3 wk ahead,Bin,percent,3.7,3.8, 0.09583132405724728575258097862
Virginia,3 wk ahead,Bin,percent,3.8,3.9, 0.09921486056448765300519454513
Virginia,3 wk ahead,Bin,percent,3.9,4, 0.08505975783578702265064208632
Virginia,3 wk ahead,Bin,percent,4,4.1, 0.06398196252458193677981057590
Virginia,3 wk ahead,Bin,percent,4.1,4.2, 0.04309787069679000409694324958
Virginia,3 wk ahead,Bin,percent,4.2,4.3, 0.02498252076708819963135610465
Virginia,3 wk ahead,Bin,percent,4.3,4.4, 0.01167510122139293199383658362
Virginia,3 wk ahead,Bin,percent,4.4,4.5, 0.00417609775353601758024479906
Virginia,3 wk ahead,Bin,percent,4.5,4.6, 0.00111006372293550627239344664
Virginia,3 wk ahead,Bin,percent,4.6,4.7, 0.00022089200944093643455730380
Virginia,3 wk ahead,Bin,percent,4.7,4.8, 0.00008211743695602396239229676
Virginia,3 wk ahead,Bin,percent,4.8,4.9, 0.00036898670058369313021900959
Virginia,3 wk ahead,Bin,percent,4.9,5, 0.00186399649089903727411376977
Virginia,3 wk ahead,Bin,percent,5,5.1, 0.00684753861354798175342661892
Virginia,3 wk ahead,Bin,percent,5.1,5.2, 0.01813934049424998848354384506
Virginia,3 wk ahead,Bin,percent,5.2,5.3, 0.03466933066169344129781038077
Virginia,3 wk ahead,Bin,percent,5.3,5.4, 0.04781191894966890093554567898
Virginia,3 wk ahead,Bin,percent,5.4,5.5, 0.04757840146241322509812476937
Virginia,3 wk ahead,Bin,percent,5.5,5.6, 0.03416816581552349629813392085
Virginia,3 wk ahead,Bin,percent,5.6,5.7, 0.01770472927323546788458408230
Virginia,3 wk ahead,Bin,percent,5.7,5.8, 0.00661740175684332430916523293
Virginia,3 wk ahead,Bin,percent,5.8,5.9, 0.00178417276058445142469799372
Virginia,3 wk ahead,Bin,percent,5.9,6, 0.00058139830089617950629327092
Virginia,3 wk ahead,Bin,percent,6,6.1, 0.00056844131437355674245359705
Virginia,3 wk ahead,Bin,percent,6.1,6.2, 0.00056844131437355674245359705
Virginia,3 wk ahead,Bin,percent,6.2,6.3, 0.00056844131437355674245359705
Virginia,3 wk ahead,Bin,percent,6.3,6.4, 0.00056844131437355674245359705
Virginia,3 wk ahead,Bin,percent,6.4,6.5, 0.00056844131437355674245359705
Virginia,3 wk ahead,Bin,percent,6.5,6.6, 0.00056844131437355674245359705
Virginia,3 wk ahead,Bin,percent,6.6,6.7, 0.00056844131437355674245359705
Virginia,3 wk ahead,Bin,percent,6.7,6.8, 0.00056844131437355674245359705
Virginia,3 wk ahead,Bin,percent,6.8,6.9, 0.00056844131437355674245359705
Virginia,3 wk ahead,Bin,percent,6.9,7, 0.00056844131437355674245359705
Virginia,3 wk ahead,Bin,percent,7,7.1, 0.00056844131437355674245359705
Virginia,3 wk ahead,Bin,percent,7.1,7.2, 0.00056844131437355674245359705
Virginia,3 wk ahead,Bin,percent,7.2,7.3, 0.00056844131437355674245359705
Virginia,3 wk ahead,Bin,percent,7.3,7.4, 0.00056844131437355674245359705
Virginia,3 wk ahead,Bin,percent,7.4,7.5, 0.00056844131437355674245359705
Virginia,3 wk ahead,Bin,percent,7.5,7.6, 0.00056844131437355674245359705
Virginia,3 wk ahead,Bin,percent,7.6,7.7, 0.00056844131437355674245359705
Virginia,3 wk ahead,Bin,percent,7.7,7.8, 0.00056844131437355674245359705
Virginia,3 wk ahead,Bin,percent,7.8,7.9, 0.00056844131437355674245359705
Virginia,3 wk ahead,Bin,percent,7.9,8, 0.00056844131437355674245359705
Virginia,3 wk ahead,Bin,percent,8,8.1, 0.00056844131437356172978359048
Virginia,3 wk ahead,Bin,percent,8.1,8.2, 0.00056844131437356671711358391
Virginia,3 wk ahead,Bin,percent,8.2,8.3, 0.00056844131437356671711358391
Virginia,3 wk ahead,Bin,percent,8.3,8.4, 0.00056844131437356671711358391
Virginia,3 wk ahead,Bin,percent,8.4,8.5, 0.00056844131437356671711358391
Virginia,3 wk ahead,Bin,percent,8.5,8.6, 0.00056844131437356671711358391
Virginia,3 wk ahead,Bin,percent,8.6,8.7, 0.00056844131437356671711358391
Virginia,3 wk ahead,Bin,percent,8.7,8.8, 0.00056844131437356671711358391
Virginia,3 wk ahead,Bin,percent,8.8,8.9, 0.00056844131437356671711358391
Virginia,3 wk ahead,Bin,percent,8.9,9, 0.00056844131437356671711358391
Virginia,3 wk ahead,Bin,percent,9,9.1, 0.00056844131437356671711358391
Virginia,3 wk ahead,Bin,percent,9.1,9.2, 0.00056844131437356671711358391
Virginia,3 wk ahead,Bin,percent,9.2,9.3, 0.00056844131437356671711358391
Virginia,3 wk ahead,Bin,percent,9.3,9.4, 0.00056844131437356671711358391
Virginia,3 wk ahead,Bin,percent,9.4,9.5, 0.00056844131437356671711358391
Virginia,3 wk ahead,Bin,percent,9.5,9.6, 0.00056844131437356671711358391
Virginia,3 wk ahead,Bin,percent,9.6,9.7, 0.00056844131437356671711358391
Virginia,3 wk ahead,Bin,percent,9.7,9.8, 0.00056844131437356671711358391
Virginia,3 wk ahead,Bin,percent,9.8,9.9, 0.00056844131437356671711358391
Virginia,3 wk ahead,Bin,percent,9.9,10, 0.00056844131437356671711358391
Virginia,3 wk ahead,Bin,percent,10,10.1, 0.00056844131437356671711358391
Virginia,3 wk ahead,Bin,percent,10.1,10.2, 0.00056844131437356671711358391
Virginia,3 wk ahead,Bin,percent,10.2,10.3, 0.00056844131437356671711358391
Virginia,3 wk ahead,Bin,percent,10.3,10.4, 0.00056844131437356671711358391
Virginia,3 wk ahead,Bin,percent,10.4,10.5, 0.00056844131437356671711358391
Virginia,3 wk ahead,Bin,percent,10.5,10.6, 0.00056844131437356671711358391
Virginia,3 wk ahead,Bin,percent,10.6,10.7, 0.00056844131437356671711358391
Virginia,3 wk ahead,Bin,percent,10.7,10.8, 0.00056844131437356671711358391
Virginia,3 wk ahead,Bin,percent,10.8,10.9, 0.00056844131437356671711358391
Virginia,3 wk ahead,Bin,percent,10.9,11, 0.00056844131437356671711358391
Virginia,3 wk ahead,Bin,percent,11,11.1, 0.00056844131437356671711358391
Virginia,3 wk ahead,Bin,percent,11.1,11.2, 0.00056844131437356671711358391
Virginia,3 wk ahead,Bin,percent,11.2,11.3, 0.00056844131437356671711358391
Virginia,3 wk ahead,Bin,percent,11.3,11.4, 0.00056844131437356671711358391
Virginia,3 wk ahead,Bin,percent,11.4,11.5, 0.00056844131437356671711358391
Virginia,3 wk ahead,Bin,percent,11.5,11.6, 0.00056844131437356671711358391
Virginia,3 wk ahead,Bin,percent,11.6,11.7, 0.00056844131437356671711358391
Virginia,3 wk ahead,Bin,percent,11.7,11.8, 0.00056844131437356671711358391
Virginia,3 wk ahead,Bin,percent,11.8,11.9, 0.00056844131437356671711358391
Virginia,3 wk ahead,Bin,percent,11.9,12, 0.00056844131437356671711358391
Virginia,3 wk ahead,Bin,percent,12,12.1, 0.00056844131437356671711358391
Virginia,3 wk ahead,Bin,percent,12.1,12.2, 0.00056844131437356671711358391
Virginia,3 wk ahead,Bin,percent,12.2,12.3, 0.00056844131437356671711358391
Virginia,3 wk ahead,Bin,percent,12.3,12.4, 0.00056844131437356671711358391
Virginia,3 wk ahead,Bin,percent,12.4,12.5, 0.00056844131437356671711358391
Virginia,3 wk ahead,Bin,percent,12.5,12.6, 0.00056844131437356671711358391
Virginia,3 wk ahead,Bin,percent,12.6,12.7, 0.00056844131437356671711358391
Virginia,3 wk ahead,Bin,percent,12.7,12.8, 0.00056844131437356671711358391
Virginia,3 wk ahead,Bin,percent,12.8,12.9, 0.00056844131437356671711358391
Virginia,3 wk ahead,Bin,percent,12.9,13, 0.00056844131437356671711358391
Virginia,3 wk ahead,Bin,percent,13,100, 0.00056844131437356671711358391
Virginia,4 wk ahead,Bin,percent,0,0.1, 0.00065456281315746532491889331
Virginia,4 wk ahead,Bin,percent,0.1,0.2, 0.00130912562631493086667822112
Virginia,4 wk ahead,Bin,percent,0.2,0.3, 0.00130912562631493043299735213
Virginia,4 wk ahead,Bin,percent,0.3,0.4, 0.00130912562631493043299735213
Virginia,4 wk ahead,Bin,percent,0.4,0.5, 0.00130912562631493043299735213
Virginia,4 wk ahead,Bin,percent,0.5,0.6, 0.00130912562631493108351865562
Virginia,4 wk ahead,Bin,percent,0.6,0.7, 0.00130912562631493195088039361
Virginia,4 wk ahead,Bin,percent,0.7,0.8, 0.00130912562631493195088039361
Virginia,4 wk ahead,Bin,percent,0.8,0.9, 0.00130912562631493195088039361
Virginia,4 wk ahead,Bin,percent,0.9,1, 0.00130912562631493195088039361
Virginia,4 wk ahead,Bin,percent,1,1.1, 0.00130912562631493195088039361
Virginia,4 wk ahead,Bin,percent,1.1,1.2, 0.00130912562631493195088039361
Virginia,4 wk ahead,Bin,percent,1.2,1.3, 0.00130912562631493195088039361
Virginia,4 wk ahead,Bin,percent,1.3,1.4, 0.00181489876919399073865180050
Virginia,4 wk ahead,Bin,percent,1.4,1.5, 0.04218147256110419546226708576
Virginia,4 wk ahead,Bin,percent,1.5,1.6, 0.09244612752898258289935284893
Virginia,4 wk ahead,Bin,percent,1.6,1.7, 0.01351773632982201760188711859
Virginia,4 wk ahead,Bin,percent,1.7,1.8, 0.00009519170759705064565649180
Virginia,4 wk ahead,Bin,percent,1.8,1.9, 0.00000002349266587932154516996
Virginia,4 wk ahead,Bin,percent,1.9,2, 0.00000000000018276418843091935
Virginia,4 wk ahead,Bin,percent,2,2.1, 0.00000000000000000155010746799
Virginia,4 wk ahead,Bin,percent,2.1,2.2, 0.00000000000000000139503968426
Virginia,4 wk ahead,Bin,percent,2.2,2.3, 0.00000000000000000783279247818
Virginia,4 wk ahead,Bin,percent,2.3,2.4, 0.00000000000000000192800425030
Virginia,4 wk ahead,Bin,percent,2.4,2.5, 0.00000000000000000095185034935
Virginia,4 wk ahead,Bin,percent,2.5,2.6, 0.00000000000000000466984501429
Virginia,4 wk ahead,Bin,percent,2.6,2.7, 0.00000000000000001043521906583
Virginia,4 wk ahead,Bin,percent,2.7,2.8, 0.00000000000981713762897635510
Virginia,4 wk ahead,Bin,percent,2.8,2.9, 0.00000040307046892157991898947
Virginia,4 wk ahead,Bin,percent,2.9,3, 0.00051797845719913108639143040
Virginia,4 wk ahead,Bin,percent,3,3.1, 0.02578007966165313594175678702
Virginia,4 wk ahead,Bin,percent,3.1,3.2, 0.07329349414494853998114365368
Virginia,4 wk ahead,Bin,percent,3.2,3.3, 0.11147119343856323747665726387
Virginia,4 wk ahead,Bin,percent,3.3,3.4, 0.25208350779808791353175934091
Virginia,4 wk ahead,Bin,percent,3.4,3.5, 0.04374073485723816573367273008
Virginia,4 wk ahead,Bin,percent,3.5,3.6, 0.00037620988136699969007700761
Virginia,4 wk ahead,Bin,percent,3.6,3.7, 0.00000012023201408500048290364
Virginia,4 wk ahead,Bin,percent,3.7,3.8, 0.00000000000131855373143927896
Virginia,4 wk ahead,Bin,percent,3.8,3.9, 0.00000000000000000018291813810
Virginia,4 wk ahead,Bin,percent,3.9,4, 0.00000000000000000244354995266
Virginia,4 wk ahead,Bin,percent,4,4.1, 0.00000000000000000114239257739
Virginia,4 wk ahead,Bin,percent,4.1,4.2, 0.00000000000000000046364144417
Virginia,4 wk ahead,Bin,percent,4.2,4.3, 0.00000000000000000106567706618
Virginia,4 wk ahead,Bin,percent,4.3,4.4, 0.00000000000000000454155546251
Virginia,4 wk ahead,Bin,percent,4.4,4.5, 0.00000000000000001158745513718
Virginia,4 wk ahead,Bin,percent,4.5,4.6, 0.00000000000000000076762150570
Virginia,4 wk ahead,Bin,percent,4.6,4.7, 0.00000000000000000000000000000
Virginia,4 wk ahead,Bin,percent,4.7,4.8, 0.00000000000007806920388409006
Virginia,4 wk ahead,Bin,percent,4.8,4.9, 0.00000001269348534266280698873
Virginia,4 wk ahead,Bin,percent,4.9,5, 0.00006910691336680665174119209
Virginia,4 wk ahead,Bin,percent,5,5.1, 0.01302200898324795165506007066
Virginia,4 wk ahead,Bin,percent,5.1,5.2, 0.11370222024437387497997065111
Virginia,4 wk ahead,Bin,percent,5.2,5.3, 0.06535388146141299370306398941
Virginia,4 wk ahead,Bin,percent,5.3,5.4, 0.00299060646080489883277819807
Virginia,4 wk ahead,Bin,percent,5.4,5.5, 0.00170362235028659043771515069
Virginia,4 wk ahead,Bin,percent,5.5,5.6, 0.00170362235028659043771515069
Virginia,4 wk ahead,Bin,percent,5.6,5.7, 0.00170362235028659043771515069
Virginia,4 wk ahead,Bin,percent,5.7,5.8, 0.00170362235028659043771515069
Virginia,4 wk ahead,Bin,percent,5.8,5.9, 0.00170362235028659043771515069
Virginia,4 wk ahead,Bin,percent,5.9,6, 0.00170362235028659043771515069
Virginia,4 wk ahead,Bin,percent,6,6.1, 0.00170362235028659043771515069
Virginia,4 wk ahead,Bin,percent,6.1,6.2, 0.00170362235028659043771515069
Virginia,4 wk ahead,Bin,percent,6.2,6.3, 0.00170362235028659043771515069
Virginia,4 wk ahead,Bin,percent,6.3,6.4, 0.00170362235028659043771515069
Virginia,4 wk ahead,Bin,percent,6.4,6.5, 0.00170362235028659043771515069
Virginia,4 wk ahead,Bin,percent,6.5,6.6, 0.00170362235028659043771515069
Virginia,4 wk ahead,Bin,percent,6.6,6.7, 0.00170362235028659043771515069
Virginia,4 wk ahead,Bin,percent,6.7,6.8, 0.00170362235028659043771515069
Virginia,4 wk ahead,Bin,percent,6.8,6.9, 0.00170362235028659043771515069
Virginia,4 wk ahead,Bin,percent,6.9,7, 0.00170362235028659043771515069
Virginia,4 wk ahead,Bin,percent,7,7.1, 0.00170362235028659043771515069
Virginia,4 wk ahead,Bin,percent,7.1,7.2, 0.00170362235028659043771515069
Virginia,4 wk ahead,Bin,percent,7.2,7.3, 0.00170362235028659043771515069
Virginia,4 wk ahead,Bin,percent,7.3,7.4, 0.00170362235028659043771515069
Virginia,4 wk ahead,Bin,percent,7.4,7.5, 0.00170362235028659043771515069
Virginia,4 wk ahead,Bin,percent,7.5,7.6, 0.00170362235028659043771515069
Virginia,4 wk ahead,Bin,percent,7.6,7.7, 0.00170362235028659043771515069
Virginia,4 wk ahead,Bin,percent,7.7,7.8, 0.00170362235028659043771515069
Virginia,4 wk ahead,Bin,percent,7.8,7.9, 0.00170362235028659043771515069
Virginia,4 wk ahead,Bin,percent,7.9,8, 0.00170362235028659043771515069
Virginia,4 wk ahead,Bin,percent,8,8.1, 0.00170362235028660539970513099
Virginia,4 wk ahead,Bin,percent,8.1,8.2, 0.00170362235028662057853554579
Virginia,4 wk ahead,Bin,percent,8.2,8.3, 0.00170362235028662057853554579
Virginia,4 wk ahead,Bin,percent,8.3,8.4, 0.00170362235028662057853554579
Virginia,4 wk ahead,Bin,percent,8.4,8.5, 0.00170362235028662057853554579
Virginia,4 wk ahead,Bin,percent,8.5,8.6, 0.00170362235028662057853554579
Virginia,4 wk ahead,Bin,percent,8.6,8.7, 0.00170362235028662057853554579
Virginia,4 wk ahead,Bin,percent,8.7,8.8, 0.00170362235028662057853554579
Virginia,4 wk ahead,Bin,percent,8.8,8.9, 0.00170362235028662057853554579
Virginia,4 wk ahead,Bin,percent,8.9,9, 0.00170362235028662057853554579
Virginia,4 wk ahead,Bin,percent,9,9.1, 0.00170362235028662057853554579
Virginia,4 wk ahead,Bin,percent,9.1,9.2, 0.00170362235028662057853554579
Virginia,4 wk ahead,Bin,percent,9.2,9.3, 0.00170362235028662057853554579
Virginia,4 wk ahead,Bin,percent,9.3,9.4, 0.00170362235028662057853554579
Virginia,4 wk ahead,Bin,percent,9.4,9.5, 0.00170362235028662057853554579
Virginia,4 wk ahead,Bin,percent,9.5,9.6, 0.00170362235028662057853554579
Virginia,4 wk ahead,Bin,percent,9.6,9.7, 0.00170362235028662057853554579
Virginia,4 wk ahead,Bin,percent,9.7,9.8, 0.00170362235028662057853554579
Virginia,4 wk ahead,Bin,percent,9.8,9.9, 0.00170362235028662057853554579
Virginia,4 wk ahead,Bin,percent,9.9,10, 0.00170362235028662057853554579
Virginia,4 wk ahead,Bin,percent,10,10.1, 0.00170362235028662057853554579
Virginia,4 wk ahead,Bin,percent,10.1,10.2, 0.00170362235028662057853554579
Virginia,4 wk ahead,Bin,percent,10.2,10.3, 0.00170362235028662057853554579
Virginia,4 wk ahead,Bin,percent,10.3,10.4, 0.00170362235028662057853554579
Virginia,4 wk ahead,Bin,percent,10.4,10.5, 0.00170362235028662057853554579
Virginia,4 wk ahead,Bin,percent,10.5,10.6, 0.00170362235028662057853554579
Virginia,4 wk ahead,Bin,percent,10.6,10.7, 0.00170362235028662057853554579
Virginia,4 wk ahead,Bin,percent,10.7,10.8, 0.00170362235028662057853554579
Virginia,4 wk ahead,Bin,percent,10.8,10.9, 0.00170362235028662057853554579
Virginia,4 wk ahead,Bin,percent,10.9,11, 0.00170362235028662057853554579
Virginia,4 wk ahead,Bin,percent,11,11.1, 0.00170362235028662057853554579
Virginia,4 wk ahead,Bin,percent,11.1,11.2, 0.00170362235028662057853554579
Virginia,4 wk ahead,Bin,percent,11.2,11.3, 0.00170362235028662057853554579
Virginia,4 wk ahead,Bin,percent,11.3,11.4, 0.00170362235028662057853554579
Virginia,4 wk ahead,Bin,percent,11.4,11.5, 0.00170362235028662057853554579
Virginia,4 wk ahead,Bin,percent,11.5,11.6, 0.00170362235028662057853554579
Virginia,4 wk ahead,Bin,percent,11.6,11.7, 0.00170362235028662057853554579
Virginia,4 wk ahead,Bin,percent,11.7,11.8, 0.00170362235028662057853554579
Virginia,4 wk ahead,Bin,percent,11.8,11.9, 0.00170362235028662057853554579
Virginia,4 wk ahead,Bin,percent,11.9,12, 0.00170362235028662057853554579
Virginia,4 wk ahead,Bin,percent,12,12.1, 0.00170362235028662057853554579
Virginia,4 wk ahead,Bin,percent,12.1,12.2, 0.00170362235028662057853554579
Virginia,4 wk ahead,Bin,percent,12.2,12.3, 0.00170362235028662057853554579
Virginia,4 wk ahead,Bin,percent,12.3,12.4, 0.00170362235028662057853554579
Virginia,4 wk ahead,Bin,percent,12.4,12.5, 0.00170362235028662057853554579
Virginia,4 wk ahead,Bin,percent,12.5,12.6, 0.00170362235028662057853554579
Virginia,4 wk ahead,Bin,percent,12.6,12.7, 0.00170362235028662057853554579
Virginia,4 wk ahead,Bin,percent,12.7,12.8, 0.00170362235028662057853554579
Virginia,4 wk ahead,Bin,percent,12.8,12.9, 0.00170362235028662057853554579
Virginia,4 wk ahead,Bin,percent,12.9,13, 0.00170362235028662057853554579
Virginia,4 wk ahead,Bin,percent,13,100, 0.00170362235028662057853554579
Utah,Season peak week,Bin,week,40,41, 0.00226290296706406837690117584
Utah,Season peak week,Bin,week,41,42, 0.00226290296706406837690117584
Utah,Season peak week,Bin,week,42,43, 0.00226290296706406837690117584
Utah,Season peak week,Bin,week,43,44, 0.00226290296706406837690117584
Utah,Season peak week,Bin,week,44,45, 0.00226290296706406837690117584
Utah,Season peak week,Bin,week,45,46, 0.00226290296706406837690117584
Utah,Season peak week,Bin,week,46,47, 0.00226290296706406837690117584
Utah,Season peak week,Bin,week,47,48, 0.00226290296706406837690117584
Utah,Season peak week,Bin,week,48,49, 0.00226290296706406837690117584
Utah,Season peak week,Bin,week,49,50, 0.00607064439281309372459238816
Utah,Season peak week,Bin,week,50,51, 0.04146109439273919228252651692
Utah,Season peak week,Bin,week,51,52, 0.13236550784377790201951086146
Utah,Season peak week,Bin,week,52,53, 0.19479068739950802791049966345
Utah,Season peak week,Bin,week,1,2, 0.13236793881994041166549891386
Utah,Season peak week,Bin,week,2,3, 0.04158449614057535548283794924
Utah,Season peak week,Bin,week,3,4, 0.00785210200242556811967009622
Utah,Season peak week,Bin,week,4,5, 0.01356227839674344938514227721
Utah,Season peak week,Bin,week,5,6, 0.04205745345652026068172801843
Utah,Season peak week,Bin,week,6,7, 0.06187726898784635248818020159
Utah,Season peak week,Bin,week,7,8, 0.04221628492403393939635947163
Utah,Season peak week,Bin,week,8,9, 0.01577599693059902191683008255
Utah,Season peak week,Bin,week,9,10, 0.02001140344186672775927959833
Utah,Season peak week,Bin,week,10,11, 0.05796669419260355726741806848
Utah,Season peak week,Bin,week,11,12, 0.08512636689860517136274609129
Utah,Season peak week,Bin,week,12,13, 0.05784321627568317358836225139
Utah,Season peak week,Bin,week,13,14, 0.01811832324516136211167705028
Utah,Season peak week,Bin,week,14,15, 0.00265284138042345398952881474
Utah,Season peak week,Bin,week,15,16, 0.00098887902909288675351584530
Utah,Season peak week,Bin,week,16,17, 0.00098887902909288675351584530
Utah,Season peak week,Bin,week,17,18, 0.00098887902909288675351584530
Utah,Season peak week,Bin,week,18,19, 0.00098887902909288675351584530
Utah,Season peak week,Bin,week,19,20, 0.00098887902909288675351584530
Utah,Season peak week,Bin,week,20,21, 0.00098887902909288675351584530
Utah,Season peak percentage,Bin,percent,0,0.1, 0.00019042223321975612995195226
Utah,Season peak percentage,Bin,percent,0.1,0.2, 0.00044521193871360184883198552
Utah,Season peak percentage,Bin,percent,0.2,0.3, 0.00054428015897878083678013139
Utah,Season peak percentage,Bin,percent,0.3,0.4, 0.00066115066871852944119236639
Utah,Season peak percentage,Bin,percent,0.4,0.5, 0.00079814113112984899113533377
Utah,Season peak percentage,Bin,percent,0.5,0.6, 0.00095727017685006570747729970
Utah,Season peak percentage,Bin,percent,0.6,0.7, 0.00114111375221333092612463478
Utah,Season peak percentage,Bin,percent,0.7,0.8, 0.00135175735529040590837679403
Utah,Season peak percentage,Bin,percent,0.8,0.9, 0.00159129586122771886358417959
Utah,Season peak percentage,Bin,percent,0.9,1, 0.00186198843424820875691594324
Utah,Season peak percentage,Bin,percent,1,1.1, 0.00216543539446988541827265884
Utah,Season peak percentage,Bin,percent,1.1,1.2, 0.00250304167611802973886225843
Utah,Season peak percentage,Bin,percent,1.2,1.3, 0.00287630448740237854021728481
Utah,Season peak percentage,Bin,percent,1.3,1.4, 0.00328557768812902080760030010
Utah,Season peak percentage,Bin,percent,1.4,1.5, 0.00373115152892089432107303182
Utah,Season peak percentage,Bin,percent,1.5,1.6, 0.00421292533292620501039760228
Utah,Season peak percentage,Bin,percent,1.6,1.7, 0.00472967007448340300695965865
Utah,Season peak percentage,Bin,percent,1.7,1.8, 0.00528002806137525468321847200
Utah,Season peak percentage,Bin,percent,1.8,1.9, 0.00586194477525614054264080366
Utah,Season peak percentage,Bin,percent,1.9,2, 0.00647249923203485014872038406
Utah,Season peak percentage,Bin,percent,2,2.1, 0.00710852289199315201528861508
Utah,Season peak percentage,Bin,percent,2.1,2.2, 0.00776624185162316533342918845
Utah,Season peak percentage,Bin,percent,2.2,2.3, 0.00844121703814736806803509239
Utah,Season peak percentage,Bin,percent,2.3,2.4, 0.00912902739514776830065390101
Utah,Season peak percentage,Bin,percent,2.4,2.5, 0.00982469409524900673391645256
Utah,Season peak percentage,Bin,percent,2.5,2.6, 0.01052324737863156653427942899
Utah,Season peak percentage,Bin,percent,2.6,2.7, 0.01121967049888201832519296630
Utah,Season peak percentage,Bin,percent,2.7,2.8, 0.01190909138284986998335135411
Utah,Season peak percentage,Bin,percent,2.8,2.9, 0.01258688759093972396596594621
Utah,Season peak percentage,Bin,percent,2.9,3, 0.01324865245606040436987527187
Utah,Season peak percentage,Bin,percent,3,3.1, 0.01389064075137245307667299699
Utah,Season peak percentage,Bin,percent,3.1,3.2, 0.01450952390751673003188582101
Utah,Season peak percentage,Bin,percent,3.2,3.3, 0.01510238107199757436049925019
Utah,Season peak percentage,Bin,percent,3.3,3.4, 0.01566736071500014412793966301
Utah,Season peak percentage,Bin,percent,3.4,3.5, 0.01620267121408189292530721559
Utah,Season peak percentage,Bin,percent,3.5,3.6, 0.01670743391404473643380157455
Utah,Season peak percentage,Bin,percent,3.6,3.7, 0.01718135787656949534096817445
Utah,Season peak percentage,Bin,percent,3.7,3.8, 0.01762420038875662370303487592
Utah,Season peak percentage,Bin,percent,3.8,3.9, 0.01803637114234240418353394375
Utah,Season peak percentage,Bin,percent,3.9,4, 0.01841858034152078077427816538
Utah,Season peak percentage,Bin,percent,4,4.1, 0.01877112019058879352484403569
Utah,Season peak percentage,Bin,percent,4.1,4.2, 0.01909481333997683008552037620
Utah,Season peak percentage,Bin,percent,4.2,4.3, 0.01939007893830011972080562543
Utah,Season peak percentage,Bin,percent,4.3,4.4, 0.01965685327454559996884775330
Utah,Season peak percentage,Bin,percent,4.4,4.5, 0.01989516728501216843993937289
Utah,Season peak percentage,Bin,percent,4.5,4.6, 0.02010434407973365339428184484
Utah,Season peak percentage,Bin,percent,4.6,4.7, 0.02028314586256979579204084985
Utah,Season peak percentage,Bin,percent,4.7,4.8, 0.02043031135981653034772165256
Utah,Season peak percentage,Bin,percent,4.8,4.9, 0.02054383399660324877045169956
Utah,Season peak percentage,Bin,percent,4.9,5, 0.02062122436448046713941550934
Utah,Season peak percentage,Bin,percent,5,5.1, 0.02066045027273214970686687764
Utah,Season peak percentage,Bin,percent,5.1,5.2, 0.02065834355612918352140816580
Utah,Season peak percentage,Bin,percent,5.2,5.3, 0.02061249342518637825416583098
Utah,Season peak percentage,Bin,percent,5.3,5.4, 0.02052050090615096036850140138
Utah,Season peak percentage,Bin,percent,5.4,5.5, 0.02037970167656566466973799834
Utah,Season peak percentage,Bin,percent,5.5,5.6, 0.02018848469989135280266978612
Utah,Season peak percentage,Bin,percent,5.6,5.7, 0.01994558243595922000790388040
Utah,Season peak percentage,Bin,percent,5.7,5.8, 0.01964978498290131936343527741
Utah,Season peak percentage,Bin,percent,5.8,5.9, 0.01930139388708665762472982408
Utah,Season peak percentage,Bin,percent,5.9,6, 0.01890103922110608972162459906
Utah,Season peak percentage,Bin,percent,6,6.1, 0.01844968876250590791854300221
Utah,Season peak percentage,Bin,percent,6.1,6.2, 0.01795002714955043487954355896
Utah,Season peak percentage,Bin,percent,6.2,6.3, 0.01740460699374199102229532343
Utah,Season peak percentage,Bin,percent,6.3,6.4, 0.01681681753488003736030087509
Utah,Season peak percentage,Bin,percent,6.4,6.5, 0.01619104309549504114307261204
Utah,Season peak percentage,Bin,percent,6.5,6.6, 0.01553166698033646778154270862
Utah,Season peak percentage,Bin,percent,6.6,6.7, 0.01484359264400261085858900856
Utah,Season peak percentage,Bin,percent,6.7,6.8, 0.01413231073459301871675375395
Utah,Season peak percentage,Bin,percent,6.8,6.9, 0.01340305899154261952410660541
Utah,Season peak percentage,Bin,percent,6.9,7, 0.01266149293584530391432174667
Utah,Season peak percentage,Bin,percent,7,7.1, 0.01191313295607081268467908330
Utah,Season peak percentage,Bin,percent,7.1,7.2, 0.01116339514349344412547093697
Utah,Season peak percentage,Bin,percent,7.2,7.3, 0.01041752726222380971698999730
Utah,Season peak percentage,Bin,percent,7.3,7.4, 0.00968049594222528467235555638
Utah,Season peak percentage,Bin,percent,7.4,7.5, 0.00895706875123115919823391096
Utah,Season peak percentage,Bin,percent,7.5,7.6, 0.00825144055107447649266561029
Utah,Season peak percentage,Bin,percent,7.6,7.7, 0.00756747912067982139022737087
Utah,Season peak percentage,Bin,percent,7.7,7.8, 0.00690886053340037178949195606
Utah,Season peak percentage,Bin,percent,7.8,7.9, 0.00627820349237825144766977914
Utah,Season peak percentage,Bin,percent,7.9,8, 0.00567827156520406359924146855
Utah,Season peak percentage,Bin,percent,8,8.1, 0.00511098580717775884119102869
Utah,Season peak percentage,Bin,percent,8.1,8.2, 0.00457768693083264975596247126
Utah,Season peak percentage,Bin,percent,8.2,8.3, 0.00407960651106261968507071813
Utah,Season peak percentage,Bin,percent,8.3,8.4, 0.00361720342370799819928239849
Utah,Season peak percentage,Bin,percent,8.4,8.5, 0.00319041974898329932022744693
Utah,Season peak percentage,Bin,percent,8.5,8.6, 0.00279925949662965592446006724
Utah,Season peak percentage,Bin,percent,8.6,8.7, 0.00244280893227542903606286373
Utah,Season peak percentage,Bin,percent,8.7,8.8, 0.00211997122558336666478528976
Utah,Season peak percentage,Bin,percent,8.8,8.9, 0.00182974872126667200376848310
Utah,Season peak percentage,Bin,percent,8.9,9, 0.00157024411829994811617972061
Utah,Season peak percentage,Bin,percent,9,9.1, 0.00133977949659819912074654180
Utah,Season peak percentage,Bin,percent,9.1,9.2, 0.00113660923185955218747689166
Utah,Season peak percentage,Bin,percent,9.2,9.3, 0.00095850459084064983973638707
Utah,Season peak percentage,Bin,percent,9.3,9.4, 0.00080345972980248132541691852
Utah,Season peak percentage,Bin,percent,9.4,9.5, 0.00066953785409843184165540331
Utah,Season peak percentage,Bin,percent,9.5,9.6, 0.00055443422318637912513811239
Utah,Season peak percentage,Bin,percent,9.6,9.7, 0.00045635813986277915139944117
Utah,Season peak percentage,Bin,percent,9.7,9.8, 0.00037329583516510720644573929
Utah,Season peak percentage,Bin,percent,9.8,9.9, 0.00030339319065860045291499469
Utah,Season peak percentage,Bin,percent,9.9,10, 0.00024506649558977592435679571
Utah,Season peak percentage,Bin,percent,10,10.1, 0.00019668446938187630576057308
Utah,Season peak percentage,Bin,percent,10.1,10.2, 0.00015681633642181908396863455
Utah,Season peak percentage,Bin,percent,10.2,10.3, 0.00012424813510571644363002231
Utah,Season peak percentage,Bin,percent,10.3,10.4, 0.00009780173094687909501193657
Utah,Season peak percentage,Bin,percent,10.4,10.5, 0.00007646430574842900777798871
Utah,Season peak percentage,Bin,percent,10.5,10.6, 0.00006256224652053747864021566
Utah,Season peak percentage,Bin,percent,10.6,10.7, 0.00006156865248595979765635494
Utah,Season peak percentage,Bin,percent,10.7,10.8, 0.00006156865248595979765635494
Utah,Season peak percentage,Bin,percent,10.8,10.9, 0.00006156865248595979765635494
Utah,Season peak percentage,Bin,percent,10.9,11, 0.00006156865248595979765635494
Utah,Season peak percentage,Bin,percent,11,11.1, 0.00006156865248595979765635494
Utah,Season peak percentage,Bin,percent,11.1,11.2, 0.00006156865248595979765635494
Utah,Season peak percentage,Bin,percent,11.2,11.3, 0.00006156865248595979765635494
Utah,Season peak percentage,Bin,percent,11.3,11.4, 0.00006156865248595979765635494
Utah,Season peak percentage,Bin,percent,11.4,11.5, 0.00006156865248595979765635494
Utah,Season peak percentage,Bin,percent,11.5,11.6, 0.00006156865248595979765635494
Utah,Season peak percentage,Bin,percent,11.6,11.7, 0.00006156865248595979765635494
Utah,Season peak percentage,Bin,percent,11.7,11.8, 0.00006156865248595979765635494
Utah,Season peak percentage,Bin,percent,11.8,11.9, 0.00006156865248595979765635494
Utah,Season peak percentage,Bin,percent,11.9,12, 0.00006156865248595979765635494
Utah,Season peak percentage,Bin,percent,12,12.1, 0.00006156865248595979765635494
Utah,Season peak percentage,Bin,percent,12.1,12.2, 0.00006156865248595979765635494
Utah,Season peak percentage,Bin,percent,12.2,12.3, 0.00006156865248595979765635494
Utah,Season peak percentage,Bin,percent,12.3,12.4, 0.00006156865248595979765635494
Utah,Season peak percentage,Bin,percent,12.4,12.5, 0.00006156865248595979765635494
Utah,Season peak percentage,Bin,percent,12.5,12.6, 0.00006156865248595979765635494
Utah,Season peak percentage,Bin,percent,12.6,12.7, 0.00006156865248595979765635494
Utah,Season peak percentage,Bin,percent,12.7,12.8, 0.00006156865248595979765635494
Utah,Season peak percentage,Bin,percent,12.8,12.9, 0.00006156865248595979765635494
Utah,Season peak percentage,Bin,percent,12.9,13, 0.00006156865248595979765635494
Utah,Season peak percentage,Bin,percent,13,100, 0.00006156865248595979765635494
Utah,1 wk ahead,Bin,percent,0,0.1, 0.00026621449591896596343146286
Utah,1 wk ahead,Bin,percent,0.1,0.2, 0.00068434694996880713301068422
Utah,1 wk ahead,Bin,percent,0.2,0.3, 0.00094046146617518045548317351
Utah,1 wk ahead,Bin,percent,0.3,0.4, 0.00127375884373411062469583221
Utah,1 wk ahead,Bin,percent,0.4,0.5, 0.00170010396797444485704475792
Utah,1 wk ahead,Bin,percent,0.5,0.6, 0.00223659539636439017029623244
Utah,1 wk ahead,Bin,percent,0.6,0.7, 0.00290048791162811391355913493
Utah,1 wk ahead,Bin,percent,0.7,0.8, 0.00370814140957834549941485314
Utah,1 wk ahead,Bin,percent,0.8,0.9, 0.00467365623704540326249778914
Utah,1 wk ahead,Bin,percent,0.9,1, 0.00580840952226227991844753618
Utah,1 wk ahead,Bin,percent,1,1.1, 0.00711903649239181701702250393
Utah,1 wk ahead,Bin,percent,1.1,1.2, 0.00860598726914407058385947380
Utah,1 wk ahead,Bin,percent,1.2,1.3, 0.01026256669518172022492752404
Utah,1 wk ahead,Bin,percent,1.3,1.4, 0.01207493656152308462992106541
Utah,1 wk ahead,Bin,percent,1.4,1.5, 0.01402075238157583607356837518
Utah,1 wk ahead,Bin,percent,1.5,1.6, 0.01606968214591614207975567297
Utah,1 wk ahead,Bin,percent,1.6,1.7, 0.01818426527664247088766913407
Utah,1 wk ahead,Bin,percent,1.7,1.8, 0.02032135590483253109739258946
Utah,1 wk ahead,Bin,percent,1.8,1.9, 0.02243343356727461879174256865
Utah,1 wk ahead,Bin,percent,1.9,2, 0.02447097067054816374453984906
Utah,1 wk ahead,Bin,percent,2,2.1, 0.02638502660335746707875870243
Utah,1 wk ahead,Bin,percent,2.1,2.2, 0.02812859616001579105004637427
Utah,1 wk ahead,Bin,percent,2.2,2.3, 0.02965962130091080034555162115
Utah,1 wk ahead,Bin,percent,2.3,2.4, 0.03094260258525630830073183120
Utah,1 wk ahead,Bin,percent,2.4,2.5, 0.03194971481367915588922556935
Utah,1 wk ahead,Bin,percent,2.5,2.6, 0.03266113703777814847306615320
Utah,1 wk ahead,Bin,percent,2.6,2.7, 0.03306636668376452398154796697
Utah,1 wk ahead,Bin,percent,2.7,2.8, 0.03316426671732133207859405388
Utah,1 wk ahead,Bin,percent,2.8,2.9, 0.03296103669297414245908939279
Utah,1 wk ahead,Bin,percent,2.9,3, 0.03247066700712324810451647750
Utah,1 wk ahead,Bin,percent,3,3.1, 0.03171391910717707984801450039
Utah,1 wk ahead,Bin,percent,3.1,3.2, 0.03071777286647178056844254002
Utah,1 wk ahead,Bin,percent,3.2,3.3, 0.02951274039205371499394736645
Utah,1 wk ahead,Bin,percent,3.3,3.4, 0.02813363799702909770483749696
Utah,1 wk ahead,Bin,percent,3.4,3.5, 0.02661778043504406734975908932
Utah,1 wk ahead,Bin,percent,3.5,3.6, 0.02500442097406200062104097981
Utah,1 wk ahead,Bin,percent,3.6,3.7, 0.02333305943815794022966336740
Utah,1 wk ahead,Bin,percent,3.7,3.8, 0.02164326719579591495890014130
Utah,1 wk ahead,Bin,percent,3.8,3.9, 0.01997323454061875405707304765
Utah,1 wk ahead,Bin,percent,3.9,4, 0.01835851958072845860336919088
Utah,1 wk ahead,Bin,percent,4,4.1, 0.01683141270546388915119173646
Utah,1 wk ahead,Bin,percent,4.1,4.2, 0.01541956726447269235280579380
Utah,1 wk ahead,Bin,percent,4.2,4.3, 0.01414491880059361508803483787
Utah,1 wk ahead,Bin,percent,4.3,4.4, 0.01302287549919909671880535740
Utah,1 wk ahead,Bin,percent,4.4,4.5, 0.01206235193828926986758798279
Utah,1 wk ahead,Bin,percent,4.5,4.6, 0.01126459522591487412424005043
Utah,1 wk ahead,Bin,percent,4.6,4.7, 0.01062349952888240814385945043
Utah,1 wk ahead,Bin,percent,4.7,4.8, 0.01012629213068180593360079200
Utah,1 wk ahead,Bin,percent,4.8,4.9, 0.00975442216041017343131080963
Utah,1 wk ahead,Bin,percent,4.9,5, 0.00948432699856771761759421935
Utah,1 wk ahead,Bin,percent,5,5.1, 0.00928912779870039867491371410
Utah,1 wk ahead,Bin,percent,5.1,5.2, 0.00914052482172089675316328794
Utah,1 wk ahead,Bin,percent,5.2,5.3, 0.00901036963038976713991079492
Utah,1 wk ahead,Bin,percent,5.3,5.4, 0.00887242179565041720612494913
Utah,1 wk ahead,Bin,percent,5.4,5.5, 0.00870404416790659940517116411
Utah,1 wk ahead,Bin,percent,5.5,5.6, 0.00848732754321106577788391689
Utah,1 wk ahead,Bin,percent,5.6,5.7, 0.00820997581244655404153487410
Utah,1 wk ahead,Bin,percent,5.7,5.8, 0.00786575939213016162021574473
Utah,1 wk ahead,Bin,percent,5.8,5.9, 0.00745449882968800877497406177
Utah,1 wk ahead,Bin,percent,5.9,6, 0.00698122521777017057686975932
Utah,1 wk ahead,Bin,percent,6,6.1, 0.00645572768571630022788054859
Utah,1 wk ahead,Bin,percent,6.1,6.2, 0.00589109936774209839299709657
Utah,1 wk ahead,Bin,percent,6.2,6.3, 0.00530255740341896084077966123
Utah,1 wk ahead,Bin,percent,6.3,6.4, 0.00470603526565926445768273112
Utah,1 wk ahead,Bin,percent,6.4,6.5, 0.00411709470748872034817633647
Utah,1 wk ahead,Bin,percent,6.5,6.6, 0.00354978696086831425546281871
Utah,1 wk ahead,Bin,percent,6.6,6.7, 0.00301588988198523907935388877
Utah,1 wk ahead,Bin,percent,6.7,6.8, 0.00252456364467041520852075287
Utah,1 wk ahead,Bin,percent,6.8,6.9, 0.00208196020010519055112863107
Utah,1 wk ahead,Bin,percent,6.9,7, 0.00169137089576709763287520882
Utah,1 wk ahead,Bin,percent,7,7.1, 0.00135350739411953030141844145
Utah,1 wk ahead,Bin,percent,7.1,7.2, 0.00106691590934641662019588537
Utah,1 wk ahead,Bin,percent,7.2,7.3, 0.00082837952145430081892646390
Utah,1 wk ahead,Bin,percent,7.3,7.4, 0.00063347914091698928357870857
Utah,1 wk ahead,Bin,percent,7.4,7.5, 0.00047714868221068995049125028
Utah,1 wk ahead,Bin,percent,7.5,7.6, 0.00035398082943075042305566824
Utah,1 wk ahead,Bin,percent,7.6,7.7, 0.00025864529310770596791727027
Utah,1 wk ahead,Bin,percent,7.7,7.8, 0.00018612513470967845469541957
Utah,1 wk ahead,Bin,percent,7.8,7.9, 0.00013191948487219559834823790
Utah,1 wk ahead,Bin,percent,7.9,8, 0.00009369934693482838492916559
Utah,1 wk ahead,Bin,percent,8,8.1, 0.00008584362141932441606431703
Utah,1 wk ahead,Bin,percent,8.1,8.2, 0.00008584362141932518855836493
Utah,1 wk ahead,Bin,percent,8.2,8.3, 0.00008584362141932518855836493
Utah,1 wk ahead,Bin,percent,8.3,8.4, 0.00008584362141932518855836493
Utah,1 wk ahead,Bin,percent,8.4,8.5, 0.00008584362141932518855836493
Utah,1 wk ahead,Bin,percent,8.5,8.6, 0.00008584362141932518855836493
Utah,1 wk ahead,Bin,percent,8.6,8.7, 0.00008584362141932518855836493
Utah,1 wk ahead,Bin,percent,8.7,8.8, 0.00008584362141932518855836493
Utah,1 wk ahead,Bin,percent,8.8,8.9, 0.00008584362141932518855836493
Utah,1 wk ahead,Bin,percent,8.9,9, 0.00008584362141932518855836493
Utah,1 wk ahead,Bin,percent,9,9.1, 0.00008584362141932518855836493
Utah,1 wk ahead,Bin,percent,9.1,9.2, 0.00008584362141932518855836493
Utah,1 wk ahead,Bin,percent,9.2,9.3, 0.00008584362141932518855836493
Utah,1 wk ahead,Bin,percent,9.3,9.4, 0.00008584362141932518855836493
Utah,1 wk ahead,Bin,percent,9.4,9.5, 0.00008584362141932518855836493
Utah,1 wk ahead,Bin,percent,9.5,9.6, 0.00008584362141932518855836493
Utah,1 wk ahead,Bin,percent,9.6,9.7, 0.00008584362141932518855836493
Utah,1 wk ahead,Bin,percent,9.7,9.8, 0.00008584362141932518855836493
Utah,1 wk ahead,Bin,percent,9.8,9.9, 0.00008584362141932518855836493
Utah,1 wk ahead,Bin,percent,9.9,10, 0.00008584362141932518855836493
Utah,1 wk ahead,Bin,percent,10,10.1, 0.00008584362141932518855836493
Utah,1 wk ahead,Bin,percent,10.1,10.2, 0.00008584362141932518855836493
Utah,1 wk ahead,Bin,percent,10.2,10.3, 0.00008584362141932518855836493
Utah,1 wk ahead,Bin,percent,10.3,10.4, 0.00008584362141932518855836493
Utah,1 wk ahead,Bin,percent,10.4,10.5, 0.00008584362141932518855836493
Utah,1 wk ahead,Bin,percent,10.5,10.6, 0.00008584362141932518855836493
Utah,1 wk ahead,Bin,percent,10.6,10.7, 0.00008584362141932518855836493
Utah,1 wk ahead,Bin,percent,10.7,10.8, 0.00008584362141932518855836493
Utah,1 wk ahead,Bin,percent,10.8,10.9, 0.00008584362141932518855836493
Utah,1 wk ahead,Bin,percent,10.9,11, 0.00008584362141932518855836493
Utah,1 wk ahead,Bin,percent,11,11.1, 0.00008584362141932518855836493
Utah,1 wk ahead,Bin,percent,11.1,11.2, 0.00008584362141932518855836493
Utah,1 wk ahead,Bin,percent,11.2,11.3, 0.00008584362141932518855836493
Utah,1 wk ahead,Bin,percent,11.3,11.4, 0.00008584362141932518855836493
Utah,1 wk ahead,Bin,percent,11.4,11.5, 0.00008584362141932518855836493
Utah,1 wk ahead,Bin,percent,11.5,11.6, 0.00008584362141932518855836493
Utah,1 wk ahead,Bin,percent,11.6,11.7, 0.00008584362141932518855836493
Utah,1 wk ahead,Bin,percent,11.7,11.8, 0.00008584362141932518855836493
Utah,1 wk ahead,Bin,percent,11.8,11.9, 0.00008584362141932518855836493
Utah,1 wk ahead,Bin,percent,11.9,12, 0.00008584362141932518855836493
Utah,1 wk ahead,Bin,percent,12,12.1, 0.00008584362141932518855836493
Utah,1 wk ahead,Bin,percent,12.1,12.2, 0.00008584362141932518855836493
Utah,1 wk ahead,Bin,percent,12.2,12.3, 0.00008584362141932518855836493
Utah,1 wk ahead,Bin,percent,12.3,12.4, 0.00008584362141932518855836493
Utah,1 wk ahead,Bin,percent,12.4,12.5, 0.00008584362141932518855836493
Utah,1 wk ahead,Bin,percent,12.5,12.6, 0.00008584362141932518855836493
Utah,1 wk ahead,Bin,percent,12.6,12.7, 0.00008584362141932518855836493
Utah,1 wk ahead,Bin,percent,12.7,12.8, 0.00008584362141932518855836493
Utah,1 wk ahead,Bin,percent,12.8,12.9, 0.00008584362141932518855836493
Utah,1 wk ahead,Bin,percent,12.9,13, 0.00008584362141932518855836493
Utah,1 wk ahead,Bin,percent,13,100, 0.00008584362141932518855836493
Utah,2 wk ahead,Bin,percent,0,0.1, 0.00356406731992662140912075941
Utah,2 wk ahead,Bin,percent,0.1,0.2, 0.00762131321150095585731376602
Utah,2 wk ahead,Bin,percent,0.2,0.3, 0.00830128339107039439626056776
Utah,2 wk ahead,Bin,percent,0.3,0.4, 0.00900603704375691101191581112
Utah,2 wk ahead,Bin,percent,0.4,0.5, 0.00973295082699945045268119515
Utah,2 wk ahead,Bin,percent,0.5,0.6, 0.01047948397964302072460363036
Utah,2 wk ahead,Bin,percent,0.6,0.7, 0.01124242180778698037280083355
Utah,2 wk ahead,Bin,percent,0.7,0.8, 0.01201867462059860551526480066
Utah,2 wk ahead,Bin,percent,0.8,0.9, 0.01280461606609997922412436111
Utah,2 wk ahead,Bin,percent,0.9,1, 0.01359651318106971581989306230
Utah,2 wk ahead,Bin,percent,1,1.1, 0.01439027385153742247259067710
Utah,2 wk ahead,Bin,percent,1.1,1.2, 0.01518151016725235481763522927
Utah,2 wk ahead,Bin,percent,1.2,1.3, 0.01596551074858415519841514651
Utah,2 wk ahead,Bin,percent,1.3,1.4, 0.01673734125842840994580207337
Utah,2 wk ahead,Bin,percent,1.4,1.5, 0.01749144509483997397825127962
Utah,2 wk ahead,Bin,percent,1.5,1.6, 0.01822244574483177642632014681
Utah,2 wk ahead,Bin,percent,1.6,1.7, 0.01892416853774579396652022467
Utah,2 wk ahead,Bin,percent,1.7,1.8, 0.01959062616326385716791769198
Utah,2 wk ahead,Bin,percent,1.8,1.9, 0.02021547880913455996765293321
Utah,2 wk ahead,Bin,percent,1.9,2, 0.02079227493026672424214496004
Utah,2 wk ahead,Bin,percent,2,2.1, 0.02131503333537320549195825947
Utah,2 wk ahead,Bin,percent,2.1,2.2, 0.02177716597883214144637520349
Utah,2 wk ahead,Bin,percent,2.2,2.3, 0.02217360929236128833097474455
Utah,2 wk ahead,Bin,percent,2.3,2.4, 0.02249834876500477268135291808
Utah,2 wk ahead,Bin,percent,2.4,2.5, 0.02274768210781187224855948159
Utah,2 wk ahead,Bin,percent,2.5,2.6, 0.02291730906156827160535804921
Utah,2 wk ahead,Bin,percent,2.6,2.7, 0.02300450579143755933109183331
Utah,2 wk ahead,Bin,percent,2.7,2.8, 0.02300809480136271900629907350
Utah,2 wk ahead,Bin,percent,2.8,2.9, 0.02292685987806706779390530926
Utah,2 wk ahead,Bin,percent,2.9,3, 0.02276249664063911826161756835
Utah,2 wk ahead,Bin,percent,3,3.1, 0.02251625701194636883228916702
Utah,2 wk ahead,Bin,percent,3.1,3.2, 0.02219242458119482369616193296
Utah,2 wk ahead,Bin,percent,3.2,3.3, 0.02179490392941444559804509140
Utah,2 wk ahead,Bin,percent,3.3,3.4, 0.02133018446421945310542689356
Utah,2 wk ahead,Bin,percent,3.4,3.5, 0.02080470391022950366055610516
Utah,2 wk ahead,Bin,percent,3.5,3.6, 0.02022620282474880612499923416
Utah,2 wk ahead,Bin,percent,3.6,3.7, 0.01960334479606735957890606414
Utah,2 wk ahead,Bin,percent,3.7,3.8, 0.01894444514929902526056970657
Utah,2 wk ahead,Bin,percent,3.8,3.9, 0.01825882943596143434539236239
Utah,2 wk ahead,Bin,percent,3.9,4, 0.01755516726588516804308248709
Utah,2 wk ahead,Bin,percent,4,4.1, 0.01684218621796583492677967797
Utah,2 wk ahead,Bin,percent,4.1,4.2, 0.01612794865085019624384443659
Utah,2 wk ahead,Bin,percent,4.2,4.3, 0.01541980979690509880042359470
Utah,2 wk ahead,Bin,percent,4.3,4.4, 0.01472426649830385278483468880
Utah,2 wk ahead,Bin,percent,4.4,4.5, 0.01404684569512594689844053875
Utah,2 wk ahead,Bin,percent,4.5,4.6, 0.01339172355950584911155054613
Utah,2 wk ahead,Bin,percent,4.6,4.7, 0.01276245875952450141432858999
Utah,2 wk ahead,Bin,percent,4.7,4.8, 0.01216076765926126304617760354
Utah,2 wk ahead,Bin,percent,4.8,4.9, 0.01158787997772046766964404441
Utah,2 wk ahead,Bin,percent,4.9,5, 0.01104365070070055868112213204
Utah,2 wk ahead,Bin,percent,5,5.1, 0.01052714264011016080668792227
Utah,2 wk ahead,Bin,percent,5.1,5.2, 0.01003676642037598827628119835
Utah,2 wk ahead,Bin,percent,5.2,5.3, 0.00957008358109014134473824242
Utah,2 wk ahead,Bin,percent,5.3,5.4, 0.00912463281924492941588056283
Utah,2 wk ahead,Bin,percent,5.4,5.5, 0.00869727658741323468583050982
Utah,2 wk ahead,Bin,percent,5.5,5.6, 0.00828524501296515510084805811
Utah,2 wk ahead,Bin,percent,5.6,5.7, 0.00788552642344522367046089073
Utah,2 wk ahead,Bin,percent,5.7,5.8, 0.00749556613615709813047693899
Utah,2 wk ahead,Bin,percent,5.8,5.9, 0.00711309912210593506959321886
Utah,2 wk ahead,Bin,percent,5.9,6, 0.00673625236255791411121851553
Utah,2 wk ahead,Bin,percent,6,6.1, 0.00636374640556043678213393733
Utah,2 wk ahead,Bin,percent,6.1,6.2, 0.00599473020281212840010276466
Utah,2 wk ahead,Bin,percent,6.2,6.3, 0.00562895554173439057604744207
Utah,2 wk ahead,Bin,percent,6.3,6.4, 0.00526659442374366026234921989
Utah,2 wk ahead,Bin,percent,6.4,6.5, 0.00490833964070646125432695328
Utah,2 wk ahead,Bin,percent,6.5,6.6, 0.00455517417416478279795777340
Utah,2 wk ahead,Bin,percent,6.6,6.7, 0.00420843421347916364638752640
Utah,2 wk ahead,Bin,percent,6.7,6.8, 0.00386966285409938697686937914
Utah,2 wk ahead,Bin,percent,6.8,6.9, 0.00354041950724199140990156032
Utah,2 wk ahead,Bin,percent,6.9,7, 0.00322247487755719045493529862
Utah,2 wk ahead,Bin,percent,7,7.1, 0.00291729824544361597896124927
Utah,2 wk ahead,Bin,percent,7.1,7.2, 0.00262651454422984645051264430
Utah,2 wk ahead,Bin,percent,7.2,7.3, 0.00235127319330609776959484236
Utah,2 wk ahead,Bin,percent,7.3,7.4, 0.00209273654181109077312972211
Utah,2 wk ahead,Bin,percent,7.4,7.5, 0.00185163165437835820770207107
Utah,2 wk ahead,Bin,percent,7.5,7.6, 0.00162846269688446182097307791
Utah,2 wk ahead,Bin,percent,7.6,7.7, 0.00142356565084218104726143661
Utah,2 wk ahead,Bin,percent,7.7,7.8, 0.00123668656886607888738260908
Utah,2 wk ahead,Bin,percent,7.8,7.9, 0.00106777406092570465237501232
Utah,2 wk ahead,Bin,percent,7.9,8, 0.00091608780450662743999323823
Utah,2 wk ahead,Bin,percent,8,8.1, 0.00078101708279290095980618158
Utah,2 wk ahead,Bin,percent,8.1,8.2, 0.00066162239276297118290015575
Utah,2 wk ahead,Bin,percent,8.2,8.3, 0.00055688044483626606990372965
Utah,2 wk ahead,Bin,percent,8.3,8.4, 0.00046574372445688100308203161
Utah,2 wk ahead,Bin,percent,8.4,8.5, 0.00038696395137449078561672766
Utah,2 wk ahead,Bin,percent,8.5,8.6, 0.00031948276377578513221880407
Utah,2 wk ahead,Bin,percent,8.6,8.7, 0.00026200041681031420795489062
Utah,2 wk ahead,Bin,percent,8.7,8.8, 0.00021350407260968667639937368
Utah,2 wk ahead,Bin,percent,8.8,8.9, 0.00017282763052599425389506405
Utah,2 wk ahead,Bin,percent,8.9,9, 0.00013898080556138460743206831
Utah,2 wk ahead,Bin,percent,9,9.1, 0.00011104501590752394667941522
Utah,2 wk ahead,Bin,percent,9.1,9.2, 0.00008812445215805047465419675
Utah,2 wk ahead,Bin,percent,9.2,9.3, 0.00006949302682500598220965982
Utah,2 wk ahead,Bin,percent,9.3,9.4, 0.00006022647494825315980706421
Utah,2 wk ahead,Bin,percent,9.4,9.5, 0.00006017271743971381090356279
Utah,2 wk ahead,Bin,percent,9.5,9.6, 0.00006017271743971381090356279
Utah,2 wk ahead,Bin,percent,9.6,9.7, 0.00006017271743971381090356279
Utah,2 wk ahead,Bin,percent,9.7,9.8, 0.00006017271743971381090356279
Utah,2 wk ahead,Bin,percent,9.8,9.9, 0.00006017271743971381090356279
Utah,2 wk ahead,Bin,percent,9.9,10, 0.00006017271743971381090356279
Utah,2 wk ahead,Bin,percent,10,10.1, 0.00006017271743971381090356279
Utah,2 wk ahead,Bin,percent,10.1,10.2, 0.00006017271743971381090356279
Utah,2 wk ahead,Bin,percent,10.2,10.3, 0.00006017271743971381090356279
Utah,2 wk ahead,Bin,percent,10.3,10.4, 0.00006017271743971381090356279
Utah,2 wk ahead,Bin,percent,10.4,10.5, 0.00006017271743971381090356279
Utah,2 wk ahead,Bin,percent,10.5,10.6, 0.00006017271743971381090356279
Utah,2 wk ahead,Bin,percent,10.6,10.7, 0.00006017271743971381090356279
Utah,2 wk ahead,Bin,percent,10.7,10.8, 0.00006017271743971381090356279
Utah,2 wk ahead,Bin,percent,10.8,10.9, 0.00006017271743971381090356279
Utah,2 wk ahead,Bin,percent,10.9,11, 0.00006017271743971381090356279
Utah,2 wk ahead,Bin,percent,11,11.1, 0.00006017271743971381090356279
Utah,2 wk ahead,Bin,percent,11.1,11.2, 0.00006017271743971381090356279
Utah,2 wk ahead,Bin,percent,11.2,11.3, 0.00006017271743971381090356279
Utah,2 wk ahead,Bin,percent,11.3,11.4, 0.00006017271743971381090356279
Utah,2 wk ahead,Bin,percent,11.4,11.5, 0.00006017271743971381090356279
Utah,2 wk ahead,Bin,percent,11.5,11.6, 0.00006017271743971381090356279
Utah,2 wk ahead,Bin,percent,11.6,11.7, 0.00006017271743971381090356279
Utah,2 wk ahead,Bin,percent,11.7,11.8, 0.00006017271743971381090356279
Utah,2 wk ahead,Bin,percent,11.8,11.9, 0.00006017271743971381090356279
Utah,2 wk ahead,Bin,percent,11.9,12, 0.00006017271743971381090356279
Utah,2 wk ahead,Bin,percent,12,12.1, 0.00006017271743971381090356279
Utah,2 wk ahead,Bin,percent,12.1,12.2, 0.00006017271743971381090356279
Utah,2 wk ahead,Bin,percent,12.2,12.3, 0.00006017271743971381090356279
Utah,2 wk ahead,Bin,percent,12.3,12.4, 0.00006017271743971381090356279
Utah,2 wk ahead,Bin,percent,12.4,12.5, 0.00006017271743971381090356279
Utah,2 wk ahead,Bin,percent,12.5,12.6, 0.00006017271743971381090356279
Utah,2 wk ahead,Bin,percent,12.6,12.7, 0.00006017271743971381090356279
Utah,2 wk ahead,Bin,percent,12.7,12.8, 0.00006017271743971381090356279
Utah,2 wk ahead,Bin,percent,12.8,12.9, 0.00006017271743971381090356279
Utah,2 wk ahead,Bin,percent,12.9,13, 0.00006017271743971381090356279
Utah,2 wk ahead,Bin,percent,13,100, 0.00006017271743971381090356279
Utah,3 wk ahead,Bin,percent,0,0.1, 0.00008692619288125752973189070
Utah,3 wk ahead,Bin,percent,0.1,0.2, 0.00017385238576251508656883571
Utah,3 wk ahead,Bin,percent,0.2,0.3, 0.00017385238576251500525367277
Utah,3 wk ahead,Bin,percent,0.3,0.4, 0.00017385238576251500525367277
Utah,3 wk ahead,Bin,percent,0.4,0.5, 0.00017385238576251500525367277
Utah,3 wk ahead,Bin,percent,0.5,0.6, 0.00017385238576251508656883571
Utah,3 wk ahead,Bin,percent,0.6,0.7, 0.00021292424851583052346389036
Utah,3 wk ahead,Bin,percent,0.7,0.8, 0.00038106543258805444622516756
Utah,3 wk ahead,Bin,percent,0.8,0.9, 0.00066337727986890391868729511
Utah,3 wk ahead,Bin,percent,0.9,1, 0.00111163633378490059148979707
Utah,3 wk ahead,Bin,percent,1,1.1, 0.00179406418059088290477276484
Utah,3 wk ahead,Bin,percent,1.1,1.2, 0.00279165289359784105777118057
Utah,3 wk ahead,Bin,percent,1.2,1.3, 0.00419208086483436291602711066
Utah,3 wk ahead,Bin,percent,1.3,1.4, 0.00608222901466715874102542116
Utah,3 wk ahead,Bin,percent,1.4,1.5, 0.00853695932885317927685253636
Utah,3 wk ahead,Bin,percent,1.5,1.6, 0.01160622061018920514463559357
Utah,3 wk ahead,Bin,percent,1.6,1.7, 0.01530457416226515925117279693
Utah,3 wk ahead,Bin,percent,1.7,1.8, 0.01959856653756605893157427545
Utah,3 wk ahead,Bin,percent,1.8,1.9, 0.02440022939845838678696310353
Utah,3 wk ahead,Bin,percent,1.9,2, 0.02956158236319746113185402692
Utah,3 wk ahead,Bin,percent,2,2.1, 0.03487480998992767422528515908
Utah,3 wk ahead,Bin,percent,2.1,2.2, 0.04007821312519811718377837906
Utah,3 wk ahead,Bin,percent,2.2,2.3, 0.04487026676961556465039748787
Utah,3 wk ahead,Bin,percent,2.3,2.4, 0.04893319633481422320508968937
Utah,3 wk ahead,Bin,percent,2.4,2.5, 0.05196600022950176311908876414
Utah,3 wk ahead,Bin,percent,2.5,2.6, 0.05372376736367977939634599238
Utah,3 wk ahead,Bin,percent,2.6,2.7, 0.05405215700357354768890161267
Utah,3 wk ahead,Bin,percent,2.7,2.8, 0.05291974250983352140442761424
Utah,3 wk ahead,Bin,percent,2.8,2.9, 0.05042289264550782468266021397
Utah,3 wk ahead,Bin,percent,2.9,3, 0.04677579074429299987869512734
Utah,3 wk ahead,Bin,percent,3,3.1, 0.04227744086419851082814247434
Utah,3 wk ahead,Bin,percent,3.1,3.2, 0.03726617261153696708531057880
Utah,3 wk ahead,Bin,percent,3.2,3.3, 0.03207522105393705025289108335
Utah,3 wk ahead,Bin,percent,3.3,3.4, 0.02699318423287022650214339592
Utah,3 wk ahead,Bin,percent,3.4,3.5, 0.02224245606012451720312483872
Utah,3 wk ahead,Bin,percent,3.5,3.6, 0.01797354670206901400275611991
Utah,3 wk ahead,Bin,percent,3.6,3.7, 0.01427419681564030470855009014
Utah,3 wk ahead,Bin,percent,3.7,3.8, 0.01118393206760192118420782492
Utah,3 wk ahead,Bin,percent,3.8,3.9, 0.00871259903823694975555369524
Utah,3 wk ahead,Bin,percent,3.9,4, 0.00685401002123880477567841041
Utah,3 wk ahead,Bin,percent,4,4.1, 0.00559410342872295341526411860
Utah,3 wk ahead,Bin,percent,4.1,4.2, 0.00491344643403466684733471581
Utah,3 wk ahead,Bin,percent,4.2,4.3, 0.00478255105826198064628007600
Utah,3 wk ahead,Bin,percent,4.3,4.4, 0.00515563424081263033810218488
Utah,3 wk ahead,Bin,percent,4.4,4.5, 0.00596221986176896298625926818
Utah,3 wk ahead,Bin,percent,4.5,4.6, 0.00710085058567157777209555292
Utah,3 wk ahead,Bin,percent,4.6,4.7, 0.00843798454391457390666442251
Utah,3 wk ahead,Bin,percent,4.7,4.8, 0.00981377587922149623167467070
Utah,3 wk ahead,Bin,percent,4.8,4.9, 0.01105673604767010674565508310
Utah,3 wk ahead,Bin,percent,4.9,5, 0.01200473240495287911844268791
Utah,3 wk ahead,Bin,percent,5,5.1, 0.01252868090223556093998347194
Utah,3 wk ahead,Bin,percent,5.1,5.2, 0.01255282126564897897391670512
Utah,3 wk ahead,Bin,percent,5.2,5.3, 0.01206710104470270876475535005
Utah,3 wk ahead,Bin,percent,5.3,5.4, 0.01112651010335325048317134389
Utah,3 wk ahead,Bin,percent,5.4,5.5, 0.00983898158543152975830103912
Utah,3 wk ahead,Bin,percent,5.5,5.6, 0.00834349942502153781032081525
Utah,3 wk ahead,Bin,percent,5.6,5.7, 0.00678480117216059223222979213
Utah,3 wk ahead,Bin,percent,5.7,5.8, 0.00529064028430290683724379619
Utah,3 wk ahead,Bin,percent,5.8,5.9, 0.00395604584777633008774166967
Utah,3 wk ahead,Bin,percent,5.9,6, 0.00283659028606556224208490313
Utah,3 wk ahead,Bin,percent,6,6.1, 0.00195032736518567723429939953
Utah,3 wk ahead,Bin,percent,6.1,6.2, 0.00128587005382807388099986046
Utah,3 wk ahead,Bin,percent,6.2,6.3, 0.00081291942457944836846611691
Utah,3 wk ahead,Bin,percent,6.3,6.4, 0.00049281560127732162383124015
Utah,3 wk ahead,Bin,percent,6.4,6.5, 0.00028649213687208653460192220
Utah,3 wk ahead,Bin,percent,6.5,6.6, 0.00016402828433007482023323065
Utah,3 wk ahead,Bin,percent,6.6,6.7, 0.00014149067350962944451114867
Utah,3 wk ahead,Bin,percent,6.7,6.8, 0.00014149067350962944451114867
Utah,3 wk ahead,Bin,percent,6.8,6.9, 0.00014149067350962944451114867
Utah,3 wk ahead,Bin,percent,6.9,7, 0.00014149067350962944451114867
Utah,3 wk ahead,Bin,percent,7,7.1, 0.00014149067350962944451114867
Utah,3 wk ahead,Bin,percent,7.1,7.2, 0.00014149067350962944451114867
Utah,3 wk ahead,Bin,percent,7.2,7.3, 0.00014149067350962944451114867
Utah,3 wk ahead,Bin,percent,7.3,7.4, 0.00014149067350962944451114867
Utah,3 wk ahead,Bin,percent,7.4,7.5, 0.00014149067350962944451114867
Utah,3 wk ahead,Bin,percent,7.5,7.6, 0.00014149067350962944451114867
Utah,3 wk ahead,Bin,percent,7.6,7.7, 0.00014149067350962944451114867
Utah,3 wk ahead,Bin,percent,7.7,7.8, 0.00014149067350962944451114867
Utah,3 wk ahead,Bin,percent,7.8,7.9, 0.00014149067350962944451114867
Utah,3 wk ahead,Bin,percent,7.9,8, 0.00014149067350962944451114867
Utah,3 wk ahead,Bin,percent,8,8.1, 0.00014149067350963071844870134
Utah,3 wk ahead,Bin,percent,8.1,8.2, 0.00014149067350963196528119969
Utah,3 wk ahead,Bin,percent,8.2,8.3, 0.00014149067350963196528119969
Utah,3 wk ahead,Bin,percent,8.3,8.4, 0.00014149067350963196528119969
Utah,3 wk ahead,Bin,percent,8.4,8.5, 0.00014149067350963196528119969
Utah,3 wk ahead,Bin,percent,8.5,8.6, 0.00014149067350963196528119969
Utah,3 wk ahead,Bin,percent,8.6,8.7, 0.00014149067350963196528119969
Utah,3 wk ahead,Bin,percent,8.7,8.8, 0.00014149067350963196528119969
Utah,3 wk ahead,Bin,percent,8.8,8.9, 0.00014149067350963196528119969
Utah,3 wk ahead,Bin,percent,8.9,9, 0.00014149067350963196528119969
Utah,3 wk ahead,Bin,percent,9,9.1, 0.00014149067350963196528119969
Utah,3 wk ahead,Bin,percent,9.1,9.2, 0.00014149067350963196528119969
Utah,3 wk ahead,Bin,percent,9.2,9.3, 0.00014149067350963196528119969
Utah,3 wk ahead,Bin,percent,9.3,9.4, 0.00014149067350963196528119969
Utah,3 wk ahead,Bin,percent,9.4,9.5, 0.00014149067350963196528119969
Utah,3 wk ahead,Bin,percent,9.5,9.6, 0.00014149067350963196528119969
Utah,3 wk ahead,Bin,percent,9.6,9.7, 0.00014149067350963196528119969
Utah,3 wk ahead,Bin,percent,9.7,9.8, 0.00014149067350963196528119969
Utah,3 wk ahead,Bin,percent,9.8,9.9, 0.00014149067350963196528119969
Utah,3 wk ahead,Bin,percent,9.9,10, 0.00014149067350963196528119969
Utah,3 wk ahead,Bin,percent,10,10.1, 0.00014149067350963196528119969
Utah,3 wk ahead,Bin,percent,10.1,10.2, 0.00014149067350963196528119969
Utah,3 wk ahead,Bin,percent,10.2,10.3, 0.00014149067350963196528119969
Utah,3 wk ahead,Bin,percent,10.3,10.4, 0.00014149067350963196528119969
Utah,3 wk ahead,Bin,percent,10.4,10.5, 0.00014149067350963196528119969
Utah,3 wk ahead,Bin,percent,10.5,10.6, 0.00014149067350963196528119969
Utah,3 wk ahead,Bin,percent,10.6,10.7, 0.00014149067350963196528119969
Utah,3 wk ahead,Bin,percent,10.7,10.8, 0.00014149067350963196528119969
Utah,3 wk ahead,Bin,percent,10.8,10.9, 0.00014149067350963196528119969
Utah,3 wk ahead,Bin,percent,10.9,11, 0.00014149067350963196528119969
Utah,3 wk ahead,Bin,percent,11,11.1, 0.00014149067350963196528119969
Utah,3 wk ahead,Bin,percent,11.1,11.2, 0.00014149067350963196528119969
Utah,3 wk ahead,Bin,percent,11.2,11.3, 0.00014149067350963196528119969
Utah,3 wk ahead,Bin,percent,11.3,11.4, 0.00014149067350963196528119969
Utah,3 wk ahead,Bin,percent,11.4,11.5, 0.00014149067350963196528119969
Utah,3 wk ahead,Bin,percent,11.5,11.6, 0.00014149067350963196528119969
Utah,3 wk ahead,Bin,percent,11.6,11.7, 0.00014149067350963196528119969
Utah,3 wk ahead,Bin,percent,11.7,11.8, 0.00014149067350963196528119969
Utah,3 wk ahead,Bin,percent,11.8,11.9, 0.00014149067350963196528119969
Utah,3 wk ahead,Bin,percent,11.9,12, 0.00014149067350963196528119969
Utah,3 wk ahead,Bin,percent,12,12.1, 0.00014149067350963196528119969
Utah,3 wk ahead,Bin,percent,12.1,12.2, 0.00014149067350963196528119969
Utah,3 wk ahead,Bin,percent,12.2,12.3, 0.00014149067350963196528119969
Utah,3 wk ahead,Bin,percent,12.3,12.4, 0.00014149067350963196528119969
Utah,3 wk ahead,Bin,percent,12.4,12.5, 0.00014149067350963196528119969
Utah,3 wk ahead,Bin,percent,12.5,12.6, 0.00014149067350963196528119969
Utah,3 wk ahead,Bin,percent,12.6,12.7, 0.00014149067350963196528119969
Utah,3 wk ahead,Bin,percent,12.7,12.8, 0.00014149067350963196528119969
Utah,3 wk ahead,Bin,percent,12.8,12.9, 0.00014149067350963196528119969
Utah,3 wk ahead,Bin,percent,12.9,13, 0.00014149067350963196528119969
Utah,3 wk ahead,Bin,percent,13,100, 0.00014149067350963196528119969
Utah,4 wk ahead,Bin,percent,0,0.1, 0.00079718229949365167902319840
Utah,4 wk ahead,Bin,percent,0.1,0.2, 0.00159436459898730379172726579
Utah,4 wk ahead,Bin,percent,0.2,0.3, 0.00159436459898730270752509330
Utah,4 wk ahead,Bin,percent,0.3,0.4, 0.00159436459898730270752509330
Utah,4 wk ahead,Bin,percent,0.4,0.5, 0.00159436459898730270752509330
Utah,4 wk ahead,Bin,percent,0.5,0.6, 0.00159436459898730400856770029
Utah,4 wk ahead,Bin,percent,0.6,0.7, 0.00159436459898730465908900378
Utah,4 wk ahead,Bin,percent,0.7,0.8, 0.00159436459898730465908900378
Utah,4 wk ahead,Bin,percent,0.8,0.9, 0.00159436459898730465908900378
Utah,4 wk ahead,Bin,percent,0.9,1, 0.00159436459898730465908900378
Utah,4 wk ahead,Bin,percent,1,1.1, 0.00159436459898730465908900378
Utah,4 wk ahead,Bin,percent,1.1,1.2, 0.00159436459898730465908900378
Utah,4 wk ahead,Bin,percent,1.2,1.3, 0.00159436459898730465908900378
Utah,4 wk ahead,Bin,percent,1.3,1.4, 0.00159436459898730465908900378
Utah,4 wk ahead,Bin,percent,1.4,1.5, 0.00159436459898730465908900378
Utah,4 wk ahead,Bin,percent,1.5,1.6, 0.00159436459898730465908900378
Utah,4 wk ahead,Bin,percent,1.6,1.7, 0.00159436459898730465908900378
Utah,4 wk ahead,Bin,percent,1.7,1.8, 0.00159436459898730465908900378
Utah,4 wk ahead,Bin,percent,1.8,1.9, 0.00159436459898730465908900378
Utah,4 wk ahead,Bin,percent,1.9,2, 0.00159436459898730465908900378
Utah,4 wk ahead,Bin,percent,2,2.1, 0.00159436459898730097280161733
Utah,4 wk ahead,Bin,percent,2.1,2.2, 0.00159436459898729772019509987
Utah,4 wk ahead,Bin,percent,2.2,2.3, 0.00171100145527931140135291521
Utah,4 wk ahead,Bin,percent,2.3,2.4, 0.01703668832166838065234060196
Utah,4 wk ahead,Bin,percent,2.4,2.5, 0.09161139697384526603407550738
Utah,4 wk ahead,Bin,percent,2.5,2.6, 0.12683467436101647507484813104
Utah,4 wk ahead,Bin,percent,2.6,2.7, 0.04582139961034072117573856531
Utah,4 wk ahead,Bin,percent,2.7,2.8, 0.01253297414352099251044769801
Utah,4 wk ahead,Bin,percent,2.8,2.9, 0.07631063740774957082635410188
Utah,4 wk ahead,Bin,percent,2.9,3, 0.17698693548912433626263407405
Utah,4 wk ahead,Bin,percent,3,3.1, 0.10771336647444902656634013738
Utah,4 wk ahead,Bin,percent,3.1,3.2, 0.02638072725373374546875560043
Utah,4 wk ahead,Bin,percent,3.2,3.3, 0.03549869007625463396271570105
Utah,4 wk ahead,Bin,percent,3.3,3.4, 0.03235458645043169656485559926
Utah,4 wk ahead,Bin,percent,3.4,3.5, 0.00776727658084112697334244757
Utah,4 wk ahead,Bin,percent,3.5,3.6, 0.00046750256441467749526225139
Utah,4 wk ahead,Bin,percent,3.6,3.7, 0.00000678678009978360954532455
Utah,4 wk ahead,Bin,percent,3.7,3.8, 0.00000003712096380564148795952
Utah,4 wk ahead,Bin,percent,3.8,3.9, 0.00000524265361379798040369340
Utah,4 wk ahead,Bin,percent,3.9,4, 0.00044722501798738815113887224
Utah,4 wk ahead,Bin,percent,4,4.1, 0.00913799477392567352507235512
Utah,4 wk ahead,Bin,percent,4.1,4.2, 0.04649850124273723767087673764
Utah,4 wk ahead,Bin,percent,4.2,4.3, 0.06098392335510955525323950610
Utah,4 wk ahead,Bin,percent,4.3,4.4, 0.02075939767075802439011411593
Utah,4 wk ahead,Bin,percent,4.4,4.5, 0.00192730938240681724631098160
Utah,4 wk ahead,Bin,percent,4.5,4.6, 0.00077821960420349086621355505
Utah,4 wk ahead,Bin,percent,4.6,4.7, 0.00077821960420349086621355505
Utah,4 wk ahead,Bin,percent,4.7,4.8, 0.00077821960420349086621355505
Utah,4 wk ahead,Bin,percent,4.8,4.9, 0.00077821960420349086621355505
Utah,4 wk ahead,Bin,percent,4.9,5, 0.00077821960420349086621355505
Utah,4 wk ahead,Bin,percent,5,5.1, 0.00077821960420349086621355505
Utah,4 wk ahead,Bin,percent,5.1,5.2, 0.00077821960420349086621355505
Utah,4 wk ahead,Bin,percent,5.2,5.3, 0.00077821960420349086621355505
Utah,4 wk ahead,Bin,percent,5.3,5.4, 0.00077821960420349086621355505
Utah,4 wk ahead,Bin,percent,5.4,5.5, 0.00077821960420349086621355505
Utah,4 wk ahead,Bin,percent,5.5,5.6, 0.00077821960420349086621355505
Utah,4 wk ahead,Bin,percent,5.6,5.7, 0.00077821960420349086621355505
Utah,4 wk ahead,Bin,percent,5.7,5.8, 0.00077821960420349086621355505
Utah,4 wk ahead,Bin,percent,5.8,5.9, 0.00077821960420349086621355505
Utah,4 wk ahead,Bin,percent,5.9,6, 0.00077821960420349086621355505
Utah,4 wk ahead,Bin,percent,6,6.1, 0.00077821960420349086621355505
Utah,4 wk ahead,Bin,percent,6.1,6.2, 0.00077821960420349086621355505
Utah,4 wk ahead,Bin,percent,6.2,6.3, 0.00077821960420349086621355505
Utah,4 wk ahead,Bin,percent,6.3,6.4, 0.00077821960420349086621355505
Utah,4 wk ahead,Bin,percent,6.4,6.5, 0.00077821960420349086621355505
Utah,4 wk ahead,Bin,percent,6.5,6.6, 0.00077821960420349086621355505
Utah,4 wk ahead,Bin,percent,6.6,6.7, 0.00077821960420349086621355505
Utah,4 wk ahead,Bin,percent,6.7,6.8, 0.00077821960420349086621355505
Utah,4 wk ahead,Bin,percent,6.8,6.9, 0.00077821960420349086621355505
Utah,4 wk ahead,Bin,percent,6.9,7, 0.00077821960420349086621355505
Utah,4 wk ahead,Bin,percent,7,7.1, 0.00077821960420349086621355505
Utah,4 wk ahead,Bin,percent,7.1,7.2, 0.00077821960420349086621355505
Utah,4 wk ahead,Bin,percent,7.2,7.3, 0.00077821960420349086621355505
Utah,4 wk ahead,Bin,percent,7.3,7.4, 0.00077821960420349086621355505
Utah,4 wk ahead,Bin,percent,7.4,7.5, 0.00077821960420349086621355505
Utah,4 wk ahead,Bin,percent,7.5,7.6, 0.00077821960420349086621355505
Utah,4 wk ahead,Bin,percent,7.6,7.7, 0.00077821960420349086621355505
Utah,4 wk ahead,Bin,percent,7.7,7.8, 0.00077821960420349086621355505
Utah,4 wk ahead,Bin,percent,7.8,7.9, 0.00077821960420349086621355505
Utah,4 wk ahead,Bin,percent,7.9,8, 0.00077821960420349086621355505
Utah,4 wk ahead,Bin,percent,8,8.1, 0.00077821960420349791352767621
Utah,4 wk ahead,Bin,percent,8.1,8.2, 0.00077821960420350474400136287
Utah,4 wk ahead,Bin,percent,8.2,8.3, 0.00077821960420350474400136287
Utah,4 wk ahead,Bin,percent,8.3,8.4, 0.00077821960420350474400136287
Utah,4 wk ahead,Bin,percent,8.4,8.5, 0.00077821960420350474400136287
Utah,4 wk ahead,Bin,percent,8.5,8.6, 0.00077821960420350474400136287
Utah,4 wk ahead,Bin,percent,8.6,8.7, 0.00077821960420350474400136287
Utah,4 wk ahead,Bin,percent,8.7,8.8, 0.00077821960420350474400136287
Utah,4 wk ahead,Bin,percent,8.8,8.9, 0.00077821960420350474400136287
Utah,4 wk ahead,Bin,percent,8.9,9, 0.00077821960420350474400136287
Utah,4 wk ahead,Bin,percent,9,9.1, 0.00077821960420350474400136287
Utah,4 wk ahead,Bin,percent,9.1,9.2, 0.00077821960420350474400136287
Utah,4 wk ahead,Bin,percent,9.2,9.3, 0.00077821960420350474400136287
Utah,4 wk ahead,Bin,percent,9.3,9.4, 0.00077821960420350474400136287
Utah,4 wk ahead,Bin,percent,9.4,9.5, 0.00077821960420350474400136287
Utah,4 wk ahead,Bin,percent,9.5,9.6, 0.00077821960420350474400136287
Utah,4 wk ahead,Bin,percent,9.6,9.7, 0.00077821960420350474400136287
Utah,4 wk ahead,Bin,percent,9.7,9.8, 0.00077821960420350474400136287
Utah,4 wk ahead,Bin,percent,9.8,9.9, 0.00077821960420350474400136287
Utah,4 wk ahead,Bin,percent,9.9,10, 0.00077821960420350474400136287
Utah,4 wk ahead,Bin,percent,10,10.1, 0.00077821960420350474400136287
Utah,4 wk ahead,Bin,percent,10.1,10.2, 0.00077821960420350474400136287
Utah,4 wk ahead,Bin,percent,10.2,10.3, 0.00077821960420350474400136287
Utah,4 wk ahead,Bin,percent,10.3,10.4, 0.00077821960420350474400136287
Utah,4 wk ahead,Bin,percent,10.4,10.5, 0.00077821960420350474400136287
Utah,4 wk ahead,Bin,percent,10.5,10.6, 0.00077821960420350474400136287
Utah,4 wk ahead,Bin,percent,10.6,10.7, 0.00077821960420350474400136287
Utah,4 wk ahead,Bin,percent,10.7,10.8, 0.00077821960420350474400136287
Utah,4 wk ahead,Bin,percent,10.8,10.9, 0.00077821960420350474400136287
Utah,4 wk ahead,Bin,percent,10.9,11, 0.00077821960420350474400136287
Utah,4 wk ahead,Bin,percent,11,11.1, 0.00077821960420350474400136287
Utah,4 wk ahead,Bin,percent,11.1,11.2, 0.00077821960420350474400136287
Utah,4 wk ahead,Bin,percent,11.2,11.3, 0.00077821960420350474400136287
Utah,4 wk ahead,Bin,percent,11.3,11.4, 0.00077821960420350474400136287
Utah,4 wk ahead,Bin,percent,11.4,11.5, 0.00077821960420350474400136287
Utah,4 wk ahead,Bin,percent,11.5,11.6, 0.00077821960420350474400136287
Utah,4 wk ahead,Bin,percent,11.6,11.7, 0.00077821960420350474400136287
Utah,4 wk ahead,Bin,percent,11.7,11.8, 0.00077821960420350474400136287
Utah,4 wk ahead,Bin,percent,11.8,11.9, 0.00077821960420350474400136287
Utah,4 wk ahead,Bin,percent,11.9,12, 0.00077821960420350474400136287
Utah,4 wk ahead,Bin,percent,12,12.1, 0.00077821960420350474400136287
Utah,4 wk ahead,Bin,percent,12.1,12.2, 0.00077821960420350474400136287
Utah,4 wk ahead,Bin,percent,12.2,12.3, 0.00077821960420350474400136287
Utah,4 wk ahead,Bin,percent,12.3,12.4, 0.00077821960420350474400136287
Utah,4 wk ahead,Bin,percent,12.4,12.5, 0.00077821960420350474400136287
Utah,4 wk ahead,Bin,percent,12.5,12.6, 0.00077821960420350474400136287
Utah,4 wk ahead,Bin,percent,12.6,12.7, 0.00077821960420350474400136287
Utah,4 wk ahead,Bin,percent,12.7,12.8, 0.00077821960420350474400136287
Utah,4 wk ahead,Bin,percent,12.8,12.9, 0.00077821960420350474400136287
Utah,4 wk ahead,Bin,percent,12.9,13, 0.00077821960420350474400136287
Utah,4 wk ahead,Bin,percent,13,100, 0.00077821960420350474400136287
Texas,Season peak week,Bin,week,40,41, 0.00075657755402543081478528020
Texas,Season peak week,Bin,week,41,42, 0.00075657755402543081478528020
Texas,Season peak week,Bin,week,42,43, 0.00075657755402543081478528020
Texas,Season peak week,Bin,week,43,44, 0.00075657755402543081478528020
Texas,Season peak week,Bin,week,44,45, 0.00075657755402543081478528020
Texas,Season peak week,Bin,week,45,46, 0.00075657755402543081478528020
Texas,Season peak week,Bin,week,46,47, 0.00075657755402543081478528020
Texas,Season peak week,Bin,week,47,48, 0.00214566703252857095621242145
Texas,Season peak week,Bin,week,48,49, 0.01097247331924979321660096332
Texas,Season peak week,Bin,week,49,50, 0.03774155530546936809788149958
Texas,Season peak week,Bin,week,50,51, 0.08781945632511918564677699806
Texas,Season peak week,Bin,week,51,52, 0.13861368717571506681274229322
Texas,Season peak week,Bin,week,52,53, 0.14816449647001533884704826960
Texas,Season peak week,Bin,week,1,2, 0.10669026926717807557398742802
Texas,Season peak week,Bin,week,2,3, 0.05157357088515053533672727326
Texas,Season peak week,Bin,week,3,4, 0.01807703512388150746126314061
Texas,Season peak week,Bin,week,4,5, 0.01121712021771546427539867352
Texas,Season peak week,Bin,week,5,6, 0.02355007765712859718609806237
Texas,Season peak week,Bin,week,6,7, 0.04450464399642915097610185171
Texas,Season peak week,Bin,week,7,8, 0.05645403596000046764213919914
Texas,Season peak week,Bin,week,8,9, 0.05092332262737494369408963735
Texas,Season peak week,Bin,week,9,10, 0.04283303757640927883487691474
Texas,Season peak week,Bin,week,10,11, 0.04573582918095191185425818503
Texas,Season peak week,Bin,week,11,12, 0.04887207713833050665153123759
Texas,Season peak week,Bin,week,12,13, 0.03820012635436561415636091965
Texas,Season peak week,Bin,week,13,14, 0.01979595531271066341516551290
Texas,Season peak week,Bin,week,14,15, 0.00666614585933384892757480600
Texas,Season peak week,Bin,week,15,16, 0.00145338756911199992565009165
Texas,Season peak week,Bin,week,16,17, 0.00053999735353043795682559391
Texas,Season peak week,Bin,week,17,18, 0.00053999735353043795682559391
Texas,Season peak week,Bin,week,18,19, 0.00053999735353043795682559391
Texas,Season peak week,Bin,week,19,20, 0.00053999735353043795682559391
Texas,Season peak week,Bin,week,20,21, 0.00053999735353043795682559391
Texas,Season peak percentage,Bin,percent,0,0.1, 0.00016631992236188283948092326
Texas,Season peak percentage,Bin,percent,0.1,0.2, 0.00037165135651030789792209630
Texas,Season peak percentage,Bin,percent,0.2,0.3, 0.00042897984187410977260576650
Texas,Season peak percentage,Bin,percent,0.3,0.4, 0.00049312817871382901274007748
Texas,Season peak percentage,Bin,percent,0.4,0.5, 0.00056455260129642363415430895
Texas,Season peak percentage,Bin,percent,0.5,0.6, 0.00064356884289659243691267276
Texas,Season peak percentage,Bin,percent,0.6,0.7, 0.00073067300120888383895695339
Texas,Season peak percentage,Bin,percent,0.7,0.8, 0.00082603918150457806071629285
Texas,Season peak percentage,Bin,percent,0.8,0.9, 0.00093006894792363123142947545
Texas,Season peak percentage,Bin,percent,0.9,1, 0.00104275541479593981085416399
Texas,Season peak percentage,Bin,percent,1,1.1, 0.00116433414977955176743129595
Texas,Season peak percentage,Bin,percent,1.1,1.2, 0.00129460417675666549126856086
Texas,Season peak percentage,Bin,percent,1.2,1.3, 0.00143356928910006440648639003
Texas,Season peak percentage,Bin,percent,1.3,1.4, 0.00158083643791287194006744965
Texas,Season peak percentage,Bin,percent,1.4,1.5, 0.00173597127430038665647782370
Texas,Season peak percentage,Bin,percent,1.5,1.6, 0.00189849574864503446366970074
Texas,Season peak percentage,Bin,percent,1.6,1.7, 0.00206756425077204682508313915
Texas,Season peak percentage,Bin,percent,1.7,1.8, 0.00224241638786967702884345144
Texas,Season peak percentage,Bin,percent,1.8,1.9, 0.00242193150294279157738741581
Texas,Season peak percentage,Bin,percent,1.9,2, 0.00260503762642271246424696685
Texas,Season peak percentage,Bin,percent,2,2.1, 0.00279037808426345606410690081
Texas,Season peak percentage,Bin,percent,2.1,2.2, 0.00297657261761056102927769373
Texas,Season peak percentage,Bin,percent,2.2,2.3, 0.00316208507910182776146079675
Texas,Season peak percentage,Bin,percent,2.3,2.4, 0.00334532816836891110437446351
Texas,Season peak percentage,Bin,percent,2.4,2.5, 0.00352458532076175721711730482
Texas,Season peak percentage,Bin,percent,2.5,2.6, 0.00369825831127083880581207787
Texas,Season peak percentage,Bin,percent,2.6,2.7, 0.00386451199157769511444149302
Texas,Season peak percentage,Bin,percent,2.7,2.8, 0.00402184128748694306315636382
Texas,Season peak percentage,Bin,percent,2.8,2.9, 0.00416841926720543966278231807
Texas,Season peak percentage,Bin,percent,2.9,3, 0.00430297263415231352051693037
Texas,Season peak percentage,Bin,percent,3,3.1, 0.00442382255830521368966667950
Texas,Season peak percentage,Bin,percent,3.1,3.2, 0.00453000914638384839100426760
Texas,Season peak percentage,Bin,percent,3.2,3.3, 0.00462016045336933068449214446
Texas,Season peak percentage,Bin,percent,3.3,3.4, 0.00469360680204804463916401502
Texas,Season peak percentage,Bin,percent,3.4,3.5, 0.00474976459369145283945234937
Texas,Season peak percentage,Bin,percent,3.5,3.6, 0.00478801089177924819872966822
Texas,Season peak percentage,Bin,percent,3.6,3.7, 0.00480859396762221228543987550
Texas,Season peak percentage,Bin,percent,3.7,3.8, 0.00481133253876852261254892795
Texas,Season peak percentage,Bin,percent,3.8,3.9, 0.00479706188437435156191046559
Texas,Season peak percentage,Bin,percent,3.9,4, 0.00476614219413689678417345164
Texas,Season peak percentage,Bin,percent,4,4.1, 0.00471995090208360192768344277
Texas,Season peak percentage,Bin,percent,4.1,4.2, 0.00465944376381649105062221494
Texas,Season peak percentage,Bin,percent,4.2,4.3, 0.00458645768216128617289495395
Texas,Season peak percentage,Bin,percent,4.3,4.4, 0.00450256464187005420174436665
Texas,Season peak percentage,Bin,percent,4.4,4.5, 0.00440980365822535563119499713
Texas,Season peak percentage,Bin,percent,4.5,4.6, 0.00431040820301123710905910613
Texas,Season peak percentage,Bin,percent,4.6,4.7, 0.00420659874588889468038921393
Texas,Season peak percentage,Bin,percent,4.7,4.8, 0.00410086125561258743599246657
Texas,Season peak percentage,Bin,percent,4.8,4.9, 0.00399569257680473972904611202
Texas,Season peak percentage,Bin,percent,4.9,5, 0.00389359493529000972450448970
Texas,Season peak percentage,Bin,percent,5,5.1, 0.00379722663587154889153207904
Texas,Season peak percentage,Bin,percent,5.1,5.2, 0.00370896832194474428828767643
Texas,Season peak percentage,Bin,percent,5.2,5.3, 0.00363146536097360425957014662
Texas,Season peak percentage,Bin,percent,5.3,5.4, 0.00356698994960574734466862701
Texas,Season peak percentage,Bin,percent,5.4,5.5, 0.00351770934364882721656631048
Texas,Season peak percentage,Bin,percent,5.5,5.6, 0.00348598129507877085506151182
Texas,Season peak percentage,Bin,percent,5.6,5.7, 0.00347329421766219602688008372
Texas,Season peak percentage,Bin,percent,5.7,5.8, 0.00348178768456057410179971257
Texas,Season peak percentage,Bin,percent,5.8,5.9, 0.00351240726045075465563960471
Texas,Season peak percentage,Bin,percent,5.9,6, 0.00356691127928298592694722480
Texas,Season peak percentage,Bin,percent,6,6.1, 0.00364566598370362959444235251
Texas,Season peak percentage,Bin,percent,6.1,6.2, 0.00374993750332265098068607045
Texas,Season peak percentage,Bin,percent,6.2,6.3, 0.00387957298912856461334253133
Texas,Season peak percentage,Bin,percent,6.3,6.4, 0.00403504098849121785319571387
Texas,Season peak percentage,Bin,percent,6.4,6.5, 0.00421617558361794906446329279
Texas,Season peak percentage,Bin,percent,6.5,6.6, 0.00442213863496765217930839498
Texas,Season peak percentage,Bin,percent,6.6,6.7, 0.00465274661291525254425138769
Texas,Season peak percentage,Bin,percent,6.7,6.8, 0.00490641320751491940427291283
Texas,Season peak percentage,Bin,percent,6.8,6.9, 0.00518246115067045372976073381
Texas,Season peak percentage,Bin,percent,6.9,7, 0.00547885722126807347964749795
Texas,Season peak percentage,Bin,percent,7,7.1, 0.00579441507990674595923730195
Texas,Season peak percentage,Bin,percent,7.1,7.2, 0.00612678420854378437410137082
Texas,Season peak percentage,Bin,percent,7.2,7.3, 0.00647428003706373121628470102
Texas,Season peak percentage,Bin,percent,7.3,7.4, 0.00683442205366115770187596112
Texas,Season peak percentage,Bin,percent,7.4,7.5, 0.00720493337529010038217114342
Texas,Season peak percentage,Bin,percent,7.5,7.6, 0.00758343748771462232427520433
Texas,Season peak percentage,Bin,percent,7.6,7.7, 0.00796730032450533413868054566
Texas,Season peak percentage,Bin,percent,7.7,7.8, 0.00835405946969855484063316453
Texas,Season peak percentage,Bin,percent,7.8,7.9, 0.00874112099600290147483061531
Texas,Season peak percentage,Bin,percent,7.9,8, 0.00912591591881539709874004984
Texas,Season peak percentage,Bin,percent,8,8.1, 0.00950603023081129233640140797
Texas,Season peak percentage,Bin,percent,8.1,8.2, 0.00987889146444077305420083945
Texas,Season peak percentage,Bin,percent,8.2,8.3, 0.01024232773677594479644348269
Texas,Season peak percentage,Bin,percent,8.3,8.4, 0.01059401363479111832233137136
Texas,Season peak percentage,Bin,percent,8.4,8.5, 0.01093179984395492229665158845
Texas,Season peak percentage,Bin,percent,8.5,8.6, 0.01125404698621532313673743175
Texas,Season peak percentage,Bin,percent,8.6,8.7, 0.01155860639644476668685957321
Texas,Season peak percentage,Bin,percent,8.7,8.8, 0.01184441020061344738978359459
Texas,Season peak percentage,Bin,percent,8.8,8.9, 0.01210959121546321785867217358
Texas,Season peak percentage,Bin,percent,8.9,9, 0.01235356364213176239008618040
Texas,Season peak percentage,Bin,percent,9,9.1, 0.01257483580744926145167372766
Texas,Season peak percentage,Bin,percent,9.1,9.2, 0.01277325632157733613369909875
Texas,Season peak percentage,Bin,percent,9.2,9.3, 0.01294780494478433609251144532
Texas,Season peak percentage,Bin,percent,9.3,9.4, 0.01309853948825555856882996153
Texas,Season peak percentage,Bin,percent,9.4,9.5, 0.01322538607997596898924186348
Texas,Season peak percentage,Bin,percent,9.5,9.6, 0.01332813837521990875389921172
Texas,Season peak percentage,Bin,percent,9.6,9.7, 0.01340765015336203326568043082
Texas,Season peak percentage,Bin,percent,9.7,9.8, 0.01346384536831071038198714973
Texas,Season peak percentage,Bin,percent,9.8,9.9, 0.01349796346236231334159150208
Texas,Season peak percentage,Bin,percent,9.9,10, 0.01351023608773711456865207481
Texas,Season peak percentage,Bin,percent,10,10.1, 0.01350212377915278871842730268
Texas,Season peak percentage,Bin,percent,10.1,10.2, 0.01347415117496466099855645382
Texas,Season peak percentage,Bin,percent,10.2,10.3, 0.01342787808657605087836461877
Texas,Season peak percentage,Bin,percent,10.3,10.4, 0.01336418092933513816766843973
Texas,Season peak percentage,Bin,percent,10.4,10.5, 0.01328433145993979623555869551
Texas,Season peak percentage,Bin,percent,10.5,10.6, 0.01318975468554180359437300041
Texas,Season peak percentage,Bin,percent,10.6,10.7, 0.01308138919692726151455808292
Texas,Season peak percentage,Bin,percent,10.7,10.8, 0.01296074514150951859092764096
Texas,Season peak percentage,Bin,percent,10.8,10.9, 0.01282869251593678552869626230
Texas,Season peak percentage,Bin,percent,10.9,11, 0.01268657546596800578253549929
Texas,Season peak percentage,Bin,percent,11,11.1, 0.01253516674421805560113440947
Texas,Season peak percentage,Bin,percent,11.1,11.2, 0.01237556679263162977278067700
Texas,Season peak percentage,Bin,percent,11.2,11.3, 0.01220839182332097115624147676
Texas,Season peak percentage,Bin,percent,11.3,11.4, 0.01203442510351144210944962509
Texas,Season peak percentage,Bin,percent,11.4,11.5, 0.01185418983876404715183117133
Texas,Season peak percentage,Bin,percent,11.5,11.6, 0.01166802954574429340706132052
Texas,Season peak percentage,Bin,percent,11.6,11.7, 0.01147635094758325639829887876
Texas,Season peak percentage,Bin,percent,11.7,11.8, 0.01127919367382909481001274088
Texas,Season peak percentage,Bin,percent,11.8,11.9, 0.01107674181483377789936284330
Texas,Season peak percentage,Bin,percent,11.9,12, 0.01086882111769414682722612042
Texas,Season peak percentage,Bin,percent,12,12.1, 0.01065543058753754684930825647
Texas,Season peak percentage,Bin,percent,12.1,12.2, 0.01043625131044940285152122783
Texas,Season peak percentage,Bin,percent,12.2,12.3, 0.01021116553565705117878614772
Texas,Season peak percentage,Bin,percent,12.3,12.4, 0.00997982931940434234152625947
Texas,Season peak percentage,Bin,percent,12.4,12.5, 0.00974198188982444875094746095
Texas,Season peak percentage,Bin,percent,12.5,12.6, 0.00949748509952895794694605058
Texas,Season peak percentage,Bin,percent,12.6,12.7, 0.00924600868209884615978033651
Texas,Season peak percentage,Bin,percent,12.7,12.8, 0.00898758880798206614970435879
Texas,Season peak percentage,Bin,percent,12.8,12.9, 0.00872203610551214487955906662
Texas,Season peak percentage,Bin,percent,12.9,13, 0.00844958125126086916079071187
Texas,Season peak percentage,Bin,percent,13,100, 0.10780525166557113070364692931
Texas,1 wk ahead,Bin,percent,0,0.1, 0.00140634612598941545653918883
Texas,1 wk ahead,Bin,percent,0.1,0.2, 0.00292409749739001552717998500
Texas,1 wk ahead,Bin,percent,0.2,0.3, 0.00307619873929203041171276389
Texas,1 wk ahead,Bin,percent,0.3,0.4, 0.00323241702644796319310316335
Texas,1 wk ahead,Bin,percent,0.4,0.5, 0.00339252844982673934862149601
Texas,1 wk ahead,Bin,percent,0.5,0.6, 0.00355639327559460760586063088
Texas,1 wk ahead,Bin,percent,0.6,0.7, 0.00372387216867390213534405596
Texas,1 wk ahead,Bin,percent,0.7,0.8, 0.00389478068296957632282717654
Texas,1 wk ahead,Bin,percent,0.8,0.9, 0.00406893476706381672369783331
Texas,1 wk ahead,Bin,percent,0.9,1, 0.00424615113108269773972702765
Texas,1 wk ahead,Bin,percent,1,1.1, 0.00442623377437502060760543543
Texas,1 wk ahead,Bin,percent,1.1,1.2, 0.00460892474471170411620679630
Texas,1 wk ahead,Bin,percent,1.2,1.3, 0.00479399388084090528894254390
Texas,1 wk ahead,Bin,percent,1.3,1.4, 0.00498117574997195781266734471
Texas,1 wk ahead,Bin,percent,1.4,1.5, 0.00517022089638030906549870380
Texas,1 wk ahead,Bin,percent,1.5,1.6, 0.00536088219554521801246682600
Texas,1 wk ahead,Bin,percent,1.6,1.7, 0.00555288987500668004826387403
Texas,1 wk ahead,Bin,percent,1.7,1.8, 0.00574594646981016303477485252
Texas,1 wk ahead,Bin,percent,1.8,1.9, 0.00593975793513385613708877031
Texas,1 wk ahead,Bin,percent,1.9,2, 0.00613403089886549544168525827
Texas,1 wk ahead,Bin,percent,2,2.1, 0.00632846752655643468576940336
Texas,1 wk ahead,Bin,percent,2.1,2.2, 0.00652276499644774236663646860
Texas,1 wk ahead,Bin,percent,2.2,2.3, 0.00671661929897139371031800081
Texas,1 wk ahead,Bin,percent,2.3,2.4, 0.00690971316925523097729477939
Texas,1 wk ahead,Bin,percent,2.4,2.5, 0.00710171607448302228543512982
Texas,1 wk ahead,Bin,percent,2.5,2.6, 0.00729233463794293473164698227
Texas,1 wk ahead,Bin,percent,2.6,2.7, 0.00748126960736620379849304285
Texas,1 wk ahead,Bin,percent,2.7,2.8, 0.00766820146135284604060888825
Texas,1 wk ahead,Bin,percent,2.8,2.9, 0.00785281948918238083268139604
Texas,1 wk ahead,Bin,percent,2.9,3, 0.00803482921202614865097135777
Texas,1 wk ahead,Bin,percent,3,3.1, 0.00821388693029097109732372672
Texas,1 wk ahead,Bin,percent,3.1,3.2, 0.00838972114924997104667969694
Texas,1 wk ahead,Bin,percent,3.2,3.3, 0.00856206087259138264033975219
Texas,1 wk ahead,Bin,percent,3.3,3.4, 0.00873061636598260887298650346
Texas,1 wk ahead,Bin,percent,3.4,3.5, 0.00889512850301913716999369086
Texas,1 wk ahead,Bin,percent,3.5,3.6, 0.00905536246312934473001732272
Texas,1 wk ahead,Bin,percent,3.6,3.7, 0.00921102448366349288444432375
Texas,1 wk ahead,Bin,percent,3.7,3.8, 0.00936177930848413816788955444
Texas,1 wk ahead,Bin,percent,3.8,3.9, 0.00950749477331707532057336607
Texas,1 wk ahead,Bin,percent,3.9,4, 0.00964798108467423282119668215
Texas,1 wk ahead,Bin,percent,4,4.1, 0.00978300326841493803065041845
Texas,1 wk ahead,Bin,percent,4.1,4.2, 0.00991238723627220312539787272
Texas,1 wk ahead,Bin,percent,4.2,4.3, 0.01003595650275810810536647466
Texas,1 wk ahead,Bin,percent,4.3,4.4, 0.01015354711365267469103113029
Texas,1 wk ahead,Bin,percent,4.4,4.5, 0.01026493278586371529770282507
Texas,1 wk ahead,Bin,percent,4.5,4.6, 0.01037003112807643144532843138
Texas,1 wk ahead,Bin,percent,4.6,4.7, 0.01046872771415634402469851949
Texas,1 wk ahead,Bin,percent,4.7,4.8, 0.01056098458258125996622744935
Texas,1 wk ahead,Bin,percent,4.8,4.9, 0.01064672064116393111754543810
Texas,1 wk ahead,Bin,percent,4.9,5, 0.01072580027602687904875189417
Texas,1 wk ahead,Bin,percent,5,5.1, 0.01079817072902642532961081656
Texas,1 wk ahead,Bin,percent,5.1,5.2, 0.01086373683978570682528985714
Texas,1 wk ahead,Bin,percent,5.2,5.3, 0.01092255987543545685258816746
Texas,1 wk ahead,Bin,percent,5.3,5.4, 0.01097463312922094570700526361
Texas,1 wk ahead,Bin,percent,5.4,5.5, 0.01101995845757637246253857199
Texas,1 wk ahead,Bin,percent,5.5,5.6, 0.01105853201545484512657857579
Texas,1 wk ahead,Bin,percent,5.6,5.7, 0.01109042036848011981986505958
Texas,1 wk ahead,Bin,percent,5.7,5.8, 0.01111562123030398162304432930
Texas,1 wk ahead,Bin,percent,5.8,5.9, 0.01113403932539842183802036857
Texas,1 wk ahead,Bin,percent,5.9,6, 0.01114585912345913802645736013
Texas,1 wk ahead,Bin,percent,6,6.1, 0.01115119940974599634098129997
Texas,1 wk ahead,Bin,percent,6.1,6.2, 0.01115008572074861412093405022
Texas,1 wk ahead,Bin,percent,6.2,6.3, 0.01114257324157192849400921375
Texas,1 wk ahead,Bin,percent,6.3,6.4, 0.01112875609047535470363943233
Texas,1 wk ahead,Bin,percent,6.4,6.5, 0.01110867951611888525265126049
Texas,1 wk ahead,Bin,percent,6.5,6.6, 0.01108237240332625092587015558
Texas,1 wk ahead,Bin,percent,6.6,6.7, 0.01105000598672437224501141628
Texas,1 wk ahead,Bin,percent,6.7,6.8, 0.01101164479418403896460176838
Texas,1 wk ahead,Bin,percent,6.8,6.9, 0.01096738301831535512820270384
Texas,1 wk ahead,Bin,percent,6.9,7, 0.01091734420035144967342510824
Texas,1 wk ahead,Bin,percent,7,7.1, 0.01086158179448909986974936004
Texas,1 wk ahead,Bin,percent,7.1,7.2, 0.01080006046058393752440363045
Texas,1 wk ahead,Bin,percent,7.2,7.3, 0.01073292935832025236930764578
Texas,1 wk ahead,Bin,percent,7.3,7.4, 0.01066032550452403887542018879
Texas,1 wk ahead,Bin,percent,7.4,7.5, 0.01058229883304242884001222791
Texas,1 wk ahead,Bin,percent,7.5,7.6, 0.01049893267321642086054023224
Texas,1 wk ahead,Bin,percent,7.6,7.7, 0.01041029998122175968811031765
Texas,1 wk ahead,Bin,percent,7.7,7.8, 0.01031647207276135437548081342
Texas,1 wk ahead,Bin,percent,7.8,7.9, 0.01021749617028031888177341813
Texas,1 wk ahead,Bin,percent,7.9,8, 0.01011340141096759258354520483
Texas,1 wk ahead,Bin,percent,8,8.1, 0.01000430104442216576454693922
Texas,1 wk ahead,Bin,percent,8.1,8.2, 0.00989032441514208111865702477
Texas,1 wk ahead,Bin,percent,8.2,8.3, 0.00977154960198001881765961230
Texas,1 wk ahead,Bin,percent,8.3,8.4, 0.00964801524882355487910956526
Texas,1 wk ahead,Bin,percent,8.4,8.5, 0.00951982194888364822993320757
Texas,1 wk ahead,Bin,percent,8.5,8.6, 0.00938700940979316639234397712
Texas,1 wk ahead,Bin,percent,8.6,8.7, 0.00924971132581049217125102047
Texas,1 wk ahead,Bin,percent,8.7,8.8, 0.00910805801642024237541050979
Texas,1 wk ahead,Bin,percent,8.8,8.9, 0.00896216468595209536651680082
Texas,1 wk ahead,Bin,percent,8.9,9, 0.00881214018569943108305508872
Texas,1 wk ahead,Bin,percent,9,9.1, 0.00865814173185182160696893305
Texas,1 wk ahead,Bin,percent,9.1,9.2, 0.00850031309890672201468042601
Texas,1 wk ahead,Bin,percent,9.2,9.3, 0.00833872516084723305884729427
Texas,1 wk ahead,Bin,percent,9.3,9.4, 0.00817358021561784622854851534
Texas,1 wk ahead,Bin,percent,9.4,9.5, 0.00800511687987894883511419408
Texas,1 wk ahead,Bin,percent,9.5,9.6, 0.00783350782219967810282579279
Texas,1 wk ahead,Bin,percent,9.6,9.7, 0.00765894534711369662921542911
Texas,1 wk ahead,Bin,percent,9.7,9.8, 0.00748165232850485882598601250
Texas,1 wk ahead,Bin,percent,9.8,9.9, 0.00730185326022136059476164149
Texas,1 wk ahead,Bin,percent,9.9,10, 0.00711976012147413472169743542
Texas,1 wk ahead,Bin,percent,10,10.1, 0.00693564840356681450161957514
Texas,1 wk ahead,Bin,percent,10.1,10.2, 0.00674978330320668163527786376
Texas,1 wk ahead,Bin,percent,10.2,10.3, 0.00656243691399575109629571656
Texas,1 wk ahead,Bin,percent,10.3,10.4, 0.00637389735304896929563023278
Texas,1 wk ahead,Bin,percent,10.4,10.5, 0.00618444283939775275860117887
Texas,1 wk ahead,Bin,percent,10.5,10.6, 0.00599435966312642041359248779
Texas,1 wk ahead,Bin,percent,10.6,10.7, 0.00580395412730058853079118109
Texas,1 wk ahead,Bin,percent,10.7,10.8, 0.00561353460474238452615480810
Texas,1 wk ahead,Bin,percent,10.8,10.9, 0.00542340549477162477826075460
Texas,1 wk ahead,Bin,percent,10.9,11, 0.00523387078299854344859420863
Texas,1 wk ahead,Bin,percent,11,11.1, 0.00504523328474208894445229845
Texas,1 wk ahead,Bin,percent,11.1,11.2, 0.00485779526513779435353823644
Texas,1 wk ahead,Bin,percent,11.2,11.3, 0.00467185187581629392250537336
Texas,1 wk ahead,Bin,percent,11.3,11.4, 0.00448772667132248202076505450
Texas,1 wk ahead,Bin,percent,11.4,11.5, 0.00430570683325410229203011880
Texas,1 wk ahead,Bin,percent,11.5,11.6, 0.00412603951005561381260022813
Texas,1 wk ahead,Bin,percent,11.6,11.7, 0.00394898290567269327766553033
Texas,1 wk ahead,Bin,percent,11.7,11.8, 0.00377481500049222902862244844
Texas,1 wk ahead,Bin,percent,11.8,11.9, 0.00360377505852096805330497808
Texas,1 wk ahead,Bin,percent,11.9,12, 0.00343610018471846327334229265
Texas,1 wk ahead,Bin,percent,12,12.1, 0.00327204750549480328364326809
Texas,1 wk ahead,Bin,percent,12.1,12.2, 0.00311176705861500616998038815
Texas,1 wk ahead,Bin,percent,12.2,12.3, 0.00295543796676072702267479286
Texas,1 wk ahead,Bin,percent,12.3,12.4, 0.00280323984749111928746478917
Texas,1 wk ahead,Bin,percent,12.4,12.5, 0.00265529852597446271514347593
Texas,1 wk ahead,Bin,percent,12.5,12.6, 0.00251172552283526794372758850
Texas,1 wk ahead,Bin,percent,12.6,12.7, 0.00237271623760399157782030599
Texas,1 wk ahead,Bin,percent,12.7,12.8, 0.00223838751403298121325780023
Texas,1 wk ahead,Bin,percent,12.8,12.9, 0.00210871961473331828718080772
Texas,1 wk ahead,Bin,percent,12.9,13, 0.00198377286880870419907840763
Texas,1 wk ahead,Bin,percent,13,100, 0.02075980273518207228078402693
Texas,2 wk ahead,Bin,percent,0,0.1, 0.00043654588586397027535901394
Texas,2 wk ahead,Bin,percent,0.1,0.2, 0.00099764425969140727197548291
Texas,2 wk ahead,Bin,percent,0.2,0.3, 0.00118233555819370248461674944
Texas,2 wk ahead,Bin,percent,0.3,0.4, 0.00138997142064567610550418486
Texas,2 wk ahead,Bin,percent,0.4,0.5, 0.00162098319138790671056771231
Texas,2 wk ahead,Bin,percent,0.5,0.6, 0.00187535974784730041613201035
Texas,2 wk ahead,Bin,percent,0.6,0.7, 0.00215224021761023943249968582
Texas,2 wk ahead,Bin,percent,0.7,0.8, 0.00245038442328981151754896395
Texas,2 wk ahead,Bin,percent,0.8,0.9, 0.00276767829864677222112545607
Texas,2 wk ahead,Bin,percent,0.9,1, 0.00310121738151761814142326479
Texas,2 wk ahead,Bin,percent,1,1.1, 0.00344754652560223806556649606
Texas,2 wk ahead,Bin,percent,1.1,1.2, 0.00380233345221030194505118516
Texas,2 wk ahead,Bin,percent,1.2,1.3, 0.00416081976124158588875578957
Texas,2 wk ahead,Bin,percent,1.3,1.4, 0.00451765880141707324574307236
Texas,2 wk ahead,Bin,percent,1.4,1.5, 0.00486722915715791411284119050
Texas,2 wk ahead,Bin,percent,1.5,1.6, 0.00520378393316280832975317949
Texas,2 wk ahead,Bin,percent,1.6,1.7, 0.00552158926379088706160036537
Texas,2 wk ahead,Bin,percent,1.7,1.8, 0.00581537834411492357555850674
Texas,2 wk ahead,Bin,percent,1.8,1.9, 0.00608017909731308359849721867
Texas,2 wk ahead,Bin,percent,1.9,2, 0.00631190797442246747522842654
Texas,2 wk ahead,Bin,percent,2,2.1, 0.00650764746726508695046087283
Texas,2 wk ahead,Bin,percent,2.1,2.2, 0.00666517686811018798820338560
Texas,2 wk ahead,Bin,percent,2.2,2.3, 0.00678419734029112823231466578
Texas,2 wk ahead,Bin,percent,2.3,2.4, 0.00686522725535337885460762664
Texas,2 wk ahead,Bin,percent,2.4,2.5, 0.00691049345840685520087065541
Texas,2 wk ahead,Bin,percent,2.5,2.6, 0.00692376382295940926564492557
Texas,2 wk ahead,Bin,percent,2.6,2.7, 0.00690992333561117610951640700
Texas,2 wk ahead,Bin,percent,2.7,2.8, 0.00687516856446733146124294933
Texas,2 wk ahead,Bin,percent,2.8,2.9, 0.00682667784028326545681109039
Texas,2 wk ahead,Bin,percent,2.9,3, 0.00677237339371390776460168937
Texas,2 wk ahead,Bin,percent,3,3.1, 0.00672075736256145996744271187
Texas,2 wk ahead,Bin,percent,3.1,3.2, 0.00668037636831872710246882363
Texas,2 wk ahead,Bin,percent,3.2,3.3, 0.00665991344771764848947670501
Texas,2 wk ahead,Bin,percent,3.3,3.4, 0.00666725635249054530973022992
Texas,2 wk ahead,Bin,percent,3.4,3.5, 0.00670998489947885815021244582
Texas,2 wk ahead,Bin,percent,3.5,3.6, 0.00679458666368470184243610888
Texas,2 wk ahead,Bin,percent,3.6,3.7, 0.00692613987292919810329072661
Texas,2 wk ahead,Bin,percent,3.7,3.8, 0.00710876468141323578781021197
Texas,2 wk ahead,Bin,percent,3.8,3.9, 0.00734478528772424758136461165
Texas,2 wk ahead,Bin,percent,3.9,4, 0.00763521236333601811818727612
Texas,2 wk ahead,Bin,percent,4,4.1, 0.00797968736824525466666546691
Texas,2 wk ahead,Bin,percent,4.1,4.2, 0.00837617242436911740854910136
Texas,2 wk ahead,Bin,percent,4.2,4.3, 0.00882126350474198191176089523
Texas,2 wk ahead,Bin,percent,4.3,4.4, 0.00931086936922674753003281722
Texas,2 wk ahead,Bin,percent,4.4,4.5, 0.00983939038005303759359954086
Texas,2 wk ahead,Bin,percent,4.5,4.6, 0.01040103697176646656286091996
Texas,2 wk ahead,Bin,percent,4.6,4.7, 0.01098924055065712661327648192
Texas,2 wk ahead,Bin,percent,4.7,4.8, 0.01159718066909141975795449753
Texas,2 wk ahead,Bin,percent,4.8,4.9, 0.01221828855812894833177129073
Texas,2 wk ahead,Bin,percent,4.9,5, 0.01284600413776572185031721318
Texas,2 wk ahead,Bin,percent,5,5.1, 0.01347428064677446551966610855
Texas,2 wk ahead,Bin,percent,5.1,5.2, 0.01409753420824899801389040732
Texas,2 wk ahead,Bin,percent,5.2,5.3, 0.01471082588163898086097702844
Texas,2 wk ahead,Bin,percent,5.3,5.4, 0.01530992063365842897892932228
Texas,2 wk ahead,Bin,percent,5.4,5.5, 0.01589109648708615651901965293
Texas,2 wk ahead,Bin,percent,5.5,5.6, 0.01645140415819711446343553973
Texas,2 wk ahead,Bin,percent,5.6,5.7, 0.01698812495804580616209911170
Texas,2 wk ahead,Bin,percent,5.7,5.8, 0.01749899009299816024509688361
Texas,2 wk ahead,Bin,percent,5.8,5.9, 0.01798206662341396422366557317
Texas,2 wk ahead,Bin,percent,5.9,6, 0.01843501071512609196245691123
Texas,2 wk ahead,Bin,percent,6,6.1, 0.01885568342951838421983623562
Texas,2 wk ahead,Bin,percent,6.1,6.2, 0.01924137517593461563225609723
Texas,2 wk ahead,Bin,percent,6.2,6.3, 0.01958890155217754211469660675
Texas,2 wk ahead,Bin,percent,6.3,6.4, 0.01989474074396080371940342957
Texas,2 wk ahead,Bin,percent,6.4,6.5, 0.02015468082270210209427929726
Texas,2 wk ahead,Bin,percent,6.5,6.6, 0.02036387530279850505143812711
Texas,2 wk ahead,Bin,percent,6.6,6.7, 0.02051741190439868717243498963
Texas,2 wk ahead,Bin,percent,6.7,6.8, 0.02060959021791263293121865274
Texas,2 wk ahead,Bin,percent,6.8,6.9, 0.02063496735414887400805739048
Texas,2 wk ahead,Bin,percent,6.9,7, 0.02058873547718094443315095532
Texas,2 wk ahead,Bin,percent,7,7.1, 0.02046556623237180336238871803
Texas,2 wk ahead,Bin,percent,7.1,7.2, 0.02026184216077587738058518596
Texas,2 wk ahead,Bin,percent,7.2,7.3, 0.01997452189510108902514851081
Texas,2 wk ahead,Bin,percent,7.3,7.4, 0.01960183540916276417886976446
Texas,2 wk ahead,Bin,percent,7.4,7.5, 0.01914421436907960683004858993
Texas,2 wk ahead,Bin,percent,7.5,7.6, 0.01860284432110315133712674651
Texas,2 wk ahead,Bin,percent,7.6,7.7, 0.01798125322706917855741792778
Texas,2 wk ahead,Bin,percent,7.7,7.8, 0.01728483306658544840783697794
Texas,2 wk ahead,Bin,percent,7.8,7.9, 0.01652014922387262663150409026
Texas,2 wk ahead,Bin,percent,7.9,8, 0.01569579449165855317138706937
Texas,2 wk ahead,Bin,percent,8,8.1, 0.01482164988416898379619546233
Texas,2 wk ahead,Bin,percent,8.1,8.2, 0.01390827445942232308551123054
Texas,2 wk ahead,Bin,percent,8.2,8.3, 0.01296731628592227847374118710
Texas,2 wk ahead,Bin,percent,8.3,8.4, 0.01201054794256694972787169462
Texas,2 wk ahead,Bin,percent,8.4,8.5, 0.01104986516103205473893211774
Texas,2 wk ahead,Bin,percent,8.5,8.6, 0.01009670470602298635032223473
Texas,2 wk ahead,Bin,percent,8.6,8.7, 0.00916189869961095762485037142
Texas,2 wk ahead,Bin,percent,8.7,8.8, 0.00825534519687451048830517664
Texas,2 wk ahead,Bin,percent,8.8,8.9, 0.00738558484353965018220922190
Texas,2 wk ahead,Bin,percent,8.9,9, 0.00656011724625454612641606289
Texas,2 wk ahead,Bin,percent,9,9.1, 0.00578464471144277472824946074
Texas,2 wk ahead,Bin,percent,9.1,9.2, 0.00506346794704896473876543084
Texas,2 wk ahead,Bin,percent,9.2,9.3, 0.00439967213457203090709590754
Texas,2 wk ahead,Bin,percent,9.3,9.4, 0.00379446956801383775484404204
Texas,2 wk ahead,Bin,percent,9.4,9.5, 0.00324810543329331251685698767
Texas,2 wk ahead,Bin,percent,9.5,9.6, 0.00275967840157533093187192108
Texas,2 wk ahead,Bin,percent,9.6,9.7, 0.00232681606377273383565174036
Texas,2 wk ahead,Bin,percent,9.7,9.8, 0.00194710190873712625687919076
Texas,2 wk ahead,Bin,percent,9.8,9.9, 0.00161700523145129836620481623
Texas,2 wk ahead,Bin,percent,9.9,10, 0.00133255228563432487169648777
Texas,2 wk ahead,Bin,percent,10,10.1, 0.00108983181746174335145782575
Texas,2 wk ahead,Bin,percent,10.1,10.2, 0.00088439455486832147228931644
Texas,2 wk ahead,Bin,percent,10.2,10.3, 0.00071218918130443447257055256
Texas,2 wk ahead,Bin,percent,10.3,10.4, 0.00056913624174942910316499223
Texas,2 wk ahead,Bin,percent,10.4,10.5, 0.00045126882202078526544128390
Texas,2 wk ahead,Bin,percent,10.5,10.6, 0.00035504432523220824137466511
Texas,2 wk ahead,Bin,percent,10.6,10.7, 0.00027720149611373514015114083
Texas,2 wk ahead,Bin,percent,10.7,10.8, 0.00021470306216273766564996139
Texas,2 wk ahead,Bin,percent,10.8,10.9, 0.00016502384473471464116679785
Texas,2 wk ahead,Bin,percent,10.9,11, 0.00012699036384905825229282850
Texas,2 wk ahead,Bin,percent,11,11.1, 0.00011766572007403190138971616
Texas,2 wk ahead,Bin,percent,11.1,11.2, 0.00011766572007403190138971616
Texas,2 wk ahead,Bin,percent,11.2,11.3, 0.00011766572007403190138971616
Texas,2 wk ahead,Bin,percent,11.3,11.4, 0.00011766572007403190138971616
Texas,2 wk ahead,Bin,percent,11.4,11.5, 0.00011766572007403190138971616
Texas,2 wk ahead,Bin,percent,11.5,11.6, 0.00011766572007403190138971616
Texas,2 wk ahead,Bin,percent,11.6,11.7, 0.00011766572007403190138971616
Texas,2 wk ahead,Bin,percent,11.7,11.8, 0.00011766572007403190138971616
Texas,2 wk ahead,Bin,percent,11.8,11.9, 0.00011766572007403190138971616
Texas,2 wk ahead,Bin,percent,11.9,12, 0.00011766572007403190138971616
Texas,2 wk ahead,Bin,percent,12,12.1, 0.00011766572007403190138971616
Texas,2 wk ahead,Bin,percent,12.1,12.2, 0.00011766572007403190138971616
Texas,2 wk ahead,Bin,percent,12.2,12.3, 0.00011766572007403190138971616
Texas,2 wk ahead,Bin,percent,12.3,12.4, 0.00011766572007403190138971616
Texas,2 wk ahead,Bin,percent,12.4,12.5, 0.00011766572007403190138971616
Texas,2 wk ahead,Bin,percent,12.5,12.6, 0.00011766572007403190138971616
Texas,2 wk ahead,Bin,percent,12.6,12.7, 0.00011766572007403190138971616
Texas,2 wk ahead,Bin,percent,12.7,12.8, 0.00011766572007403190138971616
Texas,2 wk ahead,Bin,percent,12.8,12.9, 0.00011766572007403190138971616
Texas,2 wk ahead,Bin,percent,12.9,13, 0.00011766572007403190138971616
Texas,2 wk ahead,Bin,percent,13,100, 0.00011766572007403190138971616
Texas,3 wk ahead,Bin,percent,0,0.1, 0.00006425811798143170609949604
Texas,3 wk ahead,Bin,percent,0.1,0.2, 0.00012851623596286341219899207
Texas,3 wk ahead,Bin,percent,0.2,0.3, 0.00012851623596286338509393776
Texas,3 wk ahead,Bin,percent,0.3,0.4, 0.00012851623596286338509393776
Texas,3 wk ahead,Bin,percent,0.4,0.5, 0.00012851623596286338509393776
Texas,3 wk ahead,Bin,percent,0.5,0.6, 0.00012851623596286343930404639
Texas,3 wk ahead,Bin,percent,0.6,0.7, 0.00012851623596286352061920932
Texas,3 wk ahead,Bin,percent,0.7,0.8, 0.00015910467042652763451637821
Texas,3 wk ahead,Bin,percent,0.8,0.9, 0.00025054070658275058493952292
Texas,3 wk ahead,Bin,percent,0.9,1, 0.00038481197813776326244888937
Texas,3 wk ahead,Bin,percent,1,1.1, 0.00057623801787710980746443079
Texas,3 wk ahead,Bin,percent,1.1,1.2, 0.00084100251780858440407706578
Texas,3 wk ahead,Bin,percent,1.2,1.3, 0.00119650973975988107050882903
Texas,3 wk ahead,Bin,percent,1.3,1.4, 0.00165927250960113217316538314
Texas,3 wk ahead,Bin,percent,1.4,1.5, 0.00224295927944784430352331839
Texas,3 wk ahead,Bin,percent,1.5,1.6, 0.00295542597737311583949715299
Texas,3 wk ahead,Bin,percent,1.6,1.7, 0.00379592837257847074208805260
Texas,3 wk ahead,Bin,percent,1.7,1.8, 0.00475238431091541679851530944
Texas,3 wk ahead,Bin,percent,1.8,1.9, 0.00579972468225944601249999266
Texas,3 wk ahead,Bin,percent,1.9,2, 0.00689927764023573562163216266
Texas,3 wk ahead,Bin,percent,2,2.1, 0.00800029878437967349735782108
Texas,3 wk ahead,Bin,percent,2.1,2.2, 0.00904317607346675524093715381
Texas,3 wk ahead,Bin,percent,2.2,2.3, 0.00996475028309075881727263635
Texas,3 wk ahead,Bin,percent,2.3,2.4, 0.01070419854334876338941562324
Texas,3 wk ahead,Bin,percent,2.4,2.5, 0.01121084758047277522841067565
Texas,3 wk ahead,Bin,percent,2.5,2.6, 0.01144910542249571311357314585
Texas,3 wk ahead,Bin,percent,2.6,2.7, 0.01140469958517019259669478259
Texas,3 wk ahead,Bin,percent,2.7,2.8, 0.01108597311947377359042654632
Texas,3 wk ahead,Bin,percent,2.8,2.9, 0.01052422726647857936788099664
Texas,3 wk ahead,Bin,percent,2.9,3, 0.00977113726998691221881099267
Texas,3 wk ahead,Bin,percent,3,3.1, 0.00889303818585544282593335907
Texas,3 wk ahead,Bin,percent,3.1,3.2, 0.00796547537106197071909985397
Texas,3 wk ahead,Bin,percent,3.2,3.3, 0.00706584294545159214556706573
Texas,3 wk ahead,Bin,percent,3.3,3.4, 0.00626712951563296663537450115
Texas,3 wk ahead,Bin,percent,3.4,3.5, 0.00563266454061796869451361758
Texas,3 wk ahead,Bin,percent,3.5,3.6, 0.00521182996296952298631577349
Texas,3 wk ahead,Bin,percent,3.6,3.7, 0.00503746685667330260094409766
Texas,3 wk ahead,Bin,percent,3.7,3.8, 0.00512480069506918069904832791
Texas,3 wk ahead,Bin,percent,3.8,3.9, 0.00547113726213987235785785046
Texas,3 wk ahead,Bin,percent,3.9,4, 0.00605736814756361457989797259
Texas,3 wk ahead,Bin,percent,4,4.1, 0.00685018074791130145151374364
Texas,3 wk ahead,Bin,percent,4.1,4.2, 0.00780569725576560347057863964
Texas,3 wk ahead,Bin,percent,4.2,4.3, 0.00887415366421830976995099860
Texas,3 wk ahead,Bin,percent,4.3,4.4, 0.01000580903859323890492394327
Texas,3 wk ahead,Bin,percent,4.4,4.5, 0.01115693280864537076380038627
Texas,3 wk ahead,Bin,percent,4.5,4.6, 0.01229595677903907134653760380
Texas,3 wk ahead,Bin,percent,4.6,4.7, 0.01340821236415901465677258386
Texas,3 wk ahead,Bin,percent,4.7,4.8, 0.01449831825741511662219984657
Texas,3 wk ahead,Bin,percent,4.8,4.9, 0.01558984092702567388066814402
Texas,3 wk ahead,Bin,percent,4.9,5, 0.01672159472654977802053011260
Texas,3 wk ahead,Bin,percent,5,5.1, 0.01794023228919095630518043549
Texas,3 wk ahead,Bin,percent,5.1,5.2, 0.01929172753491645644907670487
Texas,3 wk ahead,Bin,percent,5.2,5.3, 0.02081049739417394420226692375
Texas,3 wk ahead,Bin,percent,5.3,5.4, 0.02251095275149827407146219116
Texas,3 wk ahead,Bin,percent,5.4,5.5, 0.02437988547743747194673780143
Texas,3 wk ahead,Bin,percent,5.5,5.6, 0.02637392676922897111202459541
Texas,3 wk ahead,Bin,percent,5.6,5.7, 0.02842019034983590125564845152
Texas,3 wk ahead,Bin,percent,5.7,5.8, 0.03042189857668364458276322182
Texas,3 wk ahead,Bin,percent,5.8,5.9, 0.03226727937772074644717790193
Texas,3 wk ahead,Bin,percent,5.9,6, 0.03383964714911683741016545923
Texas,3 wk ahead,Bin,percent,6,6.1, 0.03503040840567333419341977674
Texas,3 wk ahead,Bin,percent,6.1,6.2, 0.03574732788086035228936054864
Texas,3 wk ahead,Bin,percent,6.2,6.3, 0.03592552272931398560373850160
Texas,3 wk ahead,Bin,percent,6.3,6.4, 0.03553029679125718764964858565
Texas,3 wk ahead,Bin,percent,6.4,6.5, 0.03456199449015335406487636760
Texas,3 wk ahead,Bin,percent,6.5,6.6, 0.03305230293406673236500381563
Texas,3 wk ahead,Bin,percent,6.6,6.7, 0.03106391887045949554146950788
Texas,3 wk ahead,Bin,percent,6.7,6.8, 0.02868107160451660933575546153
Texas,3 wk ahead,Bin,percent,6.8,6.9, 0.02600652386150714007184703291
Texas,3 wk ahead,Bin,percent,6.9,7, 0.02314985241044576619318107191
Texas,3 wk ahead,Bin,percent,7,7.1, 0.02022246362204552228014620141
Texas,3 wk ahead,Bin,percent,7.1,7.2, 0.01732867440270337636154529548
Texas,3 wk ahead,Bin,percent,7.2,7.3, 0.01455981368076188046944974275
Texas,3 wk ahead,Bin,percent,7.3,7.4, 0.01199030486747640171507622853
Texas,3 wk ahead,Bin,percent,7.4,7.5, 0.00967366793985994372073733416
Texas,3 wk ahead,Bin,percent,7.5,7.6, 0.00764301418877668531370872529
Texas,3 wk ahead,Bin,percent,7.6,7.7, 0.00591103038677316759003099733
Texas,3 wk ahead,Bin,percent,7.7,7.8, 0.00447324561700776762024345246
Texas,3 wk ahead,Bin,percent,7.8,7.9, 0.00331107506111827463307628605
Texas,3 wk ahead,Bin,percent,7.9,8, 0.00239645364968407064212851942
Texas,3 wk ahead,Bin,percent,8,8.1, 0.00169533200642708599230334965
Texas,3 wk ahead,Bin,percent,8.1,8.2, 0.00117200814565445658559095232
Texas,3 wk ahead,Bin,percent,8.2,8.3, 0.00079147655946824782124265907
Texas,3 wk ahead,Bin,percent,8.3,8.4, 0.00052204691885075185566605915
Texas,3 wk ahead,Bin,percent,8.4,8.5, 0.00033621646560536212105033127
Texas,3 wk ahead,Bin,percent,8.5,8.6, 0.00021140222137463028986847924
Texas,3 wk ahead,Bin,percent,8.6,8.7, 0.00016259843353860585751097245
Texas,3 wk ahead,Bin,percent,8.7,8.8, 0.00016257541516664404538175526
Texas,3 wk ahead,Bin,percent,8.8,8.9, 0.00016257541516664404538175526
Texas,3 wk ahead,Bin,percent,8.9,9, 0.00016257541516664404538175526
Texas,3 wk ahead,Bin,percent,9,9.1, 0.00016257541516664404538175526
Texas,3 wk ahead,Bin,percent,9.1,9.2, 0.00016257541516664404538175526
Texas,3 wk ahead,Bin,percent,9.2,9.3, 0.00016257541516664404538175526
Texas,3 wk ahead,Bin,percent,9.3,9.4, 0.00016257541516664404538175526
Texas,3 wk ahead,Bin,percent,9.4,9.5, 0.00016257541516664404538175526
Texas,3 wk ahead,Bin,percent,9.5,9.6, 0.00016257541516664404538175526
Texas,3 wk ahead,Bin,percent,9.6,9.7, 0.00016257541516664404538175526
Texas,3 wk ahead,Bin,percent,9.7,9.8, 0.00016257541516664404538175526
Texas,3 wk ahead,Bin,percent,9.8,9.9, 0.00016257541516664404538175526
Texas,3 wk ahead,Bin,percent,9.9,10, 0.00016257541516664404538175526
Texas,3 wk ahead,Bin,percent,10,10.1, 0.00016257541516664404538175526
Texas,3 wk ahead,Bin,percent,10.1,10.2, 0.00016257541516664404538175526
Texas,3 wk ahead,Bin,percent,10.2,10.3, 0.00016257541516664404538175526
Texas,3 wk ahead,Bin,percent,10.3,10.4, 0.00016257541516664404538175526
Texas,3 wk ahead,Bin,percent,10.4,10.5, 0.00016257541516664404538175526
Texas,3 wk ahead,Bin,percent,10.5,10.6, 0.00016257541516664404538175526
Texas,3 wk ahead,Bin,percent,10.6,10.7, 0.00016257541516664404538175526
Texas,3 wk ahead,Bin,percent,10.7,10.8, 0.00016257541516664404538175526
Texas,3 wk ahead,Bin,percent,10.8,10.9, 0.00016257541516664404538175526
Texas,3 wk ahead,Bin,percent,10.9,11, 0.00016257541516664404538175526
Texas,3 wk ahead,Bin,percent,11,11.1, 0.00016257541516664404538175526
Texas,3 wk ahead,Bin,percent,11.1,11.2, 0.00016257541516664404538175526
Texas,3 wk ahead,Bin,percent,11.2,11.3, 0.00016257541516664404538175526
Texas,3 wk ahead,Bin,percent,11.3,11.4, 0.00016257541516664404538175526
Texas,3 wk ahead,Bin,percent,11.4,11.5, 0.00016257541516664404538175526
Texas,3 wk ahead,Bin,percent,11.5,11.6, 0.00016257541516664404538175526
Texas,3 wk ahead,Bin,percent,11.6,11.7, 0.00016257541516664404538175526
Texas,3 wk ahead,Bin,percent,11.7,11.8, 0.00016257541516664404538175526
Texas,3 wk ahead,Bin,percent,11.8,11.9, 0.00016257541516664404538175526
Texas,3 wk ahead,Bin,percent,11.9,12, 0.00016257541516664404538175526
Texas,3 wk ahead,Bin,percent,12,12.1, 0.00016257541516664404538175526
Texas,3 wk ahead,Bin,percent,12.1,12.2, 0.00016257541516664404538175526
Texas,3 wk ahead,Bin,percent,12.2,12.3, 0.00016257541516664404538175526
Texas,3 wk ahead,Bin,percent,12.3,12.4, 0.00016257541516664404538175526
Texas,3 wk ahead,Bin,percent,12.4,12.5, 0.00016257541516664404538175526
Texas,3 wk ahead,Bin,percent,12.5,12.6, 0.00016257541516664404538175526
Texas,3 wk ahead,Bin,percent,12.6,12.7, 0.00016257541516664404538175526
Texas,3 wk ahead,Bin,percent,12.7,12.8, 0.00016257541516664404538175526
Texas,3 wk ahead,Bin,percent,12.8,12.9, 0.00016257541516664404538175526
Texas,3 wk ahead,Bin,percent,12.9,13, 0.00016257541516664404538175526
Texas,3 wk ahead,Bin,percent,13,100, 0.00016257541516664404538175526
Texas,4 wk ahead,Bin,percent,0,0.1, 0.00005432622736655993409037382
Texas,4 wk ahead,Bin,percent,0.1,0.2, 0.00010865245473311990883832912
Texas,4 wk ahead,Bin,percent,0.2,0.3, 0.00010865245473311986818074765
Texas,4 wk ahead,Bin,percent,0.3,0.4, 0.00010865245473311986818074765
Texas,4 wk ahead,Bin,percent,0.4,0.5, 0.00011004156385225992561757713
Texas,4 wk ahead,Bin,percent,0.5,0.6, 0.00014687651357686619607925693
Texas,4 wk ahead,Bin,percent,0.6,0.7, 0.00021469876031186100619717327
Texas,4 wk ahead,Bin,percent,0.7,0.8, 0.00030827387977921607989731378
Texas,4 wk ahead,Bin,percent,0.8,0.9, 0.00043474003980094251846019726
Texas,4 wk ahead,Bin,percent,0.9,1, 0.00060212065009937444041293597
Texas,4 wk ahead,Bin,percent,1,1.1, 0.00081916804498309212217294073
Texas,4 wk ahead,Bin,percent,1.1,1.2, 0.00109465477939285345081177336
Texas,4 wk ahead,Bin,percent,1.2,1.3, 0.00143679896709287212817895973
Texas,4 wk ahead,Bin,percent,1.3,1.4, 0.00185260467159758146667158929
Texas,4 wk ahead,Bin,percent,1.4,1.5, 0.00234668161578510496567684385
Texas,4 wk ahead,Bin,percent,1.5,1.6, 0.00292036664220962595070463230
Texas,4 wk ahead,Bin,percent,1.6,1.7, 0.00357105296770923556770593876
Texas,4 wk ahead,Bin,percent,1.7,1.8, 0.00429137755223943373472650364
Texas,4 wk ahead,Bin,percent,1.8,1.9, 0.00506907786377456311827094382
Texas,4 wk ahead,Bin,percent,1.9,2, 0.00588717048651966629729814784
Texas,4 wk ahead,Bin,percent,2,2.1, 0.00672494791333376560477086414
Texas,4 wk ahead,Bin,percent,2.1,2.2, 0.00755924948257026031728234017
Texas,4 wk ahead,Bin,percent,2.2,2.3, 0.00836649195691432923105423924
Texas,4 wk ahead,Bin,percent,2.3,2.4, 0.00912491698018457787766610778
Texas,4 wk ahead,Bin,percent,2.4,2.5, 0.00981688840681209200222934186
Texas,4 wk ahead,Bin,percent,2.5,2.6, 0.01043147713769327321331470415
Texas,4 wk ahead,Bin,percent,2.6,2.7, 0.01096568660687454940805274362
Texas,4 wk ahead,Bin,percent,2.7,2.8, 0.01142579479613071470611718183
Texas,4 wk ahead,Bin,percent,2.8,2.9, 0.01182728944882842012087387218
Texas,4 wk ahead,Bin,percent,2.9,3, 0.01219358609831304451898148500
Texas,4 wk ahead,Bin,percent,3,3.1, 0.01255409974112136131663142180
Texas,4 wk ahead,Bin,percent,3.1,3.2, 0.01294113164681587845039612006
Texas,4 wk ahead,Bin,percent,3.2,3.3, 0.01338650832096048744201954861
Texas,4 wk ahead,Bin,percent,3.3,3.4, 0.01391746578572165479736888472
Texas,4 wk ahead,Bin,percent,3.4,3.5, 0.01455385859328756775754598607
Texas,4 wk ahead,Bin,percent,3.5,3.6, 0.01530500157731357752100009861
Texas,4 wk ahead,Bin,percent,3.6,3.7, 0.01616779950833506160345898195
Texas,4 wk ahead,Bin,percent,3.7,3.8, 0.01712719997845349451104368654
Texas,4 wk ahead,Bin,percent,3.8,3.9, 0.01815626642856965969330396149
Texas,4 wk ahead,Bin,percent,3.9,4, 0.01921874946656771873665370265
Texas,4 wk ahead,Bin,percent,4,4.1, 0.02027237082499372747279586804
Texas,4 wk ahead,Bin,percent,4.1,4.2, 0.02127228116164843127466888006
Texas,4 wk ahead,Bin,percent,4.2,4.3, 0.02217538570066841449590633317
Texas,4 wk ahead,Bin,percent,4.3,4.4, 0.02294338727229924129735749716
Texas,4 wk ahead,Bin,percent,4.4,4.5, 0.02354607745178054906132203428
Texas,4 wk ahead,Bin,percent,4.5,4.6, 0.02396281069534368299289717186
Texas,4 wk ahead,Bin,percent,4.6,4.7, 0.02418332839234602418820863079
Texas,4 wk ahead,Bin,percent,4.7,4.8, 0.02420730549281522800408872342
Texas,4 wk ahead,Bin,percent,4.8,4.9, 0.02404207518492538706023076145
Texas,4 wk ahead,Bin,percent,4.9,5, 0.02370148488377253268022393229
Texas,4 wk ahead,Bin,percent,5,5.1, 0.02320270347481038358816718414
Texas,4 wk ahead,Bin,percent,5.1,5.2, 0.02256379775600046364014694689
Texas,4 wk ahead,Bin,percent,5.2,5.3, 0.02180242972188775260611315332
Texas,4 wk ahead,Bin,percent,5.3,5.4, 0.02093426073651664595653976164
Texas,4 wk ahead,Bin,percent,5.4,5.5, 0.01997257549998093795196041356
Texas,4 wk ahead,Bin,percent,5.5,5.6, 0.01892915137809053974238260309
Texas,4 wk ahead,Bin,percent,5.6,5.7, 0.01781496843616020564482482769
Texas,4 wk ahead,Bin,percent,5.7,5.8, 0.01664168811422273366873447742
Texas,4 wk ahead,Bin,percent,5.8,5.9, 0.01542308326753375966045034318
Texas,4 wk ahead,Bin,percent,5.9,6, 0.01417617329104517084892300716
Texas,4 wk ahead,Bin,percent,6,6.1, 0.01292185764114785716250022318
Texas,4 wk ahead,Bin,percent,6.1,6.2, 0.01168485610599628160555241152
Texas,4 wk ahead,Bin,percent,6.2,6.3, 0.01049325720258754458813488242
Texas,4 wk ahead,Bin,percent,6.3,6.4, 0.00937701143476559959011318313
Texas,4 wk ahead,Bin,percent,6.4,6.5, 0.00836671183252432441868062796
Texas,4 wk ahead,Bin,percent,6.5,6.6, 0.00749160123103341773348473609
Texas,4 wk ahead,Bin,percent,6.6,6.7, 0.00677718320561482897440575002
Texas,4 wk ahead,Bin,percent,6.7,6.8, 0.00624431071429774973285953266
Texas,4 wk ahead,Bin,percent,6.8,6.9, 0.00590701377064255066240416880
Texas,4 wk ahead,Bin,percent,6.9,7, 0.00577102881781524704174479723
Texas,4 wk ahead,Bin,percent,7,7.1, 0.00583374491048751445815279126
Texas,4 wk ahead,Bin,percent,7.1,7.2, 0.00608299898630614097744251367
Texas,4 wk ahead,Bin,percent,7.2,7.3, 0.00649773676671841493579506732
Texas,4 wk ahead,Bin,percent,7.3,7.4, 0.00704823859927439580475017067
Texas,4 wk ahead,Bin,percent,7.4,7.5, 0.00769710577012043539735230979
Texas,4 wk ahead,Bin,percent,7.5,7.6, 0.00840170781360299011308878647
Texas,4 wk ahead,Bin,percent,7.6,7.7, 0.00911548442820406430719959445
Texas,4 wk ahead,Bin,percent,7.7,7.8, 0.00979122269999952755947791871
Texas,4 wk ahead,Bin,percent,7.8,7.9, 0.01038346281929211981087668448
Texas,4 wk ahead,Bin,percent,7.9,8, 0.01085159638803902260040246119
Texas,4 wk ahead,Bin,percent,8,8.1, 0.01116290875372364689577242558
Texas,4 wk ahead,Bin,percent,8.1,8.2, 0.01129373587743519140313974702
Texas,4 wk ahead,Bin,percent,8.2,8.3, 0.01123204538058620617635430250
Texas,4 wk ahead,Bin,percent,8.3,8.4, 0.01097744542252237880120002700
Texas,4 wk ahead,Bin,percent,8.4,8.5, 0.01054073230180976872283338253
Texas,4 wk ahead,Bin,percent,8.5,8.6, 0.00994283816394397196303245323
Texas,4 wk ahead,Bin,percent,8.6,8.7, 0.00921250846760296102089249359
Texas,4 wk ahead,Bin,percent,8.7,8.8, 0.00838403893620011213261289384
Texas,4 wk ahead,Bin,percent,8.8,8.9, 0.00749413876739159993262129333
Texas,4 wk ahead,Bin,percent,8.9,9, 0.00657915652905927562238419526
Texas,4 wk ahead,Bin,percent,9,9.1, 0.00567277453562654854213320732
Texas,4 wk ahead,Bin,percent,9.1,9.2, 0.00480385034980789632497177877
Texas,4 wk ahead,Bin,percent,9.2,9.3, 0.00399536590380516164200397355
Texas,4 wk ahead,Bin,percent,9.3,9.4, 0.00326355103753230664162532371
Texas,4 wk ahead,Bin,percent,9.4,9.5, 0.00261808735638943907222953023
Texas,4 wk ahead,Bin,percent,9.5,9.6, 0.00206280049729265025151847546
Texas,4 wk ahead,Bin,percent,9.6,9.7, 0.00159619922434875525368846994
Texas,4 wk ahead,Bin,percent,9.7,9.8, 0.00121306738229442871712659979
Texas,4 wk ahead,Bin,percent,9.8,9.9, 0.00090539028575154357862675436
Texas,4 wk ahead,Bin,percent,9.9,10, 0.00066367115746012654391161600
Texas,4 wk ahead,Bin,percent,10,10.1, 0.00047781183350402992504254995
Texas,4 wk ahead,Bin,percent,10.1,10.2, 0.00033782442662291431965948529
Texas,4 wk ahead,Bin,percent,10.2,10.3, 0.00023458439768166901057307172
Texas,4 wk ahead,Bin,percent,10.3,10.4, 0.00015999799448249515292433398
Texas,4 wk ahead,Bin,percent,10.4,10.5, 0.00012678977103559011972364057
Texas,4 wk ahead,Bin,percent,10.5,10.6, 0.00012664680406482614811493337
Texas,4 wk ahead,Bin,percent,10.6,10.7, 0.00012664680406482614811493337
Texas,4 wk ahead,Bin,percent,10.7,10.8, 0.00012664680406482614811493337
Texas,4 wk ahead,Bin,percent,10.8,10.9, 0.00012664680406482614811493337
Texas,4 wk ahead,Bin,percent,10.9,11, 0.00012664680406482614811493337
Texas,4 wk ahead,Bin,percent,11,11.1, 0.00012664680406482614811493337
Texas,4 wk ahead,Bin,percent,11.1,11.2, 0.00012664680406482614811493337
Texas,4 wk ahead,Bin,percent,11.2,11.3, 0.00012664680406482614811493337
Texas,4 wk ahead,Bin,percent,11.3,11.4, 0.00012664680406482614811493337
Texas,4 wk ahead,Bin,percent,11.4,11.5, 0.00012664680406482614811493337
Texas,4 wk ahead,Bin,percent,11.5,11.6, 0.00012664680406482614811493337
Texas,4 wk ahead,Bin,percent,11.6,11.7, 0.00012664680406482614811493337
Texas,4 wk ahead,Bin,percent,11.7,11.8, 0.00012664680406482614811493337
Texas,4 wk ahead,Bin,percent,11.8,11.9, 0.00012664680406482614811493337
Texas,4 wk ahead,Bin,percent,11.9,12, 0.00012664680406482614811493337
Texas,4 wk ahead,Bin,percent,12,12.1, 0.00012664680406482614811493337
Texas,4 wk ahead,Bin,percent,12.1,12.2, 0.00012664680406482614811493337
Texas,4 wk ahead,Bin,percent,12.2,12.3, 0.00012664680406482614811493337
Texas,4 wk ahead,Bin,percent,12.3,12.4, 0.00012664680406482614811493337
Texas,4 wk ahead,Bin,percent,12.4,12.5, 0.00012664680406482614811493337
Texas,4 wk ahead,Bin,percent,12.5,12.6, 0.00012664680406482614811493337
Texas,4 wk ahead,Bin,percent,12.6,12.7, 0.00012664680406482614811493337
Texas,4 wk ahead,Bin,percent,12.7,12.8, 0.00012664680406482614811493337
Texas,4 wk ahead,Bin,percent,12.8,12.9, 0.00012664680406482614811493337
Texas,4 wk ahead,Bin,percent,12.9,13, 0.00012664680406482614811493337
Texas,4 wk ahead,Bin,percent,13,100, 0.00012664680406482614811493337
Tennessee,Season peak week,Bin,week,40,41, 0.00266490774545029675615670506
Tennessee,Season peak week,Bin,week,41,42, 0.00266490774545029675615670506
Tennessee,Season peak week,Bin,week,42,43, 0.00266490774545029675615670506
Tennessee,Season peak week,Bin,week,43,44, 0.00266490774545029675615670506
Tennessee,Season peak week,Bin,week,44,45, 0.00266490774545029675615670506
Tennessee,Season peak week,Bin,week,45,46, 0.00266490774545029675615670506
Tennessee,Season peak week,Bin,week,46,47, 0.00266490774545029675615670506
Tennessee,Season peak week,Bin,week,47,48, 0.00266490774545029675615670506
Tennessee,Season peak week,Bin,week,48,49, 0.00266490774545029675615670506
Tennessee,Season peak week,Bin,week,49,50, 0.00341844852105453083160324645
Tennessee,Season peak week,Bin,week,50,51, 0.03035366632815210755080848060
Tennessee,Season peak week,Bin,week,51,52, 0.13752527153716953556283897342
Tennessee,Season peak week,Bin,week,52,53, 0.22718546296828606712026044079
Tennessee,Season peak week,Bin,week,1,2, 0.13755662570868773530996520549
Tennessee,Season peak week,Bin,week,2,3, 0.03147694553948307549795515570
Tennessee,Season peak week,Bin,week,3,4, 0.01656604932721958411967477787
Tennessee,Season peak week,Bin,week,4,5, 0.06420084300788513054225603582
Tennessee,Season peak week,Bin,week,5,6, 0.10594706568386808021031697535
Tennessee,Season peak week,Bin,week,6,7, 0.06413290551205928780031939596
Tennessee,Season peak week,Bin,week,7,8, 0.01416987095838112727108626387
Tennessee,Season peak week,Bin,week,8,9, 0.00171139993792397736641075490
Tennessee,Season peak week,Bin,week,9,10, 0.00741894242664502788497937757
Tennessee,Season peak week,Bin,week,10,11, 0.03347275319677046195865344203
Tennessee,Season peak week,Bin,week,11,12, 0.05529533343164910047518034730
Tennessee,Season peak week,Bin,week,12,13, 0.03347270364851591406551989394
Tennessee,Season peak week,Bin,week,13,14, 0.00738783124376702227814606161
Tennessee,Season peak week,Bin,week,14,15, 0.00083201233547971543448584786
Tennessee,Season peak week,Bin,week,15,16, 0.00064861649632498282001119572
Tennessee,Season peak week,Bin,week,16,17, 0.00064861649632498282001119572
Tennessee,Season peak week,Bin,week,17,18, 0.00064861649632498282001119572
Tennessee,Season peak week,Bin,week,18,19, 0.00064861649632498282001119572
Tennessee,Season peak week,Bin,week,19,20, 0.00064861649632498282001119572
Tennessee,Season peak week,Bin,week,20,21, 0.00064861649632498282001119572
Tennessee,Season peak percentage,Bin,percent,0,0.1, 0.00004110064071094567973978923
Tennessee,Season peak percentage,Bin,percent,0.1,0.2, 0.00008220128142189137303210561
Tennessee,Season peak percentage,Bin,percent,0.2,0.3, 0.00008220128142189134592705130
Tennessee,Season peak percentage,Bin,percent,0.3,0.4, 0.00008220128142189134592705130
Tennessee,Season peak percentage,Bin,percent,0.4,0.5, 0.00009067340897105674482440996
Tennessee,Season peak percentage,Bin,percent,0.5,0.6, 0.00012989018841612007260089001
Tennessee,Season peak percentage,Bin,percent,0.6,0.7, 0.00018581162378101135496111240
Tennessee,Season peak percentage,Bin,percent,0.7,0.8, 0.00026140346808062266039524024
Tennessee,Season peak percentage,Bin,percent,0.8,0.9, 0.00036167384913333598325801965
Tennessee,Season peak percentage,Bin,percent,0.9,1, 0.00049216966301933635658666377
Tennessee,Season peak percentage,Bin,percent,1,1.1, 0.00065868069198428435585823681
Tennessee,Season peak percentage,Bin,percent,1.1,1.2, 0.00086694324432991243245538726
Tennessee,Season peak percentage,Bin,percent,1.2,1.3, 0.00112224970759937782253945482
Tennessee,Season peak percentage,Bin,percent,1.3,1.4, 0.00142875349534289002376152844
Tennessee,Season peak percentage,Bin,percent,1.4,1.5, 0.00178887869931406697995845967
Tennessee,Season peak percentage,Bin,percent,1.5,1.6, 0.00220282839340983681644670078
Tennessee,Season peak percentage,Bin,percent,1.6,1.7, 0.00266770930985198943125036308
Tennessee,Season peak percentage,Bin,percent,1.7,1.8, 0.00317740951744441410195540776
Tennessee,Season peak percentage,Bin,percent,1.8,1.9, 0.00372201479200474265665588014
Tennessee,Season peak percentage,Bin,percent,1.9,2, 0.00428792556557624788410310046
Tennessee,Season peak percentage,Bin,percent,2,2.1, 0.00485832183563629938644057304
Tennessee,Season peak percentage,Bin,percent,2.1,2.2, 0.00541366203769578710480736561
Tennessee,Season peak percentage,Bin,percent,2.2,2.3, 0.00593287591847200569683540294
Tennessee,Season peak percentage,Bin,percent,2.3,2.4, 0.00639450555272723028532588785
Tennessee,Season peak percentage,Bin,percent,2.4,2.5, 0.00677828226197439362432639598
Tennessee,Season peak percentage,Bin,percent,2.5,2.6, 0.00706648449243933805125061909
Tennessee,Season peak percentage,Bin,percent,2.6,2.7, 0.00724522826669230912005614798
Tennessee,Season peak percentage,Bin,percent,2.7,2.8, 0.00730584034685012682214244606
Tennessee,Season peak percentage,Bin,percent,2.8,2.9, 0.00724545078887874581530237350
Tennessee,Season peak percentage,Bin,percent,2.9,3, 0.00706693048947996862313436495
Tennessee,Season peak percentage,Bin,percent,3,3.1, 0.00677917570967902834849772020
Tennessee,Season peak percentage,Bin,percent,3.1,3.2, 0.00639615139205295009372509440
Tennessee,Season peak percentage,Bin,percent,3.2,3.3, 0.00593564355163223901501456936
Tennessee,Season peak percentage,Bin,percent,3.3,3.4, 0.00541839173397373145141253659
Tennessee,Season peak percentage,Bin,percent,3.4,3.5, 0.00486613665557325981297909223
Tennessee,Season peak percentage,Bin,percent,3.5,3.6, 0.00430072456910115131362148944
Tennessee,Season peak percentage,Bin,percent,3.6,3.7, 0.00374260576982823802566491267
Tennessee,Season peak percentage,Bin,percent,3.7,3.8, 0.00321003205909704174628171991
Tennessee,Season peak percentage,Bin,percent,3.8,3.9, 0.00271851300876915996998506309
Tennessee,Season peak percentage,Bin,percent,3.9,4, 0.00228056881508437170325009902
Tennessee,Season peak percentage,Bin,percent,4,4.1, 0.00190601156318493769430133522
Tennessee,Season peak percentage,Bin,percent,4.1,4.2, 0.00160230282916600441298071722
Tennessee,Season peak percentage,Bin,percent,4.2,4.3, 0.00137524323755844161965011807
Tennessee,Season peak percentage,Bin,percent,4.3,4.4, 0.00122985501617328555137853563
Tennessee,Season peak percentage,Bin,percent,4.4,4.5, 0.00117087076341398032240659344
Tennessee,Season peak percentage,Bin,percent,4.5,4.6, 0.00120336702960938688247716222
Tennessee,Season peak percentage,Bin,percent,4.6,4.7, 0.00133356253674084984130188136
Tennessee,Season peak percentage,Bin,percent,4.7,4.8, 0.00156846249118232209697476609
Tennessee,Season peak percentage,Bin,percent,4.8,4.9, 0.00191591904477071022817880053
Tennessee,Season peak percentage,Bin,percent,4.9,5, 0.00238438145723935237055290948
Tennessee,Season peak percentage,Bin,percent,5,5.1, 0.00298147428210366119416541153
Tennessee,Season peak percentage,Bin,percent,5.1,5.2, 0.00371399543708490894808327276
Tennessee,Season peak percentage,Bin,percent,5.2,5.3, 0.00458611188034725031359428726
Tennessee,Season peak percentage,Bin,percent,5.3,5.4, 0.00559824248627570787012475151
Tennessee,Season peak percentage,Bin,percent,5.4,5.5, 0.00674669350563995937758443588
Tennessee,Season peak percentage,Bin,percent,5.5,5.6, 0.00802255798906826612937326360
Tennessee,Season peak percentage,Bin,percent,5.6,5.7, 0.00941150963654033279048860550
Tennessee,Season peak percentage,Bin,percent,5.7,5.8, 0.01089412366009621067897139568
Tennessee,Season peak percentage,Bin,percent,5.8,5.9, 0.01244641020519664589838448876
Tennessee,Season peak percentage,Bin,percent,5.9,6, 0.01404103350121937987537990011
Tennessee,Season peak percentage,Bin,percent,6,6.1, 0.01564886080085630196134793835
Tennessee,Season peak percentage,Bin,percent,6.1,6.2, 0.01724048414594697362089981141
Tennessee,Season peak percentage,Bin,percent,6.2,6.3, 0.01878827920273500040604375272
Tennessee,Season peak percentage,Bin,percent,6.3,6.4, 0.02026756277116160270823641554
Tennessee,Season peak percentage,Bin,percent,6.4,6.5, 0.02165817649254588375673513667
Tennessee,Season peak percentage,Bin,percent,6.5,6.6, 0.02294489773502647253500263957
Tennessee,Season peak percentage,Bin,percent,6.6,6.7, 0.02411754468116852900827495887
Tennessee,Season peak percentage,Bin,percent,6.7,6.8, 0.02517089149561202790494895964
Tennessee,Season peak percentage,Bin,percent,6.8,6.9, 0.02610301385120118375371411901
Tennessee,Season peak percentage,Bin,percent,6.9,7, 0.02691440650387952673860958441
Tennessee,Season peak percentage,Bin,percent,7,7.1, 0.02760652315935310796568558089
Tennessee,Season peak percentage,Bin,percent,7.1,7.2, 0.02817989115410320447030478874
Tennessee,Season peak percentage,Bin,percent,7.2,7.3, 0.02863301257533434548974149436
Tennessee,Season peak percentage,Bin,percent,7.3,7.4, 0.02896158778708251418931851617
Tennessee,Season peak percentage,Bin,percent,7.4,7.5, 0.02915795814721779469214091307
Tennessee,Season peak percentage,Bin,percent,7.5,7.6, 0.02921150987142410310193341161
Tennessee,Season peak percentage,Bin,percent,7.6,7.7, 0.02910970602843683877059000054
Tennessee,Season peak percentage,Bin,percent,7.7,7.8, 0.02883868572942963059979604168
Tennessee,Season peak percentage,Bin,percent,7.8,7.9, 0.02838563801045889192775639742
Tennessee,Season peak percentage,Bin,percent,7.9,8, 0.02774093173871582107548050544
Tennessee,Season peak percentage,Bin,percent,8,8.1, 0.02689858278066153615681876943
Tennessee,Season peak percentage,Bin,percent,8.1,8.2, 0.02585941501352199967111999968
Tennessee,Season peak percentage,Bin,percent,8.2,8.3, 0.02463093904777956255625070980
Tennessee,Season peak percentage,Bin,percent,8.3,8.4, 0.02322849756098250076363775918
Tennessee,Season peak percentage,Bin,percent,8.4,8.5, 0.02167531437929497845074067186
Tennessee,Season peak percentage,Bin,percent,8.5,8.6, 0.02000100755999668564188986863
Tennessee,Season peak percentage,Bin,percent,8.6,8.7, 0.01824068503790516465601356799
Tennessee,Season peak percentage,Bin,percent,8.7,8.8, 0.01643300432250067652506508864
Tennessee,Season peak percentage,Bin,percent,8.8,8.9, 0.01461773895665190170500835620
Tennessee,Season peak percentage,Bin,percent,8.9,9, 0.01283370701207247124853161324
Tennessee,Season peak percentage,Bin,percent,9,9.1, 0.01111656015381563313015877981
Tennessee,Season peak percentage,Bin,percent,9.1,9.2, 0.00949715329317326814595467965
Tennessee,Season peak percentage,Bin,percent,9.2,9.3, 0.00800014806499079779433802884
Tennessee,Season peak percentage,Bin,percent,9.3,9.4, 0.00664286630739994825300964720
Tennessee,Season peak percentage,Bin,percent,9.4,9.5, 0.00543604179572010175192087189
Tennessee,Season peak percentage,Bin,percent,9.5,9.6, 0.00438323177811523415764449751
Tennessee,Season peak percentage,Bin,percent,9.6,9.7, 0.00348164574299457190917350680
Tennessee,Season peak percentage,Bin,percent,9.7,9.8, 0.00272401663974941978321742120
Tennessee,Season peak percentage,Bin,percent,9.8,9.9, 0.00209884774455288856606638426
Tennessee,Season peak percentage,Bin,percent,9.9,10, 0.00159243513200776811572501046
Tennessee,Season peak percentage,Bin,percent,10,10.1, 0.00118964958302496563377625982
Tennessee,Season peak percentage,Bin,percent,10.1,10.2, 0.00087493780956795737854120310
Tennessee,Season peak percentage,Bin,percent,10.2,10.3, 0.00063344204961752559410875785
Tennessee,Season peak percentage,Bin,percent,10.3,10.4, 0.00045144726964769555949824609
Tennessee,Season peak percentage,Bin,percent,10.4,10.5, 0.00031667893695628093232719014
Tennessee,Season peak percentage,Bin,percent,10.5,10.6, 0.00021861995797858770756993962
Tennessee,Season peak percentage,Bin,percent,10.6,10.7, 0.00015087590078983152816136104
Tennessee,Season peak percentage,Bin,percent,10.7,10.8, 0.00013635726563980665585786023
Tennessee,Season peak percentage,Bin,percent,10.8,10.9, 0.00013635726563980665585786023
Tennessee,Season peak percentage,Bin,percent,10.9,11, 0.00013635726563980665585786023
Tennessee,Season peak percentage,Bin,percent,11,11.1, 0.00013635726563980665585786023
Tennessee,Season peak percentage,Bin,percent,11.1,11.2, 0.00013635726563980665585786023
Tennessee,Season peak percentage,Bin,percent,11.2,11.3, 0.00013635726563980665585786023
Tennessee,Season peak percentage,Bin,percent,11.3,11.4, 0.00013635726563980665585786023
Tennessee,Season peak percentage,Bin,percent,11.4,11.5, 0.00013635726563980665585786023
Tennessee,Season peak percentage,Bin,percent,11.5,11.6, 0.00013635726563980665585786023
Tennessee,Season peak percentage,Bin,percent,11.6,11.7, 0.00013635726563980665585786023
Tennessee,Season peak percentage,Bin,percent,11.7,11.8, 0.00013635726563980665585786023
Tennessee,Season peak percentage,Bin,percent,11.8,11.9, 0.00013635726563980665585786023
Tennessee,Season peak percentage,Bin,percent,11.9,12, 0.00013635726563980665585786023
Tennessee,Season peak percentage,Bin,percent,12,12.1, 0.00013635726563980665585786023
Tennessee,Season peak percentage,Bin,percent,12.1,12.2, 0.00013635726563980665585786023
Tennessee,Season peak percentage,Bin,percent,12.2,12.3, 0.00013635726563980665585786023
Tennessee,Season peak percentage,Bin,percent,12.3,12.4, 0.00013635726563980665585786023
Tennessee,Season peak percentage,Bin,percent,12.4,12.5, 0.00013635726563980665585786023
Tennessee,Season peak percentage,Bin,percent,12.5,12.6, 0.00013635726563980665585786023
Tennessee,Season peak percentage,Bin,percent,12.6,12.7, 0.00013635726563980665585786023
Tennessee,Season peak percentage,Bin,percent,12.7,12.8, 0.00013635726563980665585786023
Tennessee,Season peak percentage,Bin,percent,12.8,12.9, 0.00013635726563980665585786023
Tennessee,Season peak percentage,Bin,percent,12.9,13, 0.00013635726563980665585786023
Tennessee,Season peak percentage,Bin,percent,13,100, 0.00013635726563980665585786023
Tennessee,1 wk ahead,Bin,percent,0,0.1, 0.00009929368662976580746284266
Tennessee,1 wk ahead,Bin,percent,0.1,0.2, 0.00019858737325953161492568533
Tennessee,1 wk ahead,Bin,percent,0.2,0.3, 0.00024742483054766400410104388
Tennessee,1 wk ahead,Bin,percent,0.3,0.4, 0.00057101523963708981489889593
Tennessee,1 wk ahead,Bin,percent,0.4,0.5, 0.00124368340681527437749376297
Tennessee,1 wk ahead,Bin,percent,0.5,0.6, 0.00245062892832088440736582058
Tennessee,1 wk ahead,Bin,percent,0.6,0.7, 0.00436817231030321544149597202
Tennessee,1 wk ahead,Bin,percent,0.7,0.8, 0.00704425235911118087506199714
Tennessee,1 wk ahead,Bin,percent,0.8,0.9, 0.01027685178618070738210121817
Tennessee,1 wk ahead,Bin,percent,0.9,1, 0.01356381456449745961934105765
Tennessee,1 wk ahead,Bin,percent,1,1.1, 0.01619536920472484931021739385
Tennessee,1 wk ahead,Bin,percent,1.1,1.2, 0.01749492578373294110472002671
Tennessee,1 wk ahead,Bin,percent,1.2,1.3, 0.01709711119331243367458483817
Tennessee,1 wk ahead,Bin,percent,1.3,1.4, 0.01511568577225401444064090128
Tennessee,1 wk ahead,Bin,percent,1.4,1.5, 0.01209039784330349920349334525
Tennessee,1 wk ahead,Bin,percent,1.5,1.6, 0.00874902163216194871109276932
Tennessee,1 wk ahead,Bin,percent,1.6,1.7, 0.00572907333252993186678558857
Tennessee,1 wk ahead,Bin,percent,1.7,1.8, 0.00339868760696769751927792669
Tennessee,1 wk ahead,Bin,percent,1.8,1.9, 0.00184127484770063966704189973
Tennessee,1 wk ahead,Bin,percent,1.9,2, 0.00095550410006988502776420491
Tennessee,1 wk ahead,Bin,percent,2,2.1, 0.00059752642989493282791452211
Tennessee,1 wk ahead,Bin,percent,2.1,2.2, 0.00069590135621458513569964621
Tennessee,1 wk ahead,Bin,percent,2.2,2.3, 0.00132062567782695989247743196
Tennessee,1 wk ahead,Bin,percent,2.3,2.4, 0.00270214934457033975276352145
Tennessee,1 wk ahead,Bin,percent,2.4,2.5, 0.00518827777198977053985107233
Tennessee,1 wk ahead,Bin,percent,2.5,2.6, 0.00912588709925573303427537297
Tennessee,1 wk ahead,Bin,percent,2.6,2.7, 0.01467935304512595767745253283
Tennessee,1 wk ahead,Bin,percent,2.7,2.8, 0.02163920132639905735683072407
Tennessee,1 wk ahead,Bin,percent,2.8,2.9, 0.02934861350345453756549574109
Tennessee,1 wk ahead,Bin,percent,2.9,3, 0.03683017953946431111145187742
Tennessee,1 wk ahead,Bin,percent,3,3.1, 0.04310962660383422379029028093
Tennessee,1 wk ahead,Bin,percent,3.1,3.2, 0.04756862636316927517299291139
Tennessee,1 wk ahead,Bin,percent,3.2,3.3, 0.05011535913884265780460225415
Tennessee,1 wk ahead,Bin,percent,3.3,3.4, 0.05103701985273956243105430985
Tennessee,1 wk ahead,Bin,percent,3.4,3.5, 0.05063880401073576204007409274
Tennessee,1 wk ahead,Bin,percent,3.5,3.6, 0.04894527851236735171980285486
Tennessee,1 wk ahead,Bin,percent,3.6,3.7, 0.04569943780683411588272591075
Tennessee,1 wk ahead,Bin,percent,3.7,3.8, 0.04066881096737284817521640434
Tennessee,1 wk ahead,Bin,percent,3.8,3.9, 0.03401774158251077984083110550
Tennessee,1 wk ahead,Bin,percent,3.9,4, 0.02643807747107362535188279651
Tennessee,1 wk ahead,Bin,percent,4,4.1, 0.01895788185546715479135038152
Tennessee,1 wk ahead,Bin,percent,4.1,4.2, 0.01256391675723042729295730879
Tennessee,1 wk ahead,Bin,percent,4.2,4.3, 0.00791355740208403088398192438
Tennessee,1 wk ahead,Bin,percent,4.3,4.4, 0.00527610223731796255247639138
Tennessee,1 wk ahead,Bin,percent,4.4,4.5, 0.00466905101345276452723398464
Tennessee,1 wk ahead,Bin,percent,4.5,4.6, 0.00601866850841914231146079217
Tennessee,1 wk ahead,Bin,percent,4.6,4.7, 0.00918607537267433597871768569
Tennessee,1 wk ahead,Bin,percent,4.7,4.8, 0.01384661891627580153352194969
Tennessee,1 wk ahead,Bin,percent,4.8,4.9, 0.01931285398033665695605165524
Tennessee,1 wk ahead,Bin,percent,4.9,5, 0.02450232879070082109285166894
Tennessee,1 wk ahead,Bin,percent,5,5.1, 0.02815875319423075118230315184
Tennessee,1 wk ahead,Bin,percent,5.1,5.2, 0.02928523253170669041201001903
Tennessee,1 wk ahead,Bin,percent,5.2,5.3, 0.02755651759668859349106107004
Tennessee,1 wk ahead,Bin,percent,5.3,5.4, 0.02345801033029422735798341648
Tennessee,1 wk ahead,Bin,percent,5.4,5.5, 0.01806615393954516882168981340
Tennessee,1 wk ahead,Bin,percent,5.5,5.6, 0.01258719286955671708139181675
Tennessee,1 wk ahead,Bin,percent,5.6,5.7, 0.00793407950025152089446045522
Tennessee,1 wk ahead,Bin,percent,5.7,5.8, 0.00452402498329982413055594392
Tennessee,1 wk ahead,Bin,percent,5.8,5.9, 0.00233399326978670634824553076
Tennessee,1 wk ahead,Bin,percent,5.9,6, 0.00108929186257674423358998705
Tennessee,1 wk ahead,Bin,percent,6,6.1, 0.00046489991254059100621309764
Tennessee,1 wk ahead,Bin,percent,6.1,6.2, 0.00033139317099751674101232313
Tennessee,1 wk ahead,Bin,percent,6.2,6.3, 0.00033139317099751674101232313
Tennessee,1 wk ahead,Bin,percent,6.3,6.4, 0.00033139317099751674101232313
Tennessee,1 wk ahead,Bin,percent,6.4,6.5, 0.00033139317099751674101232313
Tennessee,1 wk ahead,Bin,percent,6.5,6.6, 0.00033139317099751674101232313
Tennessee,1 wk ahead,Bin,percent,6.6,6.7, 0.00033139317099751674101232313
Tennessee,1 wk ahead,Bin,percent,6.7,6.8, 0.00033139317099751674101232313
Tennessee,1 wk ahead,Bin,percent,6.8,6.9, 0.00033139317099751674101232313
Tennessee,1 wk ahead,Bin,percent,6.9,7, 0.00033139317099751674101232313
Tennessee,1 wk ahead,Bin,percent,7,7.1, 0.00033139317099751674101232313
Tennessee,1 wk ahead,Bin,percent,7.1,7.2, 0.00033139317099751674101232313
Tennessee,1 wk ahead,Bin,percent,7.2,7.3, 0.00033139317099751674101232313
Tennessee,1 wk ahead,Bin,percent,7.3,7.4, 0.00033139317099751674101232313
Tennessee,1 wk ahead,Bin,percent,7.4,7.5, 0.00033139317099751674101232313
Tennessee,1 wk ahead,Bin,percent,7.5,7.6, 0.00033139317099751674101232313
Tennessee,1 wk ahead,Bin,percent,7.6,7.7, 0.00033139317099751674101232313
Tennessee,1 wk ahead,Bin,percent,7.7,7.8, 0.00033139317099751674101232313
Tennessee,1 wk ahead,Bin,percent,7.8,7.9, 0.00033139317099751674101232313
Tennessee,1 wk ahead,Bin,percent,7.9,8, 0.00033139317099751674101232313
Tennessee,1 wk ahead,Bin,percent,8,8.1, 0.00033139317099751972256829746
Tennessee,1 wk ahead,Bin,percent,8.1,8.2, 0.00033139317099752259570405455
Tennessee,1 wk ahead,Bin,percent,8.2,8.3, 0.00033139317099752259570405455
Tennessee,1 wk ahead,Bin,percent,8.3,8.4, 0.00033139317099752259570405455
Tennessee,1 wk ahead,Bin,percent,8.4,8.5, 0.00033139317099752259570405455
Tennessee,1 wk ahead,Bin,percent,8.5,8.6, 0.00033139317099752259570405455
Tennessee,1 wk ahead,Bin,percent,8.6,8.7, 0.00033139317099752259570405455
Tennessee,1 wk ahead,Bin,percent,8.7,8.8, 0.00033139317099752259570405455
Tennessee,1 wk ahead,Bin,percent,8.8,8.9, 0.00033139317099752259570405455
Tennessee,1 wk ahead,Bin,percent,8.9,9, 0.00033139317099752259570405455
Tennessee,1 wk ahead,Bin,percent,9,9.1, 0.00033139317099752259570405455
Tennessee,1 wk ahead,Bin,percent,9.1,9.2, 0.00033139317099752259570405455
Tennessee,1 wk ahead,Bin,percent,9.2,9.3, 0.00033139317099752259570405455
Tennessee,1 wk ahead,Bin,percent,9.3,9.4, 0.00033139317099752259570405455
Tennessee,1 wk ahead,Bin,percent,9.4,9.5, 0.00033139317099752259570405455
Tennessee,1 wk ahead,Bin,percent,9.5,9.6, 0.00033139317099752259570405455
Tennessee,1 wk ahead,Bin,percent,9.6,9.7, 0.00033139317099752259570405455
Tennessee,1 wk ahead,Bin,percent,9.7,9.8, 0.00033139317099752259570405455
Tennessee,1 wk ahead,Bin,percent,9.8,9.9, 0.00033139317099752259570405455
Tennessee,1 wk ahead,Bin,percent,9.9,10, 0.00033139317099752259570405455
Tennessee,1 wk ahead,Bin,percent,10,10.1, 0.00033139317099752259570405455
Tennessee,1 wk ahead,Bin,percent,10.1,10.2, 0.00033139317099752259570405455
Tennessee,1 wk ahead,Bin,percent,10.2,10.3, 0.00033139317099752259570405455
Tennessee,1 wk ahead,Bin,percent,10.3,10.4, 0.00033139317099752259570405455
Tennessee,1 wk ahead,Bin,percent,10.4,10.5, 0.00033139317099752259570405455
Tennessee,1 wk ahead,Bin,percent,10.5,10.6, 0.00033139317099752259570405455
Tennessee,1 wk ahead,Bin,percent,10.6,10.7, 0.00033139317099752259570405455
Tennessee,1 wk ahead,Bin,percent,10.7,10.8, 0.00033139317099752259570405455
Tennessee,1 wk ahead,Bin,percent,10.8,10.9, 0.00033139317099752259570405455
Tennessee,1 wk ahead,Bin,percent,10.9,11, 0.00033139317099752259570405455
Tennessee,1 wk ahead,Bin,percent,11,11.1, 0.00033139317099752259570405455
Tennessee,1 wk ahead,Bin,percent,11.1,11.2, 0.00033139317099752259570405455
Tennessee,1 wk ahead,Bin,percent,11.2,11.3, 0.00033139317099752259570405455
Tennessee,1 wk ahead,Bin,percent,11.3,11.4, 0.00033139317099752259570405455
Tennessee,1 wk ahead,Bin,percent,11.4,11.5, 0.00033139317099752259570405455
Tennessee,1 wk ahead,Bin,percent,11.5,11.6, 0.00033139317099752259570405455
Tennessee,1 wk ahead,Bin,percent,11.6,11.7, 0.00033139317099752259570405455
Tennessee,1 wk ahead,Bin,percent,11.7,11.8, 0.00033139317099752259570405455
Tennessee,1 wk ahead,Bin,percent,11.8,11.9, 0.00033139317099752259570405455
Tennessee,1 wk ahead,Bin,percent,11.9,12, 0.00033139317099752259570405455
Tennessee,1 wk ahead,Bin,percent,12,12.1, 0.00033139317099752259570405455
Tennessee,1 wk ahead,Bin,percent,12.1,12.2, 0.00033139317099752259570405455
Tennessee,1 wk ahead,Bin,percent,12.2,12.3, 0.00033139317099752259570405455
Tennessee,1 wk ahead,Bin,percent,12.3,12.4, 0.00033139317099752259570405455
Tennessee,1 wk ahead,Bin,percent,12.4,12.5, 0.00033139317099752259570405455
Tennessee,1 wk ahead,Bin,percent,12.5,12.6, 0.00033139317099752259570405455
Tennessee,1 wk ahead,Bin,percent,12.6,12.7, 0.00033139317099752259570405455
Tennessee,1 wk ahead,Bin,percent,12.7,12.8, 0.00033139317099752259570405455
Tennessee,1 wk ahead,Bin,percent,12.8,12.9, 0.00033139317099752259570405455
Tennessee,1 wk ahead,Bin,percent,12.9,13, 0.00033139317099752259570405455
Tennessee,1 wk ahead,Bin,percent,13,100, 0.00033139317099752259570405455
Tennessee,2 wk ahead,Bin,percent,0,0.1, 0.00149846205266013763647559021
Tennessee,2 wk ahead,Bin,percent,0.1,0.2, 0.00351407562438609552893375998
Tennessee,2 wk ahead,Bin,percent,0.2,0.3, 0.00428421973248123855865232557
Tennessee,2 wk ahead,Bin,percent,0.3,0.4, 0.00514815144157071240271772439
Tennessee,2 wk ahead,Bin,percent,0.4,0.5, 0.00609812900282440378124659830
Tennessee,2 wk ahead,Bin,percent,0.5,0.6, 0.00712129364733320776442715427
Tennessee,2 wk ahead,Bin,percent,0.6,0.7, 0.00819938140814420804436402079
Tennessee,2 wk ahead,Bin,percent,0.7,0.8, 0.00930921597779766490932118472
Tennessee,2 wk ahead,Bin,percent,0.8,0.9, 0.01042313381806002879625960844
Tennessee,2 wk ahead,Bin,percent,0.9,1, 0.01151008308903176194371020813
Tennessee,2 wk ahead,Bin,percent,1,1.1, 0.01253733866520974522817954977
Tennessee,2 wk ahead,Bin,percent,1.1,1.2, 0.01347147966936258593750874724
Tennessee,2 wk ahead,Bin,percent,1.2,1.3, 0.01428160915070523541425817626
Tennessee,2 wk ahead,Bin,percent,1.3,1.4, 0.01493963080964653966642430305
Tennessee,2 wk ahead,Bin,percent,1.4,1.5, 0.01542428528224271989943705563
Tennessee,2 wk ahead,Bin,percent,1.5,1.6, 0.01572063026813669620040947450
Tennessee,2 wk ahead,Bin,percent,1.6,1.7, 0.01582389323313909690327250246
Tennessee,2 wk ahead,Bin,percent,1.7,1.8, 0.01573782980911558881942369226
Tennessee,2 wk ahead,Bin,percent,1.8,1.9, 0.01547759887337398637674468205
Tennessee,2 wk ahead,Bin,percent,1.9,2, 0.01506729010350368706816492903
Tennessee,2 wk ahead,Bin,percent,2,2.1, 0.01454068753847101783116535501
Tennessee,2 wk ahead,Bin,percent,2.1,2.2, 0.01393872010928236607196772923
Tennessee,2 wk ahead,Bin,percent,2.2,2.3, 0.01330782642724976511106049770
Tennessee,2 wk ahead,Bin,percent,2.3,2.4, 0.01269739210509096549728269565
Tennessee,2 wk ahead,Bin,percent,2.4,2.5, 0.01215706721419437981446254327
Tennessee,2 wk ahead,Bin,percent,2.5,2.6, 0.01173380742030284695776032322
Tennessee,2 wk ahead,Bin,percent,2.6,2.7, 0.01146925368638522339803653693
Tennessee,2 wk ahead,Bin,percent,2.7,2.8, 0.01139723253506273910329316124
Tennessee,2 wk ahead,Bin,percent,2.8,2.9, 0.01154161650395360387555410142
Tennessee,2 wk ahead,Bin,percent,2.9,3, 0.01191512382587447266280022973
Tennessee,2 wk ahead,Bin,percent,3,3.1, 0.01251807677532739380976689603
Tennessee,2 wk ahead,Bin,percent,3.1,3.2, 0.01333891296708447637975325506
Tennessee,2 wk ahead,Bin,percent,3.2,3.3, 0.01435438247384892250513299672
Tennessee,2 wk ahead,Bin,percent,3.3,3.4, 0.01553134542179302260422879556
Tennessee,2 wk ahead,Bin,percent,3.4,3.5, 0.01682873363096110824743689705
Tennessee,2 wk ahead,Bin,percent,3.5,3.6, 0.01819972662266935992114724741
Tennessee,2 wk ahead,Bin,percent,3.6,3.7, 0.01959494351456206318040642600
Tennessee,2 wk ahead,Bin,percent,3.7,3.8, 0.02096491549559668238211784796
Tennessee,2 wk ahead,Bin,percent,3.8,3.9, 0.02226258271785238121442951353
Tennessee,2 wk ahead,Bin,percent,3.9,4, 0.02344601422672338425501337156
Tennessee,2 wk ahead,Bin,percent,4,4.1, 0.02447892192050204682174374682
Tennessee,2 wk ahead,Bin,percent,4.1,4.2, 0.02533332414923690142916079537
Tennessee,2 wk ahead,Bin,percent,4.2,4.3, 0.02598753694751069695523248981
Tennessee,2 wk ahead,Bin,percent,4.3,4.4, 0.02642869738456510991797543397
Tennessee,2 wk ahead,Bin,percent,4.4,4.5, 0.02664893446335604015873244066
Tennessee,2 wk ahead,Bin,percent,4.5,4.6, 0.02664737000032493460799365437
Tennessee,2 wk ahead,Bin,percent,4.6,4.7, 0.02642645115180622047978964417
Tennessee,2 wk ahead,Bin,percent,4.7,4.8, 0.02599307365442468306659939969
Tennessee,2 wk ahead,Bin,percent,4.8,4.9, 0.02535635755995003723373137916
Tennessee,2 wk ahead,Bin,percent,4.9,5, 0.02452833252235948890973560310
Tennessee,2 wk ahead,Bin,percent,5,5.1, 0.02352315571811667421764369124
Tennessee,2 wk ahead,Bin,percent,5.1,5.2, 0.02235792937930412838110072471
Tennessee,2 wk ahead,Bin,percent,5.2,5.3, 0.02105230032323779018610387936
Tennessee,2 wk ahead,Bin,percent,5.3,5.4, 0.01962917995190435749286450573
Tennessee,2 wk ahead,Bin,percent,5.4,5.5, 0.01811419029213894374419346889
Tennessee,2 wk ahead,Bin,percent,5.5,5.6, 0.01653579174006666180352098650
Tennessee,2 wk ahead,Bin,percent,5.6,5.7, 0.01492411152246376354613133230
Tennessee,2 wk ahead,Bin,percent,5.7,5.8, 0.01331018652238407859456081894
Tennessee,2 wk ahead,Bin,percent,5.8,5.9, 0.01172450501423085919561195567
Tennessee,2 wk ahead,Bin,percent,5.9,6, 0.01019562596402944984474991941
Tennessee,2 wk ahead,Bin,percent,6,6.1, 0.00874886733694698118246613205
Tennessee,2 wk ahead,Bin,percent,6.1,6.2, 0.00740519170578128431425835032
Tennessee,2 wk ahead,Bin,percent,6.2,6.3, 0.00618028130848050690632211612
Tennessee,2 wk ahead,Bin,percent,6.3,6.4, 0.00508423167560149557447912727
Tennessee,2 wk ahead,Bin,percent,6.4,6.5, 0.00412157908126800903020336975
Tennessee,2 wk ahead,Bin,percent,6.5,6.6, 0.00329166423138624840427635121
Tennessee,2 wk ahead,Bin,percent,6.6,6.7, 0.00258925647877529096357873684
Tennessee,2 wk ahead,Bin,percent,6.7,6.8, 0.00200576117258237374141316423
Tennessee,2 wk ahead,Bin,percent,6.8,6.9, 0.00152973915218605023211284610
Tennessee,2 wk ahead,Bin,percent,6.9,7, 0.00114861466854272189185015574
Tennessee,2 wk ahead,Bin,percent,7,7.1, 0.00084887250571940783827606936
Tennessee,2 wk ahead,Bin,percent,7.1,7.2, 0.00061749190311633297967297551
Tennessee,2 wk ahead,Bin,percent,7.2,7.3, 0.00044201952328159566443788187
Tennessee,2 wk ahead,Bin,percent,7.3,7.4, 0.00031138249639228715972064099
Tennessee,2 wk ahead,Bin,percent,7.4,7.5, 0.00021582830992720290091448077
Tennessee,2 wk ahead,Bin,percent,7.5,7.6, 0.00016202925968191212607351359
Tennessee,2 wk ahead,Bin,percent,7.6,7.7, 0.00015954763886192311651834874
Tennessee,2 wk ahead,Bin,percent,7.7,7.8, 0.00015954763886192311651834874
Tennessee,2 wk ahead,Bin,percent,7.8,7.9, 0.00015954763886192311651834874
Tennessee,2 wk ahead,Bin,percent,7.9,8, 0.00015954763886192311651834874
Tennessee,2 wk ahead,Bin,percent,8,8.1, 0.00015954763886192452598117297
Tennessee,2 wk ahead,Bin,percent,8.1,8.2, 0.00015954763886192596254905152
Tennessee,2 wk ahead,Bin,percent,8.2,8.3, 0.00015954763886192596254905152
Tennessee,2 wk ahead,Bin,percent,8.3,8.4, 0.00015954763886192596254905152
Tennessee,2 wk ahead,Bin,percent,8.4,8.5, 0.00015954763886192596254905152
Tennessee,2 wk ahead,Bin,percent,8.5,8.6, 0.00015954763886192596254905152
Tennessee,2 wk ahead,Bin,percent,8.6,8.7, 0.00015954763886192596254905152
Tennessee,2 wk ahead,Bin,percent,8.7,8.8, 0.00015954763886192596254905152
Tennessee,2 wk ahead,Bin,percent,8.8,8.9, 0.00015954763886192596254905152
Tennessee,2 wk ahead,Bin,percent,8.9,9, 0.00015954763886192596254905152
Tennessee,2 wk ahead,Bin,percent,9,9.1, 0.00015954763886192596254905152
Tennessee,2 wk ahead,Bin,percent,9.1,9.2, 0.00015954763886192596254905152
Tennessee,2 wk ahead,Bin,percent,9.2,9.3, 0.00015954763886192596254905152
Tennessee,2 wk ahead,Bin,percent,9.3,9.4, 0.00015954763886192596254905152
Tennessee,2 wk ahead,Bin,percent,9.4,9.5, 0.00015954763886192596254905152
Tennessee,2 wk ahead,Bin,percent,9.5,9.6, 0.00015954763886192596254905152
Tennessee,2 wk ahead,Bin,percent,9.6,9.7, 0.00015954763886192596254905152
Tennessee,2 wk ahead,Bin,percent,9.7,9.8, 0.00015954763886192596254905152
Tennessee,2 wk ahead,Bin,percent,9.8,9.9, 0.00015954763886192596254905152
Tennessee,2 wk ahead,Bin,percent,9.9,10, 0.00015954763886192596254905152
Tennessee,2 wk ahead,Bin,percent,10,10.1, 0.00015954763886192596254905152
Tennessee,2 wk ahead,Bin,percent,10.1,10.2, 0.00015954763886192596254905152
Tennessee,2 wk ahead,Bin,percent,10.2,10.3, 0.00015954763886192596254905152
Tennessee,2 wk ahead,Bin,percent,10.3,10.4, 0.00015954763886192596254905152
Tennessee,2 wk ahead,Bin,percent,10.4,10.5, 0.00015954763886192596254905152
Tennessee,2 wk ahead,Bin,percent,10.5,10.6, 0.00015954763886192596254905152
Tennessee,2 wk ahead,Bin,percent,10.6,10.7, 0.00015954763886192596254905152
Tennessee,2 wk ahead,Bin,percent,10.7,10.8, 0.00015954763886192596254905152
Tennessee,2 wk ahead,Bin,percent,10.8,10.9, 0.00015954763886192596254905152
Tennessee,2 wk ahead,Bin,percent,10.9,11, 0.00015954763886192596254905152
Tennessee,2 wk ahead,Bin,percent,11,11.1, 0.00015954763886192596254905152
Tennessee,2 wk ahead,Bin,percent,11.1,11.2, 0.00015954763886192596254905152
Tennessee,2 wk ahead,Bin,percent,11.2,11.3, 0.00015954763886192596254905152
Tennessee,2 wk ahead,Bin,percent,11.3,11.4, 0.00015954763886192596254905152
Tennessee,2 wk ahead,Bin,percent,11.4,11.5, 0.00015954763886192596254905152
Tennessee,2 wk ahead,Bin,percent,11.5,11.6, 0.00015954763886192596254905152
Tennessee,2 wk ahead,Bin,percent,11.6,11.7, 0.00015954763886192596254905152
Tennessee,2 wk ahead,Bin,percent,11.7,11.8, 0.00015954763886192596254905152
Tennessee,2 wk ahead,Bin,percent,11.8,11.9, 0.00015954763886192596254905152
Tennessee,2 wk ahead,Bin,percent,11.9,12, 0.00015954763886192596254905152
Tennessee,2 wk ahead,Bin,percent,12,12.1, 0.00015954763886192596254905152
Tennessee,2 wk ahead,Bin,percent,12.1,12.2, 0.00015954763886192596254905152
Tennessee,2 wk ahead,Bin,percent,12.2,12.3, 0.00015954763886192596254905152
Tennessee,2 wk ahead,Bin,percent,12.3,12.4, 0.00015954763886192596254905152
Tennessee,2 wk ahead,Bin,percent,12.4,12.5, 0.00015954763886192596254905152
Tennessee,2 wk ahead,Bin,percent,12.5,12.6, 0.00015954763886192596254905152
Tennessee,2 wk ahead,Bin,percent,12.6,12.7, 0.00015954763886192596254905152
Tennessee,2 wk ahead,Bin,percent,12.7,12.8, 0.00015954763886192596254905152
Tennessee,2 wk ahead,Bin,percent,12.8,12.9, 0.00015954763886192596254905152
Tennessee,2 wk ahead,Bin,percent,12.9,13, 0.00015954763886192596254905152
Tennessee,2 wk ahead,Bin,percent,13,100, 0.00015954763886192596254905152
Tennessee,3 wk ahead,Bin,percent,0,0.1, 0.00176785583214228848684956841
Tennessee,3 wk ahead,Bin,percent,0.1,0.2, 0.00425858725752667997832556779
Tennessee,3 wk ahead,Bin,percent,0.2,0.3, 0.00529998992377542048337613068
Tennessee,3 wk ahead,Bin,percent,0.3,0.4, 0.00638997702150161453471532980
Tennessee,3 wk ahead,Bin,percent,0.4,0.5, 0.00746369397454087549204082563
Tennessee,3 wk ahead,Bin,percent,0.5,0.6, 0.00844642167431355200823972496
Tennessee,3 wk ahead,Bin,percent,0.6,0.7, 0.00926222227397515210367551219
Tennessee,3 wk ahead,Bin,percent,0.7,0.8, 0.00984434704751969633096386758
Tennessee,3 wk ahead,Bin,percent,0.8,0.9, 0.01014574124398954016457174987
Tennessee,3 wk ahead,Bin,percent,0.9,1, 0.01014733875458360447263661541
Tennessee,3 wk ahead,Bin,percent,1,1.1, 0.00986299376345680690880701746
Tennessee,3 wk ahead,Bin,percent,1.1,1.2, 0.00933994403556881458428051701
Tennessee,3 wk ahead,Bin,percent,1.2,1.3, 0.00865497176526937653240345583
Tennessee,3 wk ahead,Bin,percent,1.3,1.4, 0.00790651979430796215952970130
Tennessee,3 wk ahead,Bin,percent,1.4,1.5, 0.00720471337285643557285519378
Tennessee,3 wk ahead,Bin,percent,1.5,1.6, 0.00666070039004990326753086194
Tennessee,3 wk ahead,Bin,percent,1.6,1.7, 0.00637628368126994752446146109
Tennessee,3 wk ahead,Bin,percent,1.7,1.8, 0.00643560101671258009969900371
Tennessee,3 wk ahead,Bin,percent,1.8,1.9, 0.00689838444261791933903582574
Tennessee,3 wk ahead,Bin,percent,1.9,2, 0.00779538453484613681754300529
Tennessee,3 wk ahead,Bin,percent,2,2.1, 0.00912602270294259748650844699
Tennessee,3 wk ahead,Bin,percent,2.1,2.2, 0.01085801370363635894034093354
Tennessee,3 wk ahead,Bin,percent,2.2,2.3, 0.01292877769499213569392992440
Tennessee,3 wk ahead,Bin,percent,2.3,2.4, 0.01524907777533598268737691228
Tennessee,3 wk ahead,Bin,percent,2.4,2.5, 0.01770910838499545336688356656
Tennessee,3 wk ahead,Bin,percent,2.5,2.6, 0.02018640410000540480472963623
Tennessee,3 wk ahead,Bin,percent,2.6,2.7, 0.02255510916162385692818048710
Tennessee,3 wk ahead,Bin,percent,2.7,2.8, 0.02469612720881020004326522610
Tennessee,3 wk ahead,Bin,percent,2.8,2.9, 0.02650672395113666535149121728
Tennessee,3 wk ahead,Bin,percent,2.9,3, 0.02790836715111577950865218156
Tennessee,3 wk ahead,Bin,percent,3,3.1, 0.02885236019460590481400252827
Tennessee,3 wk ahead,Bin,percent,3.1,3.2, 0.02932192640350551882111318491
Tennessee,3 wk ahead,Bin,percent,3.2,3.3, 0.02933016574139739318649588995
Tennessee,3 wk ahead,Bin,percent,3.3,3.4, 0.02891506637190201581266713049
Tennessee,3 wk ahead,Bin,percent,3.4,3.5, 0.02813189308153428436209964048
Tennessee,3 wk ahead,Bin,percent,3.5,3.6, 0.02704368023063006762352067369
Tennessee,3 wk ahead,Bin,percent,3.6,3.7, 0.02571261115718461928714155817
Tennessee,3 wk ahead,Bin,percent,3.7,3.8, 0.02419339041811943355475555961
Tennessee,3 wk ahead,Bin,percent,3.8,3.9, 0.02252992195646770848260764808
Tennessee,3 wk ahead,Bin,percent,3.9,4, 0.02075561773225683900867544196
Tennessee,3 wk ahead,Bin,percent,4,4.1, 0.01889683626103116562133799050
Tennessee,3 wk ahead,Bin,percent,4.1,4.2, 0.01697813610570981374126020569
Tennessee,3 wk ahead,Bin,percent,4.2,4.3, 0.01502748309530354750562786137
Tennessee,3 wk ahead,Bin,percent,4.3,4.4, 0.01307974682130746447994429360
Tennessee,3 wk ahead,Bin,percent,4.4,4.5, 0.01117778337444911770925948247
Tennessee,3 wk ahead,Bin,percent,4.5,4.6, 0.00937073239407407512779890624
Tennessee,3 wk ahead,Bin,percent,4.6,4.7, 0.00771050014161505335719137832
Tennessee,3 wk ahead,Bin,percent,4.7,4.8, 0.00624770376334676368762499621
Tennessee,3 wk ahead,Bin,percent,4.8,4.9, 0.00502821513643637602736236047
Tennessee,3 wk ahead,Bin,percent,4.9,5, 0.00409117149450213563738332212
Tennessee,3 wk ahead,Bin,percent,5,5.1, 0.00346849527730307225642514268
Tennessee,3 wk ahead,Bin,percent,5.1,5.2, 0.00318576828854132566154477857
Tennessee,3 wk ahead,Bin,percent,5.2,5.3, 0.00326271917412695750676521200
Tennessee,3 wk ahead,Bin,percent,5.3,5.4, 0.00371230944068244020014879503
Tennessee,3 wk ahead,Bin,percent,5.4,5.5, 0.00453821100623886825725650240
Tennessee,3 wk ahead,Bin,percent,5.5,5.6, 0.00572981792235709684601996372
Tennessee,3 wk ahead,Bin,percent,5.6,5.7, 0.00725571295988803981191761494
Tennessee,3 wk ahead,Bin,percent,5.7,5.8, 0.00905749799129976738976122164
Tennessee,3 wk ahead,Bin,percent,5.8,5.9, 0.01104628872495713905188541304
Tennessee,3 wk ahead,Bin,percent,5.9,6, 0.01310310999968408718352463893
Tennessee,3 wk ahead,Bin,percent,6,6.1, 0.01508527381321696399230081198
Tennessee,3 wk ahead,Bin,percent,6.1,6.2, 0.01683893925910217442831751100
Tennessee,3 wk ahead,Bin,percent,6.2,6.3, 0.01821585626922659142956639755
Tennessee,3 wk ahead,Bin,percent,6.3,6.4, 0.01909241065163265471671394380
Tennessee,3 wk ahead,Bin,percent,6.4,6.5, 0.01938663018028050424867991808
Tennessee,3 wk ahead,Bin,percent,6.5,6.6, 0.01907018482786883295521107584
Tennessee,3 wk ahead,Bin,percent,6.6,6.7, 0.01817221479562906513716136203
Tennessee,3 wk ahead,Bin,percent,6.7,6.8, 0.01677464730763911227029439033
Tennessee,3 wk ahead,Bin,percent,6.8,6.9, 0.01500014304379695267988026330
Tennessee,3 wk ahead,Bin,percent,6.9,7, 0.01299359584518281450493670803
Tennessee,3 wk ahead,Bin,percent,7,7.1, 0.01090314354205489978666410167
Tennessee,3 wk ahead,Bin,percent,7.1,7.2, 0.00886265774420018880019878083
Tennessee,3 wk ahead,Bin,percent,7.2,7.3, 0.00697854116702492904139587537
Tennessee,3 wk ahead,Bin,percent,7.3,7.4, 0.00532298674236181094954201143
Tennessee,3 wk ahead,Bin,percent,7.4,7.5, 0.00393313522945814685732868199
Tennessee,3 wk ahead,Bin,percent,7.5,7.6, 0.00281526822657939684857453244
Tennessee,3 wk ahead,Bin,percent,7.6,7.7, 0.00195204297999444949252012549
Tennessee,3 wk ahead,Bin,percent,7.7,7.8, 0.00131113754426683340459369731
Tennessee,3 wk ahead,Bin,percent,7.8,7.9, 0.00085312822063319073469939147
Tennessee,3 wk ahead,Bin,percent,7.9,8, 0.00053772091661851654370574138
Tennessee,3 wk ahead,Bin,percent,8,8.1, 0.00032829824167950917568337132
Tennessee,3 wk ahead,Bin,percent,8.1,8.2, 0.00022265768871592507604020850
Tennessee,3 wk ahead,Bin,percent,8.2,8.3, 0.00021855325442774926089466170
Tennessee,3 wk ahead,Bin,percent,8.3,8.4, 0.00021855325442774926089466170
Tennessee,3 wk ahead,Bin,percent,8.4,8.5, 0.00021855325442774926089466170
Tennessee,3 wk ahead,Bin,percent,8.5,8.6, 0.00021855325442774926089466170
Tennessee,3 wk ahead,Bin,percent,8.6,8.7, 0.00021855325442774926089466170
Tennessee,3 wk ahead,Bin,percent,8.7,8.8, 0.00021855325442774926089466170
Tennessee,3 wk ahead,Bin,percent,8.8,8.9, 0.00021855325442774926089466170
Tennessee,3 wk ahead,Bin,percent,8.9,9, 0.00021855325442774926089466170
Tennessee,3 wk ahead,Bin,percent,9,9.1, 0.00021855325442774926089466170
Tennessee,3 wk ahead,Bin,percent,9.1,9.2, 0.00021855325442774926089466170
Tennessee,3 wk ahead,Bin,percent,9.2,9.3, 0.00021855325442774926089466170
Tennessee,3 wk ahead,Bin,percent,9.3,9.4, 0.00021855325442774926089466170
Tennessee,3 wk ahead,Bin,percent,9.4,9.5, 0.00021855325442774926089466170
Tennessee,3 wk ahead,Bin,percent,9.5,9.6, 0.00021855325442774926089466170
Tennessee,3 wk ahead,Bin,percent,9.6,9.7, 0.00021855325442774926089466170
Tennessee,3 wk ahead,Bin,percent,9.7,9.8, 0.00021855325442774926089466170
Tennessee,3 wk ahead,Bin,percent,9.8,9.9, 0.00021855325442774926089466170
Tennessee,3 wk ahead,Bin,percent,9.9,10, 0.00021855325442774926089466170
Tennessee,3 wk ahead,Bin,percent,10,10.1, 0.00021855325442774926089466170
Tennessee,3 wk ahead,Bin,percent,10.1,10.2, 0.00021855325442774926089466170
Tennessee,3 wk ahead,Bin,percent,10.2,10.3, 0.00021855325442774926089466170
Tennessee,3 wk ahead,Bin,percent,10.3,10.4, 0.00021855325442774926089466170
Tennessee,3 wk ahead,Bin,percent,10.4,10.5, 0.00021855325442774926089466170
Tennessee,3 wk ahead,Bin,percent,10.5,10.6, 0.00021855325442774926089466170
Tennessee,3 wk ahead,Bin,percent,10.6,10.7, 0.00021855325442774926089466170
Tennessee,3 wk ahead,Bin,percent,10.7,10.8, 0.00021855325442774926089466170
Tennessee,3 wk ahead,Bin,percent,10.8,10.9, 0.00021855325442774926089466170
Tennessee,3 wk ahead,Bin,percent,10.9,11, 0.00021855325442774926089466170
Tennessee,3 wk ahead,Bin,percent,11,11.1, 0.00021855325442774926089466170
Tennessee,3 wk ahead,Bin,percent,11.1,11.2, 0.00021855325442774926089466170
Tennessee,3 wk ahead,Bin,percent,11.2,11.3, 0.00021855325442774926089466170
Tennessee,3 wk ahead,Bin,percent,11.3,11.4, 0.00021855325442774926089466170
Tennessee,3 wk ahead,Bin,percent,11.4,11.5, 0.00021855325442774926089466170
Tennessee,3 wk ahead,Bin,percent,11.5,11.6, 0.00021855325442774926089466170
Tennessee,3 wk ahead,Bin,percent,11.6,11.7, 0.00021855325442774926089466170
Tennessee,3 wk ahead,Bin,percent,11.7,11.8, 0.00021855325442774926089466170
Tennessee,3 wk ahead,Bin,percent,11.8,11.9, 0.00021855325442774926089466170
Tennessee,3 wk ahead,Bin,percent,11.9,12, 0.00021855325442774926089466170
Tennessee,3 wk ahead,Bin,percent,12,12.1, 0.00021855325442774926089466170
Tennessee,3 wk ahead,Bin,percent,12.1,12.2, 0.00021855325442774926089466170
Tennessee,3 wk ahead,Bin,percent,12.2,12.3, 0.00021855325442774926089466170
Tennessee,3 wk ahead,Bin,percent,12.3,12.4, 0.00021855325442774926089466170
Tennessee,3 wk ahead,Bin,percent,12.4,12.5, 0.00021855325442774926089466170
Tennessee,3 wk ahead,Bin,percent,12.5,12.6, 0.00021855325442774926089466170
Tennessee,3 wk ahead,Bin,percent,12.6,12.7, 0.00021855325442774926089466170
Tennessee,3 wk ahead,Bin,percent,12.7,12.8, 0.00021855325442774926089466170
Tennessee,3 wk ahead,Bin,percent,12.8,12.9, 0.00021855325442774926089466170
Tennessee,3 wk ahead,Bin,percent,12.9,13, 0.00021855325442774926089466170
Tennessee,3 wk ahead,Bin,percent,13,100, 0.00021855325442774926089466170
Tennessee,4 wk ahead,Bin,percent,0,0.1, 0.00109454442435439952205356029
Tennessee,4 wk ahead,Bin,percent,0.1,0.2, 0.00259540740595339946422681621
Tennessee,4 wk ahead,Bin,percent,0.2,0.3, 0.00320555279502364931162872175
Tennessee,4 wk ahead,Bin,percent,0.3,0.4, 0.00389618456834163765997725015
Tennessee,4 wk ahead,Bin,percent,0.4,0.5, 0.00466249739827200374020499396
Tennessee,4 wk ahead,Bin,percent,0.5,0.6, 0.00549616065563606707305988053
Tennessee,4 wk ahead,Bin,percent,0.6,0.7, 0.00638599309587410852995237320
Tennessee,4 wk ahead,Bin,percent,0.7,0.8, 0.00731858428364332881665976771
Tennessee,4 wk ahead,Bin,percent,0.8,0.9, 0.00827913805893169818528321002
Tennessee,4 wk ahead,Bin,percent,0.9,1, 0.00925282089142724119279481698
Tennessee,4 wk ahead,Bin,percent,1,1.1, 0.01022581339091666388640966545
Tennessee,4 wk ahead,Bin,percent,1.1,1.2, 0.01118639915656844535662983731
Tennessee,4 wk ahead,Bin,percent,1.2,1.3, 0.01212572975401432495701214975
Tennessee,4 wk ahead,Bin,percent,1.3,1.4, 0.01303824163438973768314177448
Tennessee,4 wk ahead,Bin,percent,1.4,1.5, 0.01392179060274540032537959888
Tennessee,4 wk ahead,Bin,percent,1.5,1.6, 0.01477725510442004855371500582
Tennessee,4 wk ahead,Bin,percent,1.6,1.7, 0.01560797246457063663926945196
Tennessee,4 wk ahead,Bin,percent,1.7,1.8, 0.01641877634572775496168972609
Tennessee,4 wk ahead,Bin,percent,1.8,1.9, 0.01721512870903923672627477970
Tennessee,4 wk ahead,Bin,percent,1.9,2, 0.01800199222712160415649229606
Tennessee,4 wk ahead,Bin,percent,2,2.1, 0.01878287062380752311940845800
Tennessee,4 wk ahead,Bin,percent,2.1,2.2, 0.01955882931837503793670585139
Tennessee,4 wk ahead,Bin,percent,2.2,2.3, 0.02032767732702419477552879812
Tennessee,4 wk ahead,Bin,percent,2.3,2.4, 0.02108329536667949422046319796
Tennessee,4 wk ahead,Bin,percent,2.4,2.5, 0.02181509372619297101869584310
Tennessee,4 wk ahead,Bin,percent,2.5,2.6, 0.02250774000107197414521920109
Tennessee,4 wk ahead,Bin,percent,2.6,2.7, 0.02314136525779977859862412970
Tennessee,4 wk ahead,Bin,percent,2.7,2.8, 0.02369199672573801818131755681
Tennessee,4 wk ahead,Bin,percent,2.8,2.9, 0.02413247764131874750770379023
Tennessee,4 wk ahead,Bin,percent,2.9,3, 0.02443417267656244548645894099
Tennessee,4 wk ahead,Bin,percent,3,3.1, 0.02456874680465110857841004588
Tennessee,4 wk ahead,Bin,percent,3.1,3.2, 0.02451071124911101406507185629
Tennessee,4 wk ahead,Bin,percent,3.2,3.3, 0.02423929880422823202046345159
Tennessee,4 wk ahead,Bin,percent,3.3,3.4, 0.02374142317274069435839578546
Tennessee,4 wk ahead,Bin,percent,3.4,3.5, 0.02301269042051947225080432702
Tennessee,4 wk ahead,Bin,percent,3.5,3.6, 0.02205984267421655722896112195
Tennessee,4 wk ahead,Bin,percent,3.6,3.7, 0.02089979423532789190587344308
Tennessee,4 wk ahead,Bin,percent,3.7,3.8, 0.01956012045831214893332195004
Tennessee,4 wk ahead,Bin,percent,3.8,3.9, 0.01807788776405912928302299747
Tennessee,4 wk ahead,Bin,percent,3.9,4, 0.01649700497555993752851755119
Tennessee,4 wk ahead,Bin,percent,4,4.1, 0.01486647362609521197396311720
Tennessee,4 wk ahead,Bin,percent,4.1,4.2, 0.01323747967278163586990480383
Tennessee,4 wk ahead,Bin,percent,4.2,4.3, 0.01166075812394943428396132390
Tennessee,4 wk ahead,Bin,percent,4.3,4.4, 0.01018445677886751880858451358
Tennessee,4 wk ahead,Bin,percent,4.4,4.5, 0.00885210994393200931162901668
Tennessee,4 wk ahead,Bin,percent,4.5,4.6, 0.00770128884992035255691034124
Tennessee,4 wk ahead,Bin,percent,4.6,4.7, 0.00676227373739920600143049612
Tennessee,4 wk ahead,Bin,percent,4.7,4.8, 0.00605827348541145265653495855
Tennessee,4 wk ahead,Bin,percent,4.8,4.9, 0.00560425192328478042474992904
Tennessee,4 wk ahead,Bin,percent,4.9,5, 0.00540759296729125416708372498
Tennessee,4 wk ahead,Bin,percent,5,5.1, 0.00546651798272927355593076015
Tennessee,4 wk ahead,Bin,percent,5.1,5.2, 0.00577164354261703628490298712
Tennessee,4 wk ahead,Bin,percent,5.2,5.3, 0.00630436372719556711169408558
Tennessee,4 wk ahead,Bin,percent,5.3,5.4, 0.00703697677693897270106981878
Tennessee,4 wk ahead,Bin,percent,5.4,5.5, 0.00793340451409820131278838318
Tennessee,4 wk ahead,Bin,percent,5.5,5.6, 0.00894892393999033655682673327
Tennessee,4 wk ahead,Bin,percent,5.6,5.7, 0.01003174238569129635145760204
Tennessee,4 wk ahead,Bin,percent,5.7,5.8, 0.01112499821532324587036733021
Tennessee,4 wk ahead,Bin,percent,5.8,5.9, 0.01216922108288580155199820609
Tennessee,4 wk ahead,Bin,percent,5.9,6, 0.01310560124739264600823851481
Tennessee,4 wk ahead,Bin,percent,6,6.1, 0.01387981590823698235803718148
Tennessee,4 wk ahead,Bin,percent,6.1,6.2, 0.01444576052842556218580583050
Tennessee,4 wk ahead,Bin,percent,6.2,6.3, 0.01476842202324916281108713179
Tennessee,4 wk ahead,Bin,percent,6.3,6.4, 0.01482690913099176180378613310
Tennessee,4 wk ahead,Bin,percent,6.4,6.5, 0.01461544267091876951603079959
Tennessee,4 wk ahead,Bin,percent,6.5,6.6, 0.01414466519392827865975181822
Tennessee,4 wk ahead,Bin,percent,6.6,6.7, 0.01343846750866544217939413386
Tennessee,4 wk ahead,Bin,percent,6.7,6.8, 0.01253358288874665930900942357
Tennessee,4 wk ahead,Bin,percent,6.8,6.9, 0.01147520033118016626050295059
Tennessee,4 wk ahead,Bin,percent,6.9,7, 0.01031323229326482245060692122
Tennessee,4 wk ahead,Bin,percent,7,7.1, 0.00909867171429040895447304393
Tennessee,4 wk ahead,Bin,percent,7.1,7.2, 0.00787966270167858931494642150
Tennessee,4 wk ahead,Bin,percent,7.2,7.3, 0.00669852647156199496741857402
Tennessee,4 wk ahead,Bin,percent,7.3,7.4, 0.00558980665836010612995687907
Tennessee,4 wk ahead,Bin,percent,7.4,7.5, 0.00457886720156723374397511606
Tennessee,4 wk ahead,Bin,percent,7.5,7.6, 0.00368182186866890638968219385
Tennessee,4 wk ahead,Bin,percent,7.6,7.7, 0.00290603089207533199153643544
Tennessee,4 wk ahead,Bin,percent,7.7,7.8, 0.00225156787954911398810797785
Tennessee,4 wk ahead,Bin,percent,7.8,7.9, 0.00171241512757226862183335125
Tennessee,4 wk ahead,Bin,percent,7.9,8, 0.00127848507504996645317563164
Tennessee,4 wk ahead,Bin,percent,8,8.1, 0.00093688265314092718585858854
Tennessee,4 wk ahead,Bin,percent,8.1,8.2, 0.00067399394242511506160353552
Tennessee,4 wk ahead,Bin,percent,8.2,8.3, 0.00047595012549166891774668486
Tennessee,4 wk ahead,Bin,percent,8.3,8.4, 0.00032990169809075887627503043
Tennessee,4 wk ahead,Bin,percent,8.4,8.5, 0.00022447600497762010599532567
Tennessee,4 wk ahead,Bin,percent,8.5,8.6, 0.00016840934608068207660111493
Tennessee,4 wk ahead,Bin,percent,8.6,8.7, 0.00016657016550552603147659914
Tennessee,4 wk ahead,Bin,percent,8.7,8.8, 0.00016657016550552603147659914
Tennessee,4 wk ahead,Bin,percent,8.8,8.9, 0.00016657016550552603147659914
Tennessee,4 wk ahead,Bin,percent,8.9,9, 0.00016657016550552603147659914
Tennessee,4 wk ahead,Bin,percent,9,9.1, 0.00016657016550552603147659914
Tennessee,4 wk ahead,Bin,percent,9.1,9.2, 0.00016657016550552603147659914
Tennessee,4 wk ahead,Bin,percent,9.2,9.3, 0.00016657016550552603147659914
Tennessee,4 wk ahead,Bin,percent,9.3,9.4, 0.00016657016550552603147659914
Tennessee,4 wk ahead,Bin,percent,9.4,9.5, 0.00016657016550552603147659914
Tennessee,4 wk ahead,Bin,percent,9.5,9.6, 0.00016657016550552603147659914
Tennessee,4 wk ahead,Bin,percent,9.6,9.7, 0.00016657016550552603147659914
Tennessee,4 wk ahead,Bin,percent,9.7,9.8, 0.00016657016550552603147659914
Tennessee,4 wk ahead,Bin,percent,9.8,9.9, 0.00016657016550552603147659914
Tennessee,4 wk ahead,Bin,percent,9.9,10, 0.00016657016550552603147659914
Tennessee,4 wk ahead,Bin,percent,10,10.1, 0.00016657016550552603147659914
Tennessee,4 wk ahead,Bin,percent,10.1,10.2, 0.00016657016550552603147659914
Tennessee,4 wk ahead,Bin,percent,10.2,10.3, 0.00016657016550552603147659914
Tennessee,4 wk ahead,Bin,percent,10.3,10.4, 0.00016657016550552603147659914
Tennessee,4 wk ahead,Bin,percent,10.4,10.5, 0.00016657016550552603147659914
Tennessee,4 wk ahead,Bin,percent,10.5,10.6, 0.00016657016550552603147659914
Tennessee,4 wk ahead,Bin,percent,10.6,10.7, 0.00016657016550552603147659914
Tennessee,4 wk ahead,Bin,percent,10.7,10.8, 0.00016657016550552603147659914
Tennessee,4 wk ahead,Bin,percent,10.8,10.9, 0.00016657016550552603147659914
Tennessee,4 wk ahead,Bin,percent,10.9,11, 0.00016657016550552603147659914
Tennessee,4 wk ahead,Bin,percent,11,11.1, 0.00016657016550552603147659914
Tennessee,4 wk ahead,Bin,percent,11.1,11.2, 0.00016657016550552603147659914
Tennessee,4 wk ahead,Bin,percent,11.2,11.3, 0.00016657016550552603147659914
Tennessee,4 wk ahead,Bin,percent,11.3,11.4, 0.00016657016550552603147659914
Tennessee,4 wk ahead,Bin,percent,11.4,11.5, 0.00016657016550552603147659914
Tennessee,4 wk ahead,Bin,percent,11.5,11.6, 0.00016657016550552603147659914
Tennessee,4 wk ahead,Bin,percent,11.6,11.7, 0.00016657016550552603147659914
Tennessee,4 wk ahead,Bin,percent,11.7,11.8, 0.00016657016550552603147659914
Tennessee,4 wk ahead,Bin,percent,11.8,11.9, 0.00016657016550552603147659914
Tennessee,4 wk ahead,Bin,percent,11.9,12, 0.00016657016550552603147659914
Tennessee,4 wk ahead,Bin,percent,12,12.1, 0.00016657016550552603147659914
Tennessee,4 wk ahead,Bin,percent,12.1,12.2, 0.00016657016550552603147659914
Tennessee,4 wk ahead,Bin,percent,12.2,12.3, 0.00016657016550552603147659914
Tennessee,4 wk ahead,Bin,percent,12.3,12.4, 0.00016657016550552603147659914
Tennessee,4 wk ahead,Bin,percent,12.4,12.5, 0.00016657016550552603147659914
Tennessee,4 wk ahead,Bin,percent,12.5,12.6, 0.00016657016550552603147659914
Tennessee,4 wk ahead,Bin,percent,12.6,12.7, 0.00016657016550552603147659914
Tennessee,4 wk ahead,Bin,percent,12.7,12.8, 0.00016657016550552603147659914
Tennessee,4 wk ahead,Bin,percent,12.8,12.9, 0.00016657016550552603147659914
Tennessee,4 wk ahead,Bin,percent,12.9,13, 0.00016657016550552603147659914
Tennessee,4 wk ahead,Bin,percent,13,100, 0.00016657016550552603147659914
South Dakota,Season peak week,Bin,week,40,41, 0.00094850824877783256917906929
South Dakota,Season peak week,Bin,week,41,42, 0.00094850824877783256917906929
South Dakota,Season peak week,Bin,week,42,43, 0.00094850824877783256917906929
South Dakota,Season peak week,Bin,week,43,44, 0.00094850824877783256917906929
South Dakota,Season peak week,Bin,week,44,45, 0.00094850824877783256917906929
South Dakota,Season peak week,Bin,week,45,46, 0.00094850824877783256917906929
South Dakota,Season peak week,Bin,week,46,47, 0.00094850824877783256917906929
South Dakota,Season peak week,Bin,week,47,48, 0.00094850824877783256917906929
South Dakota,Season peak week,Bin,week,48,49, 0.00094850824877783256917906929
South Dakota,Season peak week,Bin,week,49,50, 0.00094850824877783256917906929
South Dakota,Season peak week,Bin,week,50,51, 0.00151214040117442888831733594
South Dakota,Season peak week,Bin,week,51,52, 0.00832791140167050102094403741
South Dakota,Season peak week,Bin,week,52,53, 0.03028300149358734150162320020
South Dakota,Season peak week,Bin,week,1,2, 0.06798541866995394533645935553
South Dakota,Season peak week,Bin,week,2,3, 0.10087674905963291138721871221
South Dakota,Season peak week,Bin,week,3,4, 0.11805956337233250441620668880
South Dakota,Season peak week,Bin,week,4,5, 0.13665304653495510822658332017
South Dakota,Season peak week,Bin,week,5,6, 0.15553831500308248902975094552
South Dakota,Season peak week,Bin,week,6,7, 0.15047458524653897771194976940
South Dakota,Season peak week,Bin,week,7,8, 0.11501726641378363924506089688
South Dakota,Season peak week,Bin,week,8,9, 0.06561715381455139606270421382
South Dakota,Season peak week,Bin,week,9,10, 0.02590302548675135763112109544
South Dakota,Season peak week,Bin,week,10,11, 0.00663194064440944617416784368
South Dakota,Season peak week,Bin,week,11,12, 0.00115673961246255479172473368
South Dakota,Season peak week,Bin,week,12,13, 0.00071978448414834750312962797
South Dakota,Season peak week,Bin,week,13,14, 0.00071978448414834750312962797
South Dakota,Season peak week,Bin,week,14,15, 0.00071978448414834750312962797
South Dakota,Season peak week,Bin,week,15,16, 0.00071978448414834750312962797
South Dakota,Season peak week,Bin,week,16,17, 0.00071978448414834750312962797
South Dakota,Season peak week,Bin,week,17,18, 0.00071978448414834750312962797
South Dakota,Season peak week,Bin,week,18,19, 0.00071978448414834750312962797
South Dakota,Season peak week,Bin,week,19,20, 0.00071978448414834750312962797
South Dakota,Season peak week,Bin,week,20,21, 0.00071978448414834750312962797
South Dakota,Season peak percentage,Bin,percent,0,0.1, 0.00034247414461427427845308102
South Dakota,Season peak percentage,Bin,percent,0.1,0.2, 0.00068494828922854866532637930
South Dakota,Season peak percentage,Bin,percent,0.2,0.3, 0.00068494828922854834006572755
South Dakota,Season peak percentage,Bin,percent,0.3,0.4, 0.00068494828922854834006572755
South Dakota,Season peak percentage,Bin,percent,0.4,0.5, 0.00068494828922854834006572755
South Dakota,Season peak percentage,Bin,percent,0.5,0.6, 0.00068494828922854877374659655
South Dakota,Season peak percentage,Bin,percent,0.6,0.7, 0.00068494828922854909900724829
South Dakota,Season peak percentage,Bin,percent,0.7,0.8, 0.00068494828922854909900724829
South Dakota,Season peak percentage,Bin,percent,0.8,0.9, 0.00068494828922854909900724829
South Dakota,Season peak percentage,Bin,percent,0.9,1, 0.00068494828922854909900724829
South Dakota,Season peak percentage,Bin,percent,1,1.1, 0.00068494828922854909900724829
South Dakota,Season peak percentage,Bin,percent,1.1,1.2, 0.00068494828922854909900724829
South Dakota,Season peak percentage,Bin,percent,1.2,1.3, 0.00068494828922854909900724829
South Dakota,Season peak percentage,Bin,percent,1.3,1.4, 0.00085577003483164836277613530
South Dakota,Season peak percentage,Bin,percent,1.4,1.5, 0.00187583689460459339566622550
South Dakota,Season peak percentage,Bin,percent,1.5,1.6, 0.00390201484761613709081884416
South Dakota,Season peak percentage,Bin,percent,1.6,1.7, 0.00745469053244514432560174910
South Dakota,Season peak percentage,Bin,percent,1.7,1.8, 0.01308513901932282716411570789
South Dakota,Season peak percentage,Bin,percent,1.8,1.9, 0.02111615225002684212429748811
South Dakota,Season peak percentage,Bin,percent,1.9,2, 0.03135022366867203091889138022
South Dakota,Season peak percentage,Bin,percent,2,2.1, 0.04287180266645118642543366150
South Dakota,Season peak percentage,Bin,percent,2.1,2.2, 0.05409169593106301354712428520
South Dakota,Season peak percentage,Bin,percent,2.2,2.3, 0.06312439339404883609230267894
South Dakota,Season peak percentage,Bin,percent,2.3,2.4, 0.06838475809091190682487138019
South Dakota,Season peak percentage,Bin,percent,2.4,2.5, 0.06914503310818770343004757706
South Dakota,Season peak percentage,Bin,percent,2.5,2.6, 0.06576743058488175586173696274
South Dakota,Season peak percentage,Bin,percent,2.6,2.7, 0.05949846725707839956154288075
South Dakota,Season peak percentage,Bin,percent,2.7,2.8, 0.05194717914525995988705986406
South Dakota,Season peak percentage,Bin,percent,2.8,2.9, 0.04452273051237595064000274192
South Dakota,Season peak percentage,Bin,percent,2.9,3, 0.03807118076171577686350744330
South Dakota,Season peak percentage,Bin,percent,3,3.1, 0.03281340200403539547613362970
South Dakota,Season peak percentage,Bin,percent,3.1,3.2, 0.02851876808434458329677418931
South Dakota,Season peak percentage,Bin,percent,3.2,3.3, 0.02478235707971862197829260310
South Dakota,Season peak percentage,Bin,percent,3.3,3.4, 0.02127856991873102246448645758
South Dakota,Season peak percentage,Bin,percent,3.4,3.5, 0.01791800582756574236609203865
South Dakota,Season peak percentage,Bin,percent,3.5,3.6, 0.01488157861409782241335353348
South Dakota,Season peak percentage,Bin,percent,3.6,3.7, 0.01254092534651981248605689956
South Dakota,Season peak percentage,Bin,percent,3.7,3.8, 0.01130135581366853783635839648
South Dakota,Season peak percentage,Bin,percent,3.8,3.9, 0.01141885576317468523055431717
South Dakota,Season peak percentage,Bin,percent,3.9,4, 0.01284826165740671211068502089
South Dakota,Season peak percentage,Bin,percent,4,4.1, 0.01518139163083363600559305695
South Dakota,Season peak percentage,Bin,percent,4.1,4.2, 0.01771259536894564945441743475
South Dakota,Season peak percentage,Bin,percent,4.2,4.3, 0.01962840698579340278917548801
South Dakota,Season peak percentage,Bin,percent,4.3,4.4, 0.02026411899328172186440788494
South Dakota,Season peak percentage,Bin,percent,4.4,4.5, 0.01932150978617000816606186220
South Dakota,Season peak percentage,Bin,percent,4.5,4.6, 0.01695192564911695773388622399
South Dakota,Season peak percentage,Bin,percent,4.6,4.7, 0.01366408756392835030513133177
South Dakota,Season peak percentage,Bin,percent,4.7,4.8, 0.01011190576104303504023640414
South Dakota,Season peak percentage,Bin,percent,4.8,4.9, 0.00686851394637841717455417623
South Dakota,Season peak percentage,Bin,percent,4.9,5, 0.00428155987707949398785034489
South Dakota,Season peak percentage,Bin,percent,5,5.1, 0.00244943847111212800390922517
South Dakota,Season peak percentage,Bin,percent,5.1,5.2, 0.00128589045898909373061291816
South Dakota,Season peak percentage,Bin,percent,5.2,5.3, 0.00061945753835071851178817326
South Dakota,Season peak percentage,Bin,percent,5.3,5.4, 0.00028300791477116099721655917
South Dakota,Season peak percentage,Bin,percent,5.4,5.5, 0.00022659425493626805196006879
South Dakota,Season peak percentage,Bin,percent,5.5,5.6, 0.00022659425493626805196006879
South Dakota,Season peak percentage,Bin,percent,5.6,5.7, 0.00022659425493626805196006879
South Dakota,Season peak percentage,Bin,percent,5.7,5.8, 0.00022659425493626805196006879
South Dakota,Season peak percentage,Bin,percent,5.8,5.9, 0.00022659425493626805196006879
South Dakota,Season peak percentage,Bin,percent,5.9,6, 0.00022659425493626805196006879
South Dakota,Season peak percentage,Bin,percent,6,6.1, 0.00022659425493626805196006879
South Dakota,Season peak percentage,Bin,percent,6.1,6.2, 0.00022659425493626805196006879
South Dakota,Season peak percentage,Bin,percent,6.2,6.3, 0.00022659425493626805196006879
South Dakota,Season peak percentage,Bin,percent,6.3,6.4, 0.00022659425493626805196006879
South Dakota,Season peak percentage,Bin,percent,6.4,6.5, 0.00022659425493626805196006879
South Dakota,Season peak percentage,Bin,percent,6.5,6.6, 0.00022659425493626805196006879
South Dakota,Season peak percentage,Bin,percent,6.6,6.7, 0.00022659425493626805196006879
South Dakota,Season peak percentage,Bin,percent,6.7,6.8, 0.00022659425493626805196006879
South Dakota,Season peak percentage,Bin,percent,6.8,6.9, 0.00022659425493626805196006879
South Dakota,Season peak percentage,Bin,percent,6.9,7, 0.00022659425493626805196006879
South Dakota,Season peak percentage,Bin,percent,7,7.1, 0.00022659425493626805196006879
South Dakota,Season peak percentage,Bin,percent,7.1,7.2, 0.00022659425493626805196006879
South Dakota,Season peak percentage,Bin,percent,7.2,7.3, 0.00022659425493626805196006879
South Dakota,Season peak percentage,Bin,percent,7.3,7.4, 0.00022659425493626805196006879
South Dakota,Season peak percentage,Bin,percent,7.4,7.5, 0.00022659425493626805196006879
South Dakota,Season peak percentage,Bin,percent,7.5,7.6, 0.00022659425493626805196006879
South Dakota,Season peak percentage,Bin,percent,7.6,7.7, 0.00022659425493626805196006879
South Dakota,Season peak percentage,Bin,percent,7.7,7.8, 0.00022659425493626805196006879
South Dakota,Season peak percentage,Bin,percent,7.8,7.9, 0.00022659425493626805196006879
South Dakota,Season peak percentage,Bin,percent,7.9,8, 0.00022659425493626805196006879
South Dakota,Season peak percentage,Bin,percent,8,8.1, 0.00022659425493627003062903358
South Dakota,Season peak percentage,Bin,percent,8.1,8.2, 0.00022659425493627203640305268
South Dakota,Season peak percentage,Bin,percent,8.2,8.3, 0.00022659425493627203640305268
South Dakota,Season peak percentage,Bin,percent,8.3,8.4, 0.00022659425493627203640305268
South Dakota,Season peak percentage,Bin,percent,8.4,8.5, 0.00022659425493627203640305268
South Dakota,Season peak percentage,Bin,percent,8.5,8.6, 0.00022659425493627203640305268
South Dakota,Season peak percentage,Bin,percent,8.6,8.7, 0.00022659425493627203640305268
South Dakota,Season peak percentage,Bin,percent,8.7,8.8, 0.00022659425493627203640305268
South Dakota,Season peak percentage,Bin,percent,8.8,8.9, 0.00022659425493627203640305268
South Dakota,Season peak percentage,Bin,percent,8.9,9, 0.00022659425493627203640305268
South Dakota,Season peak percentage,Bin,percent,9,9.1, 0.00022659425493627203640305268
South Dakota,Season peak percentage,Bin,percent,9.1,9.2, 0.00022659425493627203640305268
South Dakota,Season peak percentage,Bin,percent,9.2,9.3, 0.00022659425493627203640305268
South Dakota,Season peak percentage,Bin,percent,9.3,9.4, 0.00022659425493627203640305268
South Dakota,Season peak percentage,Bin,percent,9.4,9.5, 0.00022659425493627203640305268
South Dakota,Season peak percentage,Bin,percent,9.5,9.6, 0.00022659425493627203640305268
South Dakota,Season peak percentage,Bin,percent,9.6,9.7, 0.00022659425493627203640305268
South Dakota,Season peak percentage,Bin,percent,9.7,9.8, 0.00022659425493627203640305268
South Dakota,Season peak percentage,Bin,percent,9.8,9.9, 0.00022659425493627203640305268
South Dakota,Season peak percentage,Bin,percent,9.9,10, 0.00022659425493627203640305268
South Dakota,Season peak percentage,Bin,percent,10,10.1, 0.00022659425493627203640305268
South Dakota,Season peak percentage,Bin,percent,10.1,10.2, 0.00022659425493627203640305268
South Dakota,Season peak percentage,Bin,percent,10.2,10.3, 0.00022659425493627203640305268
South Dakota,Season peak percentage,Bin,percent,10.3,10.4, 0.00022659425493627203640305268
South Dakota,Season peak percentage,Bin,percent,10.4,10.5, 0.00022659425493627203640305268
South Dakota,Season peak percentage,Bin,percent,10.5,10.6, 0.00022659425493627203640305268
South Dakota,Season peak percentage,Bin,percent,10.6,10.7, 0.00022659425493627203640305268
South Dakota,Season peak percentage,Bin,percent,10.7,10.8, 0.00022659425493627203640305268
South Dakota,Season peak percentage,Bin,percent,10.8,10.9, 0.00022659425493627203640305268
South Dakota,Season peak percentage,Bin,percent,10.9,11, 0.00022659425493627203640305268
South Dakota,Season peak percentage,Bin,percent,11,11.1, 0.00022659425493627203640305268
South Dakota,Season peak percentage,Bin,percent,11.1,11.2, 0.00022659425493627203640305268
South Dakota,Season peak percentage,Bin,percent,11.2,11.3, 0.00022659425493627203640305268
South Dakota,Season peak percentage,Bin,percent,11.3,11.4, 0.00022659425493627203640305268
South Dakota,Season peak percentage,Bin,percent,11.4,11.5, 0.00022659425493627203640305268
South Dakota,Season peak percentage,Bin,percent,11.5,11.6, 0.00022659425493627203640305268
South Dakota,Season peak percentage,Bin,percent,11.6,11.7, 0.00022659425493627203640305268
South Dakota,Season peak percentage,Bin,percent,11.7,11.8, 0.00022659425493627203640305268
South Dakota,Season peak percentage,Bin,percent,11.8,11.9, 0.00022659425493627203640305268
South Dakota,Season peak percentage,Bin,percent,11.9,12, 0.00022659425493627203640305268
South Dakota,Season peak percentage,Bin,percent,12,12.1, 0.00022659425493627203640305268
South Dakota,Season peak percentage,Bin,percent,12.1,12.2, 0.00022659425493627203640305268
South Dakota,Season peak percentage,Bin,percent,12.2,12.3, 0.00022659425493627203640305268
South Dakota,Season peak percentage,Bin,percent,12.3,12.4, 0.00022659425493627203640305268
South Dakota,Season peak percentage,Bin,percent,12.4,12.5, 0.00022659425493627203640305268
South Dakota,Season peak percentage,Bin,percent,12.5,12.6, 0.00022659425493627203640305268
South Dakota,Season peak percentage,Bin,percent,12.6,12.7, 0.00022659425493627203640305268
South Dakota,Season peak percentage,Bin,percent,12.7,12.8, 0.00022659425493627203640305268
South Dakota,Season peak percentage,Bin,percent,12.8,12.9, 0.00022659425493627203640305268
South Dakota,Season peak percentage,Bin,percent,12.9,13, 0.00022659425493627203640305268
South Dakota,Season peak percentage,Bin,percent,13,100, 0.00022659425493627203640305268
South Dakota,1 wk ahead,Bin,percent,0,0.1, 0.00041740637367705343309387533
South Dakota,1 wk ahead,Bin,percent,0.1,0.2, 0.00118188101453670394921924292
South Dakota,1 wk ahead,Bin,percent,0.2,0.3, 0.00182047257025993829138155178
South Dakota,1 wk ahead,Bin,percent,0.3,0.4, 0.00272840692956428064464002858
South Dakota,1 wk ahead,Bin,percent,0.4,0.5, 0.00397997357398786021087655485
South Dakota,1 wk ahead,Bin,percent,0.5,0.6, 0.00565021573299651601318682737
South Dakota,1 wk ahead,Bin,percent,0.6,0.7, 0.00780794292974583501593111023
South Dakota,1 wk ahead,Bin,percent,0.7,0.8, 0.01050452803868800848163811423
South Dakota,1 wk ahead,Bin,percent,0.8,0.9, 0.01375979358274034662634743853
South Dakota,1 wk ahead,Bin,percent,0.9,1, 0.01755416453315166228077437438
South Dakota,1 wk ahead,Bin,percent,1,1.1, 0.02181575325597132075650108618
South Dakota,1 wk ahead,Bin,percent,1.1,1.2, 0.02642104906255018578753457348
South Dakota,1 wk ahead,Bin,percent,1.2,1.3, 0.03119495453804254844754062503
South Dakota,1 wk ahead,Bin,percent,1.3,1.4, 0.03592467115497025714754286696
South Dakota,1 wk ahead,Bin,percent,1.4,1.5, 0.04037662191948004908326197437
South Dakota,1 wk ahead,Bin,percent,1.5,1.6, 0.04431996432689966347595600382
South Dakota,1 wk ahead,Bin,percent,1.6,1.7, 0.04754939070826062069707873547
South Dakota,1 wk ahead,Bin,percent,1.7,1.8, 0.04990974074375544022874606753
South Dakota,1 wk ahead,Bin,percent,1.8,1.9, 0.05130468429046548817229478345
South Dakota,1 wk ahead,Bin,percent,1.9,2, 0.05171145847906953585404465912
South Dakota,1 wk ahead,Bin,percent,2,2.1, 0.05116869773949542232749365667
South Dakota,1 wk ahead,Bin,percent,2.1,2.2, 0.04977498745052275075373415802
South Dakota,1 wk ahead,Bin,percent,2.2,2.3, 0.04766511282768343821247825076
South Dakota,1 wk ahead,Bin,percent,2.3,2.4, 0.04499736865687398168489607997
South Dakota,1 wk ahead,Bin,percent,2.4,2.5, 0.04193379390639538628615667903
South Dakota,1 wk ahead,Bin,percent,2.5,2.6, 0.03862673471977213363048875294
South Dakota,1 wk ahead,Bin,percent,2.6,2.7, 0.03520960521632312406614673250
South Dakota,1 wk ahead,Bin,percent,2.7,2.8, 0.03179125980565298409397101409
South Dakota,1 wk ahead,Bin,percent,2.8,2.9, 0.02845479652326518907323738006
South Dakota,1 wk ahead,Bin,percent,2.9,3, 0.02525949453443030595645169001
South Dakota,1 wk ahead,Bin,percent,3,3.1, 0.02224334771510778907543937066
South Dakota,1 wk ahead,Bin,percent,3.1,3.2, 0.01942846334995779189469544690
South Dakota,1 wk ahead,Bin,percent,3.2,3.3, 0.01682469380539825323794822509
South Dakota,1 wk ahead,Bin,percent,3.3,3.4, 0.01443404648204088883134410537
South Dakota,1 wk ahead,Bin,percent,3.4,3.5, 0.01225487737152489153835688285
South Dakota,1 wk ahead,Bin,percent,3.5,3.6, 0.01028317214393996079091486706
South Dakota,1 wk ahead,Bin,percent,3.6,3.7, 0.00851556589936922937733587702
South Dakota,1 wk ahead,Bin,percent,3.7,3.8, 0.00694791618564703349764100082
South Dakota,1 wk ahead,Bin,percent,3.8,3.9, 0.00557653322570668234792190532
South Dakota,1 wk ahead,Bin,percent,3.9,4, 0.00439572682144339071247385320
South Dakota,1 wk ahead,Bin,percent,4,4.1, 0.00339796621804230218957809662
South Dakota,1 wk ahead,Bin,percent,4.1,4.2, 0.00257233111212049796526213363
South Dakota,1 wk ahead,Bin,percent,4.2,4.3, 0.00190455054105837851864679866
South Dakota,1 wk ahead,Bin,percent,4.3,4.4, 0.00137782981040591263541261746
South Dakota,1 wk ahead,Bin,percent,4.4,4.5, 0.00097285789521869294425859831
South Dakota,1 wk ahead,Bin,percent,4.5,4.6, 0.00067004895805491829566258311
South Dakota,1 wk ahead,Bin,percent,4.6,4.7, 0.00044973071768864301750098789
South Dakota,1 wk ahead,Bin,percent,4.7,4.8, 0.00029408059226819580761480566
South Dakota,1 wk ahead,Bin,percent,4.8,4.9, 0.00018722036136661592475513571
South Dakota,1 wk ahead,Bin,percent,4.9,5, 0.00011600831877222543119659859
South Dakota,1 wk ahead,Bin,percent,5,5.1, 0.00007969338518401951104892789
South Dakota,1 wk ahead,Bin,percent,5.1,5.2, 0.00007823017438069414437352977
South Dakota,1 wk ahead,Bin,percent,5.2,5.3, 0.00007823017438069414437352977
South Dakota,1 wk ahead,Bin,percent,5.3,5.4, 0.00007823017438069414437352977
South Dakota,1 wk ahead,Bin,percent,5.4,5.5, 0.00007823017438069414437352977
South Dakota,1 wk ahead,Bin,percent,5.5,5.6, 0.00007823017438069414437352977
South Dakota,1 wk ahead,Bin,percent,5.6,5.7, 0.00007823017438069414437352977
South Dakota,1 wk ahead,Bin,percent,5.7,5.8, 0.00007823017438069414437352977
South Dakota,1 wk ahead,Bin,percent,5.8,5.9, 0.00007823017438069414437352977
South Dakota,1 wk ahead,Bin,percent,5.9,6, 0.00007823017438069414437352977
South Dakota,1 wk ahead,Bin,percent,6,6.1, 0.00007823017438069414437352977
South Dakota,1 wk ahead,Bin,percent,6.1,6.2, 0.00007823017438069414437352977
South Dakota,1 wk ahead,Bin,percent,6.2,6.3, 0.00007823017438069414437352977
South Dakota,1 wk ahead,Bin,percent,6.3,6.4, 0.00007823017438069414437352977
South Dakota,1 wk ahead,Bin,percent,6.4,6.5, 0.00007823017438069414437352977
South Dakota,1 wk ahead,Bin,percent,6.5,6.6, 0.00007823017438069414437352977
South Dakota,1 wk ahead,Bin,percent,6.6,6.7, 0.00007823017438069414437352977
South Dakota,1 wk ahead,Bin,percent,6.7,6.8, 0.00007823017438069414437352977
South Dakota,1 wk ahead,Bin,percent,6.8,6.9, 0.00007823017438069414437352977
South Dakota,1 wk ahead,Bin,percent,6.9,7, 0.00007823017438069414437352977
South Dakota,1 wk ahead,Bin,percent,7,7.1, 0.00007823017438069414437352977
South Dakota,1 wk ahead,Bin,percent,7.1,7.2, 0.00007823017438069414437352977
South Dakota,1 wk ahead,Bin,percent,7.2,7.3, 0.00007823017438069414437352977
South Dakota,1 wk ahead,Bin,percent,7.3,7.4, 0.00007823017438069414437352977
South Dakota,1 wk ahead,Bin,percent,7.4,7.5, 0.00007823017438069414437352977
South Dakota,1 wk ahead,Bin,percent,7.5,7.6, 0.00007823017438069414437352977
South Dakota,1 wk ahead,Bin,percent,7.6,7.7, 0.00007823017438069414437352977
South Dakota,1 wk ahead,Bin,percent,7.7,7.8, 0.00007823017438069414437352977
South Dakota,1 wk ahead,Bin,percent,7.8,7.9, 0.00007823017438069414437352977
South Dakota,1 wk ahead,Bin,percent,7.9,8, 0.00007823017438069414437352977
South Dakota,1 wk ahead,Bin,percent,8,8.1, 0.00007823017438069484910494189
South Dakota,1 wk ahead,Bin,percent,8.1,8.2, 0.00007823017438069554028382685
South Dakota,1 wk ahead,Bin,percent,8.2,8.3, 0.00007823017438069554028382685
South Dakota,1 wk ahead,Bin,percent,8.3,8.4, 0.00007823017438069554028382685
South Dakota,1 wk ahead,Bin,percent,8.4,8.5, 0.00007823017438069554028382685
South Dakota,1 wk ahead,Bin,percent,8.5,8.6, 0.00007823017438069554028382685
South Dakota,1 wk ahead,Bin,percent,8.6,8.7, 0.00007823017438069554028382685
South Dakota,1 wk ahead,Bin,percent,8.7,8.8, 0.00007823017438069554028382685
South Dakota,1 wk ahead,Bin,percent,8.8,8.9, 0.00007823017438069554028382685
South Dakota,1 wk ahead,Bin,percent,8.9,9, 0.00007823017438069554028382685
South Dakota,1 wk ahead,Bin,percent,9,9.1, 0.00007823017438069554028382685
South Dakota,1 wk ahead,Bin,percent,9.1,9.2, 0.00007823017438069554028382685
South Dakota,1 wk ahead,Bin,percent,9.2,9.3, 0.00007823017438069554028382685
South Dakota,1 wk ahead,Bin,percent,9.3,9.4, 0.00007823017438069554028382685
South Dakota,1 wk ahead,Bin,percent,9.4,9.5, 0.00007823017438069554028382685
South Dakota,1 wk ahead,Bin,percent,9.5,9.6, 0.00007823017438069554028382685
South Dakota,1 wk ahead,Bin,percent,9.6,9.7, 0.00007823017438069554028382685
South Dakota,1 wk ahead,Bin,percent,9.7,9.8, 0.00007823017438069554028382685
South Dakota,1 wk ahead,Bin,percent,9.8,9.9, 0.00007823017438069554028382685
South Dakota,1 wk ahead,Bin,percent,9.9,10, 0.00007823017438069554028382685
South Dakota,1 wk ahead,Bin,percent,10,10.1, 0.00007823017438069554028382685
South Dakota,1 wk ahead,Bin,percent,10.1,10.2, 0.00007823017438069554028382685
South Dakota,1 wk ahead,Bin,percent,10.2,10.3, 0.00007823017438069554028382685
South Dakota,1 wk ahead,Bin,percent,10.3,10.4, 0.00007823017438069554028382685
South Dakota,1 wk ahead,Bin,percent,10.4,10.5, 0.00007823017438069554028382685
South Dakota,1 wk ahead,Bin,percent,10.5,10.6, 0.00007823017438069554028382685
South Dakota,1 wk ahead,Bin,percent,10.6,10.7, 0.00007823017438069554028382685
South Dakota,1 wk ahead,Bin,percent,10.7,10.8, 0.00007823017438069554028382685
South Dakota,1 wk ahead,Bin,percent,10.8,10.9, 0.00007823017438069554028382685
South Dakota,1 wk ahead,Bin,percent,10.9,11, 0.00007823017438069554028382685
South Dakota,1 wk ahead,Bin,percent,11,11.1, 0.00007823017438069554028382685
South Dakota,1 wk ahead,Bin,percent,11.1,11.2, 0.00007823017438069554028382685
South Dakota,1 wk ahead,Bin,percent,11.2,11.3, 0.00007823017438069554028382685
South Dakota,1 wk ahead,Bin,percent,11.3,11.4, 0.00007823017438069554028382685
South Dakota,1 wk ahead,Bin,percent,11.4,11.5, 0.00007823017438069554028382685
South Dakota,1 wk ahead,Bin,percent,11.5,11.6, 0.00007823017438069554028382685
South Dakota,1 wk ahead,Bin,percent,11.6,11.7, 0.00007823017438069554028382685
South Dakota,1 wk ahead,Bin,percent,11.7,11.8, 0.00007823017438069554028382685
South Dakota,1 wk ahead,Bin,percent,11.8,11.9, 0.00007823017438069554028382685
South Dakota,1 wk ahead,Bin,percent,11.9,12, 0.00007823017438069554028382685
South Dakota,1 wk ahead,Bin,percent,12,12.1, 0.00007823017438069554028382685
South Dakota,1 wk ahead,Bin,percent,12.1,12.2, 0.00007823017438069554028382685
South Dakota,1 wk ahead,Bin,percent,12.2,12.3, 0.00007823017438069554028382685
South Dakota,1 wk ahead,Bin,percent,12.3,12.4, 0.00007823017438069554028382685
South Dakota,1 wk ahead,Bin,percent,12.4,12.5, 0.00007823017438069554028382685
South Dakota,1 wk ahead,Bin,percent,12.5,12.6, 0.00007823017438069554028382685
South Dakota,1 wk ahead,Bin,percent,12.6,12.7, 0.00007823017438069554028382685
South Dakota,1 wk ahead,Bin,percent,12.7,12.8, 0.00007823017438069554028382685
South Dakota,1 wk ahead,Bin,percent,12.8,12.9, 0.00007823017438069554028382685
South Dakota,1 wk ahead,Bin,percent,12.9,13, 0.00007823017438069554028382685
South Dakota,1 wk ahead,Bin,percent,13,100, 0.00007823017438069554028382685
South Dakota,2 wk ahead,Bin,percent,0,0.1, 0.00013353732582333438299801442
South Dakota,2 wk ahead,Bin,percent,0.1,0.2, 0.00026707465164666876599602885
South Dakota,2 wk ahead,Bin,percent,0.2,0.3, 0.00026707465164666865757581160
South Dakota,2 wk ahead,Bin,percent,0.3,0.4, 0.00032468529363972474435090509
South Dakota,2 wk ahead,Bin,percent,0.4,0.5, 0.00058914332318120118166943078
South Dakota,2 wk ahead,Bin,percent,0.5,0.6, 0.00104338036529438480358444874
South Dakota,2 wk ahead,Bin,percent,0.6,0.7, 0.00177722650282821702065472191
South Dakota,2 wk ahead,Bin,percent,0.7,0.8, 0.00291159611143555633119839321
South Dakota,2 wk ahead,Bin,percent,0.8,0.9, 0.00458823966652552317491142730
South Dakota,2 wk ahead,Bin,percent,0.9,1, 0.00695637608238627164203293773
South Dakota,2 wk ahead,Bin,percent,1,1.1, 0.01014884794757504524187474715
South Dakota,2 wk ahead,Bin,percent,1.1,1.2, 0.01425107466718935657346012391
South Dakota,2 wk ahead,Bin,percent,1.2,1.3, 0.01926648014319929519411189744
South Dakota,2 wk ahead,Bin,percent,1.3,1.4, 0.02508818255975986399874955168
South Dakota,2 wk ahead,Bin,percent,1.4,1.5, 0.03148222998761304042281139459
South Dakota,2 wk ahead,Bin,percent,1.5,1.6, 0.03809520601917509852185617092
South Dakota,2 wk ahead,Bin,percent,1.6,1.7, 0.04448766100957293051498808722
South Dakota,2 wk ahead,Bin,percent,1.7,1.8, 0.05018977500209563513688948433
South Dakota,2 wk ahead,Bin,percent,1.8,1.9, 0.05476945191667575291161185191
South Dakota,2 wk ahead,Bin,percent,1.9,2, 0.05789953833055754006675641676
South Dakota,2 wk ahead,Bin,percent,2,2.1, 0.05940492793179518588031484683
South Dakota,2 wk ahead,Bin,percent,2.1,2.2, 0.05928029583853269834925470150
South Dakota,2 wk ahead,Bin,percent,2.2,2.3, 0.05767717033010628935318919730
South Dakota,2 wk ahead,Bin,percent,2.3,2.4, 0.05486384695807537681400134488
South Dakota,2 wk ahead,Bin,percent,2.4,2.5, 0.05117134544369415088960195703
South Dakota,2 wk ahead,Bin,percent,2.5,2.6, 0.04693805455780344915162061170
South Dakota,2 wk ahead,Bin,percent,2.6,2.7, 0.04246799927076583269780485352
South Dakota,2 wk ahead,Bin,percent,2.7,2.8, 0.03800406242024922942590592356
South Dakota,2 wk ahead,Bin,percent,2.8,2.9, 0.03371852478561455229710830395
South Dakota,2 wk ahead,Bin,percent,2.9,3, 0.02971669079574120950204552116
South Dakota,2 wk ahead,Bin,percent,3,3.1, 0.02604787701414323225490576874
South Dakota,2 wk ahead,Bin,percent,3.1,3.2, 0.02271917365985463843625069558
South Dakota,2 wk ahead,Bin,percent,3.2,3.3, 0.01970970694063543804386284819
South Dakota,2 wk ahead,Bin,percent,3.3,3.4, 0.01698451076662060507671547782
South Dakota,2 wk ahead,Bin,percent,3.4,3.5, 0.01450590535256393066865232555
South Dakota,2 wk ahead,Bin,percent,3.5,3.6, 0.01224268465076045440953489418
South Dakota,2 wk ahead,Bin,percent,3.6,3.7, 0.01017581628462078079111474693
South Dakota,2 wk ahead,Bin,percent,3.7,3.8, 0.00829979668012067323124014706
South Dakota,2 wk ahead,Bin,percent,3.8,3.9, 0.00661994150680054842250665814
South Dakota,2 wk ahead,Bin,percent,3.9,4, 0.00514676758050424190682470282
South Dakota,2 wk ahead,Bin,percent,4,4.1, 0.00388931285225926513457461731
South Dakota,2 wk ahead,Bin,percent,4.1,4.2, 0.00284983892925625694955704681
South Dakota,2 wk ahead,Bin,percent,4.2,4.3, 0.00202078966512693122825616854
South Dakota,2 wk ahead,Bin,percent,4.3,4.4, 0.00138451450425391910277472807
South Dakota,2 wk ahead,Bin,percent,4.4,4.5, 0.00091533759673882199303651674
South Dakota,2 wk ahead,Bin,percent,4.5,4.6, 0.00058333873648929086309922187
South Dakota,2 wk ahead,Bin,percent,4.6,4.7, 0.00035811581601257320940298601
South Dakota,2 wk ahead,Bin,percent,4.7,4.8, 0.00021164738031999714941086554
South Dakota,2 wk ahead,Bin,percent,4.8,4.9, 0.00012042136489897848304880118
South Dakota,2 wk ahead,Bin,percent,4.9,5, 0.00009066832716853870030582208
South Dakota,2 wk ahead,Bin,percent,5,5.1, 0.00009066832716853870030582208
South Dakota,2 wk ahead,Bin,percent,5.1,5.2, 0.00009066832716853870030582208
South Dakota,2 wk ahead,Bin,percent,5.2,5.3, 0.00009066832716853870030582208
South Dakota,2 wk ahead,Bin,percent,5.3,5.4, 0.00009066832716853870030582208
South Dakota,2 wk ahead,Bin,percent,5.4,5.5, 0.00009066832716853870030582208
South Dakota,2 wk ahead,Bin,percent,5.5,5.6, 0.00009066832716853870030582208
South Dakota,2 wk ahead,Bin,percent,5.6,5.7, 0.00009066832716853870030582208
South Dakota,2 wk ahead,Bin,percent,5.7,5.8, 0.00009066832716853870030582208
South Dakota,2 wk ahead,Bin,percent,5.8,5.9, 0.00009066832716853870030582208
South Dakota,2 wk ahead,Bin,percent,5.9,6, 0.00009066832716853870030582208
South Dakota,2 wk ahead,Bin,percent,6,6.1, 0.00009066832716853870030582208
South Dakota,2 wk ahead,Bin,percent,6.1,6.2, 0.00009066832716853870030582208
South Dakota,2 wk ahead,Bin,percent,6.2,6.3, 0.00009066832716853870030582208
South Dakota,2 wk ahead,Bin,percent,6.3,6.4, 0.00009066832716853870030582208
South Dakota,2 wk ahead,Bin,percent,6.4,6.5, 0.00009066832716853870030582208
South Dakota,2 wk ahead,Bin,percent,6.5,6.6, 0.00009066832716853870030582208
South Dakota,2 wk ahead,Bin,percent,6.6,6.7, 0.00009066832716853870030582208
South Dakota,2 wk ahead,Bin,percent,6.7,6.8, 0.00009066832716853870030582208
South Dakota,2 wk ahead,Bin,percent,6.8,6.9, 0.00009066832716853870030582208
South Dakota,2 wk ahead,Bin,percent,6.9,7, 0.00009066832716853870030582208
South Dakota,2 wk ahead,Bin,percent,7,7.1, 0.00009066832716853870030582208
South Dakota,2 wk ahead,Bin,percent,7.1,7.2, 0.00009066832716853870030582208
South Dakota,2 wk ahead,Bin,percent,7.2,7.3, 0.00009066832716853870030582208
South Dakota,2 wk ahead,Bin,percent,7.3,7.4, 0.00009066832716853870030582208
South Dakota,2 wk ahead,Bin,percent,7.4,7.5, 0.00009066832716853870030582208
South Dakota,2 wk ahead,Bin,percent,7.5,7.6, 0.00009066832716853870030582208
South Dakota,2 wk ahead,Bin,percent,7.6,7.7, 0.00009066832716853870030582208
South Dakota,2 wk ahead,Bin,percent,7.7,7.8, 0.00009066832716853870030582208
South Dakota,2 wk ahead,Bin,percent,7.8,7.9, 0.00009066832716853870030582208
South Dakota,2 wk ahead,Bin,percent,7.9,8, 0.00009066832716853870030582208
South Dakota,2 wk ahead,Bin,percent,8,8.1, 0.00009066832716853949990492428
South Dakota,2 wk ahead,Bin,percent,8.1,8.2, 0.00009066832716854031305655365
South Dakota,2 wk ahead,Bin,percent,8.2,8.3, 0.00009066832716854031305655365
South Dakota,2 wk ahead,Bin,percent,8.3,8.4, 0.00009066832716854031305655365
South Dakota,2 wk ahead,Bin,percent,8.4,8.5, 0.00009066832716854031305655365
South Dakota,2 wk ahead,Bin,percent,8.5,8.6, 0.00009066832716854031305655365
South Dakota,2 wk ahead,Bin,percent,8.6,8.7, 0.00009066832716854031305655365
South Dakota,2 wk ahead,Bin,percent,8.7,8.8, 0.00009066832716854031305655365
South Dakota,2 wk ahead,Bin,percent,8.8,8.9, 0.00009066832716854031305655365
South Dakota,2 wk ahead,Bin,percent,8.9,9, 0.00009066832716854031305655365
South Dakota,2 wk ahead,Bin,percent,9,9.1, 0.00009066832716854031305655365
South Dakota,2 wk ahead,Bin,percent,9.1,9.2, 0.00009066832716854031305655365
South Dakota,2 wk ahead,Bin,percent,9.2,9.3, 0.00009066832716854031305655365
South Dakota,2 wk ahead,Bin,percent,9.3,9.4, 0.00009066832716854031305655365
South Dakota,2 wk ahead,Bin,percent,9.4,9.5, 0.00009066832716854031305655365
South Dakota,2 wk ahead,Bin,percent,9.5,9.6, 0.00009066832716854031305655365
South Dakota,2 wk ahead,Bin,percent,9.6,9.7, 0.00009066832716854031305655365
South Dakota,2 wk ahead,Bin,percent,9.7,9.8, 0.00009066832716854031305655365
South Dakota,2 wk ahead,Bin,percent,9.8,9.9, 0.00009066832716854031305655365
South Dakota,2 wk ahead,Bin,percent,9.9,10, 0.00009066832716854031305655365
South Dakota,2 wk ahead,Bin,percent,10,10.1, 0.00009066832716854031305655365
South Dakota,2 wk ahead,Bin,percent,10.1,10.2, 0.00009066832716854031305655365
South Dakota,2 wk ahead,Bin,percent,10.2,10.3, 0.00009066832716854031305655365
South Dakota,2 wk ahead,Bin,percent,10.3,10.4, 0.00009066832716854031305655365
South Dakota,2 wk ahead,Bin,percent,10.4,10.5, 0.00009066832716854031305655365
South Dakota,2 wk ahead,Bin,percent,10.5,10.6, 0.00009066832716854031305655365
South Dakota,2 wk ahead,Bin,percent,10.6,10.7, 0.00009066832716854031305655365
South Dakota,2 wk ahead,Bin,percent,10.7,10.8, 0.00009066832716854031305655365
South Dakota,2 wk ahead,Bin,percent,10.8,10.9, 0.00009066832716854031305655365
South Dakota,2 wk ahead,Bin,percent,10.9,11, 0.00009066832716854031305655365
South Dakota,2 wk ahead,Bin,percent,11,11.1, 0.00009066832716854031305655365
South Dakota,2 wk ahead,Bin,percent,11.1,11.2, 0.00009066832716854031305655365
South Dakota,2 wk ahead,Bin,percent,11.2,11.3, 0.00009066832716854031305655365
South Dakota,2 wk ahead,Bin,percent,11.3,11.4, 0.00009066832716854031305655365
South Dakota,2 wk ahead,Bin,percent,11.4,11.5, 0.00009066832716854031305655365
South Dakota,2 wk ahead,Bin,percent,11.5,11.6, 0.00009066832716854031305655365
South Dakota,2 wk ahead,Bin,percent,11.6,11.7, 0.00009066832716854031305655365
South Dakota,2 wk ahead,Bin,percent,11.7,11.8, 0.00009066832716854031305655365
South Dakota,2 wk ahead,Bin,percent,11.8,11.9, 0.00009066832716854031305655365
South Dakota,2 wk ahead,Bin,percent,11.9,12, 0.00009066832716854031305655365
South Dakota,2 wk ahead,Bin,percent,12,12.1, 0.00009066832716854031305655365
South Dakota,2 wk ahead,Bin,percent,12.1,12.2, 0.00009066832716854031305655365
South Dakota,2 wk ahead,Bin,percent,12.2,12.3, 0.00009066832716854031305655365
South Dakota,2 wk ahead,Bin,percent,12.3,12.4, 0.00009066832716854031305655365
South Dakota,2 wk ahead,Bin,percent,12.4,12.5, 0.00009066832716854031305655365
South Dakota,2 wk ahead,Bin,percent,12.5,12.6, 0.00009066832716854031305655365
South Dakota,2 wk ahead,Bin,percent,12.6,12.7, 0.00009066832716854031305655365
South Dakota,2 wk ahead,Bin,percent,12.7,12.8, 0.00009066832716854031305655365
South Dakota,2 wk ahead,Bin,percent,12.8,12.9, 0.00009066832716854031305655365
South Dakota,2 wk ahead,Bin,percent,12.9,13, 0.00009066832716854031305655365
South Dakota,2 wk ahead,Bin,percent,13,100, 0.00009066832716854031305655365
South Dakota,3 wk ahead,Bin,percent,0,0.1, 0.00137155775668507552006447625
South Dakota,3 wk ahead,Bin,percent,0.1,0.2, 0.00274311551337015147380982150
South Dakota,3 wk ahead,Bin,percent,0.2,0.3, 0.00274311551337015060644808351
South Dakota,3 wk ahead,Bin,percent,0.3,0.4, 0.00274311551337015060644808351
South Dakota,3 wk ahead,Bin,percent,0.4,0.5, 0.00274311551337015060644808351
South Dakota,3 wk ahead,Bin,percent,0.5,0.6, 0.00274311551337015147380982150
South Dakota,3 wk ahead,Bin,percent,0.6,0.7, 0.00274311551337015320853329747
South Dakota,3 wk ahead,Bin,percent,0.7,0.8, 0.00274311551337015320853329747
South Dakota,3 wk ahead,Bin,percent,0.8,0.9, 0.00274311551337015320853329747
South Dakota,3 wk ahead,Bin,percent,0.9,1, 0.00274311551337015320853329747
South Dakota,3 wk ahead,Bin,percent,1,1.1, 0.00274311551337015320853329747
South Dakota,3 wk ahead,Bin,percent,1.1,1.2, 0.00274311551337015320853329747
South Dakota,3 wk ahead,Bin,percent,1.2,1.3, 0.00274311551337015320853329747
South Dakota,3 wk ahead,Bin,percent,1.3,1.4, 0.00274311551337015320853329747
South Dakota,3 wk ahead,Bin,percent,1.4,1.5, 0.00274311551337015320853329747
South Dakota,3 wk ahead,Bin,percent,1.5,1.6, 0.00274311551337015320853329747
South Dakota,3 wk ahead,Bin,percent,1.6,1.7, 0.00274311551337015320853329747
South Dakota,3 wk ahead,Bin,percent,1.7,1.8, 0.00274311551337015320853329747
South Dakota,3 wk ahead,Bin,percent,1.8,1.9, 0.00274311551337015320853329747
South Dakota,3 wk ahead,Bin,percent,1.9,2, 0.00274311551337015320853329747
South Dakota,3 wk ahead,Bin,percent,2,2.1, 0.00297783898437882455986769337
South Dakota,3 wk ahead,Bin,percent,2.1,2.2, 0.03491251926499072677501089856
South Dakota,3 wk ahead,Bin,percent,2.2,2.3, 0.19517780400387127470729353718
South Dakota,3 wk ahead,Bin,percent,2.3,2.4, 0.26591456658481676944560945230
South Dakota,3 wk ahead,Bin,percent,2.4,2.5, 0.09905918946469831343204504037
South Dakota,3 wk ahead,Bin,percent,2.5,2.6, 0.02176465037728300688790739059
South Dakota,3 wk ahead,Bin,percent,2.6,2.7, 0.04379965528598406959703837060
South Dakota,3 wk ahead,Bin,percent,2.7,2.8, 0.04402684278299064807304930014
South Dakota,3 wk ahead,Bin,percent,2.8,2.9, 0.05627932757080474079902643325
South Dakota,3 wk ahead,Bin,percent,2.9,3, 0.07041428776371835840386381733
South Dakota,3 wk ahead,Bin,percent,3,3.1, 0.02190484660151743173672755916
South Dakota,3 wk ahead,Bin,percent,3.1,3.2, 0.00171192301042118232359823260
South Dakota,3 wk ahead,Bin,percent,3.2,3.3, 0.00089460399791723094545248252
South Dakota,3 wk ahead,Bin,percent,3.3,3.4, 0.00089460399791723094545248252
South Dakota,3 wk ahead,Bin,percent,3.4,3.5, 0.00089460399791723094545248252
South Dakota,3 wk ahead,Bin,percent,3.5,3.6, 0.00089460399791723094545248252
South Dakota,3 wk ahead,Bin,percent,3.6,3.7, 0.00089460399791723094545248252
South Dakota,3 wk ahead,Bin,percent,3.7,3.8, 0.00089460399791723094545248252
South Dakota,3 wk ahead,Bin,percent,3.8,3.9, 0.00089460399791723094545248252
South Dakota,3 wk ahead,Bin,percent,3.9,4, 0.00089460399791723094545248252
South Dakota,3 wk ahead,Bin,percent,4,4.1, 0.00089460399791723094545248252
South Dakota,3 wk ahead,Bin,percent,4.1,4.2, 0.00089460399791723094545248252
South Dakota,3 wk ahead,Bin,percent,4.2,4.3, 0.00089460399791723094545248252
South Dakota,3 wk ahead,Bin,percent,4.3,4.4, 0.00089460399791723094545248252
South Dakota,3 wk ahead,Bin,percent,4.4,4.5, 0.00089460399791723094545248252
South Dakota,3 wk ahead,Bin,percent,4.5,4.6, 0.00089460399791723094545248252
South Dakota,3 wk ahead,Bin,percent,4.6,4.7, 0.00089460399791723094545248252
South Dakota,3 wk ahead,Bin,percent,4.7,4.8, 0.00089460399791723094545248252
South Dakota,3 wk ahead,Bin,percent,4.8,4.9, 0.00089460399791723094545248252
South Dakota,3 wk ahead,Bin,percent,4.9,5, 0.00089460399791723094545248252
South Dakota,3 wk ahead,Bin,percent,5,5.1, 0.00089460399791723094545248252
South Dakota,3 wk ahead,Bin,percent,5.1,5.2, 0.00089460399791723094545248252
South Dakota,3 wk ahead,Bin,percent,5.2,5.3, 0.00089460399791723094545248252
South Dakota,3 wk ahead,Bin,percent,5.3,5.4, 0.00089460399791723094545248252
South Dakota,3 wk ahead,Bin,percent,5.4,5.5, 0.00089460399791723094545248252
South Dakota,3 wk ahead,Bin,percent,5.5,5.6, 0.00089460399791723094545248252
South Dakota,3 wk ahead,Bin,percent,5.6,5.7, 0.00089460399791723094545248252
South Dakota,3 wk ahead,Bin,percent,5.7,5.8, 0.00089460399791723094545248252
South Dakota,3 wk ahead,Bin,percent,5.8,5.9, 0.00089460399791723094545248252
South Dakota,3 wk ahead,Bin,percent,5.9,6, 0.00089460399791723094545248252
South Dakota,3 wk ahead,Bin,percent,6,6.1, 0.00089460399791723094545248252
South Dakota,3 wk ahead,Bin,percent,6.1,6.2, 0.00089460399791723094545248252
South Dakota,3 wk ahead,Bin,percent,6.2,6.3, 0.00089460399791723094545248252
South Dakota,3 wk ahead,Bin,percent,6.3,6.4, 0.00089460399791723094545248252
South Dakota,3 wk ahead,Bin,percent,6.4,6.5, 0.00089460399791723094545248252
South Dakota,3 wk ahead,Bin,percent,6.5,6.6, 0.00089460399791723094545248252
South Dakota,3 wk ahead,Bin,percent,6.6,6.7, 0.00089460399791723094545248252
South Dakota,3 wk ahead,Bin,percent,6.7,6.8, 0.00089460399791723094545248252
South Dakota,3 wk ahead,Bin,percent,6.8,6.9, 0.00089460399791723094545248252
South Dakota,3 wk ahead,Bin,percent,6.9,7, 0.00089460399791723094545248252
South Dakota,3 wk ahead,Bin,percent,7,7.1, 0.00089460399791723094545248252
South Dakota,3 wk ahead,Bin,percent,7.1,7.2, 0.00089460399791723094545248252
South Dakota,3 wk ahead,Bin,percent,7.2,7.3, 0.00089460399791723094545248252
South Dakota,3 wk ahead,Bin,percent,7.3,7.4, 0.00089460399791723094545248252
South Dakota,3 wk ahead,Bin,percent,7.4,7.5, 0.00089460399791723094545248252
South Dakota,3 wk ahead,Bin,percent,7.5,7.6, 0.00089460399791723094545248252
South Dakota,3 wk ahead,Bin,percent,7.6,7.7, 0.00089460399791723094545248252
South Dakota,3 wk ahead,Bin,percent,7.7,7.8, 0.00089460399791723094545248252
South Dakota,3 wk ahead,Bin,percent,7.8,7.9, 0.00089460399791723094545248252
South Dakota,3 wk ahead,Bin,percent,7.9,8, 0.00089460399791723094545248252
South Dakota,3 wk ahead,Bin,percent,8,8.1, 0.00089460399791723896854855891
South Dakota,3 wk ahead,Bin,percent,8.1,8.2, 0.00089460399791724688322441805
South Dakota,3 wk ahead,Bin,percent,8.2,8.3, 0.00089460399791724688322441805
South Dakota,3 wk ahead,Bin,percent,8.3,8.4, 0.00089460399791724688322441805
South Dakota,3 wk ahead,Bin,percent,8.4,8.5, 0.00089460399791724688322441805
South Dakota,3 wk ahead,Bin,percent,8.5,8.6, 0.00089460399791724688322441805
South Dakota,3 wk ahead,Bin,percent,8.6,8.7, 0.00089460399791724688322441805
South Dakota,3 wk ahead,Bin,percent,8.7,8.8, 0.00089460399791724688322441805
South Dakota,3 wk ahead,Bin,percent,8.8,8.9, 0.00089460399791724688322441805
South Dakota,3 wk ahead,Bin,percent,8.9,9, 0.00089460399791724688322441805
South Dakota,3 wk ahead,Bin,percent,9,9.1, 0.00089460399791724688322441805
South Dakota,3 wk ahead,Bin,percent,9.1,9.2, 0.00089460399791724688322441805
South Dakota,3 wk ahead,Bin,percent,9.2,9.3, 0.00089460399791724688322441805
South Dakota,3 wk ahead,Bin,percent,9.3,9.4, 0.00089460399791724688322441805
South Dakota,3 wk ahead,Bin,percent,9.4,9.5, 0.00089460399791724688322441805
South Dakota,3 wk ahead,Bin,percent,9.5,9.6, 0.00089460399791724688322441805
South Dakota,3 wk ahead,Bin,percent,9.6,9.7, 0.00089460399791724688322441805
South Dakota,3 wk ahead,Bin,percent,9.7,9.8, 0.00089460399791724688322441805
South Dakota,3 wk ahead,Bin,percent,9.8,9.9, 0.00089460399791724688322441805
South Dakota,3 wk ahead,Bin,percent,9.9,10, 0.00089460399791724688322441805
South Dakota,3 wk ahead,Bin,percent,10,10.1, 0.00089460399791724688322441805
South Dakota,3 wk ahead,Bin,percent,10.1,10.2, 0.00089460399791724688322441805
South Dakota,3 wk ahead,Bin,percent,10.2,10.3, 0.00089460399791724688322441805
South Dakota,3 wk ahead,Bin,percent,10.3,10.4, 0.00089460399791724688322441805
South Dakota,3 wk ahead,Bin,percent,10.4,10.5, 0.00089460399791724688322441805
South Dakota,3 wk ahead,Bin,percent,10.5,10.6, 0.00089460399791724688322441805
South Dakota,3 wk ahead,Bin,percent,10.6,10.7, 0.00089460399791724688322441805
South Dakota,3 wk ahead,Bin,percent,10.7,10.8, 0.00089460399791724688322441805
South Dakota,3 wk ahead,Bin,percent,10.8,10.9, 0.00089460399791724688322441805
South Dakota,3 wk ahead,Bin,percent,10.9,11, 0.00089460399791724688322441805
South Dakota,3 wk ahead,Bin,percent,11,11.1, 0.00089460399791724688322441805
South Dakota,3 wk ahead,Bin,percent,11.1,11.2, 0.00089460399791724688322441805
South Dakota,3 wk ahead,Bin,percent,11.2,11.3, 0.00089460399791724688322441805
South Dakota,3 wk ahead,Bin,percent,11.3,11.4, 0.00089460399791724688322441805
South Dakota,3 wk ahead,Bin,percent,11.4,11.5, 0.00089460399791724688322441805
South Dakota,3 wk ahead,Bin,percent,11.5,11.6, 0.00089460399791724688322441805
South Dakota,3 wk ahead,Bin,percent,11.6,11.7, 0.00089460399791724688322441805
South Dakota,3 wk ahead,Bin,percent,11.7,11.8, 0.00089460399791724688322441805
South Dakota,3 wk ahead,Bin,percent,11.8,11.9, 0.00089460399791724688322441805
South Dakota,3 wk ahead,Bin,percent,11.9,12, 0.00089460399791724688322441805
South Dakota,3 wk ahead,Bin,percent,12,12.1, 0.00089460399791724688322441805
South Dakota,3 wk ahead,Bin,percent,12.1,12.2, 0.00089460399791724688322441805
South Dakota,3 wk ahead,Bin,percent,12.2,12.3, 0.00089460399791724688322441805
South Dakota,3 wk ahead,Bin,percent,12.3,12.4, 0.00089460399791724688322441805
South Dakota,3 wk ahead,Bin,percent,12.4,12.5, 0.00089460399791724688322441805
South Dakota,3 wk ahead,Bin,percent,12.5,12.6, 0.00089460399791724688322441805
South Dakota,3 wk ahead,Bin,percent,12.6,12.7, 0.00089460399791724688322441805
South Dakota,3 wk ahead,Bin,percent,12.7,12.8, 0.00089460399791724688322441805
South Dakota,3 wk ahead,Bin,percent,12.8,12.9, 0.00089460399791724688322441805
South Dakota,3 wk ahead,Bin,percent,12.9,13, 0.00089460399791724688322441805
South Dakota,3 wk ahead,Bin,percent,13,100, 0.00089460399791724688322441805
South Dakota,4 wk ahead,Bin,percent,0,0.1, 0.00059363950769714211169736373
South Dakota,4 wk ahead,Bin,percent,0.1,0.2, 0.00118727901539428465707559646
South Dakota,4 wk ahead,Bin,percent,0.2,0.3, 0.00118727901539428400655429297
South Dakota,4 wk ahead,Bin,percent,0.3,0.4, 0.00118727901539428400655429297
South Dakota,4 wk ahead,Bin,percent,0.4,0.5, 0.00118727901539428400655429297
South Dakota,4 wk ahead,Bin,percent,0.5,0.6, 0.00118727901539428509075646545
South Dakota,4 wk ahead,Bin,percent,0.6,0.7, 0.00118727901539428530759689995
South Dakota,4 wk ahead,Bin,percent,0.7,0.8, 0.00118727901539428530759689995
South Dakota,4 wk ahead,Bin,percent,0.8,0.9, 0.00118727901539428530759689995
South Dakota,4 wk ahead,Bin,percent,0.9,1, 0.00118727901539428530759689995
South Dakota,4 wk ahead,Bin,percent,1,1.1, 0.00118727901539428530759689995
South Dakota,4 wk ahead,Bin,percent,1.1,1.2, 0.00118727901539428530759689995
South Dakota,4 wk ahead,Bin,percent,1.2,1.3, 0.00118727901539428530759689995
South Dakota,4 wk ahead,Bin,percent,1.3,1.4, 0.00118727901539428530759689995
South Dakota,4 wk ahead,Bin,percent,1.4,1.5, 0.00150963483715068182491880755
South Dakota,4 wk ahead,Bin,percent,1.5,1.6, 0.00541476424228490467449592671
South Dakota,4 wk ahead,Bin,percent,1.6,1.7, 0.01686006458113260136899569375
South Dakota,4 wk ahead,Bin,percent,1.7,1.8, 0.04045845769087647036954535906
South Dakota,4 wk ahead,Bin,percent,1.8,1.9, 0.07518269810514448259208819536
South Dakota,4 wk ahead,Bin,percent,1.9,2, 0.10902668045616333014624643738
South Dakota,4 wk ahead,Bin,percent,2,2.1, 0.12483656638710302622108372361
South Dakota,4 wk ahead,Bin,percent,2.1,2.2, 0.11478970625355783274912369052
South Dakota,4 wk ahead,Bin,percent,2.2,2.3, 0.08688371939460902415586218694
South Dakota,4 wk ahead,Bin,percent,2.3,2.4, 0.05666626821005309178058695352
South Dakota,4 wk ahead,Bin,percent,2.4,2.5, 0.03570826480913988354437549333
South Dakota,4 wk ahead,Bin,percent,2.5,2.6, 0.02675437611872151164038591276
South Dakota,4 wk ahead,Bin,percent,2.6,2.7, 0.02523951163973814013075092078
South Dakota,4 wk ahead,Bin,percent,2.7,2.8, 0.02463935310479433218877609590
South Dakota,4 wk ahead,Bin,percent,2.8,2.9, 0.02246812164317866025720071832
South Dakota,4 wk ahead,Bin,percent,2.9,3, 0.02161941243087174557846452672
South Dakota,4 wk ahead,Bin,percent,3,3.1, 0.02539506275458609449446889528
South Dakota,4 wk ahead,Bin,percent,3.1,3.2, 0.03194850676870510802762836988
South Dakota,4 wk ahead,Bin,percent,3.2,3.3, 0.03503990901628026982672636791
South Dakota,4 wk ahead,Bin,percent,3.3,3.4, 0.03052081805644736578475573197
South Dakota,4 wk ahead,Bin,percent,3.4,3.5, 0.02054283382781949690576439593
South Dakota,4 wk ahead,Bin,percent,3.5,3.6, 0.01060917092274412873442734906
South Dakota,4 wk ahead,Bin,percent,3.6,3.7, 0.00419634834477362363147623370
South Dakota,4 wk ahead,Bin,percent,3.7,3.8, 0.00127054381321762806592023942
South Dakota,4 wk ahead,Bin,percent,3.8,3.9, 0.00041488407763495317465834988
South Dakota,4 wk ahead,Bin,percent,3.9,4, 0.00039104408484183007278789379
South Dakota,4 wk ahead,Bin,percent,4,4.1, 0.00039104408484183007278789379
South Dakota,4 wk ahead,Bin,percent,4.1,4.2, 0.00039104408484183007278789379
South Dakota,4 wk ahead,Bin,percent,4.2,4.3, 0.00039104408484183007278789379
South Dakota,4 wk ahead,Bin,percent,4.3,4.4, 0.00039104408484183007278789379
South Dakota,4 wk ahead,Bin,percent,4.4,4.5, 0.00039104408484183007278789379
South Dakota,4 wk ahead,Bin,percent,4.5,4.6, 0.00039104408484183007278789379
South Dakota,4 wk ahead,Bin,percent,4.6,4.7, 0.00039104408484183007278789379
South Dakota,4 wk ahead,Bin,percent,4.7,4.8, 0.00039104408484183007278789379
South Dakota,4 wk ahead,Bin,percent,4.8,4.9, 0.00039104408484183007278789379
South Dakota,4 wk ahead,Bin,percent,4.9,5, 0.00039104408484183007278789379
South Dakota,4 wk ahead,Bin,percent,5,5.1, 0.00039104408484183007278789379
South Dakota,4 wk ahead,Bin,percent,5.1,5.2, 0.00039104408484183007278789379
South Dakota,4 wk ahead,Bin,percent,5.2,5.3, 0.00039104408484183007278789379
South Dakota,4 wk ahead,Bin,percent,5.3,5.4, 0.00039104408484183007278789379
South Dakota,4 wk ahead,Bin,percent,5.4,5.5, 0.00039104408484183007278789379
South Dakota,4 wk ahead,Bin,percent,5.5,5.6, 0.00039104408484183007278789379
South Dakota,4 wk ahead,Bin,percent,5.6,5.7, 0.00039104408484183007278789379
South Dakota,4 wk ahead,Bin,percent,5.7,5.8, 0.00039104408484183007278789379
South Dakota,4 wk ahead,Bin,percent,5.8,5.9, 0.00039104408484183007278789379
South Dakota,4 wk ahead,Bin,percent,5.9,6, 0.00039104408484183007278789379
South Dakota,4 wk ahead,Bin,percent,6,6.1, 0.00039104408484183007278789379
South Dakota,4 wk ahead,Bin,percent,6.1,6.2, 0.00039104408484183007278789379
South Dakota,4 wk ahead,Bin,percent,6.2,6.3, 0.00039104408484183007278789379
South Dakota,4 wk ahead,Bin,percent,6.3,6.4, 0.00039104408484183007278789379
South Dakota,4 wk ahead,Bin,percent,6.4,6.5, 0.00039104408484183007278789379
South Dakota,4 wk ahead,Bin,percent,6.5,6.6, 0.00039104408484183007278789379
South Dakota,4 wk ahead,Bin,percent,6.6,6.7, 0.00039104408484183007278789379
South Dakota,4 wk ahead,Bin,percent,6.7,6.8, 0.00039104408484183007278789379
South Dakota,4 wk ahead,Bin,percent,6.8,6.9, 0.00039104408484183007278789379
South Dakota,4 wk ahead,Bin,percent,6.9,7, 0.00039104408484183007278789379
South Dakota,4 wk ahead,Bin,percent,7,7.1, 0.00039104408484183007278789379
South Dakota,4 wk ahead,Bin,percent,7.1,7.2, 0.00039104408484183007278789379
South Dakota,4 wk ahead,Bin,percent,7.2,7.3, 0.00039104408484183007278789379
South Dakota,4 wk ahead,Bin,percent,7.3,7.4, 0.00039104408484183007278789379
South Dakota,4 wk ahead,Bin,percent,7.4,7.5, 0.00039104408484183007278789379
South Dakota,4 wk ahead,Bin,percent,7.5,7.6, 0.00039104408484183007278789379
South Dakota,4 wk ahead,Bin,percent,7.6,7.7, 0.00039104408484183007278789379
South Dakota,4 wk ahead,Bin,percent,7.7,7.8, 0.00039104408484183007278789379
South Dakota,4 wk ahead,Bin,percent,7.8,7.9, 0.00039104408484183007278789379
South Dakota,4 wk ahead,Bin,percent,7.9,8, 0.00039104408484183007278789379
South Dakota,4 wk ahead,Bin,percent,8,8.1, 0.00039104408484183348802473712
South Dakota,4 wk ahead,Bin,percent,8.1,8.2, 0.00039104408484183701168179770
South Dakota,4 wk ahead,Bin,percent,8.2,8.3, 0.00039104408484183701168179770
South Dakota,4 wk ahead,Bin,percent,8.3,8.4, 0.00039104408484183701168179770
South Dakota,4 wk ahead,Bin,percent,8.4,8.5, 0.00039104408484183701168179770
South Dakota,4 wk ahead,Bin,percent,8.5,8.6, 0.00039104408484183701168179770
South Dakota,4 wk ahead,Bin,percent,8.6,8.7, 0.00039104408484183701168179770
South Dakota,4 wk ahead,Bin,percent,8.7,8.8, 0.00039104408484183701168179770
South Dakota,4 wk ahead,Bin,percent,8.8,8.9, 0.00039104408484183701168179770
South Dakota,4 wk ahead,Bin,percent,8.9,9, 0.00039104408484183701168179770
South Dakota,4 wk ahead,Bin,percent,9,9.1, 0.00039104408484183701168179770
South Dakota,4 wk ahead,Bin,percent,9.1,9.2, 0.00039104408484183701168179770
South Dakota,4 wk ahead,Bin,percent,9.2,9.3, 0.00039104408484183701168179770
South Dakota,4 wk ahead,Bin,percent,9.3,9.4, 0.00039104408484183701168179770
South Dakota,4 wk ahead,Bin,percent,9.4,9.5, 0.00039104408484183701168179770
South Dakota,4 wk ahead,Bin,percent,9.5,9.6, 0.00039104408484183701168179770
South Dakota,4 wk ahead,Bin,percent,9.6,9.7, 0.00039104408484183701168179770
South Dakota,4 wk ahead,Bin,percent,9.7,9.8, 0.00039104408484183701168179770
South Dakota,4 wk ahead,Bin,percent,9.8,9.9, 0.00039104408484183701168179770
South Dakota,4 wk ahead,Bin,percent,9.9,10, 0.00039104408484183701168179770
South Dakota,4 wk ahead,Bin,percent,10,10.1, 0.00039104408484183701168179770
South Dakota,4 wk ahead,Bin,percent,10.1,10.2, 0.00039104408484183701168179770
South Dakota,4 wk ahead,Bin,percent,10.2,10.3, 0.00039104408484183701168179770
South Dakota,4 wk ahead,Bin,percent,10.3,10.4, 0.00039104408484183701168179770
South Dakota,4 wk ahead,Bin,percent,10.4,10.5, 0.00039104408484183701168179770
South Dakota,4 wk ahead,Bin,percent,10.5,10.6, 0.00039104408484183701168179770
South Dakota,4 wk ahead,Bin,percent,10.6,10.7, 0.00039104408484183701168179770
South Dakota,4 wk ahead,Bin,percent,10.7,10.8, 0.00039104408484183701168179770
South Dakota,4 wk ahead,Bin,percent,10.8,10.9, 0.00039104408484183701168179770
South Dakota,4 wk ahead,Bin,percent,10.9,11, 0.00039104408484183701168179770
South Dakota,4 wk ahead,Bin,percent,11,11.1, 0.00039104408484183701168179770
South Dakota,4 wk ahead,Bin,percent,11.1,11.2, 0.00039104408484183701168179770
South Dakota,4 wk ahead,Bin,percent,11.2,11.3, 0.00039104408484183701168179770
South Dakota,4 wk ahead,Bin,percent,11.3,11.4, 0.00039104408484183701168179770
South Dakota,4 wk ahead,Bin,percent,11.4,11.5, 0.00039104408484183701168179770
South Dakota,4 wk ahead,Bin,percent,11.5,11.6, 0.00039104408484183701168179770
South Dakota,4 wk ahead,Bin,percent,11.6,11.7, 0.00039104408484183701168179770
South Dakota,4 wk ahead,Bin,percent,11.7,11.8, 0.00039104408484183701168179770
South Dakota,4 wk ahead,Bin,percent,11.8,11.9, 0.00039104408484183701168179770
South Dakota,4 wk ahead,Bin,percent,11.9,12, 0.00039104408484183701168179770
South Dakota,4 wk ahead,Bin,percent,12,12.1, 0.00039104408484183701168179770
South Dakota,4 wk ahead,Bin,percent,12.1,12.2, 0.00039104408484183701168179770
South Dakota,4 wk ahead,Bin,percent,12.2,12.3, 0.00039104408484183701168179770
South Dakota,4 wk ahead,Bin,percent,12.3,12.4, 0.00039104408484183701168179770
South Dakota,4 wk ahead,Bin,percent,12.4,12.5, 0.00039104408484183701168179770
South Dakota,4 wk ahead,Bin,percent,12.5,12.6, 0.00039104408484183701168179770
South Dakota,4 wk ahead,Bin,percent,12.6,12.7, 0.00039104408484183701168179770
South Dakota,4 wk ahead,Bin,percent,12.7,12.8, 0.00039104408484183701168179770
South Dakota,4 wk ahead,Bin,percent,12.8,12.9, 0.00039104408484183701168179770
South Dakota,4 wk ahead,Bin,percent,12.9,13, 0.00039104408484183701168179770
South Dakota,4 wk ahead,Bin,percent,13,100, 0.00039104408484183701168179770
South Carolina,Season peak week,Bin,week,40,41, 0.00069743731312979116362948950
South Carolina,Season peak week,Bin,week,41,42, 0.00069743731312979116362948950
South Carolina,Season peak week,Bin,week,42,43, 0.00069743731312979116362948950
South Carolina,Season peak week,Bin,week,43,44, 0.00069743731312979116362948950
South Carolina,Season peak week,Bin,week,44,45, 0.00069743731312979116362948950
South Carolina,Season peak week,Bin,week,45,46, 0.00069743731312979116362948950
South Carolina,Season peak week,Bin,week,46,47, 0.00229947005806304793223970862
South Carolina,Season peak week,Bin,week,47,48, 0.01413150790130154703383436043
South Carolina,Season peak week,Bin,week,48,49, 0.04231175609294261785731094960
South Carolina,Season peak week,Bin,week,49,50, 0.06530240148075057426968470509
South Carolina,Season peak week,Bin,week,50,51, 0.07321903662355830344488083483
South Carolina,Season peak week,Bin,week,51,52, 0.10704483458696632813822446906
South Carolina,Season peak week,Bin,week,52,53, 0.13580582928539819409508027093
South Carolina,Season peak week,Bin,week,1,2, 0.09351643451339343438011297849
South Carolina,Season peak week,Bin,week,2,3, 0.03657228494652895595118380356
South Carolina,Season peak week,Bin,week,3,4, 0.03750013047780036135048220558
South Carolina,Season peak week,Bin,week,4,5, 0.09664868168499686496009104530
South Carolina,Season peak week,Bin,week,5,6, 0.13829560051038478074580950761
South Carolina,Season peak week,Bin,week,6,7, 0.09625266121799808116676899772
South Carolina,Season peak week,Bin,week,7,8, 0.03241687934255410574735378759
South Carolina,Season peak week,Bin,week,8,9, 0.00527975732620201282374594598
South Carolina,Season peak week,Bin,week,9,10, 0.00160150917269850836394118332
South Carolina,Season peak week,Bin,week,10,11, 0.00160150917269850836394118332
South Carolina,Season peak week,Bin,week,11,12, 0.00160150917269850836394118332
South Carolina,Season peak week,Bin,week,12,13, 0.00160150917269850836394118332
South Carolina,Season peak week,Bin,week,13,14, 0.00160150917269850836394118332
South Carolina,Season peak week,Bin,week,14,15, 0.00160150917269850836394118332
South Carolina,Season peak week,Bin,week,15,16, 0.00160150917269850836394118332
South Carolina,Season peak week,Bin,week,16,17, 0.00160150917269850836394118332
South Carolina,Season peak week,Bin,week,17,18, 0.00160150917269850836394118332
South Carolina,Season peak week,Bin,week,18,19, 0.00160150917269850836394118332
South Carolina,Season peak week,Bin,week,19,20, 0.00160150917269850836394118332
South Carolina,Season peak week,Bin,week,20,21, 0.00160150917269850836394118332
South Carolina,Season peak percentage,Bin,percent,0,0.1, 0.00308865662979778505745076522
South Carolina,Season peak percentage,Bin,percent,0.1,0.2, 0.00637180347434237234066634059
South Carolina,Season peak percentage,Bin,percent,0.2,0.3, 0.00663169427667816523130905892
South Carolina,Season peak percentage,Bin,percent,0.3,0.4, 0.00689171285566848954712293462
South Carolina,Season peak percentage,Bin,percent,0.4,0.5, 0.00715118269588457811103410222
South Carolina,Season peak percentage,Bin,percent,0.5,0.6, 0.00740945501443201950259043187
South Carolina,Season peak percentage,Bin,percent,0.6,0.7, 0.00766587054338979060480463446
South Carolina,Season peak percentage,Bin,percent,0.7,0.8, 0.00791977830901240478778113641
South Carolina,Season peak percentage,Bin,percent,0.8,0.9, 0.00817051119796571335973656147
South Carolina,Season peak percentage,Bin,percent,0.9,1, 0.00841747311969248505902907453
South Carolina,Season peak percentage,Bin,percent,1,1.1, 0.00866002202954435293391632911
South Carolina,Season peak percentage,Bin,percent,1.1,1.2, 0.00889744636302989590215251070
South Carolina,Season peak percentage,Bin,percent,1.2,1.3, 0.00912932881641302304553953206
South Carolina,Season peak percentage,Bin,percent,1.3,1.4, 0.00935506400158085671403540573
South Carolina,Season peak percentage,Bin,percent,1.4,1.5, 0.00957417558415455359488444032
South Carolina,Season peak percentage,Bin,percent,1.5,1.6, 0.00978613299685923351822758320
South Carolina,Season peak percentage,Bin,percent,1.6,1.7, 0.00999059461011337496261219826
South Carolina,Season peak percentage,Bin,percent,1.7,1.8, 0.01018704100560559322463660692
South Carolina,Season peak percentage,Bin,percent,1.8,1.9, 0.01037505369442890193476536354
South Carolina,Season peak percentage,Bin,percent,1.9,2, 0.01055453768909270055587068526
South Carolina,Season peak percentage,Bin,percent,2,2.1, 0.01072512007393057638371391960
South Carolina,Season peak percentage,Bin,percent,2.1,2.2, 0.01088668186699381923432383701
South Carolina,Season peak percentage,Bin,percent,2.2,2.3, 0.01103897920156700178384578948
South Carolina,Season peak percentage,Bin,percent,2.3,2.4, 0.01118204596991517231485691042
South Carolina,Season peak percentage,Bin,percent,2.4,2.5, 0.01131559873200605435827892364
South Carolina,Season peak percentage,Bin,percent,2.5,2.6, 0.01143971456034250516742289960
South Carolina,Season peak percentage,Bin,percent,2.6,2.7, 0.01155458819791368302309919613
South Carolina,Season peak percentage,Bin,percent,2.7,2.8, 0.01166021160057663028086771817
South Carolina,Season peak percentage,Bin,percent,2.8,2.9, 0.01175679529418098036297468667
South Carolina,Season peak percentage,Bin,percent,2.9,3, 0.01184448231575292199979632102
South Carolina,Season peak percentage,Bin,percent,3,3.1, 0.01192360452525824225655792787
South Carolina,Season peak percentage,Bin,percent,3.1,3.2, 0.01199416560168448282752695633
South Carolina,Season peak percentage,Bin,percent,3.2,3.3, 0.01205665352093604480998578765
South Carolina,Season peak percentage,Bin,percent,3.3,3.4, 0.01211143459897810054082256670
South Carolina,Season peak percentage,Bin,percent,3.4,3.5, 0.01215878786961673181654663978
South Carolina,Season peak percentage,Bin,percent,3.5,3.6, 0.01219910948444570888971050238
South Carolina,Season peak percentage,Bin,percent,3.6,3.7, 0.01223277375572910836976081583
South Carolina,Season peak percentage,Bin,percent,3.7,3.8, 0.01226019516975326677232782657
South Carolina,Season peak percentage,Bin,percent,3.8,3.9, 0.01228156393466663109936831688
South Carolina,Season peak percentage,Bin,percent,3.9,4, 0.01229743048296991561607605092
South Carolina,Season peak percentage,Bin,percent,4,4.1, 0.01230812588066426682686937966
South Carolina,Season peak percentage,Bin,percent,4.1,4.2, 0.01231396268694949329425281093
South Carolina,Season peak percentage,Bin,percent,4.2,4.3, 0.01231524919299301079611552723
South Carolina,Season peak percentage,Bin,percent,4.3,4.4, 0.01231226890532793709354120182
South Carolina,Season peak percentage,Bin,percent,4.4,4.5, 0.01230526820379324211274241208
South Carolina,Season peak percentage,Bin,percent,4.5,4.6, 0.01229432388435458371744868344
South Carolina,Season peak percentage,Bin,percent,4.6,4.7, 0.01227970617060148220134330188
South Carolina,Season peak percentage,Bin,percent,4.7,4.8, 0.01226148490498147128335837408
South Carolina,Season peak percentage,Bin,percent,4.8,4.9, 0.01223970126180233715385003990
South Carolina,Season peak percentage,Bin,percent,4.9,5, 0.01221433070082852088977798388
South Carolina,Season peak percentage,Bin,percent,5,5.1, 0.01218533999527466292478461440
South Carolina,Season peak percentage,Bin,percent,5.1,5.2, 0.01215259177518104340143256792
South Carolina,Season peak percentage,Bin,percent,5.2,5.3, 0.01211582534770601869700268338
South Carolina,Season peak percentage,Bin,percent,5.3,5.4, 0.01207494100507857000270650616
South Carolina,Season peak percentage,Bin,percent,5.4,5.5, 0.01202962119345003279280437170
South Carolina,Season peak percentage,Bin,percent,5.5,5.6, 0.01197957898448434761740077903
South Carolina,Season peak percentage,Bin,percent,5.6,5.7, 0.01192442875678378227943809975
South Carolina,Season peak percentage,Bin,percent,5.7,5.8, 0.01186385600137740241322159562
South Carolina,Season peak percentage,Bin,percent,5.8,5.9, 0.01179736580888189785565334233
South Carolina,Season peak percentage,Bin,percent,5.9,6, 0.01172447655239519485881327654
South Carolina,Season peak percentage,Bin,percent,6,6.1, 0.01164491078379430166744867847
South Carolina,Season peak percentage,Bin,percent,6.1,6.2, 0.01155813889243917022553453933
South Carolina,Season peak percentage,Bin,percent,6.2,6.3, 0.01146380683212845988383499218
South Carolina,Season peak percentage,Bin,percent,6.3,6.4, 0.01136142922046699116345180869
South Carolina,Season peak percentage,Bin,percent,6.4,6.5, 0.01125074008082071856662320641
South Carolina,Season peak percentage,Bin,percent,6.5,6.6, 0.01113116329885177266389995054
South Carolina,Season peak percentage,Bin,percent,6.6,6.7, 0.01100244589856440129149728335
South Carolina,Season peak percentage,Bin,percent,6.7,6.8, 0.01086446588911303343105707597
South Carolina,Season peak percentage,Bin,percent,6.8,6.9, 0.01071690200948009069614741406
South Carolina,Season peak percentage,Bin,percent,6.9,7, 0.01055967772118299348449443897
South Carolina,Season peak percentage,Bin,percent,7,7.1, 0.01039266293495382138811766737
South Carolina,Season peak percentage,Bin,percent,7.1,7.2, 0.01021596553871033895288800153
South Carolina,Season peak percentage,Bin,percent,7.2,7.3, 0.01002934209770672477346487028
South Carolina,Season peak percentage,Bin,percent,7.3,7.4, 0.00983314360675763277086502967
South Carolina,Season peak percentage,Bin,percent,7.4,7.5, 0.00962764900008771136452612183
South Carolina,Season peak percentage,Bin,percent,7.5,7.6, 0.00941307045138663027461500832
South Carolina,Season peak percentage,Bin,percent,7.6,7.7, 0.00918982579771935974288776805
South Carolina,Season peak percentage,Bin,percent,7.7,7.8, 0.00895836720333462004084434938
South Carolina,Season peak percentage,Bin,percent,7.8,7.9, 0.00871925942464792623487479517
South Carolina,Season peak percentage,Bin,percent,7.9,8, 0.00847286644815402334440790355
South Carolina,Season peak percentage,Bin,percent,8,8.1, 0.00822005620283192822705942149
South Carolina,Season peak percentage,Bin,percent,8.1,8.2, 0.00796151259762011530296543782
South Carolina,Season peak percentage,Bin,percent,8.2,8.3, 0.00769796408375143098590243085
South Carolina,Season peak percentage,Bin,percent,8.3,8.4, 0.00743021898420609915036916249
South Carolina,Season peak percentage,Bin,percent,8.4,8.5, 0.00715910999533860871457680020
South Carolina,Season peak percentage,Bin,percent,8.5,8.6, 0.00688549204297721640505303142
South Carolina,Season peak percentage,Bin,percent,8.6,8.7, 0.00661019318591359213155289609
South Carolina,Season peak percentage,Bin,percent,8.7,8.8, 0.00633415324243565697193147912
South Carolina,Season peak percentage,Bin,percent,8.8,8.9, 0.00605823634927541918027138479
South Carolina,Season peak percentage,Bin,percent,8.9,9, 0.00578330405629655722177240307
South Carolina,Season peak percentage,Bin,percent,9,9.1, 0.00551022208093346951146562773
South Carolina,Season peak percentage,Bin,percent,9.1,9.2, 0.00523978922449916482279030916
South Carolina,Season peak percentage,Bin,percent,9.2,9.3, 0.00497281025897380532518887719
South Carolina,Season peak percentage,Bin,percent,9.3,9.4, 0.00471014744093480215714198067
South Carolina,Season peak percentage,Bin,percent,9.4,9.5, 0.00445238516607557657800420259
South Carolina,Season peak percentage,Bin,percent,9.5,9.6, 0.00420023928121122935852582714
South Carolina,Season peak percentage,Bin,percent,9.6,9.7, 0.00395428563546437478876116600
South Carolina,Season peak percentage,Bin,percent,9.7,9.8, 0.00371511991691833966602875883
South Carolina,Season peak percentage,Bin,percent,9.8,9.9, 0.00348315036893096516626422421
South Carolina,Season peak percentage,Bin,percent,9.9,10, 0.00325891995846172479595059812
South Carolina,Season peak percentage,Bin,percent,10,10.1, 0.00304287176114998239584430451
South Carolina,Season peak percentage,Bin,percent,10.1,10.2, 0.00283511149237112387508363831
South Carolina,Season peak percentage,Bin,percent,10.2,10.3, 0.00263600185401599140105899366
South Carolina,Season peak percentage,Bin,percent,10.3,10.4, 0.00244563407402051706182599666
South Carolina,Season peak percentage,Bin,percent,10.4,10.5, 0.00226420657177234902965312635
South Carolina,Season peak percentage,Bin,percent,10.5,10.6, 0.00209166510219397630207516237
South Carolina,Season peak percentage,Bin,percent,10.6,10.7, 0.00192823532376904015553376048
South Carolina,Season peak percentage,Bin,percent,10.7,10.8, 0.00177381374213621354624104143
South Carolina,Season peak percentage,Bin,percent,10.8,10.9, 0.00162817135404328544590057959
South Carolina,Season peak percentage,Bin,percent,10.9,11, 0.00149128376376063843250507901
South Carolina,Season peak percentage,Bin,percent,11,11.1, 0.00136290528318976393237771383
South Carolina,Season peak percentage,Bin,percent,11.1,11.2, 0.00124287058698980537249645373
South Carolina,Season peak percentage,Bin,percent,11.2,11.3, 0.00113084403114586885992498555
South Carolina,Season peak percentage,Bin,percent,11.3,11.4, 0.00102680595698820828834407770
South Carolina,Season peak percentage,Bin,percent,11.4,11.5, 0.00093030349666383478808573404
South Carolina,Season peak percentage,Bin,percent,11.5,11.6, 0.00084097650874602816739589173
South Carolina,Season peak percentage,Bin,percent,11.6,11.7, 0.00075857316479214945224157640
South Carolina,Season peak percentage,Bin,percent,11.7,11.8, 0.00068272456803384403301732108
South Carolina,Season peak percentage,Bin,percent,11.8,11.9, 0.00061308796834795239484583451
South Carolina,Season peak percentage,Bin,percent,11.9,12, 0.00054928389752193157793969114
South Carolina,Season peak percentage,Bin,percent,12,12.1, 0.00049114480934672960846243406
South Carolina,Season peak percentage,Bin,percent,12.1,12.2, 0.00043816404222142216065907783
South Carolina,Season peak percentage,Bin,percent,12.2,12.3, 0.00039001625321315197157320820
South Carolina,Season peak percentage,Bin,percent,12.3,12.4, 0.00034639214031651735688221994
South Carolina,Season peak percentage,Bin,percent,12.4,12.5, 0.00030695970400224607951486511
South Carolina,Season peak percentage,Bin,percent,12.5,12.6, 0.00027139757769096807754963252
South Carolina,Season peak percentage,Bin,percent,12.6,12.7, 0.00023939476101748400726880461
South Carolina,Season peak percentage,Bin,percent,12.7,12.8, 0.00021076316503837325480597009
South Carolina,Season peak percentage,Bin,percent,12.8,12.9, 0.00018512176031878582759850060
South Carolina,Season peak percentage,Bin,percent,12.9,13, 0.00016223352240272531600215333
South Carolina,Season peak percentage,Bin,percent,13,100, 0.00179997968161511412259201403
South Carolina,1 wk ahead,Bin,percent,0,0.1, 0.00266654672195748305291163049
South Carolina,1 wk ahead,Bin,percent,0.1,0.2, 0.00724584096436231128030014403
South Carolina,1 wk ahead,Bin,percent,0.2,0.3, 0.01045438086723352553997212766
South Carolina,1 wk ahead,Bin,percent,0.3,0.4, 0.01448013375439575686765003582
South Carolina,1 wk ahead,Bin,percent,0.4,0.5, 0.01927423482368328250258215917
South Carolina,1 wk ahead,Bin,percent,0.5,0.6, 0.02468210459910418971829493273
South Carolina,1 wk ahead,Bin,percent,0.6,0.7, 0.03044087760884767526747829436
South Carolina,1 wk ahead,Bin,percent,0.7,0.8, 0.03619707635869622019963998127
South Carolina,1 wk ahead,Bin,percent,0.8,0.9, 0.04154449536660179825853234092
South Carolina,1 wk ahead,Bin,percent,0.9,1, 0.04607842860726993339248735992
South Carolina,1 wk ahead,Bin,percent,1,1.1, 0.04945750208083695559357906291
South Carolina,1 wk ahead,Bin,percent,1.1,1.2, 0.05146003113079934687679184435
South Carolina,1 wk ahead,Bin,percent,1.2,1.3, 0.05202279783118557432430861809
South Carolina,1 wk ahead,Bin,percent,1.3,1.4, 0.05125204580935239367933675680
South Carolina,1 wk ahead,Bin,percent,1.4,1.5, 0.04940083153358815204470033677
South Carolina,1 wk ahead,Bin,percent,1.5,1.6, 0.04682020731466610130588890115
South Carolina,1 wk ahead,Bin,percent,1.6,1.7, 0.04389185534841875263589727751
South Carolina,1 wk ahead,Bin,percent,1.7,1.8, 0.04096109085683296430202560146
South Carolina,1 wk ahead,Bin,percent,1.8,1.9, 0.03828381912682586596385903022
South Carolina,1 wk ahead,Bin,percent,1.9,2, 0.03599626329806091679097690417
South Carolina,1 wk ahead,Bin,percent,2,2.1, 0.03410936452904381882555995276
South Carolina,1 wk ahead,Bin,percent,2.1,2.2, 0.03252608252858279341834801812
South Carolina,1 wk ahead,Bin,percent,2.2,2.3, 0.03107455029569605037265134229
South Carolina,1 wk ahead,Bin,percent,2.3,2.4, 0.02955173785531938629445036781
South Carolina,1 wk ahead,Bin,percent,2.4,2.5, 0.02777065995936436881841302693
South Carolina,1 wk ahead,Bin,percent,2.5,2.6, 0.02560314830571999017427842205
South Carolina,1 wk ahead,Bin,percent,2.6,2.7, 0.02300975445154605780739842658
South Carolina,1 wk ahead,Bin,percent,2.7,2.8, 0.02004878977296664296914308068
South Carolina,1 wk ahead,Bin,percent,2.8,2.9, 0.01686234676323354261806564125
South Carolina,1 wk ahead,Bin,percent,2.9,3, 0.01364272703026764461953224128
South Carolina,1 wk ahead,Bin,percent,3,3.1, 0.01058952445213980769755934830
South Carolina,1 wk ahead,Bin,percent,3.1,3.2, 0.00786977279818861473470459345
South Carolina,1 wk ahead,Bin,percent,3.2,3.3, 0.00559095927924532429265092048
South Carolina,1 wk ahead,Bin,percent,3.3,3.4, 0.00379265598115495830566779034
South Carolina,1 wk ahead,Bin,percent,3.4,3.5, 0.00245441863309325087813550503
South Carolina,1 wk ahead,Bin,percent,3.5,3.6, 0.00151434467692820157701250050
South Carolina,1 wk ahead,Bin,percent,3.6,3.7, 0.00089038401500149812282242090
South Carolina,1 wk ahead,Bin,percent,3.7,3.8, 0.00049868611757467181614528196
South Carolina,1 wk ahead,Bin,percent,3.8,3.9, 0.00026870815409134747283118050
South Carolina,1 wk ahead,Bin,percent,3.9,4, 0.00021435674345785443511633317
South Carolina,1 wk ahead,Bin,percent,4,4.1, 0.00021435674345785443511633317
South Carolina,1 wk ahead,Bin,percent,4.1,4.2, 0.00021435674345785443511633317
South Carolina,1 wk ahead,Bin,percent,4.2,4.3, 0.00021435674345785443511633317
South Carolina,1 wk ahead,Bin,percent,4.3,4.4, 0.00021435674345785443511633317
South Carolina,1 wk ahead,Bin,percent,4.4,4.5, 0.00021435674345785443511633317
South Carolina,1 wk ahead,Bin,percent,4.5,4.6, 0.00021435674345785443511633317
South Carolina,1 wk ahead,Bin,percent,4.6,4.7, 0.00021435674345785443511633317
South Carolina,1 wk ahead,Bin,percent,4.7,4.8, 0.00021435674345785443511633317
South Carolina,1 wk ahead,Bin,percent,4.8,4.9, 0.00021435674345785443511633317
South Carolina,1 wk ahead,Bin,percent,4.9,5, 0.00021435674345785443511633317
South Carolina,1 wk ahead,Bin,percent,5,5.1, 0.00021435674345785443511633317
South Carolina,1 wk ahead,Bin,percent,5.1,5.2, 0.00021435674345785443511633317
South Carolina,1 wk ahead,Bin,percent,5.2,5.3, 0.00021435674345785443511633317
South Carolina,1 wk ahead,Bin,percent,5.3,5.4, 0.00021435674345785443511633317
South Carolina,1 wk ahead,Bin,percent,5.4,5.5, 0.00021435674345785443511633317
South Carolina,1 wk ahead,Bin,percent,5.5,5.6, 0.00021435674345785443511633317
South Carolina,1 wk ahead,Bin,percent,5.6,5.7, 0.00021435674345785443511633317
South Carolina,1 wk ahead,Bin,percent,5.7,5.8, 0.00021435674345785443511633317
South Carolina,1 wk ahead,Bin,percent,5.8,5.9, 0.00021435674345785443511633317
South Carolina,1 wk ahead,Bin,percent,5.9,6, 0.00021435674345785443511633317
South Carolina,1 wk ahead,Bin,percent,6,6.1, 0.00021435674345785443511633317
South Carolina,1 wk ahead,Bin,percent,6.1,6.2, 0.00021435674345785443511633317
South Carolina,1 wk ahead,Bin,percent,6.2,6.3, 0.00021435674345785443511633317
South Carolina,1 wk ahead,Bin,percent,6.3,6.4, 0.00021435674345785443511633317
South Carolina,1 wk ahead,Bin,percent,6.4,6.5, 0.00021435674345785443511633317
South Carolina,1 wk ahead,Bin,percent,6.5,6.6, 0.00021435674345785443511633317
South Carolina,1 wk ahead,Bin,percent,6.6,6.7, 0.00021435674345785443511633317
South Carolina,1 wk ahead,Bin,percent,6.7,6.8, 0.00021435674345785443511633317
South Carolina,1 wk ahead,Bin,percent,6.8,6.9, 0.00021435674345785443511633317
South Carolina,1 wk ahead,Bin,percent,6.9,7, 0.00021435674345785443511633317
South Carolina,1 wk ahead,Bin,percent,7,7.1, 0.00021435674345785443511633317
South Carolina,1 wk ahead,Bin,percent,7.1,7.2, 0.00021435674345785443511633317
South Carolina,1 wk ahead,Bin,percent,7.2,7.3, 0.00021435674345785443511633317
South Carolina,1 wk ahead,Bin,percent,7.3,7.4, 0.00021435674345785443511633317
South Carolina,1 wk ahead,Bin,percent,7.4,7.5, 0.00021435674345785443511633317
South Carolina,1 wk ahead,Bin,percent,7.5,7.6, 0.00021435674345785443511633317
South Carolina,1 wk ahead,Bin,percent,7.6,7.7, 0.00021435674345785443511633317
South Carolina,1 wk ahead,Bin,percent,7.7,7.8, 0.00021435674345785443511633317
South Carolina,1 wk ahead,Bin,percent,7.8,7.9, 0.00021435674345785443511633317
South Carolina,1 wk ahead,Bin,percent,7.9,8, 0.00021435674345785443511633317
South Carolina,1 wk ahead,Bin,percent,8,8.1, 0.00021435674345785635957518933
South Carolina,1 wk ahead,Bin,percent,8.1,8.2, 0.00021435674345785828403404549
South Carolina,1 wk ahead,Bin,percent,8.2,8.3, 0.00021435674345785828403404549
South Carolina,1 wk ahead,Bin,percent,8.3,8.4, 0.00021435674345785828403404549
South Carolina,1 wk ahead,Bin,percent,8.4,8.5, 0.00021435674345785828403404549
South Carolina,1 wk ahead,Bin,percent,8.5,8.6, 0.00021435674345785828403404549
South Carolina,1 wk ahead,Bin,percent,8.6,8.7, 0.00021435674345785828403404549
South Carolina,1 wk ahead,Bin,percent,8.7,8.8, 0.00021435674345785828403404549
South Carolina,1 wk ahead,Bin,percent,8.8,8.9, 0.00021435674345785828403404549
South Carolina,1 wk ahead,Bin,percent,8.9,9, 0.00021435674345785828403404549
South Carolina,1 wk ahead,Bin,percent,9,9.1, 0.00021435674345785828403404549
South Carolina,1 wk ahead,Bin,percent,9.1,9.2, 0.00021435674345785828403404549
South Carolina,1 wk ahead,Bin,percent,9.2,9.3, 0.00021435674345785828403404549
South Carolina,1 wk ahead,Bin,percent,9.3,9.4, 0.00021435674345785828403404549
South Carolina,1 wk ahead,Bin,percent,9.4,9.5, 0.00021435674345785828403404549
South Carolina,1 wk ahead,Bin,percent,9.5,9.6, 0.00021435674345785828403404549
South Carolina,1 wk ahead,Bin,percent,9.6,9.7, 0.00021435674345785828403404549
South Carolina,1 wk ahead,Bin,percent,9.7,9.8, 0.00021435674345785828403404549
South Carolina,1 wk ahead,Bin,percent,9.8,9.9, 0.00021435674345785828403404549
South Carolina,1 wk ahead,Bin,percent,9.9,10, 0.00021435674345785828403404549
South Carolina,1 wk ahead,Bin,percent,10,10.1, 0.00021435674345785828403404549
South Carolina,1 wk ahead,Bin,percent,10.1,10.2, 0.00021435674345785828403404549
South Carolina,1 wk ahead,Bin,percent,10.2,10.3, 0.00021435674345785828403404549
South Carolina,1 wk ahead,Bin,percent,10.3,10.4, 0.00021435674345785828403404549
South Carolina,1 wk ahead,Bin,percent,10.4,10.5, 0.00021435674345785828403404549
South Carolina,1 wk ahead,Bin,percent,10.5,10.6, 0.00021435674345785828403404549
South Carolina,1 wk ahead,Bin,percent,10.6,10.7, 0.00021435674345785828403404549
South Carolina,1 wk ahead,Bin,percent,10.7,10.8, 0.00021435674345785828403404549
South Carolina,1 wk ahead,Bin,percent,10.8,10.9, 0.00021435674345785828403404549
South Carolina,1 wk ahead,Bin,percent,10.9,11, 0.00021435674345785828403404549
South Carolina,1 wk ahead,Bin,percent,11,11.1, 0.00021435674345785828403404549
South Carolina,1 wk ahead,Bin,percent,11.1,11.2, 0.00021435674345785828403404549
South Carolina,1 wk ahead,Bin,percent,11.2,11.3, 0.00021435674345785828403404549
South Carolina,1 wk ahead,Bin,percent,11.3,11.4, 0.00021435674345785828403404549
South Carolina,1 wk ahead,Bin,percent,11.4,11.5, 0.00021435674345785828403404549
South Carolina,1 wk ahead,Bin,percent,11.5,11.6, 0.00021435674345785828403404549
South Carolina,1 wk ahead,Bin,percent,11.6,11.7, 0.00021435674345785828403404549
South Carolina,1 wk ahead,Bin,percent,11.7,11.8, 0.00021435674345785828403404549
South Carolina,1 wk ahead,Bin,percent,11.8,11.9, 0.00021435674345785828403404549
South Carolina,1 wk ahead,Bin,percent,11.9,12, 0.00021435674345785828403404549
South Carolina,1 wk ahead,Bin,percent,12,12.1, 0.00021435674345785828403404549
South Carolina,1 wk ahead,Bin,percent,12.1,12.2, 0.00021435674345785828403404549
South Carolina,1 wk ahead,Bin,percent,12.2,12.3, 0.00021435674345785828403404549
South Carolina,1 wk ahead,Bin,percent,12.3,12.4, 0.00021435674345785828403404549
South Carolina,1 wk ahead,Bin,percent,12.4,12.5, 0.00021435674345785828403404549
South Carolina,1 wk ahead,Bin,percent,12.5,12.6, 0.00021435674345785828403404549
South Carolina,1 wk ahead,Bin,percent,12.6,12.7, 0.00021435674345785828403404549
South Carolina,1 wk ahead,Bin,percent,12.7,12.8, 0.00021435674345785828403404549
South Carolina,1 wk ahead,Bin,percent,12.8,12.9, 0.00021435674345785828403404549
South Carolina,1 wk ahead,Bin,percent,12.9,13, 0.00021435674345785828403404549
South Carolina,1 wk ahead,Bin,percent,13,100, 0.00021435674345785828403404549
South Carolina,2 wk ahead,Bin,percent,0,0.1, 0.00522663014021510635709333314
South Carolina,2 wk ahead,Bin,percent,0.1,0.2, 0.01277614236460851947219108382
South Carolina,2 wk ahead,Bin,percent,0.2,0.3, 0.01623248009991887230718532464
South Carolina,2 wk ahead,Bin,percent,0.3,0.4, 0.02002897319186023802894958123
South Carolina,2 wk ahead,Bin,percent,0.4,0.5, 0.02401879388761705633181797737
South Carolina,2 wk ahead,Bin,percent,0.5,0.6, 0.02801846125267143036707828685
South Carolina,2 wk ahead,Bin,percent,0.6,0.7, 0.03182578456043322345792034866
South Carolina,2 wk ahead,Bin,percent,0.7,0.8, 0.03524086301507674962030236543
South Carolina,2 wk ahead,Bin,percent,0.8,0.9, 0.03808999583781785824854182465
South Carolina,2 wk ahead,Bin,percent,0.9,1, 0.04024286403590559418885774789
South Carolina,2 wk ahead,Bin,percent,1,1.1, 0.04162553099178966514726241144
South Carolina,2 wk ahead,Bin,percent,1.1,1.2, 0.04222355156014657301399850553
South Carolina,2 wk ahead,Bin,percent,1.2,1.3, 0.04207412888515522225718612503
South Carolina,2 wk ahead,Bin,percent,1.3,1.4, 0.04125776958085478757221054025
South Carolina,2 wk ahead,Bin,percent,1.4,1.5, 0.03987792315569417544995900471
South Carolina,2 wk ahead,Bin,percent,1.5,1.6, 0.03804716899131162927139016006
South Carolina,2 wk ahead,Bin,percent,1.6,1.7, 0.03587134220844491461210878924
South Carolina,2 wk ahead,Bin,percent,1.7,1.8, 0.03344182343445742389143049422
South Carolina,2 wk ahead,Bin,percent,1.8,1.9, 0.03083107327718249274228767831
South Carolina,2 wk ahead,Bin,percent,1.9,2, 0.02809494575977458663551544760
South Carolina,2 wk ahead,Bin,percent,2,2.1, 0.02527869600656518569992137202
South Carolina,2 wk ahead,Bin,percent,2.1,2.2, 0.02242373995057693816801425157
South Carolina,2 wk ahead,Bin,percent,2.2,2.3, 0.01957417161247959266900942055
South Carolina,2 wk ahead,Bin,percent,2.3,2.4, 0.01678009563143963850384565717
South Carolina,2 wk ahead,Bin,percent,2.4,2.5, 0.01409727159138019457473856022
South Carolina,2 wk ahead,Bin,percent,2.5,2.6, 0.01158342485306104903408641604
South Carolina,2 wk ahead,Bin,percent,2.6,2.7, 0.00929216499621717158252653945
South Carolina,2 wk ahead,Bin,percent,2.7,2.8, 0.00726637209046313795740568153
South Carolina,2 wk ahead,Bin,percent,2.8,2.9, 0.00553417684768966241376508819
South Carolina,2 wk ahead,Bin,percent,2.9,3, 0.00410537664422920643009229380
South Carolina,2 wk ahead,Bin,percent,3,3.1, 0.00297460328716075018268272245
South Carolina,2 wk ahead,Bin,percent,3.1,3.2, 0.00212349537212017840451250272
South Carolina,2 wk ahead,Bin,percent,3.2,3.3, 0.00152782631745123210868786412
South Carolina,2 wk ahead,Bin,percent,3.3,3.4, 0.00116332209140858496530801514
South Carolina,2 wk ahead,Bin,percent,3.4,3.5, 0.00101174506248775594730027194
South Carolina,2 wk ahead,Bin,percent,3.5,3.6, 0.00106508154941885140043478231
South Carolina,2 wk ahead,Bin,percent,3.6,3.7, 0.00132649506544694887645585712
South Carolina,2 wk ahead,Bin,percent,3.7,3.8, 0.00180929880619307560489505970
South Carolina,2 wk ahead,Bin,percent,3.8,3.9, 0.00253153151488535446342331703
South Carolina,2 wk ahead,Bin,percent,3.9,4, 0.00350961953650088479689239662
South Carolina,2 wk ahead,Bin,percent,4,4.1, 0.00474765718947812911249206635
South Carolina,2 wk ahead,Bin,percent,4.1,4.2, 0.00622885718054534773951980142
South Carolina,2 wk ahead,Bin,percent,4.2,4.3, 0.00790721858570110451569501464
South Carolina,2 wk ahead,Bin,percent,4.3,4.4, 0.00970347726003088252577644113
South Carolina,2 wk ahead,Bin,percent,4.4,4.5, 0.01150715626451880718716935803
South Carolina,2 wk ahead,Bin,percent,4.5,4.6, 0.01318541781118300927622133401
South Carolina,2 wk ahead,Bin,percent,4.6,4.7, 0.01459733018840337140376028913
South Carolina,2 wk ahead,Bin,percent,4.7,4.8, 0.01561376930747457314474502255
South Carolina,2 wk ahead,Bin,percent,4.8,4.9, 0.01613563467757123462420487670
South Carolina,2 wk ahead,Bin,percent,4.9,5, 0.01611060841714478941710808613
South Carolina,2 wk ahead,Bin,percent,5,5.1, 0.01554150307768009837972034148
South Carolina,2 wk ahead,Bin,percent,5.1,5.2, 0.01448465673871257575200388601
South Carolina,2 wk ahead,Bin,percent,5.2,5.3, 0.01304303478187906865926048994
South Carolina,2 wk ahead,Bin,percent,5.3,5.4, 0.01134725048535863319021377293
South Carolina,2 wk ahead,Bin,percent,5.4,5.5, 0.00953780814018972793177919556
South Carolina,2 wk ahead,Bin,percent,5.5,5.6, 0.00774557475522095247727483169
South Carolina,2 wk ahead,Bin,percent,5.6,5.7, 0.00607723483776313397330959276
South Carolina,2 wk ahead,Bin,percent,5.7,5.8, 0.00460679251227066009766186738
South Carolina,2 wk ahead,Bin,percent,5.8,5.9, 0.00337402019579770371532356776
South Carolina,2 wk ahead,Bin,percent,5.9,6, 0.00238741142566351038922789485
South Carolina,2 wk ahead,Bin,percent,6,6.1, 0.00163225969565150477030845977
South Carolina,2 wk ahead,Bin,percent,6.1,6.2, 0.00107804200631297182264023427
South Carolina,2 wk ahead,Bin,percent,6.2,6.3, 0.00068796905104311805497635524
South Carolina,2 wk ahead,Bin,percent,6.3,6.4, 0.00042415036051450440840460132
South Carolina,2 wk ahead,Bin,percent,6.4,6.5, 0.00025265909270727070125989178
South Carolina,2 wk ahead,Bin,percent,6.5,6.6, 0.00018240527677537048470424175
South Carolina,2 wk ahead,Bin,percent,6.6,6.7, 0.00018208224040455761203946561
South Carolina,2 wk ahead,Bin,percent,6.7,6.8, 0.00018208224040455761203946561
South Carolina,2 wk ahead,Bin,percent,6.8,6.9, 0.00018208224040455761203946561
South Carolina,2 wk ahead,Bin,percent,6.9,7, 0.00018208224040455761203946561
South Carolina,2 wk ahead,Bin,percent,7,7.1, 0.00018208224040455761203946561
South Carolina,2 wk ahead,Bin,percent,7.1,7.2, 0.00018208224040455761203946561
South Carolina,2 wk ahead,Bin,percent,7.2,7.3, 0.00018208224040455761203946561
South Carolina,2 wk ahead,Bin,percent,7.3,7.4, 0.00018208224040455761203946561
South Carolina,2 wk ahead,Bin,percent,7.4,7.5, 0.00018208224040455761203946561
South Carolina,2 wk ahead,Bin,percent,7.5,7.6, 0.00018208224040455761203946561
South Carolina,2 wk ahead,Bin,percent,7.6,7.7, 0.00018208224040455761203946561
South Carolina,2 wk ahead,Bin,percent,7.7,7.8, 0.00018208224040455761203946561
South Carolina,2 wk ahead,Bin,percent,7.8,7.9, 0.00018208224040455761203946561
South Carolina,2 wk ahead,Bin,percent,7.9,8, 0.00018208224040455761203946561
South Carolina,2 wk ahead,Bin,percent,8,8.1, 0.00018208224040455926544777865
South Carolina,2 wk ahead,Bin,percent,8.1,8.2, 0.00018208224040456086464598306
South Carolina,2 wk ahead,Bin,percent,8.2,8.3, 0.00018208224040456086464598306
South Carolina,2 wk ahead,Bin,percent,8.3,8.4, 0.00018208224040456086464598306
South Carolina,2 wk ahead,Bin,percent,8.4,8.5, 0.00018208224040456086464598306
South Carolina,2 wk ahead,Bin,percent,8.5,8.6, 0.00018208224040456086464598306
South Carolina,2 wk ahead,Bin,percent,8.6,8.7, 0.00018208224040456086464598306
South Carolina,2 wk ahead,Bin,percent,8.7,8.8, 0.00018208224040456086464598306
South Carolina,2 wk ahead,Bin,percent,8.8,8.9, 0.00018208224040456086464598306
South Carolina,2 wk ahead,Bin,percent,8.9,9, 0.00018208224040456086464598306
South Carolina,2 wk ahead,Bin,percent,9,9.1, 0.00018208224040456086464598306
South Carolina,2 wk ahead,Bin,percent,9.1,9.2, 0.00018208224040456086464598306
South Carolina,2 wk ahead,Bin,percent,9.2,9.3, 0.00018208224040456086464598306
South Carolina,2 wk ahead,Bin,percent,9.3,9.4, 0.00018208224040456086464598306
South Carolina,2 wk ahead,Bin,percent,9.4,9.5, 0.00018208224040456086464598306
South Carolina,2 wk ahead,Bin,percent,9.5,9.6, 0.00018208224040456086464598306
South Carolina,2 wk ahead,Bin,percent,9.6,9.7, 0.00018208224040456086464598306
South Carolina,2 wk ahead,Bin,percent,9.7,9.8, 0.00018208224040456086464598306
South Carolina,2 wk ahead,Bin,percent,9.8,9.9, 0.00018208224040456086464598306
South Carolina,2 wk ahead,Bin,percent,9.9,10, 0.00018208224040456086464598306
South Carolina,2 wk ahead,Bin,percent,10,10.1, 0.00018208224040456086464598306
South Carolina,2 wk ahead,Bin,percent,10.1,10.2, 0.00018208224040456086464598306
South Carolina,2 wk ahead,Bin,percent,10.2,10.3, 0.00018208224040456086464598306
South Carolina,2 wk ahead,Bin,percent,10.3,10.4, 0.00018208224040456086464598306
South Carolina,2 wk ahead,Bin,percent,10.4,10.5, 0.00018208224040456086464598306
South Carolina,2 wk ahead,Bin,percent,10.5,10.6, 0.00018208224040456086464598306
South Carolina,2 wk ahead,Bin,percent,10.6,10.7, 0.00018208224040456086464598306
South Carolina,2 wk ahead,Bin,percent,10.7,10.8, 0.00018208224040456086464598306
South Carolina,2 wk ahead,Bin,percent,10.8,10.9, 0.00018208224040456086464598306
South Carolina,2 wk ahead,Bin,percent,10.9,11, 0.00018208224040456086464598306
South Carolina,2 wk ahead,Bin,percent,11,11.1, 0.00018208224040456086464598306
South Carolina,2 wk ahead,Bin,percent,11.1,11.2, 0.00018208224040456086464598306
South Carolina,2 wk ahead,Bin,percent,11.2,11.3, 0.00018208224040456086464598306
South Carolina,2 wk ahead,Bin,percent,11.3,11.4, 0.00018208224040456086464598306
South Carolina,2 wk ahead,Bin,percent,11.4,11.5, 0.00018208224040456086464598306
South Carolina,2 wk ahead,Bin,percent,11.5,11.6, 0.00018208224040456086464598306
South Carolina,2 wk ahead,Bin,percent,11.6,11.7, 0.00018208224040456086464598306
South Carolina,2 wk ahead,Bin,percent,11.7,11.8, 0.00018208224040456086464598306
South Carolina,2 wk ahead,Bin,percent,11.8,11.9, 0.00018208224040456086464598306
South Carolina,2 wk ahead,Bin,percent,11.9,12, 0.00018208224040456086464598306
South Carolina,2 wk ahead,Bin,percent,12,12.1, 0.00018208224040456086464598306
South Carolina,2 wk ahead,Bin,percent,12.1,12.2, 0.00018208224040456086464598306
South Carolina,2 wk ahead,Bin,percent,12.2,12.3, 0.00018208224040456086464598306
South Carolina,2 wk ahead,Bin,percent,12.3,12.4, 0.00018208224040456086464598306
South Carolina,2 wk ahead,Bin,percent,12.4,12.5, 0.00018208224040456086464598306
South Carolina,2 wk ahead,Bin,percent,12.5,12.6, 0.00018208224040456086464598306
South Carolina,2 wk ahead,Bin,percent,12.6,12.7, 0.00018208224040456086464598306
South Carolina,2 wk ahead,Bin,percent,12.7,12.8, 0.00018208224040456086464598306
South Carolina,2 wk ahead,Bin,percent,12.8,12.9, 0.00018208224040456086464598306
South Carolina,2 wk ahead,Bin,percent,12.9,13, 0.00018208224040456086464598306
South Carolina,2 wk ahead,Bin,percent,13,100, 0.00018208224040456086464598306
South Carolina,3 wk ahead,Bin,percent,0,0.1, 0.00175130185286657058182924196
South Carolina,3 wk ahead,Bin,percent,0.1,0.2, 0.00504838730127614952747361343
South Carolina,3 wk ahead,Bin,percent,0.2,0.3, 0.00778841391858620286925418696
South Carolina,3 wk ahead,Bin,percent,0.3,0.4, 0.01141054386808411022502518506
South Carolina,3 wk ahead,Bin,percent,0.4,0.5, 0.01589108738430757700177409220
South Carolina,3 wk ahead,Bin,percent,0.5,0.6, 0.02105986371145158672635311348
South Carolina,3 wk ahead,Bin,percent,0.6,0.7, 0.02660374418363106036045095948
South Carolina,3 wk ahead,Bin,percent,0.7,0.8, 0.03210788991177031953538900666
South Carolina,3 wk ahead,Bin,percent,0.8,0.9, 0.03713890014437865039198527484
South Carolina,3 wk ahead,Bin,percent,0.9,1, 0.04134152212904238649082699908
South Carolina,3 wk ahead,Bin,percent,1,1.1, 0.04451279731035633763225334292
South Carolina,3 wk ahead,Bin,percent,1.1,1.2, 0.04663419985366613201849261827
South Carolina,3 wk ahead,Bin,percent,1.2,1.3, 0.04782395034758599172697302038
South Carolina,3 wk ahead,Bin,percent,1.3,1.4, 0.04825645470936979625209417577
South Carolina,3 wk ahead,Bin,percent,1.4,1.5, 0.04806514405727698585613083537
South Carolina,3 wk ahead,Bin,percent,1.5,1.6, 0.04727483344950719063026767230
South Carolina,3 wk ahead,Bin,percent,1.6,1.7, 0.04580205376208834611162501460
South Carolina,3 wk ahead,Bin,percent,1.7,1.8, 0.04351281216297776810453257212
South Carolina,3 wk ahead,Bin,percent,1.8,1.9, 0.04030702339874518008722148465
South Carolina,3 wk ahead,Bin,percent,1.9,2, 0.03620492011878381766187828816
South Carolina,3 wk ahead,Bin,percent,2,2.1, 0.03138036205612473178439003618
South Carolina,3 wk ahead,Bin,percent,2.1,2.2, 0.02614058531571435139984060925
South Carolina,3 wk ahead,Bin,percent,2.2,2.3, 0.02086597564475787744409096547
South Carolina,3 wk ahead,Bin,percent,2.3,2.4, 0.01592371769232745273847662304
South Carolina,3 wk ahead,Bin,percent,2.4,2.5, 0.01160005904057180743660371292
South Carolina,3 wk ahead,Bin,percent,2.5,2.6, 0.00805625091867893418362545077
South Carolina,3 wk ahead,Bin,percent,2.6,2.7, 0.00532982682292699669335256374
South Carolina,3 wk ahead,Bin,percent,2.7,2.8, 0.00335749919160793211178606121
South Carolina,3 wk ahead,Bin,percent,2.8,2.9, 0.00201196904607949325627380688
South Carolina,3 wk ahead,Bin,percent,2.9,3, 0.00114703159450395384029441903
South Carolina,3 wk ahead,Bin,percent,3,3.1, 0.00062192458394481561507333156
South Carolina,3 wk ahead,Bin,percent,3.1,3.2, 0.00032039944181025691071276751
South Carolina,3 wk ahead,Bin,percent,3.2,3.3, 0.00015694300757031827853876793
South Carolina,3 wk ahead,Bin,percent,3.3,3.4, 0.00007304000817644857798671687
South Carolina,3 wk ahead,Bin,percent,3.4,3.5, 0.00003228228964894514201738884
South Carolina,3 wk ahead,Bin,percent,3.5,3.6, 0.00001356182748983377813888507
South Carolina,3 wk ahead,Bin,percent,3.6,3.7, 0.00000540857877734890448372888
South Carolina,3 wk ahead,Bin,percent,3.7,3.8, 0.00000204678692211008403259529
South Carolina,3 wk ahead,Bin,percent,3.8,3.9, 0.00000073635194981041383548674
South Carolina,3 wk ahead,Bin,percent,3.9,4, 0.00000025107766153087391055722
South Carolina,3 wk ahead,Bin,percent,4,4.1, 0.00000008128921124836142090692
South Carolina,3 wk ahead,Bin,percent,4.1,4.2, 0.00000002500551170980740463009
South Carolina,3 wk ahead,Bin,percent,4.2,4.3, 0.00000000729097557296068692928
South Carolina,3 wk ahead,Bin,percent,4.3,4.4, 0.00000000202755387974628634532
South Carolina,3 wk ahead,Bin,percent,4.4,4.5, 0.00000000057686588373183820054
South Carolina,3 wk ahead,Bin,percent,4.5,4.6, 0.00000000032769518847397537404
South Carolina,3 wk ahead,Bin,percent,4.6,4.7, 0.00000000080700358469925796394
South Carolina,3 wk ahead,Bin,percent,4.7,4.8, 0.00000000292544937005773219245
South Carolina,3 wk ahead,Bin,percent,4.8,4.9, 0.00000001037670594081881196999
South Carolina,3 wk ahead,Bin,percent,4.9,5, 0.00000003503061921067844728122
South Carolina,3 wk ahead,Bin,percent,5,5.1, 0.00000011209142277291809691215
South Carolina,3 wk ahead,Bin,percent,5.1,5.2, 0.00000033968056337071811655280
South Carolina,3 wk ahead,Bin,percent,5.2,5.3, 0.00000097685591442743408188275
South Carolina,3 wk ahead,Bin,percent,5.3,5.4, 0.00000266240031871549276041265
South Carolina,3 wk ahead,Bin,percent,5.4,5.5, 0.00000687378375618006575044480
South Carolina,3 wk ahead,Bin,percent,5.5,5.6, 0.00001684761548919905277009110
South Carolina,3 wk ahead,Bin,percent,5.6,5.7, 0.00003910396827480722516980072
South Carolina,3 wk ahead,Bin,percent,5.7,5.8, 0.00008604537208081744427586035
South Carolina,3 wk ahead,Bin,percent,5.8,5.9, 0.00017958870707328528689566971
South Carolina,3 wk ahead,Bin,percent,5.9,6, 0.00035512220951893663008908097
South Carolina,3 wk ahead,Bin,percent,6,6.1, 0.00066582494918173264295685465
South Carolina,3 wk ahead,Bin,percent,6.1,6.2, 0.00118360162593765657831901272
South Carolina,3 wk ahead,Bin,percent,6.2,6.3, 0.00199405681336172748915891439
South Carolina,3 wk ahead,Bin,percent,6.3,6.4, 0.00318535798529072985280086172
South Carolina,3 wk ahead,Bin,percent,6.4,6.5, 0.00482363369915487279898647088
South Carolina,3 wk ahead,Bin,percent,6.5,6.6, 0.00692382485041605558184762970
South Carolina,3 wk ahead,Bin,percent,6.6,6.7, 0.00942221626282903693128112366
South Carolina,3 wk ahead,Bin,percent,6.7,6.8, 0.01215470446846889270020586338
South Carolina,3 wk ahead,Bin,percent,6.8,6.9, 0.01486442493355222271844695570
South Carolina,3 wk ahead,Bin,percent,6.9,7, 0.01723232792722916364991370131
South Carolina,3 wk ahead,Bin,percent,7,7.1, 0.01893847611429109664693548609
South Carolina,3 wk ahead,Bin,percent,7.1,7.2, 0.01973104427019458512182481513
South Carolina,3 wk ahead,Bin,percent,7.2,7.3, 0.01948669471795758112442342735
South Carolina,3 wk ahead,Bin,percent,7.3,7.4, 0.01824547027662231160616279624
South Carolina,3 wk ahead,Bin,percent,7.4,7.5, 0.01619413832188454707705638214
South Carolina,3 wk ahead,Bin,percent,7.5,7.6, 0.01362565181232082943407757369
South Carolina,3 wk ahead,Bin,percent,7.6,7.7, 0.01086839813473981786184907605
South Carolina,3 wk ahead,Bin,percent,7.7,7.8, 0.00821805365161702369714014083
South Carolina,3 wk ahead,Bin,percent,7.8,7.9, 0.00589097577252963456456713587
South Carolina,3 wk ahead,Bin,percent,7.9,8, 0.00400280579668379869751060340
South Carolina,3 wk ahead,Bin,percent,8,8.1, 0.00257863531926172612554482022
South Carolina,3 wk ahead,Bin,percent,8.1,8.2, 0.00157473240434810005279608891
South Carolina,3 wk ahead,Bin,percent,8.2,8.3, 0.00091148043330770102052329484
South Carolina,3 wk ahead,Bin,percent,8.3,8.4, 0.00050030960331517136414208879
South Carolina,3 wk ahead,Bin,percent,8.4,8.5, 0.00026677542742476113195662646
South Carolina,3 wk ahead,Bin,percent,8.5,8.6, 0.00022288763550169617068570649
South Carolina,3 wk ahead,Bin,percent,8.6,8.7, 0.00022288763550169617068570649
South Carolina,3 wk ahead,Bin,percent,8.7,8.8, 0.00022288763550169617068570649
South Carolina,3 wk ahead,Bin,percent,8.8,8.9, 0.00022288763550169617068570649
South Carolina,3 wk ahead,Bin,percent,8.9,9, 0.00022288763550169617068570649
South Carolina,3 wk ahead,Bin,percent,9,9.1, 0.00022288763550169617068570649
South Carolina,3 wk ahead,Bin,percent,9.1,9.2, 0.00022288763550169617068570649
South Carolina,3 wk ahead,Bin,percent,9.2,9.3, 0.00022288763550169617068570649
South Carolina,3 wk ahead,Bin,percent,9.3,9.4, 0.00022288763550169617068570649
South Carolina,3 wk ahead,Bin,percent,9.4,9.5, 0.00022288763550169617068570649
South Carolina,3 wk ahead,Bin,percent,9.5,9.6, 0.00022288763550169617068570649
South Carolina,3 wk ahead,Bin,percent,9.6,9.7, 0.00022288763550169617068570649
South Carolina,3 wk ahead,Bin,percent,9.7,9.8, 0.00022288763550169617068570649
South Carolina,3 wk ahead,Bin,percent,9.8,9.9, 0.00022288763550169617068570649
South Carolina,3 wk ahead,Bin,percent,9.9,10, 0.00022288763550169617068570649
South Carolina,3 wk ahead,Bin,percent,10,10.1, 0.00022288763550169617068570649
South Carolina,3 wk ahead,Bin,percent,10.1,10.2, 0.00022288763550169617068570649
South Carolina,3 wk ahead,Bin,percent,10.2,10.3, 0.00022288763550169617068570649
South Carolina,3 wk ahead,Bin,percent,10.3,10.4, 0.00022288763550169617068570649
South Carolina,3 wk ahead,Bin,percent,10.4,10.5, 0.00022288763550169617068570649
South Carolina,3 wk ahead,Bin,percent,10.5,10.6, 0.00022288763550169617068570649
South Carolina,3 wk ahead,Bin,percent,10.6,10.7, 0.00022288763550169617068570649
South Carolina,3 wk ahead,Bin,percent,10.7,10.8, 0.00022288763550169617068570649
South Carolina,3 wk ahead,Bin,percent,10.8,10.9, 0.00022288763550169617068570649
South Carolina,3 wk ahead,Bin,percent,10.9,11, 0.00022288763550169617068570649
South Carolina,3 wk ahead,Bin,percent,11,11.1, 0.00022288763550169617068570649
South Carolina,3 wk ahead,Bin,percent,11.1,11.2, 0.00022288763550169617068570649
South Carolina,3 wk ahead,Bin,percent,11.2,11.3, 0.00022288763550169617068570649
South Carolina,3 wk ahead,Bin,percent,11.3,11.4, 0.00022288763550169617068570649
South Carolina,3 wk ahead,Bin,percent,11.4,11.5, 0.00022288763550169617068570649
South Carolina,3 wk ahead,Bin,percent,11.5,11.6, 0.00022288763550169617068570649
South Carolina,3 wk ahead,Bin,percent,11.6,11.7, 0.00022288763550169617068570649
South Carolina,3 wk ahead,Bin,percent,11.7,11.8, 0.00022288763550169617068570649
South Carolina,3 wk ahead,Bin,percent,11.8,11.9, 0.00022288763550169617068570649
South Carolina,3 wk ahead,Bin,percent,11.9,12, 0.00022288763550169617068570649
South Carolina,3 wk ahead,Bin,percent,12,12.1, 0.00022288763550169617068570649
South Carolina,3 wk ahead,Bin,percent,12.1,12.2, 0.00022288763550169617068570649
South Carolina,3 wk ahead,Bin,percent,12.2,12.3, 0.00022288763550169617068570649
South Carolina,3 wk ahead,Bin,percent,12.3,12.4, 0.00022288763550169617068570649
South Carolina,3 wk ahead,Bin,percent,12.4,12.5, 0.00022288763550169617068570649
South Carolina,3 wk ahead,Bin,percent,12.5,12.6, 0.00022288763550169617068570649
South Carolina,3 wk ahead,Bin,percent,12.6,12.7, 0.00022288763550169617068570649
South Carolina,3 wk ahead,Bin,percent,12.7,12.8, 0.00022288763550169617068570649
South Carolina,3 wk ahead,Bin,percent,12.8,12.9, 0.00022288763550169617068570649
South Carolina,3 wk ahead,Bin,percent,12.9,13, 0.00022288763550169617068570649
South Carolina,3 wk ahead,Bin,percent,13,100, 0.00022288763550169617068570649
South Carolina,4 wk ahead,Bin,percent,0,0.1, 0.00167902803421702499081513693
South Carolina,4 wk ahead,Bin,percent,0.1,0.2, 0.00594643332735658464854866523
South Carolina,4 wk ahead,Bin,percent,0.2,0.3, 0.01137563795960353993375058224
South Carolina,4 wk ahead,Bin,percent,0.3,0.4, 0.01965961104307277496072714484
South Carolina,4 wk ahead,Bin,percent,0.4,0.5, 0.03081454913801120673588762600
South Carolina,4 wk ahead,Bin,percent,0.5,0.6, 0.04396117964487970125597726678
South Carolina,4 wk ahead,Bin,percent,0.6,0.7, 0.05723446702991091816770108380
South Carolina,4 wk ahead,Bin,percent,0.7,0.8, 0.06806890158308649685370284033
South Carolina,4 wk ahead,Bin,percent,0.8,0.9, 0.07390676369002918688622116861
South Carolina,4 wk ahead,Bin,percent,0.9,1, 0.07310306275135129705500247610
South Carolina,4 wk ahead,Bin,percent,1,1.1, 0.06568779965965952649664671981
South Carolina,4 wk ahead,Bin,percent,1.1,1.2, 0.05353146902317922756209256363
South Carolina,4 wk ahead,Bin,percent,1.2,1.3, 0.03970333968921822137554400456
South Carolina,4 wk ahead,Bin,percent,1.3,1.4, 0.02736455102154122104307631957
South Carolina,4 wk ahead,Bin,percent,1.4,1.5, 0.01876830161801052235248654654
South Carolina,4 wk ahead,Bin,percent,1.5,1.6, 0.01477243486695147337006694954
South Carolina,4 wk ahead,Bin,percent,1.6,1.7, 0.01489719996516700346866901583
South Carolina,4 wk ahead,Bin,percent,1.7,1.8, 0.01768976524859974114312066718
South Carolina,4 wk ahead,Bin,percent,1.8,1.9, 0.02118501907353537508371665865
South Carolina,4 wk ahead,Bin,percent,1.9,2, 0.02348400555134488865149933190
South Carolina,4 wk ahead,Bin,percent,2,2.1, 0.02336594336499129773154770362
South Carolina,4 wk ahead,Bin,percent,2.1,2.2, 0.02066720891820237118730041459
South Carolina,4 wk ahead,Bin,percent,2.2,2.3, 0.01620432722548562770592539550
South Carolina,4 wk ahead,Bin,percent,2.3,2.4, 0.01125348978375127068085603810
South Carolina,4 wk ahead,Bin,percent,2.4,2.5, 0.00692031352358478488856485811
South Carolina,4 wk ahead,Bin,percent,2.5,2.6, 0.00376766889624181866569330168
South Carolina,4 wk ahead,Bin,percent,2.6,2.7, 0.00181651348360419083276251495
South Carolina,4 wk ahead,Bin,percent,2.7,2.8, 0.00077543156667286643711489713
South Carolina,4 wk ahead,Bin,percent,2.8,2.9, 0.00029292965899136450208875559
South Carolina,4 wk ahead,Bin,percent,2.9,3, 0.00009804181870109212790752318
South Carolina,4 wk ahead,Bin,percent,3,3.1, 0.00002905112327923210888309946
South Carolina,4 wk ahead,Bin,percent,3.1,3.2, 0.00000761299533407858518800756
South Carolina,4 wk ahead,Bin,percent,3.2,3.3, 0.00000176773757917964539610161
South Carolina,4 wk ahead,Bin,percent,3.3,3.4, 0.00000036356798766347997717204
South Carolina,4 wk ahead,Bin,percent,3.4,3.5, 0.00000006619051880925223258127
South Carolina,4 wk ahead,Bin,percent,3.5,3.6, 0.00000001065666204454253665207
South Carolina,4 wk ahead,Bin,percent,3.6,3.7, 0.00000000151619616494182311979
South Carolina,4 wk ahead,Bin,percent,3.7,3.8, 0.00000000019189542141537649053
South Carolina,4 wk ahead,Bin,percent,3.8,3.9, 0.00000000002149115904972793850
South Carolina,4 wk ahead,Bin,percent,3.9,4, 0.00000000000214236525847634872
South Carolina,4 wk ahead,Bin,percent,4,4.1, 0.00000000000046533370383526765
South Carolina,4 wk ahead,Bin,percent,4.1,4.2, 0.00000000000318221219948615896
South Carolina,4 wk ahead,Bin,percent,4.2,4.3, 0.00000000003176400349328537063
South Carolina,4 wk ahead,Bin,percent,4.3,4.4, 0.00000000028152458788943450250
South Carolina,4 wk ahead,Bin,percent,4.4,4.5, 0.00000000220380868938325932473
South Carolina,4 wk ahead,Bin,percent,4.5,4.6, 0.00000001529705493085406239671
South Carolina,4 wk ahead,Bin,percent,4.6,4.7, 0.00000009426539981250267855343
South Carolina,4 wk ahead,Bin,percent,4.7,4.8, 0.00000051273631084700571559405
South Carolina,4 wk ahead,Bin,percent,4.8,4.9, 0.00000246754467436551180916098
South Carolina,4 wk ahead,Bin,percent,4.9,5, 0.00001053301172612013147152771
South Carolina,4 wk ahead,Bin,percent,5,5.1, 0.00003980323546942454916068924
South Carolina,4 wk ahead,Bin,percent,5.1,5.2, 0.00013308210226984075962540499
South Carolina,4 wk ahead,Bin,percent,5.2,5.3, 0.00039402935522311584651267147
South Carolina,4 wk ahead,Bin,percent,5.3,5.4, 0.00103290474999367097065638976
South Carolina,4 wk ahead,Bin,percent,5.4,5.5, 0.00239789428063343383265570985
South Carolina,4 wk ahead,Bin,percent,5.5,5.6, 0.00492821452002988654589321627
South Carolina,4 wk ahead,Bin,percent,5.6,5.7, 0.00896838771992943331601289003
South Carolina,4 wk ahead,Bin,percent,5.7,5.8, 0.01445203837043237439508036601
South Carolina,4 wk ahead,Bin,percent,5.8,5.9, 0.02061960006092184577441983606
South Carolina,4 wk ahead,Bin,percent,5.9,6, 0.02605101613923594544575124132
South Carolina,4 wk ahead,Bin,percent,6,6.1, 0.02914183222202566120317968057
South Carolina,4 wk ahead,Bin,percent,6.1,6.2, 0.02886507247307780466005766584
South Carolina,4 wk ahead,Bin,percent,6.2,6.3, 0.02531795687844540579392038637
South Carolina,4 wk ahead,Bin,percent,6.3,6.4, 0.01966239388307744473394222950
South Carolina,4 wk ahead,Bin,percent,6.4,6.5, 0.01352081873474296654091819647
South Carolina,4 wk ahead,Bin,percent,6.5,6.6, 0.00823286448806214571360939658
South Carolina,4 wk ahead,Bin,percent,6.6,6.7, 0.00443880495135661953809425029
South Carolina,4 wk ahead,Bin,percent,6.7,6.8, 0.00211849834420076805693855526
South Carolina,4 wk ahead,Bin,percent,6.8,6.9, 0.00089550537031415130412304038
South Carolina,4 wk ahead,Bin,percent,6.9,7, 0.00037792964746956786209128309
South Carolina,4 wk ahead,Bin,percent,7,7.1, 0.00033382729401866398973725003
South Carolina,4 wk ahead,Bin,percent,7.1,7.2, 0.00033382729401866398973725003
South Carolina,4 wk ahead,Bin,percent,7.2,7.3, 0.00033382729401866398973725003
South Carolina,4 wk ahead,Bin,percent,7.3,7.4, 0.00033382729401866398973725003
South Carolina,4 wk ahead,Bin,percent,7.4,7.5, 0.00033382729401866398973725003
South Carolina,4 wk ahead,Bin,percent,7.5,7.6, 0.00033382729401866398973725003
South Carolina,4 wk ahead,Bin,percent,7.6,7.7, 0.00033382729401866398973725003
South Carolina,4 wk ahead,Bin,percent,7.7,7.8, 0.00033382729401866398973725003
South Carolina,4 wk ahead,Bin,percent,7.8,7.9, 0.00033382729401866398973725003
South Carolina,4 wk ahead,Bin,percent,7.9,8, 0.00033382729401866398973725003
South Carolina,4 wk ahead,Bin,percent,8,8.1, 0.00033382729401866691708311574
South Carolina,4 wk ahead,Bin,percent,8.1,8.2, 0.00033382729401866984442898145
South Carolina,4 wk ahead,Bin,percent,8.2,8.3, 0.00033382729401866984442898145
South Carolina,4 wk ahead,Bin,percent,8.3,8.4, 0.00033382729401866984442898145
South Carolina,4 wk ahead,Bin,percent,8.4,8.5, 0.00033382729401866984442898145
South Carolina,4 wk ahead,Bin,percent,8.5,8.6, 0.00033382729401866984442898145
South Carolina,4 wk ahead,Bin,percent,8.6,8.7, 0.00033382729401866984442898145
South Carolina,4 wk ahead,Bin,percent,8.7,8.8, 0.00033382729401866984442898145
South Carolina,4 wk ahead,Bin,percent,8.8,8.9, 0.00033382729401866984442898145
South Carolina,4 wk ahead,Bin,percent,8.9,9, 0.00033382729401866984442898145
South Carolina,4 wk ahead,Bin,percent,9,9.1, 0.00033382729401866984442898145
South Carolina,4 wk ahead,Bin,percent,9.1,9.2, 0.00033382729401866984442898145
South Carolina,4 wk ahead,Bin,percent,9.2,9.3, 0.00033382729401866984442898145
South Carolina,4 wk ahead,Bin,percent,9.3,9.4, 0.00033382729401866984442898145
South Carolina,4 wk ahead,Bin,percent,9.4,9.5, 0.00033382729401866984442898145
South Carolina,4 wk ahead,Bin,percent,9.5,9.6, 0.00033382729401866984442898145
South Carolina,4 wk ahead,Bin,percent,9.6,9.7, 0.00033382729401866984442898145
South Carolina,4 wk ahead,Bin,percent,9.7,9.8, 0.00033382729401866984442898145
South Carolina,4 wk ahead,Bin,percent,9.8,9.9, 0.00033382729401866984442898145
South Carolina,4 wk ahead,Bin,percent,9.9,10, 0.00033382729401866984442898145
South Carolina,4 wk ahead,Bin,percent,10,10.1, 0.00033382729401866984442898145
South Carolina,4 wk ahead,Bin,percent,10.1,10.2, 0.00033382729401866984442898145
South Carolina,4 wk ahead,Bin,percent,10.2,10.3, 0.00033382729401866984442898145
South Carolina,4 wk ahead,Bin,percent,10.3,10.4, 0.00033382729401866984442898145
South Carolina,4 wk ahead,Bin,percent,10.4,10.5, 0.00033382729401866984442898145
South Carolina,4 wk ahead,Bin,percent,10.5,10.6, 0.00033382729401866984442898145
South Carolina,4 wk ahead,Bin,percent,10.6,10.7, 0.00033382729401866984442898145
South Carolina,4 wk ahead,Bin,percent,10.7,10.8, 0.00033382729401866984442898145
South Carolina,4 wk ahead,Bin,percent,10.8,10.9, 0.00033382729401866984442898145
South Carolina,4 wk ahead,Bin,percent,10.9,11, 0.00033382729401866984442898145
South Carolina,4 wk ahead,Bin,percent,11,11.1, 0.00033382729401866984442898145
South Carolina,4 wk ahead,Bin,percent,11.1,11.2, 0.00033382729401866984442898145
South Carolina,4 wk ahead,Bin,percent,11.2,11.3, 0.00033382729401866984442898145
South Carolina,4 wk ahead,Bin,percent,11.3,11.4, 0.00033382729401866984442898145
South Carolina,4 wk ahead,Bin,percent,11.4,11.5, 0.00033382729401866984442898145
South Carolina,4 wk ahead,Bin,percent,11.5,11.6, 0.00033382729401866984442898145
South Carolina,4 wk ahead,Bin,percent,11.6,11.7, 0.00033382729401866984442898145
South Carolina,4 wk ahead,Bin,percent,11.7,11.8, 0.00033382729401866984442898145
South Carolina,4 wk ahead,Bin,percent,11.8,11.9, 0.00033382729401866984442898145
South Carolina,4 wk ahead,Bin,percent,11.9,12, 0.00033382729401866984442898145
South Carolina,4 wk ahead,Bin,percent,12,12.1, 0.00033382729401866984442898145
South Carolina,4 wk ahead,Bin,percent,12.1,12.2, 0.00033382729401866984442898145
South Carolina,4 wk ahead,Bin,percent,12.2,12.3, 0.00033382729401866984442898145
South Carolina,4 wk ahead,Bin,percent,12.3,12.4, 0.00033382729401866984442898145
South Carolina,4 wk ahead,Bin,percent,12.4,12.5, 0.00033382729401866984442898145
South Carolina,4 wk ahead,Bin,percent,12.5,12.6, 0.00033382729401866984442898145
South Carolina,4 wk ahead,Bin,percent,12.6,12.7, 0.00033382729401866984442898145
South Carolina,4 wk ahead,Bin,percent,12.7,12.8, 0.00033382729401866984442898145
South Carolina,4 wk ahead,Bin,percent,12.8,12.9, 0.00033382729401866984442898145
South Carolina,4 wk ahead,Bin,percent,12.9,13, 0.00033382729401866984442898145
South Carolina,4 wk ahead,Bin,percent,13,100, 0.00033382729401866984442898145
Rhode Island,Season peak week,Bin,week,40,41, 0.00025902960805350037573613342
Rhode Island,Season peak week,Bin,week,41,42, 0.00025902960805350037573613342
Rhode Island,Season peak week,Bin,week,42,43, 0.00025902960805350037573613342
Rhode Island,Season peak week,Bin,week,43,44, 0.00031121133047083026539406103
Rhode Island,Season peak week,Bin,week,44,45, 0.00074047698887244280986641431
Rhode Island,Season peak week,Bin,week,45,46, 0.00170257171863244386247893125
Rhode Island,Season peak week,Bin,week,46,47, 0.00354613961940024010124905551
Rhode Island,Season peak week,Bin,week,47,48, 0.00671227140046249705351844028
Rhode Island,Season peak week,Bin,week,48,49, 0.01159282706907203801260930476
Rhode Island,Season peak week,Bin,week,49,50, 0.01835737562449487117466340180
Rhode Island,Season peak week,Bin,week,50,51, 0.02679475316397226386522234520
Rhode Island,Season peak week,Bin,week,51,52, 0.03624896046993295040117288863
Rhode Island,Season peak week,Bin,week,52,53, 0.04568553163903688041358464034
Rhode Island,Season peak week,Bin,week,1,2, 0.05387932016975690435733881145
Rhode Island,Season peak week,Bin,week,2,3, 0.05968645944776431594425147864
Rhode Island,Season peak week,Bin,week,3,4, 0.06234430208726483846337629302
Rhode Island,Season peak week,Bin,week,4,5, 0.06169915856206881210610504240
Rhode Island,Season peak week,Bin,week,5,6, 0.05824072613545627080666733377
Rhode Island,Season peak week,Bin,week,6,7, 0.05290804018147698961627156677
Rhode Island,Season peak week,Bin,week,7,8, 0.04679686426447568492470452384
Rhode Island,Season peak week,Bin,week,8,9, 0.04097111967001174775981908738
Rhode Island,Season peak week,Bin,week,9,10, 0.03643492863096809558642874549
Rhode Island,Season peak week,Bin,week,10,11, 0.03409759571092783186907482218
Rhode Island,Season peak week,Bin,week,11,12, 0.03451940671666309246035098113
Rhode Island,Season peak week,Bin,week,12,13, 0.03747923897048845154333918117
Rhode Island,Season peak week,Bin,week,13,14, 0.04170589659637687768301006486
Rhode Island,Season peak week,Bin,week,14,15, 0.04514514643809057481416147084
Rhode Island,Season peak week,Bin,week,15,16, 0.04577759321346736021141055062
Rhode Island,Season peak week,Bin,week,16,17, 0.04255703973470171402881945255
Rhode Island,Season peak week,Bin,week,17,18, 0.03587542927867058695223789755
Rhode Island,Season peak week,Bin,week,18,19, 0.02727854397907366820752450565
Rhode Island,Season peak week,Bin,week,19,20, 0.01866140768378128297899642973
Rhode Island,Season peak week,Bin,week,20,21, 0.01147257468000689555054361080
Rhode Island,Season peak percentage,Bin,percent,0,0.1, 0.00402976172956734639968301437
Rhode Island,Season peak percentage,Bin,percent,0.1,0.2, 0.00898726493283654066790422377
Rhode Island,Season peak percentage,Bin,percent,0.2,0.3, 0.01024395962952569238968436593
Rhode Island,Season peak percentage,Bin,percent,0.3,0.4, 0.01149558256826764199298729352
Rhode Island,Season peak percentage,Bin,percent,0.4,0.5, 0.01270867717164603921675691822
Rhode Island,Season peak percentage,Bin,percent,0.5,0.6, 0.01385103113502024474446017166
Rhode Island,Season peak percentage,Bin,percent,0.6,0.7, 0.01489335895669917711470198185
Rhode Island,Season peak percentage,Bin,percent,0.7,0.8, 0.01581099425159586402411804329
Rhode Island,Season peak percentage,Bin,percent,0.8,0.9, 0.01658401003186772693087647212
Rhode Island,Season peak percentage,Bin,percent,0.9,1, 0.01719792047866181353144021671
Rhode Island,Season peak percentage,Bin,percent,1,1.1, 0.01764301188209765197667522330
Rhode Island,Season peak percentage,Bin,percent,1.1,1.2, 0.01791305660794687698578186996
Rhode Island,Season peak percentage,Bin,percent,1.2,1.3, 0.01800528823519299131961091121
Rhode Island,Season peak percentage,Bin,percent,1.3,1.4, 0.01791928095169662352170725228
Rhode Island,Season peak percentage,Bin,percent,1.4,1.5, 0.01765682301987827815259457509
Rhode Island,Season peak percentage,Bin,percent,1.5,1.6, 0.01722286043361234003645776625
Rhode Island,Season peak percentage,Bin,percent,1.6,1.7, 0.01662554131178072339136697622
Rhode Island,Season peak percentage,Bin,percent,1.7,1.8, 0.01587780873522160254851520733
Rhode Island,Season peak percentage,Bin,percent,1.8,1.9, 0.01499866695834643770535166141
Rhode Island,Season peak percentage,Bin,percent,1.9,2, 0.01401342376953913955450747864
Rhode Island,Season peak percentage,Bin,percent,2,2.1, 0.01295463615888147249077810841
Rhode Island,Season peak percentage,Bin,percent,2.1,2.2, 0.01186122453685206808160490510
Rhode Island,Season peak percentage,Bin,percent,2.2,2.3, 0.01077769866431358032621279364
Rhode Island,Season peak percentage,Bin,percent,2.3,2.4, 0.00975222240226054741529804204
Rhode Island,Season peak percentage,Bin,percent,2.4,2.5, 0.00883465301773687754216535239
Rhode Island,Season peak percentage,Bin,percent,2.5,2.6, 0.00807380290743456817403878034
Rhode Island,Season peak percentage,Bin,percent,2.6,2.7, 0.00751504483778932686616203185
Rhode Island,Season peak percentage,Bin,percent,2.7,2.8, 0.00719887679346207457614648106
Rhode Island,Season peak percentage,Bin,percent,2.8,2.9, 0.00715674877295510367125608298
Rhode Island,Season peak percentage,Bin,percent,2.9,3, 0.00741175336952068757739864324
Rhode Island,Season peak percentage,Bin,percent,3,3.1, 0.00797580655416068630414461182
Rhode Island,Season peak percentage,Bin,percent,3.1,3.2, 0.00884856857344195474324166639
Rhode Island,Season peak percentage,Bin,percent,3.2,3.3, 0.01001864584905126122349461326
Rhode Island,Season peak percentage,Bin,percent,3.3,3.4, 0.01146053220959770274633982012
Rhode Island,Season peak percentage,Bin,percent,3.4,3.5, 0.01313748123820600993694185377
Rhode Island,Season peak percentage,Bin,percent,3.5,3.6, 0.01500140485365998414823973661
Rhode Island,Season peak percentage,Bin,percent,3.6,3.7, 0.01699402411137870480550837726
Rhode Island,Season peak percentage,Bin,percent,3.7,3.8, 0.01904957655111150574556155846
Rhode Island,Season peak percentage,Bin,percent,3.8,3.9, 0.02109672929588389880817267397
Rhode Island,Season peak percentage,Bin,percent,3.9,4, 0.02306209478285043898426742714
Rhode Island,Season peak percentage,Bin,percent,4,4.1, 0.02487288723687520672345208084
Rhode Island,Season peak percentage,Bin,percent,4.1,4.2, 0.02646099445415309170392959004
Rhode Island,Season peak percentage,Bin,percent,4.2,4.3, 0.02776508173998809558824518717
Rhode Island,Season peak percentage,Bin,percent,4.3,4.4, 0.02873443970030313196484250682
Rhode Island,Season peak percentage,Bin,percent,4.4,4.5, 0.02933117472180058263320212575
Rhode Island,Season peak percentage,Bin,percent,4.5,4.6, 0.02953083730323138519913150901
Rhode Island,Season peak percentage,Bin,percent,4.6,4.7, 0.02932524840400076854285416061
Rhode Island,Season peak percentage,Bin,percent,4.7,4.8, 0.02872154149727003738523656295
Rhode Island,Season peak percentage,Bin,percent,4.8,4.9, 0.02774167376821356015281772045
Rhode Island,Season peak percentage,Bin,percent,4.9,5, 0.02642228976273731239077235955
Rhode Island,Season peak percentage,Bin,percent,5,5.1, 0.02481108404495112329524175721
Rhode Island,Season peak percentage,Bin,percent,5.1,5.2, 0.02296529147516735910872220927
Rhode Island,Season peak percentage,Bin,percent,5.2,5.3, 0.02094871705752084783958011371
Rhode Island,Season peak percentage,Bin,percent,5.3,5.4, 0.01882740706455453619239115426
Rhode Island,Season peak percentage,Bin,percent,5.4,5.5, 0.01666701451551953067076183856
Rhode Island,Season peak percentage,Bin,percent,5.5,5.6, 0.01452906072587158668729667710
Rhode Island,Season peak percentage,Bin,percent,5.6,5.7, 0.01246846443394020523265375289
Rhode Island,Season peak percentage,Bin,percent,5.7,5.8, 0.01053066922807386306126797848
Rhode Island,Season peak percentage,Bin,percent,5.8,5.9, 0.00875084857227651120858968881
Rhode Island,Season peak percentage,Bin,percent,5.9,6, 0.00715283763022437051731783342
Rhode Island,Season peak percentage,Bin,percent,6,6.1, 0.00574932648423720840669126630
Rhode Island,Season peak percentage,Bin,percent,6.1,6.2, 0.00454350592046203621832134445
Rhode Island,Season peak percentage,Bin,percent,6.2,6.3, 0.00352906043283787327832778935
Rhode Island,Season peak percentage,Bin,percent,6.3,6.4, 0.00269367424475834126712525673
Rhode Island,Season peak percentage,Bin,percent,6.4,6.5, 0.00202010503890068899776610856
Rhode Island,Season peak percentage,Bin,percent,6.5,6.6, 0.00148804122541224903911172284
Rhode Island,Season peak percentage,Bin,percent,6.6,6.7, 0.00107663743062155520431588673
Rhode Island,Season peak percentage,Bin,percent,6.7,6.8, 0.00076489841809050033820394088
Rhode Island,Season peak percentage,Bin,percent,6.8,6.9, 0.00053351819096907721843431327
Rhode Island,Season peak percentage,Bin,percent,6.9,7, 0.00036536226446880746589196409
Rhode Island,Season peak percentage,Bin,percent,7,7.1, 0.00024556433369590178463978680
Rhode Island,Season peak percentage,Bin,percent,7.1,7.2, 0.00016339748871762593287158827
Rhode Island,Season peak percentage,Bin,percent,7.2,7.3, 0.00014253384607806185825976120
Rhode Island,Season peak percentage,Bin,percent,7.3,7.4, 0.00014253384607806185825976120
Rhode Island,Season peak percentage,Bin,percent,7.4,7.5, 0.00014253384607806185825976120
Rhode Island,Season peak percentage,Bin,percent,7.5,7.6, 0.00014253384607806185825976120
Rhode Island,Season peak percentage,Bin,percent,7.6,7.7, 0.00014253384607806185825976120
Rhode Island,Season peak percentage,Bin,percent,7.7,7.8, 0.00014253384607806185825976120
Rhode Island,Season peak percentage,Bin,percent,7.8,7.9, 0.00014253384607806185825976120
Rhode Island,Season peak percentage,Bin,percent,7.9,8, 0.00014253384607806185825976120
Rhode Island,Season peak percentage,Bin,percent,8,8.1, 0.00014253384607806315930236818
Rhode Island,Season peak percentage,Bin,percent,8.1,8.2, 0.00014253384607806440613486654
Rhode Island,Season peak percentage,Bin,percent,8.2,8.3, 0.00014253384607806440613486654
Rhode Island,Season peak percentage,Bin,percent,8.3,8.4, 0.00014253384607806440613486654
Rhode Island,Season peak percentage,Bin,percent,8.4,8.5, 0.00014253384607806440613486654
Rhode Island,Season peak percentage,Bin,percent,8.5,8.6, 0.00014253384607806440613486654
Rhode Island,Season peak percentage,Bin,percent,8.6,8.7, 0.00014253384607806440613486654
Rhode Island,Season peak percentage,Bin,percent,8.7,8.8, 0.00014253384607806440613486654
Rhode Island,Season peak percentage,Bin,percent,8.8,8.9, 0.00014253384607806440613486654
Rhode Island,Season peak percentage,Bin,percent,8.9,9, 0.00014253384607806440613486654
Rhode Island,Season peak percentage,Bin,percent,9,9.1, 0.00014253384607806440613486654
Rhode Island,Season peak percentage,Bin,percent,9.1,9.2, 0.00014253384607806440613486654
Rhode Island,Season peak percentage,Bin,percent,9.2,9.3, 0.00014253384607806440613486654
Rhode Island,Season peak percentage,Bin,percent,9.3,9.4, 0.00014253384607806440613486654
Rhode Island,Season peak percentage,Bin,percent,9.4,9.5, 0.00014253384607806440613486654
Rhode Island,Season peak percentage,Bin,percent,9.5,9.6, 0.00014253384607806440613486654
Rhode Island,Season peak percentage,Bin,percent,9.6,9.7, 0.00014253384607806440613486654
Rhode Island,Season peak percentage,Bin,percent,9.7,9.8, 0.00014253384607806440613486654
Rhode Island,Season peak percentage,Bin,percent,9.8,9.9, 0.00014253384607806440613486654
Rhode Island,Season peak percentage,Bin,percent,9.9,10, 0.00014253384607806440613486654
Rhode Island,Season peak percentage,Bin,percent,10,10.1, 0.00014253384607806440613486654
Rhode Island,Season peak percentage,Bin,percent,10.1,10.2, 0.00014253384607806440613486654
Rhode Island,Season peak percentage,Bin,percent,10.2,10.3, 0.00014253384607806440613486654
Rhode Island,Season peak percentage,Bin,percent,10.3,10.4, 0.00014253384607806440613486654
Rhode Island,Season peak percentage,Bin,percent,10.4,10.5, 0.00014253384607806440613486654
Rhode Island,Season peak percentage,Bin,percent,10.5,10.6, 0.00014253384607806440613486654
Rhode Island,Season peak percentage,Bin,percent,10.6,10.7, 0.00014253384607806440613486654
Rhode Island,Season peak percentage,Bin,percent,10.7,10.8, 0.00014253384607806440613486654
Rhode Island,Season peak percentage,Bin,percent,10.8,10.9, 0.00014253384607806440613486654
Rhode Island,Season peak percentage,Bin,percent,10.9,11, 0.00014253384607806440613486654
Rhode Island,Season peak percentage,Bin,percent,11,11.1, 0.00014253384607806440613486654
Rhode Island,Season peak percentage,Bin,percent,11.1,11.2, 0.00014253384607806440613486654
Rhode Island,Season peak percentage,Bin,percent,11.2,11.3, 0.00014253384607806440613486654
Rhode Island,Season peak percentage,Bin,percent,11.3,11.4, 0.00014253384607806440613486654
Rhode Island,Season peak percentage,Bin,percent,11.4,11.5, 0.00014253384607806440613486654
Rhode Island,Season peak percentage,Bin,percent,11.5,11.6, 0.00014253384607806440613486654
Rhode Island,Season peak percentage,Bin,percent,11.6,11.7, 0.00014253384607806440613486654
Rhode Island,Season peak percentage,Bin,percent,11.7,11.8, 0.00014253384607806440613486654
Rhode Island,Season peak percentage,Bin,percent,11.8,11.9, 0.00014253384607806440613486654
Rhode Island,Season peak percentage,Bin,percent,11.9,12, 0.00014253384607806440613486654
Rhode Island,Season peak percentage,Bin,percent,12,12.1, 0.00014253384607806440613486654
Rhode Island,Season peak percentage,Bin,percent,12.1,12.2, 0.00014253384607806440613486654
Rhode Island,Season peak percentage,Bin,percent,12.2,12.3, 0.00014253384607806440613486654
Rhode Island,Season peak percentage,Bin,percent,12.3,12.4, 0.00014253384607806440613486654
Rhode Island,Season peak percentage,Bin,percent,12.4,12.5, 0.00014253384607806440613486654
Rhode Island,Season peak percentage,Bin,percent,12.5,12.6, 0.00014253384607806440613486654
Rhode Island,Season peak percentage,Bin,percent,12.6,12.7, 0.00014253384607806440613486654
Rhode Island,Season peak percentage,Bin,percent,12.7,12.8, 0.00014253384607806440613486654
Rhode Island,Season peak percentage,Bin,percent,12.8,12.9, 0.00014253384607806440613486654
Rhode Island,Season peak percentage,Bin,percent,12.9,13, 0.00014253384607806440613486654
Rhode Island,Season peak percentage,Bin,percent,13,100, 0.00014253384607806440613486654
Rhode Island,1 wk ahead,Bin,percent,0,0.1, 0.01281338514549764523442476616
Rhode Island,1 wk ahead,Bin,percent,0.1,0.2, 0.02718857547718257078317449782
Rhode Island,1 wk ahead,Bin,percent,0.2,0.3, 0.02883158058019396480231577584
Rhode Island,1 wk ahead,Bin,percent,0.3,0.4, 0.02988227460519837785923868978
Rhode Island,1 wk ahead,Bin,percent,0.4,0.5, 0.03031648194282297176238571979
Rhode Island,1 wk ahead,Bin,percent,0.5,0.6, 0.03016862841755124646780927833
Rhode Island,1 wk ahead,Bin,percent,0.6,0.7, 0.02952911272354435262554872565
Rhode Island,1 wk ahead,Bin,percent,0.7,0.8, 0.02853183542140319897684186401
Rhode Island,1 wk ahead,Bin,percent,0.8,0.9, 0.02733726628610132561303380783
Rhode Island,1 wk ahead,Bin,percent,0.9,1, 0.02611138695622194222378809059
Rhode Island,1 wk ahead,Bin,percent,1,1.1, 0.02500577144759293796161259138
Rhode Island,1 wk ahead,Bin,percent,1.1,1.2, 0.02414136160287891352815847767
Rhode Island,1 wk ahead,Bin,percent,1.2,1.3, 0.02359936302494449258948527870
Rhode Island,1 wk ahead,Bin,percent,1.3,1.4, 0.02341791373033927717295377136
Rhode Island,1 wk ahead,Bin,percent,1.4,1.5, 0.02359760644802393753094449380
Rhode Island,1 wk ahead,Bin,percent,1.5,1.6, 0.02410905081815795450439487979
Rhode Island,1 wk ahead,Bin,percent,1.6,1.7, 0.02490361208457219852063779797
Rhode Island,1 wk ahead,Bin,percent,1.7,1.8, 0.02592267889249522810901638081
Rhode Island,1 wk ahead,Bin,percent,1.8,1.9, 0.02710285048104428551329903030
Rhode Island,1 wk ahead,Bin,percent,1.9,2, 0.02837800718865729834861078018
Rhode Island,1 wk ahead,Bin,percent,2,2.1, 0.02967744750101353537474757616
Rhode Island,1 wk ahead,Bin,percent,2.1,2.2, 0.03092287028078527857943846868
Rhode Island,1 wk ahead,Bin,percent,2.2,2.3, 0.03202607962234826216585403813
Rhode Island,1 wk ahead,Bin,percent,2.3,2.4, 0.03289046231698926348041567280
Rhode Island,1 wk ahead,Bin,percent,2.4,2.5, 0.03341565866511025245655375215
Rhode Island,1 wk ahead,Bin,percent,2.5,2.6, 0.03350831134175876607761423998
Rhode Island,1 wk ahead,Bin,percent,2.6,2.7, 0.03309237778167950505547878493
Rhode Island,1 wk ahead,Bin,percent,2.7,2.8, 0.03212360810208540057297810222
Rhode Island,1 wk ahead,Bin,percent,2.8,2.9, 0.03059713177032570910474085224
Rhode Island,1 wk ahead,Bin,percent,2.9,3, 0.02855227059816045631635006430
Rhode Island,1 wk ahead,Bin,percent,3,3.1, 0.02607093318183406963073345253
Rhode Island,1 wk ahead,Bin,percent,3.1,3.2, 0.02326868134996759249211173426
Rhode Island,1 wk ahead,Bin,percent,3.2,3.3, 0.02028221775955890010534332646
Rhode Island,1 wk ahead,Bin,percent,3.3,3.4, 0.01725381574720990032756340327
Rhode Island,1 wk ahead,Bin,percent,3.4,3.5, 0.01431659336348293891372218667
Rhode Island,1 wk ahead,Bin,percent,3.5,3.6, 0.01158188999437908400791386043
Rhode Island,1 wk ahead,Bin,percent,3.6,3.7, 0.00913177180617540801277343121
Rhode Island,1 wk ahead,Bin,percent,3.7,3.8, 0.00701499396135466316004603016
Rhode Island,1 wk ahead,Bin,percent,3.8,3.9, 0.00524924472209927807375695608
Rhode Island,1 wk ahead,Bin,percent,3.9,4, 0.00382535136224845459529397829
Rhode Island,1 wk ahead,Bin,percent,4,4.1, 0.00271439117683505747383176931
Rhode Island,1 wk ahead,Bin,percent,4.1,4.2, 0.00187520493091179372112387025
Rhode Island,1 wk ahead,Bin,percent,4.2,4.3, 0.00126099441600180947956055810
Rhode Island,1 wk ahead,Bin,percent,4.3,4.4, 0.00082541325274413301568698920
Rhode Island,1 wk ahead,Bin,percent,4.4,4.5, 0.00052576258154721081713306452
Rhode Island,1 wk ahead,Bin,percent,4.5,4.6, 0.00032594425473769452926073309
Rhode Island,1 wk ahead,Bin,percent,4.6,4.7, 0.00020971182577131920157960387
Rhode Island,1 wk ahead,Bin,percent,4.7,4.8, 0.00019728717926738054567331604
Rhode Island,1 wk ahead,Bin,percent,4.8,4.9, 0.00019728717926738054567331604
Rhode Island,1 wk ahead,Bin,percent,4.9,5, 0.00019728717926738054567331604
Rhode Island,1 wk ahead,Bin,percent,5,5.1, 0.00019728717926738054567331604
Rhode Island,1 wk ahead,Bin,percent,5.1,5.2, 0.00019728717926738054567331604
Rhode Island,1 wk ahead,Bin,percent,5.2,5.3, 0.00019728717926738054567331604
Rhode Island,1 wk ahead,Bin,percent,5.3,5.4, 0.00019728717926738054567331604
Rhode Island,1 wk ahead,Bin,percent,5.4,5.5, 0.00019728717926738054567331604
Rhode Island,1 wk ahead,Bin,percent,5.5,5.6, 0.00019728717926738054567331604
Rhode Island,1 wk ahead,Bin,percent,5.6,5.7, 0.00019728717926738054567331604
Rhode Island,1 wk ahead,Bin,percent,5.7,5.8, 0.00019728717926738054567331604
Rhode Island,1 wk ahead,Bin,percent,5.8,5.9, 0.00019728717926738054567331604
Rhode Island,1 wk ahead,Bin,percent,5.9,6, 0.00019728717926738054567331604
Rhode Island,1 wk ahead,Bin,percent,6,6.1, 0.00019728717926738054567331604
Rhode Island,1 wk ahead,Bin,percent,6.1,6.2, 0.00019728717926738054567331604
Rhode Island,1 wk ahead,Bin,percent,6.2,6.3, 0.00019728717926738054567331604
Rhode Island,1 wk ahead,Bin,percent,6.3,6.4, 0.00019728717926738054567331604
Rhode Island,1 wk ahead,Bin,percent,6.4,6.5, 0.00019728717926738054567331604
Rhode Island,1 wk ahead,Bin,percent,6.5,6.6, 0.00019728717926738054567331604
Rhode Island,1 wk ahead,Bin,percent,6.6,6.7, 0.00019728717926738054567331604
Rhode Island,1 wk ahead,Bin,percent,6.7,6.8, 0.00019728717926738054567331604
Rhode Island,1 wk ahead,Bin,percent,6.8,6.9, 0.00019728717926738054567331604
Rhode Island,1 wk ahead,Bin,percent,6.9,7, 0.00019728717926738054567331604
Rhode Island,1 wk ahead,Bin,percent,7,7.1, 0.00019728717926738054567331604
Rhode Island,1 wk ahead,Bin,percent,7.1,7.2, 0.00019728717926738054567331604
Rhode Island,1 wk ahead,Bin,percent,7.2,7.3, 0.00019728717926738054567331604
Rhode Island,1 wk ahead,Bin,percent,7.3,7.4, 0.00019728717926738054567331604
Rhode Island,1 wk ahead,Bin,percent,7.4,7.5, 0.00019728717926738054567331604
Rhode Island,1 wk ahead,Bin,percent,7.5,7.6, 0.00019728717926738054567331604
Rhode Island,1 wk ahead,Bin,percent,7.6,7.7, 0.00019728717926738054567331604
Rhode Island,1 wk ahead,Bin,percent,7.7,7.8, 0.00019728717926738054567331604
Rhode Island,1 wk ahead,Bin,percent,7.8,7.9, 0.00019728717926738054567331604
Rhode Island,1 wk ahead,Bin,percent,7.9,8, 0.00019728717926738054567331604
Rhode Island,1 wk ahead,Bin,percent,8,8.1, 0.00019728717926738225329173770
Rhode Island,1 wk ahead,Bin,percent,8.1,8.2, 0.00019728717926738401512026799
Rhode Island,1 wk ahead,Bin,percent,8.2,8.3, 0.00019728717926738401512026799
Rhode Island,1 wk ahead,Bin,percent,8.3,8.4, 0.00019728717926738401512026799
Rhode Island,1 wk ahead,Bin,percent,8.4,8.5, 0.00019728717926738401512026799
Rhode Island,1 wk ahead,Bin,percent,8.5,8.6, 0.00019728717926738401512026799
Rhode Island,1 wk ahead,Bin,percent,8.6,8.7, 0.00019728717926738401512026799
Rhode Island,1 wk ahead,Bin,percent,8.7,8.8, 0.00019728717926738401512026799
Rhode Island,1 wk ahead,Bin,percent,8.8,8.9, 0.00019728717926738401512026799
Rhode Island,1 wk ahead,Bin,percent,8.9,9, 0.00019728717926738401512026799
Rhode Island,1 wk ahead,Bin,percent,9,9.1, 0.00019728717926738401512026799
Rhode Island,1 wk ahead,Bin,percent,9.1,9.2, 0.00019728717926738401512026799
Rhode Island,1 wk ahead,Bin,percent,9.2,9.3, 0.00019728717926738401512026799
Rhode Island,1 wk ahead,Bin,percent,9.3,9.4, 0.00019728717926738401512026799
Rhode Island,1 wk ahead,Bin,percent,9.4,9.5, 0.00019728717926738401512026799
Rhode Island,1 wk ahead,Bin,percent,9.5,9.6, 0.00019728717926738401512026799
Rhode Island,1 wk ahead,Bin,percent,9.6,9.7, 0.00019728717926738401512026799
Rhode Island,1 wk ahead,Bin,percent,9.7,9.8, 0.00019728717926738401512026799
Rhode Island,1 wk ahead,Bin,percent,9.8,9.9, 0.00019728717926738401512026799
Rhode Island,1 wk ahead,Bin,percent,9.9,10, 0.00019728717926738401512026799
Rhode Island,1 wk ahead,Bin,percent,10,10.1, 0.00019728717926738401512026799
Rhode Island,1 wk ahead,Bin,percent,10.1,10.2, 0.00019728717926738401512026799
Rhode Island,1 wk ahead,Bin,percent,10.2,10.3, 0.00019728717926738401512026799
Rhode Island,1 wk ahead,Bin,percent,10.3,10.4, 0.00019728717926738401512026799
Rhode Island,1 wk ahead,Bin,percent,10.4,10.5, 0.00019728717926738401512026799
Rhode Island,1 wk ahead,Bin,percent,10.5,10.6, 0.00019728717926738401512026799
Rhode Island,1 wk ahead,Bin,percent,10.6,10.7, 0.00019728717926738401512026799
Rhode Island,1 wk ahead,Bin,percent,10.7,10.8, 0.00019728717926738401512026799
Rhode Island,1 wk ahead,Bin,percent,10.8,10.9, 0.00019728717926738401512026799
Rhode Island,1 wk ahead,Bin,percent,10.9,11, 0.00019728717926738401512026799
Rhode Island,1 wk ahead,Bin,percent,11,11.1, 0.00019728717926738401512026799
Rhode Island,1 wk ahead,Bin,percent,11.1,11.2, 0.00019728717926738401512026799
Rhode Island,1 wk ahead,Bin,percent,11.2,11.3, 0.00019728717926738401512026799
Rhode Island,1 wk ahead,Bin,percent,11.3,11.4, 0.00019728717926738401512026799
Rhode Island,1 wk ahead,Bin,percent,11.4,11.5, 0.00019728717926738401512026799
Rhode Island,1 wk ahead,Bin,percent,11.5,11.6, 0.00019728717926738401512026799
Rhode Island,1 wk ahead,Bin,percent,11.6,11.7, 0.00019728717926738401512026799
Rhode Island,1 wk ahead,Bin,percent,11.7,11.8, 0.00019728717926738401512026799
Rhode Island,1 wk ahead,Bin,percent,11.8,11.9, 0.00019728717926738401512026799
Rhode Island,1 wk ahead,Bin,percent,11.9,12, 0.00019728717926738401512026799
Rhode Island,1 wk ahead,Bin,percent,12,12.1, 0.00019728717926738401512026799
Rhode Island,1 wk ahead,Bin,percent,12.1,12.2, 0.00019728717926738401512026799
Rhode Island,1 wk ahead,Bin,percent,12.2,12.3, 0.00019728717926738401512026799
Rhode Island,1 wk ahead,Bin,percent,12.3,12.4, 0.00019728717926738401512026799
Rhode Island,1 wk ahead,Bin,percent,12.4,12.5, 0.00019728717926738401512026799
Rhode Island,1 wk ahead,Bin,percent,12.5,12.6, 0.00019728717926738401512026799
Rhode Island,1 wk ahead,Bin,percent,12.6,12.7, 0.00019728717926738401512026799
Rhode Island,1 wk ahead,Bin,percent,12.7,12.8, 0.00019728717926738401512026799
Rhode Island,1 wk ahead,Bin,percent,12.8,12.9, 0.00019728717926738401512026799
Rhode Island,1 wk ahead,Bin,percent,12.9,13, 0.00019728717926738401512026799
Rhode Island,1 wk ahead,Bin,percent,13,100, 0.00019728717926738401512026799
Rhode Island,2 wk ahead,Bin,percent,0,0.1, 0.00482725533543698539368227429
Rhode Island,2 wk ahead,Bin,percent,0.1,0.2, 0.02417281330945301315304973855
Rhode Island,2 wk ahead,Bin,percent,0.2,0.3, 0.04800608877832390763984449222
Rhode Island,2 wk ahead,Bin,percent,0.3,0.4, 0.05517582630510014379821015496
Rhode Island,2 wk ahead,Bin,percent,0.4,0.5, 0.03674975276419554376383658223
Rhode Island,2 wk ahead,Bin,percent,0.5,0.6, 0.01463174836845317940137167767
Rhode Island,2 wk ahead,Bin,percent,0.6,0.7, 0.00746695309572619706633966885
Rhode Island,2 wk ahead,Bin,percent,0.7,0.8, 0.02214125014940823352183052464
Rhode Island,2 wk ahead,Bin,percent,0.8,0.9, 0.06317122037206976403744818072
Rhode Island,2 wk ahead,Bin,percent,0.9,1, 0.10612231364604116090610830270
Rhode Island,2 wk ahead,Bin,percent,1,1.1, 0.10333505890202608623607005711
Rhode Island,2 wk ahead,Bin,percent,1.1,1.2, 0.05894194777036144278214990777
Rhode Island,2 wk ahead,Bin,percent,1.2,1.3, 0.02402508155448065257919765259
Rhode Island,2 wk ahead,Bin,percent,1.3,1.4, 0.02307172609679603025867322685
Rhode Island,2 wk ahead,Bin,percent,1.4,1.5, 0.04387231470162272078949783349
Rhode Island,2 wk ahead,Bin,percent,1.5,1.6, 0.05611524037499975720022504788
Rhode Island,2 wk ahead,Bin,percent,1.6,1.7, 0.04187459549333642089274931664
Rhode Island,2 wk ahead,Bin,percent,1.7,1.8, 0.01808383818397174200298671565
Rhode Island,2 wk ahead,Bin,percent,1.8,1.9, 0.00451073061616938126433540290
Rhode Island,2 wk ahead,Bin,percent,1.9,2, 0.00064928723431685792834289206
Rhode Island,2 wk ahead,Bin,percent,2,2.1, 0.00005378960782548174900585466
Rhode Island,2 wk ahead,Bin,percent,2.1,2.2, 0.00000255057997687122206941098
Rhode Island,2 wk ahead,Bin,percent,2.2,2.3, 0.00000006937726556346490646285
Rhode Island,2 wk ahead,Bin,percent,2.3,2.4, 0.00000000108395768254197550078
Rhode Island,2 wk ahead,Bin,percent,2.4,2.5, 0.00000000000962937369741702868
Rhode Island,2 wk ahead,Bin,percent,2.5,2.6, 0.00000000000004793337053083970
Rhode Island,2 wk ahead,Bin,percent,2.6,2.7, 0.00000000000000013383765798323
Rhode Island,2 wk ahead,Bin,percent,2.7,2.8, 0.00000000000000000000000000000
Rhode Island,2 wk ahead,Bin,percent,2.8,2.9, 0.00000000000000000000000000000
Rhode Island,2 wk ahead,Bin,percent,2.9,3, 0.00000000000000000020445382467
Rhode Island,2 wk ahead,Bin,percent,3,3.1, 0.00000000000000000094551256559
Rhode Island,2 wk ahead,Bin,percent,3.1,3.2, 0.00000000000000000231588098926
Rhode Island,2 wk ahead,Bin,percent,3.2,3.3, 0.00000000000000000276435962652
Rhode Island,2 wk ahead,Bin,percent,3.3,3.4, 0.00000000000000000405013176818
Rhode Island,2 wk ahead,Bin,percent,3.4,3.5, 0.00000000000000004823676822149
Rhode Island,2 wk ahead,Bin,percent,3.5,3.6, 0.00000000000001849141524308820
Rhode Island,2 wk ahead,Bin,percent,3.6,3.7, 0.00000000000405668060965188830
Rhode Island,2 wk ahead,Bin,percent,3.7,3.8, 0.00000000050438892993120198491
Rhode Island,2 wk ahead,Bin,percent,3.8,3.9, 0.00000003548081994335142983684
Rhode Island,2 wk ahead,Bin,percent,3.9,4, 0.00000142925571765210144611479
Rhode Island,2 wk ahead,Bin,percent,4,4.1, 0.00003307194188502733152171600
Rhode Island,2 wk ahead,Bin,percent,4.1,4.2, 0.00043941439130694962987219720
Rhode Island,2 wk ahead,Bin,percent,4.2,4.3, 0.00335522597344470622712786501
Rhode Island,2 wk ahead,Bin,percent,4.3,4.4, 0.01477951644570154113300652909
Rhode Island,2 wk ahead,Bin,percent,4.4,4.5, 0.03762918858836918761801015876
Rhode Island,2 wk ahead,Bin,percent,4.5,4.6, 0.05542504970572738332013074114
Rhode Island,2 wk ahead,Bin,percent,4.6,4.7, 0.04727056643237907002097486497
Rhode Island,2 wk ahead,Bin,percent,4.7,4.8, 0.02332997941811937314682268152
Rhode Island,2 wk ahead,Bin,percent,4.8,4.9, 0.00665893707793910674674897621
Rhode Island,2 wk ahead,Bin,percent,4.9,5, 0.00116506989466507045703769219
Rhode Island,2 wk ahead,Bin,percent,5,5.1, 0.00065322297746256852840618379
Rhode Island,2 wk ahead,Bin,percent,5.1,5.2, 0.00065322297746256852840618379
Rhode Island,2 wk ahead,Bin,percent,5.2,5.3, 0.00065322297746256852840618379
Rhode Island,2 wk ahead,Bin,percent,5.3,5.4, 0.00065322297746256852840618379
Rhode Island,2 wk ahead,Bin,percent,5.4,5.5, 0.00065322297746256852840618379
Rhode Island,2 wk ahead,Bin,percent,5.5,5.6, 0.00065322297746256852840618379
Rhode Island,2 wk ahead,Bin,percent,5.6,5.7, 0.00065322297746256852840618379
Rhode Island,2 wk ahead,Bin,percent,5.7,5.8, 0.00065322297746256852840618379
Rhode Island,2 wk ahead,Bin,percent,5.8,5.9, 0.00065322297746256852840618379
Rhode Island,2 wk ahead,Bin,percent,5.9,6, 0.00065322297746256852840618379
Rhode Island,2 wk ahead,Bin,percent,6,6.1, 0.00065322297746256852840618379
Rhode Island,2 wk ahead,Bin,percent,6.1,6.2, 0.00065322297746256852840618379
Rhode Island,2 wk ahead,Bin,percent,6.2,6.3, 0.00065322297746256852840618379
Rhode Island,2 wk ahead,Bin,percent,6.3,6.4, 0.00065322297746256852840618379
Rhode Island,2 wk ahead,Bin,percent,6.4,6.5, 0.00065322297746256852840618379
Rhode Island,2 wk ahead,Bin,percent,6.5,6.6, 0.00065322297746256852840618379
Rhode Island,2 wk ahead,Bin,percent,6.6,6.7, 0.00065322297746256852840618379
Rhode Island,2 wk ahead,Bin,percent,6.7,6.8, 0.00065322297746256852840618379
Rhode Island,2 wk ahead,Bin,percent,6.8,6.9, 0.00065322297746256852840618379
Rhode Island,2 wk ahead,Bin,percent,6.9,7, 0.00065322297746256852840618379
Rhode Island,2 wk ahead,Bin,percent,7,7.1, 0.00065322297746256852840618379
Rhode Island,2 wk ahead,Bin,percent,7.1,7.2, 0.00065322297746256852840618379
Rhode Island,2 wk ahead,Bin,percent,7.2,7.3, 0.00065322297746256852840618379
Rhode Island,2 wk ahead,Bin,percent,7.3,7.4, 0.00065322297746256852840618379
Rhode Island,2 wk ahead,Bin,percent,7.4,7.5, 0.00065322297746256852840618379
Rhode Island,2 wk ahead,Bin,percent,7.5,7.6, 0.00065322297746256852840618379
Rhode Island,2 wk ahead,Bin,percent,7.6,7.7, 0.00065322297746256852840618379
Rhode Island,2 wk ahead,Bin,percent,7.7,7.8, 0.00065322297746256852840618379
Rhode Island,2 wk ahead,Bin,percent,7.8,7.9, 0.00065322297746256852840618379
Rhode Island,2 wk ahead,Bin,percent,7.9,8, 0.00065322297746256852840618379
Rhode Island,2 wk ahead,Bin,percent,8,8.1, 0.00065322297746257427467769796
Rhode Island,2 wk ahead,Bin,percent,8.1,8.2, 0.00065322297746258002094921213
Rhode Island,2 wk ahead,Bin,percent,8.2,8.3, 0.00065322297746258002094921213
Rhode Island,2 wk ahead,Bin,percent,8.3,8.4, 0.00065322297746258002094921213
Rhode Island,2 wk ahead,Bin,percent,8.4,8.5, 0.00065322297746258002094921213
Rhode Island,2 wk ahead,Bin,percent,8.5,8.6, 0.00065322297746258002094921213
Rhode Island,2 wk ahead,Bin,percent,8.6,8.7, 0.00065322297746258002094921213
Rhode Island,2 wk ahead,Bin,percent,8.7,8.8, 0.00065322297746258002094921213
Rhode Island,2 wk ahead,Bin,percent,8.8,8.9, 0.00065322297746258002094921213
Rhode Island,2 wk ahead,Bin,percent,8.9,9, 0.00065322297746258002094921213
Rhode Island,2 wk ahead,Bin,percent,9,9.1, 0.00065322297746258002094921213
Rhode Island,2 wk ahead,Bin,percent,9.1,9.2, 0.00065322297746258002094921213
Rhode Island,2 wk ahead,Bin,percent,9.2,9.3, 0.00065322297746258002094921213
Rhode Island,2 wk ahead,Bin,percent,9.3,9.4, 0.00065322297746258002094921213
Rhode Island,2 wk ahead,Bin,percent,9.4,9.5, 0.00065322297746258002094921213
Rhode Island,2 wk ahead,Bin,percent,9.5,9.6, 0.00065322297746258002094921213
Rhode Island,2 wk ahead,Bin,percent,9.6,9.7, 0.00065322297746258002094921213
Rhode Island,2 wk ahead,Bin,percent,9.7,9.8, 0.00065322297746258002094921213
Rhode Island,2 wk ahead,Bin,percent,9.8,9.9, 0.00065322297746258002094921213
Rhode Island,2 wk ahead,Bin,percent,9.9,10, 0.00065322297746258002094921213
Rhode Island,2 wk ahead,Bin,percent,10,10.1, 0.00065322297746258002094921213
Rhode Island,2 wk ahead,Bin,percent,10.1,10.2, 0.00065322297746258002094921213
Rhode Island,2 wk ahead,Bin,percent,10.2,10.3, 0.00065322297746258002094921213
Rhode Island,2 wk ahead,Bin,percent,10.3,10.4, 0.00065322297746258002094921213
Rhode Island,2 wk ahead,Bin,percent,10.4,10.5, 0.00065322297746258002094921213
Rhode Island,2 wk ahead,Bin,percent,10.5,10.6, 0.00065322297746258002094921213
Rhode Island,2 wk ahead,Bin,percent,10.6,10.7, 0.00065322297746258002094921213
Rhode Island,2 wk ahead,Bin,percent,10.7,10.8, 0.00065322297746258002094921213
Rhode Island,2 wk ahead,Bin,percent,10.8,10.9, 0.00065322297746258002094921213
Rhode Island,2 wk ahead,Bin,percent,10.9,11, 0.00065322297746258002094921213
Rhode Island,2 wk ahead,Bin,percent,11,11.1, 0.00065322297746258002094921213
Rhode Island,2 wk ahead,Bin,percent,11.1,11.2, 0.00065322297746258002094921213
Rhode Island,2 wk ahead,Bin,percent,11.2,11.3, 0.00065322297746258002094921213
Rhode Island,2 wk ahead,Bin,percent,11.3,11.4, 0.00065322297746258002094921213
Rhode Island,2 wk ahead,Bin,percent,11.4,11.5, 0.00065322297746258002094921213
Rhode Island,2 wk ahead,Bin,percent,11.5,11.6, 0.00065322297746258002094921213
Rhode Island,2 wk ahead,Bin,percent,11.6,11.7, 0.00065322297746258002094921213
Rhode Island,2 wk ahead,Bin,percent,11.7,11.8, 0.00065322297746258002094921213
Rhode Island,2 wk ahead,Bin,percent,11.8,11.9, 0.00065322297746258002094921213
Rhode Island,2 wk ahead,Bin,percent,11.9,12, 0.00065322297746258002094921213
Rhode Island,2 wk ahead,Bin,percent,12,12.1, 0.00065322297746258002094921213
Rhode Island,2 wk ahead,Bin,percent,12.1,12.2, 0.00065322297746258002094921213
Rhode Island,2 wk ahead,Bin,percent,12.2,12.3, 0.00065322297746258002094921213
Rhode Island,2 wk ahead,Bin,percent,12.3,12.4, 0.00065322297746258002094921213
Rhode Island,2 wk ahead,Bin,percent,12.4,12.5, 0.00065322297746258002094921213
Rhode Island,2 wk ahead,Bin,percent,12.5,12.6, 0.00065322297746258002094921213
Rhode Island,2 wk ahead,Bin,percent,12.6,12.7, 0.00065322297746258002094921213
Rhode Island,2 wk ahead,Bin,percent,12.7,12.8, 0.00065322297746258002094921213
Rhode Island,2 wk ahead,Bin,percent,12.8,12.9, 0.00065322297746258002094921213
Rhode Island,2 wk ahead,Bin,percent,12.9,13, 0.00065322297746258002094921213
Rhode Island,2 wk ahead,Bin,percent,13,100, 0.00065322297746258002094921213
Rhode Island,3 wk ahead,Bin,percent,0,0.1, 0.00897845968440658288856059954
Rhode Island,3 wk ahead,Bin,percent,0.1,0.2, 0.02234941418833440163194126171
Rhode Island,3 wk ahead,Bin,percent,0.2,0.3, 0.02691476683931040558839242749
Rhode Island,3 wk ahead,Bin,percent,0.3,0.4, 0.02884359075053495938267822396
Rhode Island,3 wk ahead,Bin,percent,0.4,0.5, 0.02787561291114421663239753002
Rhode Island,3 wk ahead,Bin,percent,0.5,0.6, 0.02510496575473056962701789985
Rhode Island,3 wk ahead,Bin,percent,0.6,0.7, 0.02256660250796658356842172566
Rhode Island,3 wk ahead,Bin,percent,0.7,0.8, 0.02228807381148763949729740830
Rhode Island,3 wk ahead,Bin,percent,0.8,0.9, 0.02535946919295442580910560082
Rhode Island,3 wk ahead,Bin,percent,0.9,1, 0.03153384773207489749635712428
Rhode Island,3 wk ahead,Bin,percent,1,1.1, 0.03947593080497975581710790038
Rhode Island,3 wk ahead,Bin,percent,1.1,1.2, 0.04744732612284826428483697214
Rhode Island,3 wk ahead,Bin,percent,1.2,1.3, 0.05398381135544229325606835346
Rhode Island,3 wk ahead,Bin,percent,1.3,1.4, 0.05821235306599238656932726599
Rhode Island,3 wk ahead,Bin,percent,1.4,1.5, 0.05976190566928752528896851004
Rhode Island,3 wk ahead,Bin,percent,1.5,1.6, 0.05849363111994438507723614862
Rhode Island,3 wk ahead,Bin,percent,1.6,1.7, 0.05436875694929985819436879524
Rhode Island,3 wk ahead,Bin,percent,1.7,1.8, 0.04757710192804737170391149448
Rhode Island,3 wk ahead,Bin,percent,1.8,1.9, 0.03876300630853290324351334561
Rhode Island,3 wk ahead,Bin,percent,1.9,2, 0.02906892196166113370714434438
Rhode Island,3 wk ahead,Bin,percent,2,2.1, 0.01986113153094576019852546267
Rhode Island,3 wk ahead,Bin,percent,2.1,2.2, 0.01226001105235605473375848362
Rhode Island,3 wk ahead,Bin,percent,2.2,2.3, 0.00679296067497557002484720456
Rhode Island,3 wk ahead,Bin,percent,2.3,2.4, 0.00336251737635726195840835118
Rhode Island,3 wk ahead,Bin,percent,2.4,2.5, 0.00148148945926793737873361501
Rhode Island,3 wk ahead,Bin,percent,2.5,2.6, 0.00057948730555942796951324203
Rhode Island,3 wk ahead,Bin,percent,2.6,2.7, 0.00020098026668584993421722007
Rhode Island,3 wk ahead,Bin,percent,2.7,2.8, 0.00006179717007161989144985170
Rhode Island,3 wk ahead,Bin,percent,2.8,2.9, 0.00001736687244379637169006646
Rhode Island,3 wk ahead,Bin,percent,2.9,3, 0.00000702367910373892135483288
Rhode Island,3 wk ahead,Bin,percent,3,3.1, 0.00001363887900318819308329542
Rhode Island,3 wk ahead,Bin,percent,3.1,3.2, 0.00004817755507442806126158427
Rhode Island,3 wk ahead,Bin,percent,3.2,3.3, 0.00015919453563857936979897278
Rhode Island,3 wk ahead,Bin,percent,3.3,3.4, 0.00046602310359959128781628945
Rhode Island,3 wk ahead,Bin,percent,3.4,3.5, 0.00120403952405945952053301085
Rhode Island,3 wk ahead,Bin,percent,3.5,3.6, 0.00274636847240250416696261127
Rhode Island,3 wk ahead,Bin,percent,3.6,3.7, 0.00553068634550223613144392942
Rhode Island,3 wk ahead,Bin,percent,3.7,3.8, 0.00983221507612370808348867257
Rhode Island,3 wk ahead,Bin,percent,3.8,3.9, 0.01543178583207487769568544422
Rhode Island,3 wk ahead,Bin,percent,3.9,4, 0.02138302569847693943017041818
Rhode Island,3 wk ahead,Bin,percent,4,4.1, 0.02615772983041181679042530561
Rhode Island,3 wk ahead,Bin,percent,4.1,4.2, 0.02825105375174317284825420415
Rhode Island,3 wk ahead,Bin,percent,4.2,4.3, 0.02693712857515308603528758624
Rhode Island,3 wk ahead,Bin,percent,4.3,4.4, 0.02267548475329901960795275784
Rhode Island,3 wk ahead,Bin,percent,4.4,4.5, 0.01685227527609545195019791208
Rhode Island,3 wk ahead,Bin,percent,4.5,4.6, 0.01105710225566855324508264147
Rhode Island,3 wk ahead,Bin,percent,4.6,4.7, 0.00640497807292490523717320983
Rhode Island,3 wk ahead,Bin,percent,4.7,4.8, 0.00327544235089239754027401474
Rhode Island,3 wk ahead,Bin,percent,4.8,4.9, 0.00147870795593360495473467253
Rhode Island,3 wk ahead,Bin,percent,4.9,5, 0.00058944388588504851959892772
Rhode Island,3 wk ahead,Bin,percent,5,5.1, 0.00032052814686434863596098399
Rhode Island,3 wk ahead,Bin,percent,5.1,5.2, 0.00031990820095531558031609620
Rhode Island,3 wk ahead,Bin,percent,5.2,5.3, 0.00031990820095531558031609620
Rhode Island,3 wk ahead,Bin,percent,5.3,5.4, 0.00031990820095531558031609620
Rhode Island,3 wk ahead,Bin,percent,5.4,5.5, 0.00031990820095531558031609620
Rhode Island,3 wk ahead,Bin,percent,5.5,5.6, 0.00031990820095531558031609620
Rhode Island,3 wk ahead,Bin,percent,5.6,5.7, 0.00031990820095531558031609620
Rhode Island,3 wk ahead,Bin,percent,5.7,5.8, 0.00031990820095531558031609620
Rhode Island,3 wk ahead,Bin,percent,5.8,5.9, 0.00031990820095531558031609620
Rhode Island,3 wk ahead,Bin,percent,5.9,6, 0.00031990820095531558031609620
Rhode Island,3 wk ahead,Bin,percent,6,6.1, 0.00031990820095531558031609620
Rhode Island,3 wk ahead,Bin,percent,6.1,6.2, 0.00031990820095531558031609620
Rhode Island,3 wk ahead,Bin,percent,6.2,6.3, 0.00031990820095531558031609620
Rhode Island,3 wk ahead,Bin,percent,6.3,6.4, 0.00031990820095531558031609620
Rhode Island,3 wk ahead,Bin,percent,6.4,6.5, 0.00031990820095531558031609620
Rhode Island,3 wk ahead,Bin,percent,6.5,6.6, 0.00031990820095531558031609620
Rhode Island,3 wk ahead,Bin,percent,6.6,6.7, 0.00031990820095531558031609620
Rhode Island,3 wk ahead,Bin,percent,6.7,6.8, 0.00031990820095531558031609620
Rhode Island,3 wk ahead,Bin,percent,6.8,6.9, 0.00031990820095531558031609620
Rhode Island,3 wk ahead,Bin,percent,6.9,7, 0.00031990820095531558031609620
Rhode Island,3 wk ahead,Bin,percent,7,7.1, 0.00031990820095531558031609620
Rhode Island,3 wk ahead,Bin,percent,7.1,7.2, 0.00031990820095531558031609620
Rhode Island,3 wk ahead,Bin,percent,7.2,7.3, 0.00031990820095531558031609620
Rhode Island,3 wk ahead,Bin,percent,7.3,7.4, 0.00031990820095531558031609620
Rhode Island,3 wk ahead,Bin,percent,7.4,7.5, 0.00031990820095531558031609620
Rhode Island,3 wk ahead,Bin,percent,7.5,7.6, 0.00031990820095531558031609620
Rhode Island,3 wk ahead,Bin,percent,7.6,7.7, 0.00031990820095531558031609620
Rhode Island,3 wk ahead,Bin,percent,7.7,7.8, 0.00031990820095531558031609620
Rhode Island,3 wk ahead,Bin,percent,7.8,7.9, 0.00031990820095531558031609620
Rhode Island,3 wk ahead,Bin,percent,7.9,8, 0.00031990820095531558031609620
Rhode Island,3 wk ahead,Bin,percent,8,8.1, 0.00031990820095531845345185329
Rhode Island,3 wk ahead,Bin,percent,8.1,8.2, 0.00031990820095532132658761038
Rhode Island,3 wk ahead,Bin,percent,8.2,8.3, 0.00031990820095532132658761038
Rhode Island,3 wk ahead,Bin,percent,8.3,8.4, 0.00031990820095532132658761038
Rhode Island,3 wk ahead,Bin,percent,8.4,8.5, 0.00031990820095532132658761038
Rhode Island,3 wk ahead,Bin,percent,8.5,8.6, 0.00031990820095532132658761038
Rhode Island,3 wk ahead,Bin,percent,8.6,8.7, 0.00031990820095532132658761038
Rhode Island,3 wk ahead,Bin,percent,8.7,8.8, 0.00031990820095532132658761038
Rhode Island,3 wk ahead,Bin,percent,8.8,8.9, 0.00031990820095532132658761038
Rhode Island,3 wk ahead,Bin,percent,8.9,9, 0.00031990820095532132658761038
Rhode Island,3 wk ahead,Bin,percent,9,9.1, 0.00031990820095532132658761038
Rhode Island,3 wk ahead,Bin,percent,9.1,9.2, 0.00031990820095532132658761038
Rhode Island,3 wk ahead,Bin,percent,9.2,9.3, 0.00031990820095532132658761038
Rhode Island,3 wk ahead,Bin,percent,9.3,9.4, 0.00031990820095532132658761038
Rhode Island,3 wk ahead,Bin,percent,9.4,9.5, 0.00031990820095532132658761038
Rhode Island,3 wk ahead,Bin,percent,9.5,9.6, 0.00031990820095532132658761038
Rhode Island,3 wk ahead,Bin,percent,9.6,9.7, 0.00031990820095532132658761038
Rhode Island,3 wk ahead,Bin,percent,9.7,9.8, 0.00031990820095532132658761038
Rhode Island,3 wk ahead,Bin,percent,9.8,9.9, 0.00031990820095532132658761038
Rhode Island,3 wk ahead,Bin,percent,9.9,10, 0.00031990820095532132658761038
Rhode Island,3 wk ahead,Bin,percent,10,10.1, 0.00031990820095532132658761038
Rhode Island,3 wk ahead,Bin,percent,10.1,10.2, 0.00031990820095532132658761038
Rhode Island,3 wk ahead,Bin,percent,10.2,10.3, 0.00031990820095532132658761038
Rhode Island,3 wk ahead,Bin,percent,10.3,10.4, 0.00031990820095532132658761038
Rhode Island,3 wk ahead,Bin,percent,10.4,10.5, 0.00031990820095532132658761038
Rhode Island,3 wk ahead,Bin,percent,10.5,10.6, 0.00031990820095532132658761038
Rhode Island,3 wk ahead,Bin,percent,10.6,10.7, 0.00031990820095532132658761038
Rhode Island,3 wk ahead,Bin,percent,10.7,10.8, 0.00031990820095532132658761038
Rhode Island,3 wk ahead,Bin,percent,10.8,10.9, 0.00031990820095532132658761038
Rhode Island,3 wk ahead,Bin,percent,10.9,11, 0.00031990820095532132658761038
Rhode Island,3 wk ahead,Bin,percent,11,11.1, 0.00031990820095532132658761038
Rhode Island,3 wk ahead,Bin,percent,11.1,11.2, 0.00031990820095532132658761038
Rhode Island,3 wk ahead,Bin,percent,11.2,11.3, 0.00031990820095532132658761038
Rhode Island,3 wk ahead,Bin,percent,11.3,11.4, 0.00031990820095532132658761038
Rhode Island,3 wk ahead,Bin,percent,11.4,11.5, 0.00031990820095532132658761038
Rhode Island,3 wk ahead,Bin,percent,11.5,11.6, 0.00031990820095532132658761038
Rhode Island,3 wk ahead,Bin,percent,11.6,11.7, 0.00031990820095532132658761038
Rhode Island,3 wk ahead,Bin,percent,11.7,11.8, 0.00031990820095532132658761038
Rhode Island,3 wk ahead,Bin,percent,11.8,11.9, 0.00031990820095532132658761038
Rhode Island,3 wk ahead,Bin,percent,11.9,12, 0.00031990820095532132658761038
Rhode Island,3 wk ahead,Bin,percent,12,12.1, 0.00031990820095532132658761038
Rhode Island,3 wk ahead,Bin,percent,12.1,12.2, 0.00031990820095532132658761038
Rhode Island,3 wk ahead,Bin,percent,12.2,12.3, 0.00031990820095532132658761038
Rhode Island,3 wk ahead,Bin,percent,12.3,12.4, 0.00031990820095532132658761038
Rhode Island,3 wk ahead,Bin,percent,12.4,12.5, 0.00031990820095532132658761038
Rhode Island,3 wk ahead,Bin,percent,12.5,12.6, 0.00031990820095532132658761038
Rhode Island,3 wk ahead,Bin,percent,12.6,12.7, 0.00031990820095532132658761038
Rhode Island,3 wk ahead,Bin,percent,12.7,12.8, 0.00031990820095532132658761038
Rhode Island,3 wk ahead,Bin,percent,12.8,12.9, 0.00031990820095532132658761038
Rhode Island,3 wk ahead,Bin,percent,12.9,13, 0.00031990820095532132658761038
Rhode Island,3 wk ahead,Bin,percent,13,100, 0.00031990820095532132658761038
Rhode Island,4 wk ahead,Bin,percent,0,0.1, 0.00934404882295842773021199434
Rhode Island,4 wk ahead,Bin,percent,0.1,0.2, 0.01990824250603671213832868148
Rhode Island,4 wk ahead,Bin,percent,0.2,0.3, 0.02149545968388218500355613116
Rhode Island,4 wk ahead,Bin,percent,0.3,0.4, 0.02301154922087770768324155313
Rhode Island,4 wk ahead,Bin,percent,0.4,0.5, 0.02443010121441436741096531193
Rhode Island,4 wk ahead,Bin,percent,0.5,0.6, 0.02572773439007218498897344716
Rhode Island,4 wk ahead,Bin,percent,0.6,0.7, 0.02688291027817598169424861965
Rhode Island,4 wk ahead,Bin,percent,0.7,0.8, 0.02787952169921011080777617508
Rhode Island,4 wk ahead,Bin,percent,0.8,0.9, 0.02870398330265150343976188196
Rhode Island,4 wk ahead,Bin,percent,0.9,1, 0.02934908958430870740130558261
Rhode Island,4 wk ahead,Bin,percent,1,1.1, 0.02981074420652595272085427780
Rhode Island,4 wk ahead,Bin,percent,1.1,1.2, 0.03009154685192308095742497187
Rhode Island,4 wk ahead,Bin,percent,1.2,1.3, 0.03019627395679305020825822226
Rhode Island,4 wk ahead,Bin,percent,1.3,1.4, 0.03013555392364433010987667672
Rhode Island,4 wk ahead,Bin,percent,1.4,1.5, 0.02992189610164631280442293360
Rhode Island,4 wk ahead,Bin,percent,1.5,1.6, 0.02957166188876233017812644732
Rhode Island,4 wk ahead,Bin,percent,1.6,1.7, 0.02910191191398239785037560523
Rhode Island,4 wk ahead,Bin,percent,1.7,1.8, 0.02853172033376604257992603664
Rhode Island,4 wk ahead,Bin,percent,1.8,1.9, 0.02788004934743761042970078279
Rhode Island,4 wk ahead,Bin,percent,1.9,2, 0.02716563324763210038326199935
Rhode Island,4 wk ahead,Bin,percent,2,2.1, 0.02640626058271733009319426344
Rhode Island,4 wk ahead,Bin,percent,2.1,2.2, 0.02561814874842076664163137423
Rhode Island,4 wk ahead,Bin,percent,2.2,2.3, 0.02481549495470176600053768823
Rhode Island,4 wk ahead,Bin,percent,2.3,2.4, 0.02401017500746296245983657514
Rhode Island,4 wk ahead,Bin,percent,2.4,2.5, 0.02321137083484061530702646792
Rhode Island,4 wk ahead,Bin,percent,2.5,2.6, 0.02242555669483577152067965699
Rhode Island,4 wk ahead,Bin,percent,2.6,2.7, 0.02165628309943692236805290463
Rhode Island,4 wk ahead,Bin,percent,2.7,2.8, 0.02090449991386719372221669744
Rhode Island,4 wk ahead,Bin,percent,2.8,2.9, 0.02016847026843280807351099781
Rhode Island,4 wk ahead,Bin,percent,2.9,3, 0.01944446341565153960062595218
Rhode Island,4 wk ahead,Bin,percent,3,3.1, 0.01872689837509855514952050726
Rhode Island,4 wk ahead,Bin,percent,3.1,3.2, 0.01800911884812086277696252523
Rhode Island,4 wk ahead,Bin,percent,3.2,3.3, 0.01728396192570693171153273227
Rhode Island,4 wk ahead,Bin,percent,3.3,3.4, 0.01654434581924562816523938125
Rhode Island,4 wk ahead,Bin,percent,3.4,3.5, 0.01578416563983042406049683848
Rhode Island,4 wk ahead,Bin,percent,3.5,3.6, 0.01499857255742978283385991034
Rhode Island,4 wk ahead,Bin,percent,3.6,3.7, 0.01418482147420776356971927612
Rhode Island,4 wk ahead,Bin,percent,3.7,3.8, 0.01334230464162771377656380167
Rhode Island,4 wk ahead,Bin,percent,3.8,3.9, 0.01247306241639148036148831977
Rhode Island,4 wk ahead,Bin,percent,3.9,4, 0.01158140942477883274241978739
Rhode Island,4 wk ahead,Bin,percent,4,4.1, 0.01067406259557555740780099285
Rhode Island,4 wk ahead,Bin,percent,4.1,4.2, 0.00975957370196059263711685361
Rhode Island,4 wk ahead,Bin,percent,4.2,4.3, 0.00884789455822170695098449755
Rhode Island,4 wk ahead,Bin,percent,4.3,4.4, 0.00794972729264483563005327937
Rhode Island,4 wk ahead,Bin,percent,4.4,4.5, 0.00707603957719649644120263332
Rhode Island,4 wk ahead,Bin,percent,4.5,4.6, 0.00623711254769785013174487887
Rhode Island,4 wk ahead,Bin,percent,4.6,4.7, 0.00544256869227283286705176835
Rhode Island,4 wk ahead,Bin,percent,4.7,4.8, 0.00470010753925164791872104431
Rhode Island,4 wk ahead,Bin,percent,4.8,4.9, 0.00401612942292050266457348329
Rhode Island,4 wk ahead,Bin,percent,4.9,5, 0.00339452133389889307985010092
Rhode Island,4 wk ahead,Bin,percent,5,5.1, 0.00283779341935076756531231013
Rhode Island,4 wk ahead,Bin,percent,5.1,5.2, 0.00234576519836599169110957774
Rhode Island,4 wk ahead,Bin,percent,5.2,5.3, 0.00191729665242712098323363268
Rhode Island,4 wk ahead,Bin,percent,5.3,5.4, 0.00154912427055437147173366785
Rhode Island,4 wk ahead,Bin,percent,5.4,5.5, 0.00123734008854691889672805516
Rhode Island,4 wk ahead,Bin,percent,5.5,5.6, 0.00097672189010859018949706201
Rhode Island,4 wk ahead,Bin,percent,5.6,5.7, 0.00076207948682459336620098611
Rhode Island,4 wk ahead,Bin,percent,5.7,5.8, 0.00058758067273678607315978706
Rhode Island,4 wk ahead,Bin,percent,5.8,5.9, 0.00044771120378662906122771425
Rhode Island,4 wk ahead,Bin,percent,5.9,6, 0.00033706288945447080264775086
Rhode Island,4 wk ahead,Bin,percent,6,6.1, 0.00025076415206627715925521982
Rhode Island,4 wk ahead,Bin,percent,6.1,6.2, 0.00018432292124479285463575784
Rhode Island,4 wk ahead,Bin,percent,6.2,6.3, 0.00013386252264613210209709404
Rhode Island,4 wk ahead,Bin,percent,6.3,6.4, 0.00011187060329316356546442562
Rhode Island,4 wk ahead,Bin,percent,6.4,6.5, 0.00011184999476784544130986837
Rhode Island,4 wk ahead,Bin,percent,6.5,6.6, 0.00011184999476784544130986837
Rhode Island,4 wk ahead,Bin,percent,6.6,6.7, 0.00011184999476784544130986837
Rhode Island,4 wk ahead,Bin,percent,6.7,6.8, 0.00011184999476784544130986837
Rhode Island,4 wk ahead,Bin,percent,6.8,6.9, 0.00011184999476784544130986837
Rhode Island,4 wk ahead,Bin,percent,6.9,7, 0.00011184999476784544130986837
Rhode Island,4 wk ahead,Bin,percent,7,7.1, 0.00011184999476784544130986837
Rhode Island,4 wk ahead,Bin,percent,7.1,7.2, 0.00011184999476784544130986837
Rhode Island,4 wk ahead,Bin,percent,7.2,7.3, 0.00011184999476784544130986837
Rhode Island,4 wk ahead,Bin,percent,7.3,7.4, 0.00011184999476784544130986837
Rhode Island,4 wk ahead,Bin,percent,7.4,7.5, 0.00011184999476784544130986837
Rhode Island,4 wk ahead,Bin,percent,7.5,7.6, 0.00011184999476784544130986837
Rhode Island,4 wk ahead,Bin,percent,7.6,7.7, 0.00011184999476784544130986837
Rhode Island,4 wk ahead,Bin,percent,7.7,7.8, 0.00011184999476784544130986837
Rhode Island,4 wk ahead,Bin,percent,7.8,7.9, 0.00011184999476784544130986837
Rhode Island,4 wk ahead,Bin,percent,7.9,8, 0.00011184999476784544130986837
Rhode Island,4 wk ahead,Bin,percent,8,8.1, 0.00011184999476784643064435076
Rhode Island,4 wk ahead,Bin,percent,8.1,8.2, 0.00011184999476784743353136031
Rhode Island,4 wk ahead,Bin,percent,8.2,8.3, 0.00011184999476784743353136031
Rhode Island,4 wk ahead,Bin,percent,8.3,8.4, 0.00011184999476784743353136031
Rhode Island,4 wk ahead,Bin,percent,8.4,8.5, 0.00011184999476784743353136031
Rhode Island,4 wk ahead,Bin,percent,8.5,8.6, 0.00011184999476784743353136031
Rhode Island,4 wk ahead,Bin,percent,8.6,8.7, 0.00011184999476784743353136031
Rhode Island,4 wk ahead,Bin,percent,8.7,8.8, 0.00011184999476784743353136031
Rhode Island,4 wk ahead,Bin,percent,8.8,8.9, 0.00011184999476784743353136031
Rhode Island,4 wk ahead,Bin,percent,8.9,9, 0.00011184999476784743353136031
Rhode Island,4 wk ahead,Bin,percent,9,9.1, 0.00011184999476784743353136031
Rhode Island,4 wk ahead,Bin,percent,9.1,9.2, 0.00011184999476784743353136031
Rhode Island,4 wk ahead,Bin,percent,9.2,9.3, 0.00011184999476784743353136031
Rhode Island,4 wk ahead,Bin,percent,9.3,9.4, 0.00011184999476784743353136031
Rhode Island,4 wk ahead,Bin,percent,9.4,9.5, 0.00011184999476784743353136031
Rhode Island,4 wk ahead,Bin,percent,9.5,9.6, 0.00011184999476784743353136031
Rhode Island,4 wk ahead,Bin,percent,9.6,9.7, 0.00011184999476784743353136031
Rhode Island,4 wk ahead,Bin,percent,9.7,9.8, 0.00011184999476784743353136031
Rhode Island,4 wk ahead,Bin,percent,9.8,9.9, 0.00011184999476784743353136031
Rhode Island,4 wk ahead,Bin,percent,9.9,10, 0.00011184999476784743353136031
Rhode Island,4 wk ahead,Bin,percent,10,10.1, 0.00011184999476784743353136031
Rhode Island,4 wk ahead,Bin,percent,10.1,10.2, 0.00011184999476784743353136031
Rhode Island,4 wk ahead,Bin,percent,10.2,10.3, 0.00011184999476784743353136031
Rhode Island,4 wk ahead,Bin,percent,10.3,10.4, 0.00011184999476784743353136031
Rhode Island,4 wk ahead,Bin,percent,10.4,10.5, 0.00011184999476784743353136031
Rhode Island,4 wk ahead,Bin,percent,10.5,10.6, 0.00011184999476784743353136031
Rhode Island,4 wk ahead,Bin,percent,10.6,10.7, 0.00011184999476784743353136031
Rhode Island,4 wk ahead,Bin,percent,10.7,10.8, 0.00011184999476784743353136031
Rhode Island,4 wk ahead,Bin,percent,10.8,10.9, 0.00011184999476784743353136031
Rhode Island,4 wk ahead,Bin,percent,10.9,11, 0.00011184999476784743353136031
Rhode Island,4 wk ahead,Bin,percent,11,11.1, 0.00011184999476784743353136031
Rhode Island,4 wk ahead,Bin,percent,11.1,11.2, 0.00011184999476784743353136031
Rhode Island,4 wk ahead,Bin,percent,11.2,11.3, 0.00011184999476784743353136031
Rhode Island,4 wk ahead,Bin,percent,11.3,11.4, 0.00011184999476784743353136031
Rhode Island,4 wk ahead,Bin,percent,11.4,11.5, 0.00011184999476784743353136031
Rhode Island,4 wk ahead,Bin,percent,11.5,11.6, 0.00011184999476784743353136031
Rhode Island,4 wk ahead,Bin,percent,11.6,11.7, 0.00011184999476784743353136031
Rhode Island,4 wk ahead,Bin,percent,11.7,11.8, 0.00011184999476784743353136031
Rhode Island,4 wk ahead,Bin,percent,11.8,11.9, 0.00011184999476784743353136031
Rhode Island,4 wk ahead,Bin,percent,11.9,12, 0.00011184999476784743353136031
Rhode Island,4 wk ahead,Bin,percent,12,12.1, 0.00011184999476784743353136031
Rhode Island,4 wk ahead,Bin,percent,12.1,12.2, 0.00011184999476784743353136031
Rhode Island,4 wk ahead,Bin,percent,12.2,12.3, 0.00011184999476784743353136031
Rhode Island,4 wk ahead,Bin,percent,12.3,12.4, 0.00011184999476784743353136031
Rhode Island,4 wk ahead,Bin,percent,12.4,12.5, 0.00011184999476784743353136031
Rhode Island,4 wk ahead,Bin,percent,12.5,12.6, 0.00011184999476784743353136031
Rhode Island,4 wk ahead,Bin,percent,12.6,12.7, 0.00011184999476784743353136031
Rhode Island,4 wk ahead,Bin,percent,12.7,12.8, 0.00011184999476784743353136031
Rhode Island,4 wk ahead,Bin,percent,12.8,12.9, 0.00011184999476784743353136031
Rhode Island,4 wk ahead,Bin,percent,12.9,13, 0.00011184999476784743353136031
Rhode Island,4 wk ahead,Bin,percent,13,100, 0.00011184999476784743353136031
Pennsylvania,Season peak week,Bin,week,40,41, 0.00904987232720389639384350744
Pennsylvania,Season peak week,Bin,week,41,42, 0.00904987232720389639384350744
Pennsylvania,Season peak week,Bin,week,42,43, 0.00904987232720389639384350744
Pennsylvania,Season peak week,Bin,week,43,44, 0.00904987232720389639384350744
Pennsylvania,Season peak week,Bin,week,44,45, 0.00904987232720389639384350744
Pennsylvania,Season peak week,Bin,week,45,46, 0.00904987232720389639384350744
Pennsylvania,Season peak week,Bin,week,46,47, 0.00904987232720389639384350744
Pennsylvania,Season peak week,Bin,week,47,48, 0.00904987232720389639384350744
Pennsylvania,Season peak week,Bin,week,48,49, 0.00904987232720389639384350744
Pennsylvania,Season peak week,Bin,week,49,50, 0.00904987232720389639384350744
Pennsylvania,Season peak week,Bin,week,50,51, 0.00904987232720389639384350744
Pennsylvania,Season peak week,Bin,week,51,52, 0.00974613934271983083090784561
Pennsylvania,Season peak week,Bin,week,52,53, 0.38788148163680852276158361747
Pennsylvania,Season peak week,Bin,week,1,2, 0.26352187919138542193664420665
Pennsylvania,Season peak week,Bin,week,2,3, 0.00134134373978337653396386564
Pennsylvania,Season peak week,Bin,week,3,4, 0.00000000000000274259734869354
Pennsylvania,Season peak week,Bin,week,4,5, 0.00089669469978707883311280780
Pennsylvania,Season peak week,Bin,week,5,6, 0.17521466993302015069389199198
Pennsylvania,Season peak week,Bin,week,6,7, 0.00441783309981346166556148702
Pennsylvania,Season peak week,Bin,week,7,8, 0.00410224019695975758437178627
Pennsylvania,Season peak week,Bin,week,8,9, 0.00410224019695975758437178627
Pennsylvania,Season peak week,Bin,week,9,10, 0.00410224019695975758437178627
Pennsylvania,Season peak week,Bin,week,10,11, 0.00410224019695975758437178627
Pennsylvania,Season peak week,Bin,week,11,12, 0.00410224019695975758437178627
Pennsylvania,Season peak week,Bin,week,12,13, 0.00410224019695975758437178627
Pennsylvania,Season peak week,Bin,week,13,14, 0.00410224019695975758437178627
Pennsylvania,Season peak week,Bin,week,14,15, 0.00410224019695975758437178627
Pennsylvania,Season peak week,Bin,week,15,16, 0.00410224019695975758437178627
Pennsylvania,Season peak week,Bin,week,16,17, 0.00410224019695975758437178627
Pennsylvania,Season peak week,Bin,week,17,18, 0.00410224019695975758437178627
Pennsylvania,Season peak week,Bin,week,18,19, 0.00410224019695975758437178627
Pennsylvania,Season peak week,Bin,week,19,20, 0.00410224019695975758437178627
Pennsylvania,Season peak week,Bin,week,20,21, 0.00410224019695975758437178627
Pennsylvania,Season peak percentage,Bin,percent,0,0.1, 0.00181678373555972574177053147
Pennsylvania,Season peak percentage,Bin,percent,0.1,0.2, 0.00389483775892539730439922963
Pennsylvania,Season peak percentage,Bin,percent,0.2,0.3, 0.00426026923123198463655425527
Pennsylvania,Season peak percentage,Bin,percent,0.3,0.4, 0.00464603011854279168008075018
Pennsylvania,Season peak percentage,Bin,percent,0.4,0.5, 0.00505133116499616521832827232
Pennsylvania,Season peak percentage,Bin,percent,0.5,0.6, 0.00547553381848562246980716139
Pennsylvania,Season peak percentage,Bin,percent,0.6,0.7, 0.00591755406446822611321589847
Pennsylvania,Season peak percentage,Bin,percent,0.7,0.8, 0.00637629160956868293319566021
Pennsylvania,Season peak percentage,Bin,percent,0.8,0.9, 0.00685054687267204909933981938
Pennsylvania,Season peak percentage,Bin,percent,0.9,1, 0.00733847253645003409772140657
Pennsylvania,Season peak percentage,Bin,percent,1,1.1, 0.00783832483789439690702316454
Pennsylvania,Season peak percentage,Bin,percent,1.1,1.2, 0.00834804587013473174683664269
Pennsylvania,Season peak percentage,Bin,percent,1.2,1.3, 0.00886547309207230509187080969
Pennsylvania,Season peak percentage,Bin,percent,1.3,1.4, 0.00938831378628053429824529275
Pennsylvania,Season peak percentage,Bin,percent,1.4,1.5, 0.00991398152915447077038191281
Pennsylvania,Season peak percentage,Bin,percent,1.5,1.6, 0.01043986120871850421798487929
Pennsylvania,Season peak percentage,Bin,percent,1.6,1.7, 0.01096323807267100824969219275
Pennsylvania,Season peak percentage,Bin,percent,1.7,1.8, 0.01148137551110728175884911906
Pennsylvania,Season peak percentage,Bin,percent,1.8,1.9, 0.01199135119058204225483965644
Pennsylvania,Season peak percentage,Bin,percent,1.9,2, 0.01249030570034616489938361639
Pennsylvania,Season peak percentage,Bin,percent,2,2.1, 0.01297560337456615808804372136
Pennsylvania,Season peak percentage,Bin,percent,2.1,2.2, 0.01344440508187787902683041352
Pennsylvania,Season peak percentage,Bin,percent,2.2,2.3, 0.01389421606076332929569083774
Pennsylvania,Season peak percentage,Bin,percent,2.3,2.4, 0.01432235006625989966189127500
Pennsylvania,Season peak percentage,Bin,percent,2.4,2.5, 0.01472630695987013800529741303
Pennsylvania,Season peak percentage,Bin,percent,2.5,2.6, 0.01510426970785768915894742292
Pennsylvania,Season peak percentage,Bin,percent,2.6,2.7, 0.01545421406621598492403535374
Pennsylvania,Season peak percentage,Bin,percent,2.7,2.8, 0.01577444107952942486949865497
Pennsylvania,Season peak percentage,Bin,percent,2.8,2.9, 0.01606351040441922686796694109
Pennsylvania,Season peak percentage,Bin,percent,2.9,3, 0.01631981112789418486563874922
Pennsylvania,Season peak percentage,Bin,percent,3,3.1, 0.01654294986026555100422363864
Pennsylvania,Season peak percentage,Bin,percent,3.1,3.2, 0.01673236494747982680553199941
Pennsylvania,Season peak percentage,Bin,percent,3.2,3.3, 0.01688751017502279627713335231
Pennsylvania,Season peak percentage,Bin,percent,3.3,3.4, 0.01700859221281732572284006721
Pennsylvania,Season peak percentage,Bin,percent,3.4,3.5, 0.01709535768211068590405332657
Pennsylvania,Season peak percentage,Bin,percent,3.5,3.6, 0.01714875715071584663662385140
Pennsylvania,Season peak percentage,Bin,percent,3.6,3.7, 0.01716968047795185484116764485
Pennsylvania,Season peak percentage,Bin,percent,3.7,3.8, 0.01715895030273531865483427339
Pennsylvania,Season peak percentage,Bin,percent,3.8,3.9, 0.01711787870626605562174304964
Pennsylvania,Season peak percentage,Bin,percent,3.9,4, 0.01704761553651634384265456390
Pennsylvania,Season peak percentage,Bin,percent,4,4.1, 0.01694990913239822691305214164
Pennsylvania,Season peak percentage,Bin,percent,4.1,4.2, 0.01682656861513631002535973380
Pennsylvania,Season peak percentage,Bin,percent,4.2,4.3, 0.01667931367265019365619949099
Pennsylvania,Season peak percentage,Bin,percent,4.3,4.4, 0.01650986803290943952249314464
Pennsylvania,Season peak percentage,Bin,percent,4.4,4.5, 0.01632011200758472224681128182
Pennsylvania,Season peak percentage,Bin,percent,4.5,4.6, 0.01611189095742707189096165621
Pennsylvania,Season peak percentage,Bin,percent,4.6,4.7, 0.01588717328031100106677797612
Pennsylvania,Season peak percentage,Bin,percent,4.7,4.8, 0.01564770938364639166207048504
Pennsylvania,Season peak percentage,Bin,percent,4.8,4.9, 0.01539508817634128133577942066
Pennsylvania,Season peak percentage,Bin,percent,4.9,5, 0.01513093097444073893698135436
Pennsylvania,Season peak percentage,Bin,percent,5,5.1, 0.01485670890230608720550264934
Pennsylvania,Season peak percentage,Bin,percent,5.1,5.2, 0.01457381535502670633075439355
Pennsylvania,Season peak percentage,Bin,percent,5.2,5.3, 0.01428345072315922656414066694
Pennsylvania,Season peak percentage,Bin,percent,5.3,5.4, 0.01398663374628786489062282072
Pennsylvania,Season peak percentage,Bin,percent,5.4,5.5, 0.01368425126831436522412133172
Pennsylvania,Season peak percentage,Bin,percent,5.5,5.6, 0.01337711777478051144996129551
Pennsylvania,Season peak percentage,Bin,percent,5.6,5.7, 0.01306585377349215107423141546
Pennsylvania,Season peak percentage,Bin,percent,5.7,5.8, 0.01275098639846736388314685229
Pennsylvania,Season peak percentage,Bin,percent,5.8,5.9, 0.01243289597131409796038070681
Pennsylvania,Season peak percentage,Bin,percent,5.9,6, 0.01211184835141658651391782797
Pennsylvania,Season peak percentage,Bin,percent,6,6.1, 0.01178810565188541728542936937
Pennsylvania,Season peak percentage,Bin,percent,6.1,6.2, 0.01146180632900726387157774866
Pennsylvania,Season peak percentage,Bin,percent,6.2,6.3, 0.01113308541814352591037273754
Pennsylvania,Season peak percentage,Bin,percent,6.3,6.4, 0.01080202933069062364024315315
Pennsylvania,Season peak percentage,Bin,percent,6.4,6.5, 0.01046869231631575303254066966
Pennsylvania,Season peak percentage,Bin,percent,6.5,6.6, 0.01013320578754117566588899280
Pennsylvania,Season peak percentage,Bin,percent,6.6,6.7, 0.00979569923707002306045854567
Pennsylvania,Season peak percentage,Bin,percent,6.7,6.8, 0.00945634536225349077442903223
Pennsylvania,Season peak percentage,Bin,percent,6.8,6.9, 0.00911537591806746774758529739
Pennsylvania,Season peak percentage,Bin,percent,6.9,7, 0.00877306347761375691918228625
Pennsylvania,Season peak percentage,Bin,percent,7,7.1, 0.00842978271708706358711360451
Pennsylvania,Season peak percentage,Bin,percent,7.1,7.2, 0.00808597556817172019583139786
Pennsylvania,Season peak percentage,Bin,percent,7.2,7.3, 0.00774214862759979929873743743
Pennsylvania,Season peak percentage,Bin,percent,7.3,7.4, 0.00739887808764731844807238659
Pennsylvania,Season peak percentage,Bin,percent,7.4,7.5, 0.00705682334389719397027551651
Pennsylvania,Season peak percentage,Bin,percent,7.5,7.6, 0.00671671340406048734961164115
Pennsylvania,Season peak percentage,Bin,percent,7.6,7.7, 0.00637928218705483777301035175
Pennsylvania,Season peak percentage,Bin,percent,7.7,7.8, 0.00604534521305531702406454997
Pennsylvania,Season peak percentage,Bin,percent,7.8,7.9, 0.00571571430008563276942146203
Pennsylvania,Season peak percentage,Bin,percent,7.9,8, 0.00539125160012077653953754819
Pennsylvania,Season peak percentage,Bin,percent,8,8.1, 0.00507287756766033361144341285
Pennsylvania,Season peak percentage,Bin,percent,8.1,8.2, 0.00476134441922306146655063941
Pennsylvania,Season peak percentage,Bin,percent,8.2,8.3, 0.00445745120806361957987995481
Pennsylvania,Season peak percentage,Bin,percent,8.3,8.4, 0.00416200657868867271438340083
Pennsylvania,Season peak percentage,Bin,percent,8.4,8.5, 0.00387568575619698634654453073
Pennsylvania,Season peak percentage,Bin,percent,8.5,8.6, 0.00359930219921090858992140937
Pennsylvania,Season peak percentage,Bin,percent,8.6,8.7, 0.00333331803542285263000644058
Pennsylvania,Season peak percentage,Bin,percent,8.7,8.8, 0.00307820067338563730166556276
Pennsylvania,Season peak percentage,Bin,percent,8.8,8.9, 0.00283445367803054079983149371
Pennsylvania,Season peak percentage,Bin,percent,8.9,9, 0.00260235233468026141978590715
Pennsylvania,Season peak percentage,Bin,percent,9,9.1, 0.00238229489957549923906388045
Pennsylvania,Season peak percentage,Bin,percent,9.1,9.2, 0.00217433618752612117103195644
Pennsylvania,Season peak percentage,Bin,percent,9.2,9.3, 0.00197848094755322242641049080
Pennsylvania,Season peak percentage,Bin,percent,9.3,9.4, 0.00179474338106059422282001492
Pennsylvania,Season peak percentage,Bin,percent,9.4,9.5, 0.00162305077941301569531551419
Pennsylvania,Season peak percentage,Bin,percent,9.5,9.6, 0.00146325403819095537644168203
Pennsylvania,Season peak percentage,Bin,percent,9.6,9.7, 0.00131508443632966359054803362
Pennsylvania,Season peak percentage,Bin,percent,9.7,9.8, 0.00117814064591762065158098149
Pennsylvania,Season peak percentage,Bin,percent,9.8,9.9, 0.00105205136904151764186410301
Pennsylvania,Season peak percentage,Bin,percent,9.9,10, 0.00093646927341077144859443626
Pennsylvania,Season peak percentage,Bin,percent,10,10.1, 0.00083091263437949322047393341
Pennsylvania,Season peak percentage,Bin,percent,10.1,10.2, 0.00073489610587781960607256515
Pennsylvania,Season peak percentage,Bin,percent,10.2,10.3, 0.00064782500838562128396558304
Pennsylvania,Season peak percentage,Bin,percent,10.3,10.4, 0.00056916311800457965782568115
Pennsylvania,Season peak percentage,Bin,percent,10.4,10.5, 0.00049841574445987860825235671
Pennsylvania,Season peak percentage,Bin,percent,10.5,10.6, 0.00043504632902409054711484471
Pennsylvania,Season peak percentage,Bin,percent,10.6,10.7, 0.00037847652639704621813435126
Pennsylvania,Season peak percentage,Bin,percent,10.7,10.8, 0.00032815973580213483829989829
Pennsylvania,Season peak percentage,Bin,percent,10.8,10.9, 0.00028355474567122310788208628
Pennsylvania,Season peak percentage,Bin,percent,10.9,11, 0.00024418240233489555725265863
Pennsylvania,Season peak percentage,Bin,percent,11,11.1, 0.00020960730260125584817690325
Pennsylvania,Season peak percentage,Bin,percent,11.1,11.2, 0.00017930655613151777060150505
Pennsylvania,Season peak percentage,Bin,percent,11.2,11.3, 0.00015287220527329659341270185
Pennsylvania,Season peak percentage,Bin,percent,11.3,11.4, 0.00012987540599656885562281083
Pennsylvania,Season peak percentage,Bin,percent,11.4,11.5, 0.00010995282798852460629662753
Pennsylvania,Season peak percentage,Bin,percent,11.5,11.6, 0.00009279451322896353890248150
Pennsylvania,Season peak percentage,Bin,percent,11.6,11.7, 0.00007803935150057037938454291
Pennsylvania,Season peak percentage,Bin,percent,11.7,11.8, 0.00006540582672491567287065273
Pennsylvania,Season peak percentage,Bin,percent,11.8,11.9, 0.00005462333154027466713877764
Pennsylvania,Season peak percentage,Bin,percent,11.9,12, 0.00004545434452011542776454778
Pennsylvania,Season peak percentage,Bin,percent,12,12.1, 0.00004078368831841755492474688
Pennsylvania,Season peak percentage,Bin,percent,12.1,12.2, 0.00004075968214803267475592613
Pennsylvania,Season peak percentage,Bin,percent,12.2,12.3, 0.00004075968214803267475592613
Pennsylvania,Season peak percentage,Bin,percent,12.3,12.4, 0.00004075968214803267475592613
Pennsylvania,Season peak percentage,Bin,percent,12.4,12.5, 0.00004075968214803267475592613
Pennsylvania,Season peak percentage,Bin,percent,12.5,12.6, 0.00004075968214803267475592613
Pennsylvania,Season peak percentage,Bin,percent,12.6,12.7, 0.00004075968214803267475592613
Pennsylvania,Season peak percentage,Bin,percent,12.7,12.8, 0.00004075968214803267475592613
Pennsylvania,Season peak percentage,Bin,percent,12.8,12.9, 0.00004075968214803267475592613
Pennsylvania,Season peak percentage,Bin,percent,12.9,13, 0.00004075968214803267475592613
Pennsylvania,Season peak percentage,Bin,percent,13,100, 0.00004075968214803267475592613
Pennsylvania,1 wk ahead,Bin,percent,0,0.1, 0.00018173454378919885613200003
Pennsylvania,1 wk ahead,Bin,percent,0.1,0.2, 0.00036346908757839776647410868
Pennsylvania,1 wk ahead,Bin,percent,0.2,0.3, 0.00036346908757839760384378280
Pennsylvania,1 wk ahead,Bin,percent,0.3,0.4, 0.00036346908757839760384378280
Pennsylvania,1 wk ahead,Bin,percent,0.4,0.5, 0.00036346908757839760384378280
Pennsylvania,1 wk ahead,Bin,percent,0.5,0.6, 0.00036346908757839787489432593
Pennsylvania,1 wk ahead,Bin,percent,0.6,0.7, 0.00036346908757839792910443455
Pennsylvania,1 wk ahead,Bin,percent,0.7,0.8, 0.00063823311639659590678574919
Pennsylvania,1 wk ahead,Bin,percent,0.8,0.9, 0.00188706061032942358501873770
Pennsylvania,1 wk ahead,Bin,percent,0.9,1, 0.00469091326794224706270286518
Pennsylvania,1 wk ahead,Bin,percent,1,1.1, 0.00977814851597271633698582605
Pennsylvania,1 wk ahead,Bin,percent,1.1,1.2, 0.01709103663353464183649599306
Pennsylvania,1 wk ahead,Bin,percent,1.2,1.3, 0.02505180449343447079968427715
Pennsylvania,1 wk ahead,Bin,percent,1.3,1.4, 0.03079390109671121047996145137
Pennsylvania,1 wk ahead,Bin,percent,1.4,1.5, 0.03174304681251434445687920061
Pennsylvania,1 wk ahead,Bin,percent,1.5,1.6, 0.02744057882691857894186249212
Pennsylvania,1 wk ahead,Bin,percent,1.6,1.7, 0.01989441945448932810847075814
Pennsylvania,1 wk ahead,Bin,percent,1.7,1.8, 0.01210233257118360251924915616
Pennsylvania,1 wk ahead,Bin,percent,1.8,1.9, 0.00621392252894645800986861417
Pennsylvania,1 wk ahead,Bin,percent,1.9,2, 0.00286159265062745343105587992
Pennsylvania,1 wk ahead,Bin,percent,2,2.1, 0.00182520307671772729143921943
Pennsylvania,1 wk ahead,Bin,percent,2.1,2.2, 0.00315865103713417784414563272
Pennsylvania,1 wk ahead,Bin,percent,2.2,2.3, 0.00794233025962338794190298330
Pennsylvania,1 wk ahead,Bin,percent,2.3,2.4, 0.01808707297516010462090640942
Pennsylvania,1 wk ahead,Bin,percent,2.4,2.5, 0.03479771723253037574163926138
Pennsylvania,1 wk ahead,Bin,percent,2.5,2.6, 0.05617959502818353073605450732
Pennsylvania,1 wk ahead,Bin,percent,2.6,2.7, 0.07606661294257072158941923590
Pennsylvania,1 wk ahead,Bin,percent,2.7,2.8, 0.08637399892107693044618343947
Pennsylvania,1 wk ahead,Bin,percent,2.8,2.9, 0.08225087226150326613627328243
Pennsylvania,1 wk ahead,Bin,percent,2.9,3, 0.06569725659741537659996879484
Pennsylvania,1 wk ahead,Bin,percent,3,3.1, 0.04406164199573124606867935427
Pennsylvania,1 wk ahead,Bin,percent,3.1,3.2, 0.02498442594418965462255144416
Pennsylvania,1 wk ahead,Bin,percent,3.2,3.3, 0.01251109700904683499911307365
Pennsylvania,1 wk ahead,Bin,percent,3.3,3.4, 0.00688244492255028067484445842
Pennsylvania,1 wk ahead,Bin,percent,3.4,3.5, 0.00652072700060743644379090966
Pennsylvania,1 wk ahead,Bin,percent,3.5,3.6, 0.00957914418561348762759521946
Pennsylvania,1 wk ahead,Bin,percent,3.6,3.7, 0.01416072947497994116705655188
Pennsylvania,1 wk ahead,Bin,percent,3.7,3.8, 0.01812766177106355305892471108
Pennsylvania,1 wk ahead,Bin,percent,3.8,3.9, 0.01955554205373835965908746459
Pennsylvania,1 wk ahead,Bin,percent,3.9,4, 0.01770346641091775918841477733
Pennsylvania,1 wk ahead,Bin,percent,4,4.1, 0.01344584826616978916191680327
Pennsylvania,1 wk ahead,Bin,percent,4.1,4.2, 0.00858992315185215342399072114
Pennsylvania,1 wk ahead,Bin,percent,4.2,4.3, 0.00471476893013900687223749486
Pennsylvania,1 wk ahead,Bin,percent,4.3,4.4, 0.00256716731966899263869819059
Pennsylvania,1 wk ahead,Bin,percent,4.4,4.5, 0.00230935382685472367914059078
Pennsylvania,1 wk ahead,Bin,percent,4.5,4.6, 0.00404880557680305491058403433
Pennsylvania,1 wk ahead,Bin,percent,4.6,4.7, 0.00794499876717222330846368550
Pennsylvania,1 wk ahead,Bin,percent,4.7,4.8, 0.01369432098532458869089012410
Pennsylvania,1 wk ahead,Bin,percent,4.8,4.9, 0.01991528733415093288527941695
Pennsylvania,1 wk ahead,Bin,percent,4.9,5, 0.02430635541781485733925372017
Pennsylvania,1 wk ahead,Bin,percent,5,5.1, 0.02488146312284307548612360961
Pennsylvania,1 wk ahead,Bin,percent,5.1,5.2, 0.02135924756868043047908223286
Pennsylvania,1 wk ahead,Bin,percent,5.2,5.3, 0.01537640377612101150184287235
Pennsylvania,1 wk ahead,Bin,percent,5.3,5.4, 0.00928275713054043175032070678
Pennsylvania,1 wk ahead,Bin,percent,5.4,5.5, 0.00469943343965417530128103607
Pennsylvania,1 wk ahead,Bin,percent,5.5,5.6, 0.00199480043876940635674821500
Pennsylvania,1 wk ahead,Bin,percent,5.6,5.7, 0.00071010609959950329438810313
Pennsylvania,1 wk ahead,Bin,percent,5.7,5.8, 0.00029510392672938405176849552
Pennsylvania,1 wk ahead,Bin,percent,5.8,5.9, 0.00028559074208900147662584801
Pennsylvania,1 wk ahead,Bin,percent,5.9,6, 0.00028559074208900147662584801
Pennsylvania,1 wk ahead,Bin,percent,6,6.1, 0.00028559074208900147662584801
Pennsylvania,1 wk ahead,Bin,percent,6.1,6.2, 0.00028559074208900147662584801
Pennsylvania,1 wk ahead,Bin,percent,6.2,6.3, 0.00028559074208900147662584801
Pennsylvania,1 wk ahead,Bin,percent,6.3,6.4, 0.00028559074208900147662584801
Pennsylvania,1 wk ahead,Bin,percent,6.4,6.5, 0.00028559074208900147662584801
Pennsylvania,1 wk ahead,Bin,percent,6.5,6.6, 0.00028559074208900147662584801
Pennsylvania,1 wk ahead,Bin,percent,6.6,6.7, 0.00028559074208900147662584801
Pennsylvania,1 wk ahead,Bin,percent,6.7,6.8, 0.00028559074208900147662584801
Pennsylvania,1 wk ahead,Bin,percent,6.8,6.9, 0.00028559074208900147662584801
Pennsylvania,1 wk ahead,Bin,percent,6.9,7, 0.00028559074208900147662584801
Pennsylvania,1 wk ahead,Bin,percent,7,7.1, 0.00028559074208900147662584801
Pennsylvania,1 wk ahead,Bin,percent,7.1,7.2, 0.00028559074208900147662584801
Pennsylvania,1 wk ahead,Bin,percent,7.2,7.3, 0.00028559074208900147662584801
Pennsylvania,1 wk ahead,Bin,percent,7.3,7.4, 0.00028559074208900147662584801
Pennsylvania,1 wk ahead,Bin,percent,7.4,7.5, 0.00028559074208900147662584801
Pennsylvania,1 wk ahead,Bin,percent,7.5,7.6, 0.00028559074208900147662584801
Pennsylvania,1 wk ahead,Bin,percent,7.6,7.7, 0.00028559074208900147662584801
Pennsylvania,1 wk ahead,Bin,percent,7.7,7.8, 0.00028559074208900147662584801
Pennsylvania,1 wk ahead,Bin,percent,7.8,7.9, 0.00028559074208900147662584801
Pennsylvania,1 wk ahead,Bin,percent,7.9,8, 0.00028559074208900147662584801
Pennsylvania,1 wk ahead,Bin,percent,8,8.1, 0.00028559074208900397029084472
Pennsylvania,1 wk ahead,Bin,percent,8.1,8.2, 0.00028559074208900651816595007
Pennsylvania,1 wk ahead,Bin,percent,8.2,8.3, 0.00028559074208900651816595007
Pennsylvania,1 wk ahead,Bin,percent,8.3,8.4, 0.00028559074208900651816595007
Pennsylvania,1 wk ahead,Bin,percent,8.4,8.5, 0.00028559074208900651816595007
Pennsylvania,1 wk ahead,Bin,percent,8.5,8.6, 0.00028559074208900651816595007
Pennsylvania,1 wk ahead,Bin,percent,8.6,8.7, 0.00028559074208900651816595007
Pennsylvania,1 wk ahead,Bin,percent,8.7,8.8, 0.00028559074208900651816595007
Pennsylvania,1 wk ahead,Bin,percent,8.8,8.9, 0.00028559074208900651816595007
Pennsylvania,1 wk ahead,Bin,percent,8.9,9, 0.00028559074208900651816595007
Pennsylvania,1 wk ahead,Bin,percent,9,9.1, 0.00028559074208900651816595007
Pennsylvania,1 wk ahead,Bin,percent,9.1,9.2, 0.00028559074208900651816595007
Pennsylvania,1 wk ahead,Bin,percent,9.2,9.3, 0.00028559074208900651816595007
Pennsylvania,1 wk ahead,Bin,percent,9.3,9.4, 0.00028559074208900651816595007
Pennsylvania,1 wk ahead,Bin,percent,9.4,9.5, 0.00028559074208900651816595007
Pennsylvania,1 wk ahead,Bin,percent,9.5,9.6, 0.00028559074208900651816595007
Pennsylvania,1 wk ahead,Bin,percent,9.6,9.7, 0.00028559074208900651816595007
Pennsylvania,1 wk ahead,Bin,percent,9.7,9.8, 0.00028559074208900651816595007
Pennsylvania,1 wk ahead,Bin,percent,9.8,9.9, 0.00028559074208900651816595007
Pennsylvania,1 wk ahead,Bin,percent,9.9,10, 0.00028559074208900651816595007
Pennsylvania,1 wk ahead,Bin,percent,10,10.1, 0.00028559074208900651816595007
Pennsylvania,1 wk ahead,Bin,percent,10.1,10.2, 0.00028559074208900651816595007
Pennsylvania,1 wk ahead,Bin,percent,10.2,10.3, 0.00028559074208900651816595007
Pennsylvania,1 wk ahead,Bin,percent,10.3,10.4, 0.00028559074208900651816595007
Pennsylvania,1 wk ahead,Bin,percent,10.4,10.5, 0.00028559074208900651816595007
Pennsylvania,1 wk ahead,Bin,percent,10.5,10.6, 0.00028559074208900651816595007
Pennsylvania,1 wk ahead,Bin,percent,10.6,10.7, 0.00028559074208900651816595007
Pennsylvania,1 wk ahead,Bin,percent,10.7,10.8, 0.00028559074208900651816595007
Pennsylvania,1 wk ahead,Bin,percent,10.8,10.9, 0.00028559074208900651816595007
Pennsylvania,1 wk ahead,Bin,percent,10.9,11, 0.00028559074208900651816595007
Pennsylvania,1 wk ahead,Bin,percent,11,11.1, 0.00028559074208900651816595007
Pennsylvania,1 wk ahead,Bin,percent,11.1,11.2, 0.00028559074208900651816595007
Pennsylvania,1 wk ahead,Bin,percent,11.2,11.3, 0.00028559074208900651816595007
Pennsylvania,1 wk ahead,Bin,percent,11.3,11.4, 0.00028559074208900651816595007
Pennsylvania,1 wk ahead,Bin,percent,11.4,11.5, 0.00028559074208900651816595007
Pennsylvania,1 wk ahead,Bin,percent,11.5,11.6, 0.00028559074208900651816595007
Pennsylvania,1 wk ahead,Bin,percent,11.6,11.7, 0.00028559074208900651816595007
Pennsylvania,1 wk ahead,Bin,percent,11.7,11.8, 0.00028559074208900651816595007
Pennsylvania,1 wk ahead,Bin,percent,11.8,11.9, 0.00028559074208900651816595007
Pennsylvania,1 wk ahead,Bin,percent,11.9,12, 0.00028559074208900651816595007
Pennsylvania,1 wk ahead,Bin,percent,12,12.1, 0.00028559074208900651816595007
Pennsylvania,1 wk ahead,Bin,percent,12.1,12.2, 0.00028559074208900651816595007
Pennsylvania,1 wk ahead,Bin,percent,12.2,12.3, 0.00028559074208900651816595007
Pennsylvania,1 wk ahead,Bin,percent,12.3,12.4, 0.00028559074208900651816595007
Pennsylvania,1 wk ahead,Bin,percent,12.4,12.5, 0.00028559074208900651816595007
Pennsylvania,1 wk ahead,Bin,percent,12.5,12.6, 0.00028559074208900651816595007
Pennsylvania,1 wk ahead,Bin,percent,12.6,12.7, 0.00028559074208900651816595007
Pennsylvania,1 wk ahead,Bin,percent,12.7,12.8, 0.00028559074208900651816595007
Pennsylvania,1 wk ahead,Bin,percent,12.8,12.9, 0.00028559074208900651816595007
Pennsylvania,1 wk ahead,Bin,percent,12.9,13, 0.00028559074208900651816595007
Pennsylvania,1 wk ahead,Bin,percent,13,100, 0.00028559074208900651816595007
Pennsylvania,2 wk ahead,Bin,percent,0,0.1, 0.00010570013631963626459658867
Pennsylvania,2 wk ahead,Bin,percent,0.1,0.2, 0.00028186605634715797925535230
Pennsylvania,2 wk ahead,Bin,percent,0.2,0.3, 0.00054961210690724737314843962
Pennsylvania,2 wk ahead,Bin,percent,0.3,0.4, 0.00101522353193447519362213605
Pennsylvania,2 wk ahead,Bin,percent,0.4,0.5, 0.00176864497519715934206741004
Pennsylvania,2 wk ahead,Bin,percent,0.5,0.6, 0.00290608222136708041830055471
Pennsylvania,2 wk ahead,Bin,percent,0.6,0.7, 0.00450332270474666611359548796
Pennsylvania,2 wk ahead,Bin,percent,0.7,0.8, 0.00658166715807926606951472337
Pennsylvania,2 wk ahead,Bin,percent,0.8,0.9, 0.00907234719789793385424925276
Pennsylvania,2 wk ahead,Bin,percent,0.9,1, 0.01179439583694166793215174494
Pennsylvania,2 wk ahead,Bin,percent,1,1.1, 0.01446154753429048332724615733
Pennsylvania,2 wk ahead,Bin,percent,1.1,1.2, 0.01672354113846442544288883880
Pennsylvania,2 wk ahead,Bin,percent,1.2,1.3, 0.01824069157373104169139743647
Pennsylvania,2 wk ahead,Bin,percent,1.3,1.4, 0.01876509002421161004248162385
Pennsylvania,2 wk ahead,Bin,percent,1.4,1.5, 0.01820990896138080170074680098
Pennsylvania,2 wk ahead,Bin,percent,1.5,1.6, 0.01667552724061995700344240845
Pennsylvania,2 wk ahead,Bin,percent,1.6,1.7, 0.01442333053094868242083315124
Pennsylvania,2 wk ahead,Bin,percent,1.7,1.8, 0.01181558607387318479697846385
Pennsylvania,2 wk ahead,Bin,percent,1.8,1.9, 0.00923624169574501982515890575
Pennsylvania,2 wk ahead,Bin,percent,1.9,2, 0.00702873377841597805903983698
Pennsylvania,2 wk ahead,Bin,percent,2,2.1, 0.00546189693739895180263355101
Pennsylvania,2 wk ahead,Bin,percent,2.1,2.2, 0.00472962246716365514870306086
Pennsylvania,2 wk ahead,Bin,percent,2.2,2.3, 0.00496704841343235947714873646
Pennsylvania,2 wk ahead,Bin,percent,2.3,2.4, 0.00626224732754565322628836910
Pennsylvania,2 wk ahead,Bin,percent,2.4,2.5, 0.00865189574530177314681811396
Pennsylvania,2 wk ahead,Bin,percent,2.5,2.6, 0.01209302192399016977197856448
Pennsylvania,2 wk ahead,Bin,percent,2.6,2.7, 0.01642416786380432314196298194
Pennsylvania,2 wk ahead,Bin,percent,2.7,2.8, 0.02134636163960132101968802942
Pennsylvania,2 wk ahead,Bin,percent,2.8,2.9, 0.02643672714581132496269866294
Pennsylvania,2 wk ahead,Bin,percent,2.9,3, 0.03121547366500220313523250582
Pennsylvania,2 wk ahead,Bin,percent,3,3.1, 0.03524428986057664275888257066
Pennsylvania,2 wk ahead,Bin,percent,3.1,3.2, 0.03822867484800245713172373030
Pennsylvania,2 wk ahead,Bin,percent,3.2,3.3, 0.04007973408757175420857876702
Pennsylvania,2 wk ahead,Bin,percent,3.3,3.4, 0.04090977645205323698363031326
Pennsylvania,2 wk ahead,Bin,percent,3.4,3.5, 0.04096370266073631055681047997
Pennsylvania,2 wk ahead,Bin,percent,3.5,3.6, 0.04050907866137675589213174021
Pennsylvania,2 wk ahead,Bin,percent,3.6,3.7, 0.03973286531548277794589907330
Pennsylvania,2 wk ahead,Bin,percent,3.7,3.8, 0.03868423195730358310484575668
Pennsylvania,2 wk ahead,Bin,percent,3.8,3.9, 0.03728038627010216848889356811
Pennsylvania,2 wk ahead,Bin,percent,3.9,4, 0.03536893402556483267940024007
Pennsylvania,2 wk ahead,Bin,percent,4,4.1, 0.03282028564387612368236091243
Pennsylvania,2 wk ahead,Bin,percent,4.1,4.2, 0.02960894871570985201203463077
Pennsylvania,2 wk ahead,Bin,percent,4.2,4.3, 0.02586034363978647124260312751
Pennsylvania,2 wk ahead,Bin,percent,4.3,4.4, 0.02184437991220548186399597057
Pennsylvania,2 wk ahead,Bin,percent,4.4,4.5, 0.01792225728615096450035970577
Pennsylvania,2 wk ahead,Bin,percent,4.5,4.6, 0.01446838850699083342532524910
Pennsylvania,2 wk ahead,Bin,percent,4.6,4.7, 0.01178784800934308020503582526
Pennsylvania,2 wk ahead,Bin,percent,4.7,4.8, 0.01005571765683572864336081665
Pennsylvania,2 wk ahead,Bin,percent,4.8,4.9, 0.00928445145181732746364478004
Pennsylvania,2 wk ahead,Bin,percent,4.9,5, 0.00932794411864286930613499038
Pennsylvania,2 wk ahead,Bin,percent,5,5.1, 0.00991608666816471036320468357
Pennsylvania,2 wk ahead,Bin,percent,5.1,5.2, 0.01071065203726016996921277524
Pennsylvania,2 wk ahead,Bin,percent,5.2,5.3, 0.01137486926287434481352978111
Pennsylvania,2 wk ahead,Bin,percent,5.3,5.4, 0.01163897369439951569314306568
Pennsylvania,2 wk ahead,Bin,percent,5.4,5.5, 0.01135025239396109282552504993
Pennsylvania,2 wk ahead,Bin,percent,5.5,5.6, 0.01049187258565931722686936922
Pennsylvania,2 wk ahead,Bin,percent,5.6,5.7, 0.00916866119940091400808412914
Pennsylvania,2 wk ahead,Bin,percent,5.7,5.8, 0.00756544819043742343411818041
Pennsylvania,2 wk ahead,Bin,percent,5.8,5.9, 0.00589072286299602895093263655
Pennsylvania,2 wk ahead,Bin,percent,5.9,6, 0.00432708105770329264777585010
Pennsylvania,2 wk ahead,Bin,percent,6,6.1, 0.00299808644772327171842962734
Pennsylvania,2 wk ahead,Bin,percent,6.1,6.2, 0.00195926901449639673247204996
Pennsylvania,2 wk ahead,Bin,percent,6.2,6.3, 0.00120764212323963798616233145
Pennsylvania,2 wk ahead,Bin,percent,6.3,6.4, 0.00070198495537807342574410097
Pennsylvania,2 wk ahead,Bin,percent,6.4,6.5, 0.00038488220723832894734628418
Pennsylvania,2 wk ahead,Bin,percent,6.5,6.6, 0.00019902460872621178188633662
Pennsylvania,2 wk ahead,Bin,percent,6.6,6.7, 0.00012935108665263901866863960
Pennsylvania,2 wk ahead,Bin,percent,6.7,6.8, 0.00012899026432950093812995762
Pennsylvania,2 wk ahead,Bin,percent,6.8,6.9, 0.00012899026432950093812995762
Pennsylvania,2 wk ahead,Bin,percent,6.9,7, 0.00012899026432950093812995762
Pennsylvania,2 wk ahead,Bin,percent,7,7.1, 0.00012899026432950093812995762
Pennsylvania,2 wk ahead,Bin,percent,7.1,7.2, 0.00012899026432950093812995762
Pennsylvania,2 wk ahead,Bin,percent,7.2,7.3, 0.00012899026432950093812995762
Pennsylvania,2 wk ahead,Bin,percent,7.3,7.4, 0.00012899026432950093812995762
Pennsylvania,2 wk ahead,Bin,percent,7.4,7.5, 0.00012899026432950093812995762
Pennsylvania,2 wk ahead,Bin,percent,7.5,7.6, 0.00012899026432950093812995762
Pennsylvania,2 wk ahead,Bin,percent,7.6,7.7, 0.00012899026432950093812995762
Pennsylvania,2 wk ahead,Bin,percent,7.7,7.8, 0.00012899026432950093812995762
Pennsylvania,2 wk ahead,Bin,percent,7.8,7.9, 0.00012899026432950093812995762
Pennsylvania,2 wk ahead,Bin,percent,7.9,8, 0.00012899026432950093812995762
Pennsylvania,2 wk ahead,Bin,percent,8,8.1, 0.00012899026432950210364729304
Pennsylvania,2 wk ahead,Bin,percent,8.1,8.2, 0.00012899026432950324205957415
Pennsylvania,2 wk ahead,Bin,percent,8.2,8.3, 0.00012899026432950324205957415
Pennsylvania,2 wk ahead,Bin,percent,8.3,8.4, 0.00012899026432950324205957415
Pennsylvania,2 wk ahead,Bin,percent,8.4,8.5, 0.00012899026432950324205957415
Pennsylvania,2 wk ahead,Bin,percent,8.5,8.6, 0.00012899026432950324205957415
Pennsylvania,2 wk ahead,Bin,percent,8.6,8.7, 0.00012899026432950324205957415
Pennsylvania,2 wk ahead,Bin,percent,8.7,8.8, 0.00012899026432950324205957415
Pennsylvania,2 wk ahead,Bin,percent,8.8,8.9, 0.00012899026432950324205957415
Pennsylvania,2 wk ahead,Bin,percent,8.9,9, 0.00012899026432950324205957415
Pennsylvania,2 wk ahead,Bin,percent,9,9.1, 0.00012899026432950324205957415
Pennsylvania,2 wk ahead,Bin,percent,9.1,9.2, 0.00012899026432950324205957415
Pennsylvania,2 wk ahead,Bin,percent,9.2,9.3, 0.00012899026432950324205957415
Pennsylvania,2 wk ahead,Bin,percent,9.3,9.4, 0.00012899026432950324205957415
Pennsylvania,2 wk ahead,Bin,percent,9.4,9.5, 0.00012899026432950324205957415
Pennsylvania,2 wk ahead,Bin,percent,9.5,9.6, 0.00012899026432950324205957415
Pennsylvania,2 wk ahead,Bin,percent,9.6,9.7, 0.00012899026432950324205957415
Pennsylvania,2 wk ahead,Bin,percent,9.7,9.8, 0.00012899026432950324205957415
Pennsylvania,2 wk ahead,Bin,percent,9.8,9.9, 0.00012899026432950324205957415
Pennsylvania,2 wk ahead,Bin,percent,9.9,10, 0.00012899026432950324205957415
Pennsylvania,2 wk ahead,Bin,percent,10,10.1, 0.00012899026432950324205957415
Pennsylvania,2 wk ahead,Bin,percent,10.1,10.2, 0.00012899026432950324205957415
Pennsylvania,2 wk ahead,Bin,percent,10.2,10.3, 0.00012899026432950324205957415
Pennsylvania,2 wk ahead,Bin,percent,10.3,10.4, 0.00012899026432950324205957415
Pennsylvania,2 wk ahead,Bin,percent,10.4,10.5, 0.00012899026432950324205957415
Pennsylvania,2 wk ahead,Bin,percent,10.5,10.6, 0.00012899026432950324205957415
Pennsylvania,2 wk ahead,Bin,percent,10.6,10.7, 0.00012899026432950324205957415
Pennsylvania,2 wk ahead,Bin,percent,10.7,10.8, 0.00012899026432950324205957415
Pennsylvania,2 wk ahead,Bin,percent,10.8,10.9, 0.00012899026432950324205957415
Pennsylvania,2 wk ahead,Bin,percent,10.9,11, 0.00012899026432950324205957415
Pennsylvania,2 wk ahead,Bin,percent,11,11.1, 0.00012899026432950324205957415
Pennsylvania,2 wk ahead,Bin,percent,11.1,11.2, 0.00012899026432950324205957415
Pennsylvania,2 wk ahead,Bin,percent,11.2,11.3, 0.00012899026432950324205957415
Pennsylvania,2 wk ahead,Bin,percent,11.3,11.4, 0.00012899026432950324205957415
Pennsylvania,2 wk ahead,Bin,percent,11.4,11.5, 0.00012899026432950324205957415
Pennsylvania,2 wk ahead,Bin,percent,11.5,11.6, 0.00012899026432950324205957415
Pennsylvania,2 wk ahead,Bin,percent,11.6,11.7, 0.00012899026432950324205957415
Pennsylvania,2 wk ahead,Bin,percent,11.7,11.8, 0.00012899026432950324205957415
Pennsylvania,2 wk ahead,Bin,percent,11.8,11.9, 0.00012899026432950324205957415
Pennsylvania,2 wk ahead,Bin,percent,11.9,12, 0.00012899026432950324205957415
Pennsylvania,2 wk ahead,Bin,percent,12,12.1, 0.00012899026432950324205957415
Pennsylvania,2 wk ahead,Bin,percent,12.1,12.2, 0.00012899026432950324205957415
Pennsylvania,2 wk ahead,Bin,percent,12.2,12.3, 0.00012899026432950324205957415
Pennsylvania,2 wk ahead,Bin,percent,12.3,12.4, 0.00012899026432950324205957415
Pennsylvania,2 wk ahead,Bin,percent,12.4,12.5, 0.00012899026432950324205957415
Pennsylvania,2 wk ahead,Bin,percent,12.5,12.6, 0.00012899026432950324205957415
Pennsylvania,2 wk ahead,Bin,percent,12.6,12.7, 0.00012899026432950324205957415
Pennsylvania,2 wk ahead,Bin,percent,12.7,12.8, 0.00012899026432950324205957415
Pennsylvania,2 wk ahead,Bin,percent,12.8,12.9, 0.00012899026432950324205957415
Pennsylvania,2 wk ahead,Bin,percent,12.9,13, 0.00012899026432950324205957415
Pennsylvania,2 wk ahead,Bin,percent,13,100, 0.00012899026432950324205957415
Pennsylvania,3 wk ahead,Bin,percent,0,0.1, 0.00010214514197655565313615361
Pennsylvania,3 wk ahead,Bin,percent,0.1,0.2, 0.00028599158417823874848984200
Pennsylvania,3 wk ahead,Bin,percent,0.2,0.3, 0.00054547254198577805987813161
Pennsylvania,3 wk ahead,Bin,percent,0.3,0.4, 0.00098545863352374652062437566
Pennsylvania,3 wk ahead,Bin,percent,0.4,0.5, 0.00168550562255928440894003906
Pennsylvania,3 wk ahead,Bin,percent,0.5,0.6, 0.00272966457432567222510244598
Pennsylvania,3 wk ahead,Bin,percent,0.6,0.7, 0.00418564037065929494402238831
Pennsylvania,3 wk ahead,Bin,percent,0.7,0.8, 0.00607692326708660947309770251
Pennsylvania,3 wk ahead,Bin,percent,0.8,0.9, 0.00835411476233642591449068959
Pennsylvania,3 wk ahead,Bin,percent,0.9,1, 0.01087462120002773320603939311
Pennsylvania,3 wk ahead,Bin,percent,1,1.1, 0.01340510606244974499412503377
Pennsylvania,3 wk ahead,Bin,percent,1.1,1.2, 0.01565116187378286574660712915
Pennsylvania,3 wk ahead,Bin,percent,1.2,1.3, 0.01731526298060416524382532089
Pennsylvania,3 wk ahead,Bin,percent,1.3,1.4, 0.01816834577166049832785965634
Pennsylvania,3 wk ahead,Bin,percent,1.4,1.5, 0.01811642082532950379092362425
Pennsylvania,3 wk ahead,Bin,percent,1.5,1.6, 0.01724212578288821309802081316
Pennsylvania,3 wk ahead,Bin,percent,1.6,1.7, 0.01580554271323427947826267825
Pennsylvania,3 wk ahead,Bin,percent,1.7,1.8, 0.01420966074178618004930640950
Pennsylvania,3 wk ahead,Bin,percent,1.8,1.9, 0.01293369432122772923199338635
Pennsylvania,3 wk ahead,Bin,percent,1.9,2, 0.01245417906492578448418573345
Pennsylvania,3 wk ahead,Bin,percent,2,2.1, 0.01316419245055708807379257763
Pennsylvania,3 wk ahead,Bin,percent,2.1,2.2, 0.01529766449925895957506760681
Pennsylvania,3 wk ahead,Bin,percent,2.2,2.3, 0.01887088110880481145459341974
Pennsylvania,3 wk ahead,Bin,percent,2.3,2.4, 0.02364197084831690109929525079
Pennsylvania,3 wk ahead,Bin,percent,2.4,2.5, 0.02911244969074454347346403438
Pennsylvania,3 wk ahead,Bin,percent,2.5,2.6, 0.03457923564946772249095729990
Pennsylvania,3 wk ahead,Bin,percent,2.6,2.7, 0.03924351502146012499183669320
Pennsylvania,3 wk ahead,Bin,percent,2.7,2.8, 0.04236318930620625033967030504
Pennsylvania,3 wk ahead,Bin,percent,2.8,2.9, 0.04341097172497660611201197867
Pennsylvania,3 wk ahead,Bin,percent,2.9,3, 0.04219945764127379372876447405
Pennsylvania,3 wk ahead,Bin,percent,3,3.1, 0.03891760067728732702674321331
Pennsylvania,3 wk ahead,Bin,percent,3.1,3.2, 0.03408888981355984171273121319
Pennsylvania,3 wk ahead,Bin,percent,3.2,3.3, 0.02844623622630158832347291309
Pennsylvania,3 wk ahead,Bin,percent,3.3,3.4, 0.02277542307349327693755114410
Pennsylvania,3 wk ahead,Bin,percent,3.4,3.5, 0.01777395058734170668612861732
Pennsylvania,3 wk ahead,Bin,percent,3.5,3.6, 0.01395321771028871192521503275
Pennsylvania,3 wk ahead,Bin,percent,3.6,3.7, 0.01160178826296388160388417532
Pennsylvania,3 wk ahead,Bin,percent,3.7,3.8, 0.01079021751866695091881531710
Pennsylvania,3 wk ahead,Bin,percent,3.8,3.9, 0.01140447218083937529209404005
Pennsylvania,3 wk ahead,Bin,percent,3.9,4, 0.01318775745529823968660299016
Pennsylvania,3 wk ahead,Bin,percent,4,4.1, 0.01577858126579477146544938648
Pennsylvania,3 wk ahead,Bin,percent,4.1,4.2, 0.01875407538765499343424991707
Pennsylvania,3 wk ahead,Bin,percent,4.2,4.3, 0.02167537065015013447721869966
Pennsylvania,3 wk ahead,Bin,percent,4.3,4.4, 0.02414003386335879589030817272
Pennsylvania,3 wk ahead,Bin,percent,4.4,4.5, 0.02583068073894469185436406633
Pennsylvania,3 wk ahead,Bin,percent,4.5,4.6, 0.02655102387973830996292790019
Pennsylvania,3 wk ahead,Bin,percent,4.6,4.7, 0.02624073727451584764347458645
Pennsylvania,3 wk ahead,Bin,percent,4.7,4.8, 0.02496394961454844255155371968
Pennsylvania,3 wk ahead,Bin,percent,4.8,4.9, 0.02288238655530939677507085150
Pennsylvania,3 wk ahead,Bin,percent,4.9,5, 0.02021836731336721509899589933
Pennsylvania,3 wk ahead,Bin,percent,5,5.1, 0.01721811260500633392056535342
Pennsylvania,3 wk ahead,Bin,percent,5.1,5.2, 0.01412245405233803624556188083
Pennsylvania,3 wk ahead,Bin,percent,5.2,5.3, 0.01114240963824435388940248259
Pennsylvania,3 wk ahead,Bin,percent,5.3,5.4, 0.00844310342833719945643267124
Pennsylvania,3 wk ahead,Bin,percent,5.4,5.5, 0.00613326621028778291161431824
Pennsylvania,3 wk ahead,Bin,percent,5.5,5.6, 0.00426339136327627717115706929
Pennsylvania,3 wk ahead,Bin,percent,5.6,5.7, 0.00283104190835035919235340707
Pennsylvania,3 wk ahead,Bin,percent,5.7,5.8, 0.00179278120494204317239561597
Pennsylvania,3 wk ahead,Bin,percent,5.8,5.9, 0.00108127145929776168412073112
Pennsylvania,3 wk ahead,Bin,percent,5.9,6, 0.00062037421209851890350345238
Pennsylvania,3 wk ahead,Bin,percent,6,6.1, 0.00033824366315868910261993596
Pennsylvania,3 wk ahead,Bin,percent,6.1,6.2, 0.00017541845970617755035188268
Pennsylvania,3 wk ahead,Bin,percent,6.2,6.3, 0.00012830153576692463054595428
Pennsylvania,3 wk ahead,Bin,percent,6.3,6.4, 0.00012830153576692463054595428
Pennsylvania,3 wk ahead,Bin,percent,6.4,6.5, 0.00012830153576692463054595428
Pennsylvania,3 wk ahead,Bin,percent,6.5,6.6, 0.00012830153576692463054595428
Pennsylvania,3 wk ahead,Bin,percent,6.6,6.7, 0.00012830153576692463054595428
Pennsylvania,3 wk ahead,Bin,percent,6.7,6.8, 0.00012830153576692463054595428
Pennsylvania,3 wk ahead,Bin,percent,6.8,6.9, 0.00012830153576692463054595428
Pennsylvania,3 wk ahead,Bin,percent,6.9,7, 0.00012830153576692463054595428
Pennsylvania,3 wk ahead,Bin,percent,7,7.1, 0.00012830153576692463054595428
Pennsylvania,3 wk ahead,Bin,percent,7.1,7.2, 0.00012830153576692463054595428
Pennsylvania,3 wk ahead,Bin,percent,7.2,7.3, 0.00012830153576692463054595428
Pennsylvania,3 wk ahead,Bin,percent,7.3,7.4, 0.00012830153576692463054595428
Pennsylvania,3 wk ahead,Bin,percent,7.4,7.5, 0.00012830153576692463054595428
Pennsylvania,3 wk ahead,Bin,percent,7.5,7.6, 0.00012830153576692463054595428
Pennsylvania,3 wk ahead,Bin,percent,7.6,7.7, 0.00012830153576692463054595428
Pennsylvania,3 wk ahead,Bin,percent,7.7,7.8, 0.00012830153576692463054595428
Pennsylvania,3 wk ahead,Bin,percent,7.8,7.9, 0.00012830153576692463054595428
Pennsylvania,3 wk ahead,Bin,percent,7.9,8, 0.00012830153576692463054595428
Pennsylvania,3 wk ahead,Bin,percent,8,8.1, 0.00012830153576692576895823539
Pennsylvania,3 wk ahead,Bin,percent,8.1,8.2, 0.00012830153576692690737051650
Pennsylvania,3 wk ahead,Bin,percent,8.2,8.3, 0.00012830153576692690737051650
Pennsylvania,3 wk ahead,Bin,percent,8.3,8.4, 0.00012830153576692690737051650
Pennsylvania,3 wk ahead,Bin,percent,8.4,8.5, 0.00012830153576692690737051650
Pennsylvania,3 wk ahead,Bin,percent,8.5,8.6, 0.00012830153576692690737051650
Pennsylvania,3 wk ahead,Bin,percent,8.6,8.7, 0.00012830153576692690737051650
Pennsylvania,3 wk ahead,Bin,percent,8.7,8.8, 0.00012830153576692690737051650
Pennsylvania,3 wk ahead,Bin,percent,8.8,8.9, 0.00012830153576692690737051650
Pennsylvania,3 wk ahead,Bin,percent,8.9,9, 0.00012830153576692690737051650
Pennsylvania,3 wk ahead,Bin,percent,9,9.1, 0.00012830153576692690737051650
Pennsylvania,3 wk ahead,Bin,percent,9.1,9.2, 0.00012830153576692690737051650
Pennsylvania,3 wk ahead,Bin,percent,9.2,9.3, 0.00012830153576692690737051650
Pennsylvania,3 wk ahead,Bin,percent,9.3,9.4, 0.00012830153576692690737051650
Pennsylvania,3 wk ahead,Bin,percent,9.4,9.5, 0.00012830153576692690737051650
Pennsylvania,3 wk ahead,Bin,percent,9.5,9.6, 0.00012830153576692690737051650
Pennsylvania,3 wk ahead,Bin,percent,9.6,9.7, 0.00012830153576692690737051650
Pennsylvania,3 wk ahead,Bin,percent,9.7,9.8, 0.00012830153576692690737051650
Pennsylvania,3 wk ahead,Bin,percent,9.8,9.9, 0.00012830153576692690737051650
Pennsylvania,3 wk ahead,Bin,percent,9.9,10, 0.00012830153576692690737051650
Pennsylvania,3 wk ahead,Bin,percent,10,10.1, 0.00012830153576692690737051650
Pennsylvania,3 wk ahead,Bin,percent,10.1,10.2, 0.00012830153576692690737051650
Pennsylvania,3 wk ahead,Bin,percent,10.2,10.3, 0.00012830153576692690737051650
Pennsylvania,3 wk ahead,Bin,percent,10.3,10.4, 0.00012830153576692690737051650
Pennsylvania,3 wk ahead,Bin,percent,10.4,10.5, 0.00012830153576692690737051650
Pennsylvania,3 wk ahead,Bin,percent,10.5,10.6, 0.00012830153576692690737051650
Pennsylvania,3 wk ahead,Bin,percent,10.6,10.7, 0.00012830153576692690737051650
Pennsylvania,3 wk ahead,Bin,percent,10.7,10.8, 0.00012830153576692690737051650
Pennsylvania,3 wk ahead,Bin,percent,10.8,10.9, 0.00012830153576692690737051650
Pennsylvania,3 wk ahead,Bin,percent,10.9,11, 0.00012830153576692690737051650
Pennsylvania,3 wk ahead,Bin,percent,11,11.1, 0.00012830153576692690737051650
Pennsylvania,3 wk ahead,Bin,percent,11.1,11.2, 0.00012830153576692690737051650
Pennsylvania,3 wk ahead,Bin,percent,11.2,11.3, 0.00012830153576692690737051650
Pennsylvania,3 wk ahead,Bin,percent,11.3,11.4, 0.00012830153576692690737051650
Pennsylvania,3 wk ahead,Bin,percent,11.4,11.5, 0.00012830153576692690737051650
Pennsylvania,3 wk ahead,Bin,percent,11.5,11.6, 0.00012830153576692690737051650
Pennsylvania,3 wk ahead,Bin,percent,11.6,11.7, 0.00012830153576692690737051650
Pennsylvania,3 wk ahead,Bin,percent,11.7,11.8, 0.00012830153576692690737051650
Pennsylvania,3 wk ahead,Bin,percent,11.8,11.9, 0.00012830153576692690737051650
Pennsylvania,3 wk ahead,Bin,percent,11.9,12, 0.00012830153576692690737051650
Pennsylvania,3 wk ahead,Bin,percent,12,12.1, 0.00012830153576692690737051650
Pennsylvania,3 wk ahead,Bin,percent,12.1,12.2, 0.00012830153576692690737051650
Pennsylvania,3 wk ahead,Bin,percent,12.2,12.3, 0.00012830153576692690737051650
Pennsylvania,3 wk ahead,Bin,percent,12.3,12.4, 0.00012830153576692690737051650
Pennsylvania,3 wk ahead,Bin,percent,12.4,12.5, 0.00012830153576692690737051650
Pennsylvania,3 wk ahead,Bin,percent,12.5,12.6, 0.00012830153576692690737051650
Pennsylvania,3 wk ahead,Bin,percent,12.6,12.7, 0.00012830153576692690737051650
Pennsylvania,3 wk ahead,Bin,percent,12.7,12.8, 0.00012830153576692690737051650
Pennsylvania,3 wk ahead,Bin,percent,12.8,12.9, 0.00012830153576692690737051650
Pennsylvania,3 wk ahead,Bin,percent,12.9,13, 0.00012830153576692690737051650
Pennsylvania,3 wk ahead,Bin,percent,13,100, 0.00012830153576692690737051650
Pennsylvania,4 wk ahead,Bin,percent,0,0.1, 0.00013490614643271039790016486
Pennsylvania,4 wk ahead,Bin,percent,0.1,0.2, 0.00026981229286542079580032971
Pennsylvania,4 wk ahead,Bin,percent,0.2,0.3, 0.00026981229286542068738011246
Pennsylvania,4 wk ahead,Bin,percent,0.3,0.4, 0.00026981229286542068738011246
Pennsylvania,4 wk ahead,Bin,percent,0.4,0.5, 0.00033010912482630909957348475
Pennsylvania,4 wk ahead,Bin,percent,0.5,0.6, 0.00074782980842629854546788071
Pennsylvania,4 wk ahead,Bin,percent,0.6,0.7, 0.00161376090769562319932051153
Pennsylvania,4 wk ahead,Bin,percent,0.7,0.8, 0.00316200926189146675968077993
Pennsylvania,4 wk ahead,Bin,percent,0.8,0.9, 0.00562725121726130334681714729
Pennsylvania,4 wk ahead,Bin,percent,0.9,1, 0.00909406378541964717510115435
Pennsylvania,4 wk ahead,Bin,percent,1,1.1, 0.01334739669237391609946108417
Pennsylvania,4 wk ahead,Bin,percent,1.1,1.2, 0.01779249823967979371452940995
Pennsylvania,4 wk ahead,Bin,percent,1.2,1.3, 0.02154614043031564951657941265
Pennsylvania,4 wk ahead,Bin,percent,1.3,1.4, 0.02371863359189121250869547453
Pennsylvania,4 wk ahead,Bin,percent,1.4,1.5, 0.02378269433162772880652191532
Pennsylvania,4 wk ahead,Bin,percent,1.5,1.6, 0.02185253895121013617552918618
Pennsylvania,4 wk ahead,Bin,percent,1.6,1.7, 0.01872436655430792518117755208
Pennsylvania,4 wk ahead,Bin,percent,1.7,1.8, 0.01567372401920857569179723612
Pennsylvania,4 wk ahead,Bin,percent,1.8,1.9, 0.01411371297205086042247934586
Pennsylvania,4 wk ahead,Bin,percent,1.9,2, 0.01524002939383908156179003868
Pennsylvania,4 wk ahead,Bin,percent,2,2.1, 0.01971815748493159839438426673
Pennsylvania,4 wk ahead,Bin,percent,2.1,2.2, 0.02740415353435278131288832526
Pennsylvania,4 wk ahead,Bin,percent,2.2,2.3, 0.03718133287462681985102719295
Pennsylvania,4 wk ahead,Bin,percent,2.3,2.4, 0.04703432270196230419179173055
Pennsylvania,4 wk ahead,Bin,percent,2.4,2.5, 0.05452557511770472764567330159
Pennsylvania,4 wk ahead,Bin,percent,2.5,2.6, 0.05759167507932221735655886619
Pennsylvania,4 wk ahead,Bin,percent,2.6,2.7, 0.05532809476337005594182016921
Pennsylvania,4 wk ahead,Bin,percent,2.7,2.8, 0.04836388300053835048730732638
Pennsylvania,4 wk ahead,Bin,percent,2.8,2.9, 0.03858070705056707710989272186
Pennsylvania,4 wk ahead,Bin,percent,2.9,3, 0.02837328844501709607106576527
Pennsylvania,4 wk ahead,Bin,percent,3,3.1, 0.01984606211738925221621521189
Pennsylvania,4 wk ahead,Bin,percent,3.1,3.2, 0.01431628730082255482325415130
Pennsylvania,4 wk ahead,Bin,percent,3.2,3.3, 0.01222548851086380228281313975
Pennsylvania,4 wk ahead,Bin,percent,3.3,3.4, 0.01329402475098376106010800157
Pennsylvania,4 wk ahead,Bin,percent,3.4,3.5, 0.01674307485550249885442042341
Pennsylvania,4 wk ahead,Bin,percent,3.5,3.6, 0.02147592339271239825215786823
Pennsylvania,4 wk ahead,Bin,percent,3.6,3.7, 0.02627976243339616088667831661
Pennsylvania,4 wk ahead,Bin,percent,3.7,3.8, 0.03007138487706416049571878091
Pennsylvania,4 wk ahead,Bin,percent,3.8,3.9, 0.03214144293909056843139282478
Pennsylvania,4 wk ahead,Bin,percent,3.9,4, 0.03227613330197990487713255447
Pennsylvania,4 wk ahead,Bin,percent,4,4.1, 0.03068140685671429113146047030
Pennsylvania,4 wk ahead,Bin,percent,4.1,4.2, 0.02777950411688158080525390403
Pennsylvania,4 wk ahead,Bin,percent,4.2,4.3, 0.02401440776308617908174625200
Pennsylvania,4 wk ahead,Bin,percent,4.3,4.4, 0.01977536934923658160090376157
Pennsylvania,4 wk ahead,Bin,percent,4.4,4.5, 0.01541558250039000259323795916
Pennsylvania,4 wk ahead,Bin,percent,4.5,4.6, 0.01128205609958053863561833197
Pennsylvania,4 wk ahead,Bin,percent,4.6,4.7, 0.00768765191530246163459372255
Pennsylvania,4 wk ahead,Bin,percent,4.7,4.8, 0.00484227237106794970028511571
Pennsylvania,4 wk ahead,Bin,percent,4.8,4.9, 0.00280390745933812050513789238
Pennsylvania,4 wk ahead,Bin,percent,4.9,5, 0.00148656237369444244392213683
Pennsylvania,4 wk ahead,Bin,percent,5,5.1, 0.00071957955196238761012839102
Pennsylvania,4 wk ahead,Bin,percent,5.1,5.2, 0.00031741069928698173929423887
Pennsylvania,4 wk ahead,Bin,percent,5.2,5.3, 0.00016882202408303206798631524
Pennsylvania,4 wk ahead,Bin,percent,5.3,5.4, 0.00016594346256567529102575465
Pennsylvania,4 wk ahead,Bin,percent,5.4,5.5, 0.00016594346256567529102575465
Pennsylvania,4 wk ahead,Bin,percent,5.5,5.6, 0.00016594346256567529102575465
Pennsylvania,4 wk ahead,Bin,percent,5.6,5.7, 0.00016594346256567529102575465
Pennsylvania,4 wk ahead,Bin,percent,5.7,5.8, 0.00016594346256567529102575465
Pennsylvania,4 wk ahead,Bin,percent,5.8,5.9, 0.00016594346256567529102575465
Pennsylvania,4 wk ahead,Bin,percent,5.9,6, 0.00016594346256567529102575465
Pennsylvania,4 wk ahead,Bin,percent,6,6.1, 0.00016594346256567529102575465
Pennsylvania,4 wk ahead,Bin,percent,6.1,6.2, 0.00016594346256567529102575465
Pennsylvania,4 wk ahead,Bin,percent,6.2,6.3, 0.00016594346256567529102575465
Pennsylvania,4 wk ahead,Bin,percent,6.3,6.4, 0.00016594346256567529102575465
Pennsylvania,4 wk ahead,Bin,percent,6.4,6.5, 0.00016594346256567529102575465
Pennsylvania,4 wk ahead,Bin,percent,6.5,6.6, 0.00016594346256567529102575465
Pennsylvania,4 wk ahead,Bin,percent,6.6,6.7, 0.00016594346256567529102575465
Pennsylvania,4 wk ahead,Bin,percent,6.7,6.8, 0.00016594346256567529102575465
Pennsylvania,4 wk ahead,Bin,percent,6.8,6.9, 0.00016594346256567529102575465
Pennsylvania,4 wk ahead,Bin,percent,6.9,7, 0.00016594346256567529102575465
Pennsylvania,4 wk ahead,Bin,percent,7,7.1, 0.00016594346256567529102575465
Pennsylvania,4 wk ahead,Bin,percent,7.1,7.2, 0.00016594346256567529102575465
Pennsylvania,4 wk ahead,Bin,percent,7.2,7.3, 0.00016594346256567529102575465
Pennsylvania,4 wk ahead,Bin,percent,7.3,7.4, 0.00016594346256567529102575465
Pennsylvania,4 wk ahead,Bin,percent,7.4,7.5, 0.00016594346256567529102575465
Pennsylvania,4 wk ahead,Bin,percent,7.5,7.6, 0.00016594346256567529102575465
Pennsylvania,4 wk ahead,Bin,percent,7.6,7.7, 0.00016594346256567529102575465
Pennsylvania,4 wk ahead,Bin,percent,7.7,7.8, 0.00016594346256567529102575465
Pennsylvania,4 wk ahead,Bin,percent,7.8,7.9, 0.00016594346256567529102575465
Pennsylvania,4 wk ahead,Bin,percent,7.9,8, 0.00016594346256567529102575465
Pennsylvania,4 wk ahead,Bin,percent,8,8.1, 0.00016594346256567675469868750
Pennsylvania,4 wk ahead,Bin,percent,8.1,8.2, 0.00016594346256567824547667467
Pennsylvania,4 wk ahead,Bin,percent,8.2,8.3, 0.00016594346256567824547667467
Pennsylvania,4 wk ahead,Bin,percent,8.3,8.4, 0.00016594346256567824547667467
Pennsylvania,4 wk ahead,Bin,percent,8.4,8.5, 0.00016594346256567824547667467
Pennsylvania,4 wk ahead,Bin,percent,8.5,8.6, 0.00016594346256567824547667467
Pennsylvania,4 wk ahead,Bin,percent,8.6,8.7, 0.00016594346256567824547667467
Pennsylvania,4 wk ahead,Bin,percent,8.7,8.8, 0.00016594346256567824547667467
Pennsylvania,4 wk ahead,Bin,percent,8.8,8.9, 0.00016594346256567824547667467
Pennsylvania,4 wk ahead,Bin,percent,8.9,9, 0.00016594346256567824547667467
Pennsylvania,4 wk ahead,Bin,percent,9,9.1, 0.00016594346256567824547667467
Pennsylvania,4 wk ahead,Bin,percent,9.1,9.2, 0.00016594346256567824547667467
Pennsylvania,4 wk ahead,Bin,percent,9.2,9.3, 0.00016594346256567824547667467
Pennsylvania,4 wk ahead,Bin,percent,9.3,9.4, 0.00016594346256567824547667467
Pennsylvania,4 wk ahead,Bin,percent,9.4,9.5, 0.00016594346256567824547667467
Pennsylvania,4 wk ahead,Bin,percent,9.5,9.6, 0.00016594346256567824547667467
Pennsylvania,4 wk ahead,Bin,percent,9.6,9.7, 0.00016594346256567824547667467
Pennsylvania,4 wk ahead,Bin,percent,9.7,9.8, 0.00016594346256567824547667467
Pennsylvania,4 wk ahead,Bin,percent,9.8,9.9, 0.00016594346256567824547667467
Pennsylvania,4 wk ahead,Bin,percent,9.9,10, 0.00016594346256567824547667467
Pennsylvania,4 wk ahead,Bin,percent,10,10.1, 0.00016594346256567824547667467
Pennsylvania,4 wk ahead,Bin,percent,10.1,10.2, 0.00016594346256567824547667467
Pennsylvania,4 wk ahead,Bin,percent,10.2,10.3, 0.00016594346256567824547667467
Pennsylvania,4 wk ahead,Bin,percent,10.3,10.4, 0.00016594346256567824547667467
Pennsylvania,4 wk ahead,Bin,percent,10.4,10.5, 0.00016594346256567824547667467
Pennsylvania,4 wk ahead,Bin,percent,10.5,10.6, 0.00016594346256567824547667467
Pennsylvania,4 wk ahead,Bin,percent,10.6,10.7, 0.00016594346256567824547667467
Pennsylvania,4 wk ahead,Bin,percent,10.7,10.8, 0.00016594346256567824547667467
Pennsylvania,4 wk ahead,Bin,percent,10.8,10.9, 0.00016594346256567824547667467
Pennsylvania,4 wk ahead,Bin,percent,10.9,11, 0.00016594346256567824547667467
Pennsylvania,4 wk ahead,Bin,percent,11,11.1, 0.00016594346256567824547667467
Pennsylvania,4 wk ahead,Bin,percent,11.1,11.2, 0.00016594346256567824547667467
Pennsylvania,4 wk ahead,Bin,percent,11.2,11.3, 0.00016594346256567824547667467
Pennsylvania,4 wk ahead,Bin,percent,11.3,11.4, 0.00016594346256567824547667467
Pennsylvania,4 wk ahead,Bin,percent,11.4,11.5, 0.00016594346256567824547667467
Pennsylvania,4 wk ahead,Bin,percent,11.5,11.6, 0.00016594346256567824547667467
Pennsylvania,4 wk ahead,Bin,percent,11.6,11.7, 0.00016594346256567824547667467
Pennsylvania,4 wk ahead,Bin,percent,11.7,11.8, 0.00016594346256567824547667467
Pennsylvania,4 wk ahead,Bin,percent,11.8,11.9, 0.00016594346256567824547667467
Pennsylvania,4 wk ahead,Bin,percent,11.9,12, 0.00016594346256567824547667467
Pennsylvania,4 wk ahead,Bin,percent,12,12.1, 0.00016594346256567824547667467
Pennsylvania,4 wk ahead,Bin,percent,12.1,12.2, 0.00016594346256567824547667467
Pennsylvania,4 wk ahead,Bin,percent,12.2,12.3, 0.00016594346256567824547667467
Pennsylvania,4 wk ahead,Bin,percent,12.3,12.4, 0.00016594346256567824547667467
Pennsylvania,4 wk ahead,Bin,percent,12.4,12.5, 0.00016594346256567824547667467
Pennsylvania,4 wk ahead,Bin,percent,12.5,12.6, 0.00016594346256567824547667467
Pennsylvania,4 wk ahead,Bin,percent,12.6,12.7, 0.00016594346256567824547667467
Pennsylvania,4 wk ahead,Bin,percent,12.7,12.8, 0.00016594346256567824547667467
Pennsylvania,4 wk ahead,Bin,percent,12.8,12.9, 0.00016594346256567824547667467
Pennsylvania,4 wk ahead,Bin,percent,12.9,13, 0.00016594346256567824547667467
Pennsylvania,4 wk ahead,Bin,percent,13,100, 0.00016594346256567824547667467
Oregon,Season peak week,Bin,week,40,41, 0.00068599829339811748806637892
Oregon,Season peak week,Bin,week,41,42, 0.00068599829339811748806637892
Oregon,Season peak week,Bin,week,42,43, 0.00068599829339811748806637892
Oregon,Season peak week,Bin,week,43,44, 0.00068599829339811748806637892
Oregon,Season peak week,Bin,week,44,45, 0.00068599829339811748806637892
Oregon,Season peak week,Bin,week,45,46, 0.00068599829339811748806637892
Oregon,Season peak week,Bin,week,46,47, 0.00068599829339811748806637892
Oregon,Season peak week,Bin,week,47,48, 0.00068599829339811748806637892
Oregon,Season peak week,Bin,week,48,49, 0.00068599829339811748806637892
Oregon,Season peak week,Bin,week,49,50, 0.00068651134829574749548347645
Oregon,Season peak week,Bin,week,50,51, 0.00275851485280336795880007372
Oregon,Season peak week,Bin,week,51,52, 0.01537213892096216463767355265
Oregon,Season peak week,Bin,week,52,53, 0.04479222794653065636838462638
Oregon,Season peak week,Bin,week,1,2, 0.07658392851422719804777017316
Oregon,Season peak week,Bin,week,2,3, 0.10460919316710765025746354695
Oregon,Season peak week,Bin,week,3,4, 0.14230604138394009616774837923
Oregon,Season peak week,Bin,week,4,5, 0.15057200923928976132870616311
Oregon,Season peak week,Bin,week,5,6, 0.10619000296015548845396381239
Oregon,Season peak week,Bin,week,6,7, 0.07131393594473291186464081193
Oregon,Season peak week,Bin,week,7,8, 0.06247353939877051814955066789
Oregon,Season peak week,Bin,week,8,9, 0.04132461117489816954106984781
Oregon,Season peak week,Bin,week,9,10, 0.01701288642804304682143445859
Oregon,Season peak week,Bin,week,10,11, 0.01570578632968801929825630737
Oregon,Season peak week,Bin,week,11,12, 0.03650816393363642831104698416
Oregon,Season peak week,Bin,week,12,13, 0.05098079605405300696041592801
Oregon,Season peak week,Bin,week,13,14, 0.03626592053887663785749495560
Oregon,Season peak week,Bin,week,14,15, 0.01304988329946151111304875059
Oregon,Season peak week,Bin,week,15,16, 0.00236808452062369683213671756
Oregon,Season peak week,Bin,week,16,17, 0.00059072079697956153803567458
Oregon,Season peak week,Bin,week,17,18, 0.00059027965158532571133404021
Oregon,Season peak week,Bin,week,18,19, 0.00059027965158532571133404021
Oregon,Season peak week,Bin,week,19,20, 0.00059027965158532571133404021
Oregon,Season peak week,Bin,week,20,21, 0.00059027965158532571133404021
Oregon,Season peak percentage,Bin,percent,0,0.1, 0.00018692313072971719818161918
Oregon,Season peak percentage,Bin,percent,0.1,0.2, 0.00047693233404156129160919586
Oregon,Season peak percentage,Bin,percent,0.2,0.3, 0.00064937238341004357121410973
Oregon,Season peak percentage,Bin,percent,0.3,0.4, 0.00087224506578882947047115515
Oregon,Season peak percentage,Bin,percent,0.4,0.5, 0.00115551147871426930502369856
Oregon,Season peak percentage,Bin,percent,0.5,0.6, 0.00151022742570001457240724818
Oregon,Season peak percentage,Bin,percent,0.6,0.7, 0.00194691864673424293828707388
Oregon,Season peak percentage,Bin,percent,0.7,0.8, 0.00247638772070848858092295686
Oregon,Season peak percentage,Bin,percent,0.8,0.9, 0.00310729520546662802207849019
Oregon,Season peak percentage,Bin,percent,0.9,1, 0.00384735715517380526262680718
Oregon,Season peak percentage,Bin,percent,1,1.1, 0.00470015314814160693746014630
Oregon,Season peak percentage,Bin,percent,1.1,1.2, 0.00566684467575296474395329938
Oregon,Season peak percentage,Bin,percent,1.2,1.3, 0.00674285440952169905226565305
Oregon,Season peak percentage,Bin,percent,1.3,1.4, 0.00791981306034613558031409752
Oregon,Season peak percentage,Bin,percent,1.4,1.5, 0.00918319688684064022732300714
Oregon,Season peak percentage,Bin,percent,1.5,1.6, 0.01051425973022508848775391499
Oregon,Season peak percentage,Bin,percent,1.6,1.7, 0.01188923258858978239393966447
Oregon,Season peak percentage,Bin,percent,1.7,1.8, 0.01328123189138318352431333835
Oregon,Season peak percentage,Bin,percent,1.8,1.9, 0.01466103906264779391244168494
Oregon,Season peak percentage,Bin,percent,1.9,2, 0.01599910696694665374062438445
Oregon,Season peak percentage,Bin,percent,2,2.1, 0.01726711174879101348689225404
Oregon,Season peak percentage,Bin,percent,2.1,2.2, 0.01844021957831076807821091279
Oregon,Season peak percentage,Bin,percent,2.2,2.3, 0.01949817944975129266338420564
Oregon,Season peak percentage,Bin,percent,2.3,2.4, 0.02042763652131314097704084531
Oregon,Season peak percentage,Bin,percent,2.4,2.5, 0.02122184715037109259405667672
Oregon,Season peak percentage,Bin,percent,2.5,2.6, 0.02188243797926216552274247817
Oregon,Season peak percentage,Bin,percent,2.6,2.7, 0.02241768266369283113537136387
Oregon,Season peak percentage,Bin,percent,2.7,2.8, 0.02284300121641695546781392068
Oregon,Season peak percentage,Bin,percent,2.8,2.9, 0.02317817180227227727429273330
Oregon,Season peak percentage,Bin,percent,2.9,3, 0.02344667137004759552287858071
Oregon,Season peak percentage,Bin,percent,3,3.1, 0.02367255588500971272281070412
Oregon,Season peak percentage,Bin,percent,3.1,3.2, 0.02387893383545487691055342339
Oregon,Season peak percentage,Bin,percent,3.2,3.3, 0.02408555211967722611832165569
Oregon,Season peak percentage,Bin,percent,3.3,3.4, 0.02430713842033419350152634308
Oregon,Season peak percentage,Bin,percent,3.4,3.5, 0.02455226735035423782371744039
Oregon,Season peak percentage,Bin,percent,3.5,3.6, 0.02482229628516172820207330574
Oregon,Season peak percentage,Bin,percent,3.6,3.7, 0.02511161457934006288605921497
Oregon,Season peak percentage,Bin,percent,3.7,3.8, 0.02540771327940721802107759686
Oregon,Season peak percentage,Bin,percent,3.8,3.9, 0.02569231559740986145512486871
Oregon,Season peak percentage,Bin,percent,3.9,4, 0.02594281615410794217257972605
Oregon,Season peak percentage,Bin,percent,4,4.1, 0.02613350795819832303457097566
Oregon,Season peak percentage,Bin,percent,4.1,4.2, 0.02623820620466214836863372284
Oregon,Season peak percentage,Bin,percent,4.2,4.3, 0.02623093356429762393333682269
Oregon,Season peak percentage,Bin,percent,4.3,4.4, 0.02608909949366667799242058834
Oregon,Season peak percentage,Bin,percent,4.4,4.5, 0.02579336831054322362599684482
Oregon,Season peak percentage,Bin,percent,4.5,4.6, 0.02533080993114191631354614742
Oregon,Season peak percentage,Bin,percent,4.6,4.7, 0.02469366905665088679500129842
Oregon,Season peak percentage,Bin,percent,4.7,4.8, 0.02388218163735928920021756028
Oregon,Season peak percentage,Bin,percent,4.8,4.9, 0.02290232263224559888792342122
Oregon,Season peak percentage,Bin,percent,4.9,5, 0.02176765492713687855097504098
Oregon,Season peak percentage,Bin,percent,5,5.1, 0.02049672559296134705109082574
Oregon,Season peak percentage,Bin,percent,5.1,5.2, 0.01911379866060727850118894366
Oregon,Season peak percentage,Bin,percent,5.2,5.3, 0.01764614103612236264972956690
Oregon,Season peak percentage,Bin,percent,5.3,5.4, 0.01612379438267290410191634464
Oregon,Season peak percentage,Bin,percent,5.4,5.5, 0.01457731926746134304417878980
Oregon,Season peak percentage,Bin,percent,5.5,5.6, 0.01303689448442947249051648839
Oregon,Season peak percentage,Bin,percent,5.6,5.7, 0.01153061870909664367312874589
Oregon,Season peak percentage,Bin,percent,5.7,5.8, 0.01008377592129049322988709747
Oregon,Season peak percentage,Bin,percent,5.8,5.9, 0.00871743813502633309309164389
Oregon,Season peak percentage,Bin,percent,5.9,6, 0.00744872830707843987946281672
Oregon,Season peak percentage,Bin,percent,6,6.1, 0.00628928509082102554089699353
Oregon,Season peak percentage,Bin,percent,6.1,6.2, 0.00524696260972283296669660402
Oregon,Season peak percentage,Bin,percent,6.2,6.3, 0.00432401779539825538434261176
Oregon,Season peak percentage,Bin,percent,6.3,6.4, 0.00351995607404473765528196694
Oregon,Season peak percentage,Bin,percent,6.4,6.5, 0.00282956327679744672545791850
Oregon,Season peak percentage,Bin,percent,6.5,6.6, 0.00224628733017787247938645834
Oregon,Season peak percentage,Bin,percent,6.6,6.7, 0.00176044414342765810285729167
Oregon,Season peak percentage,Bin,percent,6.7,6.8, 0.00136220809575836689954420056
Oregon,Season peak percentage,Bin,percent,6.8,6.9, 0.00104033366425896538036421912
Oregon,Season peak percentage,Bin,percent,6.9,7, 0.00078430338639866325773503108
Oregon,Season peak percentage,Bin,percent,7,7.1, 0.00058345938022819293731352497
Oregon,Season peak percentage,Bin,percent,7.1,7.2, 0.00042839882353032680481486061
Oregon,Season peak percentage,Bin,percent,7.2,7.3, 0.00031032846259239566443985381
Oregon,Season peak percentage,Bin,percent,7.3,7.4, 0.00022183574092023714344201757
Oregon,Season peak percentage,Bin,percent,7.4,7.5, 0.00015642461747784698936590553
Oregon,Season peak percentage,Bin,percent,7.5,7.6, 0.00011459775811198619297620604
Oregon,Season peak percentage,Bin,percent,7.6,7.7, 0.00011020981062426449216193336
Oregon,Season peak percentage,Bin,percent,7.7,7.8, 0.00011020981062426449216193336
Oregon,Season peak percentage,Bin,percent,7.8,7.9, 0.00011020981062426449216193336
Oregon,Season peak percentage,Bin,percent,7.9,8, 0.00011020981062426449216193336
Oregon,Season peak percentage,Bin,percent,8,8.1, 0.00011020981062426548149641575
Oregon,Season peak percentage,Bin,percent,8.1,8.2, 0.00011020981062426645727837099
Oregon,Season peak percentage,Bin,percent,8.2,8.3, 0.00011020981062426645727837099
Oregon,Season peak percentage,Bin,percent,8.3,8.4, 0.00011020981062426645727837099
Oregon,Season peak percentage,Bin,percent,8.4,8.5, 0.00011020981062426645727837099
Oregon,Season peak percentage,Bin,percent,8.5,8.6, 0.00011020981062426645727837099
Oregon,Season peak percentage,Bin,percent,8.6,8.7, 0.00011020981062426645727837099
Oregon,Season peak percentage,Bin,percent,8.7,8.8, 0.00011020981062426645727837099
Oregon,Season peak percentage,Bin,percent,8.8,8.9, 0.00011020981062426645727837099
Oregon,Season peak percentage,Bin,percent,8.9,9, 0.00011020981062426645727837099
Oregon,Season peak percentage,Bin,percent,9,9.1, 0.00011020981062426645727837099
Oregon,Season peak percentage,Bin,percent,9.1,9.2, 0.00011020981062426645727837099
Oregon,Season peak percentage,Bin,percent,9.2,9.3, 0.00011020981062426645727837099
Oregon,Season peak percentage,Bin,percent,9.3,9.4, 0.00011020981062426645727837099
Oregon,Season peak percentage,Bin,percent,9.4,9.5, 0.00011020981062426645727837099
Oregon,Season peak percentage,Bin,percent,9.5,9.6, 0.00011020981062426645727837099
Oregon,Season peak percentage,Bin,percent,9.6,9.7, 0.00011020981062426645727837099
Oregon,Season peak percentage,Bin,percent,9.7,9.8, 0.00011020981062426645727837099
Oregon,Season peak percentage,Bin,percent,9.8,9.9, 0.00011020981062426645727837099
Oregon,Season peak percentage,Bin,percent,9.9,10, 0.00011020981062426645727837099
Oregon,Season peak percentage,Bin,percent,10,10.1, 0.00011020981062426645727837099
Oregon,Season peak percentage,Bin,percent,10.1,10.2, 0.00011020981062426645727837099
Oregon,Season peak percentage,Bin,percent,10.2,10.3, 0.00011020981062426645727837099
Oregon,Season peak percentage,Bin,percent,10.3,10.4, 0.00011020981062426645727837099
Oregon,Season peak percentage,Bin,percent,10.4,10.5, 0.00011020981062426645727837099
Oregon,Season peak percentage,Bin,percent,10.5,10.6, 0.00011020981062426645727837099
Oregon,Season peak percentage,Bin,percent,10.6,10.7, 0.00011020981062426645727837099
Oregon,Season peak percentage,Bin,percent,10.7,10.8, 0.00011020981062426645727837099
Oregon,Season peak percentage,Bin,percent,10.8,10.9, 0.00011020981062426645727837099
Oregon,Season peak percentage,Bin,percent,10.9,11, 0.00011020981062426645727837099
Oregon,Season peak percentage,Bin,percent,11,11.1, 0.00011020981062426645727837099
Oregon,Season peak percentage,Bin,percent,11.1,11.2, 0.00011020981062426645727837099
Oregon,Season peak percentage,Bin,percent,11.2,11.3, 0.00011020981062426645727837099
Oregon,Season peak percentage,Bin,percent,11.3,11.4, 0.00011020981062426645727837099
Oregon,Season peak percentage,Bin,percent,11.4,11.5, 0.00011020981062426645727837099
Oregon,Season peak percentage,Bin,percent,11.5,11.6, 0.00011020981062426645727837099
Oregon,Season peak percentage,Bin,percent,11.6,11.7, 0.00011020981062426645727837099
Oregon,Season peak percentage,Bin,percent,11.7,11.8, 0.00011020981062426645727837099
Oregon,Season peak percentage,Bin,percent,11.8,11.9, 0.00011020981062426645727837099
Oregon,Season peak percentage,Bin,percent,11.9,12, 0.00011020981062426645727837099
Oregon,Season peak percentage,Bin,percent,12,12.1, 0.00011020981062426645727837099
Oregon,Season peak percentage,Bin,percent,12.1,12.2, 0.00011020981062426645727837099
Oregon,Season peak percentage,Bin,percent,12.2,12.3, 0.00011020981062426645727837099
Oregon,Season peak percentage,Bin,percent,12.3,12.4, 0.00011020981062426645727837099
Oregon,Season peak percentage,Bin,percent,12.4,12.5, 0.00011020981062426645727837099
Oregon,Season peak percentage,Bin,percent,12.5,12.6, 0.00011020981062426645727837099
Oregon,Season peak percentage,Bin,percent,12.6,12.7, 0.00011020981062426645727837099
Oregon,Season peak percentage,Bin,percent,12.7,12.8, 0.00011020981062426645727837099
Oregon,Season peak percentage,Bin,percent,12.8,12.9, 0.00011020981062426645727837099
Oregon,Season peak percentage,Bin,percent,12.9,13, 0.00011020981062426645727837099
Oregon,Season peak percentage,Bin,percent,13,100, 0.00011020981062426645727837099
Oregon,1 wk ahead,Bin,percent,0,0.1, 0.00046272754581317657347760974
Oregon,1 wk ahead,Bin,percent,0.1,0.2, 0.00128230560974646628537298998
Oregon,1 wk ahead,Bin,percent,0.2,0.3, 0.00191343234445655579339939933
Oregon,1 wk ahead,Bin,percent,0.3,0.4, 0.00276747119771107458890968545
Oregon,1 wk ahead,Bin,percent,0.4,0.5, 0.00388206548761739099126510943
Oregon,1 wk ahead,Bin,percent,0.5,0.6, 0.00528558545580485802939385565
Oregon,1 wk ahead,Bin,percent,0.6,0.7, 0.00699158191001551972132421753
Oregon,1 wk ahead,Bin,percent,0.7,0.8, 0.00899409879241942940286680397
Oregon,1 wk ahead,Bin,percent,0.8,0.9, 0.01126625837703101526421356482
Oregon,1 wk ahead,Bin,percent,0.9,1, 0.01375994205315361415542518841
Oregon,1 wk ahead,Bin,percent,1,1.1, 0.01640982416666410953487442725
Oregon,1 wk ahead,Bin,percent,1.1,1.2, 0.01913802886880059186958114026
Oregon,1 wk ahead,Bin,percent,1.2,1.3, 0.02185985964160583328030895700
Oregon,1 wk ahead,Bin,percent,1.3,1.4, 0.02448880366406073691432077055
Oregon,1 wk ahead,Bin,percent,1.4,1.5, 0.02694010254681423674472107166
Oregon,1 wk ahead,Bin,percent,1.5,1.6, 0.02913352675357661764055094977
Oregon,1 wk ahead,Bin,percent,1.6,1.7, 0.03099594944636073837185286095
Oregon,1 wk ahead,Bin,percent,1.7,1.8, 0.03246592740751914202279593269
Oregon,1 wk ahead,Bin,percent,1.8,1.9, 0.03350041065168842674415472516
Oregon,1 wk ahead,Bin,percent,1.9,2, 0.03408399218736130747986479150
Oregon,1 wk ahead,Bin,percent,2,2.1, 0.03423870554574359043042974804
Oregon,1 wk ahead,Bin,percent,2.1,2.2, 0.03402992798483866349057436196
Oregon,1 wk ahead,Bin,percent,2.2,2.3, 0.03356697035182518162876874612
Oregon,1 wk ahead,Bin,percent,2.3,2.4, 0.03299242964409433709338514973
Oregon,1 wk ahead,Bin,percent,2.4,2.5, 0.03246255565211893234778273154
Oregon,1 wk ahead,Bin,percent,2.5,2.6, 0.03211904449188079935240125451
Oregon,1 wk ahead,Bin,percent,2.6,2.7, 0.03205920882225437446022553445
Oregon,1 wk ahead,Bin,percent,2.7,2.8, 0.03230984352093187184085110175
Oregon,1 wk ahead,Bin,percent,2.8,2.9, 0.03281417935018444975714402290
Oregon,1 wk ahead,Bin,percent,2.9,3, 0.03343438347245907688032318106
Oregon,1 wk ahead,Bin,percent,3,3.1, 0.03397223468049502537180472928
Oregon,1 wk ahead,Bin,percent,3.1,3.2, 0.03420409446573506595523639362
Oregon,1 wk ahead,Bin,percent,3.2,3.3, 0.03392244323145720413803516635
Oregon,1 wk ahead,Bin,percent,3.3,3.4, 0.03297621547096695610035155255
Oregon,1 wk ahead,Bin,percent,3.4,3.5, 0.03129862823043467329187095061
Oregon,1 wk ahead,Bin,percent,3.5,3.6, 0.02891981557670670471837937043
Oregon,1 wk ahead,Bin,percent,3.6,3.7, 0.02595890972510998123690129091
Oregon,1 wk ahead,Bin,percent,3.7,3.8, 0.02260173333965001876699751904
Oregon,1 wk ahead,Bin,percent,3.8,3.9, 0.01906774833017681539115706357
Oregon,1 wk ahead,Bin,percent,3.9,4, 0.01557535505147545490389759948
Oregon,1 wk ahead,Bin,percent,4,4.1, 0.01231210244872357750800517806
Oregon,1 wk ahead,Bin,percent,4.1,4.2, 0.00941529613884813966484532699
Oregon,1 wk ahead,Bin,percent,4.2,4.3, 0.00696357312769086984199917723
Oregon,1 wk ahead,Bin,percent,4.3,4.4, 0.00498021002772098663607946989
Oregon,1 wk ahead,Bin,percent,4.4,4.5, 0.00344388751861543496168849288
Oregon,1 wk ahead,Bin,percent,4.5,4.6, 0.00230237599226211205397096826
Oregon,1 wk ahead,Bin,percent,4.6,4.7, 0.00148803735969105926928435224
Oregon,1 wk ahead,Bin,percent,4.7,4.8, 0.00092974082721605690992489057
Oregon,1 wk ahead,Bin,percent,4.8,4.9, 0.00056154448297576883743914555
Oregon,1 wk ahead,Bin,percent,4.9,5, 0.00033358880697434466558459754
Oregon,1 wk ahead,Bin,percent,5,5.1, 0.00028547311385828852935142574
Oregon,1 wk ahead,Bin,percent,5.1,5.2, 0.00028547311385828852935142574
Oregon,1 wk ahead,Bin,percent,5.2,5.3, 0.00028547311385828852935142574
Oregon,1 wk ahead,Bin,percent,5.3,5.4, 0.00028547311385828852935142574
Oregon,1 wk ahead,Bin,percent,5.4,5.5, 0.00028547311385828852935142574
Oregon,1 wk ahead,Bin,percent,5.5,5.6, 0.00028547311385828852935142574
Oregon,1 wk ahead,Bin,percent,5.6,5.7, 0.00028547311385828852935142574
Oregon,1 wk ahead,Bin,percent,5.7,5.8, 0.00028547311385828852935142574
Oregon,1 wk ahead,Bin,percent,5.8,5.9, 0.00028547311385828852935142574
Oregon,1 wk ahead,Bin,percent,5.9,6, 0.00028547311385828852935142574
Oregon,1 wk ahead,Bin,percent,6,6.1, 0.00028547311385828852935142574
Oregon,1 wk ahead,Bin,percent,6.1,6.2, 0.00028547311385828852935142574
Oregon,1 wk ahead,Bin,percent,6.2,6.3, 0.00028547311385828852935142574
Oregon,1 wk ahead,Bin,percent,6.3,6.4, 0.00028547311385828852935142574
Oregon,1 wk ahead,Bin,percent,6.4,6.5, 0.00028547311385828852935142574
Oregon,1 wk ahead,Bin,percent,6.5,6.6, 0.00028547311385828852935142574
Oregon,1 wk ahead,Bin,percent,6.6,6.7, 0.00028547311385828852935142574
Oregon,1 wk ahead,Bin,percent,6.7,6.8, 0.00028547311385828852935142574
Oregon,1 wk ahead,Bin,percent,6.8,6.9, 0.00028547311385828852935142574
Oregon,1 wk ahead,Bin,percent,6.9,7, 0.00028547311385828852935142574
Oregon,1 wk ahead,Bin,percent,7,7.1, 0.00028547311385828852935142574
Oregon,1 wk ahead,Bin,percent,7.1,7.2, 0.00028547311385828852935142574
Oregon,1 wk ahead,Bin,percent,7.2,7.3, 0.00028547311385828852935142574
Oregon,1 wk ahead,Bin,percent,7.3,7.4, 0.00028547311385828852935142574
Oregon,1 wk ahead,Bin,percent,7.4,7.5, 0.00028547311385828852935142574
Oregon,1 wk ahead,Bin,percent,7.5,7.6, 0.00028547311385828852935142574
Oregon,1 wk ahead,Bin,percent,7.6,7.7, 0.00028547311385828852935142574
Oregon,1 wk ahead,Bin,percent,7.7,7.8, 0.00028547311385828852935142574
Oregon,1 wk ahead,Bin,percent,7.8,7.9, 0.00028547311385828852935142574
Oregon,1 wk ahead,Bin,percent,7.9,8, 0.00028547311385828852935142574
Oregon,1 wk ahead,Bin,percent,8,8.1, 0.00028547311385829102301642246
Oregon,1 wk ahead,Bin,percent,8.1,8.2, 0.00028547311385829357089152780
Oregon,1 wk ahead,Bin,percent,8.2,8.3, 0.00028547311385829357089152780
Oregon,1 wk ahead,Bin,percent,8.3,8.4, 0.00028547311385829357089152780
Oregon,1 wk ahead,Bin,percent,8.4,8.5, 0.00028547311385829357089152780
Oregon,1 wk ahead,Bin,percent,8.5,8.6, 0.00028547311385829357089152780
Oregon,1 wk ahead,Bin,percent,8.6,8.7, 0.00028547311385829357089152780
Oregon,1 wk ahead,Bin,percent,8.7,8.8, 0.00028547311385829357089152780
Oregon,1 wk ahead,Bin,percent,8.8,8.9, 0.00028547311385829357089152780
Oregon,1 wk ahead,Bin,percent,8.9,9, 0.00028547311385829357089152780
Oregon,1 wk ahead,Bin,percent,9,9.1, 0.00028547311385829357089152780
Oregon,1 wk ahead,Bin,percent,9.1,9.2, 0.00028547311385829357089152780
Oregon,1 wk ahead,Bin,percent,9.2,9.3, 0.00028547311385829357089152780
Oregon,1 wk ahead,Bin,percent,9.3,9.4, 0.00028547311385829357089152780
Oregon,1 wk ahead,Bin,percent,9.4,9.5, 0.00028547311385829357089152780
Oregon,1 wk ahead,Bin,percent,9.5,9.6, 0.00028547311385829357089152780
Oregon,1 wk ahead,Bin,percent,9.6,9.7, 0.00028547311385829357089152780
Oregon,1 wk ahead,Bin,percent,9.7,9.8, 0.00028547311385829357089152780
Oregon,1 wk ahead,Bin,percent,9.8,9.9, 0.00028547311385829357089152780
Oregon,1 wk ahead,Bin,percent,9.9,10, 0.00028547311385829357089152780
Oregon,1 wk ahead,Bin,percent,10,10.1, 0.00028547311385829357089152780
Oregon,1 wk ahead,Bin,percent,10.1,10.2, 0.00028547311385829357089152780
Oregon,1 wk ahead,Bin,percent,10.2,10.3, 0.00028547311385829357089152780
Oregon,1 wk ahead,Bin,percent,10.3,10.4, 0.00028547311385829357089152780
Oregon,1 wk ahead,Bin,percent,10.4,10.5, 0.00028547311385829357089152780
Oregon,1 wk ahead,Bin,percent,10.5,10.6, 0.00028547311385829357089152780
Oregon,1 wk ahead,Bin,percent,10.6,10.7, 0.00028547311385829357089152780
Oregon,1 wk ahead,Bin,percent,10.7,10.8, 0.00028547311385829357089152780
Oregon,1 wk ahead,Bin,percent,10.8,10.9, 0.00028547311385829357089152780
Oregon,1 wk ahead,Bin,percent,10.9,11, 0.00028547311385829357089152780
Oregon,1 wk ahead,Bin,percent,11,11.1, 0.00028547311385829357089152780
Oregon,1 wk ahead,Bin,percent,11.1,11.2, 0.00028547311385829357089152780
Oregon,1 wk ahead,Bin,percent,11.2,11.3, 0.00028547311385829357089152780
Oregon,1 wk ahead,Bin,percent,11.3,11.4, 0.00028547311385829357089152780
Oregon,1 wk ahead,Bin,percent,11.4,11.5, 0.00028547311385829357089152780
Oregon,1 wk ahead,Bin,percent,11.5,11.6, 0.00028547311385829357089152780
Oregon,1 wk ahead,Bin,percent,11.6,11.7, 0.00028547311385829357089152780
Oregon,1 wk ahead,Bin,percent,11.7,11.8, 0.00028547311385829357089152780
Oregon,1 wk ahead,Bin,percent,11.8,11.9, 0.00028547311385829357089152780
Oregon,1 wk ahead,Bin,percent,11.9,12, 0.00028547311385829357089152780
Oregon,1 wk ahead,Bin,percent,12,12.1, 0.00028547311385829357089152780
Oregon,1 wk ahead,Bin,percent,12.1,12.2, 0.00028547311385829357089152780
Oregon,1 wk ahead,Bin,percent,12.2,12.3, 0.00028547311385829357089152780
Oregon,1 wk ahead,Bin,percent,12.3,12.4, 0.00028547311385829357089152780
Oregon,1 wk ahead,Bin,percent,12.4,12.5, 0.00028547311385829357089152780
Oregon,1 wk ahead,Bin,percent,12.5,12.6, 0.00028547311385829357089152780
Oregon,1 wk ahead,Bin,percent,12.6,12.7, 0.00028547311385829357089152780
Oregon,1 wk ahead,Bin,percent,12.7,12.8, 0.00028547311385829357089152780
Oregon,1 wk ahead,Bin,percent,12.8,12.9, 0.00028547311385829357089152780
Oregon,1 wk ahead,Bin,percent,12.9,13, 0.00028547311385829357089152780
Oregon,1 wk ahead,Bin,percent,13,100, 0.00028547311385829357089152780
Oregon,2 wk ahead,Bin,percent,0,0.1, 0.00039573299900861800236506749
Oregon,2 wk ahead,Bin,percent,0.1,0.2, 0.00079146599801723622157056948
Oregon,2 wk ahead,Bin,percent,0.2,0.3, 0.00079146599801723578788970048
Oregon,2 wk ahead,Bin,percent,0.3,0.4, 0.00079146599801723578788970048
Oregon,2 wk ahead,Bin,percent,0.4,0.5, 0.00079146599801723578788970048
Oregon,2 wk ahead,Bin,percent,0.5,0.6, 0.00079146599801723622157056948
Oregon,2 wk ahead,Bin,percent,0.6,0.7, 0.00079146599801723665525143847
Oregon,2 wk ahead,Bin,percent,0.7,0.8, 0.00079146599801723665525143847
Oregon,2 wk ahead,Bin,percent,0.8,0.9, 0.00079146599801723665525143847
Oregon,2 wk ahead,Bin,percent,0.9,1, 0.00079146599801723665525143847
Oregon,2 wk ahead,Bin,percent,1,1.1, 0.00079146599801723665525143847
Oregon,2 wk ahead,Bin,percent,1.1,1.2, 0.00116366408589625215143359416
Oregon,2 wk ahead,Bin,percent,1.2,1.3, 0.01024648011564506695780796264
Oregon,2 wk ahead,Bin,percent,1.3,1.4, 0.04246650853137044767660057687
Oregon,2 wk ahead,Bin,percent,1.4,1.5, 0.06703460999047645973991649271
Oregon,2 wk ahead,Bin,percent,1.5,1.6, 0.04044823701318132208593070231
Oregon,2 wk ahead,Bin,percent,1.6,1.7, 0.00929005501145372704352443094
Oregon,2 wk ahead,Bin,percent,1.7,1.8, 0.00082135347413184623278220586
Oregon,2 wk ahead,Bin,percent,1.8,1.9, 0.00073816499932222146528049134
Oregon,2 wk ahead,Bin,percent,1.9,2, 0.01020097167275485841586579738
Oregon,2 wk ahead,Bin,percent,2,2.1, 0.05690112392486042919292899001
Oregon,2 wk ahead,Bin,percent,2.1,2.2, 0.12796510601544905383342154437
Oregon,2 wk ahead,Bin,percent,2.2,2.3, 0.13007882233340883892935835320
Oregon,2 wk ahead,Bin,percent,2.3,2.4, 0.09425930747335772852402158151
Oregon,2 wk ahead,Bin,percent,2.4,2.5, 0.06611252049117243012599232088
Oregon,2 wk ahead,Bin,percent,2.5,2.6, 0.02587867570878179396265394985
Oregon,2 wk ahead,Bin,percent,2.6,2.7, 0.00410486852853226332621394690
Oregon,2 wk ahead,Bin,percent,2.7,2.8, 0.00024588283398790423701224528
Oregon,2 wk ahead,Bin,percent,2.8,2.9, 0.00000544884383763671542941090
Oregon,2 wk ahead,Bin,percent,2.9,3, 0.00000004407944402717553978891
Oregon,2 wk ahead,Bin,percent,3,3.1, 0.00000000012958814796935862473
Oregon,2 wk ahead,Bin,percent,3.1,3.2, 0.00000000000013444137931919088
Oregon,2 wk ahead,Bin,percent,3.2,3.3, 0.00000000000000004915785829836
Oregon,2 wk ahead,Bin,percent,3.3,3.4, 0.00000000000000000448737205913
Oregon,2 wk ahead,Bin,percent,3.4,3.5, 0.00000000000000000301935148717
Oregon,2 wk ahead,Bin,percent,3.5,3.6, 0.00000000000000000103517303748
Oregon,2 wk ahead,Bin,percent,3.6,3.7, 0.00000000000000341418264626580
Oregon,2 wk ahead,Bin,percent,3.7,3.8, 0.00000000000563081586614010246
Oregon,2 wk ahead,Bin,percent,3.8,3.9, 0.00000000323573815369706933939
Oregon,2 wk ahead,Bin,percent,3.9,4, 0.00000067741551338902827260449
Oregon,2 wk ahead,Bin,percent,4,4.1, 0.00005145521704364177485247281
Oregon,2 wk ahead,Bin,percent,4.1,4.2, 0.00142962554461537614050592460
Oregon,2 wk ahead,Bin,percent,4.2,4.3, 0.01477290839676685674231038092
Oregon,2 wk ahead,Bin,percent,4.3,4.4, 0.05760154400132817126278794717
Oregon,2 wk ahead,Bin,percent,4.4,4.5, 0.08551515525631647740567586879
Oregon,2 wk ahead,Bin,percent,4.5,4.6, 0.04853128827978557546796167799
Oregon,2 wk ahead,Bin,percent,4.6,4.7, 0.01047546137169490763907386821
Oregon,2 wk ahead,Bin,percent,4.7,4.8, 0.00124969610498459654697456234
Oregon,2 wk ahead,Bin,percent,4.8,4.9, 0.00101325237270614293416670648
Oregon,2 wk ahead,Bin,percent,4.9,5, 0.00101325237270614293416670648
Oregon,2 wk ahead,Bin,percent,5,5.1, 0.00101325237270614293416670648
Oregon,2 wk ahead,Bin,percent,5.1,5.2, 0.00101325237270614293416670648
Oregon,2 wk ahead,Bin,percent,5.2,5.3, 0.00101325237270614293416670648
Oregon,2 wk ahead,Bin,percent,5.3,5.4, 0.00101325237270614293416670648
Oregon,2 wk ahead,Bin,percent,5.4,5.5, 0.00101325237270614293416670648
Oregon,2 wk ahead,Bin,percent,5.5,5.6, 0.00101325237270614293416670648
Oregon,2 wk ahead,Bin,percent,5.6,5.7, 0.00101325237270614293416670648
Oregon,2 wk ahead,Bin,percent,5.7,5.8, 0.00101325237270614293416670648
Oregon,2 wk ahead,Bin,percent,5.8,5.9, 0.00101325237270614293416670648
Oregon,2 wk ahead,Bin,percent,5.9,6, 0.00101325237270614293416670648
Oregon,2 wk ahead,Bin,percent,6,6.1, 0.00101325237270614293416670648
Oregon,2 wk ahead,Bin,percent,6.1,6.2, 0.00101325237270614293416670648
Oregon,2 wk ahead,Bin,percent,6.2,6.3, 0.00101325237270614293416670648
Oregon,2 wk ahead,Bin,percent,6.3,6.4, 0.00101325237270614293416670648
Oregon,2 wk ahead,Bin,percent,6.4,6.5, 0.00101325237270614293416670648
Oregon,2 wk ahead,Bin,percent,6.5,6.6, 0.00101325237270614293416670648
Oregon,2 wk ahead,Bin,percent,6.6,6.7, 0.00101325237270614293416670648
Oregon,2 wk ahead,Bin,percent,6.7,6.8, 0.00101325237270614293416670648
Oregon,2 wk ahead,Bin,percent,6.8,6.9, 0.00101325237270614293416670648
Oregon,2 wk ahead,Bin,percent,6.9,7, 0.00101325237270614293416670648
Oregon,2 wk ahead,Bin,percent,7,7.1, 0.00101325237270614293416670648
Oregon,2 wk ahead,Bin,percent,7.1,7.2, 0.00101325237270614293416670648
Oregon,2 wk ahead,Bin,percent,7.2,7.3, 0.00101325237270614293416670648
Oregon,2 wk ahead,Bin,percent,7.3,7.4, 0.00101325237270614293416670648
Oregon,2 wk ahead,Bin,percent,7.4,7.5, 0.00101325237270614293416670648
Oregon,2 wk ahead,Bin,percent,7.5,7.6, 0.00101325237270614293416670648
Oregon,2 wk ahead,Bin,percent,7.6,7.7, 0.00101325237270614293416670648
Oregon,2 wk ahead,Bin,percent,7.7,7.8, 0.00101325237270614293416670648
Oregon,2 wk ahead,Bin,percent,7.8,7.9, 0.00101325237270614293416670648
Oregon,2 wk ahead,Bin,percent,7.9,8, 0.00101325237270614293416670648
Oregon,2 wk ahead,Bin,percent,8,8.1, 0.00101325237270615182462452086
Oregon,2 wk ahead,Bin,percent,8.1,8.2, 0.00101325237270616093192276974
Oregon,2 wk ahead,Bin,percent,8.2,8.3, 0.00101325237270616093192276974
Oregon,2 wk ahead,Bin,percent,8.3,8.4, 0.00101325237270616093192276974
Oregon,2 wk ahead,Bin,percent,8.4,8.5, 0.00101325237270616093192276974
Oregon,2 wk ahead,Bin,percent,8.5,8.6, 0.00101325237270616093192276974
Oregon,2 wk ahead,Bin,percent,8.6,8.7, 0.00101325237270616093192276974
Oregon,2 wk ahead,Bin,percent,8.7,8.8, 0.00101325237270616093192276974
Oregon,2 wk ahead,Bin,percent,8.8,8.9, 0.00101325237270616093192276974
Oregon,2 wk ahead,Bin,percent,8.9,9, 0.00101325237270616093192276974
Oregon,2 wk ahead,Bin,percent,9,9.1, 0.00101325237270616093192276974
Oregon,2 wk ahead,Bin,percent,9.1,9.2, 0.00101325237270616093192276974
Oregon,2 wk ahead,Bin,percent,9.2,9.3, 0.00101325237270616093192276974
Oregon,2 wk ahead,Bin,percent,9.3,9.4, 0.00101325237270616093192276974
Oregon,2 wk ahead,Bin,percent,9.4,9.5, 0.00101325237270616093192276974
Oregon,2 wk ahead,Bin,percent,9.5,9.6, 0.00101325237270616093192276974
Oregon,2 wk ahead,Bin,percent,9.6,9.7, 0.00101325237270616093192276974
Oregon,2 wk ahead,Bin,percent,9.7,9.8, 0.00101325237270616093192276974
Oregon,2 wk ahead,Bin,percent,9.8,9.9, 0.00101325237270616093192276974
Oregon,2 wk ahead,Bin,percent,9.9,10, 0.00101325237270616093192276974
Oregon,2 wk ahead,Bin,percent,10,10.1, 0.00101325237270616093192276974
Oregon,2 wk ahead,Bin,percent,10.1,10.2, 0.00101325237270616093192276974
Oregon,2 wk ahead,Bin,percent,10.2,10.3, 0.00101325237270616093192276974
Oregon,2 wk ahead,Bin,percent,10.3,10.4, 0.00101325237270616093192276974
Oregon,2 wk ahead,Bin,percent,10.4,10.5, 0.00101325237270616093192276974
Oregon,2 wk ahead,Bin,percent,10.5,10.6, 0.00101325237270616093192276974
Oregon,2 wk ahead,Bin,percent,10.6,10.7, 0.00101325237270616093192276974
Oregon,2 wk ahead,Bin,percent,10.7,10.8, 0.00101325237270616093192276974
Oregon,2 wk ahead,Bin,percent,10.8,10.9, 0.00101325237270616093192276974
Oregon,2 wk ahead,Bin,percent,10.9,11, 0.00101325237270616093192276974
Oregon,2 wk ahead,Bin,percent,11,11.1, 0.00101325237270616093192276974
Oregon,2 wk ahead,Bin,percent,11.1,11.2, 0.00101325237270616093192276974
Oregon,2 wk ahead,Bin,percent,11.2,11.3, 0.00101325237270616093192276974
Oregon,2 wk ahead,Bin,percent,11.3,11.4, 0.00101325237270616093192276974
Oregon,2 wk ahead,Bin,percent,11.4,11.5, 0.00101325237270616093192276974
Oregon,2 wk ahead,Bin,percent,11.5,11.6, 0.00101325237270616093192276974
Oregon,2 wk ahead,Bin,percent,11.6,11.7, 0.00101325237270616093192276974
Oregon,2 wk ahead,Bin,percent,11.7,11.8, 0.00101325237270616093192276974
Oregon,2 wk ahead,Bin,percent,11.8,11.9, 0.00101325237270616093192276974
Oregon,2 wk ahead,Bin,percent,11.9,12, 0.00101325237270616093192276974
Oregon,2 wk ahead,Bin,percent,12,12.1, 0.00101325237270616093192276974
Oregon,2 wk ahead,Bin,percent,12.1,12.2, 0.00101325237270616093192276974
Oregon,2 wk ahead,Bin,percent,12.2,12.3, 0.00101325237270616093192276974
Oregon,2 wk ahead,Bin,percent,12.3,12.4, 0.00101325237270616093192276974
Oregon,2 wk ahead,Bin,percent,12.4,12.5, 0.00101325237270616093192276974
Oregon,2 wk ahead,Bin,percent,12.5,12.6, 0.00101325237270616093192276974
Oregon,2 wk ahead,Bin,percent,12.6,12.7, 0.00101325237270616093192276974
Oregon,2 wk ahead,Bin,percent,12.7,12.8, 0.00101325237270616093192276974
Oregon,2 wk ahead,Bin,percent,12.8,12.9, 0.00101325237270616093192276974
Oregon,2 wk ahead,Bin,percent,12.9,13, 0.00101325237270616093192276974
Oregon,2 wk ahead,Bin,percent,13,100, 0.00101325237270616093192276974
Oregon,3 wk ahead,Bin,percent,0,0.1, 0.00017907111783357080236553371
Oregon,3 wk ahead,Bin,percent,0.1,0.2, 0.00035814223566714165894117605
Oregon,3 wk ahead,Bin,percent,0.2,0.3, 0.00035814223566714149631085018
Oregon,3 wk ahead,Bin,percent,0.3,0.4, 0.00052945647153577253974515715
Oregon,3 wk ahead,Bin,percent,0.4,0.5, 0.00163606322238990693762605844
Oregon,3 wk ahead,Bin,percent,0.5,0.6, 0.00434695327072393347678236353
Oregon,3 wk ahead,Bin,percent,0.6,0.7, 0.00969781933868630978412550547
Oregon,3 wk ahead,Bin,percent,0.7,0.8, 0.01832188764247670575979753949
Oregon,3 wk ahead,Bin,percent,0.8,0.9, 0.02971594752482364584778018468
Oregon,3 wk ahead,Bin,percent,0.9,1, 0.04222686392546784461821118839
Oregon,3 wk ahead,Bin,percent,1,1.1, 0.05404404830915732899088155250
Oregon,3 wk ahead,Bin,percent,1.1,1.2, 0.06422380037633802773999747160
Oregon,3 wk ahead,Bin,percent,1.2,1.3, 0.07256006627038320833111839647
Oregon,3 wk ahead,Bin,percent,1.3,1.4, 0.07852925444568056856375903862
Oregon,3 wk ahead,Bin,percent,1.4,1.5, 0.08065260583389535775644674231
Oregon,3 wk ahead,Bin,percent,1.5,1.6, 0.07710585623293654544685438168
Oregon,3 wk ahead,Bin,percent,1.6,1.7, 0.06713732013962508959892261373
Oregon,3 wk ahead,Bin,percent,1.7,1.8, 0.05216710680789828080694547907
Oregon,3 wk ahead,Bin,percent,1.8,1.9, 0.03554346487370801249694451940
Oregon,3 wk ahead,Bin,percent,1.9,2, 0.02093465235400962867751140095
Oregon,3 wk ahead,Bin,percent,2,2.1, 0.01054231780660309751584957638
Oregon,3 wk ahead,Bin,percent,2.1,2.2, 0.00450094556088250375563974970
Oregon,3 wk ahead,Bin,percent,2.2,2.3, 0.00161926095548517706007585204
Oregon,3 wk ahead,Bin,percent,2.3,2.4, 0.00049152756024010372387644807
Oregon,3 wk ahead,Bin,percent,2.4,2.5, 0.00014068367981853342470015267
Oregon,3 wk ahead,Bin,percent,2.5,2.6, 0.00011248770318268968421149268
Oregon,3 wk ahead,Bin,percent,2.6,2.7, 0.00036240913719543530260858155
Oregon,3 wk ahead,Bin,percent,2.7,2.8, 0.00122953034637188728106504954
Oregon,3 wk ahead,Bin,percent,2.8,2.9, 0.00349943859847001497928586922
Oregon,3 wk ahead,Bin,percent,2.9,3, 0.00826759254705682587738291289
Oregon,3 wk ahead,Bin,percent,3,3.1, 0.01620901199684229854192096809
Oregon,3 wk ahead,Bin,percent,3.1,3.2, 0.02637026058484990068131459395
Oregon,3 wk ahead,Bin,percent,3.2,3.3, 0.03560049721852876630778794720
Oregon,3 wk ahead,Bin,percent,3.3,3.4, 0.03988468940879123098008918191
Oregon,3 wk ahead,Bin,percent,3.4,3.5, 0.03707803852851086073849629088
Oregon,3 wk ahead,Bin,percent,3.5,3.6, 0.02860422574813213311695214713
Oregon,3 wk ahead,Bin,percent,3.6,3.7, 0.01831232101311807553001287374
Oregon,3 wk ahead,Bin,percent,3.7,3.8, 0.00972762824920309771004056643
Oregon,3 wk ahead,Bin,percent,3.8,3.9, 0.00428839621450169145716602159
Oregon,3 wk ahead,Bin,percent,3.9,4, 0.00156852252264668779249690012
Oregon,3 wk ahead,Bin,percent,4,4.1, 0.00053933829265087889111296438
Oregon,3 wk ahead,Bin,percent,4.1,4.2, 0.00045313726331126357588230391
Oregon,3 wk ahead,Bin,percent,4.2,4.3, 0.00045313726331126357588230391
Oregon,3 wk ahead,Bin,percent,4.3,4.4, 0.00045313726331126357588230391
Oregon,3 wk ahead,Bin,percent,4.4,4.5, 0.00045313726331126357588230391
Oregon,3 wk ahead,Bin,percent,4.5,4.6, 0.00045313726331126357588230391
Oregon,3 wk ahead,Bin,percent,4.6,4.7, 0.00045313726331126357588230391
Oregon,3 wk ahead,Bin,percent,4.7,4.8, 0.00045313726331126357588230391
Oregon,3 wk ahead,Bin,percent,4.8,4.9, 0.00045313726331126357588230391
Oregon,3 wk ahead,Bin,percent,4.9,5, 0.00045313726331126357588230391
Oregon,3 wk ahead,Bin,percent,5,5.1, 0.00045313726331126357588230391
Oregon,3 wk ahead,Bin,percent,5.1,5.2, 0.00045313726331126357588230391
Oregon,3 wk ahead,Bin,percent,5.2,5.3, 0.00045313726331126357588230391
Oregon,3 wk ahead,Bin,percent,5.3,5.4, 0.00045313726331126357588230391
Oregon,3 wk ahead,Bin,percent,5.4,5.5, 0.00045313726331126357588230391
Oregon,3 wk ahead,Bin,percent,5.5,5.6, 0.00045313726331126357588230391
Oregon,3 wk ahead,Bin,percent,5.6,5.7, 0.00045313726331126357588230391
Oregon,3 wk ahead,Bin,percent,5.7,5.8, 0.00045313726331126357588230391
Oregon,3 wk ahead,Bin,percent,5.8,5.9, 0.00045313726331126357588230391
Oregon,3 wk ahead,Bin,percent,5.9,6, 0.00045313726331126357588230391
Oregon,3 wk ahead,Bin,percent,6,6.1, 0.00045313726331126357588230391
Oregon,3 wk ahead,Bin,percent,6.1,6.2, 0.00045313726331126357588230391
Oregon,3 wk ahead,Bin,percent,6.2,6.3, 0.00045313726331126357588230391
Oregon,3 wk ahead,Bin,percent,6.3,6.4, 0.00045313726331126357588230391
Oregon,3 wk ahead,Bin,percent,6.4,6.5, 0.00045313726331126357588230391
Oregon,3 wk ahead,Bin,percent,6.5,6.6, 0.00045313726331126357588230391
Oregon,3 wk ahead,Bin,percent,6.6,6.7, 0.00045313726331126357588230391
Oregon,3 wk ahead,Bin,percent,6.7,6.8, 0.00045313726331126357588230391
Oregon,3 wk ahead,Bin,percent,6.8,6.9, 0.00045313726331126357588230391
Oregon,3 wk ahead,Bin,percent,6.9,7, 0.00045313726331126357588230391
Oregon,3 wk ahead,Bin,percent,7,7.1, 0.00045313726331126357588230391
Oregon,3 wk ahead,Bin,percent,7.1,7.2, 0.00045313726331126357588230391
Oregon,3 wk ahead,Bin,percent,7.2,7.3, 0.00045313726331126357588230391
Oregon,3 wk ahead,Bin,percent,7.3,7.4, 0.00045313726331126357588230391
Oregon,3 wk ahead,Bin,percent,7.4,7.5, 0.00045313726331126357588230391
Oregon,3 wk ahead,Bin,percent,7.5,7.6, 0.00045313726331126357588230391
Oregon,3 wk ahead,Bin,percent,7.6,7.7, 0.00045313726331126357588230391
Oregon,3 wk ahead,Bin,percent,7.7,7.8, 0.00045313726331126357588230391
Oregon,3 wk ahead,Bin,percent,7.8,7.9, 0.00045313726331126357588230391
Oregon,3 wk ahead,Bin,percent,7.9,8, 0.00045313726331126357588230391
Oregon,3 wk ahead,Bin,percent,8,8.1, 0.00045313726331126753322023348
Oregon,3 wk ahead,Bin,percent,8.1,8.2, 0.00045313726331127159897838030
Oregon,3 wk ahead,Bin,percent,8.2,8.3, 0.00045313726331127159897838030
Oregon,3 wk ahead,Bin,percent,8.3,8.4, 0.00045313726331127159897838030
Oregon,3 wk ahead,Bin,percent,8.4,8.5, 0.00045313726331127159897838030
Oregon,3 wk ahead,Bin,percent,8.5,8.6, 0.00045313726331127159897838030
Oregon,3 wk ahead,Bin,percent,8.6,8.7, 0.00045313726331127159897838030
Oregon,3 wk ahead,Bin,percent,8.7,8.8, 0.00045313726331127159897838030
Oregon,3 wk ahead,Bin,percent,8.8,8.9, 0.00045313726331127159897838030
Oregon,3 wk ahead,Bin,percent,8.9,9, 0.00045313726331127159897838030
Oregon,3 wk ahead,Bin,percent,9,9.1, 0.00045313726331127159897838030
Oregon,3 wk ahead,Bin,percent,9.1,9.2, 0.00045313726331127159897838030
Oregon,3 wk ahead,Bin,percent,9.2,9.3, 0.00045313726331127159897838030
Oregon,3 wk ahead,Bin,percent,9.3,9.4, 0.00045313726331127159897838030
Oregon,3 wk ahead,Bin,percent,9.4,9.5, 0.00045313726331127159897838030
Oregon,3 wk ahead,Bin,percent,9.5,9.6, 0.00045313726331127159897838030
Oregon,3 wk ahead,Bin,percent,9.6,9.7, 0.00045313726331127159897838030
Oregon,3 wk ahead,Bin,percent,9.7,9.8, 0.00045313726331127159897838030
Oregon,3 wk ahead,Bin,percent,9.8,9.9, 0.00045313726331127159897838030
Oregon,3 wk ahead,Bin,percent,9.9,10, 0.00045313726331127159897838030
Oregon,3 wk ahead,Bin,percent,10,10.1, 0.00045313726331127159897838030
Oregon,3 wk ahead,Bin,percent,10.1,10.2, 0.00045313726331127159897838030
Oregon,3 wk ahead,Bin,percent,10.2,10.3, 0.00045313726331127159897838030
Oregon,3 wk ahead,Bin,percent,10.3,10.4, 0.00045313726331127159897838030
Oregon,3 wk ahead,Bin,percent,10.4,10.5, 0.00045313726331127159897838030
Oregon,3 wk ahead,Bin,percent,10.5,10.6, 0.00045313726331127159897838030
Oregon,3 wk ahead,Bin,percent,10.6,10.7, 0.00045313726331127159897838030
Oregon,3 wk ahead,Bin,percent,10.7,10.8, 0.00045313726331127159897838030
Oregon,3 wk ahead,Bin,percent,10.8,10.9, 0.00045313726331127159897838030
Oregon,3 wk ahead,Bin,percent,10.9,11, 0.00045313726331127159897838030
Oregon,3 wk ahead,Bin,percent,11,11.1, 0.00045313726331127159897838030
Oregon,3 wk ahead,Bin,percent,11.1,11.2, 0.00045313726331127159897838030
Oregon,3 wk ahead,Bin,percent,11.2,11.3, 0.00045313726331127159897838030
Oregon,3 wk ahead,Bin,percent,11.3,11.4, 0.00045313726331127159897838030
Oregon,3 wk ahead,Bin,percent,11.4,11.5, 0.00045313726331127159897838030
Oregon,3 wk ahead,Bin,percent,11.5,11.6, 0.00045313726331127159897838030
Oregon,3 wk ahead,Bin,percent,11.6,11.7, 0.00045313726331127159897838030
Oregon,3 wk ahead,Bin,percent,11.7,11.8, 0.00045313726331127159897838030
Oregon,3 wk ahead,Bin,percent,11.8,11.9, 0.00045313726331127159897838030
Oregon,3 wk ahead,Bin,percent,11.9,12, 0.00045313726331127159897838030
Oregon,3 wk ahead,Bin,percent,12,12.1, 0.00045313726331127159897838030
Oregon,3 wk ahead,Bin,percent,12.1,12.2, 0.00045313726331127159897838030
Oregon,3 wk ahead,Bin,percent,12.2,12.3, 0.00045313726331127159897838030
Oregon,3 wk ahead,Bin,percent,12.3,12.4, 0.00045313726331127159897838030
Oregon,3 wk ahead,Bin,percent,12.4,12.5, 0.00045313726331127159897838030
Oregon,3 wk ahead,Bin,percent,12.5,12.6, 0.00045313726331127159897838030
Oregon,3 wk ahead,Bin,percent,12.6,12.7, 0.00045313726331127159897838030
Oregon,3 wk ahead,Bin,percent,12.7,12.8, 0.00045313726331127159897838030
Oregon,3 wk ahead,Bin,percent,12.8,12.9, 0.00045313726331127159897838030
Oregon,3 wk ahead,Bin,percent,12.9,13, 0.00045313726331127159897838030
Oregon,3 wk ahead,Bin,percent,13,100, 0.00045313726331127159897838030
Oregon,4 wk ahead,Bin,percent,0,0.1, 0.00024364252533624506866227755
Oregon,4 wk ahead,Bin,percent,0.1,0.2, 0.00048728505067249013732455509
Oregon,4 wk ahead,Bin,percent,0.2,0.3, 0.00048728505067248992048412060
Oregon,4 wk ahead,Bin,percent,0.3,0.4, 0.00060830743515556445679542952
Oregon,4 wk ahead,Bin,percent,0.4,0.5, 0.00173889041004347388169604116
Oregon,4 wk ahead,Bin,percent,0.5,0.6, 0.00463443666724966830267051776
Oregon,4 wk ahead,Bin,percent,0.6,0.7, 0.01062831508366201584137034075
Oregon,4 wk ahead,Bin,percent,0.7,0.8, 0.02101553547244223996148804190
Oregon,4 wk ahead,Bin,percent,0.8,0.9, 0.03591475684698083176149552287
Oregon,4 wk ahead,Bin,percent,0.9,1, 0.05320631560943422933007695974
Oregon,4 wk ahead,Bin,percent,1,1.1, 0.06856439105017685109455527481
Oregon,4 wk ahead,Bin,percent,1.1,1.2, 0.07713854161284793009567550826
Oregon,4 wk ahead,Bin,percent,1.2,1.3, 0.07603771216834280533003465052
Oregon,4 wk ahead,Bin,percent,1.3,1.4, 0.06587230203361409131002091044
Oregon,4 wk ahead,Bin,percent,1.4,1.5, 0.05029041692900985960346105230
Oregon,4 wk ahead,Bin,percent,1.5,1.6, 0.03402957127314627100433952478
Oregon,4 wk ahead,Bin,percent,1.6,1.7, 0.02093585006201558948446539432
Oregon,4 wk ahead,Bin,percent,1.7,1.8, 0.01305021253487861736253261569
Oregon,4 wk ahead,Bin,percent,1.8,1.9, 0.01078138985387623767497888849
Oregon,4 wk ahead,Bin,percent,1.9,2, 0.01343530398198612522964179306
Oregon,4 wk ahead,Bin,percent,2,2.1, 0.01948779732816120074945231977
Oregon,4 wk ahead,Bin,percent,2.1,2.2, 0.02674136475391898984388383553
Oregon,4 wk ahead,Bin,percent,2.2,2.3, 0.03294681692766739805611209135
Oregon,4 wk ahead,Bin,percent,2.3,2.4, 0.03690017794181110061257911070
Oregon,4 wk ahead,Bin,percent,2.4,2.5, 0.03903606549571005807086621076
Oregon,4 wk ahead,Bin,percent,2.5,2.6, 0.04060689986658926747820075320
Oregon,4 wk ahead,Bin,percent,2.6,2.7, 0.04201311273814097718704019258
Oregon,4 wk ahead,Bin,percent,2.7,2.8, 0.04203481824774773362163315937
Oregon,4 wk ahead,Bin,percent,2.8,2.9, 0.03890381453265781552808277866
Oregon,4 wk ahead,Bin,percent,2.9,3, 0.03212427044170004103440518861
Oregon,4 wk ahead,Bin,percent,3,3.1, 0.02315564633100482966332478441
Oregon,4 wk ahead,Bin,percent,3.1,3.2, 0.01440594618814747610024973312
Oregon,4 wk ahead,Bin,percent,3.2,3.3, 0.00769314742787403655494005150
Oregon,4 wk ahead,Bin,percent,3.3,3.4, 0.00351749737316390262767407116
Oregon,4 wk ahead,Bin,percent,3.4,3.5, 0.00137534224924789846324080234
Oregon,4 wk ahead,Bin,percent,3.5,3.6, 0.00050419006235999169144440524
Oregon,4 wk ahead,Bin,percent,3.6,3.7, 0.00041529084676371910917272445
Oregon,4 wk ahead,Bin,percent,3.7,3.8, 0.00041529084676371910917272445
Oregon,4 wk ahead,Bin,percent,3.8,3.9, 0.00041529084676371910917272445
Oregon,4 wk ahead,Bin,percent,3.9,4, 0.00041529084676371910917272445
Oregon,4 wk ahead,Bin,percent,4,4.1, 0.00041529084676371910917272445
Oregon,4 wk ahead,Bin,percent,4.1,4.2, 0.00041529084676371910917272445
Oregon,4 wk ahead,Bin,percent,4.2,4.3, 0.00041529084676371910917272445
Oregon,4 wk ahead,Bin,percent,4.3,4.4, 0.00041529084676371910917272445
Oregon,4 wk ahead,Bin,percent,4.4,4.5, 0.00041529084676371910917272445
Oregon,4 wk ahead,Bin,percent,4.5,4.6, 0.00041529084676371910917272445
Oregon,4 wk ahead,Bin,percent,4.6,4.7, 0.00041529084676371910917272445
Oregon,4 wk ahead,Bin,percent,4.7,4.8, 0.00041529084676371910917272445
Oregon,4 wk ahead,Bin,percent,4.8,4.9, 0.00041529084676371910917272445
Oregon,4 wk ahead,Bin,percent,4.9,5, 0.00041529084676371910917272445
Oregon,4 wk ahead,Bin,percent,5,5.1, 0.00041529084676371910917272445
Oregon,4 wk ahead,Bin,percent,5.1,5.2, 0.00041529084676371910917272445
Oregon,4 wk ahead,Bin,percent,5.2,5.3, 0.00041529084676371910917272445
Oregon,4 wk ahead,Bin,percent,5.3,5.4, 0.00041529084676371910917272445
Oregon,4 wk ahead,Bin,percent,5.4,5.5, 0.00041529084676371910917272445
Oregon,4 wk ahead,Bin,percent,5.5,5.6, 0.00041529084676371910917272445
Oregon,4 wk ahead,Bin,percent,5.6,5.7, 0.00041529084676371910917272445
Oregon,4 wk ahead,Bin,percent,5.7,5.8, 0.00041529084676371910917272445
Oregon,4 wk ahead,Bin,percent,5.8,5.9, 0.00041529084676371910917272445
Oregon,4 wk ahead,Bin,percent,5.9,6, 0.00041529084676371910917272445
Oregon,4 wk ahead,Bin,percent,6,6.1, 0.00041529084676371910917272445
Oregon,4 wk ahead,Bin,percent,6.1,6.2, 0.00041529084676371910917272445
Oregon,4 wk ahead,Bin,percent,6.2,6.3, 0.00041529084676371910917272445
Oregon,4 wk ahead,Bin,percent,6.3,6.4, 0.00041529084676371910917272445
Oregon,4 wk ahead,Bin,percent,6.4,6.5, 0.00041529084676371910917272445
Oregon,4 wk ahead,Bin,percent,6.5,6.6, 0.00041529084676371910917272445
Oregon,4 wk ahead,Bin,percent,6.6,6.7, 0.00041529084676371910917272445
Oregon,4 wk ahead,Bin,percent,6.7,6.8, 0.00041529084676371910917272445
Oregon,4 wk ahead,Bin,percent,6.8,6.9, 0.00041529084676371910917272445
Oregon,4 wk ahead,Bin,percent,6.9,7, 0.00041529084676371910917272445
Oregon,4 wk ahead,Bin,percent,7,7.1, 0.00041529084676371910917272445
Oregon,4 wk ahead,Bin,percent,7.1,7.2, 0.00041529084676371910917272445
Oregon,4 wk ahead,Bin,percent,7.2,7.3, 0.00041529084676371910917272445
Oregon,4 wk ahead,Bin,percent,7.3,7.4, 0.00041529084676371910917272445
Oregon,4 wk ahead,Bin,percent,7.4,7.5, 0.00041529084676371910917272445
Oregon,4 wk ahead,Bin,percent,7.5,7.6, 0.00041529084676371910917272445
Oregon,4 wk ahead,Bin,percent,7.6,7.7, 0.00041529084676371910917272445
Oregon,4 wk ahead,Bin,percent,7.7,7.8, 0.00041529084676371910917272445
Oregon,4 wk ahead,Bin,percent,7.8,7.9, 0.00041529084676371910917272445
Oregon,4 wk ahead,Bin,percent,7.9,8, 0.00041529084676371910917272445
Oregon,4 wk ahead,Bin,percent,8,8.1, 0.00041529084676372279546011090
Oregon,4 wk ahead,Bin,percent,8.1,8.2, 0.00041529084676372648174749735
Oregon,4 wk ahead,Bin,percent,8.2,8.3, 0.00041529084676372648174749735
Oregon,4 wk ahead,Bin,percent,8.3,8.4, 0.00041529084676372648174749735
Oregon,4 wk ahead,Bin,percent,8.4,8.5, 0.00041529084676372648174749735
Oregon,4 wk ahead,Bin,percent,8.5,8.6, 0.00041529084676372648174749735
Oregon,4 wk ahead,Bin,percent,8.6,8.7, 0.00041529084676372648174749735
Oregon,4 wk ahead,Bin,percent,8.7,8.8, 0.00041529084676372648174749735
Oregon,4 wk ahead,Bin,percent,8.8,8.9, 0.00041529084676372648174749735
Oregon,4 wk ahead,Bin,percent,8.9,9, 0.00041529084676372648174749735
Oregon,4 wk ahead,Bin,percent,9,9.1, 0.00041529084676372648174749735
Oregon,4 wk ahead,Bin,percent,9.1,9.2, 0.00041529084676372648174749735
Oregon,4 wk ahead,Bin,percent,9.2,9.3, 0.00041529084676372648174749735
Oregon,4 wk ahead,Bin,percent,9.3,9.4, 0.00041529084676372648174749735
Oregon,4 wk ahead,Bin,percent,9.4,9.5, 0.00041529084676372648174749735
Oregon,4 wk ahead,Bin,percent,9.5,9.6, 0.00041529084676372648174749735
Oregon,4 wk ahead,Bin,percent,9.6,9.7, 0.00041529084676372648174749735
Oregon,4 wk ahead,Bin,percent,9.7,9.8, 0.00041529084676372648174749735
Oregon,4 wk ahead,Bin,percent,9.8,9.9, 0.00041529084676372648174749735
Oregon,4 wk ahead,Bin,percent,9.9,10, 0.00041529084676372648174749735
Oregon,4 wk ahead,Bin,percent,10,10.1, 0.00041529084676372648174749735
Oregon,4 wk ahead,Bin,percent,10.1,10.2, 0.00041529084676372648174749735
Oregon,4 wk ahead,Bin,percent,10.2,10.3, 0.00041529084676372648174749735
Oregon,4 wk ahead,Bin,percent,10.3,10.4, 0.00041529084676372648174749735
Oregon,4 wk ahead,Bin,percent,10.4,10.5, 0.00041529084676372648174749735
Oregon,4 wk ahead,Bin,percent,10.5,10.6, 0.00041529084676372648174749735
Oregon,4 wk ahead,Bin,percent,10.6,10.7, 0.00041529084676372648174749735
Oregon,4 wk ahead,Bin,percent,10.7,10.8, 0.00041529084676372648174749735
Oregon,4 wk ahead,Bin,percent,10.8,10.9, 0.00041529084676372648174749735
Oregon,4 wk ahead,Bin,percent,10.9,11, 0.00041529084676372648174749735
Oregon,4 wk ahead,Bin,percent,11,11.1, 0.00041529084676372648174749735
Oregon,4 wk ahead,Bin,percent,11.1,11.2, 0.00041529084676372648174749735
Oregon,4 wk ahead,Bin,percent,11.2,11.3, 0.00041529084676372648174749735
Oregon,4 wk ahead,Bin,percent,11.3,11.4, 0.00041529084676372648174749735
Oregon,4 wk ahead,Bin,percent,11.4,11.5, 0.00041529084676372648174749735
Oregon,4 wk ahead,Bin,percent,11.5,11.6, 0.00041529084676372648174749735
Oregon,4 wk ahead,Bin,percent,11.6,11.7, 0.00041529084676372648174749735
Oregon,4 wk ahead,Bin,percent,11.7,11.8, 0.00041529084676372648174749735
Oregon,4 wk ahead,Bin,percent,11.8,11.9, 0.00041529084676372648174749735
Oregon,4 wk ahead,Bin,percent,11.9,12, 0.00041529084676372648174749735
Oregon,4 wk ahead,Bin,percent,12,12.1, 0.00041529084676372648174749735
Oregon,4 wk ahead,Bin,percent,12.1,12.2, 0.00041529084676372648174749735
Oregon,4 wk ahead,Bin,percent,12.2,12.3, 0.00041529084676372648174749735
Oregon,4 wk ahead,Bin,percent,12.3,12.4, 0.00041529084676372648174749735
Oregon,4 wk ahead,Bin,percent,12.4,12.5, 0.00041529084676372648174749735
Oregon,4 wk ahead,Bin,percent,12.5,12.6, 0.00041529084676372648174749735
Oregon,4 wk ahead,Bin,percent,12.6,12.7, 0.00041529084676372648174749735
Oregon,4 wk ahead,Bin,percent,12.7,12.8, 0.00041529084676372648174749735
Oregon,4 wk ahead,Bin,percent,12.8,12.9, 0.00041529084676372648174749735
Oregon,4 wk ahead,Bin,percent,12.9,13, 0.00041529084676372648174749735
Oregon,4 wk ahead,Bin,percent,13,100, 0.00041529084676372648174749735
Oklahoma,Season peak week,Bin,week,40,41, 0.00098746164390702733174021155
Oklahoma,Season peak week,Bin,week,41,42, 0.00098746164390702733174021155
Oklahoma,Season peak week,Bin,week,42,43, 0.00098746164390702733174021155
Oklahoma,Season peak week,Bin,week,43,44, 0.00098746164390702733174021155
Oklahoma,Season peak week,Bin,week,44,45, 0.00098746164390702733174021155
Oklahoma,Season peak week,Bin,week,45,46, 0.00098746164390702733174021155
Oklahoma,Season peak week,Bin,week,46,47, 0.00098746164390702733174021155
Oklahoma,Season peak week,Bin,week,47,48, 0.00098746164390702733174021155
Oklahoma,Season peak week,Bin,week,48,49, 0.00098746164390702733174021155
Oklahoma,Season peak week,Bin,week,49,50, 0.00229786780421914471617128584
Oklahoma,Season peak week,Bin,week,50,51, 0.01679660214101845808198909538
Oklahoma,Season peak week,Bin,week,51,52, 0.05653253813226725293938912387
Oklahoma,Season peak week,Bin,week,52,53, 0.08478644875404765801629736188
Oklahoma,Season peak week,Bin,week,1,2, 0.05883150185817929284093352749
Oklahoma,Season peak week,Bin,week,2,3, 0.03513550119467735016742793164
Oklahoma,Season peak week,Bin,week,3,4, 0.07018775254811245034591848935
Oklahoma,Season peak week,Bin,week,4,5, 0.12433842593017156719081839356
Oklahoma,Season peak week,Bin,week,5,6, 0.12783749973728433801944959214
Oklahoma,Season peak week,Bin,week,6,7, 0.10637619323633643042548158064
Oklahoma,Season peak week,Bin,week,7,8, 0.09193988705441771824844465755
Oklahoma,Season peak week,Bin,week,8,9, 0.05540448039746859870691153560
Oklahoma,Season peak week,Bin,week,9,10, 0.02569596294088109800224373203
Oklahoma,Season peak week,Bin,week,10,11, 0.03575007387670118413902642374
Oklahoma,Season peak week,Bin,week,11,12, 0.05058484176736011833641626367
Oklahoma,Season peak week,Bin,week,12,13, 0.03370230855921096946303805453
Oklahoma,Season peak week,Bin,week,13,14, 0.01001312678290791451096719555
Oklahoma,Season peak week,Bin,week,14,15, 0.00136984402429192768033128225
Oklahoma,Season peak week,Bin,week,15,16, 0.00058866474421387935192506724
Oklahoma,Season peak week,Bin,week,16,17, 0.00058866474421387935192506724
Oklahoma,Season peak week,Bin,week,17,18, 0.00058866474421387935192506724
Oklahoma,Season peak week,Bin,week,18,19, 0.00058866474421387935192506724
Oklahoma,Season peak week,Bin,week,19,20, 0.00058866474421387935192506724
Oklahoma,Season peak week,Bin,week,20,21, 0.00058866474421387935192506724
Oklahoma,Season peak percentage,Bin,percent,0,0.1, 0.00002808368919875958794876367
Oklahoma,Season peak percentage,Bin,percent,0.1,0.2, 0.00005616737839751918267379091
Oklahoma,Season peak percentage,Bin,percent,0.2,0.3, 0.00005616737839751916234500018
Oklahoma,Season peak percentage,Bin,percent,0.3,0.4, 0.00005616737839751916234500018
Oklahoma,Season peak percentage,Bin,percent,0.4,0.5, 0.00005616737839751916234500018
Oklahoma,Season peak percentage,Bin,percent,0.5,0.6, 0.00005616737839751919622631807
Oklahoma,Season peak percentage,Bin,percent,0.6,0.7, 0.00005616737839751922333137238
Oklahoma,Season peak percentage,Bin,percent,0.7,0.8, 0.00005616737839751922333137238
Oklahoma,Season peak percentage,Bin,percent,0.8,0.9, 0.00005616737839751922333137238
Oklahoma,Season peak percentage,Bin,percent,0.9,1, 0.00005616737839751922333137238
Oklahoma,Season peak percentage,Bin,percent,1,1.1, 0.00005616737839751922333137238
Oklahoma,Season peak percentage,Bin,percent,1.1,1.2, 0.00005616737839751922333137238
Oklahoma,Season peak percentage,Bin,percent,1.2,1.3, 0.00005616737839751922333137238
Oklahoma,Season peak percentage,Bin,percent,1.3,1.4, 0.00005616737839751922333137238
Oklahoma,Season peak percentage,Bin,percent,1.4,1.5, 0.00005616737839751922333137238
Oklahoma,Season peak percentage,Bin,percent,1.5,1.6, 0.00005616737839751922333137238
Oklahoma,Season peak percentage,Bin,percent,1.6,1.7, 0.00005616737839751922333137238
Oklahoma,Season peak percentage,Bin,percent,1.7,1.8, 0.00005616737839751922333137238
Oklahoma,Season peak percentage,Bin,percent,1.8,1.9, 0.00005616737839751922333137238
Oklahoma,Season peak percentage,Bin,percent,1.9,2, 0.00005616737839751922333137238
Oklahoma,Season peak percentage,Bin,percent,2,2.1, 0.00005616737839751910135862797
Oklahoma,Season peak percentage,Bin,percent,2.1,2.2, 0.00005616737839751897260961999
Oklahoma,Season peak percentage,Bin,percent,2.2,2.3, 0.00005616737839751897260961999
Oklahoma,Season peak percentage,Bin,percent,2.3,2.4, 0.00005616737839751897260961999
Oklahoma,Season peak percentage,Bin,percent,2.4,2.5, 0.00005616737839751897260961999
Oklahoma,Season peak percentage,Bin,percent,2.5,2.6, 0.00005616737839751897260961999
Oklahoma,Season peak percentage,Bin,percent,2.6,2.7, 0.00005616737839751897260961999
Oklahoma,Season peak percentage,Bin,percent,2.7,2.8, 0.00005616737839751897260961999
Oklahoma,Season peak percentage,Bin,percent,2.8,2.9, 0.00005616737839751897260961999
Oklahoma,Season peak percentage,Bin,percent,2.9,3, 0.00005616737839751897260961999
Oklahoma,Season peak percentage,Bin,percent,3,3.1, 0.00005616737839751897260961999
Oklahoma,Season peak percentage,Bin,percent,3.1,3.2, 0.00005852143221812715817358938
Oklahoma,Season peak percentage,Bin,percent,3.2,3.3, 0.00006934675410744475278213006
Oklahoma,Season peak percentage,Bin,percent,3.3,3.4, 0.00008268959215746655554840627
Oklahoma,Season peak percentage,Bin,percent,3.4,3.5, 0.00009826369265791437361805966
Oklahoma,Season peak percentage,Bin,percent,3.5,3.6, 0.00011639164390653012346246720
Oklahoma,Season peak percentage,Bin,percent,3.6,3.7, 0.00013739633712092332376575321
Oklahoma,Season peak percentage,Bin,percent,3.7,3.8, 0.00016168860113851147436436761
Oklahoma,Season peak percentage,Bin,percent,3.8,3.9, 0.00018966870013967018554143507
Oklahoma,Season peak percentage,Bin,percent,3.9,4, 0.00022173882195112564895585205
Oklahoma,Season peak percentage,Bin,percent,4,4.1, 0.00025838560522801437991519125
Oklahoma,Season peak percentage,Bin,percent,4.1,4.2, 0.00030009343880920368290848854
Oklahoma,Season peak percentage,Bin,percent,4.2,4.3, 0.00034738250397361514817257122
Oklahoma,Season peak percentage,Bin,percent,4.3,4.4, 0.00040091292198573131840347306
Oklahoma,Season peak percentage,Bin,percent,4.4,4.5, 0.00046117830358778210547709975
Oklahoma,Season peak percentage,Bin,percent,4.5,4.6, 0.00052878077312041216109100850
Oklahoma,Season peak percentage,Bin,percent,4.6,4.7, 0.00060434001861053051989081109
Oklahoma,Season peak percentage,Bin,percent,4.7,4.8, 0.00068845635387161619681700708
Oklahoma,Season peak percentage,Bin,percent,4.8,4.9, 0.00078181084840245925870333421
Oklahoma,Season peak percentage,Bin,percent,4.9,5, 0.00088506736393228742452304880
Oklahoma,Season peak percentage,Bin,percent,5,5.1, 0.00099880078414648731759128975
Oklahoma,Season peak percentage,Bin,percent,5.1,5.2, 0.00112361909894143660419707498
Oklahoma,Season peak percentage,Bin,percent,5.2,5.3, 0.00126004475402486586059491724
Oklahoma,Season peak percentage,Bin,percent,5.3,5.4, 0.00140863419961342190012132392
Oklahoma,Season peak percentage,Bin,percent,5.4,5.5, 0.00156988767417678282134474443
Oklahoma,Season peak percentage,Bin,percent,5.5,5.6, 0.00174425195013950661698798328
Oklahoma,Season peak percentage,Bin,percent,5.6,5.7, 0.00193219239478758641331834767
Oklahoma,Season peak percentage,Bin,percent,5.7,5.8, 0.00213385429270021792849676423
Oklahoma,Season peak percentage,Bin,percent,5.8,5.9, 0.00234943493281332448432974225
Oklahoma,Season peak percentage,Bin,percent,5.9,6, 0.00257910556501632923578903878
Oklahoma,Season peak percentage,Bin,percent,6,6.1, 0.00282279569830257669182937974
Oklahoma,Season peak percentage,Bin,percent,6.1,6.2, 0.00308062693810805861976964692
Oklahoma,Season peak percentage,Bin,percent,6.2,6.3, 0.00335232877693582287381701690
Oklahoma,Season peak percentage,Bin,percent,6.3,6.4, 0.00363745859757958183572368327
Oklahoma,Season peak percentage,Bin,percent,6.4,6.5, 0.00393569246773072672906934599
Oklahoma,Season peak percentage,Bin,percent,6.5,6.6, 0.00424642279707458918797113867
Oklahoma,Season peak percentage,Bin,percent,6.6,6.7, 0.00456904263691024301735632562
Oklahoma,Season peak percentage,Bin,percent,6.7,6.8, 0.00490290431756963858422881941
Oklahoma,Season peak percentage,Bin,percent,6.8,6.9, 0.00524702801344957992651929501
Oklahoma,Season peak percentage,Bin,percent,6.9,7, 0.00560051913554293276376050414
Oklahoma,Season peak percentage,Bin,percent,7,7.1, 0.00596229384982832621986403865
Oklahoma,Season peak percentage,Bin,percent,7.1,7.2, 0.00633125096834489739516804718
Oklahoma,Season peak percentage,Bin,percent,7.2,7.3, 0.00670626648951559364841834565
Oklahoma,Season peak percentage,Bin,percent,7.3,7.4, 0.00708608998221114429194589235
Oklahoma,Season peak percentage,Bin,percent,7.4,7.5, 0.00746952995032737054187377268
Oklahoma,Season peak percentage,Bin,percent,7.5,7.6, 0.00785525746721193671162630778
Oklahoma,Season peak percentage,Bin,percent,7.6,7.7, 0.00824200496106347081648468844
Oklahoma,Season peak percentage,Bin,percent,7.7,7.8, 0.00862851359481536100970444636
Oklahoma,Season peak percentage,Bin,percent,7.8,7.9, 0.00901355350155663183342458211
Oklahoma,Season peak percentage,Bin,percent,7.9,8, 0.00939589440424520513928108301
Oklahoma,Season peak percentage,Bin,percent,8,8.1, 0.00977432250330458746168105222
Oklahoma,Season peak percentage,Bin,percent,8.1,8.2, 0.01014780104346273831295022205
Oklahoma,Season peak percentage,Bin,percent,8.2,8.3, 0.01051523121181244073418792340
Oklahoma,Season peak percentage,Bin,percent,8.3,8.4, 0.01087568053675466370200375366
Oklahoma,Season peak percentage,Bin,percent,8.4,8.5, 0.01122823234821781167303011983
Oklahoma,Season peak percentage,Bin,percent,8.5,8.6, 0.01157195863239654856635674207
Oklahoma,Season peak percentage,Bin,percent,8.6,8.7, 0.01190617821303991720471859850
Oklahoma,Season peak percentage,Bin,percent,8.7,8.8, 0.01223016402258589492568763291
Oklahoma,Season peak percentage,Bin,percent,8.8,8.9, 0.01254335920886433426713058026
Oklahoma,Season peak percentage,Bin,percent,8.9,9, 0.01284523240491688110542778389
Oklahoma,Season peak percentage,Bin,percent,9,9.1, 0.01313522681013051980614125824
Oklahoma,Season peak percentage,Bin,percent,9.1,9.2, 0.01341298691635139407607457684
Oklahoma,Season peak percentage,Bin,percent,9.2,9.3, 0.01367795800304379486012074096
Oklahoma,Season peak percentage,Bin,percent,9.3,9.4, 0.01392988302256655507027627294
Oklahoma,Season peak percentage,Bin,percent,9.4,9.5, 0.01416851142016919105903749454
Oklahoma,Season peak percentage,Bin,percent,9.5,9.6, 0.01439345892665355557127337960
Oklahoma,Season peak percentage,Bin,percent,9.6,9.7, 0.01460451078671934702080115187
Oklahoma,Season peak percentage,Bin,percent,9.7,9.8, 0.01480130734157118765903504709
Oklahoma,Season peak percentage,Bin,percent,9.8,9.9, 0.01498337826798147066897914925
Oklahoma,Season peak percentage,Bin,percent,9.9,10, 0.01515066218144896746655714281
Oklahoma,Season peak percentage,Bin,percent,10,10.1, 0.01530277707587833838087654215
Oklahoma,Season peak percentage,Bin,percent,10.1,10.2, 0.01543943088281962000563041215
Oklahoma,Season peak percentage,Bin,percent,10.2,10.3, 0.01556028086059516729600105123
Oklahoma,Season peak percentage,Bin,percent,10.3,10.4, 0.01566486183847231455912307752
Oklahoma,Season peak percentage,Bin,percent,10.4,10.5, 0.01575277268244707623567890664
Oklahoma,Season peak percentage,Bin,percent,10.5,10.6, 0.01582371817371656594342077540
Oklahoma,Season peak percentage,Bin,percent,10.6,10.7, 0.01587730109195611971628636638
Oklahoma,Season peak percentage,Bin,percent,10.7,10.8, 0.01591316234923000408341131617
Oklahoma,Season peak percentage,Bin,percent,10.8,10.9, 0.01593087553281872376098604605
Oklahoma,Season peak percentage,Bin,percent,10.9,11, 0.01593006309244099708011255245
Oklahoma,Season peak percentage,Bin,percent,11,11.1, 0.01591025973685080210917597299
Oklahoma,Season peak percentage,Bin,percent,11.1,11.2, 0.01587115107846295836147021419
Oklahoma,Season peak percentage,Bin,percent,11.2,11.3, 0.01581256187135475499427883506
Oklahoma,Season peak percentage,Bin,percent,11.3,11.4, 0.01573424139583741790393567328
Oklahoma,Season peak percentage,Bin,percent,11.4,11.5, 0.01563594174914385848129683154
Oklahoma,Season peak percentage,Bin,percent,11.5,11.6, 0.01551761909229937633214468917
Oklahoma,Season peak percentage,Bin,percent,11.6,11.7, 0.01537886169776529927954999977
Oklahoma,Season peak percentage,Bin,percent,11.7,11.8, 0.01521991605561033578108975917
Oklahoma,Season peak percentage,Bin,percent,11.8,11.9, 0.01504096929302762772340251729
Oklahoma,Season peak percentage,Bin,percent,11.9,12, 0.01484208194688041264341915593
Oklahoma,Season peak percentage,Bin,percent,12,12.1, 0.01462363810691154515641887457
Oklahoma,Season peak percentage,Bin,percent,12.1,12.2, 0.01438589447043733988984559602
Oklahoma,Season peak percentage,Bin,percent,12.2,12.3, 0.01412917592566174246337951104
Oklahoma,Season peak percentage,Bin,percent,12.3,12.4, 0.01385429911564081857655583718
Oklahoma,Season peak percentage,Bin,percent,12.4,12.5, 0.01356182248798724378213709230
Oklahoma,Season peak percentage,Bin,percent,12.5,12.6, 0.01325262805475310376457365180
Oklahoma,Season peak percentage,Bin,percent,12.6,12.7, 0.01292757292916082295652913103
Oklahoma,Season peak percentage,Bin,percent,12.7,12.8, 0.01258755490310597795200475701
Oklahoma,Season peak percentage,Bin,percent,12.8,12.9, 0.01223371183491834754408777997
Oklahoma,Season peak percentage,Bin,percent,12.9,13, 0.01186709717259245774889642178
Oklahoma,Season peak percentage,Bin,percent,13,100, 0.15523119475650370979735725996
Oklahoma,1 wk ahead,Bin,percent,0,0.1, 0.00150197305402416164329948423
Oklahoma,1 wk ahead,Bin,percent,0.1,0.2, 0.00324262768982823846447560712
Oklahoma,1 wk ahead,Bin,percent,0.2,0.3, 0.00356182560537079756154965615
Oklahoma,1 wk ahead,Bin,percent,0.3,0.4, 0.00387700052012035587672977854
Oklahoma,1 wk ahead,Bin,percent,0.4,0.5, 0.00418182574874608782578011557
Oklahoma,1 wk ahead,Bin,percent,0.5,0.6, 0.00446970731886517109315848373
Oklahoma,1 wk ahead,Bin,percent,0.6,0.7, 0.00473411080638900388928291818
Oklahoma,1 wk ahead,Bin,percent,0.7,0.8, 0.00496870651351613307894483640
Oklahoma,1 wk ahead,Bin,percent,0.8,0.9, 0.00516767493869329987837835105
Oklahoma,1 wk ahead,Bin,percent,0.9,1, 0.00532590088378685506259602178
Oklahoma,1 wk ahead,Bin,percent,1,1.1, 0.00543918866705414734419310463
Oklahoma,1 wk ahead,Bin,percent,1.1,1.2, 0.00550455064787973378376273459
Oklahoma,1 wk ahead,Bin,percent,1.2,1.3, 0.00552023783927419516709411695
Oklahoma,1 wk ahead,Bin,percent,1.3,1.4, 0.00548580730591719575167664047
Oklahoma,1 wk ahead,Bin,percent,1.4,1.5, 0.00540220462577255255975927639
Oklahoma,1 wk ahead,Bin,percent,1.5,1.6, 0.00527167583782390137409068487
Oklahoma,1 wk ahead,Bin,percent,1.6,1.7, 0.00509766256936089890566821126
Oklahoma,1 wk ahead,Bin,percent,1.7,1.8, 0.00488469259717747624621742020
Oklahoma,1 wk ahead,Bin,percent,1.8,1.9, 0.00463816682898019437553127631
Oklahoma,1 wk ahead,Bin,percent,1.9,2, 0.00436417408083188389927853379
Oklahoma,1 wk ahead,Bin,percent,2,2.1, 0.00406915798255579053144259660
Oklahoma,1 wk ahead,Bin,percent,2.1,2.2, 0.00375970045620958133111844113
Oklahoma,1 wk ahead,Bin,percent,2.2,2.3, 0.00344229697049638731776166622
Oklahoma,1 wk ahead,Bin,percent,2.3,2.4, 0.00312313874410656685740028671
Oklahoma,1 wk ahead,Bin,percent,2.4,2.5, 0.00280789868127531618696712812
Oklahoma,1 wk ahead,Bin,percent,2.5,2.6, 0.00250160427908264733701249050
Oklahoma,1 wk ahead,Bin,percent,2.6,2.7, 0.00220852616772458524088684761
Oklahoma,1 wk ahead,Bin,percent,2.7,2.8, 0.00193211777948508836057206484
Oklahoma,1 wk ahead,Bin,percent,2.8,2.9, 0.00167500985094825335756929530
Oklahoma,1 wk ahead,Bin,percent,2.9,3, 0.00143898989235429625166418077
Oklahoma,1 wk ahead,Bin,percent,3,3.1, 0.00122509793759496051629431790
Oklahoma,1 wk ahead,Bin,percent,3.1,3.2, 0.00103366438582634602612320140
Oklahoma,1 wk ahead,Bin,percent,3.2,3.3, 0.00086439342944859666809098719
Oklahoma,1 wk ahead,Bin,percent,3.3,3.4, 0.00071652381061325398116379493
Oklahoma,1 wk ahead,Bin,percent,3.4,3.5, 0.00058892303852552216770349647
Oklahoma,1 wk ahead,Bin,percent,3.5,3.6, 0.00048015556504842673559915744
Oklahoma,1 wk ahead,Bin,percent,3.6,3.7, 0.00038864584656131498938483326
Oklahoma,1 wk ahead,Bin,percent,3.7,3.8, 0.00031275793354493903932617149
Oklahoma,1 wk ahead,Bin,percent,3.8,3.9, 0.00025087461924063776804935677
Oklahoma,1 wk ahead,Bin,percent,3.9,4, 0.00020146712373494320429297144
Oklahoma,1 wk ahead,Bin,percent,4,4.1, 0.00016316683867438833556266775
Oklahoma,1 wk ahead,Bin,percent,4.1,4.2, 0.00013479380086703899492908687
Oklahoma,1 wk ahead,Bin,percent,4.2,4.3, 0.00011541347702538256117261312
Oklahoma,1 wk ahead,Bin,percent,4.3,4.4, 0.00010436305321618256274161102
Oklahoma,1 wk ahead,Bin,percent,4.4,4.5, 0.00010124997870853902283590220
Oklahoma,1 wk ahead,Bin,percent,4.5,4.6, 0.00010598102153748732961579399
Oklahoma,1 wk ahead,Bin,percent,4.6,4.7, 0.00011877341790259430729347068
Oklahoma,1 wk ahead,Bin,percent,4.7,4.8, 0.00014013376693971585839823546
Oklahoma,1 wk ahead,Bin,percent,4.8,4.9, 0.00017086660536678180888001122
Oklahoma,1 wk ahead,Bin,percent,4.9,5, 0.00021205238532077456373343971
Oklahoma,1 wk ahead,Bin,percent,5,5.1, 0.00026502911344462908374564059
Oklahoma,1 wk ahead,Bin,percent,5.1,5.2, 0.00033134580650051050597360014
Oklahoma,1 wk ahead,Bin,percent,5.2,5.3, 0.00041273506862343225208566988
Oklahoma,1 wk ahead,Bin,percent,5.3,5.4, 0.00051103317225370862263156280
Oklahoma,1 wk ahead,Bin,percent,5.4,5.5, 0.00062812641252780977360603565
Oklahoma,1 wk ahead,Bin,percent,5.5,5.6, 0.00076587116335718173100455264
Oklahoma,1 wk ahead,Bin,percent,5.6,5.7, 0.00092602000519574048566923130
Oklahoma,1 wk ahead,Bin,percent,5.7,5.8, 0.00111002724473218436322674574
Oklahoma,1 wk ahead,Bin,percent,5.8,5.9, 0.00131903543717794345495331054
Oklahoma,1 wk ahead,Bin,percent,5.9,6, 0.00155371613235770001174018695
Oklahoma,1 wk ahead,Bin,percent,6,6.1, 0.00181420420254916280565493647
Oklahoma,1 wk ahead,Bin,percent,6.1,6.2, 0.00210000746030994519739087956
Oklahoma,1 wk ahead,Bin,percent,6.2,6.3, 0.00240996228581470293625410584
Oklahoma,1 wk ahead,Bin,percent,6.3,6.4, 0.00274216938158724186924697364
Oklahoma,1 wk ahead,Bin,percent,6.4,6.5, 0.00309404164559185391319973135
Oklahoma,1 wk ahead,Bin,percent,6.5,6.6, 0.00346234014955926422754672878
Oklahoma,1 wk ahead,Bin,percent,6.6,6.7, 0.00384328977946349391661695627
Oklahoma,1 wk ahead,Bin,percent,6.7,6.8, 0.00423273586622758667824539813
Oklahoma,1 wk ahead,Bin,percent,6.8,6.9, 0.00462633605050508881634252489
Oklahoma,1 wk ahead,Bin,percent,6.9,7, 0.00501978913642429046271242754
Oklahoma,1 wk ahead,Bin,percent,7,7.1, 0.00540912098486674101233129264
Oklahoma,1 wk ahead,Bin,percent,7.1,7.2, 0.00579097795116702458717572455
Oklahoma,1 wk ahead,Bin,percent,7.2,7.3, 0.00616289576319423246936191063
Oklahoma,1 wk ahead,Bin,percent,7.3,7.4, 0.00652354787572601881040501581
Oklahoma,1 wk ahead,Bin,percent,7.4,7.5, 0.00687295412772256572586648815
Oklahoma,1 wk ahead,Bin,percent,7.5,7.6, 0.00721264164056110903405771850
Oklahoma,1 wk ahead,Bin,percent,7.6,7.7, 0.00754571576492427727872458476
Oklahoma,1 wk ahead,Bin,percent,7.7,7.8, 0.00787684150579859992946651914
Oklahoma,1 wk ahead,Bin,percent,7.8,7.9, 0.00821212468060563034744081534
Oklahoma,1 wk ahead,Bin,percent,7.9,8, 0.00855889459245821361543793415
Oklahoma,1 wk ahead,Bin,percent,8,8.1, 0.00892540732554501087259168912
Oklahoma,1 wk ahead,Bin,percent,8.1,8.2, 0.00932048997633916874450132894
Oklahoma,1 wk ahead,Bin,percent,8.2,8.3, 0.00975295222857470306410121452
Oklahoma,1 wk ahead,Bin,percent,8.3,8.4, 0.01023110163353065267533015259
Oklahoma,1 wk ahead,Bin,percent,8.4,8.5, 0.01076221803790985628856979872
Oklahoma,1 wk ahead,Bin,percent,8.5,8.6, 0.01135206962835086201557555086
Oklahoma,1 wk ahead,Bin,percent,8.6,8.7, 0.01200440996021004923244301921
Oklahoma,1 wk ahead,Bin,percent,8.7,8.8, 0.01272057241842831573630512310
Oklahoma,1 wk ahead,Bin,percent,8.8,8.9, 0.01349910004895645866673792312
Oklahoma,1 wk ahead,Bin,percent,8.9,9, 0.01433562534218163833643622240
Oklahoma,1 wk ahead,Bin,percent,9,9.1, 0.01522272022880749586803972306
Oklahoma,1 wk ahead,Bin,percent,9.1,9.2, 0.01615003665536328056329118397
Oklahoma,1 wk ahead,Bin,percent,9.2,9.3, 0.01710447102093689414337163157
Oklahoma,1 wk ahead,Bin,percent,9.3,9.4, 0.01807048097387386337286940829
Oklahoma,1 wk ahead,Bin,percent,9.4,9.5, 0.01903048328367515709680368730
Oklahoma,1 wk ahead,Bin,percent,9.5,9.6, 0.01996551588736805021850884145
Oklahoma,1 wk ahead,Bin,percent,9.6,9.7, 0.02085588050486724548404637858
Oklahoma,1 wk ahead,Bin,percent,9.7,9.8, 0.02168173247538276310342197917
Oklahoma,1 wk ahead,Bin,percent,9.8,9.9, 0.02242377517088747773676971065
Oklahoma,1 wk ahead,Bin,percent,9.9,10, 0.02306384343021333077627943453
Oklahoma,1 wk ahead,Bin,percent,10,10.1, 0.02358567897330186499682547208
Oklahoma,1 wk ahead,Bin,percent,10.1,10.2, 0.02397529693253500765459662603
Oklahoma,1 wk ahead,Bin,percent,10.2,10.3, 0.02422156346525932563151783938
Oklahoma,1 wk ahead,Bin,percent,10.3,10.4, 0.02431646103039408757240380510
Oklahoma,1 wk ahead,Bin,percent,10.4,10.5, 0.02425532304039738906720202749
Oklahoma,1 wk ahead,Bin,percent,10.5,10.6, 0.02403683242557053817423096120
Oklahoma,1 wk ahead,Bin,percent,10.6,10.7, 0.02366324363240016742659932447
Oklahoma,1 wk ahead,Bin,percent,10.7,10.8, 0.02314032448854845894214982138
Oklahoma,1 wk ahead,Bin,percent,10.8,10.9, 0.02247703827716468830133500489
Oklahoma,1 wk ahead,Bin,percent,10.9,11, 0.02168500831962007213693510721
Oklahoma,1 wk ahead,Bin,percent,11,11.1, 0.02077819932166728375544373364
Oklahoma,1 wk ahead,Bin,percent,11.1,11.2, 0.01977246530113284037066812004
Oklahoma,1 wk ahead,Bin,percent,11.2,11.3, 0.01868520706439838474643977406
Oklahoma,1 wk ahead,Bin,percent,11.3,11.4, 0.01753463243713982572247189751
Oklahoma,1 wk ahead,Bin,percent,11.4,11.5, 0.01633931995213358523422186863
Oklahoma,1 wk ahead,Bin,percent,11.5,11.6, 0.01511771248046116754293333173
Oklahoma,1 wk ahead,Bin,percent,11.6,11.7, 0.01388762705525833744679697901
Oklahoma,1 wk ahead,Bin,percent,11.7,11.8, 0.01266587745287972230356920988
Oklahoma,1 wk ahead,Bin,percent,11.8,11.9, 0.01146786231944754361200544679
Oklahoma,1 wk ahead,Bin,percent,11.9,12, 0.01030732963824929418472642340
Oklahoma,1 wk ahead,Bin,percent,12,12.1, 0.00919599836362787644017391386
Oklahoma,1 wk ahead,Bin,percent,12.1,12.2, 0.00814350123100901317207966912
Oklahoma,1 wk ahead,Bin,percent,12.2,12.3, 0.00715740689512903149882561138
Oklahoma,1 wk ahead,Bin,percent,12.3,12.4, 0.00624318908123560993572720434
Oklahoma,1 wk ahead,Bin,percent,12.4,12.5, 0.00540421247338708065494072841
Oklahoma,1 wk ahead,Bin,percent,12.5,12.6, 0.00464199122772630985711561635
Oklahoma,1 wk ahead,Bin,percent,12.6,12.7, 0.00395635926053554062842287919
Oklahoma,1 wk ahead,Bin,percent,12.7,12.8, 0.00334560903829315796353949253
Oklahoma,1 wk ahead,Bin,percent,12.8,12.9, 0.00280684229272451729944592991
Oklahoma,1 wk ahead,Bin,percent,12.9,13, 0.00233619428013333296778597514
Oklahoma,1 wk ahead,Bin,percent,13,100, 0.01002182269626015510832761635
Oklahoma,2 wk ahead,Bin,percent,0,0.1, 0.00003335211683199931775867242
Oklahoma,2 wk ahead,Bin,percent,0.1,0.2, 0.00006670423366399866262239915
Oklahoma,2 wk ahead,Bin,percent,0.2,0.3, 0.00006670423366399862196481768
Oklahoma,2 wk ahead,Bin,percent,0.3,0.4, 0.00007429831328524011564966995
Oklahoma,2 wk ahead,Bin,percent,0.4,0.5, 0.00009828989037548504505929087
Oklahoma,2 wk ahead,Bin,percent,0.5,0.6, 0.00012916579874951611460812129
Oklahoma,2 wk ahead,Bin,percent,0.6,0.7, 0.00016815706158696929872070625
Oklahoma,2 wk ahead,Bin,percent,0.7,0.8, 0.00021687872758860402325718775
Oklahoma,2 wk ahead,Bin,percent,0.8,0.9, 0.00027708787908293955153105070
Oklahoma,2 wk ahead,Bin,percent,0.9,1, 0.00035068234593910033777136581
Oklahoma,2 wk ahead,Bin,percent,1,1.1, 0.00043965750162803721298385162
Oklahoma,2 wk ahead,Bin,percent,1.1,1.2, 0.00054602893924320626550805713
Oklahoma,2 wk ahead,Bin,percent,1.2,1.3, 0.00067176988026509140781300511
Oklahoma,2 wk ahead,Bin,percent,1.3,1.4, 0.00081870536503914222679900714
Oklahoma,2 wk ahead,Bin,percent,1.4,1.5, 0.00098841528181778902373277873
Oklahoma,2 wk ahead,Bin,percent,1.5,1.6, 0.00118210452906817556524565749
Oklahoma,2 wk ahead,Bin,percent,1.6,1.7, 0.00140049401839265432768988351
Oklahoma,2 wk ahead,Bin,percent,1.7,1.8, 0.00164366663185958050696910959
Oklahoma,2 wk ahead,Bin,percent,1.8,1.9, 0.00191101723609637757193835395
Oklahoma,2 wk ahead,Bin,percent,1.9,2, 0.00220101132637417606224827793
Oklahoma,2 wk ahead,Bin,percent,2,2.1, 0.00251121309795186318722381991
Oklahoma,2 wk ahead,Bin,percent,2.1,2.2, 0.00283824394746344955270389576
Oklahoma,2 wk ahead,Bin,percent,2.2,2.3, 0.00317776755942949032385236308
Oklahoma,2 wk ahead,Bin,percent,2.3,2.4, 0.00352452754647887729622102171
Oklahoma,2 wk ahead,Bin,percent,2.4,2.5, 0.00387245877148643989976162239
Oklahoma,2 wk ahead,Bin,percent,2.5,2.6, 0.00421483185494979806923199206
Oklahoma,2 wk ahead,Bin,percent,2.6,2.7, 0.00454445781442094996066538570
Oklahoma,2 wk ahead,Bin,percent,2.7,2.8, 0.00485392320976198946708146664
Oklahoma,2 wk ahead,Bin,percent,2.8,2.9, 0.00513584684101028518532494616
Oklahoma,2 wk ahead,Bin,percent,2.9,3, 0.00538312646660822798072576489
Oklahoma,2 wk ahead,Bin,percent,3,3.1, 0.00558941614073614565644243513
Oklahoma,2 wk ahead,Bin,percent,3.1,3.2, 0.00574924076040214844518505544
Oklahoma,2 wk ahead,Bin,percent,3.2,3.3, 0.00585828271202583090310200831
Oklahoma,2 wk ahead,Bin,percent,3.3,3.4, 0.00591357488775470525182997861
Oklahoma,2 wk ahead,Bin,percent,3.4,3.5, 0.00591365123614117586120508818
Oklahoma,2 wk ahead,Bin,percent,3.5,3.6, 0.00585859720225594040460270762
Oklahoma,2 wk ahead,Bin,percent,3.6,3.7, 0.00575013893896946046840890077
Oklahoma,2 wk ahead,Bin,percent,3.7,3.8, 0.00559151421717433202290825633
Oklahoma,2 wk ahead,Bin,percent,3.8,3.9, 0.00538735144726482963195568487
Oklahoma,2 wk ahead,Bin,percent,3.9,4, 0.00514349296408253900403373393
Oklahoma,2 wk ahead,Bin,percent,4,4.1, 0.00486672740381499310813318004
Oklahoma,2 wk ahead,Bin,percent,4.1,4.2, 0.00456469240135190957446953419
Oklahoma,2 wk ahead,Bin,percent,4.2,4.3, 0.00424547777816457801852711995
Oklahoma,2 wk ahead,Bin,percent,4.3,4.4, 0.00391735989447255811973791495
Oklahoma,2 wk ahead,Bin,percent,4.4,4.5, 0.00358859080838333814253426901
Oklahoma,2 wk ahead,Bin,percent,4.5,4.6, 0.00326719629179919070216531196
Oklahoma,2 wk ahead,Bin,percent,4.6,4.7, 0.00296081785045605684267289170
Oklahoma,2 wk ahead,Bin,percent,4.7,4.8, 0.00267658452451920852999123213
Oklahoma,2 wk ahead,Bin,percent,4.8,4.9, 0.00242105941651935864522560138
Oklahoma,2 wk ahead,Bin,percent,4.9,5, 0.00220019463871146993272365222
Oklahoma,2 wk ahead,Bin,percent,5,5.1, 0.00201935302866993512255211485
Oklahoma,2 wk ahead,Bin,percent,5.1,5.2, 0.00188346766480713989112827367
Oklahoma,2 wk ahead,Bin,percent,5.2,5.3, 0.00179676075007598168818689910
Oklahoma,2 wk ahead,Bin,percent,5.3,5.4, 0.00176309720789119138591172220
Oklahoma,2 wk ahead,Bin,percent,5.4,5.5, 0.00178597623477854067566839014
Oklahoma,2 wk ahead,Bin,percent,5.5,5.6, 0.00186851348402534305805089421
Oklahoma,2 wk ahead,Bin,percent,5.6,5.7, 0.00201346685233445843454802571
Oklahoma,2 wk ahead,Bin,percent,5.7,5.8, 0.00222320090245275124585244697
Oklahoma,2 wk ahead,Bin,percent,5.8,5.9, 0.00249960385069980138214584819
Oklahoma,2 wk ahead,Bin,percent,5.9,6, 0.00284396921093827640542039958
Oklahoma,2 wk ahead,Bin,percent,6,6.1, 0.00325686842113259537867531179
Oklahoma,2 wk ahead,Bin,percent,6.1,6.2, 0.00373793675324779559737686796
Oklahoma,2 wk ahead,Bin,percent,6.2,6.3, 0.00428576073955837678203240060
Oklahoma,2 wk ahead,Bin,percent,6.3,6.4, 0.00489756858773281525398779479
Oklahoma,2 wk ahead,Bin,percent,6.4,6.5, 0.00556904262301703961018928268
Oklahoma,2 wk ahead,Bin,percent,6.5,6.6, 0.00629434459536259028472615640
Oklahoma,2 wk ahead,Bin,percent,6.6,6.7, 0.00706585849321505251457997687
Oklahoma,2 wk ahead,Bin,percent,6.7,6.8, 0.00787424666140479866116574925
Oklahoma,2 wk ahead,Bin,percent,6.8,6.9, 0.00870846100116512249200706464
Oklahoma,2 wk ahead,Bin,percent,6.9,7, 0.00955586258415871969695842836
Oklahoma,2 wk ahead,Bin,percent,7,7.1, 0.01040242690676673048555400669
Oklahoma,2 wk ahead,Bin,percent,7.1,7.2, 0.01123304290577985253829496060
Oklahoma,2 wk ahead,Bin,percent,7.2,7.3, 0.01203189397700213034148042368
Oklahoma,2 wk ahead,Bin,percent,7.3,7.4, 0.01278277741268366886340235311
Oklahoma,2 wk ahead,Bin,percent,7.4,7.5, 0.01346993543522751954344407466
Oklahoma,2 wk ahead,Bin,percent,7.5,7.6, 0.01407837236972462637007996733
Oklahoma,2 wk ahead,Bin,percent,7.6,7.7, 0.01459439813841453478793219745
Oklahoma,2 wk ahead,Bin,percent,7.7,7.8, 0.01500621672147336820024587922
Oklahoma,2 wk ahead,Bin,percent,7.8,7.9, 0.01530433383804399166683296585
Oklahoma,2 wk ahead,Bin,percent,7.9,8, 0.01548208896413684129700349956
Oklahoma,2 wk ahead,Bin,percent,8,8.1, 0.01553588120641476687244786348
Oklahoma,2 wk ahead,Bin,percent,8.1,8.2, 0.01546539511891189058734319417
Oklahoma,2 wk ahead,Bin,percent,8.2,8.3, 0.01527369712980817390013399404
Oklahoma,2 wk ahead,Bin,percent,8.3,8.4, 0.01496721624880677399549444573
Oklahoma,2 wk ahead,Bin,percent,8.4,8.5, 0.01455549599367615513922924464
Oklahoma,2 wk ahead,Bin,percent,8.5,8.6, 0.01405110249837738557732169653
Oklahoma,2 wk ahead,Bin,percent,8.6,8.7, 0.01346917295334548042573530324
Oklahoma,2 wk ahead,Bin,percent,8.7,8.8, 0.01282672804276418707103424310
Oklahoma,2 wk ahead,Bin,percent,8.8,8.9, 0.01214221311047934855065211224
Oklahoma,2 wk ahead,Bin,percent,8.9,9, 0.01143490570509143704203136593
Oklahoma,2 wk ahead,Bin,percent,9,9.1, 0.01072427166039714198364496411
Oklahoma,2 wk ahead,Bin,percent,9.1,9.2, 0.01002933904966937968261664338
Oklahoma,2 wk ahead,Bin,percent,9.2,9.3, 0.00936808875158056178489296428
Oklahoma,2 wk ahead,Bin,percent,9.3,9.4, 0.00875691018789397437882549013
Oklahoma,2 wk ahead,Bin,percent,9.4,9.5, 0.00821012162518205967920437161
Oklahoma,2 wk ahead,Bin,percent,9.5,9.6, 0.00773974275119962851904320544
Oklahoma,2 wk ahead,Bin,percent,9.6,9.7, 0.00735466694245574814647881112
Oklahoma,2 wk ahead,Bin,percent,9.7,9.8, 0.00706076785255979784416968670
Oklahoma,2 wk ahead,Bin,percent,9.8,9.9, 0.00686080774156843167799202377
Oklahoma,2 wk ahead,Bin,percent,9.9,10, 0.00675436515332253351040492362
Oklahoma,2 wk ahead,Bin,percent,10,10.1, 0.00673789896238379936582729712
Oklahoma,2 wk ahead,Bin,percent,10.1,10.2, 0.00680489771808104847161668971
Oklahoma,2 wk ahead,Bin,percent,10.2,10.3, 0.00694617607585912982814946304
Oklahoma,2 wk ahead,Bin,percent,10.3,10.4, 0.00715022652839115285816617984
Oklahoma,2 wk ahead,Bin,percent,10.4,10.5, 0.00740365250862952059551780337
Oklahoma,2 wk ahead,Bin,percent,10.5,10.6, 0.00769167514184488851358700856
Oklahoma,2 wk ahead,Bin,percent,10.6,10.7, 0.00799865877924052677550026402
Oklahoma,2 wk ahead,Bin,percent,10.7,10.8, 0.00830868740398207211717007681
Oklahoma,2 wk ahead,Bin,percent,10.8,10.9, 0.00860621834538653242285821676
Oklahoma,2 wk ahead,Bin,percent,10.9,11, 0.00887668856787065391200641784
Oklahoma,2 wk ahead,Bin,percent,11,11.1, 0.00910704904443469104302621986
Oklahoma,2 wk ahead,Bin,percent,11.1,11.2, 0.00928626139808260905872394630
Oklahoma,2 wk ahead,Bin,percent,11.2,11.3, 0.00940573563422967759417581135
Oklahoma,2 wk ahead,Bin,percent,11.3,11.4, 0.00945968086103368688277726051
Oklahoma,2 wk ahead,Bin,percent,11.4,11.5, 0.00944528855068802256078619450
Oklahoma,2 wk ahead,Bin,percent,11.5,11.6, 0.00936287068614785437936642865
Oklahoma,2 wk ahead,Bin,percent,11.6,11.7, 0.00921577380251475605787980783
Oklahoma,2 wk ahead,Bin,percent,11.7,11.8, 0.00901017150295610469434848255
Oklahoma,2 wk ahead,Bin,percent,11.8,11.9, 0.00875494850420692471981709559
Oklahoma,2 wk ahead,Bin,percent,11.9,12, 0.00846125397187268493692791083
Oklahoma,2 wk ahead,Bin,percent,12,12.1, 0.00814186203476183027738510845
Oklahoma,2 wk ahead,Bin,percent,12.1,12.2, 0.00781071709273888862418155909
Oklahoma,2 wk ahead,Bin,percent,12.2,12.3, 0.00748231385044059379985093017
Oklahoma,2 wk ahead,Bin,percent,12.3,12.4, 0.00717109524215195533181077536
Oklahoma,2 wk ahead,Bin,percent,12.4,12.5, 0.00689085618089564557603443617
Oklahoma,2 wk ahead,Bin,percent,12.5,12.6, 0.00665417788705517133929223661
Oklahoma,2 wk ahead,Bin,percent,12.6,12.7, 0.00647184963640376302584922286
Oklahoma,2 wk ahead,Bin,percent,12.7,12.8, 0.00635248315993148810615354094
Oklahoma,2 wk ahead,Bin,percent,12.8,12.9, 0.00630228184003646038635615412
Oklahoma,2 wk ahead,Bin,percent,12.9,13, 0.00632440482163246654040422712
Oklahoma,2 wk ahead,Bin,percent,13,100, 0.17864985829157575825121284652
Oklahoma,3 wk ahead,Bin,percent,0,0.1, 0.00005817012895545857590088798
Oklahoma,3 wk ahead,Bin,percent,0.1,0.2, 0.00011634025791091716535430312
Oklahoma,3 wk ahead,Bin,percent,0.2,0.3, 0.00011634025791091712469672165
Oklahoma,3 wk ahead,Bin,percent,0.3,0.4, 0.00011634025791091712469672165
Oklahoma,3 wk ahead,Bin,percent,0.4,0.5, 0.00011634025791091712469672165
Oklahoma,3 wk ahead,Bin,percent,0.5,0.6, 0.00011634025791091719245935743
Oklahoma,3 wk ahead,Bin,percent,0.6,0.7, 0.00011634025791091726022199321
Oklahoma,3 wk ahead,Bin,percent,0.7,0.8, 0.00011634025791091726022199321
Oklahoma,3 wk ahead,Bin,percent,0.8,0.9, 0.00011634025791091726022199321
Oklahoma,3 wk ahead,Bin,percent,0.9,1, 0.00011634025791091726022199321
Oklahoma,3 wk ahead,Bin,percent,1,1.1, 0.00011634025791091726022199321
Oklahoma,3 wk ahead,Bin,percent,1.1,1.2, 0.00011634025791091726022199321
Oklahoma,3 wk ahead,Bin,percent,1.2,1.3, 0.00011634025791091726022199321
Oklahoma,3 wk ahead,Bin,percent,1.3,1.4, 0.00011634025791091726022199321
Oklahoma,3 wk ahead,Bin,percent,1.4,1.5, 0.00011634025791091726022199321
Oklahoma,3 wk ahead,Bin,percent,1.5,1.6, 0.00011634025791091726022199321
Oklahoma,3 wk ahead,Bin,percent,1.6,1.7, 0.00014692005321570293131794305
Oklahoma,3 wk ahead,Bin,percent,1.7,1.8, 0.00024497538701016651320821471
Oklahoma,3 wk ahead,Bin,percent,1.8,1.9, 0.00039591386346631788489824899
Oklahoma,3 wk ahead,Bin,percent,1.9,2, 0.00061910831547156818920746302
Oklahoma,3 wk ahead,Bin,percent,2,2.1, 0.00093674038146936199154130032
Oklahoma,3 wk ahead,Bin,percent,2.1,2.2, 0.00137135547327850654611425263
Oklahoma,3 wk ahead,Bin,percent,2.2,2.3, 0.00194245581003949538238806394
Oklahoma,3 wk ahead,Bin,percent,2.3,2.4, 0.00266211865490255036870159699
Oklahoma,3 wk ahead,Bin,percent,2.4,2.5, 0.00353006245074439844663927168
Oklahoma,3 wk ahead,Bin,percent,2.5,2.6, 0.00452909004724318456358567175
Oklahoma,3 wk ahead,Bin,percent,2.6,2.7, 0.00562233063272117149916651258
Oklahoma,3 wk ahead,Bin,percent,2.7,2.8, 0.00675306175203819677999028670
Oklahoma,3 wk ahead,Bin,percent,2.8,2.9, 0.00784807974988744987132616160
Oklahoma,3 wk ahead,Bin,percent,2.9,3, 0.00882481128434477006539093935
Oklahoma,3 wk ahead,Bin,percent,3,3.1, 0.00960123825096379640564592250
Oklahoma,3 wk ahead,Bin,percent,3.1,3.2, 0.01010716227091986926800437629
Oklahoma,3 wk ahead,Bin,percent,3.2,3.3, 0.01029465892510529785586204099
Oklahoma,3 wk ahead,Bin,percent,3.3,3.4, 0.01014546317800933336594759737
Oklahoma,3 wk ahead,Bin,percent,3.4,3.5, 0.00967409029145573085006759584
Oklahoma,3 wk ahead,Bin,percent,3.5,3.6, 0.00892542051352713389222870433
Oklahoma,3 wk ahead,Bin,percent,3.6,3.7, 0.00796756605470017725822984289
Oklahoma,3 wk ahead,Bin,percent,3.7,3.8, 0.00688173799161424272485820808
Oklahoma,3 wk ahead,Bin,percent,3.8,3.9, 0.00575110770704290435312300289
Oklahoma,3 wk ahead,Bin,percent,3.9,4, 0.00465035423905563356783421369
Oklahoma,3 wk ahead,Bin,percent,4,4.1, 0.00363833102917482517288383370
Oklahoma,3 wk ahead,Bin,percent,4.1,4.2, 0.00275421775905095641417963392
Oklahoma,3 wk ahead,Bin,percent,4.2,4.3, 0.00201731540263605686746917200
Oklahoma,3 wk ahead,Bin,percent,4.3,4.4, 0.00142965943847630410148963342
Oklahoma,3 wk ahead,Bin,percent,4.4,4.5, 0.00098032150616310159349509057
Oklahoma,3 wk ahead,Bin,percent,4.5,4.6, 0.00065040540676385020027461259
Oklahoma,3 wk ahead,Bin,percent,4.6,4.7, 0.00041753187940592406896325728
Oklahoma,3 wk ahead,Bin,percent,4.7,4.8, 0.00025933697149673818390519520
Oklahoma,3 wk ahead,Bin,percent,4.8,4.9, 0.00015584892808512639905509090
Oklahoma,3 wk ahead,Bin,percent,4.9,5, 0.00009062135354553427766567675
Oklahoma,3 wk ahead,Bin,percent,5,5.1, 0.00005098500383510182627213800
Oklahoma,3 wk ahead,Bin,percent,5.1,5.2, 0.00002775333923478753535892677
Oklahoma,3 wk ahead,Bin,percent,5.2,5.3, 0.00001461714345672631325332835
Oklahoma,3 wk ahead,Bin,percent,5.3,5.4, 0.00000744859233752264281061377
Oklahoma,3 wk ahead,Bin,percent,5.4,5.5, 0.00000367267541515991164104388
Oklahoma,3 wk ahead,Bin,percent,5.5,5.6, 0.00000175271023631166390529103
Oklahoma,3 wk ahead,Bin,percent,5.6,5.7, 0.00000081007945799691098109050
Oklahoma,3 wk ahead,Bin,percent,5.7,5.8, 0.00000036432350594300811124970
Oklahoma,3 wk ahead,Bin,percent,5.8,5.9, 0.00000016418040947559950361279
Oklahoma,3 wk ahead,Bin,percent,5.9,6, 0.00000008631048975830077702342
Oklahoma,3 wk ahead,Bin,percent,6,6.1, 0.00000007974375533563822204221
Oklahoma,3 wk ahead,Bin,percent,6.1,6.2, 0.00000014140211069799984261894
Oklahoma,3 wk ahead,Bin,percent,6.2,6.3, 0.00000031583876732915067892703
Oklahoma,3 wk ahead,Bin,percent,6.3,6.4, 0.00000072025869696365307879183
Oklahoma,3 wk ahead,Bin,percent,6.4,6.5, 0.00000160471382763800971354659
Oklahoma,3 wk ahead,Bin,percent,6.5,6.6, 0.00000346760570123055589207019
Oklahoma,3 wk ahead,Bin,percent,6.6,6.7, 0.00000725827616045341456778913
Oklahoma,3 wk ahead,Bin,percent,6.7,6.8, 0.00001471549730651745257754663
Oklahoma,3 wk ahead,Bin,percent,6.8,6.9, 0.00002889880753138141097555169
Oklahoma,3 wk ahead,Bin,percent,6.9,7, 0.00005496975445367360206105206
Oklahoma,3 wk ahead,Bin,percent,7,7.1, 0.00010128394112795331867549198
Oklahoma,3 wk ahead,Bin,percent,7.1,7.2, 0.00018080054797179511338542368
Oklahoma,3 wk ahead,Bin,percent,7.2,7.3, 0.00031269735811064825001942546
Oklahoma,3 wk ahead,Bin,percent,7.3,7.4, 0.00052394429089117782773199483
Oklahoma,3 wk ahead,Bin,percent,7.4,7.5, 0.00085056319079673261499691117
Oklahoma,3 wk ahead,Bin,percent,7.5,7.6, 0.00133782237754241444503688907
Oklahoma,3 wk ahead,Bin,percent,7.6,7.7, 0.00203885183985254335795045399
Oklahoma,3 wk ahead,Bin,percent,7.7,7.8, 0.00301087346206552544658485715
Oklahoma,3 wk ahead,Bin,percent,7.8,7.9, 0.00430846324170455329677364986
Oklahoma,3 wk ahead,Bin,percent,7.9,8, 0.00597430946064105797971288681
Oklahoma,3 wk ahead,Bin,percent,8,8.1, 0.00802799243554085453777879877
Oklahoma,3 wk ahead,Bin,percent,8.1,8.2, 0.01045422167527059950642431829
Oklahoma,3 wk ahead,Bin,percent,8.2,8.3, 0.01319314332725417780733945250
Oklahoma,3 wk ahead,Bin,percent,8.3,8.4, 0.01613569623765062979736661930
Oklahoma,3 wk ahead,Bin,percent,8.4,8.5, 0.01912594158135030170120316484
Oklahoma,3 wk ahead,Bin,percent,8.5,8.6, 0.02197215751846145342929261801
Oklahoma,3 wk ahead,Bin,percent,8.6,8.7, 0.02446624431428743792760194253
Oklahoma,3 wk ahead,Bin,percent,8.7,8.8, 0.02640941346721223034754721937
Oklahoma,3 wk ahead,Bin,percent,8.8,8.9, 0.02764031563031569410648913276
Oklahoma,3 wk ahead,Bin,percent,8.9,9, 0.02805976721932543910265067666
Oklahoma,3 wk ahead,Bin,percent,9,9.1, 0.02764855771053032970629992349
Oklahoma,3 wk ahead,Bin,percent,9.1,9.2, 0.02647418048124557804490208923
Oklahoma,3 wk ahead,Bin,percent,9.2,9.3, 0.02468326685644021273313697407
Oklahoma,3 wk ahead,Bin,percent,9.3,9.4, 0.02248350576922268986845843131
Oklahoma,3 wk ahead,Bin,percent,9.4,9.5, 0.02011695947323660291217173324
Oklahoma,3 wk ahead,Bin,percent,9.5,9.6, 0.01782868431107522549927679734
Oklahoma,3 wk ahead,Bin,percent,9.6,9.7, 0.01583675253196090496055070673
Oklahoma,3 wk ahead,Bin,percent,9.7,9.8, 0.01430690418429389487720015950
Oklahoma,3 wk ahead,Bin,percent,9.8,9.9, 0.01333561666433702962153429183
Oklahoma,3 wk ahead,Bin,percent,9.9,10, 0.01294242570492465729814490771
Oklahoma,3 wk ahead,Bin,percent,10,10.1, 0.01307185326446578393921882366
Oklahoma,3 wk ahead,Bin,percent,10.1,10.2, 0.01360492250667994298951590793
Oklahoma,3 wk ahead,Bin,percent,10.2,10.3, 0.01437736977174584179772764969
Oklahoma,3 wk ahead,Bin,percent,10.3,10.4, 0.01520275584349338807155227471
Oklahoma,3 wk ahead,Bin,percent,10.4,10.5, 0.01589779214470765644762195734
Oklahoma,3 wk ahead,Bin,percent,10.5,10.6, 0.01630611237151644368759129122
Oklahoma,3 wk ahead,Bin,percent,10.6,10.7, 0.01631741443352660927978980965
Oklahoma,3 wk ahead,Bin,percent,10.7,10.8, 0.01587919334922032257861879145
Oklahoma,3 wk ahead,Bin,percent,10.8,10.9, 0.01499983530343188854738745164
Oklahoma,3 wk ahead,Bin,percent,10.9,11, 0.01374272497810627956249529547
Oklahoma,3 wk ahead,Bin,percent,11,11.1, 0.01221308682544836737848825692
Oklahoma,3 wk ahead,Bin,percent,11.1,11.2, 0.01054086986515911407435996949
Oklahoma,3 wk ahead,Bin,percent,11.2,11.3, 0.00886310860224802550544342949
Oklahoma,3 wk ahead,Bin,percent,11.3,11.4, 0.00730862213209287989862383839
Oklahoma,3 wk ahead,Bin,percent,11.4,11.5, 0.00598752609165608892793919438
Oklahoma,3 wk ahead,Bin,percent,11.5,11.6, 0.00498586898569834940236900067
Oklahoma,3 wk ahead,Bin,percent,11.6,11.7, 0.00436440343366301369137927324
Oklahoma,3 wk ahead,Bin,percent,11.7,11.8, 0.00416021337948619535085370558
Oklahoma,3 wk ahead,Bin,percent,11.8,11.9, 0.00438862393046956199282870870
Oklahoma,3 wk ahead,Bin,percent,11.9,12, 0.00504352652516296909995796582
Oklahoma,3 wk ahead,Bin,percent,12,12.1, 0.00609626550130294014850917961
Oklahoma,3 wk ahead,Bin,percent,12.1,12.2, 0.00749267388573939072810015105
Oklahoma,3 wk ahead,Bin,percent,12.2,12.3, 0.00915035645662110909415165594
Oklahoma,3 wk ahead,Bin,percent,12.3,12.4, 0.01095866597701965726441297733
Oklahoma,3 wk ahead,Bin,percent,12.4,12.5, 0.01278267850450649084637078090
Oklahoma,3 wk ahead,Bin,percent,12.5,12.6, 0.01447255252293894872694934861
Oklahoma,3 wk ahead,Bin,percent,12.6,12.7, 0.01587851978897065682860834102
Oklahoma,3 wk ahead,Bin,percent,12.7,12.8, 0.01686823420962741890138936185
Oklahoma,3 wk ahead,Bin,percent,12.8,12.9, 0.01734442150244090360966531250
Oklahoma,3 wk ahead,Bin,percent,12.9,13, 0.01725848929898736797139413568
Oklahoma,3 wk ahead,Bin,percent,13,100, 0.10081744860189149892715221313
Oklahoma,4 wk ahead,Bin,percent,0,0.1, 0.00048419027309532154147719840
Oklahoma,4 wk ahead,Bin,percent,0.1,0.2, 0.00103637513780581165361016627
Oklahoma,4 wk ahead,Bin,percent,0.2,0.3, 0.00113203770281328957095223764
Oklahoma,4 wk ahead,Bin,percent,0.3,0.4, 0.00123396030308294164801186099
Oklahoma,4 wk ahead,Bin,percent,0.4,0.5, 0.00134208535851538450327236074
Oklahoma,4 wk ahead,Bin,percent,0.5,0.6, 0.00145654291248877368336600568
Oklahoma,4 wk ahead,Bin,percent,0.6,0.7, 0.00157741035430538256885413251
Oklahoma,4 wk ahead,Bin,percent,0.7,0.8, 0.00170478208344180897325370605
Oklahoma,4 wk ahead,Bin,percent,0.8,0.9, 0.00183862325208655340465224715
Oklahoma,4 wk ahead,Bin,percent,0.9,1, 0.00197891458003648197314094936
Oklahoma,4 wk ahead,Bin,percent,1,1.1, 0.00212558326280539930386304093
Oklahoma,4 wk ahead,Bin,percent,1.1,1.2, 0.00227851856966495864426081042
Oklahoma,4 wk ahead,Bin,percent,1.2,1.3, 0.00243773360075460543763825605
Oklahoma,4 wk ahead,Bin,percent,1.3,1.4, 0.00260300861642682969041007190
Oklahoma,4 wk ahead,Bin,percent,1.4,1.5, 0.00277411703910276311729754539
Oklahoma,4 wk ahead,Bin,percent,1.5,1.6, 0.00295083654699528465450986126
Oklahoma,4 wk ahead,Bin,percent,1.6,1.7, 0.00313305377352584299779914012
Oklahoma,4 wk ahead,Bin,percent,1.7,1.8, 0.00332043795679910986110017213
Oklahoma,4 wk ahead,Bin,percent,1.8,1.9, 0.00351266146044697203862372525
Oklahoma,4 wk ahead,Bin,percent,1.9,2, 0.00370940677219107860229652118
Oklahoma,4 wk ahead,Bin,percent,2,2.1, 0.00391037331456446386052094866
Oklahoma,4 wk ahead,Bin,percent,2.1,2.2, 0.00411518731471815883693476934
Oklahoma,4 wk ahead,Bin,percent,2.2,2.3, 0.00432350076372625940351879237
Oklahoma,4 wk ahead,Bin,percent,2.3,2.4, 0.00453486890050893137055210147
Oklahoma,4 wk ahead,Bin,percent,2.4,2.5, 0.00474890879299102834643075965
Oklahoma,4 wk ahead,Bin,percent,2.5,2.6, 0.00496520596589416964711238833
Oklahoma,4 wk ahead,Bin,percent,2.6,2.7, 0.00518340148735896375647991263
Oklahoma,4 wk ahead,Bin,percent,2.7,2.8, 0.00540301995840518183011891296
Oklahoma,4 wk ahead,Bin,percent,2.8,2.9, 0.00562366385233741775812044139
Oklahoma,4 wk ahead,Bin,percent,2.9,3, 0.00584492976269539946804210118
Oklahoma,4 wk ahead,Bin,percent,3,3.1, 0.00606642340672009384300311652
Oklahoma,4 wk ahead,Bin,percent,3.1,3.2, 0.00628775044799738478534800734
Oklahoma,4 wk ahead,Bin,percent,3.2,3.3, 0.00650853923256260093882508144
Oklahoma,4 wk ahead,Bin,percent,3.3,3.4, 0.00672843594699696137539923768
Oklahoma,4 wk ahead,Bin,percent,3.4,3.5, 0.00694710399415385086718810470
Oklahoma,4 wk ahead,Bin,percent,3.5,3.6, 0.00716421361249899770612392658
Oklahoma,4 wk ahead,Bin,percent,3.6,3.7, 0.00737946296991351478183895907
Oklahoma,4 wk ahead,Bin,percent,3.7,3.8, 0.00759260759702090008010921807
Oklahoma,4 wk ahead,Bin,percent,3.8,3.9, 0.00780340958796907173400381197
Oklahoma,4 wk ahead,Bin,percent,3.9,4, 0.00801161606541567379580204289
Oklahoma,4 wk ahead,Bin,percent,4,4.1, 0.00821700795256920940579092871
Oklahoma,4 wk ahead,Bin,percent,4.1,4.2, 0.00841947752472988093785932762
Oklahoma,4 wk ahead,Bin,percent,4.2,4.3, 0.00861887221300170099091975118
Oklahoma,4 wk ahead,Bin,percent,4.3,4.4, 0.00881504972362656853690499048
Oklahoma,4 wk ahead,Bin,percent,4.4,4.5, 0.00900789295994642615073022540
Oklahoma,4 wk ahead,Bin,percent,4.5,4.6, 0.00919735269212188649712302890
Oklahoma,4 wk ahead,Bin,percent,4.6,4.7, 0.00938337633697221631945417641
Oklahoma,4 wk ahead,Bin,percent,4.7,4.8, 0.00956591651395875298968807243
Oklahoma,4 wk ahead,Bin,percent,4.8,4.9, 0.00974497118748765371598619112
Oklahoma,4 wk ahead,Bin,percent,4.9,5, 0.00992042052751237156404950923
Oklahoma,4 wk ahead,Bin,percent,5,5.1, 0.01009234064790673693345901540
Oklahoma,4 wk ahead,Bin,percent,5.1,5.2, 0.01026071718766709793546620944
Oklahoma,4 wk ahead,Bin,percent,5.2,5.3, 0.01042556029594006797300842493
Oklahoma,4 wk ahead,Bin,percent,5.3,5.4, 0.01058673805697176242834878224
Oklahoma,4 wk ahead,Bin,percent,5.4,5.5, 0.01074430884328172498831666104
Oklahoma,4 wk ahead,Bin,percent,5.5,5.6, 0.01089822978980916831637237863
Oklahoma,4 wk ahead,Bin,percent,5.6,5.7, 0.01104845632148919974679923683
Oklahoma,4 wk ahead,Bin,percent,5.7,5.8, 0.01119486351541170224277443879
Oklahoma,4 wk ahead,Bin,percent,5.8,5.9, 0.01133734963951872273812959691
Oklahoma,4 wk ahead,Bin,percent,5.9,6, 0.01147576810233069850852860583
Oklahoma,4 wk ahead,Bin,percent,6,6.1, 0.01161000316927392889132519826
Oklahoma,4 wk ahead,Bin,percent,6.1,6.2, 0.01173984520252032044684842305
Oklahoma,4 wk ahead,Bin,percent,6.2,6.3, 0.01186505656817375166378614182
Oklahoma,4 wk ahead,Bin,percent,6.3,6.4, 0.01198523738815211042707531419
Oklahoma,4 wk ahead,Bin,percent,6.4,6.5, 0.01210023332635920545463648068
Oklahoma,4 wk ahead,Bin,percent,6.5,6.6, 0.01220966590109347736647915639
Oklahoma,4 wk ahead,Bin,percent,6.6,6.7, 0.01231315658022538034321868849
Oklahoma,4 wk ahead,Bin,percent,6.7,6.8, 0.01241011649809945459332904960
Oklahoma,4 wk ahead,Bin,percent,6.8,6.9, 0.01250025730861081298128656414
Oklahoma,4 wk ahead,Bin,percent,6.9,7, 0.01258304258546330198220708496
Oklahoma,4 wk ahead,Bin,percent,7,7.1, 0.01265795663660107019110601101
Oklahoma,4 wk ahead,Bin,percent,7.1,7.2, 0.01272447056621920508101553082
Oklahoma,4 wk ahead,Bin,percent,7.2,7.3, 0.01278190048308657997266912787
Oklahoma,4 wk ahead,Bin,percent,7.3,7.4, 0.01282973873973519002289478408
Oklahoma,4 wk ahead,Bin,percent,7.4,7.5, 0.01286746519504722643945093807
Oklahoma,4 wk ahead,Bin,percent,7.5,7.6, 0.01289456054899428168181163556
Oklahoma,4 wk ahead,Bin,percent,7.6,7.7, 0.01291016990191645556762534142
Oklahoma,4 wk ahead,Bin,percent,7.7,7.8, 0.01291382773115198889790633530
Oklahoma,4 wk ahead,Bin,percent,7.8,7.9, 0.01290513344666404174643226099
Oklahoma,4 wk ahead,Bin,percent,7.9,8, 0.01288357705080599158176113406
Oklahoma,4 wk ahead,Bin,percent,8,8.1, 0.01284850076638921999305775756
Oklahoma,4 wk ahead,Bin,percent,8.1,8.2, 0.01279947291653321314597313574
Oklahoma,4 wk ahead,Bin,percent,8.2,8.3, 0.01273619794801654318827655032
Oklahoma,4 wk ahead,Bin,percent,8.3,8.4, 0.01265841286960827337393364900
Oklahoma,4 wk ahead,Bin,percent,8.4,8.5, 0.01256578462913977498049966641
Oklahoma,4 wk ahead,Bin,percent,8.5,8.6, 0.01245822549332928179388613188
Oklahoma,4 wk ahead,Bin,percent,8.6,8.7, 0.01233522465782013396995431265
Oklahoma,4 wk ahead,Bin,percent,8.7,8.8, 0.01219718435892572921952492493
Oklahoma,4 wk ahead,Bin,percent,8.8,8.9, 0.01204409468372203556585375850
Oklahoma,4 wk ahead,Bin,percent,8.9,9, 0.01187616714841615087050463728
Oklahoma,4 wk ahead,Bin,percent,9,9.1, 0.01169315926515748262082272646
Oklahoma,4 wk ahead,Bin,percent,9.1,9.2, 0.01149584789126111179780043159
Oklahoma,4 wk ahead,Bin,percent,9.2,9.3, 0.01128455565188975912027657955
Oklahoma,4 wk ahead,Bin,percent,9.3,9.4, 0.01105984557215451864753408273
Oklahoma,4 wk ahead,Bin,percent,9.4,9.5, 0.01082212593253416114957854433
Oklahoma,4 wk ahead,Bin,percent,9.5,9.6, 0.01057214057782341135038883806
Oklahoma,4 wk ahead,Bin,percent,9.6,9.7, 0.01031061246184039950635202842
Oklahoma,4 wk ahead,Bin,percent,9.7,9.8, 0.01003848112162252295687103754
Oklahoma,4 wk ahead,Bin,percent,9.8,9.9, 0.00975661256169749711852912100
Oklahoma,4 wk ahead,Bin,percent,9.9,10, 0.00946588741634106500821843611
Oklahoma,4 wk ahead,Bin,percent,10,10.1, 0.00916722308688516437924498348
Oklahoma,4 wk ahead,Bin,percent,10.1,10.2, 0.00886186614722831583756956775
Oklahoma,4 wk ahead,Bin,percent,10.2,10.3, 0.00855084440582684623954889958
Oklahoma,4 wk ahead,Bin,percent,10.3,10.4, 0.00823522759363705565693880573
Oklahoma,4 wk ahead,Bin,percent,10.4,10.5, 0.00791611568124130603185673039
Oklahoma,4 wk ahead,Bin,percent,10.5,10.6, 0.00759471216420040760169962724
Oklahoma,4 wk ahead,Bin,percent,10.6,10.7, 0.00727211835550209666906296135
Oklahoma,4 wk ahead,Bin,percent,10.7,10.8, 0.00694946087473716223037456530
Oklahoma,4 wk ahead,Bin,percent,10.8,10.9, 0.00662782875774082028130784749
Oklahoma,4 wk ahead,Bin,percent,10.9,11, 0.00630832168195755767919896684
Oklahoma,4 wk ahead,Bin,percent,11,11.1, 0.00599194666648325633545590918
Oklahoma,4 wk ahead,Bin,percent,11.1,11.2, 0.00567968286713841502555411012
Oklahoma,4 wk ahead,Bin,percent,11.2,11.3, 0.00537240892603329731058714458
Oklahoma,4 wk ahead,Bin,percent,11.3,11.4, 0.00507118039159613117478064837
Oklahoma,4 wk ahead,Bin,percent,11.4,11.5, 0.00477668151885884354618250214
Oklahoma,4 wk ahead,Bin,percent,11.5,11.6, 0.00448962539724586523481875133
Oklahoma,4 wk ahead,Bin,percent,11.6,11.7, 0.00421064493386695114923723438
Oklahoma,4 wk ahead,Bin,percent,11.7,11.8, 0.00394050856469452606689607421
Oklahoma,4 wk ahead,Bin,percent,11.8,11.9, 0.00367963561150954840406335222
Oklahoma,4 wk ahead,Bin,percent,11.9,12, 0.00342847148217532114722327918
Oklahoma,4 wk ahead,Bin,percent,12,12.1, 0.00318729490838834264923584705
Oklahoma,4 wk ahead,Bin,percent,12.1,12.2, 0.00295646308138304775639526589
Oklahoma,4 wk ahead,Bin,percent,12.2,12.3, 0.00273614648187285331576434899
Oklahoma,4 wk ahead,Bin,percent,12.3,12.4, 0.00252667836152179262065864407
Oklahoma,4 wk ahead,Bin,percent,12.4,12.5, 0.00232785661956133376956912251
Oklahoma,4 wk ahead,Bin,percent,12.5,12.6, 0.00213971881153685082946336316
Oklahoma,4 wk ahead,Bin,percent,12.6,12.7, 0.00196219615616350295458913955
Oklahoma,4 wk ahead,Bin,percent,12.7,12.8, 0.00179544277808049734281026222
Oklahoma,4 wk ahead,Bin,percent,12.8,12.9, 0.00163896032175820391754705874
Oklahoma,4 wk ahead,Bin,percent,12.9,13, 0.00149259977690118774903971222
Oklahoma,4 wk ahead,Bin,percent,13,100, 0.01168061627877031716238320769
Ohio,Season peak week,Bin,week,40,41, 0.00074297961344267041561978404
Ohio,Season peak week,Bin,week,41,42, 0.00074297961344267041561978404
Ohio,Season peak week,Bin,week,42,43, 0.00074297961344267041561978404
Ohio,Season peak week,Bin,week,43,44, 0.00074297961344267041561978404
Ohio,Season peak week,Bin,week,44,45, 0.00074297961344267041561978404
Ohio,Season peak week,Bin,week,45,46, 0.00074297961344267041561978404
Ohio,Season peak week,Bin,week,46,47, 0.00074297961344267041561978404
Ohio,Season peak week,Bin,week,47,48, 0.00074297961344267041561978404
Ohio,Season peak week,Bin,week,48,49, 0.00074297961344267041561978404
Ohio,Season peak week,Bin,week,49,50, 0.00301693892496658361973560503
Ohio,Season peak week,Bin,week,50,51, 0.02043004346990929392946512166
Ohio,Season peak week,Bin,week,51,52, 0.07622686751882848388284230623
Ohio,Season peak week,Bin,week,52,53, 0.15953623370243175116911515943
Ohio,Season peak week,Bin,week,1,2, 0.18608860293617390802012323547
Ohio,Season peak week,Bin,week,2,3, 0.12123675254383928234780398725
Ohio,Season peak week,Bin,week,3,4, 0.06236682757853402592207459065
Ohio,Season peak week,Bin,week,4,5, 0.07361302868675770327833163265
Ohio,Season peak week,Bin,week,5,6, 0.09666851859142490399623426356
Ohio,Season peak week,Bin,week,6,7, 0.07500420403723263851336611197
Ohio,Season peak week,Bin,week,7,8, 0.04647473014485722919708621248
Ohio,Season peak week,Bin,week,8,9, 0.03652810594889401019091934586
Ohio,Season peak week,Bin,week,9,10, 0.02324915485788558305868534148
Ohio,Season peak week,Bin,week,10,11, 0.00808258852778764511071152299
Ohio,Season peak week,Bin,week,11,12, 0.00141399007025606675801154832
Ohio,Season peak week,Bin,week,12,13, 0.00037517732658187604713115326
Ohio,Season peak week,Bin,week,13,14, 0.00037517732658187604713115326
Ohio,Season peak week,Bin,week,14,15, 0.00037517732658187604713115326
Ohio,Season peak week,Bin,week,15,16, 0.00037517732658187604713115326
Ohio,Season peak week,Bin,week,16,17, 0.00037517732658187604713115326
Ohio,Season peak week,Bin,week,17,18, 0.00037517732658187604713115326
Ohio,Season peak week,Bin,week,18,19, 0.00037517732658187604713115326
Ohio,Season peak week,Bin,week,19,20, 0.00037517732658187604713115326
Ohio,Season peak week,Bin,week,20,21, 0.00037517732658187604713115326
Ohio,Season peak percentage,Bin,percent,0,0.1, 0.00430141427149305366484099977
Ohio,Season peak percentage,Bin,percent,0.1,0.2, 0.00895068605670816877517559362
Ohio,Season peak percentage,Bin,percent,0.2,0.3, 0.00941963639970187435745963000
Ohio,Season peak percentage,Bin,percent,0.3,0.4, 0.00989329018815547807375043732
Ohio,Season peak percentage,Bin,percent,0.4,0.5, 0.01037000029129147432582769284
Ohio,Season peak percentage,Bin,percent,0.5,0.6, 0.01084801971160273895145031986
Ohio,Season peak percentage,Bin,percent,0.6,0.7, 0.01132547217186198260097107493
Ohio,Season peak percentage,Bin,percent,0.7,0.8, 0.01180045398113784872740072984
Ohio,Season peak percentage,Bin,percent,0.8,0.9, 0.01227095808808730328931524411
Ohio,Season peak percentage,Bin,percent,0.9,1, 0.01273500600593155396289546388
Ohio,Season peak percentage,Bin,percent,1,1.1, 0.01319054223259045859062421613
Ohio,Season peak percentage,Bin,percent,1.1,1.2, 0.01363562358626346955603469979
Ohio,Season peak percentage,Bin,percent,1.2,1.3, 0.01406781174758612446007433050
Ohio,Season peak percentage,Bin,percent,1.3,1.4, 0.01448537721266979737266833439
Ohio,Season peak percentage,Bin,percent,1.4,1.5, 0.01488620355832240629845308888
Ohio,Season peak percentage,Bin,percent,1.5,1.6, 0.01526846415297533968158383288
Ohio,Season peak percentage,Bin,percent,1.6,1.7, 0.01563023967074498102314272785
Ohio,Season peak percentage,Bin,percent,1.7,1.8, 0.01596998128376917250315081276
Ohio,Season peak percentage,Bin,percent,1.8,1.9, 0.01628547247511758291893535500
Ohio,Season peak percentage,Bin,percent,1.9,2, 0.01657542398875183273232458703
Ohio,Season peak percentage,Bin,percent,2,2.1, 0.01683850147232298852251197729
Ohio,Season peak percentage,Bin,percent,2.1,2.2, 0.01707340463791260504189395419
Ohio,Season peak percentage,Bin,percent,2.2,2.3, 0.01727911061097454556434449557
Ohio,Season peak percentage,Bin,percent,2.3,2.4, 0.01745486900759219903167540622
Ohio,Season peak percentage,Bin,percent,2.4,2.5, 0.01759955097046262198490218509
Ohio,Season peak percentage,Bin,percent,2.5,2.6, 0.01771245798746621386010602350
Ohio,Season peak percentage,Bin,percent,2.6,2.7, 0.01779364751180120135520823510
Ohio,Season peak percentage,Bin,percent,2.7,2.8, 0.01784267264909267236561163372
Ohio,Season peak percentage,Bin,percent,2.8,2.9, 0.01785982710491358302351549980
Ohio,Season peak percentage,Bin,percent,2.9,3, 0.01784532308023388871842662695
Ohio,Season peak percentage,Bin,percent,3,3.1, 0.01779945133293572151478301180
Ohio,Season peak percentage,Bin,percent,3.1,3.2, 0.01772244421296798738696409714
Ohio,Season peak percentage,Bin,percent,3.2,3.3, 0.01761548922290339519447499583
Ohio,Season peak percentage,Bin,percent,3.3,3.4, 0.01747919737910579376927167061
Ohio,Season peak percentage,Bin,percent,3.4,3.5, 0.01731502869770305472196803009
Ohio,Season peak percentage,Bin,percent,3.5,3.6, 0.01712409996621195099053558408
Ohio,Season peak percentage,Bin,percent,3.6,3.7, 0.01690780807971355853558392823
Ohio,Season peak percentage,Bin,percent,3.7,3.8, 0.01666724145099294021599156679
Ohio,Season peak percentage,Bin,percent,3.8,3.9, 0.01640427252292089507768046985
Ohio,Season peak percentage,Bin,percent,3.9,4, 0.01612031032700678503943869657
Ohio,Season peak percentage,Bin,percent,4,4.1, 0.01581738458508954656145384376
Ohio,Season peak percentage,Bin,percent,4.1,4.2, 0.01549716016325555431598637313
Ohio,Season peak percentage,Bin,percent,4.2,4.3, 0.01516145817722756861112287652
Ohio,Season peak percentage,Bin,percent,4.3,4.4, 0.01481187441672952506688254459
Ohio,Season peak percentage,Bin,percent,4.4,4.5, 0.01445037038431805191673884536
Ohio,Season peak percentage,Bin,percent,4.5,4.6, 0.01407861471869608499529746837
Ohio,Season peak percentage,Bin,percent,4.6,4.7, 0.01369852204652249362537563826
Ohio,Season peak percentage,Bin,percent,4.7,4.8, 0.01331177241420185286546740144
Ohio,Season peak percentage,Bin,percent,4.8,4.9, 0.01292001095820904596478406745
Ohio,Season peak percentage,Bin,percent,4.9,5, 0.01252479023372092201138450207
Ohio,Season peak percentage,Bin,percent,5,5.1, 0.01212765393636640147423388925
Ohio,Season peak percentage,Bin,percent,5.1,5.2, 0.01173003139787293092055620036
Ohio,Season peak percentage,Bin,percent,5.2,5.3, 0.01133327125305552685041732275
Ohio,Season peak percentage,Bin,percent,5.3,5.4, 0.01093860727834697690874499187
Ohio,Season peak percentage,Bin,percent,5.4,5.5, 0.01054715670182768821883101396
Ohio,Season peak percentage,Bin,percent,5.5,5.6, 0.01015999920203669928953083001
Ohio,Season peak percentage,Bin,percent,5.6,5.7, 0.00977802211723647653196511698
Ohio,Season peak percentage,Bin,percent,5.7,5.8, 0.00940213892368409881461488453
Ohio,Season peak percentage,Bin,percent,5.8,5.9, 0.00903306015819734832439369399
Ohio,Season peak percentage,Bin,percent,5.9,6, 0.00867132780894122427717274348
Ohio,Season peak percentage,Bin,percent,6,6.1, 0.00831749999117071224519204264
Ohio,Season peak percentage,Bin,percent,6.1,6.2, 0.00797204128844836157341546823
Ohio,Season peak percentage,Bin,percent,6.2,6.3, 0.00763528653849412410059560585
Ohio,Season peak percentage,Bin,percent,6.3,6.4, 0.00730753507190338297272447221
Ohio,Season peak percentage,Bin,percent,6.4,6.5, 0.00698908915690637892736969405
Ohio,Season peak percentage,Bin,percent,6.5,6.6, 0.00667986859705640197842901884
Ohio,Season peak percentage,Bin,percent,6.6,6.7, 0.00638002107802844182354862212
Ohio,Season peak percentage,Bin,percent,6.7,6.8, 0.00608953172110644150999414492
Ohio,Season peak percentage,Bin,percent,6.8,6.9, 0.00580842220430579855849906323
Ohio,Season peak percentage,Bin,percent,6.9,7, 0.00553654193322003322641489120
Ohio,Season peak percentage,Bin,percent,7,7.1, 0.00527400608647067298956345738
Ohio,Season peak percentage,Bin,percent,7.1,7.2, 0.00502040614079755920240444311
Ohio,Season peak percentage,Bin,percent,7.2,7.3, 0.00477565648491238680523052196
Ohio,Season peak percentage,Bin,percent,7.3,7.4, 0.00453954931607099699403251591
Ohio,Season peak percentage,Bin,percent,7.4,7.5, 0.00431196706566853993347621099
Ohio,Season peak percentage,Bin,percent,7.5,7.6, 0.00409258866879308805253323555
Ohio,Season peak percentage,Bin,percent,7.6,7.7, 0.00388146901414962094967187056
Ohio,Season peak percentage,Bin,percent,7.7,7.8, 0.00367815799339155612146523566
Ohio,Season peak percentage,Bin,percent,7.8,7.9, 0.00348248528861554466559691257
Ohio,Season peak percentage,Bin,percent,7.9,8, 0.00329425243025719847664301021
Ohio,Season peak percentage,Bin,percent,8,8.1, 0.00311331118202810407796787828
Ohio,Season peak percentage,Bin,percent,8.1,8.2, 0.00293937039512001240665339807
Ohio,Season peak percentage,Bin,percent,8.2,8.3, 0.00277243962115439898999391666
Ohio,Season peak percentage,Bin,percent,8.3,8.4, 0.00261222036546878517634939776
Ohio,Season peak percentage,Bin,percent,8.4,8.5, 0.00245850619413637283550144730
Ohio,Season peak percentage,Bin,percent,8.5,8.6, 0.00231117227414356181044996497
Ohio,Season peak percentage,Bin,percent,8.6,8.7, 0.00217008183812785653346577597
Ohio,Season peak percentage,Bin,percent,8.7,8.8, 0.00203502808635041545701205301
Ohio,Season peak percentage,Bin,percent,8.8,8.9, 0.00190596685540060152043440045
Ohio,Season peak percentage,Bin,percent,8.9,9, 0.00178277837608275700406745834
Ohio,Season peak percentage,Bin,percent,9,9.1, 0.00166520774777785193765389238
Ohio,Season peak percentage,Bin,percent,9.1,9.2, 0.00155318918399027067721307471
Ohio,Season peak percentage,Bin,percent,9.2,9.3, 0.00144658491083184169781472583
Ohio,Season peak percentage,Bin,percent,9.3,9.4, 0.00134524472066516317600437525
Ohio,Season peak percentage,Bin,percent,9.4,9.5, 0.00124906039773818003553451650
Ohio,Season peak percentage,Bin,percent,9.5,9.6, 0.00115800715617730672415963689
Ohio,Season peak percentage,Bin,percent,9.6,9.7, 0.00107179895234880864611504148
Ohio,Season peak percentage,Bin,percent,9.7,9.8, 0.00099037290496233596794051213
Ohio,Season peak percentage,Bin,percent,9.8,9.9, 0.00091356697424384031985811205
Ohio,Season peak percentage,Bin,percent,9.9,10, 0.00084124966498571392310712458
Ohio,Season peak percentage,Bin,percent,10,10.1, 0.00077325374017814848658786131
Ohio,Season peak percentage,Bin,percent,10.1,10.2, 0.00070956643086196179333324796
Ohio,Season peak percentage,Bin,percent,10.2,10.3, 0.00064989972355119953861118942
Ohio,Season peak percentage,Bin,percent,10.3,10.4, 0.00059415485033741739957779959
Ohio,Season peak percentage,Bin,percent,10.4,10.5, 0.00054215325971349471317894952
Ohio,Season peak percentage,Bin,percent,10.5,10.6, 0.00049375819680764197229516643
Ohio,Season peak percentage,Bin,percent,10.6,10.7, 0.00044877334011947795896005364
Ohio,Season peak percentage,Bin,percent,10.7,10.8, 0.00040715156743548587894854229
Ohio,Season peak percentage,Bin,percent,10.8,10.9, 0.00036864517993261862807696794
Ohio,Season peak percentage,Bin,percent,10.9,11, 0.00033310942827442812687321894
Ohio,Season peak percentage,Bin,percent,11,11.1, 0.00030038478979233602592091579
Ohio,Season peak percentage,Bin,percent,11.1,11.2, 0.00027032003188286017614228030
Ohio,Season peak percentage,Bin,percent,11.2,11.3, 0.00024273818770414136631631552
Ohio,Season peak percentage,Bin,percent,11.3,11.4, 0.00021754436201490952112157229
Ohio,Season peak percentage,Bin,percent,11.4,11.5, 0.00019456245105606336117352873
Ohio,Season peak percentage,Bin,percent,11.5,11.6, 0.00017363344553610279862899957
Ohio,Season peak percentage,Bin,percent,11.6,11.7, 0.00015462862882857780224242494
Ohio,Season peak percentage,Bin,percent,11.7,11.8, 0.00013740556212952568355088745
Ohio,Season peak percentage,Bin,percent,11.8,11.9, 0.00012182578765865201286550806
Ohio,Season peak percentage,Bin,percent,11.9,12, 0.00010778242325087128710044138
Ohio,Season peak percentage,Bin,percent,12,12.1, 0.00009516409510315175241789570
Ohio,Season peak percentage,Bin,percent,12.1,12.2, 0.00008383065937307506332483442
Ohio,Season peak percentage,Bin,percent,12.2,12.3, 0.00007368936710639632618746742
Ohio,Season peak percentage,Bin,percent,12.3,12.4, 0.00006462759458056286147008274
Ohio,Season peak percentage,Bin,percent,12.4,12.5, 0.00005654997771865654168903931
Ohio,Season peak percentage,Bin,percent,12.5,12.6, 0.00004936766787827579958634894
Ohio,Season peak percentage,Bin,percent,12.6,12.7, 0.00004301222110969758907024138
Ohio,Season peak percentage,Bin,percent,12.7,12.8, 0.00003738574862565220761857418
Ohio,Season peak percentage,Bin,percent,12.8,12.9, 0.00003242602290407252987576928
Ohio,Season peak percentage,Bin,percent,12.9,13, 0.00002805777192283387313359588
Ohio,Season peak percentage,Bin,percent,13,100, 0.00043505143957702418697208735
Ohio,1 wk ahead,Bin,percent,0,0.1, 0.00012808053681730234129448887
Ohio,1 wk ahead,Bin,percent,0.1,0.2, 0.00025616107363460468258897773
Ohio,1 wk ahead,Bin,percent,0.2,0.3, 0.00031268981167925874540408637
Ohio,1 wk ahead,Bin,percent,0.3,0.4, 0.00125519216878718998034458743
Ohio,1 wk ahead,Bin,percent,0.4,0.5, 0.00431302826974066036425092818
Ohio,1 wk ahead,Bin,percent,0.5,0.6, 0.01051863380856645109606706256
Ohio,1 wk ahead,Bin,percent,0.6,0.7, 0.01821195944639085809169110064
Ohio,1 wk ahead,Bin,percent,0.7,0.8, 0.02239038087365561799368940399
Ohio,1 wk ahead,Bin,percent,0.8,0.9, 0.01954871583175252572339708479
Ohio,1 wk ahead,Bin,percent,0.9,1, 0.01212700157006062554043701596
Ohio,1 wk ahead,Bin,percent,1,1.1, 0.00542014957791927317470870307
Ohio,1 wk ahead,Bin,percent,1.1,1.2, 0.00235422794636688977043537108
Ohio,1 wk ahead,Bin,percent,1.2,1.3, 0.00431663550376669771790894004
Ohio,1 wk ahead,Bin,percent,1.3,1.4, 0.01625847947493625628156976859
Ohio,1 wk ahead,Bin,percent,1.4,1.5, 0.04759232282967870014678268831
Ohio,1 wk ahead,Bin,percent,1.5,1.6, 0.10006831615332469065382525741
Ohio,1 wk ahead,Bin,percent,1.6,1.7, 0.15069555408403831342489809231
Ohio,1 wk ahead,Bin,percent,1.7,1.8, 0.16251281284599122800571535663
Ohio,1 wk ahead,Bin,percent,1.8,1.9, 0.12549673587529966423126381869
Ohio,1 wk ahead,Bin,percent,1.9,2, 0.06956574923012588673731926292
Ohio,1 wk ahead,Bin,percent,2,2.1, 0.02859580488761973710021280226
Ohio,1 wk ahead,Bin,percent,2.1,2.2, 0.01174341190494005392197518489
Ohio,1 wk ahead,Bin,percent,2.2,2.3, 0.01094415074265179567414296713
Ohio,1 wk ahead,Bin,percent,2.3,2.4, 0.01579741305301664289206797775
Ohio,1 wk ahead,Bin,percent,2.4,2.5, 0.01839607943729583416914152849
Ohio,1 wk ahead,Bin,percent,2.5,2.6, 0.01559192544296907935452711769
Ohio,1 wk ahead,Bin,percent,2.6,2.7, 0.01034025655592973880203544468
Ohio,1 wk ahead,Bin,percent,2.7,2.8, 0.00802530260409017176526091930
Ohio,1 wk ahead,Bin,percent,2.8,2.9, 0.01120725580445555528974477255
Ohio,1 wk ahead,Bin,percent,2.9,3, 0.01739530997865091493936873235
Ohio,1 wk ahead,Bin,percent,3,3.1, 0.02080187382045079261261300019
Ohio,1 wk ahead,Bin,percent,3.1,3.2, 0.01785640089783928699529447215
Ohio,1 wk ahead,Bin,percent,3.2,3.3, 0.01089936585399803661844408964
Ohio,1 wk ahead,Bin,percent,3.3,3.4, 0.00472425345938015661673148315
Ohio,1 wk ahead,Bin,percent,3.4,3.5, 0.00145323883627274390469008569
Ohio,1 wk ahead,Bin,percent,3.5,3.6, 0.00034433424038043979661244398
Ohio,1 wk ahead,Bin,percent,3.6,3.7, 0.00023727153228974878947099558
Ohio,1 wk ahead,Bin,percent,3.7,3.8, 0.00023727153228974878947099558
Ohio,1 wk ahead,Bin,percent,3.8,3.9, 0.00023727153228974878947099558
Ohio,1 wk ahead,Bin,percent,3.9,4, 0.00023727153228974878947099558
Ohio,1 wk ahead,Bin,percent,4,4.1, 0.00023727153228974878947099558
Ohio,1 wk ahead,Bin,percent,4.1,4.2, 0.00023727153228974878947099558
Ohio,1 wk ahead,Bin,percent,4.2,4.3, 0.00023727153228974878947099558
Ohio,1 wk ahead,Bin,percent,4.3,4.4, 0.00023727153228974878947099558
Ohio,1 wk ahead,Bin,percent,4.4,4.5, 0.00023727153228974878947099558
Ohio,1 wk ahead,Bin,percent,4.5,4.6, 0.00023727153228974878947099558
Ohio,1 wk ahead,Bin,percent,4.6,4.7, 0.00023727153228974878947099558
Ohio,1 wk ahead,Bin,percent,4.7,4.8, 0.00023727153228974878947099558
Ohio,1 wk ahead,Bin,percent,4.8,4.9, 0.00023727153228974878947099558
Ohio,1 wk ahead,Bin,percent,4.9,5, 0.00023727153228974878947099558
Ohio,1 wk ahead,Bin,percent,5,5.1, 0.00023727153228974878947099558
Ohio,1 wk ahead,Bin,percent,5.1,5.2, 0.00023727153228974878947099558
Ohio,1 wk ahead,Bin,percent,5.2,5.3, 0.00023727153228974878947099558
Ohio,1 wk ahead,Bin,percent,5.3,5.4, 0.00023727153228974878947099558
Ohio,1 wk ahead,Bin,percent,5.4,5.5, 0.00023727153228974878947099558
Ohio,1 wk ahead,Bin,percent,5.5,5.6, 0.00023727153228974878947099558
Ohio,1 wk ahead,Bin,percent,5.6,5.7, 0.00023727153228974878947099558
Ohio,1 wk ahead,Bin,percent,5.7,5.8, 0.00023727153228974878947099558
Ohio,1 wk ahead,Bin,percent,5.8,5.9, 0.00023727153228974878947099558
Ohio,1 wk ahead,Bin,percent,5.9,6, 0.00023727153228974878947099558
Ohio,1 wk ahead,Bin,percent,6,6.1, 0.00023727153228974878947099558
Ohio,1 wk ahead,Bin,percent,6.1,6.2, 0.00023727153228974878947099558
Ohio,1 wk ahead,Bin,percent,6.2,6.3, 0.00023727153228974878947099558
Ohio,1 wk ahead,Bin,percent,6.3,6.4, 0.00023727153228974878947099558
Ohio,1 wk ahead,Bin,percent,6.4,6.5, 0.00023727153228974878947099558
Ohio,1 wk ahead,Bin,percent,6.5,6.6, 0.00023727153228974878947099558
Ohio,1 wk ahead,Bin,percent,6.6,6.7, 0.00023727153228974878947099558
Ohio,1 wk ahead,Bin,percent,6.7,6.8, 0.00023727153228974878947099558
Ohio,1 wk ahead,Bin,percent,6.8,6.9, 0.00023727153228974878947099558
Ohio,1 wk ahead,Bin,percent,6.9,7, 0.00023727153228974878947099558
Ohio,1 wk ahead,Bin,percent,7,7.1, 0.00023727153228974878947099558
Ohio,1 wk ahead,Bin,percent,7.1,7.2, 0.00023727153228974878947099558
Ohio,1 wk ahead,Bin,percent,7.2,7.3, 0.00023727153228974878947099558
Ohio,1 wk ahead,Bin,percent,7.3,7.4, 0.00023727153228974878947099558
Ohio,1 wk ahead,Bin,percent,7.4,7.5, 0.00023727153228974878947099558
Ohio,1 wk ahead,Bin,percent,7.5,7.6, 0.00023727153228974878947099558
Ohio,1 wk ahead,Bin,percent,7.6,7.7, 0.00023727153228974878947099558
Ohio,1 wk ahead,Bin,percent,7.7,7.8, 0.00023727153228974878947099558
Ohio,1 wk ahead,Bin,percent,7.8,7.9, 0.00023727153228974878947099558
Ohio,1 wk ahead,Bin,percent,7.9,8, 0.00023727153228974878947099558
Ohio,1 wk ahead,Bin,percent,8,8.1, 0.00023727153228975087656017762
Ohio,1 wk ahead,Bin,percent,8.1,8.2, 0.00023727153228975301785946828
Ohio,1 wk ahead,Bin,percent,8.2,8.3, 0.00023727153228975301785946828
Ohio,1 wk ahead,Bin,percent,8.3,8.4, 0.00023727153228975301785946828
Ohio,1 wk ahead,Bin,percent,8.4,8.5, 0.00023727153228975301785946828
Ohio,1 wk ahead,Bin,percent,8.5,8.6, 0.00023727153228975301785946828
Ohio,1 wk ahead,Bin,percent,8.6,8.7, 0.00023727153228975301785946828
Ohio,1 wk ahead,Bin,percent,8.7,8.8, 0.00023727153228975301785946828
Ohio,1 wk ahead,Bin,percent,8.8,8.9, 0.00023727153228975301785946828
Ohio,1 wk ahead,Bin,percent,8.9,9, 0.00023727153228975301785946828
Ohio,1 wk ahead,Bin,percent,9,9.1, 0.00023727153228975301785946828
Ohio,1 wk ahead,Bin,percent,9.1,9.2, 0.00023727153228975301785946828
Ohio,1 wk ahead,Bin,percent,9.2,9.3, 0.00023727153228975301785946828
Ohio,1 wk ahead,Bin,percent,9.3,9.4, 0.00023727153228975301785946828
Ohio,1 wk ahead,Bin,percent,9.4,9.5, 0.00023727153228975301785946828
Ohio,1 wk ahead,Bin,percent,9.5,9.6, 0.00023727153228975301785946828
Ohio,1 wk ahead,Bin,percent,9.6,9.7, 0.00023727153228975301785946828
Ohio,1 wk ahead,Bin,percent,9.7,9.8, 0.00023727153228975301785946828
Ohio,1 wk ahead,Bin,percent,9.8,9.9, 0.00023727153228975301785946828
Ohio,1 wk ahead,Bin,percent,9.9,10, 0.00023727153228975301785946828
Ohio,1 wk ahead,Bin,percent,10,10.1, 0.00023727153228975301785946828
Ohio,1 wk ahead,Bin,percent,10.1,10.2, 0.00023727153228975301785946828
Ohio,1 wk ahead,Bin,percent,10.2,10.3, 0.00023727153228975301785946828
Ohio,1 wk ahead,Bin,percent,10.3,10.4, 0.00023727153228975301785946828
Ohio,1 wk ahead,Bin,percent,10.4,10.5, 0.00023727153228975301785946828
Ohio,1 wk ahead,Bin,percent,10.5,10.6, 0.00023727153228975301785946828
Ohio,1 wk ahead,Bin,percent,10.6,10.7, 0.00023727153228975301785946828
Ohio,1 wk ahead,Bin,percent,10.7,10.8, 0.00023727153228975301785946828
Ohio,1 wk ahead,Bin,percent,10.8,10.9, 0.00023727153228975301785946828
Ohio,1 wk ahead,Bin,percent,10.9,11, 0.00023727153228975301785946828
Ohio,1 wk ahead,Bin,percent,11,11.1, 0.00023727153228975301785946828
Ohio,1 wk ahead,Bin,percent,11.1,11.2, 0.00023727153228975301785946828
Ohio,1 wk ahead,Bin,percent,11.2,11.3, 0.00023727153228975301785946828
Ohio,1 wk ahead,Bin,percent,11.3,11.4, 0.00023727153228975301785946828
Ohio,1 wk ahead,Bin,percent,11.4,11.5, 0.00023727153228975301785946828
Ohio,1 wk ahead,Bin,percent,11.5,11.6, 0.00023727153228975301785946828
Ohio,1 wk ahead,Bin,percent,11.6,11.7, 0.00023727153228975301785946828
Ohio,1 wk ahead,Bin,percent,11.7,11.8, 0.00023727153228975301785946828
Ohio,1 wk ahead,Bin,percent,11.8,11.9, 0.00023727153228975301785946828
Ohio,1 wk ahead,Bin,percent,11.9,12, 0.00023727153228975301785946828
Ohio,1 wk ahead,Bin,percent,12,12.1, 0.00023727153228975301785946828
Ohio,1 wk ahead,Bin,percent,12.1,12.2, 0.00023727153228975301785946828
Ohio,1 wk ahead,Bin,percent,12.2,12.3, 0.00023727153228975301785946828
Ohio,1 wk ahead,Bin,percent,12.3,12.4, 0.00023727153228975301785946828
Ohio,1 wk ahead,Bin,percent,12.4,12.5, 0.00023727153228975301785946828
Ohio,1 wk ahead,Bin,percent,12.5,12.6, 0.00023727153228975301785946828
Ohio,1 wk ahead,Bin,percent,12.6,12.7, 0.00023727153228975301785946828
Ohio,1 wk ahead,Bin,percent,12.7,12.8, 0.00023727153228975301785946828
Ohio,1 wk ahead,Bin,percent,12.8,12.9, 0.00023727153228975301785946828
Ohio,1 wk ahead,Bin,percent,12.9,13, 0.00023727153228975301785946828
Ohio,1 wk ahead,Bin,percent,13,100, 0.00023727153228975301785946828
Ohio,2 wk ahead,Bin,percent,0,0.1, 0.00013562689905475668679553369
Ohio,2 wk ahead,Bin,percent,0.1,0.2, 0.00027178814993959271801085564
Ohio,2 wk ahead,Bin,percent,0.2,0.3, 0.00078603486382209492543127194
Ohio,2 wk ahead,Bin,percent,0.3,0.4, 0.00326781185659429313297708042
Ohio,2 wk ahead,Bin,percent,0.4,0.5, 0.00925205829611957034086522356
Ohio,2 wk ahead,Bin,percent,0.5,0.6, 0.01784827679924606835815126260
Ohio,2 wk ahead,Bin,percent,0.6,0.7, 0.02346800132049364773223487646
Ohio,2 wk ahead,Bin,percent,0.7,0.8, 0.02103520528578121245866228151
Ohio,2 wk ahead,Bin,percent,0.8,0.9, 0.01285214952645798158759049556
Ohio,2 wk ahead,Bin,percent,0.9,1, 0.00535125003311786792692394954
Ohio,2 wk ahead,Bin,percent,1,1.1, 0.00151795877385640562949598031
Ohio,2 wk ahead,Bin,percent,1.1,1.2, 0.00029683301796493513115271501
Ohio,2 wk ahead,Bin,percent,1.2,1.3, 0.00009105372695929967981690045
Ohio,2 wk ahead,Bin,percent,1.3,1.4, 0.00050283604138529004647789611
Ohio,2 wk ahead,Bin,percent,1.4,1.5, 0.00322959909534553928772693254
Ohio,2 wk ahead,Bin,percent,1.5,1.6, 0.01422645319920957940329486746
Ohio,2 wk ahead,Bin,percent,1.6,1.7, 0.04272195511268729595233395457
Ohio,2 wk ahead,Bin,percent,1.7,1.8, 0.08751571167806129758481858971
Ohio,2 wk ahead,Bin,percent,1.8,1.9, 0.12239038737394518363554851703
Ohio,2 wk ahead,Bin,percent,1.9,2, 0.11725368032371469295682686607
Ohio,2 wk ahead,Bin,percent,2,2.1, 0.07907089758178231786445167018
Ohio,2 wk ahead,Bin,percent,2.1,2.2, 0.04566110272617050075405487064
Ohio,2 wk ahead,Bin,percent,2.2,2.3, 0.04190819485567869040476551845
Ohio,2 wk ahead,Bin,percent,2.3,2.4, 0.06047140283800044036066623221
Ohio,2 wk ahead,Bin,percent,2.4,2.5, 0.07603477951087020403342364716
Ohio,2 wk ahead,Bin,percent,2.5,2.6, 0.07215695028950160072600539252
Ohio,2 wk ahead,Bin,percent,2.6,2.7, 0.05397047543143609210636313378
Ohio,2 wk ahead,Bin,percent,2.7,2.8, 0.03384250926728161329437583049
Ohio,2 wk ahead,Bin,percent,2.8,2.9, 0.01777063206214913454461523656
Ohio,2 wk ahead,Bin,percent,2.9,3, 0.00731829296382932679293498168
Ohio,2 wk ahead,Bin,percent,3,3.1, 0.00220744926708752288793680130
Ohio,2 wk ahead,Bin,percent,3.1,3.2, 0.00047899189233498526288915209
Ohio,2 wk ahead,Bin,percent,3.2,3.3, 0.00025347121151637013293858591
Ohio,2 wk ahead,Bin,percent,3.3,3.4, 0.00025347121151637013293858591
Ohio,2 wk ahead,Bin,percent,3.4,3.5, 0.00025347121151637013293858591
Ohio,2 wk ahead,Bin,percent,3.5,3.6, 0.00025347121151637013293858591
Ohio,2 wk ahead,Bin,percent,3.6,3.7, 0.00025347121151637013293858591
Ohio,2 wk ahead,Bin,percent,3.7,3.8, 0.00025347121151637013293858591
Ohio,2 wk ahead,Bin,percent,3.8,3.9, 0.00025347121151637013293858591
Ohio,2 wk ahead,Bin,percent,3.9,4, 0.00025347121151637013293858591
Ohio,2 wk ahead,Bin,percent,4,4.1, 0.00025347121151637013293858591
Ohio,2 wk ahead,Bin,percent,4.1,4.2, 0.00025347121151637013293858591
Ohio,2 wk ahead,Bin,percent,4.2,4.3, 0.00025347121151637013293858591
Ohio,2 wk ahead,Bin,percent,4.3,4.4, 0.00025347121151637013293858591
Ohio,2 wk ahead,Bin,percent,4.4,4.5, 0.00025347121151637013293858591
Ohio,2 wk ahead,Bin,percent,4.5,4.6, 0.00025347121151637013293858591
Ohio,2 wk ahead,Bin,percent,4.6,4.7, 0.00025347121151637013293858591
Ohio,2 wk ahead,Bin,percent,4.7,4.8, 0.00025347121151637013293858591
Ohio,2 wk ahead,Bin,percent,4.8,4.9, 0.00025347121151637013293858591
Ohio,2 wk ahead,Bin,percent,4.9,5, 0.00025347121151637013293858591
Ohio,2 wk ahead,Bin,percent,5,5.1, 0.00025347121151637013293858591
Ohio,2 wk ahead,Bin,percent,5.1,5.2, 0.00025347121151637013293858591
Ohio,2 wk ahead,Bin,percent,5.2,5.3, 0.00025347121151637013293858591
Ohio,2 wk ahead,Bin,percent,5.3,5.4, 0.00025347121151637013293858591
Ohio,2 wk ahead,Bin,percent,5.4,5.5, 0.00025347121151637013293858591
Ohio,2 wk ahead,Bin,percent,5.5,5.6, 0.00025347121151637013293858591
Ohio,2 wk ahead,Bin,percent,5.6,5.7, 0.00025347121151637013293858591
Ohio,2 wk ahead,Bin,percent,5.7,5.8, 0.00025347121151637013293858591
Ohio,2 wk ahead,Bin,percent,5.8,5.9, 0.00025347121151637013293858591
Ohio,2 wk ahead,Bin,percent,5.9,6, 0.00025347121151637013293858591
Ohio,2 wk ahead,Bin,percent,6,6.1, 0.00025347121151637013293858591
Ohio,2 wk ahead,Bin,percent,6.1,6.2, 0.00025347121151637013293858591
Ohio,2 wk ahead,Bin,percent,6.2,6.3, 0.00025347121151637013293858591
Ohio,2 wk ahead,Bin,percent,6.3,6.4, 0.00025347121151637013293858591
Ohio,2 wk ahead,Bin,percent,6.4,6.5, 0.00025347121151637013293858591
Ohio,2 wk ahead,Bin,percent,6.5,6.6, 0.00025347121151637013293858591
Ohio,2 wk ahead,Bin,percent,6.6,6.7, 0.00025347121151637013293858591
Ohio,2 wk ahead,Bin,percent,6.7,6.8, 0.00025347121151637013293858591
Ohio,2 wk ahead,Bin,percent,6.8,6.9, 0.00025347121151637013293858591
Ohio,2 wk ahead,Bin,percent,6.9,7, 0.00025347121151637013293858591
Ohio,2 wk ahead,Bin,percent,7,7.1, 0.00025347121151637013293858591
Ohio,2 wk ahead,Bin,percent,7.1,7.2, 0.00025347121151637013293858591
Ohio,2 wk ahead,Bin,percent,7.2,7.3, 0.00025347121151637013293858591
Ohio,2 wk ahead,Bin,percent,7.3,7.4, 0.00025347121151637013293858591
Ohio,2 wk ahead,Bin,percent,7.4,7.5, 0.00025347121151637013293858591
Ohio,2 wk ahead,Bin,percent,7.5,7.6, 0.00025347121151637013293858591
Ohio,2 wk ahead,Bin,percent,7.6,7.7, 0.00025347121151637013293858591
Ohio,2 wk ahead,Bin,percent,7.7,7.8, 0.00025347121151637013293858591
Ohio,2 wk ahead,Bin,percent,7.8,7.9, 0.00025347121151637013293858591
Ohio,2 wk ahead,Bin,percent,7.9,8, 0.00025347121151637013293858591
Ohio,2 wk ahead,Bin,percent,8,8.1, 0.00025347121151637240976314813
Ohio,2 wk ahead,Bin,percent,8.1,8.2, 0.00025347121151637468658771035
Ohio,2 wk ahead,Bin,percent,8.2,8.3, 0.00025347121151637468658771035
Ohio,2 wk ahead,Bin,percent,8.3,8.4, 0.00025347121151637468658771035
Ohio,2 wk ahead,Bin,percent,8.4,8.5, 0.00025347121151637468658771035
Ohio,2 wk ahead,Bin,percent,8.5,8.6, 0.00025347121151637468658771035
Ohio,2 wk ahead,Bin,percent,8.6,8.7, 0.00025347121151637468658771035
Ohio,2 wk ahead,Bin,percent,8.7,8.8, 0.00025347121151637468658771035
Ohio,2 wk ahead,Bin,percent,8.8,8.9, 0.00025347121151637468658771035
Ohio,2 wk ahead,Bin,percent,8.9,9, 0.00025347121151637468658771035
Ohio,2 wk ahead,Bin,percent,9,9.1, 0.00025347121151637468658771035
Ohio,2 wk ahead,Bin,percent,9.1,9.2, 0.00025347121151637468658771035
Ohio,2 wk ahead,Bin,percent,9.2,9.3, 0.00025347121151637468658771035
Ohio,2 wk ahead,Bin,percent,9.3,9.4, 0.00025347121151637468658771035
Ohio,2 wk ahead,Bin,percent,9.4,9.5, 0.00025347121151637468658771035
Ohio,2 wk ahead,Bin,percent,9.5,9.6, 0.00025347121151637468658771035
Ohio,2 wk ahead,Bin,percent,9.6,9.7, 0.00025347121151637468658771035
Ohio,2 wk ahead,Bin,percent,9.7,9.8, 0.00025347121151637468658771035
Ohio,2 wk ahead,Bin,percent,9.8,9.9, 0.00025347121151637468658771035
Ohio,2 wk ahead,Bin,percent,9.9,10, 0.00025347121151637468658771035
Ohio,2 wk ahead,Bin,percent,10,10.1, 0.00025347121151637468658771035
Ohio,2 wk ahead,Bin,percent,10.1,10.2, 0.00025347121151637468658771035
Ohio,2 wk ahead,Bin,percent,10.2,10.3, 0.00025347121151637468658771035
Ohio,2 wk ahead,Bin,percent,10.3,10.4, 0.00025347121151637468658771035
Ohio,2 wk ahead,Bin,percent,10.4,10.5, 0.00025347121151637468658771035
Ohio,2 wk ahead,Bin,percent,10.5,10.6, 0.00025347121151637468658771035
Ohio,2 wk ahead,Bin,percent,10.6,10.7, 0.00025347121151637468658771035
Ohio,2 wk ahead,Bin,percent,10.7,10.8, 0.00025347121151637468658771035
Ohio,2 wk ahead,Bin,percent,10.8,10.9, 0.00025347121151637468658771035
Ohio,2 wk ahead,Bin,percent,10.9,11, 0.00025347121151637468658771035
Ohio,2 wk ahead,Bin,percent,11,11.1, 0.00025347121151637468658771035
Ohio,2 wk ahead,Bin,percent,11.1,11.2, 0.00025347121151637468658771035
Ohio,2 wk ahead,Bin,percent,11.2,11.3, 0.00025347121151637468658771035
Ohio,2 wk ahead,Bin,percent,11.3,11.4, 0.00025347121151637468658771035
Ohio,2 wk ahead,Bin,percent,11.4,11.5, 0.00025347121151637468658771035
Ohio,2 wk ahead,Bin,percent,11.5,11.6, 0.00025347121151637468658771035
Ohio,2 wk ahead,Bin,percent,11.6,11.7, 0.00025347121151637468658771035
Ohio,2 wk ahead,Bin,percent,11.7,11.8, 0.00025347121151637468658771035
Ohio,2 wk ahead,Bin,percent,11.8,11.9, 0.00025347121151637468658771035
Ohio,2 wk ahead,Bin,percent,11.9,12, 0.00025347121151637468658771035
Ohio,2 wk ahead,Bin,percent,12,12.1, 0.00025347121151637468658771035
Ohio,2 wk ahead,Bin,percent,12.1,12.2, 0.00025347121151637468658771035
Ohio,2 wk ahead,Bin,percent,12.2,12.3, 0.00025347121151637468658771035
Ohio,2 wk ahead,Bin,percent,12.3,12.4, 0.00025347121151637468658771035
Ohio,2 wk ahead,Bin,percent,12.4,12.5, 0.00025347121151637468658771035
Ohio,2 wk ahead,Bin,percent,12.5,12.6, 0.00025347121151637468658771035
Ohio,2 wk ahead,Bin,percent,12.6,12.7, 0.00025347121151637468658771035
Ohio,2 wk ahead,Bin,percent,12.7,12.8, 0.00025347121151637468658771035
Ohio,2 wk ahead,Bin,percent,12.8,12.9, 0.00025347121151637468658771035
Ohio,2 wk ahead,Bin,percent,12.9,13, 0.00025347121151637468658771035
Ohio,2 wk ahead,Bin,percent,13,100, 0.00025347121151637468658771035
Ohio,3 wk ahead,Bin,percent,0,0.1, 0.00009397169022630549861923449
Ohio,3 wk ahead,Bin,percent,0.1,0.2, 0.00018794338045261102434352329
Ohio,3 wk ahead,Bin,percent,0.2,0.3, 0.00018794338045261099723846898
Ohio,3 wk ahead,Bin,percent,0.3,0.4, 0.00033767868353892338106198023
Ohio,3 wk ahead,Bin,percent,0.4,0.5, 0.00105304014912016032610997396
Ohio,3 wk ahead,Bin,percent,0.5,0.6, 0.00270525897901292356265146033
Ohio,3 wk ahead,Bin,percent,0.6,0.7, 0.00570833301799901927237046451
Ohio,3 wk ahead,Bin,percent,0.7,0.8, 0.00990083605659591164949162589
Ohio,3 wk ahead,Bin,percent,0.8,0.9, 0.01414870990479972535924790833
Ohio,3 wk ahead,Bin,percent,0.9,1, 0.01680043850840858346562534109
Ohio,3 wk ahead,Bin,percent,1,1.1, 0.01708478049237591514519785107
Ohio,3 wk ahead,Bin,percent,1.1,1.2, 0.01638022373818934229738886188
Ohio,3 wk ahead,Bin,percent,1.2,1.3, 0.01809343980197531537301713911
Ohio,3 wk ahead,Bin,percent,1.3,1.4, 0.02595880266188757556911070878
Ohio,3 wk ahead,Bin,percent,1.4,1.5, 0.04155731472797904307858729567
Ohio,3 wk ahead,Bin,percent,1.5,1.6, 0.06222834733804926549138869518
Ohio,3 wk ahead,Bin,percent,1.6,1.7, 0.08102279063209209819529377228
Ohio,3 wk ahead,Bin,percent,1.7,1.8, 0.09002404100782684936987720903
Ohio,3 wk ahead,Bin,percent,1.8,1.9, 0.08544263729934949147537537328
Ohio,3 wk ahead,Bin,percent,1.9,2, 0.07002535564000257617411904221
Ohio,3 wk ahead,Bin,percent,2,2.1, 0.05042539694409084449766567104
Ohio,3 wk ahead,Bin,percent,2.1,2.2, 0.03250135929448253607754182326
Ohio,3 wk ahead,Bin,percent,2.2,2.3, 0.01894767000085404926035259621
Ohio,3 wk ahead,Bin,percent,2.3,2.4, 0.00994425779446256666305181682
Ohio,3 wk ahead,Bin,percent,2.4,2.5, 0.00461580475261403645748092828
Ohio,3 wk ahead,Bin,percent,2.5,2.6, 0.00185582523806096869045667574
Ohio,3 wk ahead,Bin,percent,2.6,2.7, 0.00064997290838185786936848087
Ohio,3 wk ahead,Bin,percent,2.7,2.8, 0.00027864709224997917091232180
Ohio,3 wk ahead,Bin,percent,2.8,2.9, 0.00046898592538148595361413573
Ohio,3 wk ahead,Bin,percent,2.9,3, 0.00152205485273930398067154801
Ohio,3 wk ahead,Bin,percent,3,3.1, 0.00441424023655560826551180753
Ohio,3 wk ahead,Bin,percent,3.1,3.2, 0.01056351612583009656753940675
Ohio,3 wk ahead,Bin,percent,3.2,3.3, 0.02076537797976782048769983646
Ohio,3 wk ahead,Bin,percent,3.3,3.4, 0.03352319948949156191986276099
Ohio,3 wk ahead,Bin,percent,3.4,3.5, 0.04444383663588118843490448739
Ohio,3 wk ahead,Bin,percent,3.5,3.6, 0.04838972245307581604434332689
Ohio,3 wk ahead,Bin,percent,3.6,3.7, 0.04326919547813529165480872507
Ohio,3 wk ahead,Bin,percent,3.7,3.8, 0.03177475344232586623727243591
Ohio,3 wk ahead,Bin,percent,3.8,3.9, 0.01916285686615203445737343202
Ohio,3 wk ahead,Bin,percent,3.9,4, 0.00949073638979491818190581398
Ohio,3 wk ahead,Bin,percent,4,4.1, 0.00385967928115783136602812142
Ohio,3 wk ahead,Bin,percent,4.1,4.2, 0.00128882335523575197733237019
Ohio,3 wk ahead,Bin,percent,4.2,4.3, 0.00055561827631124365272502486
Ohio,3 wk ahead,Bin,percent,4.3,4.4, 0.00054939297837082424428439831
Ohio,3 wk ahead,Bin,percent,4.4,4.5, 0.00054939297837082424428439831
Ohio,3 wk ahead,Bin,percent,4.5,4.6, 0.00054939297837082424428439831
Ohio,3 wk ahead,Bin,percent,4.6,4.7, 0.00054939297837082424428439831
Ohio,3 wk ahead,Bin,percent,4.7,4.8, 0.00054939297837082424428439831
Ohio,3 wk ahead,Bin,percent,4.8,4.9, 0.00054939297837082424428439831
Ohio,3 wk ahead,Bin,percent,4.9,5, 0.00054939297837082424428439831
Ohio,3 wk ahead,Bin,percent,5,5.1, 0.00054939297837082424428439831
Ohio,3 wk ahead,Bin,percent,5.1,5.2, 0.00054939297837082424428439831
Ohio,3 wk ahead,Bin,percent,5.2,5.3, 0.00054939297837082424428439831
Ohio,3 wk ahead,Bin,percent,5.3,5.4, 0.00054939297837082424428439831
Ohio,3 wk ahead,Bin,percent,5.4,5.5, 0.00054939297837082424428439831
Ohio,3 wk ahead,Bin,percent,5.5,5.6, 0.00054939297837082424428439831
Ohio,3 wk ahead,Bin,percent,5.6,5.7, 0.00054939297837082424428439831
Ohio,3 wk ahead,Bin,percent,5.7,5.8, 0.00054939297837082424428439831
Ohio,3 wk ahead,Bin,percent,5.8,5.9, 0.00054939297837082424428439831
Ohio,3 wk ahead,Bin,percent,5.9,6, 0.00054939297837082424428439831
Ohio,3 wk ahead,Bin,percent,6,6.1, 0.00054939297837082424428439831
Ohio,3 wk ahead,Bin,percent,6.1,6.2, 0.00054939297837082424428439831
Ohio,3 wk ahead,Bin,percent,6.2,6.3, 0.00054939297837082424428439831
Ohio,3 wk ahead,Bin,percent,6.3,6.4, 0.00054939297837082424428439831
Ohio,3 wk ahead,Bin,percent,6.4,6.5, 0.00054939297837082424428439831
Ohio,3 wk ahead,Bin,percent,6.5,6.6, 0.00054939297837082424428439831
Ohio,3 wk ahead,Bin,percent,6.6,6.7, 0.00054939297837082424428439831
Ohio,3 wk ahead,Bin,percent,6.7,6.8, 0.00054939297837082424428439831
Ohio,3 wk ahead,Bin,percent,6.8,6.9, 0.00054939297837082424428439831
Ohio,3 wk ahead,Bin,percent,6.9,7, 0.00054939297837082424428439831
Ohio,3 wk ahead,Bin,percent,7,7.1, 0.00054939297837082424428439831
Ohio,3 wk ahead,Bin,percent,7.1,7.2, 0.00054939297837082424428439831
Ohio,3 wk ahead,Bin,percent,7.2,7.3, 0.00054939297837082424428439831
Ohio,3 wk ahead,Bin,percent,7.3,7.4, 0.00054939297837082424428439831
Ohio,3 wk ahead,Bin,percent,7.4,7.5, 0.00054939297837082424428439831
Ohio,3 wk ahead,Bin,percent,7.5,7.6, 0.00054939297837082424428439831
Ohio,3 wk ahead,Bin,percent,7.6,7.7, 0.00054939297837082424428439831
Ohio,3 wk ahead,Bin,percent,7.7,7.8, 0.00054939297837082424428439831
Ohio,3 wk ahead,Bin,percent,7.8,7.9, 0.00054939297837082424428439831
Ohio,3 wk ahead,Bin,percent,7.9,8, 0.00054939297837082424428439831
Ohio,3 wk ahead,Bin,percent,8,8.1, 0.00054939297837082912319417449
Ohio,3 wk ahead,Bin,percent,8.1,8.2, 0.00054939297837083400210395068
Ohio,3 wk ahead,Bin,percent,8.2,8.3, 0.00054939297837083400210395068
Ohio,3 wk ahead,Bin,percent,8.3,8.4, 0.00054939297837083400210395068
Ohio,3 wk ahead,Bin,percent,8.4,8.5, 0.00054939297837083400210395068
Ohio,3 wk ahead,Bin,percent,8.5,8.6, 0.00054939297837083400210395068
Ohio,3 wk ahead,Bin,percent,8.6,8.7, 0.00054939297837083400210395068
Ohio,3 wk ahead,Bin,percent,8.7,8.8, 0.00054939297837083400210395068
Ohio,3 wk ahead,Bin,percent,8.8,8.9, 0.00054939297837083400210395068
Ohio,3 wk ahead,Bin,percent,8.9,9, 0.00054939297837083400210395068
Ohio,3 wk ahead,Bin,percent,9,9.1, 0.00054939297837083400210395068
Ohio,3 wk ahead,Bin,percent,9.1,9.2, 0.00054939297837083400210395068
Ohio,3 wk ahead,Bin,percent,9.2,9.3, 0.00054939297837083400210395068
Ohio,3 wk ahead,Bin,percent,9.3,9.4, 0.00054939297837083400210395068
Ohio,3 wk ahead,Bin,percent,9.4,9.5, 0.00054939297837083400210395068
Ohio,3 wk ahead,Bin,percent,9.5,9.6, 0.00054939297837083400210395068
Ohio,3 wk ahead,Bin,percent,9.6,9.7, 0.00054939297837083400210395068
Ohio,3 wk ahead,Bin,percent,9.7,9.8, 0.00054939297837083400210395068
Ohio,3 wk ahead,Bin,percent,9.8,9.9, 0.00054939297837083400210395068
Ohio,3 wk ahead,Bin,percent,9.9,10, 0.00054939297837083400210395068
Ohio,3 wk ahead,Bin,percent,10,10.1, 0.00054939297837083400210395068
Ohio,3 wk ahead,Bin,percent,10.1,10.2, 0.00054939297837083400210395068
Ohio,3 wk ahead,Bin,percent,10.2,10.3, 0.00054939297837083400210395068
Ohio,3 wk ahead,Bin,percent,10.3,10.4, 0.00054939297837083400210395068
Ohio,3 wk ahead,Bin,percent,10.4,10.5, 0.00054939297837083400210395068
Ohio,3 wk ahead,Bin,percent,10.5,10.6, 0.00054939297837083400210395068
Ohio,3 wk ahead,Bin,percent,10.6,10.7, 0.00054939297837083400210395068
Ohio,3 wk ahead,Bin,percent,10.7,10.8, 0.00054939297837083400210395068
Ohio,3 wk ahead,Bin,percent,10.8,10.9, 0.00054939297837083400210395068
Ohio,3 wk ahead,Bin,percent,10.9,11, 0.00054939297837083400210395068
Ohio,3 wk ahead,Bin,percent,11,11.1, 0.00054939297837083400210395068
Ohio,3 wk ahead,Bin,percent,11.1,11.2, 0.00054939297837083400210395068
Ohio,3 wk ahead,Bin,percent,11.2,11.3, 0.00054939297837083400210395068
Ohio,3 wk ahead,Bin,percent,11.3,11.4, 0.00054939297837083400210395068
Ohio,3 wk ahead,Bin,percent,11.4,11.5, 0.00054939297837083400210395068
Ohio,3 wk ahead,Bin,percent,11.5,11.6, 0.00054939297837083400210395068
Ohio,3 wk ahead,Bin,percent,11.6,11.7, 0.00054939297837083400210395068
Ohio,3 wk ahead,Bin,percent,11.7,11.8, 0.00054939297837083400210395068
Ohio,3 wk ahead,Bin,percent,11.8,11.9, 0.00054939297837083400210395068
Ohio,3 wk ahead,Bin,percent,11.9,12, 0.00054939297837083400210395068
Ohio,3 wk ahead,Bin,percent,12,12.1, 0.00054939297837083400210395068
Ohio,3 wk ahead,Bin,percent,12.1,12.2, 0.00054939297837083400210395068
Ohio,3 wk ahead,Bin,percent,12.2,12.3, 0.00054939297837083400210395068
Ohio,3 wk ahead,Bin,percent,12.3,12.4, 0.00054939297837083400210395068
Ohio,3 wk ahead,Bin,percent,12.4,12.5, 0.00054939297837083400210395068
Ohio,3 wk ahead,Bin,percent,12.5,12.6, 0.00054939297837083400210395068
Ohio,3 wk ahead,Bin,percent,12.6,12.7, 0.00054939297837083400210395068
Ohio,3 wk ahead,Bin,percent,12.7,12.8, 0.00054939297837083400210395068
Ohio,3 wk ahead,Bin,percent,12.8,12.9, 0.00054939297837083400210395068
Ohio,3 wk ahead,Bin,percent,12.9,13, 0.00054939297837083400210395068
Ohio,3 wk ahead,Bin,percent,13,100, 0.00054939297837083400210395068
Ohio,4 wk ahead,Bin,percent,0,0.1, 0.00009187061195796673580393071
Ohio,4 wk ahead,Bin,percent,0.1,0.2, 0.00039771615908675835926802677
Ohio,4 wk ahead,Bin,percent,0.2,0.3, 0.00099530187477537223304790981
Ohio,4 wk ahead,Bin,percent,0.3,0.4, 0.00225515057488753604963971355
Ohio,4 wk ahead,Bin,percent,0.4,0.5, 0.00465569010702024995568271137
Ohio,4 wk ahead,Bin,percent,0.5,0.6, 0.00881607747303820264705986887
Ohio,4 wk ahead,Bin,percent,0.6,0.7, 0.01539495594828818071653220301
Ohio,4 wk ahead,Bin,percent,0.7,0.8, 0.02486923048916231740457227772
Ohio,4 wk ahead,Bin,percent,0.8,0.9, 0.03716372736554829359079121787
Ohio,4 wk ahead,Bin,percent,0.9,1, 0.05122267112887867596127122738
Ohio,4 wk ahead,Bin,percent,1,1.1, 0.06481573194861990627746450855
Ohio,4 wk ahead,Bin,percent,1.1,1.2, 0.07494922303870366064870722766
Ohio,4 wk ahead,Bin,percent,1.2,1.3, 0.07897038433721167982604072222
Ohio,4 wk ahead,Bin,percent,1.3,1.4, 0.07586284022842491869820236161
Ohio,4 wk ahead,Bin,percent,1.4,1.5, 0.06686299668001481621981696435
Ohio,4 wk ahead,Bin,percent,1.5,1.6, 0.05491876853657606805114710369
Ohio,4 wk ahead,Bin,percent,1.6,1.7, 0.04338416151060608960676745482
Ohio,4 wk ahead,Bin,percent,1.7,1.8, 0.03482144508071673832949599614
Ohio,4 wk ahead,Bin,percent,1.8,1.9, 0.03047996219453880800687173291
Ohio,4 wk ahead,Bin,percent,1.9,2, 0.03032382603245531785263189306
Ohio,4 wk ahead,Bin,percent,2,2.1, 0.03320975895948558020975838190
Ohio,4 wk ahead,Bin,percent,2.1,2.2, 0.03712413361536483907832106865
Ohio,4 wk ahead,Bin,percent,2.2,2.3, 0.03970758137137009313732960436
Ohio,4 wk ahead,Bin,percent,2.3,2.4, 0.03911394598171230585492708087
Ohio,4 wk ahead,Bin,percent,2.4,2.5, 0.03480202547838900234422609969
Ohio,4 wk ahead,Bin,percent,2.5,2.6, 0.02770773998198207757615030289
Ohio,4 wk ahead,Bin,percent,2.6,2.7, 0.01965004003565854265311863003
Ohio,4 wk ahead,Bin,percent,2.7,2.8, 0.01238629611439184992349726855
Ohio,4 wk ahead,Bin,percent,2.8,2.9, 0.00693194175751731065521221709
Ohio,4 wk ahead,Bin,percent,2.9,3, 0.00344250618950753522334862211
Ohio,4 wk ahead,Bin,percent,3,3.1, 0.00151675734957066004997272568
Ohio,4 wk ahead,Bin,percent,3.1,3.2, 0.00060300173864988510820384082
Ohio,4 wk ahead,Bin,percent,3.2,3.3, 0.00042982363743321587868512212
Ohio,4 wk ahead,Bin,percent,3.3,3.4, 0.00042982363743321587868512212
Ohio,4 wk ahead,Bin,percent,3.4,3.5, 0.00042982363743321587868512212
Ohio,4 wk ahead,Bin,percent,3.5,3.6, 0.00042982363743321587868512212
Ohio,4 wk ahead,Bin,percent,3.6,3.7, 0.00042982363743321587868512212
Ohio,4 wk ahead,Bin,percent,3.7,3.8, 0.00042982363743321587868512212
Ohio,4 wk ahead,Bin,percent,3.8,3.9, 0.00042982363743321587868512212
Ohio,4 wk ahead,Bin,percent,3.9,4, 0.00042982363743321587868512212
Ohio,4 wk ahead,Bin,percent,4,4.1, 0.00042982363743321587868512212
Ohio,4 wk ahead,Bin,percent,4.1,4.2, 0.00042982363743321587868512212
Ohio,4 wk ahead,Bin,percent,4.2,4.3, 0.00042982363743321587868512212
Ohio,4 wk ahead,Bin,percent,4.3,4.4, 0.00042982363743321587868512212
Ohio,4 wk ahead,Bin,percent,4.4,4.5, 0.00042982363743321587868512212
Ohio,4 wk ahead,Bin,percent,4.5,4.6, 0.00042982363743321587868512212
Ohio,4 wk ahead,Bin,percent,4.6,4.7, 0.00042982363743321587868512212
Ohio,4 wk ahead,Bin,percent,4.7,4.8, 0.00042982363743321587868512212
Ohio,4 wk ahead,Bin,percent,4.8,4.9, 0.00042982363743321587868512212
Ohio,4 wk ahead,Bin,percent,4.9,5, 0.00042982363743321587868512212
Ohio,4 wk ahead,Bin,percent,5,5.1, 0.00042982363743321587868512212
Ohio,4 wk ahead,Bin,percent,5.1,5.2, 0.00042982363743321587868512212
Ohio,4 wk ahead,Bin,percent,5.2,5.3, 0.00042982363743321587868512212
Ohio,4 wk ahead,Bin,percent,5.3,5.4, 0.00042982363743321587868512212
Ohio,4 wk ahead,Bin,percent,5.4,5.5, 0.00042982363743321587868512212
Ohio,4 wk ahead,Bin,percent,5.5,5.6, 0.00042982363743321587868512212
Ohio,4 wk ahead,Bin,percent,5.6,5.7, 0.00042982363743321587868512212
Ohio,4 wk ahead,Bin,percent,5.7,5.8, 0.00042982363743321587868512212
Ohio,4 wk ahead,Bin,percent,5.8,5.9, 0.00042982363743321587868512212
Ohio,4 wk ahead,Bin,percent,5.9,6, 0.00042982363743321587868512212
Ohio,4 wk ahead,Bin,percent,6,6.1, 0.00042982363743321587868512212
Ohio,4 wk ahead,Bin,percent,6.1,6.2, 0.00042982363743321587868512212
Ohio,4 wk ahead,Bin,percent,6.2,6.3, 0.00042982363743321587868512212
Ohio,4 wk ahead,Bin,percent,6.3,6.4, 0.00042982363743321587868512212
Ohio,4 wk ahead,Bin,percent,6.4,6.5, 0.00042982363743321587868512212
Ohio,4 wk ahead,Bin,percent,6.5,6.6, 0.00042982363743321587868512212
Ohio,4 wk ahead,Bin,percent,6.6,6.7, 0.00042982363743321587868512212
Ohio,4 wk ahead,Bin,percent,6.7,6.8, 0.00042982363743321587868512212
Ohio,4 wk ahead,Bin,percent,6.8,6.9, 0.00042982363743321587868512212
Ohio,4 wk ahead,Bin,percent,6.9,7, 0.00042982363743321587868512212
Ohio,4 wk ahead,Bin,percent,7,7.1, 0.00042982363743321587868512212
Ohio,4 wk ahead,Bin,percent,7.1,7.2, 0.00042982363743321587868512212
Ohio,4 wk ahead,Bin,percent,7.2,7.3, 0.00042982363743321587868512212
Ohio,4 wk ahead,Bin,percent,7.3,7.4, 0.00042982363743321587868512212
Ohio,4 wk ahead,Bin,percent,7.4,7.5, 0.00042982363743321587868512212
Ohio,4 wk ahead,Bin,percent,7.5,7.6, 0.00042982363743321587868512212
Ohio,4 wk ahead,Bin,percent,7.6,7.7, 0.00042982363743321587868512212
Ohio,4 wk ahead,Bin,percent,7.7,7.8, 0.00042982363743321587868512212
Ohio,4 wk ahead,Bin,percent,7.8,7.9, 0.00042982363743321587868512212
Ohio,4 wk ahead,Bin,percent,7.9,8, 0.00042982363743321587868512212
Ohio,4 wk ahead,Bin,percent,8,8.1, 0.00042982363743321972760283445
Ohio,4 wk ahead,Bin,percent,8.1,8.2, 0.00042982363743322352231043815
Ohio,4 wk ahead,Bin,percent,8.2,8.3, 0.00042982363743322352231043815
Ohio,4 wk ahead,Bin,percent,8.3,8.4, 0.00042982363743322352231043815
Ohio,4 wk ahead,Bin,percent,8.4,8.5, 0.00042982363743322352231043815
Ohio,4 wk ahead,Bin,percent,8.5,8.6, 0.00042982363743322352231043815
Ohio,4 wk ahead,Bin,percent,8.6,8.7, 0.00042982363743322352231043815
Ohio,4 wk ahead,Bin,percent,8.7,8.8, 0.00042982363743322352231043815
Ohio,4 wk ahead,Bin,percent,8.8,8.9, 0.00042982363743322352231043815
Ohio,4 wk ahead,Bin,percent,8.9,9, 0.00042982363743322352231043815
Ohio,4 wk ahead,Bin,percent,9,9.1, 0.00042982363743322352231043815
Ohio,4 wk ahead,Bin,percent,9.1,9.2, 0.00042982363743322352231043815
Ohio,4 wk ahead,Bin,percent,9.2,9.3, 0.00042982363743322352231043815
Ohio,4 wk ahead,Bin,percent,9.3,9.4, 0.00042982363743322352231043815
Ohio,4 wk ahead,Bin,percent,9.4,9.5, 0.00042982363743322352231043815
Ohio,4 wk ahead,Bin,percent,9.5,9.6, 0.00042982363743322352231043815
Ohio,4 wk ahead,Bin,percent,9.6,9.7, 0.00042982363743322352231043815
Ohio,4 wk ahead,Bin,percent,9.7,9.8, 0.00042982363743322352231043815
Ohio,4 wk ahead,Bin,percent,9.8,9.9, 0.00042982363743322352231043815
Ohio,4 wk ahead,Bin,percent,9.9,10, 0.00042982363743322352231043815
Ohio,4 wk ahead,Bin,percent,10,10.1, 0.00042982363743322352231043815
Ohio,4 wk ahead,Bin,percent,10.1,10.2, 0.00042982363743322352231043815
Ohio,4 wk ahead,Bin,percent,10.2,10.3, 0.00042982363743322352231043815
Ohio,4 wk ahead,Bin,percent,10.3,10.4, 0.00042982363743322352231043815
Ohio,4 wk ahead,Bin,percent,10.4,10.5, 0.00042982363743322352231043815
Ohio,4 wk ahead,Bin,percent,10.5,10.6, 0.00042982363743322352231043815
Ohio,4 wk ahead,Bin,percent,10.6,10.7, 0.00042982363743322352231043815
Ohio,4 wk ahead,Bin,percent,10.7,10.8, 0.00042982363743322352231043815
Ohio,4 wk ahead,Bin,percent,10.8,10.9, 0.00042982363743322352231043815
Ohio,4 wk ahead,Bin,percent,10.9,11, 0.00042982363743322352231043815
Ohio,4 wk ahead,Bin,percent,11,11.1, 0.00042982363743322352231043815
Ohio,4 wk ahead,Bin,percent,11.1,11.2, 0.00042982363743322352231043815
Ohio,4 wk ahead,Bin,percent,11.2,11.3, 0.00042982363743322352231043815
Ohio,4 wk ahead,Bin,percent,11.3,11.4, 0.00042982363743322352231043815
Ohio,4 wk ahead,Bin,percent,11.4,11.5, 0.00042982363743322352231043815
Ohio,4 wk ahead,Bin,percent,11.5,11.6, 0.00042982363743322352231043815
Ohio,4 wk ahead,Bin,percent,11.6,11.7, 0.00042982363743322352231043815
Ohio,4 wk ahead,Bin,percent,11.7,11.8, 0.00042982363743322352231043815
Ohio,4 wk ahead,Bin,percent,11.8,11.9, 0.00042982363743322352231043815
Ohio,4 wk ahead,Bin,percent,11.9,12, 0.00042982363743322352231043815
Ohio,4 wk ahead,Bin,percent,12,12.1, 0.00042982363743322352231043815
Ohio,4 wk ahead,Bin,percent,12.1,12.2, 0.00042982363743322352231043815
Ohio,4 wk ahead,Bin,percent,12.2,12.3, 0.00042982363743322352231043815
Ohio,4 wk ahead,Bin,percent,12.3,12.4, 0.00042982363743322352231043815
Ohio,4 wk ahead,Bin,percent,12.4,12.5, 0.00042982363743322352231043815
Ohio,4 wk ahead,Bin,percent,12.5,12.6, 0.00042982363743322352231043815
Ohio,4 wk ahead,Bin,percent,12.6,12.7, 0.00042982363743322352231043815
Ohio,4 wk ahead,Bin,percent,12.7,12.8, 0.00042982363743322352231043815
Ohio,4 wk ahead,Bin,percent,12.8,12.9, 0.00042982363743322352231043815
Ohio,4 wk ahead,Bin,percent,12.9,13, 0.00042982363743322352231043815
Ohio,4 wk ahead,Bin,percent,13,100, 0.00042982363743322352231043815
Nevada,Season peak week,Bin,week,40,41, 0.00051388463310440021889619056
Nevada,Season peak week,Bin,week,41,42, 0.00051388463310440021889619056
Nevada,Season peak week,Bin,week,42,43, 0.00051388463310440021889619056
Nevada,Season peak week,Bin,week,43,44, 0.00051388463310440021889619056
Nevada,Season peak week,Bin,week,44,45, 0.00052380406359515529340908913
Nevada,Season peak week,Bin,week,45,46, 0.00115548184494072077484194683
Nevada,Season peak week,Bin,week,46,47, 0.00314226500838977020405029528
Nevada,Season peak week,Bin,week,47,48, 0.00738233491917716921904002447
Nevada,Season peak week,Bin,week,48,49, 0.01500630089023080766807982656
Nevada,Season peak week,Bin,week,49,50, 0.02646446655260702857104249119
Nevada,Season peak week,Bin,week,50,51, 0.04068514814682345354102110946
Nevada,Season peak week,Bin,week,51,52, 0.05499566198663118771206015367
Nevada,Season peak week,Bin,week,52,53, 0.06636573172110424301273212677
Nevada,Season peak week,Bin,week,1,2, 0.07330771679320818856595565194
Nevada,Season peak week,Bin,week,2,3, 0.07676556715117596740860506088
Nevada,Season peak week,Bin,week,3,4, 0.07899586105277496550503002481
Nevada,Season peak week,Bin,week,4,5, 0.08138201512693124528574628584
Nevada,Season peak week,Bin,week,5,6, 0.08321925234025942530458053170
Nevada,Season peak week,Bin,week,6,7, 0.08245396562488592484552185624
Nevada,Season peak week,Bin,week,7,8, 0.07742122045104246619295906839
Nevada,Season peak week,Bin,week,8,9, 0.06796205351188626397895831133
Nevada,Season peak week,Bin,week,9,10, 0.05532874911616719737494918263
Nevada,Season peak week,Bin,week,10,11, 0.04146244487478744494834970169
Nevada,Season peak week,Bin,week,11,12, 0.02832537546765007477334030739
Nevada,Season peak week,Bin,week,12,13, 0.01743844969730165214705230881
Nevada,Season peak week,Bin,week,13,14, 0.00956366825804296112611968539
Nevada,Season peak week,Bin,week,14,15, 0.00462550280291564724910458040
Nevada,Season peak week,Bin,week,15,16, 0.00195744522008740829896455971
Nevada,Season peak week,Bin,week,16,17, 0.00072072700434256146626021966
Nevada,Season peak week,Bin,week,17,18, 0.00032794486276398047324212581
Nevada,Season peak week,Bin,week,18,19, 0.00032176899261981755859252097
Nevada,Season peak week,Bin,week,19,20, 0.00032176899261981755859252097
Nevada,Season peak week,Bin,week,20,21, 0.00032176899261981755859252097
Nevada,Season peak percentage,Bin,percent,0,0.1, 0.00035110453780692185829157004
Nevada,Season peak percentage,Bin,percent,0.1,0.2, 0.00070220907561384393342357457
Nevada,Season peak percentage,Bin,percent,0.2,0.3, 0.00070220907561384360816292283
Nevada,Season peak percentage,Bin,percent,0.3,0.4, 0.00070220907561384360816292283
Nevada,Season peak percentage,Bin,percent,0.4,0.5, 0.00070220907561384360816292283
Nevada,Season peak percentage,Bin,percent,0.5,0.6, 0.00070220907561384393342357457
Nevada,Season peak percentage,Bin,percent,0.6,0.7, 0.00070220907561384436710444357
Nevada,Season peak percentage,Bin,percent,0.7,0.8, 0.00070220907561384436710444357
Nevada,Season peak percentage,Bin,percent,0.8,0.9, 0.00070220907561384436710444357
Nevada,Season peak percentage,Bin,percent,0.9,1, 0.00070220907561384436710444357
Nevada,Season peak percentage,Bin,percent,1,1.1, 0.00070220907561384436710444357
Nevada,Season peak percentage,Bin,percent,1.1,1.2, 0.00070220907561384436710444357
Nevada,Season peak percentage,Bin,percent,1.2,1.3, 0.00070220907561384436710444357
Nevada,Season peak percentage,Bin,percent,1.3,1.4, 0.00070220907561384436710444357
Nevada,Season peak percentage,Bin,percent,1.4,1.5, 0.00070220907561384436710444357
Nevada,Season peak percentage,Bin,percent,1.5,1.6, 0.00070220907561384436710444357
Nevada,Season peak percentage,Bin,percent,1.6,1.7, 0.00070220907561384436710444357
Nevada,Season peak percentage,Bin,percent,1.7,1.8, 0.00070220907561384436710444357
Nevada,Season peak percentage,Bin,percent,1.8,1.9, 0.00070220907561384436710444357
Nevada,Season peak percentage,Bin,percent,1.9,2, 0.00070220907561384436710444357
Nevada,Season peak percentage,Bin,percent,2,2.1, 0.00070220907561384284922140209
Nevada,Season peak percentage,Bin,percent,2.1,2.2, 0.00070220907561384122291814336
Nevada,Season peak percentage,Bin,percent,2.2,2.3, 0.00070346473429158825306506397
Nevada,Season peak percentage,Bin,percent,2.3,2.4, 0.00287424271122174723736009128
Nevada,Season peak percentage,Bin,percent,2.4,2.5, 0.01561081239373588239183199278
Nevada,Season peak percentage,Bin,percent,2.5,2.6, 0.04301740664462649910149139032
Nevada,Season peak percentage,Bin,percent,2.6,2.7, 0.06028836479471949560959842529
Nevada,Season peak percentage,Bin,percent,2.7,2.8, 0.04301876863138894696581004951
Nevada,Season peak percentage,Bin,percent,2.8,2.9, 0.01561206047090600221305400908
Nevada,Season peak percentage,Bin,percent,2.9,3, 0.00287378680717654405585292920
Nevada,Season peak percentage,Bin,percent,3,3.1, 0.00026753873953787841739188069
Nevada,Season peak percentage,Bin,percent,3.1,3.2, 0.00002346275453518290997779322
Nevada,Season peak percentage,Bin,percent,3.2,3.3, 0.00023516721305565798879645689
Nevada,Season peak percentage,Bin,percent,3.3,3.4, 0.00252630834009046718532931486
Nevada,Season peak percentage,Bin,percent,3.4,3.5, 0.01373204247174283909593839326
Nevada,Season peak percentage,Bin,percent,3.5,3.6, 0.03784973285625240629892473976
Nevada,Season peak percentage,Bin,percent,3.6,3.7, 0.05307566949313245741048916670
Nevada,Season peak percentage,Bin,percent,3.7,3.8, 0.03841606992647278451258330279
Nevada,Season peak percentage,Bin,percent,3.8,3.9, 0.01984047423247367950005504156
Nevada,Season peak percentage,Bin,percent,3.9,4, 0.03571908465188373266174792775
Nevada,Season peak percentage,Bin,percent,4,4.1, 0.09169756478602432425706325603
Nevada,Season peak percentage,Bin,percent,4.1,4.2, 0.12819572135952669866831854506
Nevada,Season peak percentage,Bin,percent,4.2,4.3, 0.09146146013387225492952126160
Nevada,Season peak percentage,Bin,percent,4.3,4.4, 0.03320420537587223663855695577
Nevada,Season peak percentage,Bin,percent,4.4,4.5, 0.00638708887084940644257580189
Nevada,Season peak percentage,Bin,percent,4.5,4.6, 0.00354922597045505272550514064
Nevada,Season peak percentage,Bin,percent,4.6,4.7, 0.01622090105712760757517010290
Nevada,Season peak percentage,Bin,percent,4.7,4.8, 0.04462384191368683888923030167
Nevada,Season peak percentage,Bin,percent,4.8,4.9, 0.06253691955109548505920002981
Nevada,Season peak percentage,Bin,percent,4.9,5, 0.04462180717575100347138672419
Nevada,Season peak percentage,Bin,percent,5,5.1, 0.01619304170498207795514389318
Nevada,Season peak percentage,Bin,percent,5.1,5.2, 0.00298144202356742400034095297
Nevada,Season peak percentage,Bin,percent,5.2,5.3, 0.00072970153589533063263894430
Nevada,Season peak percentage,Bin,percent,5.3,5.4, 0.00072839904549169376228590078
Nevada,Season peak percentage,Bin,percent,5.4,5.5, 0.00072839904549169376228590078
Nevada,Season peak percentage,Bin,percent,5.5,5.6, 0.00072839904549169376228590078
Nevada,Season peak percentage,Bin,percent,5.6,5.7, 0.00072839904549169376228590078
Nevada,Season peak percentage,Bin,percent,5.7,5.8, 0.00072839904549169376228590078
Nevada,Season peak percentage,Bin,percent,5.8,5.9, 0.00072839904549169376228590078
Nevada,Season peak percentage,Bin,percent,5.9,6, 0.00072839904549169376228590078
Nevada,Season peak percentage,Bin,percent,6,6.1, 0.00072839904549169376228590078
Nevada,Season peak percentage,Bin,percent,6.1,6.2, 0.00072839904549169376228590078
Nevada,Season peak percentage,Bin,percent,6.2,6.3, 0.00072839904549169376228590078
Nevada,Season peak percentage,Bin,percent,6.3,6.4, 0.00072839904549169376228590078
Nevada,Season peak percentage,Bin,percent,6.4,6.5, 0.00072839904549169376228590078
Nevada,Season peak percentage,Bin,percent,6.5,6.6, 0.00072839904549169376228590078
Nevada,Season peak percentage,Bin,percent,6.6,6.7, 0.00072839904549169376228590078
Nevada,Season peak percentage,Bin,percent,6.7,6.8, 0.00072839904549169376228590078
Nevada,Season peak percentage,Bin,percent,6.8,6.9, 0.00072839904549169376228590078
Nevada,Season peak percentage,Bin,percent,6.9,7, 0.00072839904549169376228590078
Nevada,Season peak percentage,Bin,percent,7,7.1, 0.00072839904549169376228590078
Nevada,Season peak percentage,Bin,percent,7.1,7.2, 0.00072839904549169376228590078
Nevada,Season peak percentage,Bin,percent,7.2,7.3, 0.00072839904549169376228590078
Nevada,Season peak percentage,Bin,percent,7.3,7.4, 0.00072839904549169376228590078
Nevada,Season peak percentage,Bin,percent,7.4,7.5, 0.00072839904549169376228590078
Nevada,Season peak percentage,Bin,percent,7.5,7.6, 0.00072839904549169376228590078
Nevada,Season peak percentage,Bin,percent,7.6,7.7, 0.00072839904549169376228590078
Nevada,Season peak percentage,Bin,percent,7.7,7.8, 0.00072839904549169376228590078
Nevada,Season peak percentage,Bin,percent,7.8,7.9, 0.00072839904549169376228590078
Nevada,Season peak percentage,Bin,percent,7.9,8, 0.00072839904549169376228590078
Nevada,Season peak percentage,Bin,percent,8,8.1, 0.00072839904549170015907871845
Nevada,Season peak percentage,Bin,percent,8.1,8.2, 0.00072839904549170655587153611
Nevada,Season peak percentage,Bin,percent,8.2,8.3, 0.00072839904549170655587153611
Nevada,Season peak percentage,Bin,percent,8.3,8.4, 0.00072839904549170655587153611
Nevada,Season peak percentage,Bin,percent,8.4,8.5, 0.00072839904549170655587153611
Nevada,Season peak percentage,Bin,percent,8.5,8.6, 0.00072839904549170655587153611
Nevada,Season peak percentage,Bin,percent,8.6,8.7, 0.00072839904549170655587153611
Nevada,Season peak percentage,Bin,percent,8.7,8.8, 0.00072839904549170655587153611
Nevada,Season peak percentage,Bin,percent,8.8,8.9, 0.00072839904549170655587153611
Nevada,Season peak percentage,Bin,percent,8.9,9, 0.00072839904549170655587153611
Nevada,Season peak percentage,Bin,percent,9,9.1, 0.00072839904549170655587153611
Nevada,Season peak percentage,Bin,percent,9.1,9.2, 0.00072839904549170655587153611
Nevada,Season peak percentage,Bin,percent,9.2,9.3, 0.00072839904549170655587153611
Nevada,Season peak percentage,Bin,percent,9.3,9.4, 0.00072839904549170655587153611
Nevada,Season peak percentage,Bin,percent,9.4,9.5, 0.00072839904549170655587153611
Nevada,Season peak percentage,Bin,percent,9.5,9.6, 0.00072839904549170655587153611
Nevada,Season peak percentage,Bin,percent,9.6,9.7, 0.00072839904549170655587153611
Nevada,Season peak percentage,Bin,percent,9.7,9.8, 0.00072839904549170655587153611
Nevada,Season peak percentage,Bin,percent,9.8,9.9, 0.00072839904549170655587153611
Nevada,Season peak percentage,Bin,percent,9.9,10, 0.00072839904549170655587153611
Nevada,Season peak percentage,Bin,percent,10,10.1, 0.00072839904549170655587153611
Nevada,Season peak percentage,Bin,percent,10.1,10.2, 0.00072839904549170655587153611
Nevada,Season peak percentage,Bin,percent,10.2,10.3, 0.00072839904549170655587153611
Nevada,Season peak percentage,Bin,percent,10.3,10.4, 0.00072839904549170655587153611
Nevada,Season peak percentage,Bin,percent,10.4,10.5, 0.00072839904549170655587153611
Nevada,Season peak percentage,Bin,percent,10.5,10.6, 0.00072839904549170655587153611
Nevada,Season peak percentage,Bin,percent,10.6,10.7, 0.00072839904549170655587153611
Nevada,Season peak percentage,Bin,percent,10.7,10.8, 0.00072839904549170655587153611
Nevada,Season peak percentage,Bin,percent,10.8,10.9, 0.00072839904549170655587153611
Nevada,Season peak percentage,Bin,percent,10.9,11, 0.00072839904549170655587153611
Nevada,Season peak percentage,Bin,percent,11,11.1, 0.00072839904549170655587153611
Nevada,Season peak percentage,Bin,percent,11.1,11.2, 0.00072839904549170655587153611
Nevada,Season peak percentage,Bin,percent,11.2,11.3, 0.00072839904549170655587153611
Nevada,Season peak percentage,Bin,percent,11.3,11.4, 0.00072839904549170655587153611
Nevada,Season peak percentage,Bin,percent,11.4,11.5, 0.00072839904549170655587153611
Nevada,Season peak percentage,Bin,percent,11.5,11.6, 0.00072839904549170655587153611
Nevada,Season peak percentage,Bin,percent,11.6,11.7, 0.00072839904549170655587153611
Nevada,Season peak percentage,Bin,percent,11.7,11.8, 0.00072839904549170655587153611
Nevada,Season peak percentage,Bin,percent,11.8,11.9, 0.00072839904549170655587153611
Nevada,Season peak percentage,Bin,percent,11.9,12, 0.00072839904549170655587153611
Nevada,Season peak percentage,Bin,percent,12,12.1, 0.00072839904549170655587153611
Nevada,Season peak percentage,Bin,percent,12.1,12.2, 0.00072839904549170655587153611
Nevada,Season peak percentage,Bin,percent,12.2,12.3, 0.00072839904549170655587153611
Nevada,Season peak percentage,Bin,percent,12.3,12.4, 0.00072839904549170655587153611
Nevada,Season peak percentage,Bin,percent,12.4,12.5, 0.00072839904549170655587153611
Nevada,Season peak percentage,Bin,percent,12.5,12.6, 0.00072839904549170655587153611
Nevada,Season peak percentage,Bin,percent,12.6,12.7, 0.00072839904549170655587153611
Nevada,Season peak percentage,Bin,percent,12.7,12.8, 0.00072839904549170655587153611
Nevada,Season peak percentage,Bin,percent,12.8,12.9, 0.00072839904549170655587153611
Nevada,Season peak percentage,Bin,percent,12.9,13, 0.00072839904549170655587153611
Nevada,Season peak percentage,Bin,percent,13,100, 0.00072839904549170655587153611
Nevada,1 wk ahead,Bin,percent,0,0.1, 0.00175055800032219380929499053
Nevada,1 wk ahead,Bin,percent,0.1,0.2, 0.00466585807756361888032348162
Nevada,1 wk ahead,Bin,percent,0.2,0.3, 0.00652450800223046932513337737
Nevada,1 wk ahead,Bin,percent,0.3,0.4, 0.00868488947359255698821289826
Nevada,1 wk ahead,Bin,percent,0.4,0.5, 0.01100510395413776230932878519
Nevada,1 wk ahead,Bin,percent,0.5,0.6, 0.01327509513284374706443280445
Nevada,1 wk ahead,Bin,percent,0.6,0.7, 0.01524384110583368312497043462
Nevada,1 wk ahead,Bin,percent,0.7,0.8, 0.01666430242185145543798441281
Nevada,1 wk ahead,Bin,percent,0.8,0.9, 0.01734326584049678335319732980
Nevada,1 wk ahead,Bin,percent,0.9,1, 0.01718786221174638251252275722
Nevada,1 wk ahead,Bin,percent,1,1.1, 0.01622643499445124495861314529
Nevada,1 wk ahead,Bin,percent,1.1,1.2, 0.01460850670794462680124325971
Nevada,1 wk ahead,Bin,percent,1.2,1.3, 0.01257318711839226256510304580
Nevada,1 wk ahead,Bin,percent,1.3,1.4, 0.01040808124772257640955341884
Nevada,1 wk ahead,Bin,percent,1.4,1.5, 0.00840345476222919066100480734
Nevada,1 wk ahead,Bin,percent,1.5,1.6, 0.00681841695364386862071581774
Nevada,1 wk ahead,Bin,percent,1.6,1.7, 0.00586455891053788876121632967
Nevada,1 wk ahead,Bin,percent,1.7,1.8, 0.00570024217628354017833869349
Nevada,1 wk ahead,Bin,percent,1.8,1.9, 0.00643540931416988239155418938
Nevada,1 wk ahead,Bin,percent,1.9,2, 0.00812866097825724713554773615
Nevada,1 wk ahead,Bin,percent,2,2.1, 0.01078104510181170441751596911
Nevada,1 wk ahead,Bin,percent,2.1,2.2, 0.01431948636281280690107919895
Nevada,1 wk ahead,Bin,percent,2.2,2.3, 0.01858407279991409685737657753
Nevada,1 wk ahead,Bin,percent,2.3,2.4, 0.02332490529981354199229315327
Nevada,1 wk ahead,Bin,percent,2.4,2.5, 0.02822044410860566690524287026
Nevada,1 wk ahead,Bin,percent,2.5,2.6, 0.03291647348745633389066611585
Nevada,1 wk ahead,Bin,percent,2.6,2.7, 0.03707983363542266541656999834
Nevada,1 wk ahead,Bin,percent,2.7,2.8, 0.04045360915347821773035974502
Nevada,1 wk ahead,Bin,percent,2.8,2.9, 0.04289474971413098636219274340
Nevada,1 wk ahead,Bin,percent,2.9,3, 0.04438616785980809692491177998
Nevada,1 wk ahead,Bin,percent,3,3.1, 0.04501556697163964365637767173
Nevada,1 wk ahead,Bin,percent,3.1,3.2, 0.04493120997570984598290522172
Nevada,1 wk ahead,Bin,percent,3.2,3.3, 0.04428737569241900096095321260
Nevada,1 wk ahead,Bin,percent,3.3,3.4, 0.04319764951152129522915501525
Nevada,1 wk ahead,Bin,percent,3.4,3.5, 0.04170969897525431818730012878
Nevada,1 wk ahead,Bin,percent,3.5,3.6, 0.03980804545771474828308456040
Nevada,1 wk ahead,Bin,percent,3.6,3.7, 0.03744202260583495700529965688
Nevada,1 wk ahead,Bin,percent,3.7,3.8, 0.03456775454737615743683321057
Nevada,1 wk ahead,Bin,percent,3.8,3.9, 0.03118899065538862855340163094
Nevada,1 wk ahead,Bin,percent,3.9,4, 0.02738322989444988767027133747
Nevada,1 wk ahead,Bin,percent,4,4.1, 0.02330379815211677807518242389
Nevada,1 wk ahead,Bin,percent,4.1,4.2, 0.01915880875197632435269490259
Nevada,1 wk ahead,Bin,percent,4.2,4.3, 0.01517376261151924705938842663
Nevada,1 wk ahead,Bin,percent,4.3,4.4, 0.01155079057244979764962344859
Nevada,1 wk ahead,Bin,percent,4.4,4.5, 0.00843572442107506752229095781
Nevada,1 wk ahead,Bin,percent,4.5,4.6, 0.00590185488819781802621866618
Nevada,1 wk ahead,Bin,percent,4.6,4.7, 0.00395088114710324261880103336
Nevada,1 wk ahead,Bin,percent,4.7,4.8, 0.00252831497599004901763453113
Nevada,1 wk ahead,Bin,percent,4.8,4.9, 0.00154551939900204188260701699
Nevada,1 wk ahead,Bin,percent,4.9,5, 0.00090187021934340610550967510
Nevada,1 wk ahead,Bin,percent,5,5.1, 0.00050218253252043865836329317
Nevada,1 wk ahead,Bin,percent,5.1,5.2, 0.00026898311477105668176185160
Nevada,1 wk ahead,Bin,percent,5.2,5.3, 0.00021231569644456787138327158
Nevada,1 wk ahead,Bin,percent,5.3,5.4, 0.00021231569644456787138327158
Nevada,1 wk ahead,Bin,percent,5.4,5.5, 0.00021231569644456787138327158
Nevada,1 wk ahead,Bin,percent,5.5,5.6, 0.00021231569644456787138327158
Nevada,1 wk ahead,Bin,percent,5.6,5.7, 0.00021231569644456787138327158
Nevada,1 wk ahead,Bin,percent,5.7,5.8, 0.00021231569644456787138327158
Nevada,1 wk ahead,Bin,percent,5.8,5.9, 0.00021231569644456787138327158
Nevada,1 wk ahead,Bin,percent,5.9,6, 0.00021231569644456787138327158
Nevada,1 wk ahead,Bin,percent,6,6.1, 0.00021231569644456787138327158
Nevada,1 wk ahead,Bin,percent,6.1,6.2, 0.00021231569644456787138327158
Nevada,1 wk ahead,Bin,percent,6.2,6.3, 0.00021231569644456787138327158
Nevada,1 wk ahead,Bin,percent,6.3,6.4, 0.00021231569644456787138327158
Nevada,1 wk ahead,Bin,percent,6.4,6.5, 0.00021231569644456787138327158
Nevada,1 wk ahead,Bin,percent,6.5,6.6, 0.00021231569644456787138327158
Nevada,1 wk ahead,Bin,percent,6.6,6.7, 0.00021231569644456787138327158
Nevada,1 wk ahead,Bin,percent,6.7,6.8, 0.00021231569644456787138327158
Nevada,1 wk ahead,Bin,percent,6.8,6.9, 0.00021231569644456787138327158
Nevada,1 wk ahead,Bin,percent,6.9,7, 0.00021231569644456787138327158
Nevada,1 wk ahead,Bin,percent,7,7.1, 0.00021231569644456787138327158
Nevada,1 wk ahead,Bin,percent,7.1,7.2, 0.00021231569644456787138327158
Nevada,1 wk ahead,Bin,percent,7.2,7.3, 0.00021231569644456787138327158
Nevada,1 wk ahead,Bin,percent,7.3,7.4, 0.00021231569644456787138327158
Nevada,1 wk ahead,Bin,percent,7.4,7.5, 0.00021231569644456787138327158
Nevada,1 wk ahead,Bin,percent,7.5,7.6, 0.00021231569644456787138327158
Nevada,1 wk ahead,Bin,percent,7.6,7.7, 0.00021231569644456787138327158
Nevada,1 wk ahead,Bin,percent,7.7,7.8, 0.00021231569644456787138327158
Nevada,1 wk ahead,Bin,percent,7.8,7.9, 0.00021231569644456787138327158
Nevada,1 wk ahead,Bin,percent,7.9,8, 0.00021231569644456787138327158
Nevada,1 wk ahead,Bin,percent,8,8.1, 0.00021231569644456982294718206
Nevada,1 wk ahead,Bin,percent,8.1,8.2, 0.00021231569644457169319592960
Nevada,1 wk ahead,Bin,percent,8.2,8.3, 0.00021231569644457169319592960
Nevada,1 wk ahead,Bin,percent,8.3,8.4, 0.00021231569644457169319592960
Nevada,1 wk ahead,Bin,percent,8.4,8.5, 0.00021231569644457169319592960
Nevada,1 wk ahead,Bin,percent,8.5,8.6, 0.00021231569644457169319592960
Nevada,1 wk ahead,Bin,percent,8.6,8.7, 0.00021231569644457169319592960
Nevada,1 wk ahead,Bin,percent,8.7,8.8, 0.00021231569644457169319592960
Nevada,1 wk ahead,Bin,percent,8.8,8.9, 0.00021231569644457169319592960
Nevada,1 wk ahead,Bin,percent,8.9,9, 0.00021231569644457169319592960
Nevada,1 wk ahead,Bin,percent,9,9.1, 0.00021231569644457169319592960
Nevada,1 wk ahead,Bin,percent,9.1,9.2, 0.00021231569644457169319592960
Nevada,1 wk ahead,Bin,percent,9.2,9.3, 0.00021231569644457169319592960
Nevada,1 wk ahead,Bin,percent,9.3,9.4, 0.00021231569644457169319592960
Nevada,1 wk ahead,Bin,percent,9.4,9.5, 0.00021231569644457169319592960
Nevada,1 wk ahead,Bin,percent,9.5,9.6, 0.00021231569644457169319592960
Nevada,1 wk ahead,Bin,percent,9.6,9.7, 0.00021231569644457169319592960
Nevada,1 wk ahead,Bin,percent,9.7,9.8, 0.00021231569644457169319592960
Nevada,1 wk ahead,Bin,percent,9.8,9.9, 0.00021231569644457169319592960
Nevada,1 wk ahead,Bin,percent,9.9,10, 0.00021231569644457169319592960
Nevada,1 wk ahead,Bin,percent,10,10.1, 0.00021231569644457169319592960
Nevada,1 wk ahead,Bin,percent,10.1,10.2, 0.00021231569644457169319592960
Nevada,1 wk ahead,Bin,percent,10.2,10.3, 0.00021231569644457169319592960
Nevada,1 wk ahead,Bin,percent,10.3,10.4, 0.00021231569644457169319592960
Nevada,1 wk ahead,Bin,percent,10.4,10.5, 0.00021231569644457169319592960
Nevada,1 wk ahead,Bin,percent,10.5,10.6, 0.00021231569644457169319592960
Nevada,1 wk ahead,Bin,percent,10.6,10.7, 0.00021231569644457169319592960
Nevada,1 wk ahead,Bin,percent,10.7,10.8, 0.00021231569644457169319592960
Nevada,1 wk ahead,Bin,percent,10.8,10.9, 0.00021231569644457169319592960
Nevada,1 wk ahead,Bin,percent,10.9,11, 0.00021231569644457169319592960
Nevada,1 wk ahead,Bin,percent,11,11.1, 0.00021231569644457169319592960
Nevada,1 wk ahead,Bin,percent,11.1,11.2, 0.00021231569644457169319592960
Nevada,1 wk ahead,Bin,percent,11.2,11.3, 0.00021231569644457169319592960
Nevada,1 wk ahead,Bin,percent,11.3,11.4, 0.00021231569644457169319592960
Nevada,1 wk ahead,Bin,percent,11.4,11.5, 0.00021231569644457169319592960
Nevada,1 wk ahead,Bin,percent,11.5,11.6, 0.00021231569644457169319592960
Nevada,1 wk ahead,Bin,percent,11.6,11.7, 0.00021231569644457169319592960
Nevada,1 wk ahead,Bin,percent,11.7,11.8, 0.00021231569644457169319592960
Nevada,1 wk ahead,Bin,percent,11.8,11.9, 0.00021231569644457169319592960
Nevada,1 wk ahead,Bin,percent,11.9,12, 0.00021231569644457169319592960
Nevada,1 wk ahead,Bin,percent,12,12.1, 0.00021231569644457169319592960
Nevada,1 wk ahead,Bin,percent,12.1,12.2, 0.00021231569644457169319592960
Nevada,1 wk ahead,Bin,percent,12.2,12.3, 0.00021231569644457169319592960
Nevada,1 wk ahead,Bin,percent,12.3,12.4, 0.00021231569644457169319592960
Nevada,1 wk ahead,Bin,percent,12.4,12.5, 0.00021231569644457169319592960
Nevada,1 wk ahead,Bin,percent,12.5,12.6, 0.00021231569644457169319592960
Nevada,1 wk ahead,Bin,percent,12.6,12.7, 0.00021231569644457169319592960
Nevada,1 wk ahead,Bin,percent,12.7,12.8, 0.00021231569644457169319592960
Nevada,1 wk ahead,Bin,percent,12.8,12.9, 0.00021231569644457169319592960
Nevada,1 wk ahead,Bin,percent,12.9,13, 0.00021231569644457169319592960
Nevada,1 wk ahead,Bin,percent,13,100, 0.00021231569644457169319592960
Nevada,2 wk ahead,Bin,percent,0,0.1, 0.00012082760266637543647948172
Nevada,2 wk ahead,Bin,percent,0.1,0.2, 0.00024165520533275087295896344
Nevada,2 wk ahead,Bin,percent,0.2,0.3, 0.00024165520533275076453874619
Nevada,2 wk ahead,Bin,percent,0.3,0.4, 0.00024165520533275076453874619
Nevada,2 wk ahead,Bin,percent,0.4,0.5, 0.00024165520533275076453874619
Nevada,2 wk ahead,Bin,percent,0.5,0.6, 0.00035668626262952245198345480
Nevada,2 wk ahead,Bin,percent,0.6,0.7, 0.00075694600987093955523493660
Nevada,2 wk ahead,Bin,percent,0.7,0.8, 0.00149234408826470960930665743
Nevada,2 wk ahead,Bin,percent,0.8,0.9, 0.00273364080331143155175310788
Nevada,2 wk ahead,Bin,percent,0.9,1, 0.00465714255347393722012094841
Nevada,2 wk ahead,Bin,percent,1,1.1, 0.00739182435506675027114820153
Nevada,2 wk ahead,Bin,percent,1.1,1.2, 0.01095619731757380317660466318
Nevada,2 wk ahead,Bin,percent,1.2,1.3, 0.01521609259189526421052196525
Nevada,2 wk ahead,Bin,percent,1.3,1.4, 0.01989060080184901213584680590
Nevada,2 wk ahead,Bin,percent,1.4,1.5, 0.02461554025256319430670082227
Nevada,2 wk ahead,Bin,percent,1.5,1.6, 0.02903553779311854668443437788
Nevada,2 wk ahead,Bin,percent,1.6,1.7, 0.03287263891745868110705330878
Nevada,2 wk ahead,Bin,percent,1.7,1.8, 0.03592914267172617193146777481
Nevada,2 wk ahead,Bin,percent,1.8,1.9, 0.03803079143757693431071587042
Nevada,2 wk ahead,Bin,percent,1.9,2, 0.03896675660764493259735630204
Nevada,2 wk ahead,Bin,percent,2,2.1, 0.03849616518471913467758227512
Nevada,2 wk ahead,Bin,percent,2.1,2.2, 0.03644262425951227957199307639
Nevada,2 wk ahead,Bin,percent,2.2,2.3, 0.03283183383604130339827875673
Nevada,2 wk ahead,Bin,percent,2.3,2.4, 0.02797887660787311270293997723
Nevada,2 wk ahead,Bin,percent,2.4,2.5, 0.02246660469703904566829422151
Nevada,2 wk ahead,Bin,percent,2.5,2.6, 0.01701267961898922029262415379
Nevada,2 wk ahead,Bin,percent,2.6,2.7, 0.01229989908070103048209897878
Nevada,2 wk ahead,Bin,percent,2.7,2.8, 0.00885234116860652946179310874
Nevada,2 wk ahead,Bin,percent,2.8,2.9, 0.00699991223651511874914721290
Nevada,2 wk ahead,Bin,percent,2.9,3, 0.00691573873324655228472801483
Nevada,2 wk ahead,Bin,percent,3,3.1, 0.00867340947154970551280506186
Nevada,2 wk ahead,Bin,percent,3.1,3.2, 0.01226352365759799528666107449
Nevada,2 wk ahead,Bin,percent,3.2,3.3, 0.01755456874789258422953075467
Nevada,2 wk ahead,Bin,percent,3.3,3.4, 0.02421495063222685664716671283
Nevada,2 wk ahead,Bin,percent,3.4,3.5, 0.03165177763964429485943341547
Nevada,2 wk ahead,Bin,percent,3.5,3.6, 0.03901370648502840848825812259
Nevada,2 wk ahead,Bin,percent,3.6,3.7, 0.04529243182275320689367248406
Nevada,2 wk ahead,Bin,percent,3.7,3.8, 0.04951055650506764466145526171
Nevada,2 wk ahead,Bin,percent,3.8,3.9, 0.05094641466056547968177525831
Nevada,2 wk ahead,Bin,percent,3.9,4, 0.04932385084710829564746958908
Nevada,2 wk ahead,Bin,percent,4,4.1, 0.04489608343747555213587574485
Nevada,2 wk ahead,Bin,percent,4.1,4.2, 0.03838441970409899733907010955
Nevada,2 wk ahead,Bin,percent,4.2,4.3, 0.03079170449336112239113738553
Nevada,2 wk ahead,Bin,percent,4.3,4.4, 0.02315030184494935167061058223
Nevada,2 wk ahead,Bin,percent,4.4,4.5, 0.01629439585489316291710970575
Nevada,2 wk ahead,Bin,percent,4.5,4.6, 0.01072544993113395614403593470
Nevada,2 wk ahead,Bin,percent,4.6,4.7, 0.00659550169803268387935801798
Nevada,2 wk ahead,Bin,percent,4.7,4.8, 0.00378590432402279913545739554
Nevada,2 wk ahead,Bin,percent,4.8,4.9, 0.00202686645065888260477948712
Nevada,2 wk ahead,Bin,percent,4.9,5, 0.00101135135848463581648148946
Nevada,2 wk ahead,Bin,percent,5,5.1, 0.00047004707428018987613177471
Nevada,2 wk ahead,Bin,percent,5.1,5.2, 0.00024786908438356129030788466
Nevada,2 wk ahead,Bin,percent,5.2,5.3, 0.00023910010080412390275420020
Nevada,2 wk ahead,Bin,percent,5.3,5.4, 0.00023910010080412390275420020
Nevada,2 wk ahead,Bin,percent,5.4,5.5, 0.00023910010080412390275420020
Nevada,2 wk ahead,Bin,percent,5.5,5.6, 0.00023910010080412390275420020
Nevada,2 wk ahead,Bin,percent,5.6,5.7, 0.00023910010080412390275420020
Nevada,2 wk ahead,Bin,percent,5.7,5.8, 0.00023910010080412390275420020
Nevada,2 wk ahead,Bin,percent,5.8,5.9, 0.00023910010080412390275420020
Nevada,2 wk ahead,Bin,percent,5.9,6, 0.00023910010080412390275420020
Nevada,2 wk ahead,Bin,percent,6,6.1, 0.00023910010080412390275420020
Nevada,2 wk ahead,Bin,percent,6.1,6.2, 0.00023910010080412390275420020
Nevada,2 wk ahead,Bin,percent,6.2,6.3, 0.00023910010080412390275420020
Nevada,2 wk ahead,Bin,percent,6.3,6.4, 0.00023910010080412390275420020
Nevada,2 wk ahead,Bin,percent,6.4,6.5, 0.00023910010080412390275420020
Nevada,2 wk ahead,Bin,percent,6.5,6.6, 0.00023910010080412390275420020
Nevada,2 wk ahead,Bin,percent,6.6,6.7, 0.00023910010080412390275420020
Nevada,2 wk ahead,Bin,percent,6.7,6.8, 0.00023910010080412390275420020
Nevada,2 wk ahead,Bin,percent,6.8,6.9, 0.00023910010080412390275420020
Nevada,2 wk ahead,Bin,percent,6.9,7, 0.00023910010080412390275420020
Nevada,2 wk ahead,Bin,percent,7,7.1, 0.00023910010080412390275420020
Nevada,2 wk ahead,Bin,percent,7.1,7.2, 0.00023910010080412390275420020
Nevada,2 wk ahead,Bin,percent,7.2,7.3, 0.00023910010080412390275420020
Nevada,2 wk ahead,Bin,percent,7.3,7.4, 0.00023910010080412390275420020
Nevada,2 wk ahead,Bin,percent,7.4,7.5, 0.00023910010080412390275420020
Nevada,2 wk ahead,Bin,percent,7.5,7.6, 0.00023910010080412390275420020
Nevada,2 wk ahead,Bin,percent,7.6,7.7, 0.00023910010080412390275420020
Nevada,2 wk ahead,Bin,percent,7.7,7.8, 0.00023910010080412390275420020
Nevada,2 wk ahead,Bin,percent,7.8,7.9, 0.00023910010080412390275420020
Nevada,2 wk ahead,Bin,percent,7.9,8, 0.00023910010080412390275420020
Nevada,2 wk ahead,Bin,percent,8,8.1, 0.00023910010080412604405349086
Nevada,2 wk ahead,Bin,percent,8.1,8.2, 0.00023910010080412818535278152
Nevada,2 wk ahead,Bin,percent,8.2,8.3, 0.00023910010080412818535278152
Nevada,2 wk ahead,Bin,percent,8.3,8.4, 0.00023910010080412818535278152
Nevada,2 wk ahead,Bin,percent,8.4,8.5, 0.00023910010080412818535278152
Nevada,2 wk ahead,Bin,percent,8.5,8.6, 0.00023910010080412818535278152
Nevada,2 wk ahead,Bin,percent,8.6,8.7, 0.00023910010080412818535278152
Nevada,2 wk ahead,Bin,percent,8.7,8.8, 0.00023910010080412818535278152
Nevada,2 wk ahead,Bin,percent,8.8,8.9, 0.00023910010080412818535278152
Nevada,2 wk ahead,Bin,percent,8.9,9, 0.00023910010080412818535278152
Nevada,2 wk ahead,Bin,percent,9,9.1, 0.00023910010080412818535278152
Nevada,2 wk ahead,Bin,percent,9.1,9.2, 0.00023910010080412818535278152
Nevada,2 wk ahead,Bin,percent,9.2,9.3, 0.00023910010080412818535278152
Nevada,2 wk ahead,Bin,percent,9.3,9.4, 0.00023910010080412818535278152
Nevada,2 wk ahead,Bin,percent,9.4,9.5, 0.00023910010080412818535278152
Nevada,2 wk ahead,Bin,percent,9.5,9.6, 0.00023910010080412818535278152
Nevada,2 wk ahead,Bin,percent,9.6,9.7, 0.00023910010080412818535278152
Nevada,2 wk ahead,Bin,percent,9.7,9.8, 0.00023910010080412818535278152
Nevada,2 wk ahead,Bin,percent,9.8,9.9, 0.00023910010080412818535278152
Nevada,2 wk ahead,Bin,percent,9.9,10, 0.00023910010080412818535278152
Nevada,2 wk ahead,Bin,percent,10,10.1, 0.00023910010080412818535278152
Nevada,2 wk ahead,Bin,percent,10.1,10.2, 0.00023910010080412818535278152
Nevada,2 wk ahead,Bin,percent,10.2,10.3, 0.00023910010080412818535278152
Nevada,2 wk ahead,Bin,percent,10.3,10.4, 0.00023910010080412818535278152
Nevada,2 wk ahead,Bin,percent,10.4,10.5, 0.00023910010080412818535278152
Nevada,2 wk ahead,Bin,percent,10.5,10.6, 0.00023910010080412818535278152
Nevada,2 wk ahead,Bin,percent,10.6,10.7, 0.00023910010080412818535278152
Nevada,2 wk ahead,Bin,percent,10.7,10.8, 0.00023910010080412818535278152
Nevada,2 wk ahead,Bin,percent,10.8,10.9, 0.00023910010080412818535278152
Nevada,2 wk ahead,Bin,percent,10.9,11, 0.00023910010080412818535278152
Nevada,2 wk ahead,Bin,percent,11,11.1, 0.00023910010080412818535278152
Nevada,2 wk ahead,Bin,percent,11.1,11.2, 0.00023910010080412818535278152
Nevada,2 wk ahead,Bin,percent,11.2,11.3, 0.00023910010080412818535278152
Nevada,2 wk ahead,Bin,percent,11.3,11.4, 0.00023910010080412818535278152
Nevada,2 wk ahead,Bin,percent,11.4,11.5, 0.00023910010080412818535278152
Nevada,2 wk ahead,Bin,percent,11.5,11.6, 0.00023910010080412818535278152
Nevada,2 wk ahead,Bin,percent,11.6,11.7, 0.00023910010080412818535278152
Nevada,2 wk ahead,Bin,percent,11.7,11.8, 0.00023910010080412818535278152
Nevada,2 wk ahead,Bin,percent,11.8,11.9, 0.00023910010080412818535278152
Nevada,2 wk ahead,Bin,percent,11.9,12, 0.00023910010080412818535278152
Nevada,2 wk ahead,Bin,percent,12,12.1, 0.00023910010080412818535278152
Nevada,2 wk ahead,Bin,percent,12.1,12.2, 0.00023910010080412818535278152
Nevada,2 wk ahead,Bin,percent,12.2,12.3, 0.00023910010080412818535278152
Nevada,2 wk ahead,Bin,percent,12.3,12.4, 0.00023910010080412818535278152
Nevada,2 wk ahead,Bin,percent,12.4,12.5, 0.00023910010080412818535278152
Nevada,2 wk ahead,Bin,percent,12.5,12.6, 0.00023910010080412818535278152
Nevada,2 wk ahead,Bin,percent,12.6,12.7, 0.00023910010080412818535278152
Nevada,2 wk ahead,Bin,percent,12.7,12.8, 0.00023910010080412818535278152
Nevada,2 wk ahead,Bin,percent,12.8,12.9, 0.00023910010080412818535278152
Nevada,2 wk ahead,Bin,percent,12.9,13, 0.00023910010080412818535278152
Nevada,2 wk ahead,Bin,percent,13,100, 0.00023910010080412818535278152
Nevada,3 wk ahead,Bin,percent,0,0.1, 0.00012408624169152796088040625
Nevada,3 wk ahead,Bin,percent,0.1,0.2, 0.00024817248338305597597092111
Nevada,3 wk ahead,Bin,percent,0.2,0.3, 0.00024817248338305586755070387
Nevada,3 wk ahead,Bin,percent,0.3,0.4, 0.00024817248338305586755070387
Nevada,3 wk ahead,Bin,percent,0.4,0.5, 0.00024817248338305586755070387
Nevada,3 wk ahead,Bin,percent,0.5,0.6, 0.00024817248338305603018102974
Nevada,3 wk ahead,Bin,percent,0.6,0.7, 0.00024817248338305608439113836
Nevada,3 wk ahead,Bin,percent,0.7,0.8, 0.00024817248338305608439113836
Nevada,3 wk ahead,Bin,percent,0.8,0.9, 0.00032095328673903259809885302
Nevada,3 wk ahead,Bin,percent,0.9,1, 0.00068362003901152915922440068
Nevada,3 wk ahead,Bin,percent,1,1.1, 0.00138240824971508791813024075
Nevada,3 wk ahead,Bin,percent,1.1,1.2, 0.00261238085990971643374214395
Nevada,3 wk ahead,Bin,percent,1.2,1.3, 0.00462191331945670941250270403
Nevada,3 wk ahead,Bin,percent,1.3,1.4, 0.00767360296145686709978761542
Nevada,3 wk ahead,Bin,percent,1.4,1.5, 0.01198610196200605194916111174
Nevada,3 wk ahead,Bin,percent,1.5,1.6, 0.01766371414466058956116434331
Nevada,3 wk ahead,Bin,percent,1.6,1.7, 0.02462634712692697569469402197
Nevada,3 wk ahead,Bin,percent,1.7,1.8, 0.03256117513258074969151323330
Nevada,3 wk ahead,Bin,percent,1.8,1.9, 0.04090476267618501499123695453
Nevada,3 wk ahead,Bin,percent,1.9,2, 0.04887057450395534269338426725
Nevada,3 wk ahead,Bin,percent,2,2.1, 0.05553485303120658800324349613
Nevada,3 wk ahead,Bin,percent,2.1,2.2, 0.05999079808194362345430405981
Nevada,3 wk ahead,Bin,percent,2.2,2.3, 0.06155962341627547323996694217
Nevada,3 wk ahead,Bin,percent,2.3,2.4, 0.06000623409510248001952348318
Nevada,3 wk ahead,Bin,percent,2.4,2.5, 0.05566395579548655964119419082
Nevada,3 wk ahead,Bin,percent,2.5,2.6, 0.04939198191027837497868446803
Nevada,3 wk ahead,Bin,percent,2.6,2.7, 0.04234587648699350559411413997
Nevada,3 wk ahead,Bin,percent,2.7,2.8, 0.03563622719893548562719587380
Nevada,3 wk ahead,Bin,percent,2.8,2.9, 0.03001980588676838451744899317
Nevada,3 wk ahead,Bin,percent,2.9,3, 0.02575458754928639654169231221
Nevada,3 wk ahead,Bin,percent,3,3.1, 0.02266739837773679849819430387
Nevada,3 wk ahead,Bin,percent,3.1,3.2, 0.02038286204883362276452096751
Nevada,3 wk ahead,Bin,percent,3.2,3.3, 0.01858383105346132421753502229
Nevada,3 wk ahead,Bin,percent,3.3,3.4, 0.01717819190864004058605374325
Nevada,3 wk ahead,Bin,percent,3.4,3.5, 0.01630509752721382224494028890
Nevada,3 wk ahead,Bin,percent,3.5,3.6, 0.01619705657861150033260955183
Nevada,3 wk ahead,Bin,percent,3.6,3.7, 0.01698012926335378328102088119
Nevada,3 wk ahead,Bin,percent,3.7,3.8, 0.01851750061134477265412101588
Nevada,3 wk ahead,Bin,percent,3.8,3.9, 0.02037525419592580225303102281
Nevada,3 wk ahead,Bin,percent,3.9,4, 0.02192891817670888573998944082
Nevada,3 wk ahead,Bin,percent,4,4.1, 0.02256695358887129271296956290
Nevada,3 wk ahead,Bin,percent,4.1,4.2, 0.02190128045699555464631558266
Nevada,3 wk ahead,Bin,percent,4.2,4.3, 0.01989183694367301427630145838
Nevada,3 wk ahead,Bin,percent,4.3,4.4, 0.01684053081863620682234738979
Nevada,3 wk ahead,Bin,percent,4.4,4.5, 0.01326216489099836699783185878
Nevada,3 wk ahead,Bin,percent,4.5,4.6, 0.00970509925238675387471065648
Nevada,3 wk ahead,Bin,percent,4.6,4.7, 0.00659614646015977811738251191
Nevada,3 wk ahead,Bin,percent,4.7,4.8, 0.00416260361309448920219544732
Nevada,3 wk ahead,Bin,percent,4.8,4.9, 0.00243878757935546723253916745
Nevada,3 wk ahead,Bin,percent,4.9,5, 0.00132641902422853986964756956
Nevada,3 wk ahead,Bin,percent,5,5.1, 0.00066968762901466259533644898
Nevada,3 wk ahead,Bin,percent,5.1,5.2, 0.00031912366682221743894101729
Nevada,3 wk ahead,Bin,percent,5.2,5.3, 0.00024721943029974279698590678
Nevada,3 wk ahead,Bin,percent,5.3,5.4, 0.00024721943029974279698590678
Nevada,3 wk ahead,Bin,percent,5.4,5.5, 0.00024721943029974279698590678
Nevada,3 wk ahead,Bin,percent,5.5,5.6, 0.00024721943029974279698590678
Nevada,3 wk ahead,Bin,percent,5.6,5.7, 0.00024721943029974279698590678
Nevada,3 wk ahead,Bin,percent,5.7,5.8, 0.00024721943029974279698590678
Nevada,3 wk ahead,Bin,percent,5.8,5.9, 0.00024721943029974279698590678
Nevada,3 wk ahead,Bin,percent,5.9,6, 0.00024721943029974279698590678
Nevada,3 wk ahead,Bin,percent,6,6.1, 0.00024721943029974279698590678
Nevada,3 wk ahead,Bin,percent,6.1,6.2, 0.00024721943029974279698590678
Nevada,3 wk ahead,Bin,percent,6.2,6.3, 0.00024721943029974279698590678
Nevada,3 wk ahead,Bin,percent,6.3,6.4, 0.00024721943029974279698590678
Nevada,3 wk ahead,Bin,percent,6.4,6.5, 0.00024721943029974279698590678
Nevada,3 wk ahead,Bin,percent,6.5,6.6, 0.00024721943029974279698590678
Nevada,3 wk ahead,Bin,percent,6.6,6.7, 0.00024721943029974279698590678
Nevada,3 wk ahead,Bin,percent,6.7,6.8, 0.00024721943029974279698590678
Nevada,3 wk ahead,Bin,percent,6.8,6.9, 0.00024721943029974279698590678
Nevada,3 wk ahead,Bin,percent,6.9,7, 0.00024721943029974279698590678
Nevada,3 wk ahead,Bin,percent,7,7.1, 0.00024721943029974279698590678
Nevada,3 wk ahead,Bin,percent,7.1,7.2, 0.00024721943029974279698590678
Nevada,3 wk ahead,Bin,percent,7.2,7.3, 0.00024721943029974279698590678
Nevada,3 wk ahead,Bin,percent,7.3,7.4, 0.00024721943029974279698590678
Nevada,3 wk ahead,Bin,percent,7.4,7.5, 0.00024721943029974279698590678
Nevada,3 wk ahead,Bin,percent,7.5,7.6, 0.00024721943029974279698590678
Nevada,3 wk ahead,Bin,percent,7.6,7.7, 0.00024721943029974279698590678
Nevada,3 wk ahead,Bin,percent,7.7,7.8, 0.00024721943029974279698590678
Nevada,3 wk ahead,Bin,percent,7.8,7.9, 0.00024721943029974279698590678
Nevada,3 wk ahead,Bin,percent,7.9,8, 0.00024721943029974279698590678
Nevada,3 wk ahead,Bin,percent,8,8.1, 0.00024721943029974501960036037
Nevada,3 wk ahead,Bin,percent,8.1,8.2, 0.00024721943029974718800470534
Nevada,3 wk ahead,Bin,percent,8.2,8.3, 0.00024721943029974718800470534
Nevada,3 wk ahead,Bin,percent,8.3,8.4, 0.00024721943029974718800470534
Nevada,3 wk ahead,Bin,percent,8.4,8.5, 0.00024721943029974718800470534
Nevada,3 wk ahead,Bin,percent,8.5,8.6, 0.00024721943029974718800470534
Nevada,3 wk ahead,Bin,percent,8.6,8.7, 0.00024721943029974718800470534
Nevada,3 wk ahead,Bin,percent,8.7,8.8, 0.00024721943029974718800470534
Nevada,3 wk ahead,Bin,percent,8.8,8.9, 0.00024721943029974718800470534
Nevada,3 wk ahead,Bin,percent,8.9,9, 0.00024721943029974718800470534
Nevada,3 wk ahead,Bin,percent,9,9.1, 0.00024721943029974718800470534
Nevada,3 wk ahead,Bin,percent,9.1,9.2, 0.00024721943029974718800470534
Nevada,3 wk ahead,Bin,percent,9.2,9.3, 0.00024721943029974718800470534
Nevada,3 wk ahead,Bin,percent,9.3,9.4, 0.00024721943029974718800470534
Nevada,3 wk ahead,Bin,percent,9.4,9.5, 0.00024721943029974718800470534
Nevada,3 wk ahead,Bin,percent,9.5,9.6, 0.00024721943029974718800470534
Nevada,3 wk ahead,Bin,percent,9.6,9.7, 0.00024721943029974718800470534
Nevada,3 wk ahead,Bin,percent,9.7,9.8, 0.00024721943029974718800470534
Nevada,3 wk ahead,Bin,percent,9.8,9.9, 0.00024721943029974718800470534
Nevada,3 wk ahead,Bin,percent,9.9,10, 0.00024721943029974718800470534
Nevada,3 wk ahead,Bin,percent,10,10.1, 0.00024721943029974718800470534
Nevada,3 wk ahead,Bin,percent,10.1,10.2, 0.00024721943029974718800470534
Nevada,3 wk ahead,Bin,percent,10.2,10.3, 0.00024721943029974718800470534
Nevada,3 wk ahead,Bin,percent,10.3,10.4, 0.00024721943029974718800470534
Nevada,3 wk ahead,Bin,percent,10.4,10.5, 0.00024721943029974718800470534
Nevada,3 wk ahead,Bin,percent,10.5,10.6, 0.00024721943029974718800470534
Nevada,3 wk ahead,Bin,percent,10.6,10.7, 0.00024721943029974718800470534
Nevada,3 wk ahead,Bin,percent,10.7,10.8, 0.00024721943029974718800470534
Nevada,3 wk ahead,Bin,percent,10.8,10.9, 0.00024721943029974718800470534
Nevada,3 wk ahead,Bin,percent,10.9,11, 0.00024721943029974718800470534
Nevada,3 wk ahead,Bin,percent,11,11.1, 0.00024721943029974718800470534
Nevada,3 wk ahead,Bin,percent,11.1,11.2, 0.00024721943029974718800470534
Nevada,3 wk ahead,Bin,percent,11.2,11.3, 0.00024721943029974718800470534
Nevada,3 wk ahead,Bin,percent,11.3,11.4, 0.00024721943029974718800470534
Nevada,3 wk ahead,Bin,percent,11.4,11.5, 0.00024721943029974718800470534
Nevada,3 wk ahead,Bin,percent,11.5,11.6, 0.00024721943029974718800470534
Nevada,3 wk ahead,Bin,percent,11.6,11.7, 0.00024721943029974718800470534
Nevada,3 wk ahead,Bin,percent,11.7,11.8, 0.00024721943029974718800470534
Nevada,3 wk ahead,Bin,percent,11.8,11.9, 0.00024721943029974718800470534
Nevada,3 wk ahead,Bin,percent,11.9,12, 0.00024721943029974718800470534
Nevada,3 wk ahead,Bin,percent,12,12.1, 0.00024721943029974718800470534
Nevada,3 wk ahead,Bin,percent,12.1,12.2, 0.00024721943029974718800470534
Nevada,3 wk ahead,Bin,percent,12.2,12.3, 0.00024721943029974718800470534
Nevada,3 wk ahead,Bin,percent,12.3,12.4, 0.00024721943029974718800470534
Nevada,3 wk ahead,Bin,percent,12.4,12.5, 0.00024721943029974718800470534
Nevada,3 wk ahead,Bin,percent,12.5,12.6, 0.00024721943029974718800470534
Nevada,3 wk ahead,Bin,percent,12.6,12.7, 0.00024721943029974718800470534
Nevada,3 wk ahead,Bin,percent,12.7,12.8, 0.00024721943029974718800470534
Nevada,3 wk ahead,Bin,percent,12.8,12.9, 0.00024721943029974718800470534
Nevada,3 wk ahead,Bin,percent,12.9,13, 0.00024721943029974718800470534
Nevada,3 wk ahead,Bin,percent,13,100, 0.00024721943029974718800470534
Nevada,4 wk ahead,Bin,percent,0,0.1, 0.00019278290892709687540280961
Nevada,4 wk ahead,Bin,percent,0.1,0.2, 0.00038556581785419380501572784
Nevada,4 wk ahead,Bin,percent,0.2,0.3, 0.00038556581785419364238540196
Nevada,4 wk ahead,Bin,percent,0.3,0.4, 0.00038556581785419364238540196
Nevada,4 wk ahead,Bin,percent,0.4,0.5, 0.00038556581785419364238540196
Nevada,4 wk ahead,Bin,percent,0.5,0.6, 0.00038556581785419391343594508
Nevada,4 wk ahead,Bin,percent,0.6,0.7, 0.00038556581785419402185616233
Nevada,4 wk ahead,Bin,percent,0.7,0.8, 0.00038556581785419402185616233
Nevada,4 wk ahead,Bin,percent,0.8,0.9, 0.00038556581785419402185616233
Nevada,4 wk ahead,Bin,percent,0.9,1, 0.00038556581785419402185616233
Nevada,4 wk ahead,Bin,percent,1,1.1, 0.00060968551999670422564953087
Nevada,4 wk ahead,Bin,percent,1.1,1.2, 0.00142781628942206849711138439
Nevada,4 wk ahead,Bin,percent,1.2,1.3, 0.00302924506658854703067262903
Nevada,4 wk ahead,Bin,percent,1.3,1.4, 0.00582464605344537502545909646
Nevada,4 wk ahead,Bin,percent,1.4,1.5, 0.01015999100587583123256329998
Nevada,4 wk ahead,Bin,percent,1.5,1.6, 0.01610960267250061486721257609
Nevada,4 wk ahead,Bin,percent,1.6,1.7, 0.02329066807234505404045066257
Nevada,4 wk ahead,Bin,percent,1.7,1.8, 0.03085353182104884350867024523
Nevada,4 wk ahead,Bin,percent,1.8,1.9, 0.03773062219840887104860271961
Nevada,4 wk ahead,Bin,percent,1.9,2, 0.04305975052034780731213814420
Nevada,4 wk ahead,Bin,percent,2,2.1, 0.04652346169484573856767184452
Nevada,4 wk ahead,Bin,percent,2.1,2.2, 0.04836130471414186449141681123
Nevada,4 wk ahead,Bin,percent,2.2,2.3, 0.04903294946496646045108747103
Nevada,4 wk ahead,Bin,percent,2.3,2.4, 0.04877986064470103688694990751
Nevada,4 wk ahead,Bin,percent,2.4,2.5, 0.04742003126136019180991709732
Nevada,4 wk ahead,Bin,percent,2.5,2.6, 0.04452991664468090859951843186
Nevada,4 wk ahead,Bin,percent,2.6,2.7, 0.03987899168511731262665165332
Nevada,4 wk ahead,Bin,percent,2.7,2.8, 0.03380480219541027314678061089
Nevada,4 wk ahead,Bin,percent,2.8,2.9, 0.02729303125304011548579730118
Nevada,4 wk ahead,Bin,percent,2.9,3, 0.02173031661051864904532493483
Nevada,4 wk ahead,Bin,percent,3,3.1, 0.01847826681510938984231984250
Nevada,4 wk ahead,Bin,percent,3.1,3.2, 0.01845371232072590475525863951
Nevada,4 wk ahead,Bin,percent,3.2,3.3, 0.02182707536446749571612535590
Nevada,4 wk ahead,Bin,percent,3.3,3.4, 0.02787951092760228982703196721
Nevada,4 wk ahead,Bin,percent,3.4,3.5, 0.03507439949759792036099170787
Nevada,4 wk ahead,Bin,percent,3.5,3.6, 0.04140059522197139102450691439
Nevada,4 wk ahead,Bin,percent,3.6,3.7, 0.04495616981795299421653666627
Nevada,4 wk ahead,Bin,percent,3.7,3.8, 0.04458700004585024190273401246
Nevada,4 wk ahead,Bin,percent,3.8,3.9, 0.04028355968553445215496466858
Nevada,4 wk ahead,Bin,percent,3.9,4, 0.03311971789099630442132493613
Nevada,4 wk ahead,Bin,percent,4,4.1, 0.02476765486574125652019517929
Nevada,4 wk ahead,Bin,percent,4.1,4.2, 0.01684049433024031178218749005
Nevada,4 wk ahead,Bin,percent,4.2,4.3, 0.01040744746923172661667855721
Nevada,4 wk ahead,Bin,percent,4.3,4.4, 0.00584362633900729986496935808
Nevada,4 wk ahead,Bin,percent,4.4,4.5, 0.00298062577438022377473991753
Nevada,4 wk ahead,Bin,percent,4.5,4.6, 0.00138028320961437137720517754
Nevada,4 wk ahead,Bin,percent,4.6,4.7, 0.00058012599917952071756910293
Nevada,4 wk ahead,Bin,percent,4.7,4.8, 0.00033405541919037483452811776
Nevada,4 wk ahead,Bin,percent,4.8,4.9, 0.00033364552225577268030828892
Nevada,4 wk ahead,Bin,percent,4.9,5, 0.00033364552225577268030828892
Nevada,4 wk ahead,Bin,percent,5,5.1, 0.00033364552225577268030828892
Nevada,4 wk ahead,Bin,percent,5.1,5.2, 0.00033364552225577268030828892
Nevada,4 wk ahead,Bin,percent,5.2,5.3, 0.00033364552225577268030828892
Nevada,4 wk ahead,Bin,percent,5.3,5.4, 0.00033364552225577268030828892
Nevada,4 wk ahead,Bin,percent,5.4,5.5, 0.00033364552225577268030828892
Nevada,4 wk ahead,Bin,percent,5.5,5.6, 0.00033364552225577268030828892
Nevada,4 wk ahead,Bin,percent,5.6,5.7, 0.00033364552225577268030828892
Nevada,4 wk ahead,Bin,percent,5.7,5.8, 0.00033364552225577268030828892
Nevada,4 wk ahead,Bin,percent,5.8,5.9, 0.00033364552225577268030828892
Nevada,4 wk ahead,Bin,percent,5.9,6, 0.00033364552225577268030828892
Nevada,4 wk ahead,Bin,percent,6,6.1, 0.00033364552225577268030828892
Nevada,4 wk ahead,Bin,percent,6.1,6.2, 0.00033364552225577268030828892
Nevada,4 wk ahead,Bin,percent,6.2,6.3, 0.00033364552225577268030828892
Nevada,4 wk ahead,Bin,percent,6.3,6.4, 0.00033364552225577268030828892
Nevada,4 wk ahead,Bin,percent,6.4,6.5, 0.00033364552225577268030828892
Nevada,4 wk ahead,Bin,percent,6.5,6.6, 0.00033364552225577268030828892
Nevada,4 wk ahead,Bin,percent,6.6,6.7, 0.00033364552225577268030828892
Nevada,4 wk ahead,Bin,percent,6.7,6.8, 0.00033364552225577268030828892
Nevada,4 wk ahead,Bin,percent,6.8,6.9, 0.00033364552225577268030828892
Nevada,4 wk ahead,Bin,percent,6.9,7, 0.00033364552225577268030828892
Nevada,4 wk ahead,Bin,percent,7,7.1, 0.00033364552225577268030828892
Nevada,4 wk ahead,Bin,percent,7.1,7.2, 0.00033364552225577268030828892
Nevada,4 wk ahead,Bin,percent,7.2,7.3, 0.00033364552225577268030828892
Nevada,4 wk ahead,Bin,percent,7.3,7.4, 0.00033364552225577268030828892
Nevada,4 wk ahead,Bin,percent,7.4,7.5, 0.00033364552225577268030828892
Nevada,4 wk ahead,Bin,percent,7.5,7.6, 0.00033364552225577268030828892
Nevada,4 wk ahead,Bin,percent,7.6,7.7, 0.00033364552225577268030828892
Nevada,4 wk ahead,Bin,percent,7.7,7.8, 0.00033364552225577268030828892
Nevada,4 wk ahead,Bin,percent,7.8,7.9, 0.00033364552225577268030828892
Nevada,4 wk ahead,Bin,percent,7.9,8, 0.00033364552225577268030828892
Nevada,4 wk ahead,Bin,percent,8,8.1, 0.00033364552225577560765415464
Nevada,4 wk ahead,Bin,percent,8.1,8.2, 0.00033364552225577858921012897
Nevada,4 wk ahead,Bin,percent,8.2,8.3, 0.00033364552225577858921012897
Nevada,4 wk ahead,Bin,percent,8.3,8.4, 0.00033364552225577858921012897
Nevada,4 wk ahead,Bin,percent,8.4,8.5, 0.00033364552225577858921012897
Nevada,4 wk ahead,Bin,percent,8.5,8.6, 0.00033364552225577858921012897
Nevada,4 wk ahead,Bin,percent,8.6,8.7, 0.00033364552225577858921012897
Nevada,4 wk ahead,Bin,percent,8.7,8.8, 0.00033364552225577858921012897
Nevada,4 wk ahead,Bin,percent,8.8,8.9, 0.00033364552225577858921012897
Nevada,4 wk ahead,Bin,percent,8.9,9, 0.00033364552225577858921012897
Nevada,4 wk ahead,Bin,percent,9,9.1, 0.00033364552225577858921012897
Nevada,4 wk ahead,Bin,percent,9.1,9.2, 0.00033364552225577858921012897
Nevada,4 wk ahead,Bin,percent,9.2,9.3, 0.00033364552225577858921012897
Nevada,4 wk ahead,Bin,percent,9.3,9.4, 0.00033364552225577858921012897
Nevada,4 wk ahead,Bin,percent,9.4,9.5, 0.00033364552225577858921012897
Nevada,4 wk ahead,Bin,percent,9.5,9.6, 0.00033364552225577858921012897
Nevada,4 wk ahead,Bin,percent,9.6,9.7, 0.00033364552225577858921012897
Nevada,4 wk ahead,Bin,percent,9.7,9.8, 0.00033364552225577858921012897
Nevada,4 wk ahead,Bin,percent,9.8,9.9, 0.00033364552225577858921012897
Nevada,4 wk ahead,Bin,percent,9.9,10, 0.00033364552225577858921012897
Nevada,4 wk ahead,Bin,percent,10,10.1, 0.00033364552225577858921012897
Nevada,4 wk ahead,Bin,percent,10.1,10.2, 0.00033364552225577858921012897
Nevada,4 wk ahead,Bin,percent,10.2,10.3, 0.00033364552225577858921012897
Nevada,4 wk ahead,Bin,percent,10.3,10.4, 0.00033364552225577858921012897
Nevada,4 wk ahead,Bin,percent,10.4,10.5, 0.00033364552225577858921012897
Nevada,4 wk ahead,Bin,percent,10.5,10.6, 0.00033364552225577858921012897
Nevada,4 wk ahead,Bin,percent,10.6,10.7, 0.00033364552225577858921012897
Nevada,4 wk ahead,Bin,percent,10.7,10.8, 0.00033364552225577858921012897
Nevada,4 wk ahead,Bin,percent,10.8,10.9, 0.00033364552225577858921012897
Nevada,4 wk ahead,Bin,percent,10.9,11, 0.00033364552225577858921012897
Nevada,4 wk ahead,Bin,percent,11,11.1, 0.00033364552225577858921012897
Nevada,4 wk ahead,Bin,percent,11.1,11.2, 0.00033364552225577858921012897
Nevada,4 wk ahead,Bin,percent,11.2,11.3, 0.00033364552225577858921012897
Nevada,4 wk ahead,Bin,percent,11.3,11.4, 0.00033364552225577858921012897
Nevada,4 wk ahead,Bin,percent,11.4,11.5, 0.00033364552225577858921012897
Nevada,4 wk ahead,Bin,percent,11.5,11.6, 0.00033364552225577858921012897
Nevada,4 wk ahead,Bin,percent,11.6,11.7, 0.00033364552225577858921012897
Nevada,4 wk ahead,Bin,percent,11.7,11.8, 0.00033364552225577858921012897
Nevada,4 wk ahead,Bin,percent,11.8,11.9, 0.00033364552225577858921012897
Nevada,4 wk ahead,Bin,percent,11.9,12, 0.00033364552225577858921012897
Nevada,4 wk ahead,Bin,percent,12,12.1, 0.00033364552225577858921012897
Nevada,4 wk ahead,Bin,percent,12.1,12.2, 0.00033364552225577858921012897
Nevada,4 wk ahead,Bin,percent,12.2,12.3, 0.00033364552225577858921012897
Nevada,4 wk ahead,Bin,percent,12.3,12.4, 0.00033364552225577858921012897
Nevada,4 wk ahead,Bin,percent,12.4,12.5, 0.00033364552225577858921012897
Nevada,4 wk ahead,Bin,percent,12.5,12.6, 0.00033364552225577858921012897
Nevada,4 wk ahead,Bin,percent,12.6,12.7, 0.00033364552225577858921012897
Nevada,4 wk ahead,Bin,percent,12.7,12.8, 0.00033364552225577858921012897
Nevada,4 wk ahead,Bin,percent,12.8,12.9, 0.00033364552225577858921012897
Nevada,4 wk ahead,Bin,percent,12.9,13, 0.00033364552225577858921012897
Nevada,4 wk ahead,Bin,percent,13,100, 0.00033364552225577858921012897
New Mexico,Season peak week,Bin,week,40,41, 0.00152758874328706045243875256
New Mexico,Season peak week,Bin,week,41,42, 0.00152758874328706045243875256
New Mexico,Season peak week,Bin,week,42,43, 0.00152758874328706045243875256
New Mexico,Season peak week,Bin,week,43,44, 0.00152758874328706045243875256
New Mexico,Season peak week,Bin,week,44,45, 0.00152758874328706045243875256
New Mexico,Season peak week,Bin,week,45,46, 0.00152758874328706045243875256
New Mexico,Season peak week,Bin,week,46,47, 0.00152758874328706045243875256
New Mexico,Season peak week,Bin,week,47,48, 0.00152758874328706045243875256
New Mexico,Season peak week,Bin,week,48,49, 0.00170230311828252121007787334
New Mexico,Season peak week,Bin,week,49,50, 0.00922927718955684865675959117
New Mexico,Season peak week,Bin,week,50,51, 0.04285646043362086737849026008
New Mexico,Season peak week,Bin,week,51,52, 0.11265936879007537596564247906
New Mexico,Season peak week,Bin,week,52,53, 0.17074886857399246276045801096
New Mexico,Season peak week,Bin,week,1,2, 0.15223736370254617455977097507
New Mexico,Season peak week,Bin,week,2,3, 0.08118118285428271851955628335
New Mexico,Season peak week,Bin,week,3,4, 0.02652779542487397265726478679
New Mexico,Season peak week,Bin,week,4,5, 0.00943372047154562853865655825
New Mexico,Season peak week,Bin,week,5,6, 0.02084070093492625466713441540
New Mexico,Season peak week,Bin,week,6,7, 0.05217157352202953651820749315
New Mexico,Season peak week,Bin,week,7,8, 0.08125096114736586605520329840
New Mexico,Season peak week,Bin,week,8,9, 0.08720620651494205566311990196
New Mexico,Season peak week,Bin,week,9,10, 0.07188043173030089771913253571
New Mexico,Season peak week,Bin,week,10,11, 0.04306912669275680255465132973
New Mexico,Season peak week,Bin,week,11,12, 0.01632258614869978169403808010
New Mexico,Season peak week,Bin,week,12,13, 0.00357819734256972473221414255
New Mexico,Season peak week,Bin,week,13,14, 0.00067013273573775602488800107
New Mexico,Season peak week,Bin,week,14,15, 0.00060186181794261877676943673
New Mexico,Season peak week,Bin,week,15,16, 0.00060186181794261877676943673
New Mexico,Season peak week,Bin,week,16,17, 0.00060186181794261877676943673
New Mexico,Season peak week,Bin,week,17,18, 0.00060186181794261877676943673
New Mexico,Season peak week,Bin,week,18,19, 0.00060186181794261877676943673
New Mexico,Season peak week,Bin,week,19,20, 0.00060186181794261877676943673
New Mexico,Season peak week,Bin,week,20,21, 0.00060186181794261877676943673
New Mexico,Season peak percentage,Bin,percent,0,0.1, 0.00028041055452402146187101950
New Mexico,Season peak percentage,Bin,percent,0.1,0.2, 0.00056082110904804303216225625
New Mexico,Season peak percentage,Bin,percent,0.2,0.3, 0.00056082110904804292374203900
New Mexico,Season peak percentage,Bin,percent,0.3,0.4, 0.00056082110904804292374203900
New Mexico,Season peak percentage,Bin,percent,0.4,0.5, 0.00056082110904804292374203900
New Mexico,Season peak percentage,Bin,percent,0.5,0.6, 0.00056082110904804314058247350
New Mexico,Season peak percentage,Bin,percent,0.6,0.7, 0.00056082110904804357426334249
New Mexico,Season peak percentage,Bin,percent,0.7,0.8, 0.00056082110904804357426334249
New Mexico,Season peak percentage,Bin,percent,0.8,0.9, 0.00056082110904804357426334249
New Mexico,Season peak percentage,Bin,percent,0.9,1, 0.00056082110904804357426334249
New Mexico,Season peak percentage,Bin,percent,1,1.1, 0.00056082110904804357426334249
New Mexico,Season peak percentage,Bin,percent,1.1,1.2, 0.00056082110904804357426334249
New Mexico,Season peak percentage,Bin,percent,1.2,1.3, 0.00056082110904804357426334249
New Mexico,Season peak percentage,Bin,percent,1.3,1.4, 0.00056082110904804357426334249
New Mexico,Season peak percentage,Bin,percent,1.4,1.5, 0.00056082110904804357426334249
New Mexico,Season peak percentage,Bin,percent,1.5,1.6, 0.00056082110904804357426334249
New Mexico,Season peak percentage,Bin,percent,1.6,1.7, 0.00056082110904804357426334249
New Mexico,Season peak percentage,Bin,percent,1.7,1.8, 0.00056082110904804357426334249
New Mexico,Season peak percentage,Bin,percent,1.8,1.9, 0.00056082110904804357426334249
New Mexico,Season peak percentage,Bin,percent,1.9,2, 0.00056082110904804357426334249
New Mexico,Season peak percentage,Bin,percent,2,2.1, 0.00056082110904804227322073551
New Mexico,Season peak percentage,Bin,percent,2.1,2.2, 0.00056082110904804097217812853
New Mexico,Season peak percentage,Bin,percent,2.2,2.3, 0.00056082110904804097217812853
New Mexico,Season peak percentage,Bin,percent,2.3,2.4, 0.00056082110904804097217812853
New Mexico,Season peak percentage,Bin,percent,2.4,2.5, 0.00056082110904804097217812853
New Mexico,Season peak percentage,Bin,percent,2.5,2.6, 0.00056082110904804097217812853
New Mexico,Season peak percentage,Bin,percent,2.6,2.7, 0.00056082110904804097217812853
New Mexico,Season peak percentage,Bin,percent,2.7,2.8, 0.00056082110904804097217812853
New Mexico,Season peak percentage,Bin,percent,2.8,2.9, 0.00056082110904804097217812853
New Mexico,Season peak percentage,Bin,percent,2.9,3, 0.00056082110904804097217812853
New Mexico,Season peak percentage,Bin,percent,3,3.1, 0.00056082110904804097217812853
New Mexico,Season peak percentage,Bin,percent,3.1,3.2, 0.00056082110904804097217812853
New Mexico,Season peak percentage,Bin,percent,3.2,3.3, 0.00056082110904804097217812853
New Mexico,Season peak percentage,Bin,percent,3.3,3.4, 0.00068797203490213729767249751
New Mexico,Season peak percentage,Bin,percent,3.4,3.5, 0.00380182848505849482409479911
New Mexico,Season peak percentage,Bin,percent,3.5,3.6, 0.01564018036782210616109090040
New Mexico,Season peak percentage,Bin,percent,3.6,3.7, 0.03651278673255473755654421097
New Mexico,Season peak percentage,Bin,percent,3.7,3.8, 0.04842750201551763999940902750
New Mexico,Season peak percentage,Bin,percent,3.8,3.9, 0.03651417987844884915915599777
New Mexico,Season peak percentage,Bin,percent,3.9,4, 0.01564160438542119488380954806
New Mexico,Season peak percentage,Bin,percent,4,4.1, 0.00380132899750736238594917005
New Mexico,Season peak percentage,Bin,percent,4.1,4.2, 0.00052349470903387902622622141
New Mexico,Season peak percentage,Bin,percent,4.2,4.3, 0.00004065821780997976503174360
New Mexico,Season peak percentage,Bin,percent,4.3,4.4, 0.00000178056610345977108569035
New Mexico,Season peak percentage,Bin,percent,4.4,4.5, 0.00000004383930298658137053624
New Mexico,Season peak percentage,Bin,percent,4.5,4.6, 0.00000000060353194254662827682
New Mexico,Season peak percentage,Bin,percent,4.6,4.7, 0.00000000000467395607607042115
New Mexico,Season peak percentage,Bin,percent,4.7,4.8, 0.00000000000001992012062821429
New Mexico,Season peak percentage,Bin,percent,4.8,4.9, 0.00000000000000004773036590708
New Mexico,Season peak percentage,Bin,percent,4.9,5, 0.00000000000000000175685582054
New Mexico,Season peak percentage,Bin,percent,5,5.1, 0.00000000000000000222301840292
New Mexico,Season peak percentage,Bin,percent,5.1,5.2, 0.00000000000000000345875287290
New Mexico,Season peak percentage,Bin,percent,5.2,5.3, 0.00000000000000000564475890959
New Mexico,Season peak percentage,Bin,percent,5.3,5.4, 0.00000000000000006222193991602
New Mexico,Season peak percentage,Bin,percent,5.4,5.5, 0.00000000000002587922660376778
New Mexico,Season peak percentage,Bin,percent,5.5,5.6, 0.00000000000602750256644341613
New Mexico,Season peak percentage,Bin,percent,5.6,5.7, 0.00000000077616929448486570630
New Mexico,Season peak percentage,Bin,percent,5.7,5.8, 0.00000005643520526903803711476
New Mexico,Season peak percentage,Bin,percent,5.8,5.9, 0.00000230991723969661521252174
New Mexico,Season peak percentage,Bin,percent,5.9,6, 0.00005341584739391870941590396
New Mexico,Season peak percentage,Bin,percent,6,6.1, 0.00070546530924965513559277142
New Mexico,Season peak percentage,Bin,percent,6.1,6.2, 0.00536586233980186361886000057
New Mexico,Season peak percentage,Bin,percent,6.2,6.3, 0.02390043428866276201127938350
New Mexico,Season peak percentage,Bin,percent,6.3,6.4, 0.06362574088665003124720698224
New Mexico,Season peak percentage,Bin,percent,6.4,6.5, 0.10509219847154600835370530376
New Mexico,Season peak percentage,Bin,percent,6.5,6.6, 0.11650363166640460843570537008
New Mexico,Season peak percentage,Bin,percent,6.6,6.7, 0.10091719698252517301018116314
New Mexico,Season peak percentage,Bin,percent,6.7,6.8, 0.07736618541529517723009945485
New Mexico,Season peak percentage,Bin,percent,6.8,6.9, 0.05121756371632434079455009623
New Mexico,Season peak percentage,Bin,percent,6.9,7, 0.03928354587095585909173323103
New Mexico,Season peak percentage,Bin,percent,7,7.1, 0.05329518470772352106701319485
New Mexico,Season peak percentage,Bin,percent,7.1,7.2, 0.06551590189652678475340508157
New Mexico,Season peak percentage,Bin,percent,7.2,7.3, 0.04899537473921878466542878527
New Mexico,Season peak percentage,Bin,percent,7.3,7.4, 0.02096939342160531252745592212
New Mexico,Season peak percentage,Bin,percent,7.4,7.5, 0.00509681957180055811990060377
New Mexico,Season peak percentage,Bin,percent,7.5,7.6, 0.00092230324591971392291650522
New Mexico,Season peak percentage,Bin,percent,7.6,7.7, 0.00075184304738104372738821679
New Mexico,Season peak percentage,Bin,percent,7.7,7.8, 0.00075184304738104372738821679
New Mexico,Season peak percentage,Bin,percent,7.8,7.9, 0.00075184304738104372738821679
New Mexico,Season peak percentage,Bin,percent,7.9,8, 0.00075184304738104372738821679
New Mexico,Season peak percentage,Bin,percent,8,8.1, 0.00075184304738105044944168620
New Mexico,Season peak percentage,Bin,percent,8.1,8.2, 0.00075184304738105717149515561
New Mexico,Season peak percentage,Bin,percent,8.2,8.3, 0.00075184304738105717149515561
New Mexico,Season peak percentage,Bin,percent,8.3,8.4, 0.00075184304738105717149515561
New Mexico,Season peak percentage,Bin,percent,8.4,8.5, 0.00075184304738105717149515561
New Mexico,Season peak percentage,Bin,percent,8.5,8.6, 0.00075184304738105717149515561
New Mexico,Season peak percentage,Bin,percent,8.6,8.7, 0.00075184304738105717149515561
New Mexico,Season peak percentage,Bin,percent,8.7,8.8, 0.00075184304738105717149515561
New Mexico,Season peak percentage,Bin,percent,8.8,8.9, 0.00075184304738105717149515561
New Mexico,Season peak percentage,Bin,percent,8.9,9, 0.00075184304738105717149515561
New Mexico,Season peak percentage,Bin,percent,9,9.1, 0.00075184304738105717149515561
New Mexico,Season peak percentage,Bin,percent,9.1,9.2, 0.00075184304738105717149515561
New Mexico,Season peak percentage,Bin,percent,9.2,9.3, 0.00075184304738105717149515561
New Mexico,Season peak percentage,Bin,percent,9.3,9.4, 0.00075184304738105717149515561
New Mexico,Season peak percentage,Bin,percent,9.4,9.5, 0.00075184304738105717149515561
New Mexico,Season peak percentage,Bin,percent,9.5,9.6, 0.00075184304738105717149515561
New Mexico,Season peak percentage,Bin,percent,9.6,9.7, 0.00075184304738105717149515561
New Mexico,Season peak percentage,Bin,percent,9.7,9.8, 0.00075184304738105717149515561
New Mexico,Season peak percentage,Bin,percent,9.8,9.9, 0.00075184304738105717149515561
New Mexico,Season peak percentage,Bin,percent,9.9,10, 0.00075184304738105717149515561
New Mexico,Season peak percentage,Bin,percent,10,10.1, 0.00075184304738105717149515561
New Mexico,Season peak percentage,Bin,percent,10.1,10.2, 0.00075184304738105717149515561
New Mexico,Season peak percentage,Bin,percent,10.2,10.3, 0.00075184304738105717149515561
New Mexico,Season peak percentage,Bin,percent,10.3,10.4, 0.00075184304738105717149515561
New Mexico,Season peak percentage,Bin,percent,10.4,10.5, 0.00075184304738105717149515561
New Mexico,Season peak percentage,Bin,percent,10.5,10.6, 0.00075184304738105717149515561
New Mexico,Season peak percentage,Bin,percent,10.6,10.7, 0.00075184304738105717149515561
New Mexico,Season peak percentage,Bin,percent,10.7,10.8, 0.00075184304738105717149515561
New Mexico,Season peak percentage,Bin,percent,10.8,10.9, 0.00075184304738105717149515561
New Mexico,Season peak percentage,Bin,percent,10.9,11, 0.00075184304738105717149515561
New Mexico,Season peak percentage,Bin,percent,11,11.1, 0.00075184304738105717149515561
New Mexico,Season peak percentage,Bin,percent,11.1,11.2, 0.00075184304738105717149515561
New Mexico,Season peak percentage,Bin,percent,11.2,11.3, 0.00075184304738105717149515561
New Mexico,Season peak percentage,Bin,percent,11.3,11.4, 0.00075184304738105717149515561
New Mexico,Season peak percentage,Bin,percent,11.4,11.5, 0.00075184304738105717149515561
New Mexico,Season peak percentage,Bin,percent,11.5,11.6, 0.00075184304738105717149515561
New Mexico,Season peak percentage,Bin,percent,11.6,11.7, 0.00075184304738105717149515561
New Mexico,Season peak percentage,Bin,percent,11.7,11.8, 0.00075184304738105717149515561
New Mexico,Season peak percentage,Bin,percent,11.8,11.9, 0.00075184304738105717149515561
New Mexico,Season peak percentage,Bin,percent,11.9,12, 0.00075184304738105717149515561
New Mexico,Season peak percentage,Bin,percent,12,12.1, 0.00075184304738105717149515561
New Mexico,Season peak percentage,Bin,percent,12.1,12.2, 0.00075184304738105717149515561
New Mexico,Season peak percentage,Bin,percent,12.2,12.3, 0.00075184304738105717149515561
New Mexico,Season peak percentage,Bin,percent,12.3,12.4, 0.00075184304738105717149515561
New Mexico,Season peak percentage,Bin,percent,12.4,12.5, 0.00075184304738105717149515561
New Mexico,Season peak percentage,Bin,percent,12.5,12.6, 0.00075184304738105717149515561
New Mexico,Season peak percentage,Bin,percent,12.6,12.7, 0.00075184304738105717149515561
New Mexico,Season peak percentage,Bin,percent,12.7,12.8, 0.00075184304738105717149515561
New Mexico,Season peak percentage,Bin,percent,12.8,12.9, 0.00075184304738105717149515561
New Mexico,Season peak percentage,Bin,percent,12.9,13, 0.00075184304738105717149515561
New Mexico,Season peak percentage,Bin,percent,13,100, 0.00075184304738105717149515561
New Mexico,1 wk ahead,Bin,percent,0,0.1, 0.00007714602633367461704833740
New Mexico,1 wk ahead,Bin,percent,0.1,0.2, 0.00015429205266734926120172910
New Mexico,1 wk ahead,Bin,percent,0.2,0.3, 0.00015429205266734917988656617
New Mexico,1 wk ahead,Bin,percent,0.3,0.4, 0.00015429205266734917988656617
New Mexico,1 wk ahead,Bin,percent,0.4,0.5, 0.00015429205266734917988656617
New Mexico,1 wk ahead,Bin,percent,0.5,0.6, 0.00015429205266734926120172910
New Mexico,1 wk ahead,Bin,percent,0.6,0.7, 0.00016189150784961525166537333
New Mexico,1 wk ahead,Bin,percent,0.7,0.8, 0.00026347185989687574910605994
New Mexico,1 wk ahead,Bin,percent,0.8,0.9, 0.00045592435455622717238588493
New Mexico,1 wk ahead,Bin,percent,0.9,1, 0.00075725048176613371595650159
New Mexico,1 wk ahead,Bin,percent,1,1.1, 0.00120738424697093473664244456
New Mexico,1 wk ahead,Bin,percent,1.1,1.2, 0.00184775398393486299519761218
New Mexico,1 wk ahead,Bin,percent,1.2,1.3, 0.00271440888283192840665924983
New Mexico,1 wk ahead,Bin,percent,1.3,1.4, 0.00382749553869344161932675163
New Mexico,1 wk ahead,Bin,percent,1.4,1.5, 0.00518065781800424937642013390
New Mexico,1 wk ahead,Bin,percent,1.5,1.6, 0.00673101849420209598362507819
New Mexico,1 wk ahead,Bin,percent,1.6,1.7, 0.00839494364203852150296825130
New Mexico,1 wk ahead,Bin,percent,1.7,1.8, 0.01005115046468828439441001166
New Mexico,1 wk ahead,Bin,percent,1.8,1.9, 0.01155344993866612261779192039
New Mexico,1 wk ahead,Bin,percent,1.9,2, 0.01275239281825001069758940275
New Mexico,1 wk ahead,Bin,percent,2,2.1, 0.01352118557761005160355871624
New Mexico,1 wk ahead,Bin,percent,2.1,2.2, 0.01378113764706074065302665588
New Mexico,1 wk ahead,Bin,percent,2.2,2.3, 0.01352093093173452678645851677
New Mexico,1 wk ahead,Bin,percent,2.3,2.4, 0.01280455329737438530113280422
New Mexico,1 wk ahead,Bin,percent,2.4,2.5, 0.01176517682867049899297917648
New Mexico,1 wk ahead,Bin,percent,2.5,2.6, 0.01058870883609457080876126156
New Mexico,1 wk ahead,Bin,percent,2.6,2.7, 0.00948976986153880590346698654
New Mexico,1 wk ahead,Bin,percent,2.7,2.8, 0.00868380964169398160412693954
New Mexico,1 wk ahead,Bin,percent,2.8,2.9, 0.00836263715333551878317042139
New Mexico,1 wk ahead,Bin,percent,2.9,3, 0.00867269255127143048889060140
New Mexico,1 wk ahead,Bin,percent,3,3.1, 0.00969886600228949541380174537
New Mexico,1 wk ahead,Bin,percent,3.1,3.2, 0.01145604886866030854009057549
New Mexico,1 wk ahead,Bin,percent,3.2,3.3, 0.01388356694229089804970556088
New Mexico,1 wk ahead,Bin,percent,3.3,3.4, 0.01684829079621390918175549700
New Mexico,1 wk ahead,Bin,percent,3.4,3.5, 0.02015668612504968246201819682
New Mexico,1 wk ahead,Bin,percent,3.5,3.6, 0.02357531636992957202458853772
New Mexico,1 wk ahead,Bin,percent,3.6,3.7, 0.02685956869005983599363318604
New Mexico,1 wk ahead,Bin,percent,3.7,3.8, 0.02978797597313009512531856160
New Mexico,1 wk ahead,Bin,percent,3.8,3.9, 0.03219522374047997792523290173
New Mexico,1 wk ahead,Bin,percent,3.9,4, 0.03399604235395901896676917886
New Mexico,1 wk ahead,Bin,percent,4,4.1, 0.03519551370451288324625593873
New Mexico,1 wk ahead,Bin,percent,4.1,4.2, 0.03587985298299571634839111312
New Mexico,1 wk ahead,Bin,percent,4.2,4.3, 0.03619097311036164471564902101
New Mexico,1 wk ahead,Bin,percent,4.3,4.4, 0.03628762752233755106701096338
New Mexico,1 wk ahead,Bin,percent,4.4,4.5, 0.03630450649157856285453860323
New Mexico,1 wk ahead,Bin,percent,4.5,4.6, 0.03631780239811074895150966313
New Mexico,1 wk ahead,Bin,percent,4.6,4.7, 0.03632649448742759218378139963
New Mexico,1 wk ahead,Bin,percent,4.7,4.8, 0.03625338764312536349310178707
New Mexico,1 wk ahead,Bin,percent,4.8,4.9, 0.03596583907889882442132645224
New Mexico,1 wk ahead,Bin,percent,4.9,5, 0.03530934426776024398497710877
New Mexico,1 wk ahead,Bin,percent,5,5.1, 0.03414663752689804654405492101
New Mexico,1 wk ahead,Bin,percent,5.1,5.2, 0.03239211619994770280372975435
New Mexico,1 wk ahead,Bin,percent,5.2,5.3, 0.03003374127308839486305558353
New Mexico,1 wk ahead,Bin,percent,5.3,5.4, 0.02713842327640738835703437815
New Mexico,1 wk ahead,Bin,percent,5.4,5.5, 0.02384288604978076694940192226
New Mexico,1 wk ahead,Bin,percent,5.5,5.6, 0.02032936732658660941575057279
New Mexico,1 wk ahead,Bin,percent,5.6,5.7, 0.01679696902385505521970721077
New Mexico,1 wk ahead,Bin,percent,5.7,5.8, 0.01343234441838920580070126931
New Mexico,1 wk ahead,Bin,percent,5.8,5.9, 0.01038574243400946367499315670
New Mexico,1 wk ahead,Bin,percent,5.9,6, 0.00775705524618888406229721966
New Mexico,1 wk ahead,Bin,percent,6,6.1, 0.00559263033384276193882289618
New Mexico,1 wk ahead,Bin,percent,6.1,6.2, 0.00388934621131088644613305050
New Mexico,1 wk ahead,Bin,percent,6.2,6.3, 0.00260741696390381699419136474
New Mexico,1 wk ahead,Bin,percent,6.3,6.4, 0.00168420466558358685252305698
New Mexico,1 wk ahead,Bin,percent,6.4,6.5, 0.00104768767428539840390333548
New Mexico,1 wk ahead,Bin,percent,6.5,6.6, 0.00062728435723674190373916337
New Mexico,1 wk ahead,Bin,percent,6.6,6.7, 0.00036141236442333767248449861
New Mexico,1 wk ahead,Bin,percent,6.7,6.8, 0.00020641635856220996313344085
New Mexico,1 wk ahead,Bin,percent,6.8,6.9, 0.00017938076346227691221062173
New Mexico,1 wk ahead,Bin,percent,6.9,7, 0.00017938076346227691221062173
New Mexico,1 wk ahead,Bin,percent,7,7.1, 0.00017938076346227691221062173
New Mexico,1 wk ahead,Bin,percent,7.1,7.2, 0.00017938076346227691221062173
New Mexico,1 wk ahead,Bin,percent,7.2,7.3, 0.00017938076346227691221062173
New Mexico,1 wk ahead,Bin,percent,7.3,7.4, 0.00017938076346227691221062173
New Mexico,1 wk ahead,Bin,percent,7.4,7.5, 0.00017938076346227691221062173
New Mexico,1 wk ahead,Bin,percent,7.5,7.6, 0.00017938076346227691221062173
New Mexico,1 wk ahead,Bin,percent,7.6,7.7, 0.00017938076346227691221062173
New Mexico,1 wk ahead,Bin,percent,7.7,7.8, 0.00017938076346227691221062173
New Mexico,1 wk ahead,Bin,percent,7.8,7.9, 0.00017938076346227691221062173
New Mexico,1 wk ahead,Bin,percent,7.9,8, 0.00017938076346227691221062173
New Mexico,1 wk ahead,Bin,percent,8,8.1, 0.00017938076346227845719871752
New Mexico,1 wk ahead,Bin,percent,8.1,8.2, 0.00017938076346228008350197625
New Mexico,1 wk ahead,Bin,percent,8.2,8.3, 0.00017938076346228008350197625
New Mexico,1 wk ahead,Bin,percent,8.3,8.4, 0.00017938076346228008350197625
New Mexico,1 wk ahead,Bin,percent,8.4,8.5, 0.00017938076346228008350197625
New Mexico,1 wk ahead,Bin,percent,8.5,8.6, 0.00017938076346228008350197625
New Mexico,1 wk ahead,Bin,percent,8.6,8.7, 0.00017938076346228008350197625
New Mexico,1 wk ahead,Bin,percent,8.7,8.8, 0.00017938076346228008350197625
New Mexico,1 wk ahead,Bin,percent,8.8,8.9, 0.00017938076346228008350197625
New Mexico,1 wk ahead,Bin,percent,8.9,9, 0.00017938076346228008350197625
New Mexico,1 wk ahead,Bin,percent,9,9.1, 0.00017938076346228008350197625
New Mexico,1 wk ahead,Bin,percent,9.1,9.2, 0.00017938076346228008350197625
New Mexico,1 wk ahead,Bin,percent,9.2,9.3, 0.00017938076346228008350197625
New Mexico,1 wk ahead,Bin,percent,9.3,9.4, 0.00017938076346228008350197625
New Mexico,1 wk ahead,Bin,percent,9.4,9.5, 0.00017938076346228008350197625
New Mexico,1 wk ahead,Bin,percent,9.5,9.6, 0.00017938076346228008350197625
New Mexico,1 wk ahead,Bin,percent,9.6,9.7, 0.00017938076346228008350197625
New Mexico,1 wk ahead,Bin,percent,9.7,9.8, 0.00017938076346228008350197625
New Mexico,1 wk ahead,Bin,percent,9.8,9.9, 0.00017938076346228008350197625
New Mexico,1 wk ahead,Bin,percent,9.9,10, 0.00017938076346228008350197625
New Mexico,1 wk ahead,Bin,percent,10,10.1, 0.00017938076346228008350197625
New Mexico,1 wk ahead,Bin,percent,10.1,10.2, 0.00017938076346228008350197625
New Mexico,1 wk ahead,Bin,percent,10.2,10.3, 0.00017938076346228008350197625
New Mexico,1 wk ahead,Bin,percent,10.3,10.4, 0.00017938076346228008350197625
New Mexico,1 wk ahead,Bin,percent,10.4,10.5, 0.00017938076346228008350197625
New Mexico,1 wk ahead,Bin,percent,10.5,10.6, 0.00017938076346228008350197625
New Mexico,1 wk ahead,Bin,percent,10.6,10.7, 0.00017938076346228008350197625
New Mexico,1 wk ahead,Bin,percent,10.7,10.8, 0.00017938076346228008350197625
New Mexico,1 wk ahead,Bin,percent,10.8,10.9, 0.00017938076346228008350197625
New Mexico,1 wk ahead,Bin,percent,10.9,11, 0.00017938076346228008350197625
New Mexico,1 wk ahead,Bin,percent,11,11.1, 0.00017938076346228008350197625
New Mexico,1 wk ahead,Bin,percent,11.1,11.2, 0.00017938076346228008350197625
New Mexico,1 wk ahead,Bin,percent,11.2,11.3, 0.00017938076346228008350197625
New Mexico,1 wk ahead,Bin,percent,11.3,11.4, 0.00017938076346228008350197625
New Mexico,1 wk ahead,Bin,percent,11.4,11.5, 0.00017938076346228008350197625
New Mexico,1 wk ahead,Bin,percent,11.5,11.6, 0.00017938076346228008350197625
New Mexico,1 wk ahead,Bin,percent,11.6,11.7, 0.00017938076346228008350197625
New Mexico,1 wk ahead,Bin,percent,11.7,11.8, 0.00017938076346228008350197625
New Mexico,1 wk ahead,Bin,percent,11.8,11.9, 0.00017938076346228008350197625
New Mexico,1 wk ahead,Bin,percent,11.9,12, 0.00017938076346228008350197625
New Mexico,1 wk ahead,Bin,percent,12,12.1, 0.00017938076346228008350197625
New Mexico,1 wk ahead,Bin,percent,12.1,12.2, 0.00017938076346228008350197625
New Mexico,1 wk ahead,Bin,percent,12.2,12.3, 0.00017938076346228008350197625
New Mexico,1 wk ahead,Bin,percent,12.3,12.4, 0.00017938076346228008350197625
New Mexico,1 wk ahead,Bin,percent,12.4,12.5, 0.00017938076346228008350197625
New Mexico,1 wk ahead,Bin,percent,12.5,12.6, 0.00017938076346228008350197625
New Mexico,1 wk ahead,Bin,percent,12.6,12.7, 0.00017938076346228008350197625
New Mexico,1 wk ahead,Bin,percent,12.7,12.8, 0.00017938076346228008350197625
New Mexico,1 wk ahead,Bin,percent,12.8,12.9, 0.00017938076346228008350197625
New Mexico,1 wk ahead,Bin,percent,12.9,13, 0.00017938076346228008350197625
New Mexico,1 wk ahead,Bin,percent,13,100, 0.00017938076346228008350197625
New Mexico,2 wk ahead,Bin,percent,0,0.1, 0.00009238752033232665891553104
New Mexico,2 wk ahead,Bin,percent,0.1,0.2, 0.00018477504066465331783106207
New Mexico,2 wk ahead,Bin,percent,0.2,0.3, 0.00018477504066465326362095345
New Mexico,2 wk ahead,Bin,percent,0.3,0.4, 0.00018477504066465326362095345
New Mexico,2 wk ahead,Bin,percent,0.4,0.5, 0.00018477504066465326362095345
New Mexico,2 wk ahead,Bin,percent,0.5,0.6, 0.00018477504066465337204117070
New Mexico,2 wk ahead,Bin,percent,0.6,0.7, 0.00018477504066465345335633363
New Mexico,2 wk ahead,Bin,percent,0.7,0.8, 0.00018477504066465345335633363
New Mexico,2 wk ahead,Bin,percent,0.8,0.9, 0.00018477504066465345335633363
New Mexico,2 wk ahead,Bin,percent,0.9,1, 0.00018477504066465345335633363
New Mexico,2 wk ahead,Bin,percent,1,1.1, 0.00018477504066465345335633363
New Mexico,2 wk ahead,Bin,percent,1.1,1.2, 0.00018477504066465345335633363
New Mexico,2 wk ahead,Bin,percent,1.2,1.3, 0.00018477504066465345335633363
New Mexico,2 wk ahead,Bin,percent,1.3,1.4, 0.00019110087353206827711846194
New Mexico,2 wk ahead,Bin,percent,1.4,1.5, 0.00033013992536985422091011522
New Mexico,2 wk ahead,Bin,percent,1.5,1.6, 0.00063296542272842147656281009
New Mexico,2 wk ahead,Bin,percent,1.6,1.7, 0.00114379299560147195367887374
New Mexico,2 wk ahead,Bin,percent,1.7,1.8, 0.00194768995028299818535189036
New Mexico,2 wk ahead,Bin,percent,1.8,1.9, 0.00312584522764425710300573158
New Mexico,2 wk ahead,Bin,percent,1.9,2, 0.00472793563500829502888045397
New Mexico,2 wk ahead,Bin,percent,2,2.1, 0.00673935466905241625096278923
New Mexico,2 wk ahead,Bin,percent,2.1,2.2, 0.00905360779329583177654772186
New Mexico,2 wk ahead,Bin,percent,2.2,2.3, 0.01146239508744424130670669371
New Mexico,2 wk ahead,Bin,percent,2.3,2.4, 0.01367693189745776242982611137
New Mexico,2 wk ahead,Bin,percent,2.4,2.5, 0.01538016012451575570407769078
New Mexico,2 wk ahead,Bin,percent,2.5,2.6, 0.01630127528073002998731944047
New Mexico,2 wk ahead,Bin,percent,2.6,2.7, 0.01628571953295576343889727866
New Mexico,2 wk ahead,Bin,percent,2.7,2.8, 0.01534096790500961808578761492
New Mexico,2 wk ahead,Bin,percent,2.8,2.9, 0.01363708636942143059833654206
New Mexico,2 wk ahead,Bin,percent,2.9,3, 0.01146554469704980268318639247
New Mexico,2 wk ahead,Bin,percent,3,3.1, 0.00917309677884637492129016323
New Mexico,2 wk ahead,Bin,percent,3.1,3.2, 0.00709559562232743232246257037
New Mexico,2 wk ahead,Bin,percent,3.2,3.3, 0.00551317210905818023275459794
New Mexico,2 wk ahead,Bin,percent,3.3,3.4, 0.00463428899206993864801074068
New Mexico,2 wk ahead,Bin,percent,3.4,3.5, 0.00460212438797325245481983913
New Mexico,2 wk ahead,Bin,percent,3.5,3.6, 0.00550883418736420205769066527
New Mexico,2 wk ahead,Bin,percent,3.6,3.7, 0.00739829316872952710837374468
New Mexico,2 wk ahead,Bin,percent,3.7,3.8, 0.01025596475113394433209546008
New Mexico,2 wk ahead,Bin,percent,3.8,3.9, 0.01398516742771540276313313456
New Mexico,2 wk ahead,Bin,percent,3.9,4, 0.01838666443174168454999239941
New Mexico,2 wk ahead,Bin,percent,4,4.1, 0.02316020772313359676886079797
New Mexico,2 wk ahead,Bin,percent,4.1,4.2, 0.02793251949546142129388037745
New Mexico,2 wk ahead,Bin,percent,4.2,4.3, 0.03231506616835203710147439438
New Mexico,2 wk ahead,Bin,percent,4.3,4.4, 0.03597040670413902824220642174
New Mexico,2 wk ahead,Bin,percent,4.4,4.5, 0.03866898536149315085408417758
New Mexico,2 wk ahead,Bin,percent,4.5,4.6, 0.04031317361441884294936954802
New Mexico,2 wk ahead,Bin,percent,4.6,4.7, 0.04092501628627651794056774293
New Mexico,2 wk ahead,Bin,percent,4.7,4.8, 0.04060647875617240387668971380
New Mexico,2 wk ahead,Bin,percent,4.8,4.9, 0.03949638134341560552487138125
New Mexico,2 wk ahead,Bin,percent,4.9,5, 0.03774363023881754930499710099
New Mexico,2 wk ahead,Bin,percent,5,5.1, 0.03551097097264074159417290844
New Mexico,2 wk ahead,Bin,percent,5.1,5.2, 0.03299502233308752863205626227
New Mexico,2 wk ahead,Bin,percent,5.2,5.3, 0.03044344283531959585720194639
New Mexico,2 wk ahead,Bin,percent,5.3,5.4, 0.02813917259441477483616900201
New Mexico,2 wk ahead,Bin,percent,5.4,5.5, 0.02634566580454652043319363486
New Mexico,2 wk ahead,Bin,percent,5.5,5.6, 0.02522492147152072955451629355
New Mexico,2 wk ahead,Bin,percent,5.6,5.7, 0.02476473331290819993033558433
New Mexico,2 wk ahead,Bin,percent,5.7,5.8, 0.02475451786549564756056973636
New Mexico,2 wk ahead,Bin,percent,5.8,5.9, 0.02482755415560971429256298393
New Mexico,2 wk ahead,Bin,percent,5.9,6, 0.02456522848976740863724543829
New Mexico,2 wk ahead,Bin,percent,6,6.1, 0.02362321185208776305741729118
New Mexico,2 wk ahead,Bin,percent,6.1,6.2, 0.02183509178387270724397417609
New Mexico,2 wk ahead,Bin,percent,6.2,6.3, 0.01925248717357385883075515665
New Mexico,2 wk ahead,Bin,percent,6.3,6.4, 0.01611586751676444273506660920
New Mexico,2 wk ahead,Bin,percent,6.4,6.5, 0.01276946879798378058079588726
New Mexico,2 wk ahead,Bin,percent,6.5,6.6, 0.00956024152027998980196699108
New Mexico,2 wk ahead,Bin,percent,6.6,6.7, 0.00675601846918151907606109319
New Mexico,2 wk ahead,Bin,percent,6.7,6.8, 0.00450339405462276982233804645
New Mexico,2 wk ahead,Bin,percent,6.8,6.9, 0.00283065470073667023453989344
New Mexico,2 wk ahead,Bin,percent,6.9,7, 0.00167732677486330332937425336
New Mexico,2 wk ahead,Bin,percent,7,7.1, 0.00093681864667166409466753096
New Mexico,2 wk ahead,Bin,percent,7.1,7.2, 0.00049320613516086139228866703
New Mexico,2 wk ahead,Bin,percent,7.2,7.3, 0.00026860563547966503179439957
New Mexico,2 wk ahead,Bin,percent,7.3,7.4, 0.00024774324412692324236251462
New Mexico,2 wk ahead,Bin,percent,7.4,7.5, 0.00024774324412692324236251462
New Mexico,2 wk ahead,Bin,percent,7.5,7.6, 0.00024774324412692324236251462
New Mexico,2 wk ahead,Bin,percent,7.6,7.7, 0.00024774324412692324236251462
New Mexico,2 wk ahead,Bin,percent,7.7,7.8, 0.00024774324412692324236251462
New Mexico,2 wk ahead,Bin,percent,7.8,7.9, 0.00024774324412692324236251462
New Mexico,2 wk ahead,Bin,percent,7.9,8, 0.00024774324412692324236251462
New Mexico,2 wk ahead,Bin,percent,8,8.1, 0.00024774324412692541076685959
New Mexico,2 wk ahead,Bin,percent,8.1,8.2, 0.00024774324412692763338131319
New Mexico,2 wk ahead,Bin,percent,8.2,8.3, 0.00024774324412692763338131319
New Mexico,2 wk ahead,Bin,percent,8.3,8.4, 0.00024774324412692763338131319
New Mexico,2 wk ahead,Bin,percent,8.4,8.5, 0.00024774324412692763338131319
New Mexico,2 wk ahead,Bin,percent,8.5,8.6, 0.00024774324412692763338131319
New Mexico,2 wk ahead,Bin,percent,8.6,8.7, 0.00024774324412692763338131319
New Mexico,2 wk ahead,Bin,percent,8.7,8.8, 0.00024774324412692763338131319
New Mexico,2 wk ahead,Bin,percent,8.8,8.9, 0.00024774324412692763338131319
New Mexico,2 wk ahead,Bin,percent,8.9,9, 0.00024774324412692763338131319
New Mexico,2 wk ahead,Bin,percent,9,9.1, 0.00024774324412692763338131319
New Mexico,2 wk ahead,Bin,percent,9.1,9.2, 0.00024774324412692763338131319
New Mexico,2 wk ahead,Bin,percent,9.2,9.3, 0.00024774324412692763338131319
New Mexico,2 wk ahead,Bin,percent,9.3,9.4, 0.00024774324412692763338131319
New Mexico,2 wk ahead,Bin,percent,9.4,9.5, 0.00024774324412692763338131319
New Mexico,2 wk ahead,Bin,percent,9.5,9.6, 0.00024774324412692763338131319
New Mexico,2 wk ahead,Bin,percent,9.6,9.7, 0.00024774324412692763338131319
New Mexico,2 wk ahead,Bin,percent,9.7,9.8, 0.00024774324412692763338131319
New Mexico,2 wk ahead,Bin,percent,9.8,9.9, 0.00024774324412692763338131319
New Mexico,2 wk ahead,Bin,percent,9.9,10, 0.00024774324412692763338131319
New Mexico,2 wk ahead,Bin,percent,10,10.1, 0.00024774324412692763338131319
New Mexico,2 wk ahead,Bin,percent,10.1,10.2, 0.00024774324412692763338131319
New Mexico,2 wk ahead,Bin,percent,10.2,10.3, 0.00024774324412692763338131319
New Mexico,2 wk ahead,Bin,percent,10.3,10.4, 0.00024774324412692763338131319
New Mexico,2 wk ahead,Bin,percent,10.4,10.5, 0.00024774324412692763338131319
New Mexico,2 wk ahead,Bin,percent,10.5,10.6, 0.00024774324412692763338131319
New Mexico,2 wk ahead,Bin,percent,10.6,10.7, 0.00024774324412692763338131319
New Mexico,2 wk ahead,Bin,percent,10.7,10.8, 0.00024774324412692763338131319
New Mexico,2 wk ahead,Bin,percent,10.8,10.9, 0.00024774324412692763338131319
New Mexico,2 wk ahead,Bin,percent,10.9,11, 0.00024774324412692763338131319
New Mexico,2 wk ahead,Bin,percent,11,11.1, 0.00024774324412692763338131319
New Mexico,2 wk ahead,Bin,percent,11.1,11.2, 0.00024774324412692763338131319
New Mexico,2 wk ahead,Bin,percent,11.2,11.3, 0.00024774324412692763338131319
New Mexico,2 wk ahead,Bin,percent,11.3,11.4, 0.00024774324412692763338131319
New Mexico,2 wk ahead,Bin,percent,11.4,11.5, 0.00024774324412692763338131319
New Mexico,2 wk ahead,Bin,percent,11.5,11.6, 0.00024774324412692763338131319
New Mexico,2 wk ahead,Bin,percent,11.6,11.7, 0.00024774324412692763338131319
New Mexico,2 wk ahead,Bin,percent,11.7,11.8, 0.00024774324412692763338131319
New Mexico,2 wk ahead,Bin,percent,11.8,11.9, 0.00024774324412692763338131319
New Mexico,2 wk ahead,Bin,percent,11.9,12, 0.00024774324412692763338131319
New Mexico,2 wk ahead,Bin,percent,12,12.1, 0.00024774324412692763338131319
New Mexico,2 wk ahead,Bin,percent,12.1,12.2, 0.00024774324412692763338131319
New Mexico,2 wk ahead,Bin,percent,12.2,12.3, 0.00024774324412692763338131319
New Mexico,2 wk ahead,Bin,percent,12.3,12.4, 0.00024774324412692763338131319
New Mexico,2 wk ahead,Bin,percent,12.4,12.5, 0.00024774324412692763338131319
New Mexico,2 wk ahead,Bin,percent,12.5,12.6, 0.00024774324412692763338131319
New Mexico,2 wk ahead,Bin,percent,12.6,12.7, 0.00024774324412692763338131319
New Mexico,2 wk ahead,Bin,percent,12.7,12.8, 0.00024774324412692763338131319
New Mexico,2 wk ahead,Bin,percent,12.8,12.9, 0.00024774324412692763338131319
New Mexico,2 wk ahead,Bin,percent,12.9,13, 0.00024774324412692763338131319
New Mexico,2 wk ahead,Bin,percent,13,100, 0.00024774324412692763338131319
New Mexico,3 wk ahead,Bin,percent,0,0.1, 0.00005537783869356902987507452
New Mexico,3 wk ahead,Bin,percent,0.1,0.2, 0.00011075567738713807330267619
New Mexico,3 wk ahead,Bin,percent,0.2,0.3, 0.00011075567738713803264509472
New Mexico,3 wk ahead,Bin,percent,0.3,0.4, 0.00011075567738713803264509472
New Mexico,3 wk ahead,Bin,percent,0.4,0.5, 0.00011075567738713803264509472
New Mexico,3 wk ahead,Bin,percent,0.5,0.6, 0.00013328033790683911771410286
New Mexico,3 wk ahead,Bin,percent,0.6,0.7, 0.00020159416949979981062077150
New Mexico,3 wk ahead,Bin,percent,0.7,0.8, 0.00029903804758148904742454111
New Mexico,3 wk ahead,Bin,percent,0.8,0.9, 0.00043435942114951965652494548
New Mexico,3 wk ahead,Bin,percent,0.9,1, 0.00061783516354876899263209866
New Mexico,3 wk ahead,Bin,percent,1,1.1, 0.00086062224865123622581652985
New Mexico,3 wk ahead,Bin,percent,1.1,1.2, 0.00117404917152857512369079629
New Mexico,3 wk ahead,Bin,percent,1.2,1.3, 0.00156859034878780757849003891
New Mexico,3 wk ahead,Bin,percent,1.3,1.4, 0.00205262061623424744982724377
New Mexico,3 wk ahead,Bin,percent,1.4,1.5, 0.00263109835076726474370478748
New Mexico,3 wk ahead,Bin,percent,1.5,1.6, 0.00330405612453528669050784039
New Mexico,3 wk ahead,Bin,percent,1.6,1.7, 0.00406544902583954714109237827
New Mexico,3 wk ahead,Bin,percent,1.7,1.8, 0.00490256038415221896686890801
New Mexico,3 wk ahead,Bin,percent,1.8,1.9, 0.00579598613343646276718779120
New Mexico,3 wk ahead,Bin,percent,1.9,2, 0.00672042108214970530105647484
New Mexico,3 wk ahead,Bin,percent,2,2.1, 0.00764658011063079016272903132
New Mexico,3 wk ahead,Bin,percent,2.1,2.2, 0.00854384932888599055167411223
New Mexico,3 wk ahead,Bin,percent,2.2,2.3, 0.00938348932581746682235479540
New Mexico,3 wk ahead,Bin,percent,2.3,2.4, 0.01014224920260875517641352417
New Mexico,3 wk ahead,Bin,percent,2.4,2.5, 0.01080557488523190869111889612
New Mexico,3 wk ahead,Bin,percent,2.5,2.6, 0.01137003056691391310317751362
New Mexico,3 wk ahead,Bin,percent,2.6,2.7, 0.01184464463775612534657266650
New Mexico,3 wk ahead,Bin,percent,2.7,2.8, 0.01225090458878308821710767518
New Mexico,3 wk ahead,Bin,percent,2.8,2.9, 0.01262080145584861153029709868
New Mexico,3 wk ahead,Bin,percent,2.9,3, 0.01299385280842156945024790105
New Mexico,3 wk ahead,Bin,percent,3,3.1, 0.01341302270543909963551598707
New Mexico,3 wk ahead,Bin,percent,3.1,3.2, 0.01392011462742673982839747282
New Mexico,3 wk ahead,Bin,percent,3.2,3.3, 0.01455149460000950897842209031
New Mexico,3 wk ahead,Bin,percent,3.3,3.4, 0.01533451989658097917856860448
New Mexico,3 wk ahead,Bin,percent,3.4,3.5, 0.01628491402344900071397226782
New Mexico,3 wk ahead,Bin,percent,3.5,3.6, 0.01740575863741852108423913137
New Mexico,3 wk ahead,Bin,percent,3.6,3.7, 0.01868791530114398760642480113
New Mexico,3 wk ahead,Bin,percent,3.7,3.8, 0.02011132500722588936636903156
New Mexico,3 wk ahead,Bin,percent,3.8,3.9, 0.02164692194992808016440477559
New Mexico,3 wk ahead,Bin,percent,3.9,4, 0.02325925958440451871145349116
New Mexico,3 wk ahead,Bin,percent,4,4.1, 0.02490874377236811099134428105
New Mexico,3 wk ahead,Bin,percent,4.1,4.2, 0.02655339459910414923182742086
New Mexico,3 wk ahead,Bin,percent,4.2,4.3, 0.02815025672769076725554526774
New Mexico,3 wk ahead,Bin,percent,4.3,4.4, 0.02965619682261447578874857811
New Mexico,3 wk ahead,Bin,percent,4.4,4.5, 0.03102841797968423215303701568
New Mexico,3 wk ahead,Bin,percent,4.5,4.6, 0.03222474882339076973636338153
New Mexico,3 wk ahead,Bin,percent,4.6,4.7, 0.03320449053099040065406555300
New Mexico,3 wk ahead,Bin,percent,4.7,4.8, 0.03392917738779169245511013742
New Mexico,3 wk ahead,Bin,percent,4.8,4.9, 0.03436392189148131798281937677
New Mexico,3 wk ahead,Bin,percent,4.9,5, 0.03447922334059069088274540604
New Mexico,3 wk ahead,Bin,percent,5,5.1, 0.03425332722863116269307326434
New Mexico,3 wk ahead,Bin,percent,5.1,5.2, 0.03367407898033412255722751638
New Mexico,3 wk ahead,Bin,percent,5.2,5.3, 0.03274058282089821469984514124
New Mexico,3 wk ahead,Bin,percent,5.3,5.4, 0.03146474345457854482344117741
New Mexico,3 wk ahead,Bin,percent,5.4,5.5, 0.02987175845699330950511196647
New Mexico,3 wk ahead,Bin,percent,5.5,5.6, 0.02799959134848569591857980754
New Mexico,3 wk ahead,Bin,percent,5.6,5.7, 0.02589730609432534108593770839
New Mexico,3 wk ahead,Bin,percent,5.7,5.8, 0.02362308985871480054852256103
New Mexico,3 wk ahead,Bin,percent,5.8,5.9, 0.02124095423250255479374892786
New Mexico,3 wk ahead,Bin,percent,5.9,6, 0.01881692996720086760720214158
New Mexico,3 wk ahead,Bin,percent,6,6.1, 0.01641549377702327533468107390
New Mexico,3 wk ahead,Bin,percent,6.1,6.2, 0.01409586939493377710785892987
New Mexico,3 wk ahead,Bin,percent,6.2,6.3, 0.01190894850287351619533282587
New Mexico,3 wk ahead,Bin,percent,6.3,6.4, 0.00989514466995382487024546236
New Mexico,3 wk ahead,Bin,percent,6.4,6.5, 0.00808306174263684860947787314
New Mexico,3 wk ahead,Bin,percent,6.5,6.6, 0.00648891993768997005220811047
New Mexico,3 wk ahead,Bin,percent,6.6,6.7, 0.00511757393454605625376929723
New Mexico,3 wk ahead,Bin,percent,6.7,6.8, 0.00396387246796323089448321753
New Mexico,3 wk ahead,Bin,percent,6.8,6.9, 0.00301458009627165578886431874
New Mexico,3 wk ahead,Bin,percent,6.9,7, 0.00225036649701766330866625765
New Mexico,3 wk ahead,Bin,percent,7,7.1, 0.00164850984740098059112833884
New Mexico,3 wk ahead,Bin,percent,7.1,7.2, 0.00118486220371678287709149568
New Mexico,3 wk ahead,Bin,percent,7.2,7.3, 0.00083539488467259824435590110
New Mexico,3 wk ahead,Bin,percent,7.3,7.4, 0.00057764246670380695828500572
New Mexico,3 wk ahead,Bin,percent,7.4,7.5, 0.00039166128952435735888215618
New Mexico,3 wk ahead,Bin,percent,7.5,7.6, 0.00026037358709255311629837681
New Mexico,3 wk ahead,Bin,percent,7.6,7.7, 0.00017168285849626470558094982
New Mexico,3 wk ahead,Bin,percent,7.7,7.8, 0.00015070227972548415774217689
New Mexico,3 wk ahead,Bin,percent,7.8,7.9, 0.00015070227972548415774217689
New Mexico,3 wk ahead,Bin,percent,7.9,8, 0.00015070227972548415774217689
New Mexico,3 wk ahead,Bin,percent,8,8.1, 0.00015070227972548548588983819
New Mexico,3 wk ahead,Bin,percent,8.1,8.2, 0.00015070227972548681403749948
New Mexico,3 wk ahead,Bin,percent,8.2,8.3, 0.00015070227972548681403749948
New Mexico,3 wk ahead,Bin,percent,8.3,8.4, 0.00015070227972548681403749948
New Mexico,3 wk ahead,Bin,percent,8.4,8.5, 0.00015070227972548681403749948
New Mexico,3 wk ahead,Bin,percent,8.5,8.6, 0.00015070227972548681403749948
New Mexico,3 wk ahead,Bin,percent,8.6,8.7, 0.00015070227972548681403749948
New Mexico,3 wk ahead,Bin,percent,8.7,8.8, 0.00015070227972548681403749948
New Mexico,3 wk ahead,Bin,percent,8.8,8.9, 0.00015070227972548681403749948
New Mexico,3 wk ahead,Bin,percent,8.9,9, 0.00015070227972548681403749948
New Mexico,3 wk ahead,Bin,percent,9,9.1, 0.00015070227972548681403749948
New Mexico,3 wk ahead,Bin,percent,9.1,9.2, 0.00015070227972548681403749948
New Mexico,3 wk ahead,Bin,percent,9.2,9.3, 0.00015070227972548681403749948
New Mexico,3 wk ahead,Bin,percent,9.3,9.4, 0.00015070227972548681403749948
New Mexico,3 wk ahead,Bin,percent,9.4,9.5, 0.00015070227972548681403749948
New Mexico,3 wk ahead,Bin,percent,9.5,9.6, 0.00015070227972548681403749948
New Mexico,3 wk ahead,Bin,percent,9.6,9.7, 0.00015070227972548681403749948
New Mexico,3 wk ahead,Bin,percent,9.7,9.8, 0.00015070227972548681403749948
New Mexico,3 wk ahead,Bin,percent,9.8,9.9, 0.00015070227972548681403749948
New Mexico,3 wk ahead,Bin,percent,9.9,10, 0.00015070227972548681403749948
New Mexico,3 wk ahead,Bin,percent,10,10.1, 0.00015070227972548681403749948
New Mexico,3 wk ahead,Bin,percent,10.1,10.2, 0.00015070227972548681403749948
New Mexico,3 wk ahead,Bin,percent,10.2,10.3, 0.00015070227972548681403749948
New Mexico,3 wk ahead,Bin,percent,10.3,10.4, 0.00015070227972548681403749948
New Mexico,3 wk ahead,Bin,percent,10.4,10.5, 0.00015070227972548681403749948
New Mexico,3 wk ahead,Bin,percent,10.5,10.6, 0.00015070227972548681403749948
New Mexico,3 wk ahead,Bin,percent,10.6,10.7, 0.00015070227972548681403749948
New Mexico,3 wk ahead,Bin,percent,10.7,10.8, 0.00015070227972548681403749948
New Mexico,3 wk ahead,Bin,percent,10.8,10.9, 0.00015070227972548681403749948
New Mexico,3 wk ahead,Bin,percent,10.9,11, 0.00015070227972548681403749948
New Mexico,3 wk ahead,Bin,percent,11,11.1, 0.00015070227972548681403749948
New Mexico,3 wk ahead,Bin,percent,11.1,11.2, 0.00015070227972548681403749948
New Mexico,3 wk ahead,Bin,percent,11.2,11.3, 0.00015070227972548681403749948
New Mexico,3 wk ahead,Bin,percent,11.3,11.4, 0.00015070227972548681403749948
New Mexico,3 wk ahead,Bin,percent,11.4,11.5, 0.00015070227972548681403749948
New Mexico,3 wk ahead,Bin,percent,11.5,11.6, 0.00015070227972548681403749948
New Mexico,3 wk ahead,Bin,percent,11.6,11.7, 0.00015070227972548681403749948
New Mexico,3 wk ahead,Bin,percent,11.7,11.8, 0.00015070227972548681403749948
New Mexico,3 wk ahead,Bin,percent,11.8,11.9, 0.00015070227972548681403749948
New Mexico,3 wk ahead,Bin,percent,11.9,12, 0.00015070227972548681403749948
New Mexico,3 wk ahead,Bin,percent,12,12.1, 0.00015070227972548681403749948
New Mexico,3 wk ahead,Bin,percent,12.1,12.2, 0.00015070227972548681403749948
New Mexico,3 wk ahead,Bin,percent,12.2,12.3, 0.00015070227972548681403749948
New Mexico,3 wk ahead,Bin,percent,12.3,12.4, 0.00015070227972548681403749948
New Mexico,3 wk ahead,Bin,percent,12.4,12.5, 0.00015070227972548681403749948
New Mexico,3 wk ahead,Bin,percent,12.5,12.6, 0.00015070227972548681403749948
New Mexico,3 wk ahead,Bin,percent,12.6,12.7, 0.00015070227972548681403749948
New Mexico,3 wk ahead,Bin,percent,12.7,12.8, 0.00015070227972548681403749948
New Mexico,3 wk ahead,Bin,percent,12.8,12.9, 0.00015070227972548681403749948
New Mexico,3 wk ahead,Bin,percent,12.9,13, 0.00015070227972548681403749948
New Mexico,3 wk ahead,Bin,percent,13,100, 0.00015070227972548681403749948
New Mexico,4 wk ahead,Bin,percent,0,0.1, 0.00022772069157677503575647193
New Mexico,4 wk ahead,Bin,percent,0.1,0.2, 0.00045544138315355012572305249
New Mexico,4 wk ahead,Bin,percent,0.2,0.3, 0.00045544138315355001730283524
New Mexico,4 wk ahead,Bin,percent,0.3,0.4, 0.00045544138315355001730283524
New Mexico,4 wk ahead,Bin,percent,0.4,0.5, 0.00045544138315355001730283524
New Mexico,4 wk ahead,Bin,percent,0.5,0.6, 0.00045544138315355023414326974
New Mexico,4 wk ahead,Bin,percent,0.6,0.7, 0.00045544138315355050519381286
New Mexico,4 wk ahead,Bin,percent,0.7,0.8, 0.00045544138315355050519381286
New Mexico,4 wk ahead,Bin,percent,0.8,0.9, 0.00045544138315355050519381286
New Mexico,4 wk ahead,Bin,percent,0.9,1, 0.00045544138315355050519381286
New Mexico,4 wk ahead,Bin,percent,1,1.1, 0.00045544138315355050519381286
New Mexico,4 wk ahead,Bin,percent,1.1,1.2, 0.00045544138315355050519381286
New Mexico,4 wk ahead,Bin,percent,1.2,1.3, 0.00045544138315355050519381286
New Mexico,4 wk ahead,Bin,percent,1.3,1.4, 0.00045544138315355050519381286
New Mexico,4 wk ahead,Bin,percent,1.4,1.5, 0.00045544138315355050519381286
New Mexico,4 wk ahead,Bin,percent,1.5,1.6, 0.00045544138315355050519381286
New Mexico,4 wk ahead,Bin,percent,1.6,1.7, 0.00045544138315355050519381286
New Mexico,4 wk ahead,Bin,percent,1.7,1.8, 0.00077637579167578443708336300
New Mexico,4 wk ahead,Bin,percent,1.8,1.9, 0.00348459207612356481470472502
New Mexico,4 wk ahead,Bin,percent,1.9,2, 0.01117554572613415828086225190
New Mexico,4 wk ahead,Bin,percent,2,2.1, 0.02460793590936602090457618885
New Mexico,4 wk ahead,Bin,percent,2.1,2.2, 0.03722224800547620227053613462
New Mexico,4 wk ahead,Bin,percent,2.2,2.3, 0.03867716949366224732376196016
New Mexico,4 wk ahead,Bin,percent,2.3,2.4, 0.02760972754535801626518676244
New Mexico,4 wk ahead,Bin,percent,2.4,2.5, 0.01353956477127611288113762100
New Mexico,4 wk ahead,Bin,percent,2.5,2.6, 0.00455900068130255225334890312
New Mexico,4 wk ahead,Bin,percent,2.6,2.7, 0.00105334910579738135448513159
New Mexico,4 wk ahead,Bin,percent,2.7,2.8, 0.00016787345334969713491791998
New Mexico,4 wk ahead,Bin,percent,2.8,2.9, 0.00003198563937930260826520562
New Mexico,4 wk ahead,Bin,percent,2.9,3, 0.00014357988587979843438623140
New Mexico,4 wk ahead,Bin,percent,3,3.1, 0.00101519704236029107390082427
New Mexico,4 wk ahead,Bin,percent,3.1,3.2, 0.00503814963520040313971204426
New Mexico,4 wk ahead,Bin,percent,3.2,3.3, 0.01747053999932603879363668398
New Mexico,4 wk ahead,Bin,percent,3.3,3.4, 0.04249421753039296645315658907
New Mexico,4 wk ahead,Bin,percent,3.4,3.5, 0.07319094967260768302974582866
New Mexico,4 wk ahead,Bin,percent,3.5,3.6, 0.09156329066768244262508602560
New Mexico,4 wk ahead,Bin,percent,3.6,3.7, 0.08932267225959676648638918550
New Mexico,4 wk ahead,Bin,percent,3.7,3.8, 0.07838737659004688107522440532
New Mexico,4 wk ahead,Bin,percent,3.8,3.9, 0.06893689328134855465179953171
New Mexico,4 wk ahead,Bin,percent,3.9,4, 0.05561968031706029935712365386
New Mexico,4 wk ahead,Bin,percent,4,4.1, 0.03519942762429698751569517867
New Mexico,4 wk ahead,Bin,percent,4.1,4.2, 0.01601943647767165371242903404
New Mexico,4 wk ahead,Bin,percent,4.2,4.3, 0.00508459292285446621401101552
New Mexico,4 wk ahead,Bin,percent,4.3,4.4, 0.00116641438876674010359513201
New Mexico,4 wk ahead,Bin,percent,4.4,4.5, 0.00060973687346018985537543511
New Mexico,4 wk ahead,Bin,percent,4.5,4.6, 0.00243699576993964108287404891
New Mexico,4 wk ahead,Bin,percent,4.6,4.7, 0.00907365101887378823486418611
New Mexico,4 wk ahead,Bin,percent,4.7,4.8, 0.02335682737627780072853234117
New Mexico,4 wk ahead,Bin,percent,4.8,4.9, 0.04128989889148020064890687308
New Mexico,4 wk ahead,Bin,percent,4.9,5, 0.05014496964784222188260542907
New Mexico,4 wk ahead,Bin,percent,5,5.1, 0.04183716999013518261785193886
New Mexico,4 wk ahead,Bin,percent,5.1,5.2, 0.02397830113186781922363088881
New Mexico,4 wk ahead,Bin,percent,5.2,5.3, 0.00943895640579802547298626791
New Mexico,4 wk ahead,Bin,percent,5.3,5.4, 0.00255122133626662674077412163
New Mexico,4 wk ahead,Bin,percent,5.4,5.5, 0.00064268787930256518915045350
New Mexico,4 wk ahead,Bin,percent,5.5,5.6, 0.00057325018898327496745526144
New Mexico,4 wk ahead,Bin,percent,5.6,5.7, 0.00057325018898327496745526144
New Mexico,4 wk ahead,Bin,percent,5.7,5.8, 0.00057325018898327496745526144
New Mexico,4 wk ahead,Bin,percent,5.8,5.9, 0.00057325018898327496745526144
New Mexico,4 wk ahead,Bin,percent,5.9,6, 0.00057325018898327496745526144
New Mexico,4 wk ahead,Bin,percent,6,6.1, 0.00057325018898327496745526144
New Mexico,4 wk ahead,Bin,percent,6.1,6.2, 0.00057325018898327496745526144
New Mexico,4 wk ahead,Bin,percent,6.2,6.3, 0.00057325018898327496745526144
New Mexico,4 wk ahead,Bin,percent,6.3,6.4, 0.00057325018898327496745526144
New Mexico,4 wk ahead,Bin,percent,6.4,6.5, 0.00057325018898327496745526144
New Mexico,4 wk ahead,Bin,percent,6.5,6.6, 0.00057325018898327496745526144
New Mexico,4 wk ahead,Bin,percent,6.6,6.7, 0.00057325018898327496745526144
New Mexico,4 wk ahead,Bin,percent,6.7,6.8, 0.00057325018898327496745526144
New Mexico,4 wk ahead,Bin,percent,6.8,6.9, 0.00057325018898327496745526144
New Mexico,4 wk ahead,Bin,percent,6.9,7, 0.00057325018898327496745526144
New Mexico,4 wk ahead,Bin,percent,7,7.1, 0.00057325018898327496745526144
New Mexico,4 wk ahead,Bin,percent,7.1,7.2, 0.00057325018898327496745526144
New Mexico,4 wk ahead,Bin,percent,7.2,7.3, 0.00057325018898327496745526144
New Mexico,4 wk ahead,Bin,percent,7.3,7.4, 0.00057325018898327496745526144
New Mexico,4 wk ahead,Bin,percent,7.4,7.5, 0.00057325018898327496745526144
New Mexico,4 wk ahead,Bin,percent,7.5,7.6, 0.00057325018898327496745526144
New Mexico,4 wk ahead,Bin,percent,7.6,7.7, 0.00057325018898327496745526144
New Mexico,4 wk ahead,Bin,percent,7.7,7.8, 0.00057325018898327496745526144
New Mexico,4 wk ahead,Bin,percent,7.8,7.9, 0.00057325018898327496745526144
New Mexico,4 wk ahead,Bin,percent,7.9,8, 0.00057325018898327496745526144
New Mexico,4 wk ahead,Bin,percent,8,8.1, 0.00057325018898328006320547212
New Mexico,4 wk ahead,Bin,percent,8.1,8.2, 0.00057325018898328505053546555
New Mexico,4 wk ahead,Bin,percent,8.2,8.3, 0.00057325018898328505053546555
New Mexico,4 wk ahead,Bin,percent,8.3,8.4, 0.00057325018898328505053546555
New Mexico,4 wk ahead,Bin,percent,8.4,8.5, 0.00057325018898328505053546555
New Mexico,4 wk ahead,Bin,percent,8.5,8.6, 0.00057325018898328505053546555
New Mexico,4 wk ahead,Bin,percent,8.6,8.7, 0.00057325018898328505053546555
New Mexico,4 wk ahead,Bin,percent,8.7,8.8, 0.00057325018898328505053546555
New Mexico,4 wk ahead,Bin,percent,8.8,8.9, 0.00057325018898328505053546555
New Mexico,4 wk ahead,Bin,percent,8.9,9, 0.00057325018898328505053546555
New Mexico,4 wk ahead,Bin,percent,9,9.1, 0.00057325018898328505053546555
New Mexico,4 wk ahead,Bin,percent,9.1,9.2, 0.00057325018898328505053546555
New Mexico,4 wk ahead,Bin,percent,9.2,9.3, 0.00057325018898328505053546555
New Mexico,4 wk ahead,Bin,percent,9.3,9.4, 0.00057325018898328505053546555
New Mexico,4 wk ahead,Bin,percent,9.4,9.5, 0.00057325018898328505053546555
New Mexico,4 wk ahead,Bin,percent,9.5,9.6, 0.00057325018898328505053546555
New Mexico,4 wk ahead,Bin,percent,9.6,9.7, 0.00057325018898328505053546555
New Mexico,4 wk ahead,Bin,percent,9.7,9.8, 0.00057325018898328505053546555
New Mexico,4 wk ahead,Bin,percent,9.8,9.9, 0.00057325018898328505053546555
New Mexico,4 wk ahead,Bin,percent,9.9,10, 0.00057325018898328505053546555
New Mexico,4 wk ahead,Bin,percent,10,10.1, 0.00057325018898328505053546555
New Mexico,4 wk ahead,Bin,percent,10.1,10.2, 0.00057325018898328505053546555
New Mexico,4 wk ahead,Bin,percent,10.2,10.3, 0.00057325018898328505053546555
New Mexico,4 wk ahead,Bin,percent,10.3,10.4, 0.00057325018898328505053546555
New Mexico,4 wk ahead,Bin,percent,10.4,10.5, 0.00057325018898328505053546555
New Mexico,4 wk ahead,Bin,percent,10.5,10.6, 0.00057325018898328505053546555
New Mexico,4 wk ahead,Bin,percent,10.6,10.7, 0.00057325018898328505053546555
New Mexico,4 wk ahead,Bin,percent,10.7,10.8, 0.00057325018898328505053546555
New Mexico,4 wk ahead,Bin,percent,10.8,10.9, 0.00057325018898328505053546555
New Mexico,4 wk ahead,Bin,percent,10.9,11, 0.00057325018898328505053546555
New Mexico,4 wk ahead,Bin,percent,11,11.1, 0.00057325018898328505053546555
New Mexico,4 wk ahead,Bin,percent,11.1,11.2, 0.00057325018898328505053546555
New Mexico,4 wk ahead,Bin,percent,11.2,11.3, 0.00057325018898328505053546555
New Mexico,4 wk ahead,Bin,percent,11.3,11.4, 0.00057325018898328505053546555
New Mexico,4 wk ahead,Bin,percent,11.4,11.5, 0.00057325018898328505053546555
New Mexico,4 wk ahead,Bin,percent,11.5,11.6, 0.00057325018898328505053546555
New Mexico,4 wk ahead,Bin,percent,11.6,11.7, 0.00057325018898328505053546555
New Mexico,4 wk ahead,Bin,percent,11.7,11.8, 0.00057325018898328505053546555
New Mexico,4 wk ahead,Bin,percent,11.8,11.9, 0.00057325018898328505053546555
New Mexico,4 wk ahead,Bin,percent,11.9,12, 0.00057325018898328505053546555
New Mexico,4 wk ahead,Bin,percent,12,12.1, 0.00057325018898328505053546555
New Mexico,4 wk ahead,Bin,percent,12.1,12.2, 0.00057325018898328505053546555
New Mexico,4 wk ahead,Bin,percent,12.2,12.3, 0.00057325018898328505053546555
New Mexico,4 wk ahead,Bin,percent,12.3,12.4, 0.00057325018898328505053546555
New Mexico,4 wk ahead,Bin,percent,12.4,12.5, 0.00057325018898328505053546555
New Mexico,4 wk ahead,Bin,percent,12.5,12.6, 0.00057325018898328505053546555
New Mexico,4 wk ahead,Bin,percent,12.6,12.7, 0.00057325018898328505053546555
New Mexico,4 wk ahead,Bin,percent,12.7,12.8, 0.00057325018898328505053546555
New Mexico,4 wk ahead,Bin,percent,12.8,12.9, 0.00057325018898328505053546555
New Mexico,4 wk ahead,Bin,percent,12.9,13, 0.00057325018898328505053546555
New Mexico,4 wk ahead,Bin,percent,13,100, 0.00057325018898328505053546555
New Jersey,Season peak week,Bin,week,40,41, 0.00073816616733582559543164203
New Jersey,Season peak week,Bin,week,41,42, 0.00073816616733582559543164203
New Jersey,Season peak week,Bin,week,42,43, 0.00073816616733582559543164203
New Jersey,Season peak week,Bin,week,43,44, 0.00075089839023167689359417043
New Jersey,Season peak week,Bin,week,44,45, 0.00341917663155715412931501263
New Jersey,Season peak week,Bin,week,45,46, 0.01738941311068913433968141646
New Jersey,Season peak week,Bin,week,46,47, 0.04607031726054069964426673778
New Jersey,Season peak week,Bin,week,47,48, 0.06373064579441445332008697733
New Jersey,Season peak week,Bin,week,48,49, 0.04608833691950699890105269674
New Jersey,Season peak week,Bin,week,49,50, 0.01773810394612896149113545619
New Jersey,Season peak week,Bin,week,50,51, 0.00685423845951220207101117765
New Jersey,Season peak week,Bin,week,51,52, 0.01810137051356593834716690594
New Jersey,Season peak week,Bin,week,52,53, 0.04985763987821859727356255121
New Jersey,Season peak week,Bin,week,1,2, 0.08454750907368011048070854940
New Jersey,Season peak week,Bin,week,2,3, 0.10953410820984595119842452959
New Jersey,Season peak week,Bin,week,3,4, 0.12720778525006312675849073912
New Jersey,Season peak week,Bin,week,4,5, 0.11356544219245756632830079980
New Jersey,Season peak week,Bin,week,5,6, 0.06722516214408549850567453632
New Jersey,Season peak week,Bin,week,6,7, 0.03821476753557531691463111656
New Jersey,Season peak week,Bin,week,7,8, 0.04983842083360082858556339147
New Jersey,Season peak week,Bin,week,8,9, 0.06409760070113171281924735467
New Jersey,Season peak week,Bin,week,9,10, 0.04608923100715336951260781007
New Jersey,Season peak week,Bin,week,10,11, 0.01738992091832626540881534538
New Jersey,Season peak week,Bin,week,11,12, 0.00341918366747085821638618697
New Jersey,Season peak week,Bin,week,12,13, 0.00075089854350492493684221529
New Jersey,Season peak week,Bin,week,13,14, 0.00073816631459139195152452384
New Jersey,Season peak week,Bin,week,14,15, 0.00073816631459139195152452384
New Jersey,Season peak week,Bin,week,15,16, 0.00073816631459139195152452384
New Jersey,Season peak week,Bin,week,16,17, 0.00073816631459139195152452384
New Jersey,Season peak week,Bin,week,17,18, 0.00073816631459139195152452384
New Jersey,Season peak week,Bin,week,18,19, 0.00073816631459139195152452384
New Jersey,Season peak week,Bin,week,19,20, 0.00073816631459139195152452384
New Jersey,Season peak week,Bin,week,20,21, 0.00073816631459139195152452384
New Jersey,Season peak percentage,Bin,percent,0,0.1, 0.00182311960014031266066880654
New Jersey,Season peak percentage,Bin,percent,0.1,0.2, 0.00390431454938225440745580563
New Jersey,Season peak percentage,Bin,percent,0.2,0.3, 0.00425435020976036408490994489
New Jersey,Season peak percentage,Bin,percent,0.3,0.4, 0.00460871227251050032819312818
New Jersey,Season peak percentage,Bin,percent,0.4,0.5, 0.00496395107103943591941863644
New Jersey,Season peak percentage,Bin,percent,0.5,0.6, 0.00531658076864523904125903186
New Jersey,Season peak percentage,Bin,percent,0.6,0.7, 0.00566314784635474268575938694
New Jersey,Season peak percentage,Bin,percent,0.7,0.8, 0.00600026854400128109578993474
New Jersey,Season peak percentage,Bin,percent,0.8,0.9, 0.00632498584751135795034571174
New Jersey,Season peak percentage,Bin,percent,0.9,1, 0.00663453484686595765934535862
New Jersey,Season peak percentage,Bin,percent,1,1.1, 0.00692683927345647074830248258
New Jersey,Season peak percentage,Bin,percent,1.1,1.2, 0.00720017726303168095064455301
New Jersey,Season peak percentage,Bin,percent,1.2,1.3, 0.00745380887647898154185766018
New Jersey,Season peak percentage,Bin,percent,1.3,1.4, 0.00768740010847746100403066194
New Jersey,Season peak percentage,Bin,percent,1.4,1.5, 0.00790163052078587078985716374
New Jersey,Season peak percentage,Bin,percent,1.5,1.6, 0.00809766316005581555936831961
New Jersey,Season peak percentage,Bin,percent,1.6,1.7, 0.00827765644080234383461736059
New Jersey,Season peak percentage,Bin,percent,1.7,1.8, 0.00844418441483466702957016992
New Jersey,Season peak percentage,Bin,percent,1.8,1.9, 0.00860057004494871497890517986
New Jersey,Season peak percentage,Bin,percent,1.9,2, 0.00875044803554399057421431252
New Jersey,Season peak percentage,Bin,percent,2,2.1, 0.00889791734457733365926124236
New Jersey,Season peak percentage,Bin,percent,2.1,2.2, 0.00904718449755281296786879608
New Jersey,Season peak percentage,Bin,percent,2.2,2.3, 0.00920251707065228470583395648
New Jersey,Season peak percentage,Bin,percent,2.3,2.4, 0.00936814738040454668410728090
New Jersey,Season peak percentage,Bin,percent,2.4,2.5, 0.00954798285062606610917868011
New Jersey,Season peak percentage,Bin,percent,2.5,2.6, 0.00974560694473314975683209127
New Jersey,Season peak percentage,Bin,percent,2.6,2.7, 0.00996403480156619891783265075
New Jersey,Season peak percentage,Bin,percent,2.7,2.8, 0.01020590753292528740647782115
New Jersey,Season peak percentage,Bin,percent,2.8,2.9, 0.01047299957382923953075337664
New Jersey,Season peak percentage,Bin,percent,2.9,3, 0.01076648381141212702793996669
New Jersey,Season peak percentage,Bin,percent,3,3.1, 0.01108671124440226141150134254
New Jersey,Season peak percentage,Bin,percent,3.1,3.2, 0.01143354837853393160540527163
New Jersey,Season peak percentage,Bin,percent,3.2,3.3, 0.01180591497128661779281166844
New Jersey,Season peak percentage,Bin,percent,3.3,3.4, 0.01220212669634440985633183629
New Jersey,Season peak percentage,Bin,percent,3.4,3.5, 0.01261984350928613621278806534
New Jersey,Season peak percentage,Bin,percent,3.5,3.6, 0.01305632763979660236619562141
New Jersey,Season peak percentage,Bin,percent,3.6,3.7, 0.01350814818578151624284267029
New Jersey,Season peak percentage,Bin,percent,3.7,3.8, 0.01397151588184701413719590590
New Jersey,Season peak percentage,Bin,percent,3.8,3.9, 0.01444228609880610948723589360
New Jersey,Season peak percentage,Bin,percent,3.9,4, 0.01491607466236218731969742635
New Jersey,Season peak percentage,Bin,percent,4,4.1, 0.01538818254316701508721543235
New Jersey,Season peak percentage,Bin,percent,4.1,4.2, 0.01585384836150145748678852442
New Jersey,Season peak percentage,Bin,percent,4.2,4.3, 0.01630818733388217020574550986
New Jersey,Season peak percentage,Bin,percent,4.3,4.4, 0.01674625916514368637044718469
New Jersey,Season peak percentage,Bin,percent,4.4,4.5, 0.01716309259898180644698939545
New Jersey,Season peak percentage,Bin,percent,4.5,4.6, 0.01755398070772764759772677223
New Jersey,Season peak percentage,Bin,percent,4.6,4.7, 0.01791420848988912670196604893
New Jersey,Season peak percentage,Bin,percent,4.7,4.8, 0.01823922932923863898801997152
New Jersey,Season peak percentage,Bin,percent,4.8,4.9, 0.01852464270491420775255342335
New Jersey,Season peak percentage,Bin,percent,4.9,5, 0.01876670445845629586756331264
New Jersey,Season peak percentage,Bin,percent,5,5.1, 0.01896168270268873412565113767
New Jersey,Season peak percentage,Bin,percent,5.1,5.2, 0.01910630884860426564886282108
New Jersey,Season peak percentage,Bin,percent,5.2,5.3, 0.01919760974354417157328178689
New Jersey,Season peak percentage,Bin,percent,5.3,5.4, 0.01923359530617847756861493735
New Jersey,Season peak percentage,Bin,percent,5.4,5.5, 0.01921230391408687218635087390
New Jersey,Season peak percentage,Bin,percent,5.5,5.6, 0.01913257128285866803807380165
New Jersey,Season peak percentage,Bin,percent,5.6,5.7, 0.01899351801393161717768087726
New Jersey,Season peak percentage,Bin,percent,5.7,5.8, 0.01879550070633532674047039279
New Jersey,Season peak percentage,Bin,percent,5.8,5.9, 0.01853889704192409823568787886
New Jersey,Season peak percentage,Bin,percent,5.9,6, 0.01822504811676989647239999215
New Jersey,Season peak percentage,Bin,percent,6,6.1, 0.01785547334806732860945643893
New Jersey,Season peak percentage,Bin,percent,6.1,6.2, 0.01743298416634127268043386039
New Jersey,Season peak percentage,Bin,percent,6.2,6.3, 0.01696031829320428924168240314
New Jersey,Season peak percentage,Bin,percent,6.3,6.4, 0.01644113531284395468556880360
New Jersey,Season peak percentage,Bin,percent,6.4,6.5, 0.01587916195545498523888916509
New Jersey,Season peak percentage,Bin,percent,6.5,6.6, 0.01527908831987040243205466794
New Jersey,Season peak percentage,Bin,percent,6.6,6.7, 0.01464547500538600915964693172
New Jersey,Season peak percentage,Bin,percent,6.7,6.8, 0.01398353309620500688204014494
New Jersey,Season peak percentage,Bin,percent,6.8,6.9, 0.01329839045641714560808122059
New Jersey,Season peak percentage,Bin,percent,6.9,7, 0.01259562491770987481543020436
New Jersey,Season peak percentage,Bin,percent,7,7.1, 0.01188067397662621177412134443
New Jersey,Season peak percentage,Bin,percent,7.1,7.2, 0.01115907756198994751906106160
New Jersey,Season peak percentage,Bin,percent,7.2,7.3, 0.01043625121308086774185586165
New Jersey,Season peak percentage,Bin,percent,7.3,7.4, 0.00971744719960231095878810947
New Jersey,Season peak percentage,Bin,percent,7.4,7.5, 0.00900776293642457578925153427
New Jersey,Season peak percentage,Bin,percent,7.5,7.6, 0.00831180477973785490630742601
New Jersey,Season peak percentage,Bin,percent,7.6,7.7, 0.00763411356082836431435900693
New Jersey,Season peak percentage,Bin,percent,7.7,7.8, 0.00697847407732349843401120637
New Jersey,Season peak percentage,Bin,percent,7.8,7.9, 0.00634857275241578877106318757
New Jersey,Season peak percentage,Bin,percent,7.9,8, 0.00574711972622649319014653813
New Jersey,Season peak percentage,Bin,percent,8,8.1, 0.00517689780965370407311842982
New Jersey,Season peak percentage,Bin,percent,8.1,8.2, 0.00463957669241121892916845937
New Jersey,Season peak percentage,Bin,percent,8.2,8.3, 0.00413683103193210593290229937
New Jersey,Season peak percentage,Bin,percent,8.3,8.4, 0.00366914635157188518538307065
New Jersey,Season peak percentage,Bin,percent,8.4,8.5, 0.00323730451859359719471442851
New Jersey,Season peak percentage,Bin,percent,8.5,8.6, 0.00284088399307513969280214461
New Jersey,Season peak percentage,Bin,percent,8.6,8.7, 0.00247963688458678133477719463
New Jersey,Season peak percentage,Bin,percent,8.7,8.8, 0.00215225034277864973181193520
New Jersey,Season peak percentage,Bin,percent,8.8,8.9, 0.00185786956554252324219644876
New Jersey,Season peak percentage,Bin,percent,8.9,9, 0.00159465130011108625375515491
New Jersey,Season peak percentage,Bin,percent,9,9.1, 0.00136109560098821220398834786
New Jersey,Season peak percentage,Bin,percent,9.1,9.2, 0.00115493563917320129184884703
New Jersey,Season peak percentage,Bin,percent,9.2,9.3, 0.00097445947937010090819653918
New Jersey,Season peak percentage,Bin,percent,9.3,9.4, 0.00081731782027383390477198732
New Jersey,Season peak percentage,Bin,percent,9.4,9.5, 0.00068159025723693741037612082
New Jersey,Season peak percentage,Bin,percent,9.5,9.6, 0.00056492975938767940515677912
New Jersey,Season peak percentage,Bin,percent,9.6,9.7, 0.00046552766102820415574509161
New Jersey,Season peak percentage,Bin,percent,9.7,9.8, 0.00038126515401174648767224085
New Jersey,Season peak percentage,Bin,percent,9.8,9.9, 0.00031043306255733316145750678
New Jersey,Season peak percentage,Bin,percent,9.9,10, 0.00025115884371437237083252159
New Jersey,Season peak percentage,Bin,percent,10,10.1, 0.00020201381981667978484859538
New Jersey,Season peak percentage,Bin,percent,10.1,10.2, 0.00016145947436088274118751174
New Jersey,Season peak percentage,Bin,percent,10.2,10.3, 0.00012828473130234151222163475
New Jersey,Season peak percentage,Bin,percent,10.3,10.4, 0.00010126218461409121991603083
New Jersey,Season peak percentage,Bin,percent,10.4,10.5, 0.00008132134492335597972679367
New Jersey,Season peak percentage,Bin,percent,10.5,10.6, 0.00007824691846348798599485030
New Jersey,Season peak percentage,Bin,percent,10.6,10.7, 0.00007824691846348798599485030
New Jersey,Season peak percentage,Bin,percent,10.7,10.8, 0.00007824691846348798599485030
New Jersey,Season peak percentage,Bin,percent,10.8,10.9, 0.00007824691846348798599485030
New Jersey,Season peak percentage,Bin,percent,10.9,11, 0.00007824691846348798599485030
New Jersey,Season peak percentage,Bin,percent,11,11.1, 0.00007824691846348798599485030
New Jersey,Season peak percentage,Bin,percent,11.1,11.2, 0.00007824691846348798599485030
New Jersey,Season peak percentage,Bin,percent,11.2,11.3, 0.00007824691846348798599485030
New Jersey,Season peak percentage,Bin,percent,11.3,11.4, 0.00007824691846348798599485030
New Jersey,Season peak percentage,Bin,percent,11.4,11.5, 0.00007824691846348798599485030
New Jersey,Season peak percentage,Bin,percent,11.5,11.6, 0.00007824691846348798599485030
New Jersey,Season peak percentage,Bin,percent,11.6,11.7, 0.00007824691846348798599485030
New Jersey,Season peak percentage,Bin,percent,11.7,11.8, 0.00007824691846348798599485030
New Jersey,Season peak percentage,Bin,percent,11.8,11.9, 0.00007824691846348798599485030
New Jersey,Season peak percentage,Bin,percent,11.9,12, 0.00007824691846348798599485030
New Jersey,Season peak percentage,Bin,percent,12,12.1, 0.00007824691846348798599485030
New Jersey,Season peak percentage,Bin,percent,12.1,12.2, 0.00007824691846348798599485030
New Jersey,Season peak percentage,Bin,percent,12.2,12.3, 0.00007824691846348798599485030
New Jersey,Season peak percentage,Bin,percent,12.3,12.4, 0.00007824691846348798599485030
New Jersey,Season peak percentage,Bin,percent,12.4,12.5, 0.00007824691846348798599485030
New Jersey,Season peak percentage,Bin,percent,12.5,12.6, 0.00007824691846348798599485030
New Jersey,Season peak percentage,Bin,percent,12.6,12.7, 0.00007824691846348798599485030
New Jersey,Season peak percentage,Bin,percent,12.7,12.8, 0.00007824691846348798599485030
New Jersey,Season peak percentage,Bin,percent,12.8,12.9, 0.00007824691846348798599485030
New Jersey,Season peak percentage,Bin,percent,12.9,13, 0.00007824691846348798599485030
New Jersey,Season peak percentage,Bin,percent,13,100, 0.00007824691846348798599485030
New Jersey,1 wk ahead,Bin,percent,0,0.1, 0.00184536610462341732832869390
New Jersey,1 wk ahead,Bin,percent,0.1,0.2, 0.00502276577398910132471465673
New Jersey,1 wk ahead,Bin,percent,0.2,0.3, 0.00717473696999605756868811923
New Jersey,1 wk ahead,Bin,percent,0.3,0.4, 0.00968928756961448360562894067
New Jersey,1 wk ahead,Bin,percent,0.4,0.5, 0.01237115461112008561739283863
New Jersey,1 wk ahead,Bin,percent,0.5,0.6, 0.01493344889494630477189129891
New Jersey,1 wk ahead,Bin,percent,0.6,0.7, 0.01704308720017267894664136918
New Jersey,1 wk ahead,Bin,percent,0.7,0.8, 0.01838901193592967428513951234
New Jersey,1 wk ahead,Bin,percent,0.8,0.9, 0.01875919545389593059980803957
New Jersey,1 wk ahead,Bin,percent,0.9,1, 0.01809298077410809169052186007
New Jersey,1 wk ahead,Bin,percent,1,1.1, 0.01649774457580152620117530660
New Jersey,1 wk ahead,Bin,percent,1.1,1.2, 0.01422275297073483102394675370
New Jersey,1 wk ahead,Bin,percent,1.2,1.3, 0.01159237706128821154827335249
New Jersey,1 wk ahead,Bin,percent,1.3,1.4, 0.00893340085697578306644928148
New Jersey,1 wk ahead,Bin,percent,1.4,1.5, 0.00650961970898517212902323337
New Jersey,1 wk ahead,Bin,percent,1.5,1.6, 0.00448741980043004893424773982
New Jersey,1 wk ahead,Bin,percent,1.6,1.7, 0.00293148473976477313626687327
New Jersey,1 wk ahead,Bin,percent,1.7,1.8, 0.00182850290781113515407863002
New Jersey,1 wk ahead,Bin,percent,1.8,1.9, 0.00111976096827895248674022977
New Jersey,1 wk ahead,Bin,percent,1.9,2, 0.00074012731016241618733214613
New Jersey,1 wk ahead,Bin,percent,2,2.1, 0.00064710015485191531552783273
New Jersey,1 wk ahead,Bin,percent,2.1,2.2, 0.00084205923566397708479591699
New Jersey,1 wk ahead,Bin,percent,2.2,2.3, 0.00138297770171071023222186813
New Jersey,1 wk ahead,Bin,percent,2.3,2.4, 0.00238205213927709848892311228
New Jersey,1 wk ahead,Bin,percent,2.4,2.5, 0.00399372080401744558586507594
New Jersey,1 wk ahead,Bin,percent,2.5,2.6, 0.00637961511030014655904141208
New Jersey,1 wk ahead,Bin,percent,2.6,2.7, 0.00965715673079156969316194647
New Jersey,1 wk ahead,Bin,percent,2.7,2.8, 0.01383641491751330492021576646
New Jersey,1 wk ahead,Bin,percent,2.8,2.9, 0.01875508113215364897063963667
New Jersey,1 wk ahead,Bin,percent,2.9,3, 0.02405045547148149803762251508
New Jersey,1 wk ahead,Bin,percent,3,3.1, 0.02917604679066572448409289109
New Jersey,1 wk ahead,Bin,percent,3.1,3.2, 0.03348374189224762736971641175
New Jersey,1 wk ahead,Bin,percent,3.2,3.3, 0.03635226447433494850747237592
New Jersey,1 wk ahead,Bin,percent,3.3,3.4, 0.03733798711007228071645513978
New Jersey,1 wk ahead,Bin,percent,3.4,3.5, 0.03628051254541651837737248343
New Jersey,1 wk ahead,Bin,percent,3.5,3.6, 0.03335567393790713625056909564
New Jersey,1 wk ahead,Bin,percent,3.6,3.7, 0.02902315365487544499001337783
New Jersey,1 wk ahead,Bin,percent,3.7,3.8, 0.02391598861851657042976171397
New Jersey,1 wk ahead,Bin,percent,3.8,3.9, 0.01870041088861429390277635321
New Jersey,1 wk ahead,Bin,percent,3.9,4, 0.01394983481781131295917930402
New Jersey,1 wk ahead,Bin,percent,4,4.1, 0.01007016369805711041018891905
New Jersey,1 wk ahead,Bin,percent,4.1,4.2, 0.00728797964291437189859879098
New Jersey,1 wk ahead,Bin,percent,4.2,4.3, 0.00568282704981144023287376044
New Jersey,1 wk ahead,Bin,percent,4.3,4.4, 0.00523716123514529358767832790
New Jersey,1 wk ahead,Bin,percent,4.4,4.5, 0.00588609073272564845696885882
New Jersey,1 wk ahead,Bin,percent,4.5,4.6, 0.00753173415861648973268493990
New Jersey,1 wk ahead,Bin,percent,4.6,4.7, 0.01004715795554721874394132897
New Jersey,1 wk ahead,Bin,percent,4.7,4.8, 0.01325735921728440382116875895
New Jersey,1 wk ahead,Bin,percent,4.8,4.9, 0.01692666715524946199900035992
New Jersey,1 wk ahead,Bin,percent,4.9,5, 0.02076164497996449767591720104
New Jersey,1 wk ahead,Bin,percent,5,5.1, 0.02443160092951248904546979190
New Jersey,1 wk ahead,Bin,percent,5.1,5.2, 0.02760496154292815459974086423
New Jersey,1 wk ahead,Bin,percent,5.2,5.3, 0.02998993305822880012234676883
New Jersey,1 wk ahead,Bin,percent,5.3,5.4, 0.03136706178896497138053334197
New Jersey,1 wk ahead,Bin,percent,5.4,5.5, 0.03160877203210363250995840190
New Jersey,1 wk ahead,Bin,percent,5.5,5.6, 0.03069403086679300951544746567
New Jersey,1 wk ahead,Bin,percent,5.6,5.7, 0.02870450461791929086530217319
New Jersey,1 wk ahead,Bin,percent,5.7,5.8, 0.02582224604543257445721238241
New Jersey,1 wk ahead,Bin,percent,5.8,5.9, 0.02230824492916400059172588044
New Jersey,1 wk ahead,Bin,percent,5.9,6, 0.01847205482867266337909661900
New Jersey,1 wk ahead,Bin,percent,6,6.1, 0.01463086838801636729856525676
New Jersey,1 wk ahead,Bin,percent,6.1,6.2, 0.01106357418504930363589711106
New Jersey,1 wk ahead,Bin,percent,6.2,6.3, 0.00797275986415371153148701211
New Jersey,1 wk ahead,Bin,percent,6.3,6.4, 0.00546661219179918941163398571
New Jersey,1 wk ahead,Bin,percent,6.4,6.5, 0.00356191026839945560147904224
New Jersey,1 wk ahead,Bin,percent,6.5,6.6, 0.00220274933710861223201682435
New Jersey,1 wk ahead,Bin,percent,6.6,6.7, 0.00129204734051858180846061863
New Jersey,1 wk ahead,Bin,percent,6.7,6.8, 0.00071821171115485989318305560
New Jersey,1 wk ahead,Bin,percent,6.8,6.9, 0.00037810651895338868609328098
New Jersey,1 wk ahead,Bin,percent,6.9,7, 0.00022185498467117720374462697
New Jersey,1 wk ahead,Bin,percent,7,7.1, 0.00021496122013586391446410273
New Jersey,1 wk ahead,Bin,percent,7.1,7.2, 0.00021496122013586391446410273
New Jersey,1 wk ahead,Bin,percent,7.2,7.3, 0.00021496122013586391446410273
New Jersey,1 wk ahead,Bin,percent,7.3,7.4, 0.00021496122013586391446410273
New Jersey,1 wk ahead,Bin,percent,7.4,7.5, 0.00021496122013586391446410273
New Jersey,1 wk ahead,Bin,percent,7.5,7.6, 0.00021496122013586391446410273
New Jersey,1 wk ahead,Bin,percent,7.6,7.7, 0.00021496122013586391446410273
New Jersey,1 wk ahead,Bin,percent,7.7,7.8, 0.00021496122013586391446410273
New Jersey,1 wk ahead,Bin,percent,7.8,7.9, 0.00021496122013586391446410273
New Jersey,1 wk ahead,Bin,percent,7.9,8, 0.00021496122013586391446410273
New Jersey,1 wk ahead,Bin,percent,8,8.1, 0.00021496122013586583892295889
New Jersey,1 wk ahead,Bin,percent,8.1,8.2, 0.00021496122013586776338181505
New Jersey,1 wk ahead,Bin,percent,8.2,8.3, 0.00021496122013586776338181505
New Jersey,1 wk ahead,Bin,percent,8.3,8.4, 0.00021496122013586776338181505
New Jersey,1 wk ahead,Bin,percent,8.4,8.5, 0.00021496122013586776338181505
New Jersey,1 wk ahead,Bin,percent,8.5,8.6, 0.00021496122013586776338181505
New Jersey,1 wk ahead,Bin,percent,8.6,8.7, 0.00021496122013586776338181505
New Jersey,1 wk ahead,Bin,percent,8.7,8.8, 0.00021496122013586776338181505
New Jersey,1 wk ahead,Bin,percent,8.8,8.9, 0.00021496122013586776338181505
New Jersey,1 wk ahead,Bin,percent,8.9,9, 0.00021496122013586776338181505
New Jersey,1 wk ahead,Bin,percent,9,9.1, 0.00021496122013586776338181505
New Jersey,1 wk ahead,Bin,percent,9.1,9.2, 0.00021496122013586776338181505
New Jersey,1 wk ahead,Bin,percent,9.2,9.3, 0.00021496122013586776338181505
New Jersey,1 wk ahead,Bin,percent,9.3,9.4, 0.00021496122013586776338181505
New Jersey,1 wk ahead,Bin,percent,9.4,9.5, 0.00021496122013586776338181505
New Jersey,1 wk ahead,Bin,percent,9.5,9.6, 0.00021496122013586776338181505
New Jersey,1 wk ahead,Bin,percent,9.6,9.7, 0.00021496122013586776338181505
New Jersey,1 wk ahead,Bin,percent,9.7,9.8, 0.00021496122013586776338181505
New Jersey,1 wk ahead,Bin,percent,9.8,9.9, 0.00021496122013586776338181505
New Jersey,1 wk ahead,Bin,percent,9.9,10, 0.00021496122013586776338181505
New Jersey,1 wk ahead,Bin,percent,10,10.1, 0.00021496122013586776338181505
New Jersey,1 wk ahead,Bin,percent,10.1,10.2, 0.00021496122013586776338181505
New Jersey,1 wk ahead,Bin,percent,10.2,10.3, 0.00021496122013586776338181505
New Jersey,1 wk ahead,Bin,percent,10.3,10.4, 0.00021496122013586776338181505
New Jersey,1 wk ahead,Bin,percent,10.4,10.5, 0.00021496122013586776338181505
New Jersey,1 wk ahead,Bin,percent,10.5,10.6, 0.00021496122013586776338181505
New Jersey,1 wk ahead,Bin,percent,10.6,10.7, 0.00021496122013586776338181505
New Jersey,1 wk ahead,Bin,percent,10.7,10.8, 0.00021496122013586776338181505
New Jersey,1 wk ahead,Bin,percent,10.8,10.9, 0.00021496122013586776338181505
New Jersey,1 wk ahead,Bin,percent,10.9,11, 0.00021496122013586776338181505
New Jersey,1 wk ahead,Bin,percent,11,11.1, 0.00021496122013586776338181505
New Jersey,1 wk ahead,Bin,percent,11.1,11.2, 0.00021496122013586776338181505
New Jersey,1 wk ahead,Bin,percent,11.2,11.3, 0.00021496122013586776338181505
New Jersey,1 wk ahead,Bin,percent,11.3,11.4, 0.00021496122013586776338181505
New Jersey,1 wk ahead,Bin,percent,11.4,11.5, 0.00021496122013586776338181505
New Jersey,1 wk ahead,Bin,percent,11.5,11.6, 0.00021496122013586776338181505
New Jersey,1 wk ahead,Bin,percent,11.6,11.7, 0.00021496122013586776338181505
New Jersey,1 wk ahead,Bin,percent,11.7,11.8, 0.00021496122013586776338181505
New Jersey,1 wk ahead,Bin,percent,11.8,11.9, 0.00021496122013586776338181505
New Jersey,1 wk ahead,Bin,percent,11.9,12, 0.00021496122013586776338181505
New Jersey,1 wk ahead,Bin,percent,12,12.1, 0.00021496122013586776338181505
New Jersey,1 wk ahead,Bin,percent,12.1,12.2, 0.00021496122013586776338181505
New Jersey,1 wk ahead,Bin,percent,12.2,12.3, 0.00021496122013586776338181505
New Jersey,1 wk ahead,Bin,percent,12.3,12.4, 0.00021496122013586776338181505
New Jersey,1 wk ahead,Bin,percent,12.4,12.5, 0.00021496122013586776338181505
New Jersey,1 wk ahead,Bin,percent,12.5,12.6, 0.00021496122013586776338181505
New Jersey,1 wk ahead,Bin,percent,12.6,12.7, 0.00021496122013586776338181505
New Jersey,1 wk ahead,Bin,percent,12.7,12.8, 0.00021496122013586776338181505
New Jersey,1 wk ahead,Bin,percent,12.8,12.9, 0.00021496122013586776338181505
New Jersey,1 wk ahead,Bin,percent,12.9,13, 0.00021496122013586776338181505
New Jersey,1 wk ahead,Bin,percent,13,100, 0.00021496122013586776338181505
New Jersey,2 wk ahead,Bin,percent,0,0.1, 0.00340856722668988641397613826
New Jersey,2 wk ahead,Bin,percent,0.1,0.2, 0.00740520247335398409949114296
New Jersey,2 wk ahead,Bin,percent,0.2,0.3, 0.00816593163574402466919899268
New Jersey,2 wk ahead,Bin,percent,0.3,0.4, 0.00887874439989478139723111383
New Jersey,2 wk ahead,Bin,percent,0.4,0.5, 0.00952238299887986014424789971
New Jersey,2 wk ahead,Bin,percent,0.5,0.6, 0.01007882982241316803528885515
New Jersey,2 wk ahead,Bin,percent,0.6,0.7, 0.01053485111434992842205371488
New Jersey,2 wk ahead,Bin,percent,0.7,0.8, 0.01088323186687628271740457819
New Jersey,2 wk ahead,Bin,percent,0.8,0.9, 0.01112353918677998730613065703
New Jersey,2 wk ahead,Bin,percent,0.9,1, 0.01126227209413149972505596708
New Jersey,2 wk ahead,Bin,percent,1,1.1, 0.01131251277399778452925627192
New Jersey,2 wk ahead,Bin,percent,1.1,1.2, 0.01129262196899106195091544436
New Jersey,2 wk ahead,Bin,percent,1.2,1.3, 0.01122461238065497815541426974
New Jersey,2 wk ahead,Bin,percent,1.3,1.4, 0.01113201930468611135227607889
New Jersey,2 wk ahead,Bin,percent,1.4,1.5, 0.01103765236605331288843867554
New Jersey,2 wk ahead,Bin,percent,1.5,1.6, 0.01096134827516937262914531459
New Jersey,2 wk ahead,Bin,percent,1.6,1.7, 0.01091795712599229715988879974
New Jersey,2 wk ahead,Bin,percent,1.7,1.8, 0.01091593450125656616922498188
New Jersey,2 wk ahead,Bin,percent,1.8,1.9, 0.01095655217479123144652675137
New Jersey,2 wk ahead,Bin,percent,1.9,2, 0.01103391644264286285126441811
New Jersey,2 wk ahead,Bin,percent,2,2.1, 0.01113566354674670223767751764
New Jersey,2 wk ahead,Bin,percent,2.1,2.2, 0.01124454431174785710989549870
New Jersey,2 wk ahead,Bin,percent,2.2,2.3, 0.01134043865381458016106108744
New Jersey,2 wk ahead,Bin,percent,2.3,2.4, 0.01140274804313682645295902063
New Jersey,2 wk ahead,Bin,percent,2.4,2.5, 0.01141291075379613495499597775
New Jersey,2 wk ahead,Bin,percent,2.5,2.6, 0.01135680625766406076637693445
New Jersey,2 wk ahead,Bin,percent,2.6,2.7, 0.01122681657935518766133764501
New Jersey,2 wk ahead,Bin,percent,2.7,2.8, 0.01102318466311721575912052629
New Jersey,2 wk ahead,Bin,percent,2.8,2.9, 0.01075483519914647440041122195
New Jersey,2 wk ahead,Bin,percent,2.9,3, 0.01043933745582677381780190018
New Jersey,2 wk ahead,Bin,percent,3,3.1, 0.01010223594282341416650261579
New Jersey,2 wk ahead,Bin,percent,3.1,3.2, 0.00977551913277732720253254683
New Jersey,2 wk ahead,Bin,percent,3.2,3.3, 0.00949560539783360010868129564
New Jersey,2 wk ahead,Bin,percent,3.3,3.4, 0.00930096645211153302823525735
New Jersey,2 wk ahead,Bin,percent,3.4,3.5, 0.00922947443892595080494611892
New Jersey,2 wk ahead,Bin,percent,3.5,3.6, 0.00931565519652988172083496465
New Jersey,2 wk ahead,Bin,percent,3.6,3.7, 0.00958797879762225864486158144
New Jersey,2 wk ahead,Bin,percent,3.7,3.8, 0.01006672808197318393086394650
New Jersey,2 wk ahead,Bin,percent,3.8,3.9, 0.01076214359419270898132747760
New Jersey,2 wk ahead,Bin,percent,3.9,4, 0.01167325821544749030189702665
New Jersey,2 wk ahead,Bin,percent,4,4.1, 0.01278678334898106921935223568
New Jersey,2 wk ahead,Bin,percent,4.1,4.2, 0.01407787758580622897164325025
New Jersey,2 wk ahead,Bin,percent,4.2,4.3, 0.01551077668553695575182072020
New Jersey,2 wk ahead,Bin,percent,4.3,4.4, 0.01704047772332075924572869496
New Jersey,2 wk ahead,Bin,percent,4.4,4.5, 0.01861494941823626722565698799
New Jersey,2 wk ahead,Bin,percent,4.5,4.6, 0.02017781018348865570977146433
New Jersey,2 wk ahead,Bin,percent,4.6,4.7, 0.02167146064340409392090514018
New Jersey,2 wk ahead,Bin,percent,4.7,4.8, 0.02304014864146860727678323144
New Jersey,2 wk ahead,Bin,percent,4.8,4.9, 0.02423299396023191609739200203
New Jersey,2 wk ahead,Bin,percent,4.9,5, 0.02520624816179000901583684424
New Jersey,2 wk ahead,Bin,percent,5,5.1, 0.02592585244084693110733219612
New Jersey,2 wk ahead,Bin,percent,5.1,5.2, 0.02636836950662519926669169479
New Jersey,2 wk ahead,Bin,percent,5.2,5.3, 0.02652153511026318286059044738
New Jersey,2 wk ahead,Bin,percent,5.3,5.4, 0.02638422965704178765888876512
New Jersey,2 wk ahead,Bin,percent,5.4,5.5, 0.02596543846784799686178146771
New Jersey,2 wk ahead,Bin,percent,5.5,5.6, 0.02528320333542551090477701337
New Jersey,2 wk ahead,Bin,percent,5.6,5.7, 0.02436312025275340006902347056
New Jersey,2 wk ahead,Bin,percent,5.7,5.8, 0.02323611611020412470729468168
New Jersey,2 wk ahead,Bin,percent,5.8,5.9, 0.02193681991198211458926614625
New Jersey,2 wk ahead,Bin,percent,5.9,6, 0.02050185070415979152191887636
New Jersey,2 wk ahead,Bin,percent,6,6.1, 0.01896846192570337402694136131
New Jersey,2 wk ahead,Bin,percent,6.1,6.2, 0.01737311442399959438009915402
New Jersey,2 wk ahead,Bin,percent,6.2,6.3, 0.01575044176561042272299850708
New Jersey,2 wk ahead,Bin,percent,6.3,6.4, 0.01413250496352655774523476850
New Jersey,2 wk ahead,Bin,percent,6.4,6.5, 0.01254812788835194328762590033
New Jersey,2 wk ahead,Bin,percent,6.5,6.6, 0.01102245906437578776282393278
New Jersey,2 wk ahead,Bin,percent,6.6,6.7, 0.00957655263249928417890188825
New Jersey,2 wk ahead,Bin,percent,6.7,6.8, 0.00822719171076974169209972132
New Jersey,2 wk ahead,Bin,percent,6.8,6.9, 0.00698684235072537847960338908
New Jersey,2 wk ahead,Bin,percent,6.9,7, 0.00586371133426235625896172365
New Jersey,2 wk ahead,Bin,percent,7,7.1, 0.00486180279684633818298999941
New Jersey,2 wk ahead,Bin,percent,7.1,7.2, 0.00398132147651814125716152049
New Jersey,2 wk ahead,Bin,percent,7.2,7.3, 0.00321912822527773388736616056
New Jersey,2 wk ahead,Bin,percent,7.3,7.4, 0.00256927823198632200585311836
New Jersey,2 wk ahead,Bin,percent,7.4,7.5, 0.00202368743724602642014565035
New Jersey,2 wk ahead,Bin,percent,7.5,7.6, 0.00157268035064021208940809871
New Jersey,2 wk ahead,Bin,percent,7.6,7.7, 0.00120558625237599859915393896
New Jersey,2 wk ahead,Bin,percent,7.7,7.8, 0.00091144120044414742194682777
New Jersey,2 wk ahead,Bin,percent,7.8,7.9, 0.00067944558022763740495059137
New Jersey,2 wk ahead,Bin,percent,7.9,8, 0.00049937069669731015165992094
New Jersey,2 wk ahead,Bin,percent,8,8.1, 0.00036179696052721012789615829
New Jersey,2 wk ahead,Bin,percent,8.1,8.2, 0.00025834803376096910493275871
New Jersey,2 wk ahead,Bin,percent,8.2,8.3, 0.00018180345974660026722551087
New Jersey,2 wk ahead,Bin,percent,8.3,8.4, 0.00012855651651192702682874325
New Jersey,2 wk ahead,Bin,percent,8.4,8.5, 0.00011818621327694109389514626
New Jersey,2 wk ahead,Bin,percent,8.5,8.6, 0.00011818621327694109389514626
New Jersey,2 wk ahead,Bin,percent,8.6,8.7, 0.00011818621327694109389514626
New Jersey,2 wk ahead,Bin,percent,8.7,8.8, 0.00011818621327694109389514626
New Jersey,2 wk ahead,Bin,percent,8.8,8.9, 0.00011818621327694109389514626
New Jersey,2 wk ahead,Bin,percent,8.9,9, 0.00011818621327694109389514626
New Jersey,2 wk ahead,Bin,percent,9,9.1, 0.00011818621327694109389514626
New Jersey,2 wk ahead,Bin,percent,9.1,9.2, 0.00011818621327694109389514626
New Jersey,2 wk ahead,Bin,percent,9.2,9.3, 0.00011818621327694109389514626
New Jersey,2 wk ahead,Bin,percent,9.3,9.4, 0.00011818621327694109389514626
New Jersey,2 wk ahead,Bin,percent,9.4,9.5, 0.00011818621327694109389514626
New Jersey,2 wk ahead,Bin,percent,9.5,9.6, 0.00011818621327694109389514626
New Jersey,2 wk ahead,Bin,percent,9.6,9.7, 0.00011818621327694109389514626
New Jersey,2 wk ahead,Bin,percent,9.7,9.8, 0.00011818621327694109389514626
New Jersey,2 wk ahead,Bin,percent,9.8,9.9, 0.00011818621327694109389514626
New Jersey,2 wk ahead,Bin,percent,9.9,10, 0.00011818621327694109389514626
New Jersey,2 wk ahead,Bin,percent,10,10.1, 0.00011818621327694109389514626
New Jersey,2 wk ahead,Bin,percent,10.1,10.2, 0.00011818621327694109389514626
New Jersey,2 wk ahead,Bin,percent,10.2,10.3, 0.00011818621327694109389514626
New Jersey,2 wk ahead,Bin,percent,10.3,10.4, 0.00011818621327694109389514626
New Jersey,2 wk ahead,Bin,percent,10.4,10.5, 0.00011818621327694109389514626
New Jersey,2 wk ahead,Bin,percent,10.5,10.6, 0.00011818621327694109389514626
New Jersey,2 wk ahead,Bin,percent,10.6,10.7, 0.00011818621327694109389514626
New Jersey,2 wk ahead,Bin,percent,10.7,10.8, 0.00011818621327694109389514626
New Jersey,2 wk ahead,Bin,percent,10.8,10.9, 0.00011818621327694109389514626
New Jersey,2 wk ahead,Bin,percent,10.9,11, 0.00011818621327694109389514626
New Jersey,2 wk ahead,Bin,percent,11,11.1, 0.00011818621327694109389514626
New Jersey,2 wk ahead,Bin,percent,11.1,11.2, 0.00011818621327694109389514626
New Jersey,2 wk ahead,Bin,percent,11.2,11.3, 0.00011818621327694109389514626
New Jersey,2 wk ahead,Bin,percent,11.3,11.4, 0.00011818621327694109389514626
New Jersey,2 wk ahead,Bin,percent,11.4,11.5, 0.00011818621327694109389514626
New Jersey,2 wk ahead,Bin,percent,11.5,11.6, 0.00011818621327694109389514626
New Jersey,2 wk ahead,Bin,percent,11.6,11.7, 0.00011818621327694109389514626
New Jersey,2 wk ahead,Bin,percent,11.7,11.8, 0.00011818621327694109389514626
New Jersey,2 wk ahead,Bin,percent,11.8,11.9, 0.00011818621327694109389514626
New Jersey,2 wk ahead,Bin,percent,11.9,12, 0.00011818621327694109389514626
New Jersey,2 wk ahead,Bin,percent,12,12.1, 0.00011818621327694109389514626
New Jersey,2 wk ahead,Bin,percent,12.1,12.2, 0.00011818621327694109389514626
New Jersey,2 wk ahead,Bin,percent,12.2,12.3, 0.00011818621327694109389514626
New Jersey,2 wk ahead,Bin,percent,12.3,12.4, 0.00011818621327694109389514626
New Jersey,2 wk ahead,Bin,percent,12.4,12.5, 0.00011818621327694109389514626
New Jersey,2 wk ahead,Bin,percent,12.5,12.6, 0.00011818621327694109389514626
New Jersey,2 wk ahead,Bin,percent,12.6,12.7, 0.00011818621327694109389514626
New Jersey,2 wk ahead,Bin,percent,12.7,12.8, 0.00011818621327694109389514626
New Jersey,2 wk ahead,Bin,percent,12.8,12.9, 0.00011818621327694109389514626
New Jersey,2 wk ahead,Bin,percent,12.9,13, 0.00011818621327694109389514626
New Jersey,2 wk ahead,Bin,percent,13,100, 0.00011818621327694109389514626
New Jersey,3 wk ahead,Bin,percent,0,0.1, 0.00310261182561682308245210038
New Jersey,3 wk ahead,Bin,percent,0.1,0.2, 0.00695975900178769351506202767
New Jersey,3 wk ahead,Bin,percent,0.2,0.3, 0.00796453153728746837680674275
New Jersey,3 wk ahead,Bin,percent,0.3,0.4, 0.00892947042024113714353550364
New Jersey,3 wk ahead,Bin,percent,0.4,0.5, 0.00980828435865436880358725347
New Jersey,3 wk ahead,Bin,percent,0.5,0.6, 0.01055530310299925694783595986
New Jersey,3 wk ahead,Bin,percent,0.6,0.7, 0.01112875004917568237672309550
New Jersey,3 wk ahead,Bin,percent,0.7,0.8, 0.01149596802182326418795277334
New Jersey,3 wk ahead,Bin,percent,0.8,0.9, 0.01163513628844425190633771194
New Jersey,3 wk ahead,Bin,percent,0.9,1, 0.01153859546758846492398031813
New Jersey,3 wk ahead,Bin,percent,1,1.1, 0.01121311703102811745125233500
New Jersey,3 wk ahead,Bin,percent,1.1,1.2, 0.01068002819512474388385925295
New Jersey,3 wk ahead,Bin,percent,1.2,1.3, 0.00997258714490514147632538311
New Jersey,3 wk ahead,Bin,percent,1.3,1.4, 0.00913418484310598785547163914
New Jersey,3 wk ahead,Bin,percent,1.4,1.5, 0.00821389410032787904702988868
New Jersey,3 wk ahead,Bin,percent,1.5,1.6, 0.00726320547052461493869879305
New Jersey,3 wk ahead,Bin,percent,1.6,1.7, 0.00633262493842656759568399139
New Jersey,3 wk ahead,Bin,percent,1.7,1.8, 0.00546870075681833191227898539
New Jersey,3 wk ahead,Bin,percent,1.8,1.9, 0.00471231741788986305957687151
New Jersey,3 wk ahead,Bin,percent,1.9,2, 0.00409695230210500773576631772
New Jersey,3 wk ahead,Bin,percent,2,2.1, 0.00364886750300938509511405883
New Jersey,3 wk ahead,Bin,percent,2.1,2.2, 0.00338726008152518505076034039
New Jersey,3 wk ahead,Bin,percent,2.2,2.3, 0.00332434367663317137039924454
New Jersey,3 wk ahead,Bin,percent,2.3,2.4, 0.00346621232521576380647410076
New Jersey,3 wk ahead,Bin,percent,2.4,2.5, 0.00381320984659633136285017407
New Jersey,3 wk ahead,Bin,percent,2.5,2.6, 0.00436010614079211916011002970
New Jersey,3 wk ahead,Bin,percent,2.6,2.7, 0.00509649218186215662018678785
New Jersey,3 wk ahead,Bin,percent,2.7,2.8, 0.00600734084665413819309476295
New Jersey,3 wk ahead,Bin,percent,2.8,2.9, 0.00707257080010890472332452106
New Jersey,3 wk ahead,Bin,percent,2.9,3, 0.00826886879418225334559267026
New Jersey,3 wk ahead,Bin,percent,3,3.1, 0.00957030792174895332535822234
New Jersey,3 wk ahead,Bin,percent,3.1,3.2, 0.01095049215654749462378614311
New Jersey,3 wk ahead,Bin,percent,3.2,3.3, 0.01238436922679109035427824637
New Jersey,3 wk ahead,Bin,percent,3.3,3.4, 0.01385020226313901994807942231
New Jersey,3 wk ahead,Bin,percent,3.4,3.5, 0.01533092335961150527723351189
New Jersey,3 wk ahead,Bin,percent,3.5,3.6, 0.01681496281076421545064292218
New Jersey,3 wk ahead,Bin,percent,3.6,3.7, 0.01829581599195446647843077415
New Jersey,3 wk ahead,Bin,percent,3.7,3.8, 0.01977057305788648342015356718
New Jersey,3 wk ahead,Bin,percent,3.8,3.9, 0.02123750118614120552251733898
New Jersey,3 wk ahead,Bin,percent,3.9,4, 0.02269296563268857758188801199
New Jersey,3 wk ahead,Bin,percent,4,4.1, 0.02412846954927955200886913190
New Jersey,3 wk ahead,Bin,percent,4.1,4.2, 0.02552811007835677215016545460
New Jersey,3 wk ahead,Bin,percent,4.2,4.3, 0.02686723839165588295641029504
New Jersey,3 wk ahead,Bin,percent,4.3,4.4, 0.02811253400989772999185589697
New Jersey,3 wk ahead,Bin,percent,4.4,4.5, 0.02922398135873863211919854166
New Jersey,3 wk ahead,Bin,percent,4.5,4.6, 0.03015724537222769230382368733
New Jersey,3 wk ahead,Bin,percent,4.6,4.7, 0.03086870314333791526228978341
New Jersey,3 wk ahead,Bin,percent,4.7,4.8, 0.03131912920628541346923512378
New Jersey,3 wk ahead,Bin,percent,4.8,4.9, 0.03147702287514641400489878720
New Jersey,3 wk ahead,Bin,percent,4.9,5, 0.03132257049665673059868353789
New Jersey,3 wk ahead,Bin,percent,5,5.1, 0.03084903703194641355622707124
New Jersey,3 wk ahead,Bin,percent,5.1,5.2, 0.03006249839120021458138687365
New Jersey,3 wk ahead,Bin,percent,5.2,5.3, 0.02898179246157422256358060508
New Jersey,3 wk ahead,Bin,percent,5.3,5.4, 0.02763607615986395441010081697
New Jersey,3 wk ahead,Bin,percent,5.4,5.5, 0.02606221208637071046210209602
New Jersey,3 wk ahead,Bin,percent,5.5,5.6, 0.02430272929154643143934144689
New Jersey,3 wk ahead,Bin,percent,5.6,5.7, 0.02240350518154747214150113166
New Jersey,3 wk ahead,Bin,percent,5.7,5.8, 0.02041139136516840341117884350
New Jersey,3 wk ahead,Bin,percent,5.8,5.9, 0.01837267211816988321526622485
New Jersey,3 wk ahead,Bin,percent,5.9,6, 0.01633173312699296927941183810
New Jersey,3 wk ahead,Bin,percent,6,6.1, 0.01432989236371197232233765106
New Jersey,3 wk ahead,Bin,percent,6.1,6.2, 0.01240436126447613807144421116
New Jersey,3 wk ahead,Bin,percent,6.2,6.3, 0.01058722514041919582350459450
New Jersey,3 wk ahead,Bin,percent,6.3,6.4, 0.00890457523674102399691143717
New Jersey,3 wk ahead,Bin,percent,6.4,6.5, 0.00737597308459408962377779062
New Jersey,3 wk ahead,Bin,percent,6.5,6.6, 0.00601379922661755741269962172
New Jersey,3 wk ahead,Bin,percent,6.6,6.7, 0.00482373057738803324989707022
New Jersey,3 wk ahead,Bin,percent,6.7,6.8, 0.00380452183500088044962317291
New Jersey,3 wk ahead,Bin,percent,6.8,6.9, 0.00294906979489280513320736965
New Jersey,3 wk ahead,Bin,percent,6.9,7, 0.00224581920509835672797316342
New Jersey,3 wk ahead,Bin,percent,7,7.1, 0.00167956107856633896947828877
New Jersey,3 wk ahead,Bin,percent,7.1,7.2, 0.00123310167836688687123536390
New Jersey,3 wk ahead,Bin,percent,7.2,7.3, 0.00088856407791000862998742615
New Jersey,3 wk ahead,Bin,percent,7.3,7.4, 0.00062824863360146749550333434
New Jersey,3 wk ahead,Bin,percent,7.4,7.5, 0.00043571307101297003430001586
New Jersey,3 wk ahead,Bin,percent,7.5,7.6, 0.00029637953241870020840847966
New Jersey,3 wk ahead,Bin,percent,7.6,7.7, 0.00019770048261915412128424119
New Jersey,3 wk ahead,Bin,percent,7.7,7.8, 0.00013886240653236044139719196
New Jersey,3 wk ahead,Bin,percent,7.8,7.9, 0.00013386493464795248906767933
New Jersey,3 wk ahead,Bin,percent,7.9,8, 0.00013386493464795248906767933
New Jersey,3 wk ahead,Bin,percent,8,8.1, 0.00013386493464795368169006906
New Jersey,3 wk ahead,Bin,percent,8.1,8.2, 0.00013386493464795487431245880
New Jersey,3 wk ahead,Bin,percent,8.2,8.3, 0.00013386493464795487431245880
New Jersey,3 wk ahead,Bin,percent,8.3,8.4, 0.00013386493464795487431245880
New Jersey,3 wk ahead,Bin,percent,8.4,8.5, 0.00013386493464795487431245880
New Jersey,3 wk ahead,Bin,percent,8.5,8.6, 0.00013386493464795487431245880
New Jersey,3 wk ahead,Bin,percent,8.6,8.7, 0.00013386493464795487431245880
New Jersey,3 wk ahead,Bin,percent,8.7,8.8, 0.00013386493464795487431245880
New Jersey,3 wk ahead,Bin,percent,8.8,8.9, 0.00013386493464795487431245880
New Jersey,3 wk ahead,Bin,percent,8.9,9, 0.00013386493464795487431245880
New Jersey,3 wk ahead,Bin,percent,9,9.1, 0.00013386493464795487431245880
New Jersey,3 wk ahead,Bin,percent,9.1,9.2, 0.00013386493464795487431245880
New Jersey,3 wk ahead,Bin,percent,9.2,9.3, 0.00013386493464795487431245880
New Jersey,3 wk ahead,Bin,percent,9.3,9.4, 0.00013386493464795487431245880
New Jersey,3 wk ahead,Bin,percent,9.4,9.5, 0.00013386493464795487431245880
New Jersey,3 wk ahead,Bin,percent,9.5,9.6, 0.00013386493464795487431245880
New Jersey,3 wk ahead,Bin,percent,9.6,9.7, 0.00013386493464795487431245880
New Jersey,3 wk ahead,Bin,percent,9.7,9.8, 0.00013386493464795487431245880
New Jersey,3 wk ahead,Bin,percent,9.8,9.9, 0.00013386493464795487431245880
New Jersey,3 wk ahead,Bin,percent,9.9,10, 0.00013386493464795487431245880
New Jersey,3 wk ahead,Bin,percent,10,10.1, 0.00013386493464795487431245880
New Jersey,3 wk ahead,Bin,percent,10.1,10.2, 0.00013386493464795487431245880
New Jersey,3 wk ahead,Bin,percent,10.2,10.3, 0.00013386493464795487431245880
New Jersey,3 wk ahead,Bin,percent,10.3,10.4, 0.00013386493464795487431245880
New Jersey,3 wk ahead,Bin,percent,10.4,10.5, 0.00013386493464795487431245880
New Jersey,3 wk ahead,Bin,percent,10.5,10.6, 0.00013386493464795487431245880
New Jersey,3 wk ahead,Bin,percent,10.6,10.7, 0.00013386493464795487431245880
New Jersey,3 wk ahead,Bin,percent,10.7,10.8, 0.00013386493464795487431245880
New Jersey,3 wk ahead,Bin,percent,10.8,10.9, 0.00013386493464795487431245880
New Jersey,3 wk ahead,Bin,percent,10.9,11, 0.00013386493464795487431245880
New Jersey,3 wk ahead,Bin,percent,11,11.1, 0.00013386493464795487431245880
New Jersey,3 wk ahead,Bin,percent,11.1,11.2, 0.00013386493464795487431245880
New Jersey,3 wk ahead,Bin,percent,11.2,11.3, 0.00013386493464795487431245880
New Jersey,3 wk ahead,Bin,percent,11.3,11.4, 0.00013386493464795487431245880
New Jersey,3 wk ahead,Bin,percent,11.4,11.5, 0.00013386493464795487431245880
New Jersey,3 wk ahead,Bin,percent,11.5,11.6, 0.00013386493464795487431245880
New Jersey,3 wk ahead,Bin,percent,11.6,11.7, 0.00013386493464795487431245880
New Jersey,3 wk ahead,Bin,percent,11.7,11.8, 0.00013386493464795487431245880
New Jersey,3 wk ahead,Bin,percent,11.8,11.9, 0.00013386493464795487431245880
New Jersey,3 wk ahead,Bin,percent,11.9,12, 0.00013386493464795487431245880
New Jersey,3 wk ahead,Bin,percent,12,12.1, 0.00013386493464795487431245880
New Jersey,3 wk ahead,Bin,percent,12.1,12.2, 0.00013386493464795487431245880
New Jersey,3 wk ahead,Bin,percent,12.2,12.3, 0.00013386493464795487431245880
New Jersey,3 wk ahead,Bin,percent,12.3,12.4, 0.00013386493464795487431245880
New Jersey,3 wk ahead,Bin,percent,12.4,12.5, 0.00013386493464795487431245880
New Jersey,3 wk ahead,Bin,percent,12.5,12.6, 0.00013386493464795487431245880
New Jersey,3 wk ahead,Bin,percent,12.6,12.7, 0.00013386493464795487431245880
New Jersey,3 wk ahead,Bin,percent,12.7,12.8, 0.00013386493464795487431245880
New Jersey,3 wk ahead,Bin,percent,12.8,12.9, 0.00013386493464795487431245880
New Jersey,3 wk ahead,Bin,percent,12.9,13, 0.00013386493464795487431245880
New Jersey,3 wk ahead,Bin,percent,13,100, 0.00013386493464795487431245880
New Jersey,4 wk ahead,Bin,percent,0,0.1, 0.00047479769895484983700806314
New Jersey,4 wk ahead,Bin,percent,0.1,0.2, 0.00174969459012650494292295811
New Jersey,4 wk ahead,Bin,percent,0.2,0.3, 0.00351693053979169412484595547
New Jersey,4 wk ahead,Bin,percent,0.3,0.4, 0.00636294650331220568162393647
New Jersey,4 wk ahead,Bin,percent,0.4,0.5, 0.01036158442102801460760197472
New Jersey,4 wk ahead,Bin,percent,0.5,0.6, 0.01518708972345435628814591666
New Jersey,4 wk ahead,Bin,percent,0.6,0.7, 0.02003536157324662878020937740
New Jersey,4 wk ahead,Bin,percent,0.7,0.8, 0.02379020450275049630706192261
New Jersey,4 wk ahead,Bin,percent,0.8,0.9, 0.02542614884815000766971060386
New Jersey,4 wk ahead,Bin,percent,0.9,1, 0.02445900860622803388300106064
New Jersey,4 wk ahead,Bin,percent,1,1.1, 0.02117776103242641899671028227
New Jersey,4 wk ahead,Bin,percent,1.1,1.2, 0.01650405665314701869617053376
New Jersey,4 wk ahead,Bin,percent,1.2,1.3, 0.01157669179891013949701417118
New Jersey,4 wk ahead,Bin,percent,1.3,1.4, 0.00730892346296163446239813055
New Jersey,4 wk ahead,Bin,percent,1.4,1.5, 0.00415355702871812726417743988
New Jersey,4 wk ahead,Bin,percent,1.5,1.6, 0.00212429921198313336958007902
New Jersey,4 wk ahead,Bin,percent,1.6,1.7, 0.00097786212223006149096837802
New Jersey,4 wk ahead,Bin,percent,1.7,1.8, 0.00040523499418272955268846558
New Jersey,4 wk ahead,Bin,percent,1.8,1.9, 0.00015114355784159370465861982
New Jersey,4 wk ahead,Bin,percent,1.9,2, 0.00005088104067056740102302156
New Jersey,4 wk ahead,Bin,percent,2,2.1, 0.00001607341547238707492729730
New Jersey,4 wk ahead,Bin,percent,2.1,2.2, 0.00000738960571262040834570684
New Jersey,4 wk ahead,Bin,percent,2.2,2.3, 0.00001353962004829451994016975
New Jersey,4 wk ahead,Bin,percent,2.3,2.4, 0.00004404623702436561398379858
New Jersey,4 wk ahead,Bin,percent,2.4,2.5, 0.00013841360178569776188256535
New Jersey,4 wk ahead,Bin,percent,2.5,2.6, 0.00039428373079327273115213259
New Jersey,4 wk ahead,Bin,percent,2.6,2.7, 0.00101343494818301638367430417
New Jersey,4 wk ahead,Bin,percent,2.7,2.8, 0.00235089733231029192686567519
New Jersey,4 wk ahead,Bin,percent,2.8,2.9, 0.00492296463660665210154698812
New Jersey,4 wk ahead,Bin,percent,2.9,3, 0.00930680166081756556073489861
New Jersey,4 wk ahead,Bin,percent,3,3.1, 0.01588620966004720622133383756
New Jersey,4 wk ahead,Bin,percent,3.1,3.2, 0.02448710516113069071697516677
New Jersey,4 wk ahead,Bin,percent,3.2,3.3, 0.03408876545137178720734638659
New Jersey,4 wk ahead,Bin,percent,3.3,3.4, 0.04286924657935211463444247215
New Jersey,4 wk ahead,Bin,percent,3.4,3.5, 0.04872431439937994351874195331
New Jersey,4 wk ahead,Bin,percent,3.5,3.6, 0.05010808396182897528348121341
New Jersey,4 wk ahead,Bin,percent,3.6,3.7, 0.04677026211419234302812952819
New Jersey,4 wk ahead,Bin,percent,3.7,3.8, 0.03995350395648566976802840145
New Jersey,4 wk ahead,Bin,percent,3.8,3.9, 0.03191062943792738471060488337
New Jersey,4 wk ahead,Bin,percent,3.9,4, 0.02501502776400878896856383449
New Jersey,4 wk ahead,Bin,percent,4,4.1, 0.02090560758374136393622499952
New Jersey,4 wk ahead,Bin,percent,4.1,4.2, 0.02001451597325107703562174777
New Jersey,4 wk ahead,Bin,percent,4.2,4.3, 0.02157282059857019637649777621
New Jersey,4 wk ahead,Bin,percent,4.3,4.4, 0.02403164324361641707161751924
New Jersey,4 wk ahead,Bin,percent,4.4,4.5, 0.02570258748454705075014992133
New Jersey,4 wk ahead,Bin,percent,4.5,4.6, 0.02539902399762469786814733652
New Jersey,4 wk ahead,Bin,percent,4.6,4.7, 0.02282048886186124198038882582
New Jersey,4 wk ahead,Bin,percent,4.7,4.8, 0.01853516342835099736663373449
New Jersey,4 wk ahead,Bin,percent,4.8,4.9, 0.01360823529982990720554880681
New Jersey,4 wk ahead,Bin,percent,4.9,5, 0.00911171798203520323655713042
New Jersey,4 wk ahead,Bin,percent,5,5.1, 0.00579042207758856397603608457
New Jersey,4 wk ahead,Bin,percent,5.1,5.2, 0.00400242466808422778234977102
New Jersey,4 wk ahead,Bin,percent,5.2,5.3, 0.00385661908738438351587629604
New Jersey,4 wk ahead,Bin,percent,5.3,5.4, 0.00535810364667556326967456926
New Jersey,4 wk ahead,Bin,percent,5.4,5.5, 0.00842492071890717578175333813
New Jersey,4 wk ahead,Bin,percent,5.5,5.6, 0.01275360026731803958499611440
New Jersey,4 wk ahead,Bin,percent,5.6,5.7, 0.01766242058969917996802401206
New Jersey,4 wk ahead,Bin,percent,5.7,5.8, 0.02209931630045292028086123537
New Jersey,4 wk ahead,Bin,percent,5.8,5.9, 0.02490918048047032970493397386
New Jersey,4 wk ahead,Bin,percent,5.9,6, 0.02527621208616793319068349888
New Jersey,4 wk ahead,Bin,percent,6,6.1, 0.02308633101660399061794137765
New Jersey,4 wk ahead,Bin,percent,6.1,6.2, 0.01897929615942244019333173810
New Jersey,4 wk ahead,Bin,percent,6.2,6.3, 0.01404385618300677159020484197
New Jersey,4 wk ahead,Bin,percent,6.3,6.4, 0.00935343658606412574341160138
New Jersey,4 wk ahead,Bin,percent,6.4,6.5, 0.00560676748492817435265411774
New Jersey,4 wk ahead,Bin,percent,6.5,6.6, 0.00302494250528702020644478132
New Jersey,4 wk ahead,Bin,percent,6.6,6.7, 0.00146901353081274870654437947
New Jersey,4 wk ahead,Bin,percent,6.7,6.8, 0.00064208173064746643272926452
New Jersey,4 wk ahead,Bin,percent,6.8,6.9, 0.00030468092434688542760948260
New Jersey,4 wk ahead,Bin,percent,6.9,7, 0.00028773223093726249316101629
New Jersey,4 wk ahead,Bin,percent,7,7.1, 0.00028773223093726249316101629
New Jersey,4 wk ahead,Bin,percent,7.1,7.2, 0.00028773223093726249316101629
New Jersey,4 wk ahead,Bin,percent,7.2,7.3, 0.00028773223093726249316101629
New Jersey,4 wk ahead,Bin,percent,7.3,7.4, 0.00028773223093726249316101629
New Jersey,4 wk ahead,Bin,percent,7.4,7.5, 0.00028773223093726249316101629
New Jersey,4 wk ahead,Bin,percent,7.5,7.6, 0.00028773223093726249316101629
New Jersey,4 wk ahead,Bin,percent,7.6,7.7, 0.00028773223093726249316101629
New Jersey,4 wk ahead,Bin,percent,7.7,7.8, 0.00028773223093726249316101629
New Jersey,4 wk ahead,Bin,percent,7.8,7.9, 0.00028773223093726249316101629
New Jersey,4 wk ahead,Bin,percent,7.9,8, 0.00028773223093726249316101629
New Jersey,4 wk ahead,Bin,percent,8,8.1, 0.00028773223093726498682601300
New Jersey,4 wk ahead,Bin,percent,8.1,8.2, 0.00028773223093726758891122697
New Jersey,4 wk ahead,Bin,percent,8.2,8.3, 0.00028773223093726758891122697
New Jersey,4 wk ahead,Bin,percent,8.3,8.4, 0.00028773223093726758891122697
New Jersey,4 wk ahead,Bin,percent,8.4,8.5, 0.00028773223093726758891122697
New Jersey,4 wk ahead,Bin,percent,8.5,8.6, 0.00028773223093726758891122697
New Jersey,4 wk ahead,Bin,percent,8.6,8.7, 0.00028773223093726758891122697
New Jersey,4 wk ahead,Bin,percent,8.7,8.8, 0.00028773223093726758891122697
New Jersey,4 wk ahead,Bin,percent,8.8,8.9, 0.00028773223093726758891122697
New Jersey,4 wk ahead,Bin,percent,8.9,9, 0.00028773223093726758891122697
New Jersey,4 wk ahead,Bin,percent,9,9.1, 0.00028773223093726758891122697
New Jersey,4 wk ahead,Bin,percent,9.1,9.2, 0.00028773223093726758891122697
New Jersey,4 wk ahead,Bin,percent,9.2,9.3, 0.00028773223093726758891122697
New Jersey,4 wk ahead,Bin,percent,9.3,9.4, 0.00028773223093726758891122697
New Jersey,4 wk ahead,Bin,percent,9.4,9.5, 0.00028773223093726758891122697
New Jersey,4 wk ahead,Bin,percent,9.5,9.6, 0.00028773223093726758891122697
New Jersey,4 wk ahead,Bin,percent,9.6,9.7, 0.00028773223093726758891122697
New Jersey,4 wk ahead,Bin,percent,9.7,9.8, 0.00028773223093726758891122697
New Jersey,4 wk ahead,Bin,percent,9.8,9.9, 0.00028773223093726758891122697
New Jersey,4 wk ahead,Bin,percent,9.9,10, 0.00028773223093726758891122697
New Jersey,4 wk ahead,Bin,percent,10,10.1, 0.00028773223093726758891122697
New Jersey,4 wk ahead,Bin,percent,10.1,10.2, 0.00028773223093726758891122697
New Jersey,4 wk ahead,Bin,percent,10.2,10.3, 0.00028773223093726758891122697
New Jersey,4 wk ahead,Bin,percent,10.3,10.4, 0.00028773223093726758891122697
New Jersey,4 wk ahead,Bin,percent,10.4,10.5, 0.00028773223093726758891122697
New Jersey,4 wk ahead,Bin,percent,10.5,10.6, 0.00028773223093726758891122697
New Jersey,4 wk ahead,Bin,percent,10.6,10.7, 0.00028773223093726758891122697
New Jersey,4 wk ahead,Bin,percent,10.7,10.8, 0.00028773223093726758891122697
New Jersey,4 wk ahead,Bin,percent,10.8,10.9, 0.00028773223093726758891122697
New Jersey,4 wk ahead,Bin,percent,10.9,11, 0.00028773223093726758891122697
New Jersey,4 wk ahead,Bin,percent,11,11.1, 0.00028773223093726758891122697
New Jersey,4 wk ahead,Bin,percent,11.1,11.2, 0.00028773223093726758891122697
New Jersey,4 wk ahead,Bin,percent,11.2,11.3, 0.00028773223093726758891122697
New Jersey,4 wk ahead,Bin,percent,11.3,11.4, 0.00028773223093726758891122697
New Jersey,4 wk ahead,Bin,percent,11.4,11.5, 0.00028773223093726758891122697
New Jersey,4 wk ahead,Bin,percent,11.5,11.6, 0.00028773223093726758891122697
New Jersey,4 wk ahead,Bin,percent,11.6,11.7, 0.00028773223093726758891122697
New Jersey,4 wk ahead,Bin,percent,11.7,11.8, 0.00028773223093726758891122697
New Jersey,4 wk ahead,Bin,percent,11.8,11.9, 0.00028773223093726758891122697
New Jersey,4 wk ahead,Bin,percent,11.9,12, 0.00028773223093726758891122697
New Jersey,4 wk ahead,Bin,percent,12,12.1, 0.00028773223093726758891122697
New Jersey,4 wk ahead,Bin,percent,12.1,12.2, 0.00028773223093726758891122697
New Jersey,4 wk ahead,Bin,percent,12.2,12.3, 0.00028773223093726758891122697
New Jersey,4 wk ahead,Bin,percent,12.3,12.4, 0.00028773223093726758891122697
New Jersey,4 wk ahead,Bin,percent,12.4,12.5, 0.00028773223093726758891122697
New Jersey,4 wk ahead,Bin,percent,12.5,12.6, 0.00028773223093726758891122697
New Jersey,4 wk ahead,Bin,percent,12.6,12.7, 0.00028773223093726758891122697
New Jersey,4 wk ahead,Bin,percent,12.7,12.8, 0.00028773223093726758891122697
New Jersey,4 wk ahead,Bin,percent,12.8,12.9, 0.00028773223093726758891122697
New Jersey,4 wk ahead,Bin,percent,12.9,13, 0.00028773223093726758891122697
New Jersey,4 wk ahead,Bin,percent,13,100, 0.00028773223093726758891122697
New Hampshire,Season peak week,Bin,week,40,41, 0.00978548774762934975290917805
New Hampshire,Season peak week,Bin,week,41,42, 0.01321904822805703393073795127
New Hampshire,Season peak week,Bin,week,42,43, 0.01671019221648959926507238549
New Hampshire,Season peak week,Bin,week,43,44, 0.01989802712444672244673782302
New Hampshire,Season peak week,Bin,week,44,45, 0.02252480245794360319555593719
New Hampshire,Season peak week,Bin,week,45,46, 0.02454476409447270066066515426
New Hampshire,Season peak week,Bin,week,46,47, 0.02617279278362801345214627702
New Hampshire,Season peak week,Bin,week,47,48, 0.02784744925323809350281578645
New Hampshire,Season peak week,Bin,week,48,49, 0.03012444288321580732059601360
New Hampshire,Season peak week,Bin,week,49,50, 0.03352706584024262720378217750
New Hampshire,Season peak week,Bin,week,50,51, 0.03838338293191840416840321382
New Hampshire,Season peak week,Bin,week,51,52, 0.04467820637602107347596813725
New Hampshire,Season peak week,Bin,week,52,53, 0.05195830798954974294456832240
New Hampshire,Season peak week,Bin,week,1,2, 0.05933531890110710360630719151
New Hampshire,Season peak week,Bin,week,2,3, 0.06563996188205940829352158516
New Hampshire,Season peak week,Bin,week,3,4, 0.06971651092695047013947373671
New Hampshire,Season peak week,Bin,week,4,5, 0.07076047721378019017546279201
New Hampshire,Season peak week,Bin,week,5,6, 0.06855830670632959145116558375
New Hampshire,Season peak week,Bin,week,6,7, 0.06350536210387897062545903282
New Hampshire,Season peak week,Bin,week,7,8, 0.05640094521349318240632797483
New Hampshire,Season peak week,Bin,week,8,9, 0.04815772697612879377215833188
New Hampshire,Season peak week,Bin,week,9,10, 0.03956829921055855792122457615
New Hampshire,Season peak week,Bin,week,10,11, 0.03122586173032417325434728639
New Hampshire,Season peak week,Bin,week,11,12, 0.02355698884762190414843274766
New Hampshire,Season peak week,Bin,week,12,13, 0.01687600826693480896012466985
New Hampshire,Season peak week,Bin,week,13,14, 0.01139660607686806062521789329
New Hampshire,Season peak week,Bin,week,14,15, 0.00720569915854897199980477751
New Hampshire,Season peak week,Bin,week,15,16, 0.00424022116639194857762307223
New Hampshire,Season peak week,Bin,week,16,17, 0.00231186892544861652062926360
New Hampshire,Season peak week,Bin,week,17,18, 0.00116374217793875113502455321
New Hampshire,Season peak week,Bin,week,18,19, 0.00053946819285302085797417782
New Hampshire,Season peak week,Bin,week,19,20, 0.00024922554470171613206011529
New Hampshire,Season peak week,Bin,week,20,21, 0.00021743085122896883311371941
New Hampshire,Season peak percentage,Bin,percent,0,0.1, 0.00941163234725536645974841576
New Hampshire,Season peak percentage,Bin,percent,0.1,0.2, 0.02189139377296283467400073164
New Hampshire,Season peak percentage,Bin,percent,0.2,0.3, 0.02622901227822147310342337789
New Hampshire,Season peak percentage,Bin,percent,0.3,0.4, 0.03073429361640605053662689272
New Hampshire,Season peak percentage,Bin,percent,0.4,0.5, 0.03522570631112438566123756800
New Hampshire,Season peak percentage,Bin,percent,0.5,0.6, 0.03949218996274014154002074406
New Hampshire,Season peak percentage,Bin,percent,0.6,0.7, 0.04330847969551263054732714863
New Hampshire,Season peak percentage,Bin,percent,0.7,0.8, 0.04645396304041375656890267010
New Hampshire,Season peak percentage,Bin,percent,0.8,0.9, 0.04873845320041264583821316592
New Hampshire,Season peak percentage,Bin,percent,0.9,1, 0.05002322030858860624213946267
New Hampshire,Season peak percentage,Bin,percent,1,1.1, 0.05023868566630310811271797888
New Hampshire,Season peak percentage,Bin,percent,1.1,1.2, 0.04939884697094147625318072414
New Hampshire,Season peak percentage,Bin,percent,1.2,1.3, 0.04759528182155891434801375794
New Hampshire,Season peak percentage,Bin,percent,1.3,1.4, 0.04498779878064123466385737515
New Hampshire,Season peak percentage,Bin,percent,1.4,1.5, 0.04178205540665655415288881613
New Hampshire,Season peak percentage,Bin,percent,1.5,1.6, 0.03820322266993533832923901628
New Hampshire,Season peak percentage,Bin,percent,1.6,1.7, 0.03447015052284201075405434267
New Hampshire,Season peak percentage,Bin,percent,1.7,1.8, 0.03077515853330085870975807438
New Hampshire,Season peak percentage,Bin,percent,1.8,1.9, 0.02727202009754765496540862557
New Hampshire,Season peak percentage,Bin,percent,1.9,2, 0.02407268737114841988811164697
New Hampshire,Season peak percentage,Bin,percent,2,2.1, 0.02125158960811262751078309918
New Hampshire,Season peak percentage,Bin,percent,2.1,2.2, 0.01885091660848216624235540451
New Hampshire,Season peak percentage,Bin,percent,2.2,2.3, 0.01688904523997427145620697786
New Hampshire,Season peak percentage,Bin,percent,2.3,2.4, 0.01536358157866150354886602969
New Hampshire,Season peak percentage,Bin,percent,2.4,2.5, 0.01425244926053047776759452603
New Hampshire,Season peak percentage,Bin,percent,2.5,2.6, 0.01351251172590911021897941424
New Hampshire,Season peak percentage,Bin,percent,2.6,2.7, 0.01307835907119988573532598508
New Hampshire,Season peak percentage,Bin,percent,2.7,2.8, 0.01286439098159475845351007450
New Hampshire,Season peak percentage,Bin,percent,2.8,2.9, 0.01276926218191130890655671237
New Hampshire,Season peak percentage,Bin,percent,2.9,3, 0.01268669493984179823253821695
New Hampshire,Season peak percentage,Bin,percent,3,3.1, 0.01251734823523063637462637843
New Hampshire,Season peak percentage,Bin,percent,3.1,3.2, 0.01218204730555153686433200733
New Hampshire,Season peak percentage,Bin,percent,3.2,3.3, 0.01163158828171898841186138185
New Hampshire,Season peak percentage,Bin,percent,3.3,3.4, 0.01085221364155025680631183604
New Hampshire,Season peak percentage,Bin,percent,3.4,3.5, 0.00986486486829856769331659194
New Hampshire,Season peak percentage,Bin,percent,3.5,3.6, 0.00871900093496903901002514914
New Hampshire,Season peak percentage,Bin,percent,3.6,3.7, 0.00748214588305468313728097129
New Hampshire,Season peak percentage,Bin,percent,3.7,3.8, 0.00622790076355424909726465899
New Hampshire,Season peak percentage,Bin,percent,3.8,3.9, 0.00502487584729923927873151968
New Hampshire,Season peak percentage,Bin,percent,3.9,4, 0.00392800486509504737792086715
New Hampshire,Season peak percentage,Bin,percent,4,4.1, 0.00297415538657551077952878593
New Hampshire,Season peak percentage,Bin,percent,4.1,4.2, 0.00218069566827669035144476872
New Hampshire,Season peak percentage,Bin,percent,4.2,4.3, 0.00154813307843388626994229895
New Hampshire,Season peak percentage,Bin,percent,4.3,4.4, 0.00106403719604452901698055101
New Hampshire,Season peak percentage,Bin,percent,4.4,4.5, 0.00070800610090629521181648798
New Hampshire,Season peak percentage,Bin,percent,4.5,4.6, 0.00045604346552294104796473895
New Hampshire,Season peak percentage,Bin,percent,4.6,4.7, 0.00028433129541375197187405566
New Hampshire,Season peak percentage,Bin,percent,4.7,4.8, 0.00017162153884141159677564903
New Hampshire,Season peak percentage,Bin,percent,4.8,4.9, 0.00012503047096820845709118364
New Hampshire,Season peak percentage,Bin,percent,4.9,5, 0.00012481587319467175086623589
New Hampshire,Season peak percentage,Bin,percent,5,5.1, 0.00012481587319467175086623589
New Hampshire,Season peak percentage,Bin,percent,5.1,5.2, 0.00012481587319467175086623589
New Hampshire,Season peak percentage,Bin,percent,5.2,5.3, 0.00012481587319467175086623589
New Hampshire,Season peak percentage,Bin,percent,5.3,5.4, 0.00012481587319467175086623589
New Hampshire,Season peak percentage,Bin,percent,5.4,5.5, 0.00012481587319467175086623589
New Hampshire,Season peak percentage,Bin,percent,5.5,5.6, 0.00012481587319467175086623589
New Hampshire,Season peak percentage,Bin,percent,5.6,5.7, 0.00012481587319467175086623589
New Hampshire,Season peak percentage,Bin,percent,5.7,5.8, 0.00012481587319467175086623589
New Hampshire,Season peak percentage,Bin,percent,5.8,5.9, 0.00012481587319467175086623589
New Hampshire,Season peak percentage,Bin,percent,5.9,6, 0.00012481587319467175086623589
New Hampshire,Season peak percentage,Bin,percent,6,6.1, 0.00012481587319467175086623589
New Hampshire,Season peak percentage,Bin,percent,6.1,6.2, 0.00012481587319467175086623589
New Hampshire,Season peak percentage,Bin,percent,6.2,6.3, 0.00012481587319467175086623589
New Hampshire,Season peak percentage,Bin,percent,6.3,6.4, 0.00012481587319467175086623589
New Hampshire,Season peak percentage,Bin,percent,6.4,6.5, 0.00012481587319467175086623589
New Hampshire,Season peak percentage,Bin,percent,6.5,6.6, 0.00012481587319467175086623589
New Hampshire,Season peak percentage,Bin,percent,6.6,6.7, 0.00012481587319467175086623589
New Hampshire,Season peak percentage,Bin,percent,6.7,6.8, 0.00012481587319467175086623589
New Hampshire,Season peak percentage,Bin,percent,6.8,6.9, 0.00012481587319467175086623589
New Hampshire,Season peak percentage,Bin,percent,6.9,7, 0.00012481587319467175086623589
New Hampshire,Season peak percentage,Bin,percent,7,7.1, 0.00012481587319467175086623589
New Hampshire,Season peak percentage,Bin,percent,7.1,7.2, 0.00012481587319467175086623589
New Hampshire,Season peak percentage,Bin,percent,7.2,7.3, 0.00012481587319467175086623589
New Hampshire,Season peak percentage,Bin,percent,7.3,7.4, 0.00012481587319467175086623589
New Hampshire,Season peak percentage,Bin,percent,7.4,7.5, 0.00012481587319467175086623589
New Hampshire,Season peak percentage,Bin,percent,7.5,7.6, 0.00012481587319467175086623589
New Hampshire,Season peak percentage,Bin,percent,7.6,7.7, 0.00012481587319467175086623589
New Hampshire,Season peak percentage,Bin,percent,7.7,7.8, 0.00012481587319467175086623589
New Hampshire,Season peak percentage,Bin,percent,7.8,7.9, 0.00012481587319467175086623589
New Hampshire,Season peak percentage,Bin,percent,7.9,8, 0.00012481587319467175086623589
New Hampshire,Season peak percentage,Bin,percent,8,8.1, 0.00012481587319467283506840838
New Hampshire,Season peak percentage,Bin,percent,8.1,8.2, 0.00012481587319467394637563518
New Hampshire,Season peak percentage,Bin,percent,8.2,8.3, 0.00012481587319467394637563518
New Hampshire,Season peak percentage,Bin,percent,8.3,8.4, 0.00012481587319467394637563518
New Hampshire,Season peak percentage,Bin,percent,8.4,8.5, 0.00012481587319467394637563518
New Hampshire,Season peak percentage,Bin,percent,8.5,8.6, 0.00012481587319467394637563518
New Hampshire,Season peak percentage,Bin,percent,8.6,8.7, 0.00012481587319467394637563518
New Hampshire,Season peak percentage,Bin,percent,8.7,8.8, 0.00012481587319467394637563518
New Hampshire,Season peak percentage,Bin,percent,8.8,8.9, 0.00012481587319467394637563518
New Hampshire,Season peak percentage,Bin,percent,8.9,9, 0.00012481587319467394637563518
New Hampshire,Season peak percentage,Bin,percent,9,9.1, 0.00012481587319467394637563518
New Hampshire,Season peak percentage,Bin,percent,9.1,9.2, 0.00012481587319467394637563518
New Hampshire,Season peak percentage,Bin,percent,9.2,9.3, 0.00012481587319467394637563518
New Hampshire,Season peak percentage,Bin,percent,9.3,9.4, 0.00012481587319467394637563518
New Hampshire,Season peak percentage,Bin,percent,9.4,9.5, 0.00012481587319467394637563518
New Hampshire,Season peak percentage,Bin,percent,9.5,9.6, 0.00012481587319467394637563518
New Hampshire,Season peak percentage,Bin,percent,9.6,9.7, 0.00012481587319467394637563518
New Hampshire,Season peak percentage,Bin,percent,9.7,9.8, 0.00012481587319467394637563518
New Hampshire,Season peak percentage,Bin,percent,9.8,9.9, 0.00012481587319467394637563518
New Hampshire,Season peak percentage,Bin,percent,9.9,10, 0.00012481587319467394637563518
New Hampshire,Season peak percentage,Bin,percent,10,10.1, 0.00012481587319467394637563518
New Hampshire,Season peak percentage,Bin,percent,10.1,10.2, 0.00012481587319467394637563518
New Hampshire,Season peak percentage,Bin,percent,10.2,10.3, 0.00012481587319467394637563518
New Hampshire,Season peak percentage,Bin,percent,10.3,10.4, 0.00012481587319467394637563518
New Hampshire,Season peak percentage,Bin,percent,10.4,10.5, 0.00012481587319467394637563518
New Hampshire,Season peak percentage,Bin,percent,10.5,10.6, 0.00012481587319467394637563518
New Hampshire,Season peak percentage,Bin,percent,10.6,10.7, 0.00012481587319467394637563518
New Hampshire,Season peak percentage,Bin,percent,10.7,10.8, 0.00012481587319467394637563518
New Hampshire,Season peak percentage,Bin,percent,10.8,10.9, 0.00012481587319467394637563518
New Hampshire,Season peak percentage,Bin,percent,10.9,11, 0.00012481587319467394637563518
New Hampshire,Season peak percentage,Bin,percent,11,11.1, 0.00012481587319467394637563518
New Hampshire,Season peak percentage,Bin,percent,11.1,11.2, 0.00012481587319467394637563518
New Hampshire,Season peak percentage,Bin,percent,11.2,11.3, 0.00012481587319467394637563518
New Hampshire,Season peak percentage,Bin,percent,11.3,11.4, 0.00012481587319467394637563518
New Hampshire,Season peak percentage,Bin,percent,11.4,11.5, 0.00012481587319467394637563518
New Hampshire,Season peak percentage,Bin,percent,11.5,11.6, 0.00012481587319467394637563518
New Hampshire,Season peak percentage,Bin,percent,11.6,11.7, 0.00012481587319467394637563518
New Hampshire,Season peak percentage,Bin,percent,11.7,11.8, 0.00012481587319467394637563518
New Hampshire,Season peak percentage,Bin,percent,11.8,11.9, 0.00012481587319467394637563518
New Hampshire,Season peak percentage,Bin,percent,11.9,12, 0.00012481587319467394637563518
New Hampshire,Season peak percentage,Bin,percent,12,12.1, 0.00012481587319467394637563518
New Hampshire,Season peak percentage,Bin,percent,12.1,12.2, 0.00012481587319467394637563518
New Hampshire,Season peak percentage,Bin,percent,12.2,12.3, 0.00012481587319467394637563518
New Hampshire,Season peak percentage,Bin,percent,12.3,12.4, 0.00012481587319467394637563518
New Hampshire,Season peak percentage,Bin,percent,12.4,12.5, 0.00012481587319467394637563518
New Hampshire,Season peak percentage,Bin,percent,12.5,12.6, 0.00012481587319467394637563518
New Hampshire,Season peak percentage,Bin,percent,12.6,12.7, 0.00012481587319467394637563518
New Hampshire,Season peak percentage,Bin,percent,12.7,12.8, 0.00012481587319467394637563518
New Hampshire,Season peak percentage,Bin,percent,12.8,12.9, 0.00012481587319467394637563518
New Hampshire,Season peak percentage,Bin,percent,12.9,13, 0.00012481587319467394637563518
New Hampshire,Season peak percentage,Bin,percent,13,100, 0.00012481587319467394637563518
New Hampshire,1 wk ahead,Bin,percent,0,0.1, 0.00765140221542706319701743212
New Hampshire,1 wk ahead,Bin,percent,0.1,0.2, 0.03123058651212325814716663785
New Hampshire,1 wk ahead,Bin,percent,0.2,0.3, 0.05865576340204709665515636630
New Hampshire,1 wk ahead,Bin,percent,0.3,0.4, 0.08081380515352676319196234545
New Hampshire,1 wk ahead,Bin,percent,0.4,0.5, 0.08254519932761732181614178216
New Hampshire,1 wk ahead,Bin,percent,0.5,0.6, 0.06267252687416496881311900324
New Hampshire,1 wk ahead,Bin,percent,0.6,0.7, 0.03856892914701927355114463580
New Hampshire,1 wk ahead,Bin,percent,0.7,0.8, 0.03315186050999963107699386455
New Hampshire,1 wk ahead,Bin,percent,0.8,0.9, 0.05679118839323060718982105755
New Hampshire,1 wk ahead,Bin,percent,0.9,1, 0.09437095519616656158490286543
New Hampshire,1 wk ahead,Bin,percent,1,1.1, 0.11104078977331338640155422581
New Hampshire,1 wk ahead,Bin,percent,1.1,1.2, 0.08873628963204668873565594822
New Hampshire,1 wk ahead,Bin,percent,1.2,1.3, 0.04796994169944050756537734514
New Hampshire,1 wk ahead,Bin,percent,1.3,1.4, 0.01753457335389930343838571503
New Hampshire,1 wk ahead,Bin,percent,1.4,1.5, 0.00433324342799085160393701699
New Hampshire,1 wk ahead,Bin,percent,1.5,1.6, 0.00072361256094596859960582647
New Hampshire,1 wk ahead,Bin,percent,1.6,1.7, 0.00008183447423904186544298123
New Hampshire,1 wk ahead,Bin,percent,1.7,1.8, 0.00001054371214071321269432988
New Hampshire,1 wk ahead,Bin,percent,1.8,1.9, 0.00005279599634267787488465379
New Hampshire,1 wk ahead,Bin,percent,1.9,2, 0.00042375605450043591585634895
New Hampshire,1 wk ahead,Bin,percent,2,2.1, 0.00228755324291890103569069304
New Hampshire,1 wk ahead,Bin,percent,2.1,2.2, 0.00826236614693674591147765085
New Hampshire,1 wk ahead,Bin,percent,2.2,2.3, 0.01997883343966875765995716563
New Hampshire,1 wk ahead,Bin,percent,2.3,2.4, 0.03235713198185070221812864588
New Hampshire,1 wk ahead,Bin,percent,2.4,2.5, 0.03511181850088047895486198513
New Hampshire,1 wk ahead,Bin,percent,2.5,2.6, 0.02552796495347148253429736542
New Hampshire,1 wk ahead,Bin,percent,2.6,2.7, 0.01243332656476636016718018141
New Hampshire,1 wk ahead,Bin,percent,2.7,2.8, 0.00405525978128864778710083172
New Hampshire,1 wk ahead,Bin,percent,2.8,2.9, 0.00089272711726274731579289234
New Hampshire,1 wk ahead,Bin,percent,2.9,3, 0.00040915118485071379651057955
New Hampshire,1 wk ahead,Bin,percent,3,3.1, 0.00040915118485071379651057955
New Hampshire,1 wk ahead,Bin,percent,3.1,3.2, 0.00040915118485071379651057955
New Hampshire,1 wk ahead,Bin,percent,3.2,3.3, 0.00040915118485071379651057955
New Hampshire,1 wk ahead,Bin,percent,3.3,3.4, 0.00040915118485071379651057955
New Hampshire,1 wk ahead,Bin,percent,3.4,3.5, 0.00040915118485071379651057955
New Hampshire,1 wk ahead,Bin,percent,3.5,3.6, 0.00040915118485071379651057955
New Hampshire,1 wk ahead,Bin,percent,3.6,3.7, 0.00040915118485071379651057955
New Hampshire,1 wk ahead,Bin,percent,3.7,3.8, 0.00040915118485071379651057955
New Hampshire,1 wk ahead,Bin,percent,3.8,3.9, 0.00040915118485071379651057955
New Hampshire,1 wk ahead,Bin,percent,3.9,4, 0.00040915118485071379651057955
New Hampshire,1 wk ahead,Bin,percent,4,4.1, 0.00040915118485071379651057955
New Hampshire,1 wk ahead,Bin,percent,4.1,4.2, 0.00040915118485071379651057955
New Hampshire,1 wk ahead,Bin,percent,4.2,4.3, 0.00040915118485071379651057955
New Hampshire,1 wk ahead,Bin,percent,4.3,4.4, 0.00040915118485071379651057955
New Hampshire,1 wk ahead,Bin,percent,4.4,4.5, 0.00040915118485071379651057955
New Hampshire,1 wk ahead,Bin,percent,4.5,4.6, 0.00040915118485071379651057955
New Hampshire,1 wk ahead,Bin,percent,4.6,4.7, 0.00040915118485071379651057955
New Hampshire,1 wk ahead,Bin,percent,4.7,4.8, 0.00040915118485071379651057955
New Hampshire,1 wk ahead,Bin,percent,4.8,4.9, 0.00040915118485071379651057955
New Hampshire,1 wk ahead,Bin,percent,4.9,5, 0.00040915118485071379651057955
New Hampshire,1 wk ahead,Bin,percent,5,5.1, 0.00040915118485071379651057955
New Hampshire,1 wk ahead,Bin,percent,5.1,5.2, 0.00040915118485071379651057955
New Hampshire,1 wk ahead,Bin,percent,5.2,5.3, 0.00040915118485071379651057955
New Hampshire,1 wk ahead,Bin,percent,5.3,5.4, 0.00040915118485071379651057955
New Hampshire,1 wk ahead,Bin,percent,5.4,5.5, 0.00040915118485071379651057955
New Hampshire,1 wk ahead,Bin,percent,5.5,5.6, 0.00040915118485071379651057955
New Hampshire,1 wk ahead,Bin,percent,5.6,5.7, 0.00040915118485071379651057955
New Hampshire,1 wk ahead,Bin,percent,5.7,5.8, 0.00040915118485071379651057955
New Hampshire,1 wk ahead,Bin,percent,5.8,5.9, 0.00040915118485071379651057955
New Hampshire,1 wk ahead,Bin,percent,5.9,6, 0.00040915118485071379651057955
New Hampshire,1 wk ahead,Bin,percent,6,6.1, 0.00040915118485071379651057955
New Hampshire,1 wk ahead,Bin,percent,6.1,6.2, 0.00040915118485071379651057955
New Hampshire,1 wk ahead,Bin,percent,6.2,6.3, 0.00040915118485071379651057955
New Hampshire,1 wk ahead,Bin,percent,6.3,6.4, 0.00040915118485071379651057955
New Hampshire,1 wk ahead,Bin,percent,6.4,6.5, 0.00040915118485071379651057955
New Hampshire,1 wk ahead,Bin,percent,6.5,6.6, 0.00040915118485071379651057955
New Hampshire,1 wk ahead,Bin,percent,6.6,6.7, 0.00040915118485071379651057955
New Hampshire,1 wk ahead,Bin,percent,6.7,6.8, 0.00040915118485071379651057955
New Hampshire,1 wk ahead,Bin,percent,6.8,6.9, 0.00040915118485071379651057955
New Hampshire,1 wk ahead,Bin,percent,6.9,7, 0.00040915118485071379651057955
New Hampshire,1 wk ahead,Bin,percent,7,7.1, 0.00040915118485071379651057955
New Hampshire,1 wk ahead,Bin,percent,7.1,7.2, 0.00040915118485071379651057955
New Hampshire,1 wk ahead,Bin,percent,7.2,7.3, 0.00040915118485071379651057955
New Hampshire,1 wk ahead,Bin,percent,7.3,7.4, 0.00040915118485071379651057955
New Hampshire,1 wk ahead,Bin,percent,7.4,7.5, 0.00040915118485071379651057955
New Hampshire,1 wk ahead,Bin,percent,7.5,7.6, 0.00040915118485071379651057955
New Hampshire,1 wk ahead,Bin,percent,7.6,7.7, 0.00040915118485071379651057955
New Hampshire,1 wk ahead,Bin,percent,7.7,7.8, 0.00040915118485071379651057955
New Hampshire,1 wk ahead,Bin,percent,7.8,7.9, 0.00040915118485071379651057955
New Hampshire,1 wk ahead,Bin,percent,7.9,8, 0.00040915118485071379651057955
New Hampshire,1 wk ahead,Bin,percent,8,8.1, 0.00040915118485071742858785737
New Hampshire,1 wk ahead,Bin,percent,8.1,8.2, 0.00040915118485072111487524382
New Hampshire,1 wk ahead,Bin,percent,8.2,8.3, 0.00040915118485072111487524382
New Hampshire,1 wk ahead,Bin,percent,8.3,8.4, 0.00040915118485072111487524382
New Hampshire,1 wk ahead,Bin,percent,8.4,8.5, 0.00040915118485072111487524382
New Hampshire,1 wk ahead,Bin,percent,8.5,8.6, 0.00040915118485072111487524382
New Hampshire,1 wk ahead,Bin,percent,8.6,8.7, 0.00040915118485072111487524382
New Hampshire,1 wk ahead,Bin,percent,8.7,8.8, 0.00040915118485072111487524382
New Hampshire,1 wk ahead,Bin,percent,8.8,8.9, 0.00040915118485072111487524382
New Hampshire,1 wk ahead,Bin,percent,8.9,9, 0.00040915118485072111487524382
New Hampshire,1 wk ahead,Bin,percent,9,9.1, 0.00040915118485072111487524382
New Hampshire,1 wk ahead,Bin,percent,9.1,9.2, 0.00040915118485072111487524382
New Hampshire,1 wk ahead,Bin,percent,9.2,9.3, 0.00040915118485072111487524382
New Hampshire,1 wk ahead,Bin,percent,9.3,9.4, 0.00040915118485072111487524382
New Hampshire,1 wk ahead,Bin,percent,9.4,9.5, 0.00040915118485072111487524382
New Hampshire,1 wk ahead,Bin,percent,9.5,9.6, 0.00040915118485072111487524382
New Hampshire,1 wk ahead,Bin,percent,9.6,9.7, 0.00040915118485072111487524382
New Hampshire,1 wk ahead,Bin,percent,9.7,9.8, 0.00040915118485072111487524382
New Hampshire,1 wk ahead,Bin,percent,9.8,9.9, 0.00040915118485072111487524382
New Hampshire,1 wk ahead,Bin,percent,9.9,10, 0.00040915118485072111487524382
New Hampshire,1 wk ahead,Bin,percent,10,10.1, 0.00040915118485072111487524382
New Hampshire,1 wk ahead,Bin,percent,10.1,10.2, 0.00040915118485072111487524382
New Hampshire,1 wk ahead,Bin,percent,10.2,10.3, 0.00040915118485072111487524382
New Hampshire,1 wk ahead,Bin,percent,10.3,10.4, 0.00040915118485072111487524382
New Hampshire,1 wk ahead,Bin,percent,10.4,10.5, 0.00040915118485072111487524382
New Hampshire,1 wk ahead,Bin,percent,10.5,10.6, 0.00040915118485072111487524382
New Hampshire,1 wk ahead,Bin,percent,10.6,10.7, 0.00040915118485072111487524382
New Hampshire,1 wk ahead,Bin,percent,10.7,10.8, 0.00040915118485072111487524382
New Hampshire,1 wk ahead,Bin,percent,10.8,10.9, 0.00040915118485072111487524382
New Hampshire,1 wk ahead,Bin,percent,10.9,11, 0.00040915118485072111487524382
New Hampshire,1 wk ahead,Bin,percent,11,11.1, 0.00040915118485072111487524382
New Hampshire,1 wk ahead,Bin,percent,11.1,11.2, 0.00040915118485072111487524382
New Hampshire,1 wk ahead,Bin,percent,11.2,11.3, 0.00040915118485072111487524382
New Hampshire,1 wk ahead,Bin,percent,11.3,11.4, 0.00040915118485072111487524382
New Hampshire,1 wk ahead,Bin,percent,11.4,11.5, 0.00040915118485072111487524382
New Hampshire,1 wk ahead,Bin,percent,11.5,11.6, 0.00040915118485072111487524382
New Hampshire,1 wk ahead,Bin,percent,11.6,11.7, 0.00040915118485072111487524382
New Hampshire,1 wk ahead,Bin,percent,11.7,11.8, 0.00040915118485072111487524382
New Hampshire,1 wk ahead,Bin,percent,11.8,11.9, 0.00040915118485072111487524382
New Hampshire,1 wk ahead,Bin,percent,11.9,12, 0.00040915118485072111487524382
New Hampshire,1 wk ahead,Bin,percent,12,12.1, 0.00040915118485072111487524382
New Hampshire,1 wk ahead,Bin,percent,12.1,12.2, 0.00040915118485072111487524382
New Hampshire,1 wk ahead,Bin,percent,12.2,12.3, 0.00040915118485072111487524382
New Hampshire,1 wk ahead,Bin,percent,12.3,12.4, 0.00040915118485072111487524382
New Hampshire,1 wk ahead,Bin,percent,12.4,12.5, 0.00040915118485072111487524382
New Hampshire,1 wk ahead,Bin,percent,12.5,12.6, 0.00040915118485072111487524382
New Hampshire,1 wk ahead,Bin,percent,12.6,12.7, 0.00040915118485072111487524382
New Hampshire,1 wk ahead,Bin,percent,12.7,12.8, 0.00040915118485072111487524382
New Hampshire,1 wk ahead,Bin,percent,12.8,12.9, 0.00040915118485072111487524382
New Hampshire,1 wk ahead,Bin,percent,12.9,13, 0.00040915118485072111487524382
New Hampshire,1 wk ahead,Bin,percent,13,100, 0.00040915118485072111487524382
New Hampshire,2 wk ahead,Bin,percent,0,0.1, 0.02001694466046163162209481357
New Hampshire,2 wk ahead,Bin,percent,0.1,0.2, 0.04894729657095753250217740060
New Hampshire,2 wk ahead,Bin,percent,0.2,0.3, 0.05717898073528765445772137355
New Hampshire,2 wk ahead,Bin,percent,0.3,0.4, 0.06085796158184397786072850067
New Hampshire,2 wk ahead,Bin,percent,0.4,0.5, 0.05820119831670457488659309320
New Hampshire,2 wk ahead,Bin,percent,0.5,0.6, 0.04754361450309429332206079266
New Hampshire,2 wk ahead,Bin,percent,0.6,0.7, 0.03316765647702762942472531904
New Hampshire,2 wk ahead,Bin,percent,0.7,0.8, 0.02516017405649388638533281437
New Hampshire,2 wk ahead,Bin,percent,0.8,0.9, 0.03257197554882226842032366676
New Hampshire,2 wk ahead,Bin,percent,0.9,1, 0.05622228870890196711362918336
New Hampshire,2 wk ahead,Bin,percent,1,1.1, 0.08459029326474840071448113576
New Hampshire,2 wk ahead,Bin,percent,1.1,1.2, 0.09864454610978659609976659794
New Hampshire,2 wk ahead,Bin,percent,1.2,1.3, 0.08752871759222835557068265189
New Hampshire,2 wk ahead,Bin,percent,1.3,1.4, 0.05902355620489955351226640801
New Hampshire,2 wk ahead,Bin,percent,1.4,1.5, 0.03061042713186538921643631284
New Hampshire,2 wk ahead,Bin,percent,1.5,1.6, 0.01367020403614828752414389612
New Hampshire,2 wk ahead,Bin,percent,1.6,1.7, 0.00946072386147579422188691467
New Hampshire,2 wk ahead,Bin,percent,1.7,1.8, 0.01449568988369424188400458320
New Hampshire,2 wk ahead,Bin,percent,1.8,1.9, 0.02369781296568519365908223051
New Hampshire,2 wk ahead,Bin,percent,1.9,2, 0.03049606921348621893508301639
New Hampshire,2 wk ahead,Bin,percent,2,2.1, 0.02969733701827708197140687219
New Hampshire,2 wk ahead,Bin,percent,2.1,2.2, 0.02179565891748995454246795589
New Hampshire,2 wk ahead,Bin,percent,2.2,2.3, 0.01205051899123792992496451149
New Hampshire,2 wk ahead,Bin,percent,2.3,2.4, 0.00501832563043449857154154614
New Hampshire,2 wk ahead,Bin,percent,2.4,2.5, 0.00157382785820091818107524517
New Hampshire,2 wk ahead,Bin,percent,2.5,2.6, 0.00043512646783067462528601932
New Hampshire,2 wk ahead,Bin,percent,2.6,2.7, 0.00035564832088490639511180191
New Hampshire,2 wk ahead,Bin,percent,2.7,2.8, 0.00035564832088490639511180191
New Hampshire,2 wk ahead,Bin,percent,2.8,2.9, 0.00035564832088490639511180191
New Hampshire,2 wk ahead,Bin,percent,2.9,3, 0.00035564832088490639511180191
New Hampshire,2 wk ahead,Bin,percent,3,3.1, 0.00035564832088490639511180191
New Hampshire,2 wk ahead,Bin,percent,3.1,3.2, 0.00035564832088490639511180191
New Hampshire,2 wk ahead,Bin,percent,3.2,3.3, 0.00035564832088490639511180191
New Hampshire,2 wk ahead,Bin,percent,3.3,3.4, 0.00035564832088490639511180191
New Hampshire,2 wk ahead,Bin,percent,3.4,3.5, 0.00035564832088490639511180191
New Hampshire,2 wk ahead,Bin,percent,3.5,3.6, 0.00035564832088490639511180191
New Hampshire,2 wk ahead,Bin,percent,3.6,3.7, 0.00035564832088490639511180191
New Hampshire,2 wk ahead,Bin,percent,3.7,3.8, 0.00035564832088490639511180191
New Hampshire,2 wk ahead,Bin,percent,3.8,3.9, 0.00035564832088490639511180191
New Hampshire,2 wk ahead,Bin,percent,3.9,4, 0.00035564832088490639511180191
New Hampshire,2 wk ahead,Bin,percent,4,4.1, 0.00035564832088490639511180191
New Hampshire,2 wk ahead,Bin,percent,4.1,4.2, 0.00035564832088490639511180191
New Hampshire,2 wk ahead,Bin,percent,4.2,4.3, 0.00035564832088490639511180191
New Hampshire,2 wk ahead,Bin,percent,4.3,4.4, 0.00035564832088490639511180191
New Hampshire,2 wk ahead,Bin,percent,4.4,4.5, 0.00035564832088490639511180191
New Hampshire,2 wk ahead,Bin,percent,4.5,4.6, 0.00035564832088490639511180191
New Hampshire,2 wk ahead,Bin,percent,4.6,4.7, 0.00035564832088490639511180191
New Hampshire,2 wk ahead,Bin,percent,4.7,4.8, 0.00035564832088490639511180191
New Hampshire,2 wk ahead,Bin,percent,4.8,4.9, 0.00035564832088490639511180191
New Hampshire,2 wk ahead,Bin,percent,4.9,5, 0.00035564832088490639511180191
New Hampshire,2 wk ahead,Bin,percent,5,5.1, 0.00035564832088490639511180191
New Hampshire,2 wk ahead,Bin,percent,5.1,5.2, 0.00035564832088490639511180191
New Hampshire,2 wk ahead,Bin,percent,5.2,5.3, 0.00035564832088490639511180191
New Hampshire,2 wk ahead,Bin,percent,5.3,5.4, 0.00035564832088490639511180191
New Hampshire,2 wk ahead,Bin,percent,5.4,5.5, 0.00035564832088490639511180191
New Hampshire,2 wk ahead,Bin,percent,5.5,5.6, 0.00035564832088490639511180191
New Hampshire,2 wk ahead,Bin,percent,5.6,5.7, 0.00035564832088490639511180191
New Hampshire,2 wk ahead,Bin,percent,5.7,5.8, 0.00035564832088490639511180191
New Hampshire,2 wk ahead,Bin,percent,5.8,5.9, 0.00035564832088490639511180191
New Hampshire,2 wk ahead,Bin,percent,5.9,6, 0.00035564832088490639511180191
New Hampshire,2 wk ahead,Bin,percent,6,6.1, 0.00035564832088490639511180191
New Hampshire,2 wk ahead,Bin,percent,6.1,6.2, 0.00035564832088490639511180191
New Hampshire,2 wk ahead,Bin,percent,6.2,6.3, 0.00035564832088490639511180191
New Hampshire,2 wk ahead,Bin,percent,6.3,6.4, 0.00035564832088490639511180191
New Hampshire,2 wk ahead,Bin,percent,6.4,6.5, 0.00035564832088490639511180191
New Hampshire,2 wk ahead,Bin,percent,6.5,6.6, 0.00035564832088490639511180191
New Hampshire,2 wk ahead,Bin,percent,6.6,6.7, 0.00035564832088490639511180191
New Hampshire,2 wk ahead,Bin,percent,6.7,6.8, 0.00035564832088490639511180191
New Hampshire,2 wk ahead,Bin,percent,6.8,6.9, 0.00035564832088490639511180191
New Hampshire,2 wk ahead,Bin,percent,6.9,7, 0.00035564832088490639511180191
New Hampshire,2 wk ahead,Bin,percent,7,7.1, 0.00035564832088490639511180191
New Hampshire,2 wk ahead,Bin,percent,7.1,7.2, 0.00035564832088490639511180191
New Hampshire,2 wk ahead,Bin,percent,7.2,7.3, 0.00035564832088490639511180191
New Hampshire,2 wk ahead,Bin,percent,7.3,7.4, 0.00035564832088490639511180191
New Hampshire,2 wk ahead,Bin,percent,7.4,7.5, 0.00035564832088490639511180191
New Hampshire,2 wk ahead,Bin,percent,7.5,7.6, 0.00035564832088490639511180191
New Hampshire,2 wk ahead,Bin,percent,7.6,7.7, 0.00035564832088490639511180191
New Hampshire,2 wk ahead,Bin,percent,7.7,7.8, 0.00035564832088490639511180191
New Hampshire,2 wk ahead,Bin,percent,7.8,7.9, 0.00035564832088490639511180191
New Hampshire,2 wk ahead,Bin,percent,7.9,8, 0.00035564832088490639511180191
New Hampshire,2 wk ahead,Bin,percent,8,8.1, 0.00035564832088490953929810212
New Hampshire,2 wk ahead,Bin,percent,8.1,8.2, 0.00035564832088491273769451095
New Hampshire,2 wk ahead,Bin,percent,8.2,8.3, 0.00035564832088491273769451095
New Hampshire,2 wk ahead,Bin,percent,8.3,8.4, 0.00035564832088491273769451095
New Hampshire,2 wk ahead,Bin,percent,8.4,8.5, 0.00035564832088491273769451095
New Hampshire,2 wk ahead,Bin,percent,8.5,8.6, 0.00035564832088491273769451095
New Hampshire,2 wk ahead,Bin,percent,8.6,8.7, 0.00035564832088491273769451095
New Hampshire,2 wk ahead,Bin,percent,8.7,8.8, 0.00035564832088491273769451095
New Hampshire,2 wk ahead,Bin,percent,8.8,8.9, 0.00035564832088491273769451095
New Hampshire,2 wk ahead,Bin,percent,8.9,9, 0.00035564832088491273769451095
New Hampshire,2 wk ahead,Bin,percent,9,9.1, 0.00035564832088491273769451095
New Hampshire,2 wk ahead,Bin,percent,9.1,9.2, 0.00035564832088491273769451095
New Hampshire,2 wk ahead,Bin,percent,9.2,9.3, 0.00035564832088491273769451095
New Hampshire,2 wk ahead,Bin,percent,9.3,9.4, 0.00035564832088491273769451095
New Hampshire,2 wk ahead,Bin,percent,9.4,9.5, 0.00035564832088491273769451095
New Hampshire,2 wk ahead,Bin,percent,9.5,9.6, 0.00035564832088491273769451095
New Hampshire,2 wk ahead,Bin,percent,9.6,9.7, 0.00035564832088491273769451095
New Hampshire,2 wk ahead,Bin,percent,9.7,9.8, 0.00035564832088491273769451095
New Hampshire,2 wk ahead,Bin,percent,9.8,9.9, 0.00035564832088491273769451095
New Hampshire,2 wk ahead,Bin,percent,9.9,10, 0.00035564832088491273769451095
New Hampshire,2 wk ahead,Bin,percent,10,10.1, 0.00035564832088491273769451095
New Hampshire,2 wk ahead,Bin,percent,10.1,10.2, 0.00035564832088491273769451095
New Hampshire,2 wk ahead,Bin,percent,10.2,10.3, 0.00035564832088491273769451095
New Hampshire,2 wk ahead,Bin,percent,10.3,10.4, 0.00035564832088491273769451095
New Hampshire,2 wk ahead,Bin,percent,10.4,10.5, 0.00035564832088491273769451095
New Hampshire,2 wk ahead,Bin,percent,10.5,10.6, 0.00035564832088491273769451095
New Hampshire,2 wk ahead,Bin,percent,10.6,10.7, 0.00035564832088491273769451095
New Hampshire,2 wk ahead,Bin,percent,10.7,10.8, 0.00035564832088491273769451095
New Hampshire,2 wk ahead,Bin,percent,10.8,10.9, 0.00035564832088491273769451095
New Hampshire,2 wk ahead,Bin,percent,10.9,11, 0.00035564832088491273769451095
New Hampshire,2 wk ahead,Bin,percent,11,11.1, 0.00035564832088491273769451095
New Hampshire,2 wk ahead,Bin,percent,11.1,11.2, 0.00035564832088491273769451095
New Hampshire,2 wk ahead,Bin,percent,11.2,11.3, 0.00035564832088491273769451095
New Hampshire,2 wk ahead,Bin,percent,11.3,11.4, 0.00035564832088491273769451095
New Hampshire,2 wk ahead,Bin,percent,11.4,11.5, 0.00035564832088491273769451095
New Hampshire,2 wk ahead,Bin,percent,11.5,11.6, 0.00035564832088491273769451095
New Hampshire,2 wk ahead,Bin,percent,11.6,11.7, 0.00035564832088491273769451095
New Hampshire,2 wk ahead,Bin,percent,11.7,11.8, 0.00035564832088491273769451095
New Hampshire,2 wk ahead,Bin,percent,11.8,11.9, 0.00035564832088491273769451095
New Hampshire,2 wk ahead,Bin,percent,11.9,12, 0.00035564832088491273769451095
New Hampshire,2 wk ahead,Bin,percent,12,12.1, 0.00035564832088491273769451095
New Hampshire,2 wk ahead,Bin,percent,12.1,12.2, 0.00035564832088491273769451095
New Hampshire,2 wk ahead,Bin,percent,12.2,12.3, 0.00035564832088491273769451095
New Hampshire,2 wk ahead,Bin,percent,12.3,12.4, 0.00035564832088491273769451095
New Hampshire,2 wk ahead,Bin,percent,12.4,12.5, 0.00035564832088491273769451095
New Hampshire,2 wk ahead,Bin,percent,12.5,12.6, 0.00035564832088491273769451095
New Hampshire,2 wk ahead,Bin,percent,12.6,12.7, 0.00035564832088491273769451095
New Hampshire,2 wk ahead,Bin,percent,12.7,12.8, 0.00035564832088491273769451095
New Hampshire,2 wk ahead,Bin,percent,12.8,12.9, 0.00035564832088491273769451095
New Hampshire,2 wk ahead,Bin,percent,12.9,13, 0.00035564832088491273769451095
New Hampshire,2 wk ahead,Bin,percent,13,100, 0.00035564832088491273769451095
New Hampshire,3 wk ahead,Bin,percent,0,0.1, 0.00715742058660523775004413949
New Hampshire,3 wk ahead,Bin,percent,0.1,0.2, 0.02695812860256428800109773647
New Hampshire,3 wk ahead,Bin,percent,0.2,0.3, 0.05176615843849573239676686853
New Hampshire,3 wk ahead,Bin,percent,0.3,0.4, 0.08329449702337822503128705875
New Hampshire,3 wk ahead,Bin,percent,0.4,0.5, 0.11285895297792136737768942112
New Hampshire,3 wk ahead,Bin,percent,0.5,0.6, 0.12833288795474673271712617861
New Hampshire,3 wk ahead,Bin,percent,0.6,0.7, 0.12244240317843757548388339274
New Hampshire,3 wk ahead,Bin,percent,0.7,0.8, 0.09995046815854312372007228760
New Hampshire,3 wk ahead,Bin,percent,0.8,0.9, 0.07325070176488202022824225423
New Hampshire,3 wk ahead,Bin,percent,0.9,1, 0.05078392997889319415705244865
New Hampshire,3 wk ahead,Bin,percent,1,1.1, 0.03334459922255447045236209647
New Hampshire,3 wk ahead,Bin,percent,1.1,1.2, 0.01972412841686451215328368392
New Hampshire,3 wk ahead,Bin,percent,1.2,1.3, 0.01064601929335465095582957673
New Hampshire,3 wk ahead,Bin,percent,1.3,1.4, 0.00751990379177706631114164182
New Hampshire,3 wk ahead,Bin,percent,1.4,1.5, 0.01061236855784118346401889710
New Hampshire,3 wk ahead,Bin,percent,1.5,1.6, 0.01819891097234059215703716461
New Hampshire,3 wk ahead,Bin,percent,1.6,1.7, 0.02602034181379952321178095076
New Hampshire,3 wk ahead,Bin,percent,1.7,1.8, 0.02886389441103684103118176552
New Hampshire,3 wk ahead,Bin,percent,1.8,1.9, 0.02460600261027906174304824560
New Hampshire,3 wk ahead,Bin,percent,1.9,2, 0.01610058595834268357904761615
New Hampshire,3 wk ahead,Bin,percent,2,2.1, 0.00808480558235935044264497407
New Hampshire,3 wk ahead,Bin,percent,2.1,2.2, 0.00311510524844029867280736923
New Hampshire,3 wk ahead,Bin,percent,2.2,2.3, 0.00092077372724802325140713855
New Hampshire,3 wk ahead,Bin,percent,2.3,2.4, 0.00033493391842245526105262265
New Hampshire,3 wk ahead,Bin,percent,2.4,2.5, 0.00032815025991468594560723782
New Hampshire,3 wk ahead,Bin,percent,2.5,2.6, 0.00032815025991468594560723782
New Hampshire,3 wk ahead,Bin,percent,2.6,2.7, 0.00032815025991468594560723782
New Hampshire,3 wk ahead,Bin,percent,2.7,2.8, 0.00032815025991468594560723782
New Hampshire,3 wk ahead,Bin,percent,2.8,2.9, 0.00032815025991468594560723782
New Hampshire,3 wk ahead,Bin,percent,2.9,3, 0.00032815025991468594560723782
New Hampshire,3 wk ahead,Bin,percent,3,3.1, 0.00032815025991468594560723782
New Hampshire,3 wk ahead,Bin,percent,3.1,3.2, 0.00032815025991468594560723782
New Hampshire,3 wk ahead,Bin,percent,3.2,3.3, 0.00032815025991468594560723782
New Hampshire,3 wk ahead,Bin,percent,3.3,3.4, 0.00032815025991468594560723782
New Hampshire,3 wk ahead,Bin,percent,3.4,3.5, 0.00032815025991468594560723782
New Hampshire,3 wk ahead,Bin,percent,3.5,3.6, 0.00032815025991468594560723782
New Hampshire,3 wk ahead,Bin,percent,3.6,3.7, 0.00032815025991468594560723782
New Hampshire,3 wk ahead,Bin,percent,3.7,3.8, 0.00032815025991468594560723782
New Hampshire,3 wk ahead,Bin,percent,3.8,3.9, 0.00032815025991468594560723782
New Hampshire,3 wk ahead,Bin,percent,3.9,4, 0.00032815025991468594560723782
New Hampshire,3 wk ahead,Bin,percent,4,4.1, 0.00032815025991468594560723782
New Hampshire,3 wk ahead,Bin,percent,4.1,4.2, 0.00032815025991468594560723782
New Hampshire,3 wk ahead,Bin,percent,4.2,4.3, 0.00032815025991468594560723782
New Hampshire,3 wk ahead,Bin,percent,4.3,4.4, 0.00032815025991468594560723782
New Hampshire,3 wk ahead,Bin,percent,4.4,4.5, 0.00032815025991468594560723782
New Hampshire,3 wk ahead,Bin,percent,4.5,4.6, 0.00032815025991468594560723782
New Hampshire,3 wk ahead,Bin,percent,4.6,4.7, 0.00032815025991468594560723782
New Hampshire,3 wk ahead,Bin,percent,4.7,4.8, 0.00032815025991468594560723782
New Hampshire,3 wk ahead,Bin,percent,4.8,4.9, 0.00032815025991468594560723782
New Hampshire,3 wk ahead,Bin,percent,4.9,5, 0.00032815025991468594560723782
New Hampshire,3 wk ahead,Bin,percent,5,5.1, 0.00032815025991468594560723782
New Hampshire,3 wk ahead,Bin,percent,5.1,5.2, 0.00032815025991468594560723782
New Hampshire,3 wk ahead,Bin,percent,5.2,5.3, 0.00032815025991468594560723782
New Hampshire,3 wk ahead,Bin,percent,5.3,5.4, 0.00032815025991468594560723782
New Hampshire,3 wk ahead,Bin,percent,5.4,5.5, 0.00032815025991468594560723782
New Hampshire,3 wk ahead,Bin,percent,5.5,5.6, 0.00032815025991468594560723782
New Hampshire,3 wk ahead,Bin,percent,5.6,5.7, 0.00032815025991468594560723782
New Hampshire,3 wk ahead,Bin,percent,5.7,5.8, 0.00032815025991468594560723782
New Hampshire,3 wk ahead,Bin,percent,5.8,5.9, 0.00032815025991468594560723782
New Hampshire,3 wk ahead,Bin,percent,5.9,6, 0.00032815025991468594560723782
New Hampshire,3 wk ahead,Bin,percent,6,6.1, 0.00032815025991468594560723782
New Hampshire,3 wk ahead,Bin,percent,6.1,6.2, 0.00032815025991468594560723782
New Hampshire,3 wk ahead,Bin,percent,6.2,6.3, 0.00032815025991468594560723782
New Hampshire,3 wk ahead,Bin,percent,6.3,6.4, 0.00032815025991468594560723782
New Hampshire,3 wk ahead,Bin,percent,6.4,6.5, 0.00032815025991468594560723782
New Hampshire,3 wk ahead,Bin,percent,6.5,6.6, 0.00032815025991468594560723782
New Hampshire,3 wk ahead,Bin,percent,6.6,6.7, 0.00032815025991468594560723782
New Hampshire,3 wk ahead,Bin,percent,6.7,6.8, 0.00032815025991468594560723782
New Hampshire,3 wk ahead,Bin,percent,6.8,6.9, 0.00032815025991468594560723782
New Hampshire,3 wk ahead,Bin,percent,6.9,7, 0.00032815025991468594560723782
New Hampshire,3 wk ahead,Bin,percent,7,7.1, 0.00032815025991468594560723782
New Hampshire,3 wk ahead,Bin,percent,7.1,7.2, 0.00032815025991468594560723782
New Hampshire,3 wk ahead,Bin,percent,7.2,7.3, 0.00032815025991468594560723782
New Hampshire,3 wk ahead,Bin,percent,7.3,7.4, 0.00032815025991468594560723782
New Hampshire,3 wk ahead,Bin,percent,7.4,7.5, 0.00032815025991468594560723782
New Hampshire,3 wk ahead,Bin,percent,7.5,7.6, 0.00032815025991468594560723782
New Hampshire,3 wk ahead,Bin,percent,7.6,7.7, 0.00032815025991468594560723782
New Hampshire,3 wk ahead,Bin,percent,7.7,7.8, 0.00032815025991468594560723782
New Hampshire,3 wk ahead,Bin,percent,7.8,7.9, 0.00032815025991468594560723782
New Hampshire,3 wk ahead,Bin,percent,7.9,8, 0.00032815025991468594560723782
New Hampshire,3 wk ahead,Bin,percent,8,8.1, 0.00032815025991468881874299490
New Hampshire,3 wk ahead,Bin,percent,8.1,8.2, 0.00032815025991469180029896924
New Hampshire,3 wk ahead,Bin,percent,8.2,8.3, 0.00032815025991469180029896924
New Hampshire,3 wk ahead,Bin,percent,8.3,8.4, 0.00032815025991469180029896924
New Hampshire,3 wk ahead,Bin,percent,8.4,8.5, 0.00032815025991469180029896924
New Hampshire,3 wk ahead,Bin,percent,8.5,8.6, 0.00032815025991469180029896924
New Hampshire,3 wk ahead,Bin,percent,8.6,8.7, 0.00032815025991469180029896924
New Hampshire,3 wk ahead,Bin,percent,8.7,8.8, 0.00032815025991469180029896924
New Hampshire,3 wk ahead,Bin,percent,8.8,8.9, 0.00032815025991469180029896924
New Hampshire,3 wk ahead,Bin,percent,8.9,9, 0.00032815025991469180029896924
New Hampshire,3 wk ahead,Bin,percent,9,9.1, 0.00032815025991469180029896924
New Hampshire,3 wk ahead,Bin,percent,9.1,9.2, 0.00032815025991469180029896924
New Hampshire,3 wk ahead,Bin,percent,9.2,9.3, 0.00032815025991469180029896924
New Hampshire,3 wk ahead,Bin,percent,9.3,9.4, 0.00032815025991469180029896924
New Hampshire,3 wk ahead,Bin,percent,9.4,9.5, 0.00032815025991469180029896924
New Hampshire,3 wk ahead,Bin,percent,9.5,9.6, 0.00032815025991469180029896924
New Hampshire,3 wk ahead,Bin,percent,9.6,9.7, 0.00032815025991469180029896924
New Hampshire,3 wk ahead,Bin,percent,9.7,9.8, 0.00032815025991469180029896924
New Hampshire,3 wk ahead,Bin,percent,9.8,9.9, 0.00032815025991469180029896924
New Hampshire,3 wk ahead,Bin,percent,9.9,10, 0.00032815025991469180029896924
New Hampshire,3 wk ahead,Bin,percent,10,10.1, 0.00032815025991469180029896924
New Hampshire,3 wk ahead,Bin,percent,10.1,10.2, 0.00032815025991469180029896924
New Hampshire,3 wk ahead,Bin,percent,10.2,10.3, 0.00032815025991469180029896924
New Hampshire,3 wk ahead,Bin,percent,10.3,10.4, 0.00032815025991469180029896924
New Hampshire,3 wk ahead,Bin,percent,10.4,10.5, 0.00032815025991469180029896924
New Hampshire,3 wk ahead,Bin,percent,10.5,10.6, 0.00032815025991469180029896924
New Hampshire,3 wk ahead,Bin,percent,10.6,10.7, 0.00032815025991469180029896924
New Hampshire,3 wk ahead,Bin,percent,10.7,10.8, 0.00032815025991469180029896924
New Hampshire,3 wk ahead,Bin,percent,10.8,10.9, 0.00032815025991469180029896924
New Hampshire,3 wk ahead,Bin,percent,10.9,11, 0.00032815025991469180029896924
New Hampshire,3 wk ahead,Bin,percent,11,11.1, 0.00032815025991469180029896924
New Hampshire,3 wk ahead,Bin,percent,11.1,11.2, 0.00032815025991469180029896924
New Hampshire,3 wk ahead,Bin,percent,11.2,11.3, 0.00032815025991469180029896924
New Hampshire,3 wk ahead,Bin,percent,11.3,11.4, 0.00032815025991469180029896924
New Hampshire,3 wk ahead,Bin,percent,11.4,11.5, 0.00032815025991469180029896924
New Hampshire,3 wk ahead,Bin,percent,11.5,11.6, 0.00032815025991469180029896924
New Hampshire,3 wk ahead,Bin,percent,11.6,11.7, 0.00032815025991469180029896924
New Hampshire,3 wk ahead,Bin,percent,11.7,11.8, 0.00032815025991469180029896924
New Hampshire,3 wk ahead,Bin,percent,11.8,11.9, 0.00032815025991469180029896924
New Hampshire,3 wk ahead,Bin,percent,11.9,12, 0.00032815025991469180029896924
New Hampshire,3 wk ahead,Bin,percent,12,12.1, 0.00032815025991469180029896924
New Hampshire,3 wk ahead,Bin,percent,12.1,12.2, 0.00032815025991469180029896924
New Hampshire,3 wk ahead,Bin,percent,12.2,12.3, 0.00032815025991469180029896924
New Hampshire,3 wk ahead,Bin,percent,12.3,12.4, 0.00032815025991469180029896924
New Hampshire,3 wk ahead,Bin,percent,12.4,12.5, 0.00032815025991469180029896924
New Hampshire,3 wk ahead,Bin,percent,12.5,12.6, 0.00032815025991469180029896924
New Hampshire,3 wk ahead,Bin,percent,12.6,12.7, 0.00032815025991469180029896924
New Hampshire,3 wk ahead,Bin,percent,12.7,12.8, 0.00032815025991469180029896924
New Hampshire,3 wk ahead,Bin,percent,12.8,12.9, 0.00032815025991469180029896924
New Hampshire,3 wk ahead,Bin,percent,12.9,13, 0.00032815025991469180029896924
New Hampshire,3 wk ahead,Bin,percent,13,100, 0.00032815025991469180029896924
New Hampshire,4 wk ahead,Bin,percent,0,0.1, 0.00091043977654976283604010279
New Hampshire,4 wk ahead,Bin,percent,0.1,0.2, 0.00182087955309952610576107457
New Hampshire,4 wk ahead,Bin,percent,0.2,0.3, 0.06063329241252853052390747735
New Hampshire,4 wk ahead,Bin,percent,0.3,0.4, 0.08038410404459764291296153260
New Hampshire,4 wk ahead,Bin,percent,0.4,0.5, 0.00060049715973298255829865289
New Hampshire,4 wk ahead,Bin,percent,0.5,0.6, 0.00000029704718392933106716345
New Hampshire,4 wk ahead,Bin,percent,0.6,0.7, 0.00724396795880767347536322021
New Hampshire,4 wk ahead,Bin,percent,0.7,0.8, 0.23600996632616108583668790288
New Hampshire,4 wk ahead,Bin,percent,0.8,0.9, 0.24615539234772976229237428925
New Hampshire,4 wk ahead,Bin,percent,0.9,1, 0.07692095521333969232458116494
New Hampshire,4 wk ahead,Bin,percent,1,1.1, 0.00010328201368269650088117795
New Hampshire,4 wk ahead,Bin,percent,1.1,1.2, 0.00000000008899163487629662714
New Hampshire,4 wk ahead,Bin,percent,1.2,1.3, 0.00000000000000000182550206941
New Hampshire,4 wk ahead,Bin,percent,1.3,1.4, 0.00000000000000001186622934642
New Hampshire,4 wk ahead,Bin,percent,1.4,1.5, 0.00000000000000000452649862862
New Hampshire,4 wk ahead,Bin,percent,1.5,1.6, 0.00000000000000000038617569576
New Hampshire,4 wk ahead,Bin,percent,1.6,1.7, 0.00000000000326691903793001015
New Hampshire,4 wk ahead,Bin,percent,1.7,1.8, 0.00001068148950970658481239399
New Hampshire,4 wk ahead,Bin,percent,1.8,1.9, 0.02091656863121190909615698672
New Hampshire,4 wk ahead,Bin,percent,1.9,2, 0.09503578085518703255640815541
New Hampshire,4 wk ahead,Bin,percent,2,2.1, 0.00437516921534147895656019500
New Hampshire,4 wk ahead,Bin,percent,2.1,2.2, 0.00153526114420978734495526474
New Hampshire,4 wk ahead,Bin,percent,2.2,2.3, 0.00153526114420978734495526474
New Hampshire,4 wk ahead,Bin,percent,2.3,2.4, 0.00153526114420978734495526474
New Hampshire,4 wk ahead,Bin,percent,2.4,2.5, 0.00153526114420978734495526474
New Hampshire,4 wk ahead,Bin,percent,2.5,2.6, 0.00153526114420978734495526474
New Hampshire,4 wk ahead,Bin,percent,2.6,2.7, 0.00153526114420978734495526474
New Hampshire,4 wk ahead,Bin,percent,2.7,2.8, 0.00153526114420978734495526474
New Hampshire,4 wk ahead,Bin,percent,2.8,2.9, 0.00153526114420978734495526474
New Hampshire,4 wk ahead,Bin,percent,2.9,3, 0.00153526114420978734495526474
New Hampshire,4 wk ahead,Bin,percent,3,3.1, 0.00153526114420978734495526474
New Hampshire,4 wk ahead,Bin,percent,3.1,3.2, 0.00153526114420978734495526474
New Hampshire,4 wk ahead,Bin,percent,3.2,3.3, 0.00153526114420978734495526474
New Hampshire,4 wk ahead,Bin,percent,3.3,3.4, 0.00153526114420978734495526474
New Hampshire,4 wk ahead,Bin,percent,3.4,3.5, 0.00153526114420978734495526474
New Hampshire,4 wk ahead,Bin,percent,3.5,3.6, 0.00153526114420978734495526474
New Hampshire,4 wk ahead,Bin,percent,3.6,3.7, 0.00153526114420978734495526474
New Hampshire,4 wk ahead,Bin,percent,3.7,3.8, 0.00153526114420978734495526474
New Hampshire,4 wk ahead,Bin,percent,3.8,3.9, 0.00153526114420978734495526474
New Hampshire,4 wk ahead,Bin,percent,3.9,4, 0.00153526114420978734495526474
New Hampshire,4 wk ahead,Bin,percent,4,4.1, 0.00153526114420978734495526474
New Hampshire,4 wk ahead,Bin,percent,4.1,4.2, 0.00153526114420978734495526474
New Hampshire,4 wk ahead,Bin,percent,4.2,4.3, 0.00153526114420978734495526474
New Hampshire,4 wk ahead,Bin,percent,4.3,4.4, 0.00153526114420978734495526474
New Hampshire,4 wk ahead,Bin,percent,4.4,4.5, 0.00153526114420978734495526474
New Hampshire,4 wk ahead,Bin,percent,4.5,4.6, 0.00153526114420978734495526474
New Hampshire,4 wk ahead,Bin,percent,4.6,4.7, 0.00153526114420978734495526474
New Hampshire,4 wk ahead,Bin,percent,4.7,4.8, 0.00153526114420978734495526474
New Hampshire,4 wk ahead,Bin,percent,4.8,4.9, 0.00153526114420978734495526474
New Hampshire,4 wk ahead,Bin,percent,4.9,5, 0.00153526114420978734495526474
New Hampshire,4 wk ahead,Bin,percent,5,5.1, 0.00153526114420978734495526474
New Hampshire,4 wk ahead,Bin,percent,5.1,5.2, 0.00153526114420978734495526474
New Hampshire,4 wk ahead,Bin,percent,5.2,5.3, 0.00153526114420978734495526474
New Hampshire,4 wk ahead,Bin,percent,5.3,5.4, 0.00153526114420978734495526474
New Hampshire,4 wk ahead,Bin,percent,5.4,5.5, 0.00153526114420978734495526474
New Hampshire,4 wk ahead,Bin,percent,5.5,5.6, 0.00153526114420978734495526474
New Hampshire,4 wk ahead,Bin,percent,5.6,5.7, 0.00153526114420978734495526474
New Hampshire,4 wk ahead,Bin,percent,5.7,5.8, 0.00153526114420978734495526474
New Hampshire,4 wk ahead,Bin,percent,5.8,5.9, 0.00153526114420978734495526474
New Hampshire,4 wk ahead,Bin,percent,5.9,6, 0.00153526114420978734495526474
New Hampshire,4 wk ahead,Bin,percent,6,6.1, 0.00153526114420978734495526474
New Hampshire,4 wk ahead,Bin,percent,6.1,6.2, 0.00153526114420978734495526474
New Hampshire,4 wk ahead,Bin,percent,6.2,6.3, 0.00153526114420978734495526474
New Hampshire,4 wk ahead,Bin,percent,6.3,6.4, 0.00153526114420978734495526474
New Hampshire,4 wk ahead,Bin,percent,6.4,6.5, 0.00153526114420978734495526474
New Hampshire,4 wk ahead,Bin,percent,6.5,6.6, 0.00153526114420978734495526474
New Hampshire,4 wk ahead,Bin,percent,6.6,6.7, 0.00153526114420978734495526474
New Hampshire,4 wk ahead,Bin,percent,6.7,6.8, 0.00153526114420978734495526474
New Hampshire,4 wk ahead,Bin,percent,6.8,6.9, 0.00153526114420978734495526474
New Hampshire,4 wk ahead,Bin,percent,6.9,7, 0.00153526114420978734495526474
New Hampshire,4 wk ahead,Bin,percent,7,7.1, 0.00153526114420978734495526474
New Hampshire,4 wk ahead,Bin,percent,7.1,7.2, 0.00153526114420978734495526474
New Hampshire,4 wk ahead,Bin,percent,7.2,7.3, 0.00153526114420978734495526474
New Hampshire,4 wk ahead,Bin,percent,7.3,7.4, 0.00153526114420978734495526474
New Hampshire,4 wk ahead,Bin,percent,7.4,7.5, 0.00153526114420978734495526474
New Hampshire,4 wk ahead,Bin,percent,7.5,7.6, 0.00153526114420978734495526474
New Hampshire,4 wk ahead,Bin,percent,7.6,7.7, 0.00153526114420978734495526474
New Hampshire,4 wk ahead,Bin,percent,7.7,7.8, 0.00153526114420978734495526474
New Hampshire,4 wk ahead,Bin,percent,7.8,7.9, 0.00153526114420978734495526474
New Hampshire,4 wk ahead,Bin,percent,7.9,8, 0.00153526114420978734495526474
New Hampshire,4 wk ahead,Bin,percent,8,8.1, 0.00153526114420980100590263806
New Hampshire,4 wk ahead,Bin,percent,8.1,8.2, 0.00153526114420981466685001138
New Hampshire,4 wk ahead,Bin,percent,8.2,8.3, 0.00153526114420981466685001138
New Hampshire,4 wk ahead,Bin,percent,8.3,8.4, 0.00153526114420981466685001138
New Hampshire,4 wk ahead,Bin,percent,8.4,8.5, 0.00153526114420981466685001138
New Hampshire,4 wk ahead,Bin,percent,8.5,8.6, 0.00153526114420981466685001138
New Hampshire,4 wk ahead,Bin,percent,8.6,8.7, 0.00153526114420981466685001138
New Hampshire,4 wk ahead,Bin,percent,8.7,8.8, 0.00153526114420981466685001138
New Hampshire,4 wk ahead,Bin,percent,8.8,8.9, 0.00153526114420981466685001138
New Hampshire,4 wk ahead,Bin,percent,8.9,9, 0.00153526114420981466685001138
New Hampshire,4 wk ahead,Bin,percent,9,9.1, 0.00153526114420981466685001138
New Hampshire,4 wk ahead,Bin,percent,9.1,9.2, 0.00153526114420981466685001138
New Hampshire,4 wk ahead,Bin,percent,9.2,9.3, 0.00153526114420981466685001138
New Hampshire,4 wk ahead,Bin,percent,9.3,9.4, 0.00153526114420981466685001138
New Hampshire,4 wk ahead,Bin,percent,9.4,9.5, 0.00153526114420981466685001138
New Hampshire,4 wk ahead,Bin,percent,9.5,9.6, 0.00153526114420981466685001138
New Hampshire,4 wk ahead,Bin,percent,9.6,9.7, 0.00153526114420981466685001138
New Hampshire,4 wk ahead,Bin,percent,9.7,9.8, 0.00153526114420981466685001138
New Hampshire,4 wk ahead,Bin,percent,9.8,9.9, 0.00153526114420981466685001138
New Hampshire,4 wk ahead,Bin,percent,9.9,10, 0.00153526114420981466685001138
New Hampshire,4 wk ahead,Bin,percent,10,10.1, 0.00153526114420981466685001138
New Hampshire,4 wk ahead,Bin,percent,10.1,10.2, 0.00153526114420981466685001138
New Hampshire,4 wk ahead,Bin,percent,10.2,10.3, 0.00153526114420981466685001138
New Hampshire,4 wk ahead,Bin,percent,10.3,10.4, 0.00153526114420981466685001138
New Hampshire,4 wk ahead,Bin,percent,10.4,10.5, 0.00153526114420981466685001138
New Hampshire,4 wk ahead,Bin,percent,10.5,10.6, 0.00153526114420981466685001138
New Hampshire,4 wk ahead,Bin,percent,10.6,10.7, 0.00153526114420981466685001138
New Hampshire,4 wk ahead,Bin,percent,10.7,10.8, 0.00153526114420981466685001138
New Hampshire,4 wk ahead,Bin,percent,10.8,10.9, 0.00153526114420981466685001138
New Hampshire,4 wk ahead,Bin,percent,10.9,11, 0.00153526114420981466685001138
New Hampshire,4 wk ahead,Bin,percent,11,11.1, 0.00153526114420981466685001138
New Hampshire,4 wk ahead,Bin,percent,11.1,11.2, 0.00153526114420981466685001138
New Hampshire,4 wk ahead,Bin,percent,11.2,11.3, 0.00153526114420981466685001138
New Hampshire,4 wk ahead,Bin,percent,11.3,11.4, 0.00153526114420981466685001138
New Hampshire,4 wk ahead,Bin,percent,11.4,11.5, 0.00153526114420981466685001138
New Hampshire,4 wk ahead,Bin,percent,11.5,11.6, 0.00153526114420981466685001138
New Hampshire,4 wk ahead,Bin,percent,11.6,11.7, 0.00153526114420981466685001138
New Hampshire,4 wk ahead,Bin,percent,11.7,11.8, 0.00153526114420981466685001138
New Hampshire,4 wk ahead,Bin,percent,11.8,11.9, 0.00153526114420981466685001138
New Hampshire,4 wk ahead,Bin,percent,11.9,12, 0.00153526114420981466685001138
New Hampshire,4 wk ahead,Bin,percent,12,12.1, 0.00153526114420981466685001138
New Hampshire,4 wk ahead,Bin,percent,12.1,12.2, 0.00153526114420981466685001138
New Hampshire,4 wk ahead,Bin,percent,12.2,12.3, 0.00153526114420981466685001138
New Hampshire,4 wk ahead,Bin,percent,12.3,12.4, 0.00153526114420981466685001138
New Hampshire,4 wk ahead,Bin,percent,12.4,12.5, 0.00153526114420981466685001138
New Hampshire,4 wk ahead,Bin,percent,12.5,12.6, 0.00153526114420981466685001138
New Hampshire,4 wk ahead,Bin,percent,12.6,12.7, 0.00153526114420981466685001138
New Hampshire,4 wk ahead,Bin,percent,12.7,12.8, 0.00153526114420981466685001138
New Hampshire,4 wk ahead,Bin,percent,12.8,12.9, 0.00153526114420981466685001138
New Hampshire,4 wk ahead,Bin,percent,12.9,13, 0.00153526114420981466685001138
New Hampshire,4 wk ahead,Bin,percent,13,100, 0.00153526114420981466685001138
Nebraska,Season peak week,Bin,week,40,41, 0.00065442272141044742841953230
Nebraska,Season peak week,Bin,week,41,42, 0.00065442272141044742841953230
Nebraska,Season peak week,Bin,week,42,43, 0.00065442272141044742841953230
Nebraska,Season peak week,Bin,week,43,44, 0.00065442272141044742841953230
Nebraska,Season peak week,Bin,week,44,45, 0.00065442272141044742841953230
Nebraska,Season peak week,Bin,week,45,46, 0.00065442272141044742841953230
Nebraska,Season peak week,Bin,week,46,47, 0.00078940519033824881924010786
Nebraska,Season peak week,Bin,week,47,48, 0.00266242865798568513827082604
Nebraska,Season peak week,Bin,week,48,49, 0.00821624697245311799709277523
Nebraska,Season peak week,Bin,week,49,50, 0.02004466781416586879105423691
Nebraska,Season peak week,Bin,week,50,51, 0.03907077960458854581915488779
Nebraska,Season peak week,Bin,week,51,52, 0.06205251456614226113206456148
Nebraska,Season peak week,Bin,week,52,53, 0.08314692752786385920860112719
Nebraska,Season peak week,Bin,week,1,2, 0.09888878475542710322354622576
Nebraska,Season peak week,Bin,week,2,3, 0.10950447839382340675662419471
Nebraska,Season peak week,Bin,week,3,4, 0.11422970287783383580570983895
Nebraska,Season peak week,Bin,week,4,5, 0.10937466969415303441603981582
Nebraska,Season peak week,Bin,week,5,6, 0.09415931983180025888202635542
Nebraska,Season peak week,Bin,week,6,7, 0.07468686257577417109132511541
Nebraska,Season peak week,Bin,week,7,8, 0.05810535139787730701810275491
Nebraska,Season peak week,Bin,week,8,9, 0.04548072356999349058481740826
Nebraska,Season peak week,Bin,week,9,10, 0.03368218981246552667929705649
Nebraska,Season peak week,Bin,week,10,11, 0.02160711521642904794915374111
Nebraska,Season peak week,Bin,week,11,12, 0.01132932732464566639996039754
Nebraska,Season peak week,Bin,week,12,13, 0.00472478275300788723434219918
Nebraska,Season peak week,Bin,week,13,14, 0.00154952457649270647702111070
Nebraska,Season peak week,Bin,week,14,15, 0.00046291468253557339516610081
Nebraska,Season peak week,Bin,week,15,16, 0.00038412431262346461531206887
Nebraska,Season peak week,Bin,week,16,17, 0.00038412431262346461531206887
Nebraska,Season peak week,Bin,week,17,18, 0.00038412431262346461531206887
Nebraska,Season peak week,Bin,week,18,19, 0.00038412431262346461531206887
Nebraska,Season peak week,Bin,week,19,20, 0.00038412431262346461531206887
Nebraska,Season peak week,Bin,week,20,21, 0.00038412431262346461531206887
Nebraska,Season peak percentage,Bin,percent,0,0.1, 0.00187756159604153451819774645
Nebraska,Season peak percentage,Bin,percent,0.1,0.2, 0.00388548094946727408383058133
Nebraska,Season peak percentage,Bin,percent,0.2,0.3, 0.00406206499221103359970053148
Nebraska,Season peak percentage,Bin,percent,0.3,0.4, 0.00424174746842989440487325936
Nebraska,Season peak percentage,Bin,percent,0.4,0.5, 0.00442423127690144343815425998
Nebraska,Season peak percentage,Bin,percent,0.5,0.6, 0.00460924229793112979342017965
Nebraska,Season peak percentage,Bin,percent,0.6,0.7, 0.00479649156305668629418637039
Nebraska,Season peak percentage,Bin,percent,0.7,0.8, 0.00498568952393662473410174130
Nebraska,Season peak percentage,Bin,percent,0.8,0.9, 0.00517653386757192281175665727
Nebraska,Season peak percentage,Bin,percent,0.9,1, 0.00536871665483174952820943915
Nebraska,Season peak percentage,Bin,percent,1,1.1, 0.00556191565487393260042159326
Nebraska,Season peak percentage,Bin,percent,1.1,1.2, 0.00575579228736380205111444752
Nebraska,Season peak percentage,Bin,percent,1.2,1.3, 0.00594999625741314021321048955
Nebraska,Season peak percentage,Bin,percent,1.3,1.4, 0.00614418396119866937893361225
Nebraska,Season peak percentage,Bin,percent,1.4,1.5, 0.00633800756178526814715867843
Nebraska,Season peak percentage,Bin,percent,1.5,1.6, 0.00653111709572159939568569698
Nebraska,Season peak percentage,Bin,percent,1.6,1.7, 0.00672316241776400782409472967
Nebraska,Season peak percentage,Bin,percent,1.7,1.8, 0.00691379466153559975316600372
Nebraska,Season peak percentage,Bin,percent,1.8,1.9, 0.00710266497209136038470944641
Nebraska,Season peak percentage,Bin,percent,1.9,2, 0.00728938972656304872560495411
Nebraska,Season peak percentage,Bin,percent,2,2.1, 0.00747365615086452699661334620
Nebraska,Season peak percentage,Bin,percent,2.1,2.2, 0.00765513658541348493424827382
Nebraska,Season peak percentage,Bin,percent,2.2,2.3, 0.00783350740441727047547182394
Nebraska,Season peak percentage,Bin,percent,2.3,2.4, 0.00800844964074057252823024555
Nebraska,Season peak percentage,Bin,percent,2.4,2.5, 0.00817966378492169382541376876
Nebraska,Season peak percentage,Bin,percent,2.5,2.6, 0.00834686755731882043529701320
Nebraska,Season peak percentage,Bin,percent,2.6,2.7, 0.00850977269868619969062084607
Nebraska,Season peak percentage,Bin,percent,2.7,2.8, 0.00866806135056118025328242283
Nebraska,Season peak percentage,Bin,percent,2.8,2.9, 0.00882146432463539777180105972
Nebraska,Season peak percentage,Bin,percent,2.9,3, 0.00896980247593150668838912765
Nebraska,Season peak percentage,Bin,percent,3,3.1, 0.00911287277271344460516377950
Nebraska,Season peak percentage,Bin,percent,3.1,3.2, 0.00925047575226078076793267968
Nebraska,Season peak percentage,Bin,percent,3.2,3.3, 0.00938242412025895589078317016
Nebraska,Season peak percentage,Bin,percent,3.3,3.4, 0.00950852079145751531707997373
Nebraska,Season peak percentage,Bin,percent,3.4,3.5, 0.00962862832748832830898066959
Nebraska,Season peak percentage,Bin,percent,3.5,3.6, 0.00974252500430458287516977123
Nebraska,Season peak percentage,Bin,percent,3.6,3.7, 0.00985016118400659085319048813
Nebraska,Season peak percentage,Bin,percent,3.7,3.8, 0.00995147552476615369909662689
Nebraska,Season peak percentage,Bin,percent,3.8,3.9, 0.01004637829611289105702365276
Nebraska,Season peak percentage,Bin,percent,3.9,4, 0.01013481564390793406016388900
Nebraska,Season peak percentage,Bin,percent,4,4.1, 0.01021674782258223668218732882
Nebraska,Season peak percentage,Bin,percent,4.1,4.2, 0.01029214625175839913084896438
Nebraska,Season peak percentage,Bin,percent,4.2,4.3, 0.01036100178324616226388510398
Nebraska,Season peak percentage,Bin,percent,4.3,4.4, 0.01042328621409056681190730131
Nebraska,Season peak percentage,Bin,percent,4.4,4.5, 0.01047897767495740463383757657
Nebraska,Season peak percentage,Bin,percent,4.5,4.6, 0.01052819583533629380078799898
Nebraska,Season peak percentage,Bin,percent,4.6,4.7, 0.01057099395645229832074729615
Nebraska,Season peak percentage,Bin,percent,4.7,4.8, 0.01060742382829888905138027155
Nebraska,Season peak percentage,Bin,percent,4.8,4.9, 0.01063757577698582791614345666
Nebraska,Season peak percentage,Bin,percent,4.9,5, 0.01066154790327592666310252412
Nebraska,Season peak percentage,Bin,percent,5,5.1, 0.01067943954447505769400628139
Nebraska,Season peak percentage,Bin,percent,5.1,5.2, 0.01069129937976138686184235382
Nebraska,Season peak percentage,Bin,percent,5.2,5.3, 0.01069717386279815489469324774
Nebraska,Season peak percentage,Bin,percent,5.3,5.4, 0.01069728820565100935180424813
Nebraska,Season peak percentage,Bin,percent,5.4,5.5, 0.01069178970124577687794698022
Nebraska,Season peak percentage,Bin,percent,5.5,5.6, 0.01068080982776768890485374897
Nebraska,Season peak percentage,Bin,percent,5.6,5.7, 0.01066447529329412995113823825
Nebraska,Season peak percentage,Bin,percent,5.7,5.8, 0.01064290249397178457491097703
Nebraska,Season peak percentage,Bin,percent,5.8,5.9, 0.01061624302475226364061988704
Nebraska,Season peak percentage,Bin,percent,5.9,6, 0.01058461875033520245559248707
Nebraska,Season peak percentage,Bin,percent,6,6.1, 0.01054812305541804468012045959
Nebraska,Season peak percentage,Bin,percent,6.1,6.2, 0.01050696541358796080867232803
Nebraska,Season peak percentage,Bin,percent,6.2,6.3, 0.01046128107785940924978618227
Nebraska,Season peak percentage,Bin,percent,6.3,6.4, 0.01041120530986108273785450962
Nebraska,Season peak percentage,Bin,percent,6.4,6.5, 0.01035686718983682037820148736
Nebraska,Season peak percentage,Bin,percent,6.5,6.6, 0.01029839465697032253876930241
Nebraska,Season peak percentage,Bin,percent,6.6,6.7, 0.01023590849026554186473880748
Nebraska,Season peak percentage,Bin,percent,6.7,6.8, 0.01016952733755527825409981091
Nebraska,Season peak percentage,Bin,percent,6.8,6.9, 0.01009930962679868315934328393
Nebraska,Season peak percentage,Bin,percent,6.9,7, 0.01002540248544967795008009404
Nebraska,Season peak percentage,Bin,percent,7,7.1, 0.00994792082165499649826223560
Nebraska,Season peak percentage,Bin,percent,7.1,7.2, 0.00986695176771175408436675980
Nebraska,Season peak percentage,Bin,percent,7.2,7.3, 0.00978259841192643218865665489
Nebraska,Season peak percentage,Bin,percent,7.3,7.4, 0.00969494789952849746195173708
Nebraska,Season peak percentage,Bin,percent,7.4,7.5, 0.00960407652912618689522439297
Nebraska,Season peak percentage,Bin,percent,7.5,7.6, 0.00951004517253113863806124328
Nebraska,Season peak percentage,Bin,percent,7.6,7.7, 0.00941286971310180235750220135
Nebraska,Season peak percentage,Bin,percent,7.7,7.8, 0.00931265193022038847980859089
Nebraska,Season peak percentage,Bin,percent,7.8,7.9, 0.00920948033067721730238197608
Nebraska,Season peak percentage,Bin,percent,7.9,8, 0.00910340879584197078255858315
Nebraska,Season peak percentage,Bin,percent,8,8.1, 0.00899448512753329987301498250
Nebraska,Season peak percentage,Bin,percent,8.1,8.2, 0.00888275453613023881216381739
Nebraska,Season peak percentage,Bin,percent,8.2,8.3, 0.00876827266936464760904712534
Nebraska,Season peak percentage,Bin,percent,8.3,8.4, 0.00865108825687643800961268425
Nebraska,Season peak percentage,Bin,percent,8.4,8.5, 0.00853121848804215369976855499
Nebraska,Season peak percentage,Bin,percent,8.5,8.6, 0.00840873365404329158045992898
Nebraska,Season peak percentage,Bin,percent,8.6,8.7, 0.00828370099170759772999605985
Nebraska,Season peak percentage,Bin,percent,8.7,8.8, 0.00815617602891013405985720652
Nebraska,Season peak percentage,Bin,percent,8.8,8.9, 0.00802621872380532633273197973
Nebraska,Season peak percentage,Bin,percent,8.9,9, 0.00789389085842158617911668017
Nebraska,Season peak percentage,Bin,percent,9,9.1, 0.00775925788163632328131580351
Nebraska,Season peak percentage,Bin,percent,9.1,9.2, 0.00762239704815581998326168289
Nebraska,Season peak percentage,Bin,percent,9.2,9.3, 0.00748337553034052974793022273
Nebraska,Season peak percentage,Bin,percent,9.3,9.4, 0.00734225778952378449471183330
Nebraska,Season peak percentage,Bin,percent,9.4,9.5, 0.00719916726865244341326821598
Nebraska,Season peak percentage,Bin,percent,9.5,9.6, 0.00705419969928799007324871084
Nebraska,Season peak percentage,Bin,percent,9.6,9.7, 0.00690747150317809130437574083
Nebraska,Season peak percentage,Bin,percent,9.7,9.8, 0.00675909754421633382492906605
Nebraska,Season peak percentage,Bin,percent,9.8,9.9, 0.00660919887055356862493038506
Nebraska,Season peak percentage,Bin,percent,9.9,10, 0.00645790099748707116522616900
Nebraska,Season peak percentage,Bin,percent,10,10.1, 0.00630532873461968606382255231
Nebraska,Season peak percentage,Bin,percent,10.1,10.2, 0.00615163499330431771255911499
Nebraska,Season peak percentage,Bin,percent,10.2,10.3, 0.00599698643085886089892921902
Nebraska,Season peak percentage,Bin,percent,10.3,10.4, 0.00584154461279219518882177553
Nebraska,Season peak percentage,Bin,percent,10.4,10.5, 0.00568547388039128756553886035
Nebraska,Season peak percentage,Bin,percent,10.5,10.6, 0.00552894633476672461847023499
Nebraska,Season peak percentage,Bin,percent,10.6,10.7, 0.00537214053623624645389389443
Nebraska,Season peak percentage,Bin,percent,10.7,10.8, 0.00521523897829224980515760990
Nebraska,Season peak percentage,Bin,percent,10.8,10.9, 0.00505842844528996051639557763
Nebraska,Season peak percentage,Bin,percent,10.9,11, 0.00490190629799672119432107920
Nebraska,Season peak percentage,Bin,percent,11,11.1, 0.00474586285492274197184148221
Nebraska,Season peak percentage,Bin,percent,11.1,11.2, 0.00459049094029507619846297573
Nebraska,Season peak percentage,Bin,percent,11.2,11.3, 0.00443598412105971739299858925
Nebraska,Season peak percentage,Bin,percent,11.3,11.4, 0.00428253607709996961944165506
Nebraska,Season peak percentage,Bin,percent,11.4,11.5, 0.00413034015917781473226089162
Nebraska,Season peak percentage,Bin,percent,11.5,11.6, 0.00397958050534426462097048471
Nebraska,Season peak percentage,Bin,percent,11.6,11.7, 0.00383044742494218545120210351
Nebraska,Season peak percentage,Bin,percent,11.7,11.8, 0.00368314676728205992600750918
Nebraska,Season peak percentage,Bin,percent,11.8,11.9, 0.00353785285509504356799004299
Nebraska,Season peak percentage,Bin,percent,11.9,12, 0.00339472563102027977827157557
Nebraska,Season peak percentage,Bin,percent,12,12.1, 0.00325391879896018160894799465
Nebraska,Season peak percentage,Bin,percent,12.1,12.2, 0.00311558820011578448475053627
Nebraska,Season peak percentage,Bin,percent,12.2,12.3, 0.00297987992289322489725122978
Nebraska,Season peak percentage,Bin,percent,12.3,12.4, 0.00284694365567385613766115959
Nebraska,Season peak percentage,Bin,percent,12.4,12.5, 0.00271691640622903369389762318
Nebraska,Season peak percentage,Bin,percent,12.5,12.6, 0.00258996003248039997207685659
Nebraska,Season peak percentage,Bin,percent,12.6,12.7, 0.00246614466989547934105964089
Nebraska,Season peak percentage,Bin,percent,12.7,12.8, 0.00234555123562640637988052639
Nebraska,Season peak percentage,Bin,percent,12.8,12.9, 0.00222827736112674035240388548
Nebraska,Season peak percentage,Bin,percent,12.9,13, 0.00211439942694852068758026853
Nebraska,Season peak percentage,Bin,percent,13,100, 0.02408864291697912843326356835
Nebraska,1 wk ahead,Bin,percent,0,0.1, 0.00012924296567280623890781877
Nebraska,1 wk ahead,Bin,percent,0.1,0.2, 0.00025848593134561253202574616
Nebraska,1 wk ahead,Bin,percent,0.2,0.3, 0.00025848593134561242360552891
Nebraska,1 wk ahead,Bin,percent,0.3,0.4, 0.00025848593134561242360552891
Nebraska,1 wk ahead,Bin,percent,0.4,0.5, 0.00025848593134561242360552891
Nebraska,1 wk ahead,Bin,percent,0.5,0.6, 0.00027126205204081309816169232
Nebraska,1 wk ahead,Bin,percent,0.6,0.7, 0.00044379517783440017558022062
Nebraska,1 wk ahead,Bin,percent,0.7,0.8, 0.00077331157802067434364756693
Nebraska,1 wk ahead,Bin,percent,0.8,0.9, 0.00129450575091055513840543334
Nebraska,1 wk ahead,Bin,percent,0.9,1, 0.00207999600274132731905774030
Nebraska,1 wk ahead,Bin,percent,1,1.1, 0.00321105899941843053388423890
Nebraska,1 wk ahead,Bin,percent,1.1,1.2, 0.00476445518654666777536021982
Nebraska,1 wk ahead,Bin,percent,1.2,1.3, 0.00679611108994455231924192162
Nebraska,1 wk ahead,Bin,percent,1.3,1.4, 0.00932654769033583984361168717
Nebraska,1 wk ahead,Bin,percent,1.4,1.5, 0.01232315628882780199349067374
Nebraska,1 wk ahead,Bin,percent,1.5,1.6, 0.01569020042014482654857410182
Nebraska,1 wk ahead,Bin,percent,1.6,1.7, 0.01927577540105087153254892485
Nebraska,1 wk ahead,Bin,percent,1.7,1.8, 0.02288260871230427678790775303
Nebraska,1 wk ahead,Bin,percent,1.8,1.9, 0.02629971736435541412868488464
Nebraska,1 wk ahead,Bin,percent,1.9,2, 0.02933335357666389670017181857
Nebraska,1 wk ahead,Bin,percent,2,2.1, 0.03184350650373955760041866370
Nebraska,1 wk ahead,Bin,percent,2.1,2.2, 0.03376530950937385588961348049
Nebraska,1 wk ahead,Bin,percent,2.2,2.3, 0.03511560561768476557142903971
Nebraska,1 wk ahead,Bin,percent,2.3,2.4, 0.03598744020348525890495849922
Nebraska,1 wk ahead,Bin,percent,2.4,2.5, 0.03651997199439493968498027243
Nebraska,1 wk ahead,Bin,percent,2.5,2.6, 0.03686404779449881791153487143
Nebraska,1 wk ahead,Bin,percent,2.6,2.7, 0.03714699875093403075299036686
Nebraska,1 wk ahead,Bin,percent,2.7,2.8, 0.03743867244096418800403114346
Nebraska,1 wk ahead,Bin,percent,2.8,2.9, 0.03773416889726956963135862111
Nebraska,1 wk ahead,Bin,percent,2.9,3, 0.03795175774832382220580484500
Nebraska,1 wk ahead,Bin,percent,3,3.1, 0.03794887308076484722096921587
Nebraska,1 wk ahead,Bin,percent,3.1,3.2, 0.03755107527347156110009152030
Nebraska,1 wk ahead,Bin,percent,3.2,3.3, 0.03659688937853194240501508716
Nebraska,1 wk ahead,Bin,percent,3.3,3.4, 0.03496929453300691437167557751
Nebraska,1 wk ahead,Bin,percent,3.4,3.5, 0.03263095222828273078707894683
Nebraska,1 wk ahead,Bin,percent,3.5,3.6, 0.02963971850245647465804665899
Nebraska,1 wk ahead,Bin,percent,3.6,3.7, 0.02613584233355544308996520897
Nebraska,1 wk ahead,Bin,percent,3.7,3.8, 0.02232649721799865108473603925
Nebraska,1 wk ahead,Bin,percent,3.8,3.9, 0.01844599829103133609153886141
Nebraska,1 wk ahead,Bin,percent,3.9,4, 0.01472046706522455242205360548
Nebraska,1 wk ahead,Bin,percent,4,4.1, 0.01133556670324939105731765210
Nebraska,1 wk ahead,Bin,percent,4.1,4.2, 0.00841504031641593375212551109
Nebraska,1 wk ahead,Bin,percent,4.2,4.3, 0.00601978943983983837834328412
Nebraska,1 wk ahead,Bin,percent,4.3,4.4, 0.00414639566167684936459636447
Nebraska,1 wk ahead,Bin,percent,4.4,4.5, 0.00274882438893300036150679766
Nebraska,1 wk ahead,Bin,percent,4.5,4.6, 0.00175376560344068458535682353
Nebraska,1 wk ahead,Bin,percent,4.6,4.7, 0.00107608883544146470730151766
Nebraska,1 wk ahead,Bin,percent,4.7,4.8, 0.00063470112931034747098812954
Nebraska,1 wk ahead,Bin,percent,4.8,4.9, 0.00036012245219484183885588768
Nebraska,1 wk ahead,Bin,percent,4.9,5, 0.00019627835132377831730068896
Nebraska,1 wk ahead,Bin,percent,5,5.1, 0.00010277978863521980434653919
Nebraska,1 wk ahead,Bin,percent,5.1,5.2, 0.00005175297101220550558377601
Nebraska,1 wk ahead,Bin,percent,5.2,5.3, 0.00002500281519567207648077622
Nebraska,1 wk ahead,Bin,percent,5.3,5.4, 0.00001160942188932257668437624
Nebraska,1 wk ahead,Bin,percent,5.4,5.5, 0.00000517871909651131047576389
Nebraska,1 wk ahead,Bin,percent,5.5,5.6, 0.00000221597258720125653429938
Nebraska,1 wk ahead,Bin,percent,5.6,5.7, 0.00000091093066603919634254894
Nebraska,1 wk ahead,Bin,percent,5.7,5.8, 0.00000035965323116900466110914
Nebraska,1 wk ahead,Bin,percent,5.8,5.9, 0.00000013605912835959674894254
Nebraska,1 wk ahead,Bin,percent,5.9,6, 0.00000004951164153876137591423
Nebraska,1 wk ahead,Bin,percent,6,6.1, 0.00000001727947861792590296040
Nebraska,1 wk ahead,Bin,percent,6.1,6.2, 0.00000000578035937943273298981
Nebraska,1 wk ahead,Bin,percent,6.2,6.3, 0.00000000186469407694434609342
Nebraska,1 wk ahead,Bin,percent,6.3,6.4, 0.00000000059526801583354421741
Nebraska,1 wk ahead,Bin,percent,6.4,6.5, 0.00000000024663212367780298343
Nebraska,1 wk ahead,Bin,percent,6.5,6.6, 0.00000000031352323693569461199
Nebraska,1 wk ahead,Bin,percent,6.6,6.7, 0.00000000088622414895710127746
Nebraska,1 wk ahead,Bin,percent,6.7,6.8, 0.00000000275544797159960960952
Nebraska,1 wk ahead,Bin,percent,6.8,6.9, 0.00000000834886309958337912160
Nebraska,1 wk ahead,Bin,percent,6.9,7, 0.00000002424006886849871677406
Nebraska,1 wk ahead,Bin,percent,7,7.1, 0.00000006751033964827984177402
Nebraska,1 wk ahead,Bin,percent,7.1,7.2, 0.00000018061097409736277131133
Nebraska,1 wk ahead,Bin,percent,7.2,7.3, 0.00000046301527123262549988266
Nebraska,1 wk ahead,Bin,percent,7.3,7.4, 0.00000113875785809624605055121
Nebraska,1 wk ahead,Bin,percent,7.4,7.5, 0.00000268971162203887359407007
Nebraska,1 wk ahead,Bin,percent,7.5,7.6, 0.00000608382207837498903554244
Nebraska,1 wk ahead,Bin,percent,7.6,7.7, 0.00001321145148476303039504313
Nebraska,1 wk ahead,Bin,percent,7.7,7.8, 0.00002753086168037431320874259
Nebraska,1 wk ahead,Bin,percent,7.8,7.9, 0.00005499336333050498489341540
Nebraska,1 wk ahead,Bin,percent,7.9,8, 0.00010540991128366203560904474
Nebraska,1 wk ahead,Bin,percent,8,8.1, 0.00019387681385186973821721512
Nebraska,1 wk ahead,Bin,percent,8.1,8.2, 0.00034184004576652001579015194
Nebraska,1 wk ahead,Bin,percent,8.2,8.3, 0.00057856853599755656784170421
Nebraska,1 wk ahead,Bin,percent,8.3,8.4, 0.00093915822747725236259441761
Nebraska,1 wk ahead,Bin,percent,8.4,8.5, 0.00146196444093486029730533104
Nebraska,1 wk ahead,Bin,percent,8.5,8.6, 0.00218394381808561686628133991
Nebraska,1 wk ahead,Bin,percent,8.6,8.7, 0.00312908294115330290474652486
Nebraska,1 wk ahead,Bin,percent,8.7,8.8, 0.00430068351328356020951693139
Nebraska,1 wk ahead,Bin,percent,8.8,8.9, 0.00567048684685376308545201596
Nebraska,1 wk ahead,Bin,percent,8.9,9, 0.00717185342154700710554093845
Nebraska,1 wk ahead,Bin,percent,9,9.1, 0.00870153519990762500113667954
Nebraska,1 wk ahead,Bin,percent,9.1,9.2, 0.01012715307868455004436381017
Nebraska,1 wk ahead,Bin,percent,9.2,9.3, 0.01130685806653814601263619011
Nebraska,1 wk ahead,Bin,percent,9.3,9.4, 0.01210993082828670450168395689
Nebraska,1 wk ahead,Bin,percent,9.4,9.5, 0.01244123024609174350818552313
Nebraska,1 wk ahead,Bin,percent,9.5,9.6, 0.01226176167992257433347891293
Nebraska,1 wk ahead,Bin,percent,9.6,9.7, 0.01159245174524348859224076591
Nebraska,1 wk ahead,Bin,percent,9.7,9.8, 0.01051302221692156438348497716
Nebraska,1 wk ahead,Bin,percent,9.8,9.9, 0.00914640043976495085986666567
Nebraska,1 wk ahead,Bin,percent,9.9,10, 0.00763307774666490204684698995
Nebraska,1 wk ahead,Bin,percent,10,10.1, 0.00611086642967975136875313780
Nebraska,1 wk ahead,Bin,percent,10.1,10.2, 0.00469276765381320543069065820
Nebraska,1 wk ahead,Bin,percent,10.2,10.3, 0.00345722689621823318223414745
Nebraska,1 wk ahead,Bin,percent,10.3,10.4, 0.00244315948873281754000208466
Nebraska,1 wk ahead,Bin,percent,10.4,10.5, 0.00165610607708022421896698617
Nebraska,1 wk ahead,Bin,percent,10.5,10.6, 0.00107707702683773544512224607
Nebraska,1 wk ahead,Bin,percent,10.6,10.7, 0.00067194550117236789311958578
Nebraska,1 wk ahead,Bin,percent,10.7,10.8, 0.00040197044441224607331727969
Nebraska,1 wk ahead,Bin,percent,10.8,10.9, 0.00023083010057660139301670410
Nebraska,1 wk ahead,Bin,percent,10.9,11, 0.00014491144274221849294614906
Nebraska,1 wk ahead,Bin,percent,11,11.1, 0.00014036808034173999686945733
Nebraska,1 wk ahead,Bin,percent,11.1,11.2, 0.00014036808034173999686945733
Nebraska,1 wk ahead,Bin,percent,11.2,11.3, 0.00014036808034173999686945733
Nebraska,1 wk ahead,Bin,percent,11.3,11.4, 0.00014036808034173999686945733
Nebraska,1 wk ahead,Bin,percent,11.4,11.5, 0.00014036808034173999686945733
Nebraska,1 wk ahead,Bin,percent,11.5,11.6, 0.00014036808034173999686945733
Nebraska,1 wk ahead,Bin,percent,11.6,11.7, 0.00014036808034173999686945733
Nebraska,1 wk ahead,Bin,percent,11.7,11.8, 0.00014036808034173999686945733
Nebraska,1 wk ahead,Bin,percent,11.8,11.9, 0.00014036808034173999686945733
Nebraska,1 wk ahead,Bin,percent,11.9,12, 0.00014036808034173999686945733
Nebraska,1 wk ahead,Bin,percent,12,12.1, 0.00014036808034173999686945733
Nebraska,1 wk ahead,Bin,percent,12.1,12.2, 0.00014036808034173999686945733
Nebraska,1 wk ahead,Bin,percent,12.2,12.3, 0.00014036808034173999686945733
Nebraska,1 wk ahead,Bin,percent,12.3,12.4, 0.00014036808034173999686945733
Nebraska,1 wk ahead,Bin,percent,12.4,12.5, 0.00014036808034173999686945733
Nebraska,1 wk ahead,Bin,percent,12.5,12.6, 0.00014036808034173999686945733
Nebraska,1 wk ahead,Bin,percent,12.6,12.7, 0.00014036808034173999686945733
Nebraska,1 wk ahead,Bin,percent,12.7,12.8, 0.00014036808034173999686945733
Nebraska,1 wk ahead,Bin,percent,12.8,12.9, 0.00014036808034173999686945733
Nebraska,1 wk ahead,Bin,percent,12.9,13, 0.00014036808034173999686945733
Nebraska,1 wk ahead,Bin,percent,13,100, 0.00014036808034173999686945733
Nebraska,2 wk ahead,Bin,percent,0,0.1, 0.00130924887271707357343231148
Nebraska,2 wk ahead,Bin,percent,0.1,0.2, 0.00288392932068738108361549699
Nebraska,2 wk ahead,Bin,percent,0.2,0.3, 0.00326445327034334846147412001
Nebraska,2 wk ahead,Bin,percent,0.3,0.4, 0.00367756991162566330283434368
Nebraska,2 wk ahead,Bin,percent,0.4,0.5, 0.00412323442432508974891947062
Nebraska,2 wk ahead,Bin,percent,0.5,0.6, 0.00460065250855105564720126665
Nebraska,2 wk ahead,Bin,percent,0.6,0.7, 0.00510934806411670206643949044
Nebraska,2 wk ahead,Bin,percent,0.7,0.8, 0.00564716764652645111105533360
Nebraska,2 wk ahead,Bin,percent,0.8,0.9, 0.00621255541297021339486317260
Nebraska,2 wk ahead,Bin,percent,0.9,1, 0.00680248028091972375269724793
Nebraska,2 wk ahead,Bin,percent,1,1.1, 0.00741400396208191387464880862
Nebraska,2 wk ahead,Bin,percent,1.1,1.2, 0.00804323751599870725992325049
Nebraska,2 wk ahead,Bin,percent,1.2,1.3, 0.00868609571320285572815222963
Nebraska,2 wk ahead,Bin,percent,1.3,1.4, 0.00933778825820429786430665331
Nebraska,2 wk ahead,Bin,percent,1.4,1.5, 0.00999344251262298394200556118
Nebraska,2 wk ahead,Bin,percent,1.5,1.6, 0.01064769039666450638204064916
Nebraska,2 wk ahead,Bin,percent,1.6,1.7, 0.01129506492484369344075911812
Nebraska,2 wk ahead,Bin,percent,1.7,1.8, 0.01192991631731781139447168272
Nebraska,2 wk ahead,Bin,percent,1.8,1.9, 0.01254690225183525444097032420
Nebraska,2 wk ahead,Bin,percent,1.9,2, 0.01314028409321102777718159871
Nebraska,2 wk ahead,Bin,percent,2,2.1, 0.01370509683430006994675487419
Nebraska,2 wk ahead,Bin,percent,2.1,2.2, 0.01423652478480811819916418415
Nebraska,2 wk ahead,Bin,percent,2.2,2.3, 0.01473015472670473335892182831
Nebraska,2 wk ahead,Bin,percent,2.3,2.4, 0.01518183420019523360844360127
Nebraska,2 wk ahead,Bin,percent,2.4,2.5, 0.01558903944513258255089027671
Nebraska,2 wk ahead,Bin,percent,2.5,2.6, 0.01594825479357076317143970812
Nebraska,2 wk ahead,Bin,percent,2.6,2.7, 0.01625870992362400332953420445
Nebraska,2 wk ahead,Bin,percent,2.7,2.8, 0.01651825978191780522341680637
Nebraska,2 wk ahead,Bin,percent,2.8,2.9, 0.01672725276393770971194996378
Nebraska,2 wk ahead,Bin,percent,2.9,3, 0.01688565313978188098253951921
Nebraska,2 wk ahead,Bin,percent,3,3.1, 0.01699452640681111889597865172
Nebraska,2 wk ahead,Bin,percent,3.1,3.2, 0.01705536324951315713116528627
Nebraska,2 wk ahead,Bin,percent,3.2,3.3, 0.01707073459166051979107869840
Nebraska,2 wk ahead,Bin,percent,3.3,3.4, 0.01704247230906769453029347972
Nebraska,2 wk ahead,Bin,percent,3.4,3.5, 0.01697414836268170204580663096
Nebraska,2 wk ahead,Bin,percent,3.5,3.6, 0.01686876624935012766726138977
Nebraska,2 wk ahead,Bin,percent,3.6,3.7, 0.01672945466585651352886543464
Nebraska,2 wk ahead,Bin,percent,3.7,3.8, 0.01656009990644019547190168851
Nebraska,2 wk ahead,Bin,percent,3.8,3.9, 0.01636359995528470501202633614
Nebraska,2 wk ahead,Bin,percent,3.9,4, 0.01614355630109944039762837065
Nebraska,2 wk ahead,Bin,percent,4,4.1, 0.01590288719570216377507954064
Nebraska,2 wk ahead,Bin,percent,4.1,4.2, 0.01564445944490939002791130008
Nebraska,2 wk ahead,Bin,percent,4.2,4.3, 0.01537068365166802640098264732
Nebraska,2 wk ahead,Bin,percent,4.3,4.4, 0.01508394427193986662982805314
Nebraska,2 wk ahead,Bin,percent,4.4,4.5, 0.01478585792746035104672230887
Nebraska,2 wk ahead,Bin,percent,4.5,4.6, 0.01447814969283797020827009305
Nebraska,2 wk ahead,Bin,percent,4.6,4.7, 0.01416178793393858305338373071
Nebraska,2 wk ahead,Bin,percent,4.7,4.8, 0.01383778278690503925341115377
Nebraska,2 wk ahead,Bin,percent,4.8,4.9, 0.01350671314186204646778932670
Nebraska,2 wk ahead,Bin,percent,4.9,5, 0.01316894553781557987426342748
Nebraska,2 wk ahead,Bin,percent,5,5.1, 0.01282475217377872754587198045
Nebraska,2 wk ahead,Bin,percent,5.1,5.2, 0.01247429043075617624558582008
Nebraska,2 wk ahead,Bin,percent,5.2,5.3, 0.01211759576282784439671402765
Nebraska,2 wk ahead,Bin,percent,5.3,5.4, 0.01175481975420150995703671981
Nebraska,2 wk ahead,Bin,percent,5.4,5.5, 0.01138616044153409508077334777
Nebraska,2 wk ahead,Bin,percent,5.5,5.6, 0.01101182881292031567888045629
Nebraska,2 wk ahead,Bin,percent,5.6,5.7, 0.01063239621101608883835254460
Nebraska,2 wk ahead,Bin,percent,5.7,5.8, 0.01024841474438214009023973006
Nebraska,2 wk ahead,Bin,percent,5.8,5.9, 0.00986082219098647835830995234
Nebraska,2 wk ahead,Bin,percent,5.9,6, 0.00947067888570220922650477746
Nebraska,2 wk ahead,Bin,percent,6,6.1, 0.00907933863668756828413375359
Nebraska,2 wk ahead,Bin,percent,6.1,6.2, 0.00868837180283366615485274309
Nebraska,2 wk ahead,Bin,percent,6.2,6.3, 0.00829953829100711810984325467
Nebraska,2 wk ahead,Bin,percent,6.3,6.4, 0.00791486494900517367767633914
Nebraska,2 wk ahead,Bin,percent,6.4,6.5, 0.00753639534265752170094643247
Nebraska,2 wk ahead,Bin,percent,6.5,6.6, 0.00716647019289089713678375659
Nebraska,2 wk ahead,Bin,percent,6.6,6.7, 0.00680737852251971520961548734
Nebraska,2 wk ahead,Bin,percent,6.7,6.8, 0.00646136345662522669497374039
Nebraska,2 wk ahead,Bin,percent,6.8,6.9, 0.00613095081376324388400256282
Nebraska,2 wk ahead,Bin,percent,6.9,7, 0.00581816674493857918792905082
Nebraska,2 wk ahead,Bin,percent,7,7.1, 0.00552514117821072212738409135
Nebraska,2 wk ahead,Bin,percent,7.1,7.2, 0.00525383336190783385016844775
Nebraska,2 wk ahead,Bin,percent,7.2,7.3, 0.00500592560094848589707927644
Nebraska,2 wk ahead,Bin,percent,7.3,7.4, 0.00478256849631317378090944459
Nebraska,2 wk ahead,Bin,percent,7.4,7.5, 0.00458524132726904724843830508
Nebraska,2 wk ahead,Bin,percent,7.5,7.6, 0.00441410286662487130054932649
Nebraska,2 wk ahead,Bin,percent,7.6,7.7, 0.00427002248694100666748241224
Nebraska,2 wk ahead,Bin,percent,7.7,7.8, 0.00415244017090504128481009971
Nebraska,2 wk ahead,Bin,percent,7.8,7.9, 0.00406122848416713092684071640
Nebraska,2 wk ahead,Bin,percent,7.9,8, 0.00399535554492609894933208281
Nebraska,2 wk ahead,Bin,percent,8,8.1, 0.00395356492803378839484551577
Nebraska,2 wk ahead,Bin,percent,8.1,8.2, 0.00393408599671607201592182790
Nebraska,2 wk ahead,Bin,percent,8.2,8.3, 0.00393521767060951103284205388
Nebraska,2 wk ahead,Bin,percent,8.3,8.4, 0.00395432029308460854938322981
Nebraska,2 wk ahead,Bin,percent,8.4,8.5, 0.00398901725350316906093528502
Nebraska,2 wk ahead,Bin,percent,8.5,8.6, 0.00403646768465873526793297188
Nebraska,2 wk ahead,Bin,percent,8.6,8.7, 0.00409361986854712284200630279
Nebraska,2 wk ahead,Bin,percent,8.7,8.8, 0.00415750778851302869865147471
Nebraska,2 wk ahead,Bin,percent,8.8,8.9, 0.00422492668708060892940325814
Nebraska,2 wk ahead,Bin,percent,8.9,9, 0.00429279691240501068416612895
Nebraska,2 wk ahead,Bin,percent,9,9.1, 0.00435809158695445262449164048
Nebraska,2 wk ahead,Bin,percent,9.1,9.2, 0.00441785957475612778289075777
Nebraska,2 wk ahead,Bin,percent,9.2,9.3, 0.00446950637772214245252433429
Nebraska,2 wk ahead,Bin,percent,9.3,9.4, 0.00451039221119117934855058394
Nebraska,2 wk ahead,Bin,percent,9.4,9.5, 0.00453859439358476630249628059
Nebraska,2 wk ahead,Bin,percent,9.5,9.6, 0.00455198516744702644243325551
Nebraska,2 wk ahead,Bin,percent,9.6,9.7, 0.00454931746275885704605679294
Nebraska,2 wk ahead,Bin,percent,9.7,9.8, 0.00452936885313864195934385748
Nebraska,2 wk ahead,Bin,percent,9.8,9.9, 0.00449139451533674127770012774
Nebraska,2 wk ahead,Bin,percent,9.9,10, 0.00443516908402179048376279269
Nebraska,2 wk ahead,Bin,percent,10,10.1, 0.00436075166689245570517119432
Nebraska,2 wk ahead,Bin,percent,10.1,10.2, 0.00426841451746492669960808541
Nebraska,2 wk ahead,Bin,percent,10.2,10.3, 0.00415911538940451873391790372
Nebraska,2 wk ahead,Bin,percent,10.3,10.4, 0.00403388985256284381131219874
Nebraska,2 wk ahead,Bin,percent,10.4,10.5, 0.00389395712705790800547966946
Nebraska,2 wk ahead,Bin,percent,10.5,10.6, 0.00374113826729536571788492516
Nebraska,2 wk ahead,Bin,percent,10.6,10.7, 0.00357697613694840177780975843
Nebraska,2 wk ahead,Bin,percent,10.7,10.8, 0.00340355799510535465129956734
Nebraska,2 wk ahead,Bin,percent,10.8,10.9, 0.00322275065705047037561969958
Nebraska,2 wk ahead,Bin,percent,10.9,11, 0.00303663192199734015969125878
Nebraska,2 wk ahead,Bin,percent,11,11.1, 0.00284719918746406805074022905
Nebraska,2 wk ahead,Bin,percent,11.1,11.2, 0.00265642722570110130508869162
Nebraska,2 wk ahead,Bin,percent,11.2,11.3, 0.00246618660244482664975484987
Nebraska,2 wk ahead,Bin,percent,11.3,11.4, 0.00227820060461957074604555373
Nebraska,2 wk ahead,Bin,percent,11.4,11.5, 0.00209412223223312933886863796
Nebraska,2 wk ahead,Bin,percent,11.5,11.6, 0.00191532967478857236130751485
Nebraska,2 wk ahead,Bin,percent,11.6,11.7, 0.00174305829811941003816555540
Nebraska,2 wk ahead,Bin,percent,11.7,11.8, 0.00157842348919692843089990220
Nebraska,2 wk ahead,Bin,percent,11.8,11.9, 0.00142216360821779529838293499
Nebraska,2 wk ahead,Bin,percent,11.9,12, 0.00127497906842348549677490510
Nebraska,2 wk ahead,Bin,percent,12,12.1, 0.00113733446637766222840626451
Nebraska,2 wk ahead,Bin,percent,12.1,12.2, 0.00100947275113066046482723781
Nebraska,2 wk ahead,Bin,percent,12.2,12.3, 0.00089146265039753496643021302
Nebraska,2 wk ahead,Bin,percent,12.3,12.4, 0.00078339628304767471370095855
Nebraska,2 wk ahead,Bin,percent,12.4,12.5, 0.00068489015023660815804917856
Nebraska,2 wk ahead,Bin,percent,12.5,12.6, 0.00059585990566013522645727463
Nebraska,2 wk ahead,Bin,percent,12.6,12.7, 0.00051572843467167042187659920
Nebraska,2 wk ahead,Bin,percent,12.7,12.8, 0.00044419283813400554971131950
Nebraska,2 wk ahead,Bin,percent,12.8,12.9, 0.00038065005285722132216327807
Nebraska,2 wk ahead,Bin,percent,12.9,13, 0.00032456481234987574020431356
Nebraska,2 wk ahead,Bin,percent,13,100, 0.00191573250729457815813572275
Nebraska,3 wk ahead,Bin,percent,0,0.1, 0.00185525592590341024783195945
Nebraska,3 wk ahead,Bin,percent,0.1,0.2, 0.00395015026612468341665751481
Nebraska,3 wk ahead,Bin,percent,0.2,0.3, 0.00428167169899712311831319056
Nebraska,3 wk ahead,Bin,percent,0.3,0.4, 0.00462676030916498066958286728
Nebraska,3 wk ahead,Bin,percent,0.4,0.5, 0.00498479868519648323943460611
Nebraska,3 wk ahead,Bin,percent,0.5,0.6, 0.00535452048916318541771364181
Nebraska,3 wk ahead,Bin,percent,0.6,0.7, 0.00573481548172006475733164521
Nebraska,3 wk ahead,Bin,percent,0.7,0.8, 0.00612458252714346770839703993
Nebraska,3 wk ahead,Bin,percent,0.8,0.9, 0.00652225647538362800909039763
Nebraska,3 wk ahead,Bin,percent,0.9,1, 0.00692644926963598573516067702
Nebraska,3 wk ahead,Bin,percent,1,1.1, 0.00733565495903819482503838145
Nebraska,3 wk ahead,Bin,percent,1.1,1.2, 0.00774818389459872632757386768
Nebraska,3 wk ahead,Bin,percent,1.2,1.3, 0.00816242209250368604134262540
Nebraska,3 wk ahead,Bin,percent,1.3,1.4, 0.00857666503291427788358003426
Nebraska,3 wk ahead,Bin,percent,1.4,1.5, 0.00898921753756310934480033836
Nebraska,3 wk ahead,Bin,percent,1.5,1.6, 0.00939830899717198318954469727
Nebraska,3 wk ahead,Bin,percent,1.6,1.7, 0.00980230007864390379124230890
Nebraska,3 wk ahead,Bin,percent,1.7,1.8, 0.01019955751287768275226142123
Nebraska,3 wk ahead,Bin,percent,1.8,1.9, 0.01058826943665486762513605612
Nebraska,3 wk ahead,Bin,percent,1.9,2, 0.01096706208324027716216608752
Nebraska,3 wk ahead,Bin,percent,2,2.1, 0.01133436330297524392840546881
Nebraska,3 wk ahead,Bin,percent,2.1,2.2, 0.01168856657492054786084967333
Nebraska,3 wk ahead,Bin,percent,2.2,2.3, 0.01202856286392346707447842391
Nebraska,3 wk ahead,Bin,percent,2.3,2.4, 0.01235287362835667777927195488
Nebraska,3 wk ahead,Bin,percent,2.4,2.5, 0.01266029922629451943960621207
Nebraska,3 wk ahead,Bin,percent,2.5,2.6, 0.01294997327923169509744649730
Nebraska,3 wk ahead,Bin,percent,2.6,2.7, 0.01322048422112879519085826274
Nebraska,3 wk ahead,Bin,percent,2.7,2.8, 0.01347122738447824319418799632
Nebraska,3 wk ahead,Bin,percent,2.8,2.9, 0.01370150524696513334721448274
Nebraska,3 wk ahead,Bin,percent,2.9,3, 0.01391006110398338747879964927
Nebraska,3 wk ahead,Bin,percent,3,3.1, 0.01409687219473213133646982698
Nebraska,3 wk ahead,Bin,percent,3.1,3.2, 0.01426131248475096501004966143
Nebraska,3 wk ahead,Bin,percent,3.2,3.3, 0.01440261573426747029880168327
Nebraska,3 wk ahead,Bin,percent,3.3,3.4, 0.01452106044585554922576875470
Nebraska,3 wk ahead,Bin,percent,3.4,3.5, 0.01461615807416241641369936133
Nebraska,3 wk ahead,Bin,percent,3.5,3.6, 0.01468780007424115054137647718
Nebraska,3 wk ahead,Bin,percent,3.6,3.7, 0.01473644425587946997502353241
Nebraska,3 wk ahead,Bin,percent,3.7,3.8, 0.01476175703219534049437378087
Nebraska,3 wk ahead,Bin,percent,3.8,3.9, 0.01476437728395332826814012606
Nebraska,3 wk ahead,Bin,percent,3.9,4, 0.01474487361593966941453182073
Nebraska,3 wk ahead,Bin,percent,4,4.1, 0.01470320174741048327438086574
Nebraska,3 wk ahead,Bin,percent,4.1,4.2, 0.01464058723899933078804735942
Nebraska,3 wk ahead,Bin,percent,4.2,4.3, 0.01455768612416161005007619877
Nebraska,3 wk ahead,Bin,percent,4.3,4.4, 0.01445495055629607110414536209
Nebraska,3 wk ahead,Bin,percent,4.4,4.5, 0.01433389363523489452856285453
Nebraska,3 wk ahead,Bin,percent,4.5,4.6, 0.01419529285461822339098336698
Nebraska,3 wk ahead,Bin,percent,4.6,4.7, 0.01404019426282467584987667664
Nebraska,3 wk ahead,Bin,percent,4.7,4.8, 0.01387011662853351347257646609
Nebraska,3 wk ahead,Bin,percent,4.8,4.9, 0.01368598823122668499407961207
Nebraska,3 wk ahead,Bin,percent,4.9,5, 0.01348930212418422876219370465
Nebraska,3 wk ahead,Bin,percent,5,5.1, 0.01328148820306311074512795045
Nebraska,3 wk ahead,Bin,percent,5.1,5.2, 0.01306363606377548836068314131
Nebraska,3 wk ahead,Bin,percent,5.2,5.3, 0.01283736751048532472030405671
Nebraska,3 wk ahead,Bin,percent,5.3,5.4, 0.01260399834950980992032132377
Nebraska,3 wk ahead,Bin,percent,5.4,5.5, 0.01236473960254926875157455157
Nebraska,3 wk ahead,Bin,percent,5.5,5.6, 0.01212106720873702345175892958
Nebraska,3 wk ahead,Bin,percent,5.6,5.7, 0.01187417656386646931665485027
Nebraska,3 wk ahead,Bin,percent,5.7,5.8, 0.01162526568850275748845390922
Nebraska,3 wk ahead,Bin,percent,5.8,5.9, 0.01137551671340535780485581085
Nebraska,3 wk ahead,Bin,percent,5.9,6, 0.01112599271006315185261748013
Nebraska,3 wk ahead,Bin,percent,6,6.1, 0.01087768482726510048397283725
Nebraska,3 wk ahead,Bin,percent,6.1,6.2, 0.01063146641760415352095936470
Nebraska,3 wk ahead,Bin,percent,6.2,6.3, 0.01038822288216625054635411374
Nebraska,3 wk ahead,Bin,percent,6.3,6.4, 0.01014859354787574392819937685
Nebraska,3 wk ahead,Bin,percent,6.4,6.5, 0.00991318174743962415851328274
Nebraska,3 wk ahead,Bin,percent,6.5,6.6, 0.00968260613330923329555854906
Nebraska,3 wk ahead,Bin,percent,6.6,6.7, 0.00945713210211091524770576910
Nebraska,3 wk ahead,Bin,percent,6.7,6.8, 0.00923712029602053071031253495
Nebraska,3 wk ahead,Bin,percent,6.8,6.9, 0.00902283143745030366544845890
Nebraska,3 wk ahead,Bin,percent,6.9,7, 0.00881421553335781128579728971
Nebraska,3 wk ahead,Bin,percent,7,7.1, 0.00861140727037310385605373142
Nebraska,3 wk ahead,Bin,percent,7.1,7.2, 0.00841425029806968684253920543
Nebraska,3 wk ahead,Bin,percent,7.2,7.3, 0.00822248737871691254275319238
Nebraska,3 wk ahead,Bin,percent,7.3,7.4, 0.00803599036963776637565448624
Nebraska,3 wk ahead,Bin,percent,7.4,7.5, 0.00785428417137979707762784898
Nebraska,3 wk ahead,Bin,percent,7.5,7.6, 0.00767695162620443335987907574
Nebraska,3 wk ahead,Bin,percent,7.6,7.7, 0.00750360368258314123363073023
Nebraska,3 wk ahead,Bin,percent,7.7,7.8, 0.00733359633484414932119710429
Nebraska,3 wk ahead,Bin,percent,7.8,7.9, 0.00716639486888452290069828621
Nebraska,3 wk ahead,Bin,percent,7.9,8, 0.00700142133548997853964568350
Nebraska,3 wk ahead,Bin,percent,8,8.1, 0.00683800639259958716043019677
Nebraska,3 wk ahead,Bin,percent,8.1,8.2, 0.00667555757323258763119566694
Nebraska,3 wk ahead,Bin,percent,8.2,8.3, 0.00651345265681064870821881385
Nebraska,3 wk ahead,Bin,percent,8.3,8.4, 0.00635110949859085411467463089
Nebraska,3 wk ahead,Bin,percent,8.4,8.5, 0.00618795715566535127483138723
Nebraska,3 wk ahead,Bin,percent,8.5,8.6, 0.00602351270109394328067242697
Nebraska,3 wk ahead,Bin,percent,8.6,8.7, 0.00585734681185332093505957474
Nebraska,3 wk ahead,Bin,percent,8.7,8.8, 0.00568903712315927800186043939
Nebraska,3 wk ahead,Bin,percent,8.8,8.9, 0.00551835394724199852778401265
Nebraska,3 wk ahead,Bin,percent,8.9,9, 0.00534507688566313119565842626
Nebraska,3 wk ahead,Bin,percent,9,9.1, 0.00516905899910515432421620474
Nebraska,3 wk ahead,Bin,percent,9.1,9.2, 0.00499035559841839223421677829
Nebraska,3 wk ahead,Bin,percent,9.2,9.3, 0.00480899280493719306905919808
Nebraska,3 wk ahead,Bin,percent,9.3,9.4, 0.00462516749987199569937867949
Nebraska,3 wk ahead,Bin,percent,9.4,9.5, 0.00443918420373560877745244824
Nebraska,3 wk ahead,Bin,percent,9.5,9.6, 0.00425134868751274232895331906
Nebraska,3 wk ahead,Bin,percent,9.6,9.7, 0.00406213914526263805693240272
Nebraska,3 wk ahead,Bin,percent,9.7,9.8, 0.00387205887632821078858658126
Nebraska,3 wk ahead,Bin,percent,9.8,9.9, 0.00368166939169292401629052236
Nebraska,3 wk ahead,Bin,percent,9.9,10, 0.00349159374386480859248083064
Nebraska,3 wk ahead,Bin,percent,10,10.1, 0.00330247978090332343359403211
Nebraska,3 wk ahead,Bin,percent,10.1,10.2, 0.00311502968392871667363541732
Nebraska,3 wk ahead,Bin,percent,10.2,10.3, 0.00292988076326501731966311937
Nebraska,3 wk ahead,Bin,percent,10.3,10.4, 0.00274776428218942913792033345
Nebraska,3 wk ahead,Bin,percent,10.4,10.5, 0.00256933861839801205503852621
Nebraska,3 wk ahead,Bin,percent,10.5,10.6, 0.00239516797061694762180361629
Nebraska,3 wk ahead,Bin,percent,10.6,10.7, 0.00222598922721386040593505307
Nebraska,3 wk ahead,Bin,percent,10.7,10.8, 0.00206224980886084673092906172
Nebraska,3 wk ahead,Bin,percent,10.8,10.9, 0.00190440513424613554888109590
Nebraska,3 wk ahead,Bin,percent,10.9,11, 0.00175305961503352861728666223
Nebraska,3 wk ahead,Bin,percent,11,11.1, 0.00160840605009673616281051789
Nebraska,3 wk ahead,Bin,percent,11.1,11.2, 0.00147077024230899636864089430
Nebraska,3 wk ahead,Bin,percent,11.2,11.3, 0.00134049546092953513268253296
Nebraska,3 wk ahead,Bin,percent,11.3,11.4, 0.00121755679108204043284424678
Nebraska,3 wk ahead,Bin,percent,11.4,11.5, 0.00110215252637475900725216871
Nebraska,3 wk ahead,Bin,percent,11.5,11.6, 0.00099428905324439628525545753
Nebraska,3 wk ahead,Bin,percent,11.6,11.7, 0.00089379724133949688385375465
Nebraska,3 wk ahead,Bin,percent,11.7,11.8, 0.00080074542920539513394390108
Nebraska,3 wk ahead,Bin,percent,11.8,11.9, 0.00071484802720274593940824603
Nebraska,3 wk ahead,Bin,percent,11.9,12, 0.00063584700390418311469198365
Nebraska,3 wk ahead,Bin,percent,12,12.1, 0.00056367385115536319979689939
Nebraska,3 wk ahead,Bin,percent,12.1,12.2, 0.00049786852430446512998707398
Nebraska,3 wk ahead,Bin,percent,12.2,12.3, 0.00043814311274568702291726252
Nebraska,3 wk ahead,Bin,percent,12.3,12.4, 0.00038426516699040626570682555
Nebraska,3 wk ahead,Bin,percent,12.4,12.5, 0.00033575289840221571920769739
Nebraska,3 wk ahead,Bin,percent,12.5,12.6, 0.00029231581498772104968711383
Nebraska,3 wk ahead,Bin,percent,12.6,12.7, 0.00025359841255097402123314110
Nebraska,3 wk ahead,Bin,percent,12.7,12.8, 0.00021917239441877997985913540
Nebraska,3 wk ahead,Bin,percent,12.8,12.9, 0.00018876350176053659788225070
Nebraska,3 wk ahead,Bin,percent,12.9,13, 0.00016197620633850071092917078
Nebraska,3 wk ahead,Bin,percent,13,100, 0.00121122264925532666449137231
Nebraska,4 wk ahead,Bin,percent,0,0.1, 0.00014912933247057750521177844
Nebraska,4 wk ahead,Bin,percent,0.1,0.2, 0.00029825866494115501042355687
Nebraska,4 wk ahead,Bin,percent,0.2,0.3, 0.00029825866494115490200333962
Nebraska,4 wk ahead,Bin,percent,0.3,0.4, 0.00029825866494115490200333962
Nebraska,4 wk ahead,Bin,percent,0.4,0.5, 0.00029825866494115490200333962
Nebraska,4 wk ahead,Bin,percent,0.5,0.6, 0.00029825866494115506463366549
Nebraska,4 wk ahead,Bin,percent,0.6,0.7, 0.00029825866494115522726399137
Nebraska,4 wk ahead,Bin,percent,0.7,0.8, 0.00029842819527477421146649528
Nebraska,4 wk ahead,Bin,percent,0.8,0.9, 0.00044369677736912506004623991
Nebraska,4 wk ahead,Bin,percent,0.9,1, 0.00085517406128561969467366533
Nebraska,4 wk ahead,Bin,percent,1,1.1, 0.00155647344043276843889023198
Nebraska,4 wk ahead,Bin,percent,1.1,1.2, 0.00267591079469361179180020294
Nebraska,4 wk ahead,Bin,percent,1.2,1.3, 0.00434518612117854984705500598
Nebraska,4 wk ahead,Bin,percent,1.3,1.4, 0.00666692134060225746750028009
Nebraska,4 wk ahead,Bin,percent,1.4,1.5, 0.00966699501701656985219734963
Nebraska,4 wk ahead,Bin,percent,1.5,1.6, 0.01325442151958959764723733343
Nebraska,4 wk ahead,Bin,percent,1.6,1.7, 0.01719634373244607536412864590
Nebraska,4 wk ahead,Bin,percent,1.7,1.8, 0.02113763015938447537012123689
Nebraska,4 wk ahead,Bin,percent,1.8,1.9, 0.02466296397677978508022889059
Nebraska,4 wk ahead,Bin,percent,1.9,2, 0.02739367128897069597615043790
Nebraska,4 wk ahead,Bin,percent,2,2.1, 0.02909258227828709006401730619
Nebraska,4 wk ahead,Bin,percent,2.1,2.2, 0.02972830934547983014470950991
Nebraska,4 wk ahead,Bin,percent,2.2,2.3, 0.02948675888374432257910129351
Nebraska,4 wk ahead,Bin,percent,2.3,2.4, 0.02870667249161698922343965990
Nebraska,4 wk ahead,Bin,percent,2.4,2.5, 0.02778172234601055182179329961
Nebraska,4 wk ahead,Bin,percent,2.5,2.6, 0.02705721253954710206479639112
Nebraska,4 wk ahead,Bin,percent,2.6,2.7, 0.02676653189820909703455775741
Nebraska,4 wk ahead,Bin,percent,2.7,2.8, 0.02702290735914822036867199984
Nebraska,4 wk ahead,Bin,percent,2.8,2.9, 0.02784775899588061778833214532
Nebraska,4 wk ahead,Bin,percent,2.9,3, 0.02921044498972640013345625221
Nebraska,4 wk ahead,Bin,percent,3,3.1, 0.03104043017102327967071673243
Nebraska,4 wk ahead,Bin,percent,3.1,3.2, 0.03320920670990980261283453956
Nebraska,4 wk ahead,Bin,percent,3.2,3.3, 0.03549440049328392993155389945
Nebraska,4 wk ahead,Bin,percent,3.3,3.4, 0.03756211260450605105010168927
Nebraska,4 wk ahead,Bin,percent,3.4,3.5, 0.03899560743738393620017035346
Nebraska,4 wk ahead,Bin,percent,3.5,3.6, 0.03937721421781855551946804894
Nebraska,4 wk ahead,Bin,percent,3.6,3.7, 0.03839721492344630449089493140
Nebraska,4 wk ahead,Bin,percent,3.7,3.8, 0.03595262021533854324140122571
Nebraska,4 wk ahead,Bin,percent,3.8,3.9, 0.03218965102438940684148604987
Nebraska,4 wk ahead,Bin,percent,3.9,4, 0.02747635021903781574192926485
Nebraska,4 wk ahead,Bin,percent,4,4.1, 0.02231222843679811149164571304
Nebraska,4 wk ahead,Bin,percent,4.1,4.2, 0.01721209976652906051275415678
Nebraska,4 wk ahead,Bin,percent,4.2,4.3, 0.01260062231909676172536549643
Nebraska,4 wk ahead,Bin,percent,4.3,4.4, 0.00874776050538314357829516865
Nebraska,4 wk ahead,Bin,percent,4.4,4.5, 0.00575656841860650372866281543
Nebraska,4 wk ahead,Bin,percent,4.5,4.6, 0.00358974811655984622077442125
Nebraska,4 wk ahead,Bin,percent,4.6,4.7, 0.00212325029124792738835503236
Nebraska,4 wk ahead,Bin,percent,4.7,4.8, 0.00119612057487563944874198185
Nebraska,4 wk ahead,Bin,percent,4.8,4.9, 0.00065537573795711211773612481
Nebraska,4 wk ahead,Bin,percent,4.9,5, 0.00037852182234449229620773525
Nebraska,4 wk ahead,Bin,percent,5,5.1, 0.00028684130961326913212758316
Nebraska,4 wk ahead,Bin,percent,5.1,5.2, 0.00034512819825029833215729314
Nebraska,4 wk ahead,Bin,percent,5.2,5.3, 0.00055874158972499135631523126
Nebraska,4 wk ahead,Bin,percent,5.3,5.4, 0.00096549763656016889066396880
Nebraska,4 wk ahead,Bin,percent,5.4,5.5, 0.00162527530664158172818423154
Nebraska,4 wk ahead,Bin,percent,5.5,5.6, 0.00260165694062898999669442013
Nebraska,4 wk ahead,Bin,percent,5.6,5.7, 0.00393932799294376741888745741
Nebraska,4 wk ahead,Bin,percent,5.7,5.8, 0.00563420454765376638173179913
Nebraska,4 wk ahead,Bin,percent,5.8,5.9, 0.00761040827023931783223975600
Nebraska,4 wk ahead,Bin,percent,5.9,6, 0.00970725651245798668020903222
Nebraska,4 wk ahead,Bin,percent,6,6.1, 0.01169205443522410362011676455
Nebraska,4 wk ahead,Bin,percent,6.1,6.2, 0.01329842347537813808389106640
Nebraska,4 wk ahead,Bin,percent,6.2,6.3, 0.01428276636754233913650935506
Nebraska,4 wk ahead,Bin,percent,6.3,6.4, 0.01448577828420067638293122769
Nebraska,4 wk ahead,Bin,percent,6.4,6.5, 0.01387331734937519676920114620
Nebraska,4 wk ahead,Bin,percent,6.5,6.6, 0.01254673073631166861641172972
Nebraska,4 wk ahead,Bin,percent,6.6,6.7, 0.01071498999662563386681135569
Nebraska,4 wk ahead,Bin,percent,6.7,6.8, 0.00864092619737944975244481327
Nebraska,4 wk ahead,Bin,percent,6.8,6.9, 0.00658011698140231228448815415
Nebraska,4 wk ahead,Bin,percent,6.9,7, 0.00473172234475555467114737951
Nebraska,4 wk ahead,Bin,percent,7,7.1, 0.00321289851935910048680300477
Nebraska,4 wk ahead,Bin,percent,7.1,7.2, 0.00206026344691519680205060716
Nebraska,4 wk ahead,Bin,percent,7.2,7.3, 0.00124746770782324938216245602
Nebraska,4 wk ahead,Bin,percent,7.3,7.4, 0.00071332971641223938755183021
Nebraska,4 wk ahead,Bin,percent,7.4,7.5, 0.00038512857093240106341053286
Nebraska,4 wk ahead,Bin,percent,7.5,7.6, 0.00020039778390296887644085599
Nebraska,4 wk ahead,Bin,percent,7.6,7.7, 0.00016361539820759443296036006
Nebraska,4 wk ahead,Bin,percent,7.7,7.8, 0.00016361539820759443296036006
Nebraska,4 wk ahead,Bin,percent,7.8,7.9, 0.00016361539820759443296036006
Nebraska,4 wk ahead,Bin,percent,7.9,8, 0.00016361539820759443296036006
Nebraska,4 wk ahead,Bin,percent,8,8.1, 0.00016361539820759589663329292
Nebraska,4 wk ahead,Bin,percent,8.1,8.2, 0.00016361539820759736030622578
Nebraska,4 wk ahead,Bin,percent,8.2,8.3, 0.00016361539820759736030622578
Nebraska,4 wk ahead,Bin,percent,8.3,8.4, 0.00016361539820759736030622578
Nebraska,4 wk ahead,Bin,percent,8.4,8.5, 0.00016361539820759736030622578
Nebraska,4 wk ahead,Bin,percent,8.5,8.6, 0.00016361539820759736030622578
Nebraska,4 wk ahead,Bin,percent,8.6,8.7, 0.00016361539820759736030622578
Nebraska,4 wk ahead,Bin,percent,8.7,8.8, 0.00016361539820759736030622578
Nebraska,4 wk ahead,Bin,percent,8.8,8.9, 0.00016361539820759736030622578
Nebraska,4 wk ahead,Bin,percent,8.9,9, 0.00016361539820759736030622578
Nebraska,4 wk ahead,Bin,percent,9,9.1, 0.00016361539820759736030622578
Nebraska,4 wk ahead,Bin,percent,9.1,9.2, 0.00016361539820759736030622578
Nebraska,4 wk ahead,Bin,percent,9.2,9.3, 0.00016361539820759736030622578
Nebraska,4 wk ahead,Bin,percent,9.3,9.4, 0.00016361539820759736030622578
Nebraska,4 wk ahead,Bin,percent,9.4,9.5, 0.00016361539820759736030622578
Nebraska,4 wk ahead,Bin,percent,9.5,9.6, 0.00016361539820759736030622578
Nebraska,4 wk ahead,Bin,percent,9.6,9.7, 0.00016361539820759736030622578
Nebraska,4 wk ahead,Bin,percent,9.7,9.8, 0.00016361539820759736030622578
Nebraska,4 wk ahead,Bin,percent,9.8,9.9, 0.00016361539820759736030622578
Nebraska,4 wk ahead,Bin,percent,9.9,10, 0.00016361539820759736030622578
Nebraska,4 wk ahead,Bin,percent,10,10.1, 0.00016361539820759736030622578
Nebraska,4 wk ahead,Bin,percent,10.1,10.2, 0.00016361539820759736030622578
Nebraska,4 wk ahead,Bin,percent,10.2,10.3, 0.00016361539820759736030622578
Nebraska,4 wk ahead,Bin,percent,10.3,10.4, 0.00016361539820759736030622578
Nebraska,4 wk ahead,Bin,percent,10.4,10.5, 0.00016361539820759736030622578
Nebraska,4 wk ahead,Bin,percent,10.5,10.6, 0.00016361539820759736030622578
Nebraska,4 wk ahead,Bin,percent,10.6,10.7, 0.00016361539820759736030622578
Nebraska,4 wk ahead,Bin,percent,10.7,10.8, 0.00016361539820759736030622578
Nebraska,4 wk ahead,Bin,percent,10.8,10.9, 0.00016361539820759736030622578
Nebraska,4 wk ahead,Bin,percent,10.9,11, 0.00016361539820759736030622578
Nebraska,4 wk ahead,Bin,percent,11,11.1, 0.00016361539820759736030622578
Nebraska,4 wk ahead,Bin,percent,11.1,11.2, 0.00016361539820759736030622578
Nebraska,4 wk ahead,Bin,percent,11.2,11.3, 0.00016361539820759736030622578
Nebraska,4 wk ahead,Bin,percent,11.3,11.4, 0.00016361539820759736030622578
Nebraska,4 wk ahead,Bin,percent,11.4,11.5, 0.00016361539820759736030622578
Nebraska,4 wk ahead,Bin,percent,11.5,11.6, 0.00016361539820759736030622578
Nebraska,4 wk ahead,Bin,percent,11.6,11.7, 0.00016361539820759736030622578
Nebraska,4 wk ahead,Bin,percent,11.7,11.8, 0.00016361539820759736030622578
Nebraska,4 wk ahead,Bin,percent,11.8,11.9, 0.00016361539820759736030622578
Nebraska,4 wk ahead,Bin,percent,11.9,12, 0.00016361539820759736030622578
Nebraska,4 wk ahead,Bin,percent,12,12.1, 0.00016361539820759736030622578
Nebraska,4 wk ahead,Bin,percent,12.1,12.2, 0.00016361539820759736030622578
Nebraska,4 wk ahead,Bin,percent,12.2,12.3, 0.00016361539820759736030622578
Nebraska,4 wk ahead,Bin,percent,12.3,12.4, 0.00016361539820759736030622578
Nebraska,4 wk ahead,Bin,percent,12.4,12.5, 0.00016361539820759736030622578
Nebraska,4 wk ahead,Bin,percent,12.5,12.6, 0.00016361539820759736030622578
Nebraska,4 wk ahead,Bin,percent,12.6,12.7, 0.00016361539820759736030622578
Nebraska,4 wk ahead,Bin,percent,12.7,12.8, 0.00016361539820759736030622578
Nebraska,4 wk ahead,Bin,percent,12.8,12.9, 0.00016361539820759736030622578
Nebraska,4 wk ahead,Bin,percent,12.9,13, 0.00016361539820759736030622578
Nebraska,4 wk ahead,Bin,percent,13,100, 0.00016361539820759736030622578
North Dakota,Season peak week,Bin,week,40,41, 0.00053843565587910241672375822
North Dakota,Season peak week,Bin,week,41,42, 0.00053843565587910241672375822
North Dakota,Season peak week,Bin,week,42,43, 0.00053843565587910241672375822
North Dakota,Season peak week,Bin,week,43,44, 0.00067335157462019722043183867
North Dakota,Season peak week,Bin,week,44,45, 0.00159652637594273030981206762
North Dakota,Season peak week,Bin,week,45,46, 0.00356639900231678656436495878
North Dakota,Season peak week,Bin,week,46,47, 0.00717889446071150356953882721
North Dakota,Season peak week,Bin,week,47,48, 0.01303211269288192565574124870
North Dakota,Season peak week,Bin,week,48,49, 0.02136152780624778549367626113
North Dakota,Season peak week,Bin,week,49,50, 0.03167086414045675729633799733
North Dakota,Season peak week,Bin,week,50,51, 0.04257826036947495035311916922
North Dakota,Season peak week,Bin,week,51,52, 0.05210486102736699987048041294
North Dakota,Season peak week,Bin,week,52,53, 0.05839050285959076352915175789
North Dakota,Season peak week,Bin,week,1,2, 0.06051157383045356608075593385
North Dakota,Season peak week,Bin,week,2,3, 0.05893559917322779145854028116
North Dakota,Season peak week,Bin,week,3,4, 0.05534340283648517266890110022
North Dakota,Season peak week,Bin,week,4,5, 0.05191248734144977144966404126
North Dakota,Season peak week,Bin,week,5,6, 0.05044108394837214931483160285
North Dakota,Season peak week,Bin,week,6,7, 0.05168690605617016348150016825
North Dakota,Season peak week,Bin,week,7,8, 0.05512561261350373831291449278
North Dakota,Season peak week,Bin,week,8,9, 0.05915757079813149105218528234
North Dakota,Season peak week,Bin,week,9,10, 0.06168224489902216639558574229
North Dakota,Season peak week,Bin,week,10,11, 0.06088073509519061760064673194
North Dakota,Season peak week,Bin,week,11,12, 0.05592547046302375618465063667
North Dakota,Season peak week,Bin,week,12,13, 0.04731022477033081097275157845
North Dakota,Season peak week,Bin,week,13,14, 0.03660933024491924009380383609
North Dakota,Season peak week,Bin,week,14,15, 0.02579904445728201795029477239
North Dakota,Season peak week,Bin,week,15,16, 0.01650763637904071809425765593
North Dakota,Season peak week,Bin,week,16,17, 0.00957060514138302967368510110
North Dakota,Season peak week,Bin,week,17,18, 0.00502026588370904722907761553
North Dakota,Season peak week,Bin,week,18,19, 0.00238002970884008393723241248
North Dakota,Season peak week,Bin,week,19,20, 0.00101905488335682207524934828
North Dakota,Season peak week,Bin,week,20,21, 0.00041251419886008329528451211
North Dakota,Season peak percentage,Bin,percent,0,0.1, 0.00003730720677126582023605886
North Dakota,Season peak percentage,Bin,percent,0.1,0.2, 0.00008295779832622999117475865
North Dakota,Season peak percentage,Bin,percent,0.2,0.3, 0.00011764247940894140135367069
North Dakota,Season peak percentage,Bin,percent,0.3,0.4, 0.00016612667008128950219339459
North Dakota,Season peak percentage,Bin,percent,0.4,0.5, 0.00023113565110087331915499076
North Dakota,Season peak percentage,Bin,percent,0.5,0.6, 0.00031688381285981272574361900
North Dakota,Season peak percentage,Bin,percent,0.6,0.7, 0.00042812869828867753654519368
North Dakota,Season peak percentage,Bin,percent,0.7,0.8, 0.00057008440957210040900271508
North Dakota,Season peak percentage,Bin,percent,0.8,0.9, 0.00074831195844952079748030327
North Dakota,Season peak percentage,Bin,percent,0.9,1, 0.00096847505731575218770185165
North Dakota,Season peak percentage,Bin,percent,1,1.1, 0.00123608292733089794417089546
North Dakota,Season peak percentage,Bin,percent,1.1,1.2, 0.00155628061637268547655332807
North Dakota,Season peak percentage,Bin,percent,1.2,1.3, 0.00193360614397255830762545337
North Dakota,Season peak percentage,Bin,percent,1.3,1.4, 0.00237172885812377172431997252
North Dakota,Season peak percentage,Bin,percent,1.4,1.5, 0.00287327288008361846072258317
North Dakota,Season peak percentage,Bin,percent,1.5,1.6, 0.00343992435018873263241623306
North Dakota,Season peak percentage,Bin,percent,1.6,1.7, 0.00407249385508963706453711140
North Dakota,Season peak percentage,Bin,percent,1.7,1.8, 0.00477108700898409929941346164
North Dakota,Season peak percentage,Bin,percent,1.8,1.9, 0.00553561941203950698409119724
North Dakota,Season peak percentage,Bin,percent,1.9,2, 0.00636624966306899905260641148
North Dakota,Season peak percentage,Bin,percent,2,2.1, 0.00726382222430502471482993698
North Dakota,Season peak percentage,Bin,percent,2.1,2.2, 0.00823011911219342223722250651
North Dakota,Season peak percentage,Bin,percent,2.2,2.3, 0.00926816463792954486899944300
North Dakota,Season peak percentage,Bin,percent,2.3,2.4, 0.01038206417015113958157712659
North Dakota,Season peak percentage,Bin,percent,2.4,2.5, 0.01157632084891629421774528197
North Dakota,Season peak percentage,Bin,percent,2.5,2.6, 0.01285503733717706376094014331
North Dakota,Season peak percentage,Bin,percent,2.6,2.7, 0.01422059409670574717243773932
North Dakota,Season peak percentage,Bin,percent,2.7,2.8, 0.01567212115866744789882680777
North Dakota,Season peak percentage,Bin,percent,2.8,2.9, 0.01720353032585059116499337506
North Dakota,Season peak percentage,Bin,percent,2.9,3, 0.01880217970539416194597492904
North Dakota,Season peak percentage,Bin,percent,3,3.1, 0.02044747565107130765627019287
North Dakota,Season peak percentage,Bin,percent,3.1,3.2, 0.02211013371217156880943477404
North Dakota,Season peak percentage,Bin,percent,3.2,3.3, 0.02375218805044030864759285748
North Dakota,Season peak percentage,Bin,percent,3.3,3.4, 0.02532804486203987445747110030
North Dakota,Season peak percentage,Bin,percent,3.4,3.5, 0.02678610803752051391923849621
North Dakota,Season peak percentage,Bin,percent,3.5,3.6, 0.02807190766624052119526666615
North Dakota,Season peak percentage,Bin,percent,3.6,3.7, 0.02913118291161028577951341845
North Dakota,Season peak percentage,Bin,percent,3.7,3.8, 0.02991368296246654789882768455
North Dakota,Season peak percentage,Bin,percent,3.8,3.9, 0.03037655154433587315065956602
North Dakota,Season peak percentage,Bin,percent,3.9,4, 0.03048858122701623638017842666
North Dakota,Season peak percentage,Bin,percent,4,4.1, 0.03023222350453215814813923146
North Dakota,Season peak percentage,Bin,percent,4.1,4.2, 0.02960505847319289118857454923
North Dakota,Season peak percentage,Bin,percent,4.2,4.3, 0.02862127804371146846951212694
North Dakota,Season peak percentage,Bin,percent,4.3,4.4, 0.02731026830038905256481385209
North Dakota,Season peak percentage,Bin,percent,4.4,4.5, 0.02571477404180498929631148997
North Dakota,Season peak percentage,Bin,percent,4.5,4.6, 0.02388810104793825245250715739
North Dakota,Season peak percentage,Bin,percent,4.6,4.7, 0.02189122506072274307320491005
North Dakota,Season peak percentage,Bin,percent,4.7,4.8, 0.01978852289859153734674634961
North Dakota,Season peak percentage,Bin,percent,4.8,4.9, 0.01764410370036832015339101076
North Dakota,Season peak percentage,Bin,percent,4.9,5, 0.01551855101359658241355621300
North Dakota,Season peak percentage,Bin,percent,5,5.1, 0.01346603674149971473228415419
North Dakota,Season peak percentage,Bin,percent,5.1,5.2, 0.01153237005434126251357529469
North Dakota,Season peak percentage,Bin,percent,5.2,5.3, 0.00975402844292997360520214301
North Dakota,Season peak percentage,Bin,percent,5.3,5.4, 0.00815765683459692553247677438
North Dakota,Season peak percentage,Bin,percent,5.4,5.5, 0.00676043919631216967680575891
North Dakota,Season peak percentage,Bin,percent,5.5,5.6, 0.00557146013670715718052450782
North Dakota,Season peak percentage,Bin,percent,5.6,5.7, 0.00459306879814539662648664731
North Dakota,Season peak percentage,Bin,percent,5.7,5.8, 0.00382235053624219341117385085
North Dakota,Season peak percentage,Bin,percent,5.8,5.9, 0.00325269577250294952136533411
North Dakota,Season peak percentage,Bin,percent,5.9,6, 0.00287551894630754542939166107
North Dakota,Season peak percentage,Bin,percent,6,6.1, 0.00268118700623575000399623214
North Dakota,Season peak percentage,Bin,percent,6.1,6.2, 0.00265945778946703173181709268
North Dakota,Season peak percentage,Bin,percent,6.2,6.3, 0.00280015992891282814933329171
North Dakota,Season peak percentage,Bin,percent,6.3,6.4, 0.00309293812348112586926851542
North Dakota,Season peak percentage,Bin,percent,6.4,6.5, 0.00352675850068694118899514933
North Dakota,Season peak percentage,Bin,percent,6.5,6.6, 0.00408896130688023769911287886
North Dakota,Season peak percentage,Bin,percent,6.6,6.7, 0.00476482439084580794430578976
North Dakota,Season peak percentage,Bin,percent,6.7,6.8, 0.00553669144006912247041318764
North Dakota,Season peak percentage,Bin,percent,6.8,6.9, 0.00638322769445723477155230086
North Dakota,Season peak percentage,Bin,percent,6.9,7, 0.00727943983997357633303204594
North Dakota,Season peak percentage,Bin,percent,7,7.1, 0.00819674227168913985264175892
North Dakota,Season peak percentage,Bin,percent,7.1,7.2, 0.00910356435424687464308401985
North Dakota,Season peak percentage,Bin,percent,7.2,7.3, 0.00996651107015117387888381018
North Dakota,Season peak percentage,Bin,percent,7.3,7.4, 0.01075186892295698637411760501
North Dakota,Season peak percentage,Bin,percent,7.4,7.5, 0.01142723834390129214466647056
North Dakota,Season peak percentage,Bin,percent,7.5,7.6, 0.01196374840201139613804492967
North Dakota,Season peak percentage,Bin,percent,7.6,7.7, 0.01233770465799230268977293434
North Dakota,Season peak percentage,Bin,percent,7.7,7.8, 0.01253217957599515701427872472
North Dakota,Season peak percentage,Bin,percent,7.8,7.9, 0.01253796802477375599282893859
North Dakota,Season peak percentage,Bin,percent,7.9,8, 0.01235482481615148876719079141
North Dakota,Season peak percentage,Bin,percent,8,8.1, 0.01199089690179164398309286099
North Dakota,Season peak percentage,Bin,percent,8.1,8.2, 0.01146223119004151184963102850
North Dakota,Season peak percentage,Bin,percent,8.2,8.3, 0.01079156424890440751918063711
North Dakota,Season peak percentage,Bin,percent,8.3,8.4, 0.01000693198660288635304382865
North Dakota,Season peak percentage,Bin,percent,8.4,8.5, 0.00913941152889741204035090050
North Dakota,Season peak percentage,Bin,percent,8.5,8.6, 0.00822117982059602202260517601
North Dakota,Season peak percentage,Bin,percent,8.6,8.7, 0.00728367047915415288805718319
North Dakota,Season peak percentage,Bin,percent,8.7,8.8, 0.00635573458835381622372695531
North Dakota,Season peak percentage,Bin,percent,8.8,8.9, 0.00546234002657343918618604306
North Dakota,Season peak percentage,Bin,percent,8.9,9, 0.00462372598658719428932339923
North Dakota,Season peak percentage,Bin,percent,9,9.1, 0.00385482866906667860987245611
North Dakota,Season peak percentage,Bin,percent,9.1,9.2, 0.00316529352437814595275233920
North Dakota,Season peak percentage,Bin,percent,9.2,9.3, 0.00255992085951965188395096362
North Dakota,Season peak percentage,Bin,percent,9.3,9.4, 0.00203911866546835525426661917
North Dakota,Season peak percentage,Bin,percent,9.4,9.5, 0.00159975123902707282511070908
North Dakota,Season peak percentage,Bin,percent,9.5,9.6, 0.00123609811150727903240886807
North Dakota,Season peak percentage,Bin,percent,9.6,9.7, 0.00094071123969134608916453644
North Dakota,Season peak percentage,Bin,percent,9.7,9.8, 0.00070512409418014231586580021
North Dakota,Season peak percentage,Bin,percent,9.8,9.9, 0.00052055141629471816337032530
North Dakota,Season peak percentage,Bin,percent,9.9,10, 0.00037849484323134612896721851
North Dakota,Season peak percentage,Bin,percent,10,10.1, 0.00027106129619291265695282811
North Dakota,Season peak percentage,Bin,percent,10.1,10.2, 0.00019119323823496155406558017
North Dakota,Season peak percentage,Bin,percent,10.2,10.3, 0.00013426750990870424330887734
North Dakota,Season peak percentage,Bin,percent,10.3,10.4, 0.00012060574395897434205569831
North Dakota,Season peak percentage,Bin,percent,10.4,10.5, 0.00012060574395897434205569831
North Dakota,Season peak percentage,Bin,percent,10.5,10.6, 0.00012060574395897434205569831
North Dakota,Season peak percentage,Bin,percent,10.6,10.7, 0.00012060574395897434205569831
North Dakota,Season peak percentage,Bin,percent,10.7,10.8, 0.00012060574395897434205569831
North Dakota,Season peak percentage,Bin,percent,10.8,10.9, 0.00012060574395897434205569831
North Dakota,Season peak percentage,Bin,percent,10.9,11, 0.00012060574395897434205569831
North Dakota,Season peak percentage,Bin,percent,11,11.1, 0.00012060574395897434205569831
North Dakota,Season peak percentage,Bin,percent,11.1,11.2, 0.00012060574395897434205569831
North Dakota,Season peak percentage,Bin,percent,11.2,11.3, 0.00012060574395897434205569831
North Dakota,Season peak percentage,Bin,percent,11.3,11.4, 0.00012060574395897434205569831
North Dakota,Season peak percentage,Bin,percent,11.4,11.5, 0.00012060574395897434205569831
North Dakota,Season peak percentage,Bin,percent,11.5,11.6, 0.00012060574395897434205569831
North Dakota,Season peak percentage,Bin,percent,11.6,11.7, 0.00012060574395897434205569831
North Dakota,Season peak percentage,Bin,percent,11.7,11.8, 0.00012060574395897434205569831
North Dakota,Season peak percentage,Bin,percent,11.8,11.9, 0.00012060574395897434205569831
North Dakota,Season peak percentage,Bin,percent,11.9,12, 0.00012060574395897434205569831
North Dakota,Season peak percentage,Bin,percent,12,12.1, 0.00012060574395897434205569831
North Dakota,Season peak percentage,Bin,percent,12.1,12.2, 0.00012060574395897434205569831
North Dakota,Season peak percentage,Bin,percent,12.2,12.3, 0.00012060574395897434205569831
North Dakota,Season peak percentage,Bin,percent,12.3,12.4, 0.00012060574395897434205569831
North Dakota,Season peak percentage,Bin,percent,12.4,12.5, 0.00012060574395897434205569831
North Dakota,Season peak percentage,Bin,percent,12.5,12.6, 0.00012060574395897434205569831
North Dakota,Season peak percentage,Bin,percent,12.6,12.7, 0.00012060574395897434205569831
North Dakota,Season peak percentage,Bin,percent,12.7,12.8, 0.00012060574395897434205569831
North Dakota,Season peak percentage,Bin,percent,12.8,12.9, 0.00012060574395897434205569831
North Dakota,Season peak percentage,Bin,percent,12.9,13, 0.00012060574395897434205569831
North Dakota,Season peak percentage,Bin,percent,13,100, 0.00012060574395897434205569831
North Dakota,1 wk ahead,Bin,percent,0,0.1, 0.00657684622167925732327820043
North Dakota,1 wk ahead,Bin,percent,0.1,0.2, 0.01363186332211664165969811080
North Dakota,1 wk ahead,Bin,percent,0.2,0.3, 0.01425442052275857456045127236
North Dakota,1 wk ahead,Bin,percent,0.3,0.4, 0.01485526021482949134144835313
North Dakota,1 wk ahead,Bin,percent,0.4,0.5, 0.01543030853642313703077970644
North Dakota,1 wk ahead,Bin,percent,0.5,0.6, 0.01597578080749689766193455398
North Dakota,1 wk ahead,Bin,percent,0.6,0.7, 0.01648762032668266847013072152
North Dakota,1 wk ahead,Bin,percent,0.7,0.8, 0.01696317386188003067948315561
North Dakota,1 wk ahead,Bin,percent,0.8,0.9, 0.01739846528867326769240975182
North Dakota,1 wk ahead,Bin,percent,0.9,1, 0.01779173561642177769925865505
North Dakota,1 wk ahead,Bin,percent,1,1.1, 0.01813978324679496254012711631
North Dakota,1 wk ahead,Bin,percent,1.1,1.2, 0.01844117837213390606598828469
North Dakota,1 wk ahead,Bin,percent,1.2,1.3, 0.01869388542987645077109171154
North Dakota,1 wk ahead,Bin,percent,1.3,1.4, 0.01889717309989643462264652385
North Dakota,1 wk ahead,Bin,percent,1.4,1.5, 0.01904923931357864475000241100
North Dakota,1 wk ahead,Bin,percent,1.5,1.6, 0.01915074299365069135370198694
North Dakota,1 wk ahead,Bin,percent,1.6,1.7, 0.01920035429499640511341596039
North Dakota,1 wk ahead,Bin,percent,1.7,1.8, 0.01919929848681310724511916987
North Dakota,1 wk ahead,Bin,percent,1.8,1.9, 0.01914770011515958339498588714
North Dakota,1 wk ahead,Bin,percent,1.9,2, 0.01904634054845002338884896176
North Dakota,1 wk ahead,Bin,percent,2,2.1, 0.01889705486446679669199077978
North Dakota,1 wk ahead,Bin,percent,2.1,2.2, 0.01870095750251373270534038795
North Dakota,1 wk ahead,Bin,percent,2.2,2.3, 0.01846039474732133825463087362
North Dakota,1 wk ahead,Bin,percent,2.3,2.4, 0.01817760996268931103503341262
North Dakota,1 wk ahead,Bin,percent,2.4,2.5, 0.01785520064542954823960663191
North Dakota,1 wk ahead,Bin,percent,2.5,2.6, 0.01749622362043936132924848437
North Dakota,1 wk ahead,Bin,percent,2.6,2.7, 0.01710414813769630185125159016
North Dakota,1 wk ahead,Bin,percent,2.7,2.8, 0.01668203285809984406928840883
North Dakota,1 wk ahead,Bin,percent,2.8,2.9, 0.01623431588005848011380116702
North Dakota,1 wk ahead,Bin,percent,2.9,3, 0.01576443695397670638480569494
North Dakota,1 wk ahead,Bin,percent,3,3.1, 0.01527705432723568818031978367
North Dakota,1 wk ahead,Bin,percent,3.1,3.2, 0.01477621974049602403267211770
North Dakota,1 wk ahead,Bin,percent,3.2,3.3, 0.01426647301712619282654248565
North Dakota,1 wk ahead,Bin,percent,3.3,3.4, 0.01375219396210815639425284473
North Dakota,1 wk ahead,Bin,percent,3.4,3.5, 0.01323777760465678562940006202
North Dakota,1 wk ahead,Bin,percent,3.5,3.6, 0.01272759806331817851454690782
North Dakota,1 wk ahead,Bin,percent,3.6,3.7, 0.01222562032619960159518512910
North Dakota,1 wk ahead,Bin,percent,3.7,3.8, 0.01173599152905187466278125186
North Dakota,1 wk ahead,Bin,percent,3.8,3.9, 0.01126212164298364369618976610
North Dakota,1 wk ahead,Bin,percent,3.9,4, 0.01080735593963003463024996620
North Dakota,1 wk ahead,Bin,percent,4,4.1, 0.01037470167927110296923753907
North Dakota,1 wk ahead,Bin,percent,4.1,4.2, 0.00996648637125895076049886256
North Dakota,1 wk ahead,Bin,percent,4.2,4.3, 0.00958481914022125090768522426
North Dakota,1 wk ahead,Bin,percent,4.3,4.4, 0.00923128250530536043072515895
North Dakota,1 wk ahead,Bin,percent,4.4,4.5, 0.00890674952318527314576446230
North Dakota,1 wk ahead,Bin,percent,4.5,4.6, 0.00861198194484914629487359861
North Dakota,1 wk ahead,Bin,percent,4.6,4.7, 0.00834702201079737596267626998
North Dakota,1 wk ahead,Bin,percent,4.7,4.8, 0.00811119667878202471600346257
North Dakota,1 wk ahead,Bin,percent,4.8,4.9, 0.00790426012448193493487025307
North Dakota,1 wk ahead,Bin,percent,4.9,5, 0.00772434495999699873708399522
North Dakota,1 wk ahead,Bin,percent,5,5.1, 0.00757052489327618514242113079
North Dakota,1 wk ahead,Bin,percent,5.1,5.2, 0.00744043490101905808514759499
North Dakota,1 wk ahead,Bin,percent,5.2,5.3, 0.00733229697297539759898166167
North Dakota,1 wk ahead,Bin,percent,5.3,5.4, 0.00724357685992468944974342904
North Dakota,1 wk ahead,Bin,percent,5.4,5.5, 0.00717207279018696776395902504
North Dakota,1 wk ahead,Bin,percent,5.5,5.6, 0.00711496233831082191406691706
North Dakota,1 wk ahead,Bin,percent,5.6,5.7, 0.00706997733798293923751510093
North Dakota,1 wk ahead,Bin,percent,5.7,5.8, 0.00703430408750552529917321465
North Dakota,1 wk ahead,Bin,percent,5.8,5.9, 0.00700559892507895357743885612
North Dakota,1 wk ahead,Bin,percent,5.9,6, 0.00698136452576926004598423248
North Dakota,1 wk ahead,Bin,percent,6,6.1, 0.00695930791134260779556841570
North Dakota,1 wk ahead,Bin,percent,6.1,6.2, 0.00693728478688482742137155768
North Dakota,1 wk ahead,Bin,percent,6.2,6.3, 0.00691327594492951568588834377
North Dakota,1 wk ahead,Bin,percent,6.3,6.4, 0.00688548724095712667836455267
North Dakota,1 wk ahead,Bin,percent,6.4,6.5, 0.00685222586520267944870665744
North Dakota,1 wk ahead,Bin,percent,6.5,6.6, 0.00681212744652601263212199356
North Dakota,1 wk ahead,Bin,percent,6.6,6.7, 0.00676389317995420517176663466
North Dakota,1 wk ahead,Bin,percent,6.7,6.8, 0.00670642714281509486756727156
North Dakota,1 wk ahead,Bin,percent,6.8,6.9, 0.00663901295021719888705957757
North Dakota,1 wk ahead,Bin,percent,6.9,7, 0.00656073057617403802843636385
North Dakota,1 wk ahead,Bin,percent,7,7.1, 0.00647133424365461170507662914
North Dakota,1 wk ahead,Bin,percent,7.1,7.2, 0.00637025064905958476879632713
North Dakota,1 wk ahead,Bin,percent,7.2,7.3, 0.00625750077450808964846240556
North Dakota,1 wk ahead,Bin,percent,7.3,7.4, 0.00613296124652983921932136724
North Dakota,1 wk ahead,Bin,percent,7.4,7.5, 0.00599690556065292194876104048
North Dakota,1 wk ahead,Bin,percent,7.5,7.6, 0.00584944020713658655030720013
North Dakota,1 wk ahead,Bin,percent,7.6,7.7, 0.00569124158299252978082671817
North Dakota,1 wk ahead,Bin,percent,7.7,7.8, 0.00552261564020672425512348269
North Dakota,1 wk ahead,Bin,percent,7.8,7.9, 0.00534448541662951772529543959
North Dakota,1 wk ahead,Bin,percent,7.9,8, 0.00515750341347821338738866004
North Dakota,1 wk ahead,Bin,percent,8,8.1, 0.00496263317268343627508553340
North Dakota,1 wk ahead,Bin,percent,8.1,8.2, 0.00476088053677762960969044315
North Dakota,1 wk ahead,Bin,percent,8.2,8.3, 0.00455331063115265236018736061
North Dakota,1 wk ahead,Bin,percent,8.3,8.4, 0.00434105694786795018313974026
North Dakota,1 wk ahead,Bin,percent,8.4,8.5, 0.00412534428639419435691504390
North Dakota,1 wk ahead,Bin,percent,8.5,8.6, 0.00390737598415574326898846991
North Dakota,1 wk ahead,Bin,percent,8.6,8.7, 0.00368841016049117073963281577
North Dakota,1 wk ahead,Bin,percent,8.7,8.8, 0.00346968420298372770549377719
North Dakota,1 wk ahead,Bin,percent,8.8,8.9, 0.00325243195025355343388828722
North Dakota,1 wk ahead,Bin,percent,8.9,9, 0.00303780209532064854674460186
North Dakota,1 wk ahead,Bin,percent,9,9.1, 0.00282699652965918198782580006
North Dakota,1 wk ahead,Bin,percent,9.1,9.2, 0.00262099861855366730520322527
North Dakota,1 wk ahead,Bin,percent,9.2,9.3, 0.00242085370561389732688151177
North Dakota,1 wk ahead,Bin,percent,9.3,9.4, 0.00222740276436480351060498428
North Dakota,1 wk ahead,Bin,percent,9.4,9.5, 0.00204146550866131284290849734
North Dakota,1 wk ahead,Bin,percent,9.5,9.6, 0.00186361675292258865618832964
North Dakota,1 wk ahead,Bin,percent,9.6,9.7, 0.00169457010357490066992935951
North Dakota,1 wk ahead,Bin,percent,9.7,9.8, 0.00153454411357251000250223605
North Dakota,1 wk ahead,Bin,percent,9.8,9.9, 0.00138406573588133576316328011
North Dakota,1 wk ahead,Bin,percent,9.9,10, 0.00124313637419843194334423409
North Dakota,1 wk ahead,Bin,percent,10,10.1, 0.00111194750026767197152721689
North Dakota,1 wk ahead,Bin,percent,10.1,10.2, 0.00099043548241816684214733346
North Dakota,1 wk ahead,Bin,percent,10.2,10.3, 0.00087849032831104165598007372
North Dakota,1 wk ahead,Bin,percent,10.3,10.4, 0.00077585144184060526352519904
North Dakota,1 wk ahead,Bin,percent,10.4,10.5, 0.00068233386080886681505225377
North Dakota,1 wk ahead,Bin,percent,10.5,10.6, 0.00059743762652983282198521087
North Dakota,1 wk ahead,Bin,percent,10.6,10.7, 0.00052089780310541982343008893
North Dakota,1 wk ahead,Bin,percent,10.7,10.8, 0.00045216896020367175305920693
North Dakota,1 wk ahead,Bin,percent,10.8,10.9, 0.00039075747301724498769526228
North Dakota,1 wk ahead,Bin,percent,10.9,11, 0.00033626320035342455432719744
North Dakota,1 wk ahead,Bin,percent,11,11.1, 0.00028803869409599699600785239
North Dakota,1 wk ahead,Bin,percent,11.1,11.2, 0.00024568080518504327967865830
North Dakota,1 wk ahead,Bin,percent,11.2,11.3, 0.00020859754135058529889330814
North Dakota,1 wk ahead,Bin,percent,11.3,11.4, 0.00017633124897891588357679016
North Dakota,1 wk ahead,Bin,percent,11.4,11.5, 0.00014838399239038889214879757
North Dakota,1 wk ahead,Bin,percent,11.5,11.6, 0.00012432232784237665242609017
North Dakota,1 wk ahead,Bin,percent,11.6,11.7, 0.00010366755151851436548594843
North Dakota,1 wk ahead,Bin,percent,11.7,11.8, 0.00008608553803052865812783095
North Dakota,1 wk ahead,Bin,percent,11.8,11.9, 0.00007113651583544607190541520
North Dakota,1 wk ahead,Bin,percent,11.9,12, 0.00005853789810937685820406776
North Dakota,1 wk ahead,Bin,percent,12,12.1, 0.00004794142763607897361798418
North Dakota,1 wk ahead,Bin,percent,12.1,12.2, 0.00004245339373560054870232819
North Dakota,1 wk ahead,Bin,percent,12.2,12.3, 0.00004241521305679558077493183
North Dakota,1 wk ahead,Bin,percent,12.3,12.4, 0.00004241521305679558077493183
North Dakota,1 wk ahead,Bin,percent,12.4,12.5, 0.00004241521305679558077493183
North Dakota,1 wk ahead,Bin,percent,12.5,12.6, 0.00004241521305679558077493183
North Dakota,1 wk ahead,Bin,percent,12.6,12.7, 0.00004241521305679558077493183
North Dakota,1 wk ahead,Bin,percent,12.7,12.8, 0.00004241521305679558077493183
North Dakota,1 wk ahead,Bin,percent,12.8,12.9, 0.00004241521305679558077493183
North Dakota,1 wk ahead,Bin,percent,12.9,13, 0.00004241521305679558077493183
North Dakota,1 wk ahead,Bin,percent,13,100, 0.00004241521305679558077493183
North Dakota,2 wk ahead,Bin,percent,0,0.1, 0.00541569877322121626117557014
North Dakota,2 wk ahead,Bin,percent,0.1,0.2, 0.01175219333484405458134514078
North Dakota,2 wk ahead,Bin,percent,0.2,0.3, 0.01300056103450940997445783864
North Dakota,2 wk ahead,Bin,percent,0.3,0.4, 0.01425876497643666952763741307
North Dakota,2 wk ahead,Bin,percent,0.4,0.5, 0.01550896791795392491708494020
North Dakota,2 wk ahead,Bin,percent,0.5,0.6, 0.01673298790843629618718679808
North Dakota,2 wk ahead,Bin,percent,0.6,0.7, 0.01791325262622793512701235841
North Dakota,2 wk ahead,Bin,percent,0.7,0.8, 0.01903320158318465640800987160
North Dakota,2 wk ahead,Bin,percent,0.8,0.9, 0.02007792929980913368415151865
North Dakota,2 wk ahead,Bin,percent,0.9,1, 0.02103437454439661263849714601
North Dakota,2 wk ahead,Bin,percent,1,1.1, 0.02189190311445504688592222919
North Dakota,2 wk ahead,Bin,percent,1.1,1.2, 0.02264242976917113167600881241
North Dakota,2 wk ahead,Bin,percent,1.2,1.3, 0.02327945358600192610198931220
North Dakota,2 wk ahead,Bin,percent,1.3,1.4, 0.02379882052850088719475607490
North Dakota,2 wk ahead,Bin,percent,1.4,1.5, 0.02419830519449798697517728385
North Dakota,2 wk ahead,Bin,percent,1.5,1.6, 0.02447677626188320826328137514
North Dakota,2 wk ahead,Bin,percent,1.6,1.7, 0.02463391034816962005260521096
North Dakota,2 wk ahead,Bin,percent,1.7,1.8, 0.02467010340670145601693619142
North Dakota,2 wk ahead,Bin,percent,1.8,1.9, 0.02458648750385466694168279389
North Dakota,2 wk ahead,Bin,percent,1.9,2, 0.02438410801799832314240568110
North Dakota,2 wk ahead,Bin,percent,2,2.1, 0.02406406775650405185928981666
North Dakota,2 wk ahead,Bin,percent,2.1,2.2, 0.02362826556881364448159388303
North Dakota,2 wk ahead,Bin,percent,2.2,2.3, 0.02307924544893037374637678738
North Dakota,2 wk ahead,Bin,percent,2.3,2.4, 0.02242056791897838533000886230
North Dakota,2 wk ahead,Bin,percent,2.4,2.5, 0.02165681347281152302475248916
North Dakota,2 wk ahead,Bin,percent,2.5,2.6, 0.02079452599468280607486470046
North Dakota,2 wk ahead,Bin,percent,2.6,2.7, 0.01984248486535637734373693775
North Dakota,2 wk ahead,Bin,percent,2.7,2.8, 0.01881092021365216374051421155
North Dakota,2 wk ahead,Bin,percent,2.8,2.9, 0.01771244495445967181979085581
North Dakota,2 wk ahead,Bin,percent,2.9,3, 0.01656176271194585020163358990
North Dakota,2 wk ahead,Bin,percent,3,3.1, 0.01537511114938651737849006906
North Dakota,2 wk ahead,Bin,percent,3.1,3.2, 0.01417003375852831509318363601
North Dakota,2 wk ahead,Bin,percent,3.2,3.3, 0.01296480026380335444369240605
North Dakota,2 wk ahead,Bin,percent,3.3,3.4, 0.01177795215335119063948532414
North Dakota,2 wk ahead,Bin,percent,3.4,3.5, 0.01062734280650390154832063416
North Dakota,2 wk ahead,Bin,percent,3.5,3.6, 0.00953013405241320658844994540
North Dakota,2 wk ahead,Bin,percent,3.6,3.7, 0.00850201941298499297428037380
North Dakota,2 wk ahead,Bin,percent,3.7,3.8, 0.00755651780172592567319522772
North Dakota,2 wk ahead,Bin,percent,3.8,3.9, 0.00670519698557155673090957038
North Dakota,2 wk ahead,Bin,percent,3.9,4, 0.00595708380259283784563528741
North Dakota,2 wk ahead,Bin,percent,4,4.1, 0.00531895807417215749773875544
North Dakota,2 wk ahead,Bin,percent,4.1,4.2, 0.00479487938976841734928235894
North Dakota,2 wk ahead,Bin,percent,4.2,4.3, 0.00438629439885061377796260373
North Dakota,2 wk ahead,Bin,percent,4.3,4.4, 0.00409322263484730719529380849
North Dakota,2 wk ahead,Bin,percent,4.4,4.5, 0.00391320658087663478946760520
North Dakota,2 wk ahead,Bin,percent,4.5,4.6, 0.00384174003410640277009213683
North Dakota,2 wk ahead,Bin,percent,4.6,4.7, 0.00387303095301218692353417694
North Dakota,2 wk ahead,Bin,percent,4.7,4.8, 0.00399985872744202351769526871
North Dakota,2 wk ahead,Bin,percent,4.8,4.9, 0.00421371415743988526197982836
North Dakota,2 wk ahead,Bin,percent,4.9,5, 0.00450473825763013976247739478
North Dakota,2 wk ahead,Bin,percent,5,5.1, 0.00486238117767598572449561090
North Dakota,2 wk ahead,Bin,percent,5.1,5.2, 0.00527537339790480532680794212
North Dakota,2 wk ahead,Bin,percent,5.2,5.3, 0.00573153682955487246003523083
North Dakota,2 wk ahead,Bin,percent,5.3,5.4, 0.00621818784648597161490712892
North Dakota,2 wk ahead,Bin,percent,5.4,5.5, 0.00672233402104744498517518991
North Dakota,2 wk ahead,Bin,percent,5.5,5.6, 0.00723080724667930687526995470
North Dakota,2 wk ahead,Bin,percent,5.6,5.7, 0.00773040100648089527346495942
North Dakota,2 wk ahead,Bin,percent,5.7,5.8, 0.00820834078212182190192880427
North Dakota,2 wk ahead,Bin,percent,5.8,5.9, 0.00865230877546296385516289007
North Dakota,2 wk ahead,Bin,percent,5.9,6, 0.00905074399986274466534119654
North Dakota,2 wk ahead,Bin,percent,6,6.1, 0.00939331055136618728318431693
North Dakota,2 wk ahead,Bin,percent,6.1,6.2, 0.00967096268501661804339875061
North Dakota,2 wk ahead,Bin,percent,6.2,6.3, 0.00987634390942112791456075627
North Dakota,2 wk ahead,Bin,percent,6.3,6.4, 0.01000368068276235970770482453
North Dakota,2 wk ahead,Bin,percent,6.4,6.5, 0.01004933572852148918053138971
North Dakota,2 wk ahead,Bin,percent,6.5,6.6, 0.01001203920996239678242734072
North Dakota,2 wk ahead,Bin,percent,6.6,6.7, 0.00989196930246930006269678870
North Dakota,2 wk ahead,Bin,percent,6.7,6.8, 0.00969164788793902380603650926
North Dakota,2 wk ahead,Bin,percent,6.8,6.9, 0.00941576422477486199569263192
North Dakota,2 wk ahead,Bin,percent,6.9,7, 0.00907048090811636911756643542
North Dakota,2 wk ahead,Bin,percent,7,7.1, 0.00866364941013680542325481326
North Dakota,2 wk ahead,Bin,percent,7.1,7.2, 0.00820424164879064894695392951
North Dakota,2 wk ahead,Bin,percent,7.2,7.3, 0.00770228591764435255306864292
North Dakota,2 wk ahead,Bin,percent,7.3,7.4, 0.00716836281893108717699902854
North Dakota,2 wk ahead,Bin,percent,7.4,7.5, 0.00661305898193170933752060847
North Dakota,2 wk ahead,Bin,percent,7.5,7.6, 0.00604699187578979294177550230
North Dakota,2 wk ahead,Bin,percent,7.6,7.7, 0.00548024983022093927637063970
North Dakota,2 wk ahead,Bin,percent,7.7,7.8, 0.00492212412500958682720630932
North Dakota,2 wk ahead,Bin,percent,7.8,7.9, 0.00438091313722170205141592803
North Dakota,2 wk ahead,Bin,percent,7.9,8, 0.00386375018988505819494960747
North Dakota,2 wk ahead,Bin,percent,8,8.1, 0.00337636676518667053908950848
North Dakota,2 wk ahead,Bin,percent,8.1,8.2, 0.00292312969300301305278222408
North Dakota,2 wk ahead,Bin,percent,8.2,8.3, 0.00250718410331854466704948337
North Dakota,2 wk ahead,Bin,percent,8.3,8.4, 0.00213028314976353074644555008
North Dakota,2 wk ahead,Bin,percent,8.4,8.5, 0.00179292378218158824851324873
North Dakota,2 wk ahead,Bin,percent,8.5,8.6, 0.00149462341616982434186478024
North Dakota,2 wk ahead,Bin,percent,8.6,8.7, 0.00123406611221699006632201989
North Dakota,2 wk ahead,Bin,percent,8.7,8.8, 0.00100915830135228927651180886
North Dakota,2 wk ahead,Bin,percent,8.8,8.9, 0.00081719967774282540988461943
North Dakota,2 wk ahead,Bin,percent,8.9,9, 0.00065531572358065747797850609
North Dakota,2 wk ahead,Bin,percent,9,9.1, 0.00052038621926004335026261227
North Dakota,2 wk ahead,Bin,percent,9.1,9.2, 0.00040917707517560796947470036
North Dakota,2 wk ahead,Bin,percent,9.2,9.3, 0.00031855844393475298047604949
North Dakota,2 wk ahead,Bin,percent,9.3,9.4, 0.00024554437338487422690797013
North Dakota,2 wk ahead,Bin,percent,9.4,9.5, 0.00018739680367953781580693529
North Dakota,2 wk ahead,Bin,percent,9.5,9.6, 0.00014160075438907196226576146
North Dakota,2 wk ahead,Bin,percent,9.6,9.7, 0.00010590427634400535815244193
North Dakota,2 wk ahead,Bin,percent,9.7,9.8, 0.00007852703062328595946372384
North Dakota,2 wk ahead,Bin,percent,9.8,9.9, 0.00006914885327600181258358297
North Dakota,2 wk ahead,Bin,percent,9.9,10, 0.00006914885327600181258358297
North Dakota,2 wk ahead,Bin,percent,10,10.1, 0.00006914885327600181258358297
North Dakota,2 wk ahead,Bin,percent,10.1,10.2, 0.00006914885327600181258358297
North Dakota,2 wk ahead,Bin,percent,10.2,10.3, 0.00006914885327600181258358297
North Dakota,2 wk ahead,Bin,percent,10.3,10.4, 0.00006914885327600181258358297
North Dakota,2 wk ahead,Bin,percent,10.4,10.5, 0.00006914885327600181258358297
North Dakota,2 wk ahead,Bin,percent,10.5,10.6, 0.00006914885327600181258358297
North Dakota,2 wk ahead,Bin,percent,10.6,10.7, 0.00006914885327600181258358297
North Dakota,2 wk ahead,Bin,percent,10.7,10.8, 0.00006914885327600181258358297
North Dakota,2 wk ahead,Bin,percent,10.8,10.9, 0.00006914885327600181258358297
North Dakota,2 wk ahead,Bin,percent,10.9,11, 0.00006914885327600181258358297
North Dakota,2 wk ahead,Bin,percent,11,11.1, 0.00006914885327600181258358297
North Dakota,2 wk ahead,Bin,percent,11.1,11.2, 0.00006914885327600181258358297
North Dakota,2 wk ahead,Bin,percent,11.2,11.3, 0.00006914885327600181258358297
North Dakota,2 wk ahead,Bin,percent,11.3,11.4, 0.00006914885327600181258358297
North Dakota,2 wk ahead,Bin,percent,11.4,11.5, 0.00006914885327600181258358297
North Dakota,2 wk ahead,Bin,percent,11.5,11.6, 0.00006914885327600181258358297
North Dakota,2 wk ahead,Bin,percent,11.6,11.7, 0.00006914885327600181258358297
North Dakota,2 wk ahead,Bin,percent,11.7,11.8, 0.00006914885327600181258358297
North Dakota,2 wk ahead,Bin,percent,11.8,11.9, 0.00006914885327600181258358297
North Dakota,2 wk ahead,Bin,percent,11.9,12, 0.00006914885327600181258358297
North Dakota,2 wk ahead,Bin,percent,12,12.1, 0.00006914885327600181258358297
North Dakota,2 wk ahead,Bin,percent,12.1,12.2, 0.00006914885327600181258358297
North Dakota,2 wk ahead,Bin,percent,12.2,12.3, 0.00006914885327600181258358297
North Dakota,2 wk ahead,Bin,percent,12.3,12.4, 0.00006914885327600181258358297
North Dakota,2 wk ahead,Bin,percent,12.4,12.5, 0.00006914885327600181258358297
North Dakota,2 wk ahead,Bin,percent,12.5,12.6, 0.00006914885327600181258358297
North Dakota,2 wk ahead,Bin,percent,12.6,12.7, 0.00006914885327600181258358297
North Dakota,2 wk ahead,Bin,percent,12.7,12.8, 0.00006914885327600181258358297
North Dakota,2 wk ahead,Bin,percent,12.8,12.9, 0.00006914885327600181258358297
North Dakota,2 wk ahead,Bin,percent,12.9,13, 0.00006914885327600181258358297
North Dakota,2 wk ahead,Bin,percent,13,100, 0.00006914885327600181258358297
North Dakota,3 wk ahead,Bin,percent,0,0.1, 0.00103216362330169108066368899
North Dakota,3 wk ahead,Bin,percent,0.1,0.2, 0.00314479058685795303043630788
North Dakota,3 wk ahead,Bin,percent,0.2,0.3, 0.00523243238751667453373395134
North Dakota,3 wk ahead,Bin,percent,0.3,0.4, 0.00830703742002245927589232366
North Dakota,3 wk ahead,Bin,percent,0.4,0.5, 0.01258542985322107579659878240
North Dakota,3 wk ahead,Bin,percent,0.5,0.6, 0.01819285547885316975391667427
North Dakota,3 wk ahead,Bin,percent,0.6,0.7, 0.02509346962526668237125626604
North Dakota,3 wk ahead,Bin,percent,0.7,0.8, 0.03302099283274537167010009853
North Dakota,3 wk ahead,Bin,percent,0.8,0.9, 0.04145404707629338214580627664
North Dakota,3 wk ahead,Bin,percent,0.9,1, 0.04964297300548888708382477830
North Dakota,3 wk ahead,Bin,percent,1,1.1, 0.05670518911402488287931689115
North Dakota,3 wk ahead,Bin,percent,1.1,1.2, 0.06177822182988191440644598629
North Dakota,3 wk ahead,Bin,percent,1.2,1.3, 0.06418606049511697830833867329
North Dakota,3 wk ahead,Bin,percent,1.3,1.4, 0.06359524444079268923335490626
North Dakota,3 wk ahead,Bin,percent,1.4,1.5, 0.06008030228260722444000307974
North Dakota,3 wk ahead,Bin,percent,1.5,1.6, 0.05411805365380883969805836387
North Dakota,3 wk ahead,Bin,percent,1.6,1.7, 0.04647301370552531923907579881
North Dakota,3 wk ahead,Bin,percent,1.7,1.8, 0.03804428092609241085497728818
North Dakota,3 wk ahead,Bin,percent,1.8,1.9, 0.02968715437678972821067269194
North Dakota,3 wk ahead,Bin,percent,1.9,2, 0.02207977457837715512534160212
North Dakota,3 wk ahead,Bin,percent,2,2.1, 0.01565184944882900761053967642
North Dakota,3 wk ahead,Bin,percent,2.1,2.2, 0.01057344345426540835330975199
North Dakota,3 wk ahead,Bin,percent,2.2,2.3, 0.00680706665647573018473881490
North Dakota,3 wk ahead,Bin,percent,2.3,2.4, 0.00417538241796694842983272977
North Dakota,3 wk ahead,Bin,percent,2.4,2.5, 0.00244081829895339023558942237
North Dakota,3 wk ahead,Bin,percent,2.5,2.6, 0.00135958797085271461922706404
North Dakota,3 wk ahead,Bin,percent,2.6,2.7, 0.00072232849619680223381829043
North Dakota,3 wk ahead,Bin,percent,2.7,2.8, 0.00036740159097931572454789895
North Dakota,3 wk ahead,Bin,percent,2.8,2.9, 0.00018262942602201889374241572
North Dakota,3 wk ahead,Bin,percent,2.9,3, 0.00009692137270475582714896606
North Dakota,3 wk ahead,Bin,percent,3,3.1, 0.00007134341204515629356573692
North Dakota,3 wk ahead,Bin,percent,3.1,3.2, 0.00009053813113790158304764605
North Dakota,3 wk ahead,Bin,percent,3.2,3.3, 0.00015771303578444382099792154
North Dakota,3 wk ahead,Bin,percent,3.3,3.4, 0.00029209161663166095367766273
North Dakota,3 wk ahead,Bin,percent,3.4,3.5, 0.00052856711883413195693370845
North Dakota,3 wk ahead,Bin,percent,3.5,3.6, 0.00091698995348473712717340955
North Dakota,3 wk ahead,Bin,percent,3.6,3.7, 0.00151994411987508323651219211
North Dakota,3 wk ahead,Bin,percent,3.7,3.8, 0.00240592747655798662800852306
North Dakota,3 wk ahead,Bin,percent,3.8,3.9, 0.00363845738546345661562630980
North Dakota,3 wk ahead,Bin,percent,3.9,4, 0.00525861192177507798251046012
North Dakota,3 wk ahead,Bin,percent,4,4.1, 0.00726739196187073128313516079
North Dakota,3 wk ahead,Bin,percent,4.1,4.2, 0.00960842515715370180939824962
North Dakota,3 wk ahead,Bin,percent,4.2,4.3, 0.01216007030457911218535027587
North Dakota,3 wk ahead,Bin,percent,4.3,4.4, 0.01473809614309198358361729930
North Dakota,3 wk ahead,Bin,percent,4.4,4.5, 0.01711524458668766193736310299
North Dakota,3 wk ahead,Bin,percent,4.5,4.6, 0.01905285091072729183880873904
North Dakota,3 wk ahead,Bin,percent,4.6,4.7, 0.02033843940272458614137995880
North Dakota,3 wk ahead,Bin,percent,4.7,4.8, 0.02082507489064017169866360746
North Dakota,3 wk ahead,Bin,percent,4.8,4.9, 0.02045675382641073264400333187
North Dakota,3 wk ahead,Bin,percent,4.9,5, 0.01927977313165638723058137316
North Dakota,3 wk ahead,Bin,percent,5,5.1, 0.01743172934375809141060997831
North Dakota,3 wk ahead,Bin,percent,5.1,5.2, 0.01511763970278100395472353767
North Dakota,3 wk ahead,Bin,percent,5.2,5.3, 0.01257204503754286162298114959
North Dakota,3 wk ahead,Bin,percent,5.3,5.4, 0.01002183065032289863149905784
North Dakota,3 wk ahead,Bin,percent,5.4,5.5, 0.00765440878223192736756752552
North Dakota,3 wk ahead,Bin,percent,5.5,5.6, 0.00559870949062599328194256287
North Dakota,3 wk ahead,Bin,percent,5.6,5.7, 0.00391972265565128114711557217
North Dakota,3 wk ahead,Bin,percent,5.7,5.8, 0.00262534527652063956817962698
North Dakota,3 wk ahead,Bin,percent,5.8,5.9, 0.00168131738619688186377187922
North Dakota,3 wk ahead,Bin,percent,5.9,6, 0.00102899551210166337149309879
North Dakota,3 wk ahead,Bin,percent,6,6.1, 0.00060161246583427877010485929
North Dakota,3 wk ahead,Bin,percent,6.1,6.2, 0.00033586535866171683250430702
North Dakota,3 wk ahead,Bin,percent,6.2,6.3, 0.00017897074763817890784463327
North Dakota,3 wk ahead,Bin,percent,6.3,6.4, 0.00012762627466426332582469239
North Dakota,3 wk ahead,Bin,percent,6.4,6.5, 0.00012762627466426332582469239
North Dakota,3 wk ahead,Bin,percent,6.5,6.6, 0.00012762627466426332582469239
North Dakota,3 wk ahead,Bin,percent,6.6,6.7, 0.00012762627466426332582469239
North Dakota,3 wk ahead,Bin,percent,6.7,6.8, 0.00012762627466426332582469239
North Dakota,3 wk ahead,Bin,percent,6.8,6.9, 0.00012762627466426332582469239
North Dakota,3 wk ahead,Bin,percent,6.9,7, 0.00012762627466426332582469239
North Dakota,3 wk ahead,Bin,percent,7,7.1, 0.00012762627466426332582469239
North Dakota,3 wk ahead,Bin,percent,7.1,7.2, 0.00012762627466426332582469239
North Dakota,3 wk ahead,Bin,percent,7.2,7.3, 0.00012762627466426332582469239
North Dakota,3 wk ahead,Bin,percent,7.3,7.4, 0.00012762627466426332582469239
North Dakota,3 wk ahead,Bin,percent,7.4,7.5, 0.00012762627466426332582469239
North Dakota,3 wk ahead,Bin,percent,7.5,7.6, 0.00012762627466426332582469239
North Dakota,3 wk ahead,Bin,percent,7.6,7.7, 0.00012762627466426332582469239
North Dakota,3 wk ahead,Bin,percent,7.7,7.8, 0.00012762627466426332582469239
North Dakota,3 wk ahead,Bin,percent,7.8,7.9, 0.00012762627466426332582469239
North Dakota,3 wk ahead,Bin,percent,7.9,8, 0.00012762627466426332582469239
North Dakota,3 wk ahead,Bin,percent,8,8.1, 0.00012762627466426446423697350
North Dakota,3 wk ahead,Bin,percent,8.1,8.2, 0.00012762627466426557554420029
North Dakota,3 wk ahead,Bin,percent,8.2,8.3, 0.00012762627466426557554420029
North Dakota,3 wk ahead,Bin,percent,8.3,8.4, 0.00012762627466426557554420029
North Dakota,3 wk ahead,Bin,percent,8.4,8.5, 0.00012762627466426557554420029
North Dakota,3 wk ahead,Bin,percent,8.5,8.6, 0.00012762627466426557554420029
North Dakota,3 wk ahead,Bin,percent,8.6,8.7, 0.00012762627466426557554420029
North Dakota,3 wk ahead,Bin,percent,8.7,8.8, 0.00012762627466426557554420029
North Dakota,3 wk ahead,Bin,percent,8.8,8.9, 0.00012762627466426557554420029
North Dakota,3 wk ahead,Bin,percent,8.9,9, 0.00012762627466426557554420029
North Dakota,3 wk ahead,Bin,percent,9,9.1, 0.00012762627466426557554420029
North Dakota,3 wk ahead,Bin,percent,9.1,9.2, 0.00012762627466426557554420029
North Dakota,3 wk ahead,Bin,percent,9.2,9.3, 0.00012762627466426557554420029
North Dakota,3 wk ahead,Bin,percent,9.3,9.4, 0.00012762627466426557554420029
North Dakota,3 wk ahead,Bin,percent,9.4,9.5, 0.00012762627466426557554420029
North Dakota,3 wk ahead,Bin,percent,9.5,9.6, 0.00012762627466426557554420029
North Dakota,3 wk ahead,Bin,percent,9.6,9.7, 0.00012762627466426557554420029
North Dakota,3 wk ahead,Bin,percent,9.7,9.8, 0.00012762627466426557554420029
North Dakota,3 wk ahead,Bin,percent,9.8,9.9, 0.00012762627466426557554420029
North Dakota,3 wk ahead,Bin,percent,9.9,10, 0.00012762627466426557554420029
North Dakota,3 wk ahead,Bin,percent,10,10.1, 0.00012762627466426557554420029
North Dakota,3 wk ahead,Bin,percent,10.1,10.2, 0.00012762627466426557554420029
North Dakota,3 wk ahead,Bin,percent,10.2,10.3, 0.00012762627466426557554420029
North Dakota,3 wk ahead,Bin,percent,10.3,10.4, 0.00012762627466426557554420029
North Dakota,3 wk ahead,Bin,percent,10.4,10.5, 0.00012762627466426557554420029
North Dakota,3 wk ahead,Bin,percent,10.5,10.6, 0.00012762627466426557554420029
North Dakota,3 wk ahead,Bin,percent,10.6,10.7, 0.00012762627466426557554420029
North Dakota,3 wk ahead,Bin,percent,10.7,10.8, 0.00012762627466426557554420029
North Dakota,3 wk ahead,Bin,percent,10.8,10.9, 0.00012762627466426557554420029
North Dakota,3 wk ahead,Bin,percent,10.9,11, 0.00012762627466426557554420029
North Dakota,3 wk ahead,Bin,percent,11,11.1, 0.00012762627466426557554420029
North Dakota,3 wk ahead,Bin,percent,11.1,11.2, 0.00012762627466426557554420029
North Dakota,3 wk ahead,Bin,percent,11.2,11.3, 0.00012762627466426557554420029
North Dakota,3 wk ahead,Bin,percent,11.3,11.4, 0.00012762627466426557554420029
North Dakota,3 wk ahead,Bin,percent,11.4,11.5, 0.00012762627466426557554420029
North Dakota,3 wk ahead,Bin,percent,11.5,11.6, 0.00012762627466426557554420029
North Dakota,3 wk ahead,Bin,percent,11.6,11.7, 0.00012762627466426557554420029
North Dakota,3 wk ahead,Bin,percent,11.7,11.8, 0.00012762627466426557554420029
North Dakota,3 wk ahead,Bin,percent,11.8,11.9, 0.00012762627466426557554420029
North Dakota,3 wk ahead,Bin,percent,11.9,12, 0.00012762627466426557554420029
North Dakota,3 wk ahead,Bin,percent,12,12.1, 0.00012762627466426557554420029
North Dakota,3 wk ahead,Bin,percent,12.1,12.2, 0.00012762627466426557554420029
North Dakota,3 wk ahead,Bin,percent,12.2,12.3, 0.00012762627466426557554420029
North Dakota,3 wk ahead,Bin,percent,12.3,12.4, 0.00012762627466426557554420029
North Dakota,3 wk ahead,Bin,percent,12.4,12.5, 0.00012762627466426557554420029
North Dakota,3 wk ahead,Bin,percent,12.5,12.6, 0.00012762627466426557554420029
North Dakota,3 wk ahead,Bin,percent,12.6,12.7, 0.00012762627466426557554420029
North Dakota,3 wk ahead,Bin,percent,12.7,12.8, 0.00012762627466426557554420029
North Dakota,3 wk ahead,Bin,percent,12.8,12.9, 0.00012762627466426557554420029
North Dakota,3 wk ahead,Bin,percent,12.9,13, 0.00012762627466426557554420029
North Dakota,3 wk ahead,Bin,percent,13,100, 0.00012762627466426557554420029
North Dakota,4 wk ahead,Bin,percent,0,0.1, 0.00014095990713141421865617353
North Dakota,4 wk ahead,Bin,percent,0.1,0.2, 0.00045626218559748212911034160
North Dakota,4 wk ahead,Bin,percent,0.2,0.3, 0.00082393033574514604796407147
North Dakota,4 wk ahead,Bin,percent,0.3,0.4, 0.00142893360390181187354052827
North Dakota,4 wk ahead,Bin,percent,0.4,0.5, 0.00238076594197228312566050334
North Dakota,4 wk ahead,Bin,percent,0.5,0.6, 0.00381275410982925356054296095
North Dakota,4 wk ahead,Bin,percent,0.6,0.7, 0.00587166478708037870015701287
North Dakota,4 wk ahead,Bin,percent,0.7,0.8, 0.00869874719542887420153931544
North Dakota,4 wk ahead,Bin,percent,0.8,0.9, 0.01240279757716914767196048075
North Dakota,4 wk ahead,Bin,percent,0.9,1, 0.01702715590887020694066400495
North Dakota,4 wk ahead,Bin,percent,1,1.1, 0.02251589642335926136351709204
North Dakota,4 wk ahead,Bin,percent,1.1,1.2, 0.02868895257053974412464469879
North Dakota,4 wk ahead,Bin,percent,1.2,1.3, 0.03523221415500642911267092927
North Dakota,4 wk ahead,Bin,percent,1.3,1.4, 0.04171176791179456722069573971
North Dakota,4 wk ahead,Bin,percent,1.4,1.5, 0.04761299829905429881193867914
North Dakota,4 wk ahead,Bin,percent,1.5,1.6, 0.05240298762701956630793986847
North Dakota,4 wk ahead,Bin,percent,1.6,1.7, 0.05560576757651716772734573624
North Dakota,4 wk ahead,Bin,percent,1.7,1.8, 0.05687994615012272048293340276
North Dakota,4 wk ahead,Bin,percent,1.8,1.9, 0.05607415771763868406196706928
North Dakota,4 wk ahead,Bin,percent,1.9,2, 0.05325933445466193849604508159
North Dakota,4 wk ahead,Bin,percent,2,2.1, 0.04872091071734717393493241389
North Dakota,4 wk ahead,Bin,percent,2.1,2.2, 0.04291228007011779754797942132
North Dakota,4 wk ahead,Bin,percent,2.2,2.3, 0.03638329693806851422577253174
North Dakota,4 wk ahead,Bin,percent,2.3,2.4, 0.02969922290561705091604949303
North Dakota,4 wk ahead,Bin,percent,2.4,2.5, 0.02336380857067158270390372365
North Dakota,4 wk ahead,Bin,percent,2.5,2.6, 0.01776591988894875642768234059
North Dakota,4 wk ahead,Bin,percent,2.6,2.7, 0.01315357557737134586162142114
North Dakota,4 wk ahead,Bin,percent,2.7,2.8, 0.00963834338180728084077841800
North Dakota,4 wk ahead,Bin,percent,2.8,2.9, 0.00721653330774110583767377847
North Dakota,4 wk ahead,Bin,percent,2.9,3, 0.00580178602032976626495797134
North Dakota,4 wk ahead,Bin,percent,3,3.1, 0.00525775453893512212388827720
North Dakota,4 wk ahead,Bin,percent,3.1,3.2, 0.00542093404379773678714027341
North Dakota,4 wk ahead,Bin,percent,3.2,3.3, 0.00611617065395196005811451201
North Dakota,4 wk ahead,Bin,percent,3.3,3.4, 0.00716691553435240893965563203
North Dakota,4 wk ahead,Bin,percent,3.4,3.5, 0.00840371617935851966674221103
North Dakota,4 wk ahead,Bin,percent,3.5,3.6, 0.00967395694546866954932617944
North Dakota,4 wk ahead,Bin,percent,3.6,3.7, 0.01085466117188404674975821251
North Dakota,4 wk ahead,Bin,percent,3.7,3.8, 0.01186382537828049345274283866
North Dakota,4 wk ahead,Bin,percent,3.8,3.9, 0.01266608540554961352675444886
North Dakota,4 wk ahead,Bin,percent,3.9,4, 0.01326821873510989659161740661
North Dakota,4 wk ahead,Bin,percent,4,4.1, 0.01370403691727185152560153369
North Dakota,4 wk ahead,Bin,percent,4.1,4.2, 0.01401195345388227264660230276
North Dakota,4 wk ahead,Bin,percent,4.2,4.3, 0.01421274054276601070401220284
North Dakota,4 wk ahead,Bin,percent,4.3,4.4, 0.01429535503031261096940074395
North Dakota,4 wk ahead,Bin,percent,4.4,4.5, 0.01421650804633045432623372761
North Dakota,4 wk ahead,Bin,percent,4.5,4.6, 0.01391426650229304895489690352
North Dakota,4 wk ahead,Bin,percent,4.6,4.7, 0.01333125450807468026503954661
North Dakota,4 wk ahead,Bin,percent,4.7,4.8, 0.01243778628556290767603886849
North Dakota,4 wk ahead,Bin,percent,4.8,4.9, 0.01124823222384640185322890460
North Dakota,4 wk ahead,Bin,percent,4.9,5, 0.00982401383504182511285929280
North Dakota,4 wk ahead,Bin,percent,5,5.1, 0.00826266891276679175948327583
North Dakota,4 wk ahead,Bin,percent,5.1,5.2, 0.00667825881078277453634095551
North Dakota,4 wk ahead,Bin,percent,5.2,5.3, 0.00517919503471769328284413092
North Dakota,4 wk ahead,Bin,percent,5.3,5.4, 0.00384992457735531742879508954
North Dakota,4 wk ahead,Bin,percent,5.4,5.5, 0.00274098843881173887329638639
North Dakota,4 wk ahead,Bin,percent,5.5,5.6, 0.00186805429677145123229520252
North Dakota,4 wk ahead,Bin,percent,5.6,5.7, 0.00121835612674075078991353660
North Dakota,4 wk ahead,Bin,percent,5.7,5.8, 0.00076023305578675468875682331
North Dakota,4 wk ahead,Bin,percent,5.8,5.9, 0.00045373425836279758982180765
North Dakota,4 wk ahead,Bin,percent,5.9,6, 0.00025901355012859279434642157
North Dakota,4 wk ahead,Bin,percent,6,6.1, 0.00014676795162338074915778230
North Dakota,4 wk ahead,Bin,percent,6.1,6.2, 0.00012872496053743660003078342
North Dakota,4 wk ahead,Bin,percent,6.2,6.3, 0.00012872496053743660003078342
North Dakota,4 wk ahead,Bin,percent,6.3,6.4, 0.00012872496053743660003078342
North Dakota,4 wk ahead,Bin,percent,6.4,6.5, 0.00012872496053743660003078342
North Dakota,4 wk ahead,Bin,percent,6.5,6.6, 0.00012872496053743660003078342
North Dakota,4 wk ahead,Bin,percent,6.6,6.7, 0.00012872496053743660003078342
North Dakota,4 wk ahead,Bin,percent,6.7,6.8, 0.00012872496053743660003078342
North Dakota,4 wk ahead,Bin,percent,6.8,6.9, 0.00012872496053743660003078342
North Dakota,4 wk ahead,Bin,percent,6.9,7, 0.00012872496053743660003078342
North Dakota,4 wk ahead,Bin,percent,7,7.1, 0.00012872496053743660003078342
North Dakota,4 wk ahead,Bin,percent,7.1,7.2, 0.00012872496053743660003078342
North Dakota,4 wk ahead,Bin,percent,7.2,7.3, 0.00012872496053743660003078342
North Dakota,4 wk ahead,Bin,percent,7.3,7.4, 0.00012872496053743660003078342
North Dakota,4 wk ahead,Bin,percent,7.4,7.5, 0.00012872496053743660003078342
North Dakota,4 wk ahead,Bin,percent,7.5,7.6, 0.00012872496053743660003078342
North Dakota,4 wk ahead,Bin,percent,7.6,7.7, 0.00012872496053743660003078342
North Dakota,4 wk ahead,Bin,percent,7.7,7.8, 0.00012872496053743660003078342
North Dakota,4 wk ahead,Bin,percent,7.8,7.9, 0.00012872496053743660003078342
North Dakota,4 wk ahead,Bin,percent,7.9,8, 0.00012872496053743660003078342
North Dakota,4 wk ahead,Bin,percent,8,8.1, 0.00012872496053743773844306453
North Dakota,4 wk ahead,Bin,percent,8.1,8.2, 0.00012872496053743890396039995
North Dakota,4 wk ahead,Bin,percent,8.2,8.3, 0.00012872496053743890396039995
North Dakota,4 wk ahead,Bin,percent,8.3,8.4, 0.00012872496053743890396039995
North Dakota,4 wk ahead,Bin,percent,8.4,8.5, 0.00012872496053743890396039995
North Dakota,4 wk ahead,Bin,percent,8.5,8.6, 0.00012872496053743890396039995
North Dakota,4 wk ahead,Bin,percent,8.6,8.7, 0.00012872496053743890396039995
North Dakota,4 wk ahead,Bin,percent,8.7,8.8, 0.00012872496053743890396039995
North Dakota,4 wk ahead,Bin,percent,8.8,8.9, 0.00012872496053743890396039995
North Dakota,4 wk ahead,Bin,percent,8.9,9, 0.00012872496053743890396039995
North Dakota,4 wk ahead,Bin,percent,9,9.1, 0.00012872496053743890396039995
North Dakota,4 wk ahead,Bin,percent,9.1,9.2, 0.00012872496053743890396039995
North Dakota,4 wk ahead,Bin,percent,9.2,9.3, 0.00012872496053743890396039995
North Dakota,4 wk ahead,Bin,percent,9.3,9.4, 0.00012872496053743890396039995
North Dakota,4 wk ahead,Bin,percent,9.4,9.5, 0.00012872496053743890396039995
North Dakota,4 wk ahead,Bin,percent,9.5,9.6, 0.00012872496053743890396039995
North Dakota,4 wk ahead,Bin,percent,9.6,9.7, 0.00012872496053743890396039995
North Dakota,4 wk ahead,Bin,percent,9.7,9.8, 0.00012872496053743890396039995
North Dakota,4 wk ahead,Bin,percent,9.8,9.9, 0.00012872496053743890396039995
North Dakota,4 wk ahead,Bin,percent,9.9,10, 0.00012872496053743890396039995
North Dakota,4 wk ahead,Bin,percent,10,10.1, 0.00012872496053743890396039995
North Dakota,4 wk ahead,Bin,percent,10.1,10.2, 0.00012872496053743890396039995
North Dakota,4 wk ahead,Bin,percent,10.2,10.3, 0.00012872496053743890396039995
North Dakota,4 wk ahead,Bin,percent,10.3,10.4, 0.00012872496053743890396039995
North Dakota,4 wk ahead,Bin,percent,10.4,10.5, 0.00012872496053743890396039995
North Dakota,4 wk ahead,Bin,percent,10.5,10.6, 0.00012872496053743890396039995
North Dakota,4 wk ahead,Bin,percent,10.6,10.7, 0.00012872496053743890396039995
North Dakota,4 wk ahead,Bin,percent,10.7,10.8, 0.00012872496053743890396039995
North Dakota,4 wk ahead,Bin,percent,10.8,10.9, 0.00012872496053743890396039995
North Dakota,4 wk ahead,Bin,percent,10.9,11, 0.00012872496053743890396039995
North Dakota,4 wk ahead,Bin,percent,11,11.1, 0.00012872496053743890396039995
North Dakota,4 wk ahead,Bin,percent,11.1,11.2, 0.00012872496053743890396039995
North Dakota,4 wk ahead,Bin,percent,11.2,11.3, 0.00012872496053743890396039995
North Dakota,4 wk ahead,Bin,percent,11.3,11.4, 0.00012872496053743890396039995
North Dakota,4 wk ahead,Bin,percent,11.4,11.5, 0.00012872496053743890396039995
North Dakota,4 wk ahead,Bin,percent,11.5,11.6, 0.00012872496053743890396039995
North Dakota,4 wk ahead,Bin,percent,11.6,11.7, 0.00012872496053743890396039995
North Dakota,4 wk ahead,Bin,percent,11.7,11.8, 0.00012872496053743890396039995
North Dakota,4 wk ahead,Bin,percent,11.8,11.9, 0.00012872496053743890396039995
North Dakota,4 wk ahead,Bin,percent,11.9,12, 0.00012872496053743890396039995
North Dakota,4 wk ahead,Bin,percent,12,12.1, 0.00012872496053743890396039995
North Dakota,4 wk ahead,Bin,percent,12.1,12.2, 0.00012872496053743890396039995
North Dakota,4 wk ahead,Bin,percent,12.2,12.3, 0.00012872496053743890396039995
North Dakota,4 wk ahead,Bin,percent,12.3,12.4, 0.00012872496053743890396039995
North Dakota,4 wk ahead,Bin,percent,12.4,12.5, 0.00012872496053743890396039995
North Dakota,4 wk ahead,Bin,percent,12.5,12.6, 0.00012872496053743890396039995
North Dakota,4 wk ahead,Bin,percent,12.6,12.7, 0.00012872496053743890396039995
North Dakota,4 wk ahead,Bin,percent,12.7,12.8, 0.00012872496053743890396039995
North Dakota,4 wk ahead,Bin,percent,12.8,12.9, 0.00012872496053743890396039995
North Dakota,4 wk ahead,Bin,percent,12.9,13, 0.00012872496053743890396039995
North Dakota,4 wk ahead,Bin,percent,13,100, 0.00012872496053743890396039995
North Carolina,Season peak week,Bin,week,40,41, 0.00244947570869935397908090380
North Carolina,Season peak week,Bin,week,41,42, 0.00244947570869935397908090380
North Carolina,Season peak week,Bin,week,42,43, 0.00244947570869935397908090380
North Carolina,Season peak week,Bin,week,43,44, 0.00244947570869935397908090380
North Carolina,Season peak week,Bin,week,44,45, 0.00244947570869935397908090380
North Carolina,Season peak week,Bin,week,45,46, 0.00244947570869935397908090380
North Carolina,Season peak week,Bin,week,46,47, 0.00244947570869935397908090380
North Carolina,Season peak week,Bin,week,47,48, 0.00244947570869935397908090380
North Carolina,Season peak week,Bin,week,48,49, 0.00244947570869935397908090380
North Carolina,Season peak week,Bin,week,49,50, 0.00393055337106892020704318469
North Carolina,Season peak week,Bin,week,50,51, 0.03341359441807107560906686672
North Carolina,Season peak week,Bin,week,51,52, 0.13242040780441302616488030708
North Carolina,Season peak week,Bin,week,52,53, 0.20932110495104480629713350481
North Carolina,Season peak week,Bin,week,1,2, 0.13242190088166252981416448620
North Carolina,Season peak week,Bin,week,2,3, 0.03347978671499710068282240627
North Carolina,Season peak week,Bin,week,3,4, 0.00501413884912608760063834623
North Carolina,Season peak week,Bin,week,4,5, 0.01703285251888051257673772909
North Carolina,Season peak week,Bin,week,5,6, 0.06777469752828059468274801702
North Carolina,Season peak week,Bin,week,6,7, 0.11468166020025369333801279481
North Carolina,Season peak week,Bin,week,7,8, 0.10236188767507915786669769886
North Carolina,Season peak week,Bin,week,8,9, 0.07295539061328956687013658211
North Carolina,Season peak week,Bin,week,9,10, 0.03716313260969727333415946191
North Carolina,Season peak week,Bin,week,10,11, 0.00901851193821320840093846982
North Carolina,Season peak week,Bin,week,11,12, 0.00105429737677229223152819415
North Carolina,Season peak week,Bin,week,12,13, 0.00065675568565065763852045544
North Carolina,Season peak week,Bin,week,13,14, 0.00065675568565065763852045544
North Carolina,Season peak week,Bin,week,14,15, 0.00065675568565065763852045544
North Carolina,Season peak week,Bin,week,15,16, 0.00065675568565065763852045544
North Carolina,Season peak week,Bin,week,16,17, 0.00065675568565065763852045544
North Carolina,Season peak week,Bin,week,17,18, 0.00065675568565065763852045544
North Carolina,Season peak week,Bin,week,18,19, 0.00065675568565065763852045544
North Carolina,Season peak week,Bin,week,19,20, 0.00065675568565065763852045544
North Carolina,Season peak week,Bin,week,20,21, 0.00065675568565065763852045544
North Carolina,Season peak percentage,Bin,percent,0,0.1, 0.00150351534685104330259231009
North Carolina,Season peak percentage,Bin,percent,0.1,0.2, 0.00310654363510661510675014974
North Carolina,Season peak percentage,Bin,percent,0.2,0.3, 0.00324160132272250864349238952
North Carolina,Season peak percentage,Bin,percent,0.3,0.4, 0.00337945509797233333004751188
North Carolina,Season peak percentage,Bin,percent,0.4,0.5, 0.00352005145693906141071694016
North Carolina,Season peak percentage,Bin,percent,0.5,0.6, 0.00366331355410845884226778146
North Carolina,Season peak percentage,Bin,percent,0.6,0.7, 0.00380916318973707757056246237
North Carolina,Season peak percentage,Bin,percent,0.7,0.8, 0.00395749921455253693414189087
North Carolina,Season peak percentage,Bin,percent,0.8,0.9, 0.00410823399173968623054875593
North Carolina,Season peak percentage,Bin,percent,0.9,1, 0.00426127958268259377644371355
North Carolina,Season peak percentage,Bin,percent,1,1.1, 0.00441655043187154806166860865
North Carolina,Season peak percentage,Bin,percent,1.1,1.2, 0.00457393756620325282746808426
North Carolina,Season peak percentage,Bin,percent,1.2,1.3, 0.00473333989186488796746532515
North Carolina,Season peak percentage,Bin,percent,1.3,1.4, 0.00489467364883805489128576482
North Carolina,Season peak percentage,Bin,percent,1.4,1.5, 0.00505785223903928472799496063
North Carolina,Season peak percentage,Bin,percent,1.5,1.6, 0.00522273878618005702595405992
North Carolina,Season peak percentage,Bin,percent,1.6,1.7, 0.00538921106809437441137466962
North Carolina,Season peak percentage,Bin,percent,1.7,1.8, 0.00555715485759395062814736121
North Carolina,Season peak percentage,Bin,percent,1.8,1.9, 0.00572644486673105305302167167
North Carolina,Season peak percentage,Bin,percent,1.9,2, 0.00589695468382751310232325892
North Carolina,Season peak percentage,Bin,percent,2,2.1, 0.00606855040566294662296442652
North Carolina,Season peak percentage,Bin,percent,2.1,2.2, 0.00624108783909898406916383351
North Carolina,Season peak percentage,Bin,percent,2.2,2.3, 0.00641442669853148090403083259
North Carolina,Season peak percentage,Bin,percent,2.3,2.4, 0.00658842499426802712808592943
North Carolina,Season peak percentage,Bin,percent,2.4,2.5, 0.00676290851043877868503662043
North Carolina,Season peak percentage,Bin,percent,2.5,2.6, 0.00693770910061132679846895854
North Carolina,Season peak percentage,Bin,percent,2.6,2.7, 0.00711265617612097302696616552
North Carolina,Season peak percentage,Bin,percent,2.7,2.8, 0.00728756970555259533245395787
North Carolina,Season peak percentage,Bin,percent,2.8,2.9, 0.00746226299226784069856810433
North Carolina,Season peak percentage,Bin,percent,2.9,3, 0.00763654125417212361476293481
North Carolina,Season peak percentage,Bin,percent,3,3.1, 0.00781020486601423803013632963
North Carolina,Season peak percentage,Bin,percent,3.1,3.2, 0.00798304266201872204933298605
North Carolina,Season peak percentage,Bin,percent,3.2,3.3, 0.00815481941142962192536902677
North Carolina,Season peak percentage,Bin,percent,3.3,3.4, 0.00832531672467176804552924096
North Carolina,Season peak percentage,Bin,percent,3.4,3.5, 0.00849432000828994823726780794
North Carolina,Season peak percentage,Bin,percent,3.5,3.6, 0.00866159421939999285555700226
North Carolina,Season peak percentage,Bin,percent,3.6,3.7, 0.00882688726392492906125397667
North Carolina,Season peak percentage,Bin,percent,3.7,3.8, 0.00898995857410814398769094424
North Carolina,Season peak percentage,Bin,percent,3.8,3.9, 0.00915055911071059255301740620
North Carolina,Season peak percentage,Bin,percent,3.9,4, 0.00930843309430468349163767527
North Carolina,Season peak percentage,Bin,percent,4,4.1, 0.00946331040603535025845793882
North Carolina,Season peak percentage,Bin,percent,4.1,4.2, 0.00961491072271598336274056606
North Carolina,Season peak percentage,Bin,percent,4.2,4.3, 0.00976297732540805721090926284
North Carolina,Season peak percentage,Bin,percent,4.3,4.4, 0.00990727292667940503956280907
North Carolina,Season peak percentage,Bin,percent,4.4,4.5, 0.01004755388084192443964859365
North Carolina,Season peak percentage,Bin,percent,4.5,4.6, 0.01018353765049718334667616659
North Carolina,Season peak percentage,Bin,percent,4.6,4.7, 0.01031495262390133733909625136
North Carolina,Season peak percentage,Bin,percent,4.7,4.8, 0.01044155976770483502946706977
North Carolina,Season peak percentage,Bin,percent,4.8,4.9, 0.01056310220874479011143876050
North Carolina,Season peak percentage,Bin,percent,4.9,5, 0.01067926827257573325902217931
North Carolina,Season peak percentage,Bin,percent,5,5.1, 0.01078985683779573427620857018
North Carolina,Season peak percentage,Bin,percent,5.1,5.2, 0.01089463820647592305623785336
North Carolina,Season peak percentage,Bin,percent,5.2,5.3, 0.01099335919750943704742418561
North Carolina,Season peak percentage,Bin,percent,5.3,5.4, 0.01108584549041373781830266410
North Carolina,Season peak percentage,Bin,percent,5.4,5.5, 0.01117188353058982605570115254
North Carolina,Season peak percentage,Bin,percent,5.5,5.6, 0.01125121101507497133054069849
North Carolina,Season peak percentage,Bin,percent,5.6,5.7, 0.01132365039444892425291033788
North Carolina,Season peak percentage,Bin,percent,5.7,5.8, 0.01138899980153706623098308626
North Carolina,Season peak percentage,Bin,percent,5.8,5.9, 0.01144701457184264109523397224
North Carolina,Season peak percentage,Bin,percent,5.9,6, 0.01149760754691256901816043268
North Carolina,Season peak percentage,Bin,percent,6,6.1, 0.01154062526367061886078957400
North Carolina,Season peak percentage,Bin,percent,6.1,6.2, 0.01157589414549688860978093885
North Carolina,Season peak percentage,Bin,percent,6.2,6.3, 0.01160329771713636791419244076
North Carolina,Season peak percentage,Bin,percent,6.3,6.4, 0.01162275878851577737282951830
North Carolina,Season peak percentage,Bin,percent,6.4,6.5, 0.01163413646389271742520588049
North Carolina,Season peak percentage,Bin,percent,6.5,6.6, 0.01163727262166258137610075352
North Carolina,Season peak percentage,Bin,percent,6.6,6.7, 0.01163205473243686914608385763
North Carolina,Season peak percentage,Bin,percent,6.7,6.8, 0.01161845663522128799249877318
North Carolina,Season peak percentage,Bin,percent,6.8,6.9, 0.01159645402425870178153566314
North Carolina,Season peak percentage,Bin,percent,6.9,7, 0.01156601159183890184523058053
North Carolina,Season peak percentage,Bin,percent,7,7.1, 0.01152709947455659439397024357
North Carolina,Season peak percentage,Bin,percent,7.1,7.2, 0.01147968097582324070726755849
North Carolina,Season peak percentage,Bin,percent,7.2,7.3, 0.01142381085805503973529262396
North Carolina,Season peak percentage,Bin,percent,7.3,7.4, 0.01135952330203873587854968008
North Carolina,Season peak percentage,Bin,percent,7.4,7.5, 0.01128675981510184923861661588
North Carolina,Season peak percentage,Bin,percent,7.5,7.6, 0.01120548564402358907021728385
North Carolina,Season peak percentage,Bin,percent,7.6,7.7, 0.01111590434213384492867504605
North Carolina,Season peak percentage,Bin,percent,7.7,7.8, 0.01101813016349406301741531422
North Carolina,Season peak percentage,Bin,percent,7.8,7.9, 0.01091224288718813106857652429
North Carolina,Season peak percentage,Bin,percent,7.9,8, 0.01079837977616114261247837192
North Carolina,Season peak percentage,Bin,percent,8,8.1, 0.01067667249564849263343546681
North Carolina,Season peak percentage,Bin,percent,8.1,8.2, 0.01054728201298027120969003079
North Carolina,Season peak percentage,Bin,percent,8.2,8.3, 0.01041042573285730007959237753
North Carolina,Season peak percentage,Bin,percent,8.3,8.4, 0.01026625006985713850493624477
North Carolina,Season peak percentage,Bin,percent,8.4,8.5, 0.01011484767038488448431809985
North Carolina,Season peak percentage,Bin,percent,8.5,8.6, 0.00995660597982808530381770851
North Carolina,Season peak percentage,Bin,percent,8.6,8.7, 0.00979181423760605226802589129
North Carolina,Season peak percentage,Bin,percent,8.7,8.8, 0.00962071175412613187327703912
North Carolina,Season peak percentage,Bin,percent,8.8,8.9, 0.00944359286411726797649812681
North Carolina,Season peak percentage,Bin,percent,8.9,9, 0.00926077656002117707845222583
North Carolina,Season peak percentage,Bin,percent,9,9.1, 0.00907258213235183179345977322
North Carolina,Season peak percentage,Bin,percent,9.1,9.2, 0.00887936701014212063920449935
North Carolina,Season peak percentage,Bin,percent,9.2,9.3, 0.00868146870746755623671209179
North Carolina,Season peak percentage,Bin,percent,9.3,9.4, 0.00847920668143376139724853857
North Carolina,Season peak percentage,Bin,percent,9.4,9.5, 0.00827303153914994184037201563
North Carolina,Season peak percentage,Bin,percent,9.5,9.6, 0.00806337673321975978435460775
North Carolina,Season peak percentage,Bin,percent,9.6,9.7, 0.00785064010546503848742005971
North Carolina,Season peak percentage,Bin,percent,9.7,9.8, 0.00763522185388141195333533418
North Carolina,Season peak percentage,Bin,percent,9.8,9.9, 0.00741755622566521877897516291
North Carolina,Season peak percentage,Bin,percent,9.9,10, 0.00719807376550377422952387008
North Carolina,Season peak percentage,Bin,percent,10,10.1, 0.00697720709034038970991487005
North Carolina,Season peak percentage,Bin,percent,10.1,10.2, 0.00675538890894171982492988349
North Carolina,Season peak percentage,Bin,percent,10.2,10.3, 0.00653306264401771596278534204
North Carolina,Season peak percentage,Bin,percent,10.3,10.4, 0.00631067026012554349589933622
North Carolina,Season peak percentage,Bin,percent,10.4,10.5, 0.00608864366415105481844527446
North Carolina,Season peak percentage,Bin,percent,10.5,10.6, 0.00586739965935301026334069974
North Carolina,Season peak percentage,Bin,percent,10.6,10.7, 0.00564735664084352849412251629
North Carolina,Season peak percentage,Bin,percent,10.7,10.8, 0.00542892584512608741137418278
North Carolina,Season peak percentage,Bin,percent,10.8,10.9, 0.00521249581064731504903564385
North Carolina,Season peak percentage,Bin,percent,10.9,11, 0.00499844731288190836232532277
North Carolina,Season peak percentage,Bin,percent,11,11.1, 0.00478719074333560246775620683
North Carolina,Season peak percentage,Bin,percent,11.1,11.2, 0.00457903717250873667360400177
North Carolina,Season peak percentage,Bin,percent,11.2,11.3, 0.00437432150050859423068283505
North Carolina,Season peak percentage,Bin,percent,11.3,11.4, 0.00417336897827909770325449657
North Carolina,Season peak percentage,Bin,percent,11.4,11.5, 0.00397643941089338270183928259
North Carolina,Season peak percentage,Bin,percent,11.5,11.6, 0.00378379837718718480682467131
North Carolina,Season peak percentage,Bin,percent,11.6,11.7, 0.00359573040861231943421394419
North Carolina,Season peak percentage,Bin,percent,11.7,11.8, 0.00341244538537242890832712483
North Carolina,Season peak percentage,Bin,percent,11.8,11.9, 0.00323416871383840195605663403
North Carolina,Season peak percentage,Bin,percent,11.9,12, 0.00306109118575802413922404277
North Carolina,Season peak percentage,Bin,percent,12,12.1, 0.00289332364791246559460047294
North Carolina,Season peak percentage,Bin,percent,12.1,12.2, 0.00273099120494511068274468002
North Carolina,Season peak percentage,Bin,percent,12.2,12.3, 0.00257421676809753592618523754
North Carolina,Season peak percentage,Bin,percent,12.3,12.4, 0.00242306862983349092718898810
North Carolina,Season peak percentage,Bin,percent,12.4,12.5, 0.00227757326028994993433185456
North Carolina,Season peak percentage,Bin,percent,12.5,12.6, 0.00213778867443012400226254321
North Carolina,Season peak percentage,Bin,percent,12.6,12.7, 0.00200377291023563991814726570
North Carolina,Season peak percentage,Bin,percent,12.7,12.8, 0.00187555430916130222440685316
North Carolina,Season peak percentage,Bin,percent,12.8,12.9, 0.00175303812011448297870919166
North Carolina,Season peak percentage,Bin,percent,12.9,13, 0.00163617388529307939380730286
North Carolina,Season peak percentage,Bin,percent,13,100, 0.01604452510059154943244941194
North Carolina,1 wk ahead,Bin,percent,0,0.1, 0.00020163163096795385081233531
North Carolina,1 wk ahead,Bin,percent,0.1,0.2, 0.00040326326193590781004488788
North Carolina,1 wk ahead,Bin,percent,0.2,0.3, 0.00040326326193590764741456201
North Carolina,1 wk ahead,Bin,percent,0.3,0.4, 0.00040326326193590764741456201
North Carolina,1 wk ahead,Bin,percent,0.4,0.5, 0.00040326326193590764741456201
North Carolina,1 wk ahead,Bin,percent,0.5,0.6, 0.00040641014661304462841570628
North Carolina,1 wk ahead,Bin,percent,0.6,0.7, 0.00126832550363706092651228108
North Carolina,1 wk ahead,Bin,percent,0.7,0.8, 0.00523082591236269031642613925
North Carolina,1 wk ahead,Bin,percent,0.8,0.9, 0.01458256161652913412973830987
North Carolina,1 wk ahead,Bin,percent,0.9,1, 0.02749269502345534979537156062
North Carolina,1 wk ahead,Bin,percent,1,1.1, 0.03506389624138747662662751736
North Carolina,1 wk ahead,Bin,percent,1.1,1.2, 0.03025581363959597286372726899
North Carolina,1 wk ahead,Bin,percent,1.2,1.3, 0.01766048871871964132118648649
North Carolina,1 wk ahead,Bin,percent,1.3,1.4, 0.00697203173395454737365506404
North Carolina,1 wk ahead,Bin,percent,1.4,1.5, 0.00186076358169477013015935540
North Carolina,1 wk ahead,Bin,percent,1.5,1.6, 0.00033546059966873837537848502
North Carolina,1 wk ahead,Bin,percent,1.6,1.7, 0.00004083087494808165145501744
North Carolina,1 wk ahead,Bin,percent,1.7,1.8, 0.00000335415787013971582357428
North Carolina,1 wk ahead,Bin,percent,1.8,1.9, 0.00000018558847899135907057881
North Carolina,1 wk ahead,Bin,percent,1.9,2, 0.00000000691421464583510144926
North Carolina,1 wk ahead,Bin,percent,2,2.1, 0.00000000017327616395783982288
North Carolina,1 wk ahead,Bin,percent,2.1,2.2, 0.00000000001033294398904925928
North Carolina,1 wk ahead,Bin,percent,2.2,2.3, 0.00000000043334252392705131286
North Carolina,1 wk ahead,Bin,percent,2.3,2.4, 0.00000001705501616208815992844
North Carolina,1 wk ahead,Bin,percent,2.4,2.5, 0.00000045383147629460175361625
North Carolina,1 wk ahead,Bin,percent,2.5,2.6, 0.00000815787950867570365144979
North Carolina,1 wk ahead,Bin,percent,2.6,2.7, 0.00009916881723268966585590339
North Carolina,1 wk ahead,Bin,percent,2.7,2.8, 0.00081678409773559129940928569
North Carolina,1 wk ahead,Bin,percent,2.8,2.9, 0.00456079455199076295307536455
North Carolina,1 wk ahead,Bin,percent,2.9,3, 0.01727523395663816893619291193
North Carolina,1 wk ahead,Bin,percent,3,3.1, 0.04441894882110422604348798359
North Carolina,1 wk ahead,Bin,percent,3.1,3.2, 0.07758766020906490701314339731
North Carolina,1 wk ahead,Bin,percent,3.2,3.3, 0.09227648095136292694107282841
North Carolina,1 wk ahead,Bin,percent,3.3,3.4, 0.07574563695937816532044450923
North Carolina,1 wk ahead,Bin,percent,3.4,3.5, 0.04702434790372717055007001363
North Carolina,1 wk ahead,Bin,percent,3.5,3.6, 0.03293241713262329978251230500
North Carolina,1 wk ahead,Bin,percent,3.6,3.7, 0.03895982582448039022171570878
North Carolina,1 wk ahead,Bin,percent,3.7,3.8, 0.05342610538782792406475863345
North Carolina,1 wk ahead,Bin,percent,3.8,3.9, 0.06724682722845298776803701912
North Carolina,1 wk ahead,Bin,percent,3.9,4, 0.07651629769609172293520771291
North Carolina,1 wk ahead,Bin,percent,4,4.1, 0.07283213512861994032299151058
North Carolina,1 wk ahead,Bin,percent,4.1,4.2, 0.05217522547086369394397920018
North Carolina,1 wk ahead,Bin,percent,4.2,4.3, 0.02638078360355426699168646110
North Carolina,1 wk ahead,Bin,percent,4.3,4.4, 0.00915789392014953497478391142
North Carolina,1 wk ahead,Bin,percent,4.4,4.5, 0.00216040721908562988531898874
North Carolina,1 wk ahead,Bin,percent,4.5,4.6, 0.00076105044502927860546742656
North Carolina,1 wk ahead,Bin,percent,4.6,4.7, 0.00076057659247284151605300595
North Carolina,1 wk ahead,Bin,percent,4.7,4.8, 0.00076057659247284151605300595
North Carolina,1 wk ahead,Bin,percent,4.8,4.9, 0.00076057659247284151605300595
North Carolina,1 wk ahead,Bin,percent,4.9,5, 0.00076057659247284151605300595
North Carolina,1 wk ahead,Bin,percent,5,5.1, 0.00076057659247284151605300595
North Carolina,1 wk ahead,Bin,percent,5.1,5.2, 0.00076057659247284151605300595
North Carolina,1 wk ahead,Bin,percent,5.2,5.3, 0.00076057659247284151605300595
North Carolina,1 wk ahead,Bin,percent,5.3,5.4, 0.00076057659247284151605300595
North Carolina,1 wk ahead,Bin,percent,5.4,5.5, 0.00076057659247284151605300595
North Carolina,1 wk ahead,Bin,percent,5.5,5.6, 0.00076057659247284151605300595
North Carolina,1 wk ahead,Bin,percent,5.6,5.7, 0.00076057659247284151605300595
North Carolina,1 wk ahead,Bin,percent,5.7,5.8, 0.00076057659247284151605300595
North Carolina,1 wk ahead,Bin,percent,5.8,5.9, 0.00076057659247284151605300595
North Carolina,1 wk ahead,Bin,percent,5.9,6, 0.00076057659247284151605300595
North Carolina,1 wk ahead,Bin,percent,6,6.1, 0.00076057659247284151605300595
North Carolina,1 wk ahead,Bin,percent,6.1,6.2, 0.00076057659247284151605300595
North Carolina,1 wk ahead,Bin,percent,6.2,6.3, 0.00076057659247284151605300595
North Carolina,1 wk ahead,Bin,percent,6.3,6.4, 0.00076057659247284151605300595
North Carolina,1 wk ahead,Bin,percent,6.4,6.5, 0.00076057659247284151605300595
North Carolina,1 wk ahead,Bin,percent,6.5,6.6, 0.00076057659247284151605300595
North Carolina,1 wk ahead,Bin,percent,6.6,6.7, 0.00076057659247284151605300595
North Carolina,1 wk ahead,Bin,percent,6.7,6.8, 0.00076057659247284151605300595
North Carolina,1 wk ahead,Bin,percent,6.8,6.9, 0.00076057659247284151605300595
North Carolina,1 wk ahead,Bin,percent,6.9,7, 0.00076057659247284151605300595
North Carolina,1 wk ahead,Bin,percent,7,7.1, 0.00076057659247284151605300595
North Carolina,1 wk ahead,Bin,percent,7.1,7.2, 0.00076057659247284151605300595
North Carolina,1 wk ahead,Bin,percent,7.2,7.3, 0.00076057659247284151605300595
North Carolina,1 wk ahead,Bin,percent,7.3,7.4, 0.00076057659247284151605300595
North Carolina,1 wk ahead,Bin,percent,7.4,7.5, 0.00076057659247284151605300595
North Carolina,1 wk ahead,Bin,percent,7.5,7.6, 0.00076057659247284151605300595
North Carolina,1 wk ahead,Bin,percent,7.6,7.7, 0.00076057659247284151605300595
North Carolina,1 wk ahead,Bin,percent,7.7,7.8, 0.00076057659247284151605300595
North Carolina,1 wk ahead,Bin,percent,7.8,7.9, 0.00076057659247284151605300595
North Carolina,1 wk ahead,Bin,percent,7.9,8, 0.00076057659247284151605300595
North Carolina,1 wk ahead,Bin,percent,8,8.1, 0.00076057659247284823810647536
North Carolina,1 wk ahead,Bin,percent,8.1,8.2, 0.00076057659247285496015994477
North Carolina,1 wk ahead,Bin,percent,8.2,8.3, 0.00076057659247285496015994477
North Carolina,1 wk ahead,Bin,percent,8.3,8.4, 0.00076057659247285496015994477
North Carolina,1 wk ahead,Bin,percent,8.4,8.5, 0.00076057659247285496015994477
North Carolina,1 wk ahead,Bin,percent,8.5,8.6, 0.00076057659247285496015994477
North Carolina,1 wk ahead,Bin,percent,8.6,8.7, 0.00076057659247285496015994477
North Carolina,1 wk ahead,Bin,percent,8.7,8.8, 0.00076057659247285496015994477
North Carolina,1 wk ahead,Bin,percent,8.8,8.9, 0.00076057659247285496015994477
North Carolina,1 wk ahead,Bin,percent,8.9,9, 0.00076057659247285496015994477
North Carolina,1 wk ahead,Bin,percent,9,9.1, 0.00076057659247285496015994477
North Carolina,1 wk ahead,Bin,percent,9.1,9.2, 0.00076057659247285496015994477
North Carolina,1 wk ahead,Bin,percent,9.2,9.3, 0.00076057659247285496015994477
North Carolina,1 wk ahead,Bin,percent,9.3,9.4, 0.00076057659247285496015994477
North Carolina,1 wk ahead,Bin,percent,9.4,9.5, 0.00076057659247285496015994477
North Carolina,1 wk ahead,Bin,percent,9.5,9.6, 0.00076057659247285496015994477
North Carolina,1 wk ahead,Bin,percent,9.6,9.7, 0.00076057659247285496015994477
North Carolina,1 wk ahead,Bin,percent,9.7,9.8, 0.00076057659247285496015994477
North Carolina,1 wk ahead,Bin,percent,9.8,9.9, 0.00076057659247285496015994477
North Carolina,1 wk ahead,Bin,percent,9.9,10, 0.00076057659247285496015994477
North Carolina,1 wk ahead,Bin,percent,10,10.1, 0.00076057659247285496015994477
North Carolina,1 wk ahead,Bin,percent,10.1,10.2, 0.00076057659247285496015994477
North Carolina,1 wk ahead,Bin,percent,10.2,10.3, 0.00076057659247285496015994477
North Carolina,1 wk ahead,Bin,percent,10.3,10.4, 0.00076057659247285496015994477
North Carolina,1 wk ahead,Bin,percent,10.4,10.5, 0.00076057659247285496015994477
North Carolina,1 wk ahead,Bin,percent,10.5,10.6, 0.00076057659247285496015994477
North Carolina,1 wk ahead,Bin,percent,10.6,10.7, 0.00076057659247285496015994477
North Carolina,1 wk ahead,Bin,percent,10.7,10.8, 0.00076057659247285496015994477
North Carolina,1 wk ahead,Bin,percent,10.8,10.9, 0.00076057659247285496015994477
North Carolina,1 wk ahead,Bin,percent,10.9,11, 0.00076057659247285496015994477
North Carolina,1 wk ahead,Bin,percent,11,11.1, 0.00076057659247285496015994477
North Carolina,1 wk ahead,Bin,percent,11.1,11.2, 0.00076057659247285496015994477
North Carolina,1 wk ahead,Bin,percent,11.2,11.3, 0.00076057659247285496015994477
North Carolina,1 wk ahead,Bin,percent,11.3,11.4, 0.00076057659247285496015994477
North Carolina,1 wk ahead,Bin,percent,11.4,11.5, 0.00076057659247285496015994477
North Carolina,1 wk ahead,Bin,percent,11.5,11.6, 0.00076057659247285496015994477
North Carolina,1 wk ahead,Bin,percent,11.6,11.7, 0.00076057659247285496015994477
North Carolina,1 wk ahead,Bin,percent,11.7,11.8, 0.00076057659247285496015994477
North Carolina,1 wk ahead,Bin,percent,11.8,11.9, 0.00076057659247285496015994477
North Carolina,1 wk ahead,Bin,percent,11.9,12, 0.00076057659247285496015994477
North Carolina,1 wk ahead,Bin,percent,12,12.1, 0.00076057659247285496015994477
North Carolina,1 wk ahead,Bin,percent,12.1,12.2, 0.00076057659247285496015994477
North Carolina,1 wk ahead,Bin,percent,12.2,12.3, 0.00076057659247285496015994477
North Carolina,1 wk ahead,Bin,percent,12.3,12.4, 0.00076057659247285496015994477
North Carolina,1 wk ahead,Bin,percent,12.4,12.5, 0.00076057659247285496015994477
North Carolina,1 wk ahead,Bin,percent,12.5,12.6, 0.00076057659247285496015994477
North Carolina,1 wk ahead,Bin,percent,12.6,12.7, 0.00076057659247285496015994477
North Carolina,1 wk ahead,Bin,percent,12.7,12.8, 0.00076057659247285496015994477
North Carolina,1 wk ahead,Bin,percent,12.8,12.9, 0.00076057659247285496015994477
North Carolina,1 wk ahead,Bin,percent,12.9,13, 0.00076057659247285496015994477
North Carolina,1 wk ahead,Bin,percent,13,100, 0.00076057659247285496015994477
North Carolina,2 wk ahead,Bin,percent,0,0.1, 0.00261788099697292256720637660
North Carolina,2 wk ahead,Bin,percent,0.1,0.2, 0.00555816894185524271870812996
North Carolina,2 wk ahead,Bin,percent,0.2,0.3, 0.00600151973301390074394534579
North Carolina,2 wk ahead,Bin,percent,0.3,0.4, 0.00646004882433622376614046345
North Carolina,2 wk ahead,Bin,percent,0.4,0.5, 0.00693254267648966623904804862
North Carolina,2 wk ahead,Bin,percent,0.5,0.6, 0.00741766186497226209101141237
North Carolina,2 wk ahead,Bin,percent,0.6,0.7, 0.00791404437241502965727502072
North Carolina,2 wk ahead,Bin,percent,0.7,0.8, 0.00842012944662552144381439945
North Carolina,2 wk ahead,Bin,percent,0.8,0.9, 0.00893429286841723735435039089
North Carolina,2 wk ahead,Bin,percent,0.9,1, 0.00945488449565519764594689889
North Carolina,2 wk ahead,Bin,percent,1,1.1, 0.00998021860112886446958491149
North Carolina,2 wk ahead,Bin,percent,1.1,1.2, 0.01050857510945479508790434409
North Carolina,2 wk ahead,Bin,percent,1.2,1.3, 0.01103820218311918517628544834
North Carolina,2 wk ahead,Bin,percent,1.3,1.4, 0.01156732619180206311781944351
North Carolina,2 wk ahead,Bin,percent,1.4,1.5, 0.01209419834621221559456394345
North Carolina,2 wk ahead,Bin,percent,1.5,1.6, 0.01261708855358506520261130390
North Carolina,2 wk ahead,Bin,percent,1.6,1.7, 0.01313428947666764670665351389
North Carolina,2 wk ahead,Bin,percent,1.7,1.8, 0.01364407069717307047218568528
North Carolina,2 wk ahead,Bin,percent,1.8,1.9, 0.01414481851875766700576964041
North Carolina,2 wk ahead,Bin,percent,1.9,2, 0.01463497489190820205484655503
North Carolina,2 wk ahead,Bin,percent,2,2.1, 0.01511301561807866337960870595
North Carolina,2 wk ahead,Bin,percent,2.1,2.2, 0.01557747653198513458627783024
North Carolina,2 wk ahead,Bin,percent,2.2,2.3, 0.01602689636831981442877115285
North Carolina,2 wk ahead,Bin,percent,2.3,2.4, 0.01645985961650085413476851670
North Carolina,2 wk ahead,Bin,percent,2.4,2.5, 0.01687513914683312285514027451
North Carolina,2 wk ahead,Bin,percent,2.5,2.6, 0.01727146959023945216316064943
North Carolina,2 wk ahead,Bin,percent,2.6,2.7, 0.01764759801028409347267711382
North Carolina,2 wk ahead,Bin,percent,2.7,2.8, 0.01800225702410461134372887670
North Carolina,2 wk ahead,Bin,percent,2.8,2.9, 0.01833407145682039093848025857
North Carolina,2 wk ahead,Bin,percent,2.9,3, 0.01864186502808003187414698232
North Carolina,2 wk ahead,Bin,percent,3,3.1, 0.01892435804293949794252505114
North Carolina,2 wk ahead,Bin,percent,3.1,3.2, 0.01918018754570558620509146408
North Carolina,2 wk ahead,Bin,percent,3.2,3.3, 0.01940790108549412390503974279
North Carolina,2 wk ahead,Bin,percent,3.3,3.4, 0.01960582312672125293584457495
North Carolina,2 wk ahead,Bin,percent,3.4,3.5, 0.01977238252403702017945263947
North Carolina,2 wk ahead,Bin,percent,3.5,3.6, 0.01990599538664114195873899860
North Carolina,2 wk ahead,Bin,percent,3.6,3.7, 0.02000494420292846936559882920
North Carolina,2 wk ahead,Bin,percent,3.7,3.8, 0.02006745187462526114341443417
North Carolina,2 wk ahead,Bin,percent,3.8,3.9, 0.02009163608502133671618317123
North Carolina,2 wk ahead,Bin,percent,3.9,4, 0.02007553745829001104472588679
North Carolina,2 wk ahead,Bin,percent,4,4.1, 0.02001771276973415142341750084
North Carolina,2 wk ahead,Bin,percent,4.1,4.2, 0.01991659820752873094606982818
North Carolina,2 wk ahead,Bin,percent,4.2,4.3, 0.01977084917408971145857954355
North Carolina,2 wk ahead,Bin,percent,4.3,4.4, 0.01957932664917283113736878875
North Carolina,2 wk ahead,Bin,percent,4.4,4.5, 0.01934088418441856291329905559
North Carolina,2 wk ahead,Bin,percent,4.5,4.6, 0.01905531432923173243421111067
North Carolina,2 wk ahead,Bin,percent,4.6,4.7, 0.01872268951223883190482233374
North Carolina,2 wk ahead,Bin,percent,4.7,4.8, 0.01834346393281301515476577890
North Carolina,2 wk ahead,Bin,percent,4.8,4.9, 0.01791863070709044658546105211
North Carolina,2 wk ahead,Bin,percent,4.9,5, 0.01744953527437890367091100075
North Carolina,2 wk ahead,Bin,percent,5,5.1, 0.01693816068075821440475081658
North Carolina,2 wk ahead,Bin,percent,5.1,5.2, 0.01638738269992028040444864700
North Carolina,2 wk ahead,Bin,percent,5.2,5.3, 0.01580033255046088894180122963
North Carolina,2 wk ahead,Bin,percent,5.3,5.4, 0.01518063468478227616420550561
North Carolina,2 wk ahead,Bin,percent,5.4,5.5, 0.01453236232995409188406554790
North Carolina,2 wk ahead,Bin,percent,5.5,5.6, 0.01385985279482923951399619966
North Carolina,2 wk ahead,Bin,percent,5.6,5.7, 0.01316806592696902374062251084
North Carolina,2 wk ahead,Bin,percent,5.7,5.8, 0.01246202666157935311230797737
North Carolina,2 wk ahead,Bin,percent,5.8,5.9, 0.01174686893346572544305495001
North Carolina,2 wk ahead,Bin,percent,5.9,6, 0.01102777072280475972876345736
North Carolina,2 wk ahead,Bin,percent,6,6.1, 0.01030989407335879647076293253
North Carolina,2 wk ahead,Bin,percent,6.1,6.2, 0.00959828058554424747017552733
North Carolina,2 wk ahead,Bin,percent,6.2,6.3, 0.00889766674981484415041244063
North Carolina,2 wk ahead,Bin,percent,6.3,6.4, 0.00821250221722085067821428339
North Carolina,2 wk ahead,Bin,percent,6.4,6.5, 0.00754685985724863270251994152
North Carolina,2 wk ahead,Bin,percent,6.5,6.6, 0.00690442740207898152798859925
North Carolina,2 wk ahead,Bin,percent,6.6,6.7, 0.00628852897406427784748883525
North Carolina,2 wk ahead,Bin,percent,6.7,6.8, 0.00570167304520328207390056363
North Carolina,2 wk ahead,Bin,percent,6.8,6.9, 0.00514594330983013902025557940
North Carolina,2 wk ahead,Bin,percent,6.9,7, 0.00462296137652547147606219013
North Carolina,2 wk ahead,Bin,percent,7,7.1, 0.00413383007643085102766900008
North Carolina,2 wk ahead,Bin,percent,7.1,7.2, 0.00367933869256431393679473985
North Carolina,2 wk ahead,Bin,percent,7.2,7.3, 0.00325950688185323682322103167
North Carolina,2 wk ahead,Bin,percent,7.3,7.4, 0.00287389744704539835257195435
North Carolina,2 wk ahead,Bin,percent,7.4,7.5, 0.00252182181038609854947796229
North Carolina,2 wk ahead,Bin,percent,7.5,7.6, 0.00220226018479674793756895035
North Carolina,2 wk ahead,Bin,percent,7.6,7.7, 0.00191402048571195481513340653
North Carolina,2 wk ahead,Bin,percent,7.7,7.8, 0.00165562850347719279706093509
North Carolina,2 wk ahead,Bin,percent,7.8,7.9, 0.00142519231244972672048576534
North Carolina,2 wk ahead,Bin,percent,7.9,8, 0.00122083896599138488729685559
North Carolina,2 wk ahead,Bin,percent,8,8.1, 0.00104067021960055784007836976
North Carolina,2 wk ahead,Bin,percent,8.1,8.2, 0.00088273397466996736827199443
North Carolina,2 wk ahead,Bin,percent,8.2,8.3, 0.00074520854042904106136896436
North Carolina,2 wk ahead,Bin,percent,8.3,8.4, 0.00062604429276728000824253639
North Carolina,2 wk ahead,Bin,percent,8.4,8.5, 0.00052333683826700930566411252
North Carolina,2 wk ahead,Bin,percent,8.5,8.6, 0.00043529994657992245781288898
North Carolina,2 wk ahead,Bin,percent,8.6,8.7, 0.00036027002770118481600122862
North Carolina,2 wk ahead,Bin,percent,8.7,8.8, 0.00029671537383227884754344217
North Carolina,2 wk ahead,Bin,percent,8.8,8.9, 0.00024320905105468544464032699
North Carolina,2 wk ahead,Bin,percent,8.9,9, 0.00019835447440311450794346582
North Carolina,2 wk ahead,Bin,percent,9,9.1, 0.00016096164749967930033755503
North Carolina,2 wk ahead,Bin,percent,9.1,9.2, 0.00013220206196653459763609706
North Carolina,2 wk ahead,Bin,percent,9.2,9.3, 0.00012719629126152975310409809
North Carolina,2 wk ahead,Bin,percent,9.3,9.4, 0.00012719629126152975310409809
North Carolina,2 wk ahead,Bin,percent,9.4,9.5, 0.00012719629126152975310409809
North Carolina,2 wk ahead,Bin,percent,9.5,9.6, 0.00012719629126152975310409809
North Carolina,2 wk ahead,Bin,percent,9.6,9.7, 0.00012719629126152975310409809
North Carolina,2 wk ahead,Bin,percent,9.7,9.8, 0.00012719629126152975310409809
North Carolina,2 wk ahead,Bin,percent,9.8,9.9, 0.00012719629126152975310409809
North Carolina,2 wk ahead,Bin,percent,9.9,10, 0.00012719629126152975310409809
North Carolina,2 wk ahead,Bin,percent,10,10.1, 0.00012719629126152975310409809
North Carolina,2 wk ahead,Bin,percent,10.1,10.2, 0.00012719629126152975310409809
North Carolina,2 wk ahead,Bin,percent,10.2,10.3, 0.00012719629126152975310409809
North Carolina,2 wk ahead,Bin,percent,10.3,10.4, 0.00012719629126152975310409809
North Carolina,2 wk ahead,Bin,percent,10.4,10.5, 0.00012719629126152975310409809
North Carolina,2 wk ahead,Bin,percent,10.5,10.6, 0.00012719629126152975310409809
North Carolina,2 wk ahead,Bin,percent,10.6,10.7, 0.00012719629126152975310409809
North Carolina,2 wk ahead,Bin,percent,10.7,10.8, 0.00012719629126152975310409809
North Carolina,2 wk ahead,Bin,percent,10.8,10.9, 0.00012719629126152975310409809
North Carolina,2 wk ahead,Bin,percent,10.9,11, 0.00012719629126152975310409809
North Carolina,2 wk ahead,Bin,percent,11,11.1, 0.00012719629126152975310409809
North Carolina,2 wk ahead,Bin,percent,11.1,11.2, 0.00012719629126152975310409809
North Carolina,2 wk ahead,Bin,percent,11.2,11.3, 0.00012719629126152975310409809
North Carolina,2 wk ahead,Bin,percent,11.3,11.4, 0.00012719629126152975310409809
North Carolina,2 wk ahead,Bin,percent,11.4,11.5, 0.00012719629126152975310409809
North Carolina,2 wk ahead,Bin,percent,11.5,11.6, 0.00012719629126152975310409809
North Carolina,2 wk ahead,Bin,percent,11.6,11.7, 0.00012719629126152975310409809
North Carolina,2 wk ahead,Bin,percent,11.7,11.8, 0.00012719629126152975310409809
North Carolina,2 wk ahead,Bin,percent,11.8,11.9, 0.00012719629126152975310409809
North Carolina,2 wk ahead,Bin,percent,11.9,12, 0.00012719629126152975310409809
North Carolina,2 wk ahead,Bin,percent,12,12.1, 0.00012719629126152975310409809
North Carolina,2 wk ahead,Bin,percent,12.1,12.2, 0.00012719629126152975310409809
North Carolina,2 wk ahead,Bin,percent,12.2,12.3, 0.00012719629126152975310409809
North Carolina,2 wk ahead,Bin,percent,12.3,12.4, 0.00012719629126152975310409809
North Carolina,2 wk ahead,Bin,percent,12.4,12.5, 0.00012719629126152975310409809
North Carolina,2 wk ahead,Bin,percent,12.5,12.6, 0.00012719629126152975310409809
North Carolina,2 wk ahead,Bin,percent,12.6,12.7, 0.00012719629126152975310409809
North Carolina,2 wk ahead,Bin,percent,12.7,12.8, 0.00012719629126152975310409809
North Carolina,2 wk ahead,Bin,percent,12.8,12.9, 0.00012719629126152975310409809
North Carolina,2 wk ahead,Bin,percent,12.9,13, 0.00012719629126152975310409809
North Carolina,2 wk ahead,Bin,percent,13,100, 0.00012719629126152975310409809
North Carolina,3 wk ahead,Bin,percent,0,0.1, 0.00161384072705326770021116989
North Carolina,3 wk ahead,Bin,percent,0.1,0.2, 0.00376363200082774178312217117
North Carolina,3 wk ahead,Bin,percent,0.2,0.3, 0.00454743551139828294099798356
North Carolina,3 wk ahead,Bin,percent,0.3,0.4, 0.00540643894110386363099918228
North Carolina,3 wk ahead,Bin,percent,0.4,0.5, 0.00632847693945723030473082815
North Carolina,3 wk ahead,Bin,percent,0.5,0.6, 0.00729836660887434388045313938
North Carolina,3 wk ahead,Bin,percent,0.6,0.7, 0.00829909875900302317075496461
North Carolina,3 wk ahead,Bin,percent,0.7,0.8, 0.00931312802436083143897693759
North Carolina,3 wk ahead,Bin,percent,0.8,0.9, 0.01032395972986737721355243735
North Carolina,3 wk ahead,Bin,percent,0.9,1, 0.01131746752674479827849296498
North Carolina,3 wk ahead,Bin,percent,1,1.1, 0.01228287292506292580074322984
North Carolina,3 wk ahead,Bin,percent,1.1,1.2, 0.01321353742151256359382838212
North Carolina,3 wk ahead,Bin,percent,1.2,1.3, 0.01410695157820807815740593583
North Carolina,3 wk ahead,Bin,percent,1.3,1.4, 0.01496431266004700534610893925
North Carolina,3 wk ahead,Bin,percent,1.4,1.5, 0.01578962323090820490945063170
North Carolina,3 wk ahead,Bin,percent,1.5,1.6, 0.01658869580615749544927339798
North Carolina,3 wk ahead,Bin,percent,1.6,1.7, 0.01736771308382968267980395183
North Carolina,3 wk ahead,Bin,percent,1.7,1.8, 0.01813195846758029056156047432
North Carolina,3 wk ahead,Bin,percent,1.8,1.9, 0.01888472501772715805845592740
North Carolina,3 wk ahead,Bin,percent,1.9,2, 0.01962642134205827906812125150
North Carolina,3 wk ahead,Bin,percent,2,2.1, 0.02035394079112852125379440338
North Carolina,3 wk ahead,Bin,percent,2.1,2.2, 0.02106026888953892520217614504
North Carolina,3 wk ahead,Bin,percent,2.2,2.3, 0.02173433167421338213509685033
North Carolina,3 wk ahead,Bin,percent,2.3,2.4, 0.02236115631698466776899891784
North Carolina,3 wk ahead,Bin,percent,2.4,2.5, 0.02292216778515976383090446689
North Carolina,3 wk ahead,Bin,percent,2.5,2.6, 0.02339578108585573662514534021
North Carolina,3 wk ahead,Bin,percent,2.6,2.7, 0.02375831848941389184970418569
North Carolina,3 wk ahead,Bin,percent,2.7,2.8, 0.02398541247976237328343174227
North Carolina,3 wk ahead,Bin,percent,2.8,2.9, 0.02405348526165214731453723118
North Carolina,3 wk ahead,Bin,percent,2.9,3, 0.02394135891824266532124099172
North Carolina,3 wk ahead,Bin,percent,3,3.1, 0.02363280763713621057675595694
North Carolina,3 wk ahead,Bin,percent,3.1,3.2, 0.02311842732436315828170592113
North Carolina,3 wk ahead,Bin,percent,3.2,3.3, 0.02239718262180965396845877535
North Carolina,3 wk ahead,Bin,percent,3.3,3.4, 0.02147768785038395647490894191
North Carolina,3 wk ahead,Bin,percent,3.4,3.5, 0.02037943528232548026646320238
North Carolina,3 wk ahead,Bin,percent,3.5,3.6, 0.01913246519377989271482043421
North Carolina,3 wk ahead,Bin,percent,3.6,3.7, 0.01777645719762134188246527344
North Carolina,3 wk ahead,Bin,percent,3.7,3.8, 0.01635919986391369887468449917
North Carolina,3 wk ahead,Bin,percent,3.8,3.9, 0.01493451302069820872675531831
North Carolina,3 wk ahead,Bin,percent,3.9,4, 0.01355911204111273117567382229
North Carolina,3 wk ahead,Bin,percent,4,4.1, 0.01228971419429235843734371514
North Carolina,3 wk ahead,Bin,percent,4.1,4.2, 0.01117991584111946781754376445
North Carolina,3 wk ahead,Bin,percent,4.2,4.3, 0.01027639828281514886021419386
North Carolina,3 wk ahead,Bin,percent,4.3,4.4, 0.00961634206767822755090868725
North Carolina,3 wk ahead,Bin,percent,4.4,4.5, 0.00922506770840598316896219444
North Carolina,3 wk ahead,Bin,percent,4.5,4.6, 0.00911405057425369001522508228
North Carolina,3 wk ahead,Bin,percent,4.6,4.7, 0.00927823323011421792483321980
North Carolina,3 wk ahead,Bin,percent,4.7,4.8, 0.00969710475780422888336662623
North Carolina,3 wk ahead,Bin,percent,4.8,4.9, 0.01033466429592162783013264971
North Carolina,3 wk ahead,Bin,percent,4.9,5, 0.01114105575542362509822158501
North Carolina,3 wk ahead,Bin,percent,5,5.1, 0.01205424578091631240828185412
North Carolina,3 wk ahead,Bin,percent,5.1,5.2, 0.01300487374554955798122701793
North Carolina,3 wk ahead,Bin,percent,5.2,5.3, 0.01392022055311777431474418165
North Carolina,3 wk ahead,Bin,percent,5.3,5.4, 0.01472890165800644877991398829
North Carolina,3 wk ahead,Bin,percent,5.4,5.5, 0.01536640527712239585877984638
North Carolina,3 wk ahead,Bin,percent,5.5,5.6, 0.01577976806944263524212779259
North Carolina,3 wk ahead,Bin,percent,5.6,5.7, 0.01593129637581953278457902456
North Carolina,3 wk ahead,Bin,percent,5.7,5.8, 0.01580083510094373519527799488
North Carolina,3 wk ahead,Bin,percent,5.8,5.9, 0.01538770823848545007961341469
North Carolina,3 wk ahead,Bin,percent,5.9,6, 0.01470890565113283122988807605
North Carolina,3 wk ahead,Bin,percent,6,6.1, 0.01379771564687175440522270975
North Carolina,3 wk ahead,Bin,percent,6.1,6.2, 0.01269956062920845306363215599
North Carolina,3 wk ahead,Bin,percent,6.2,6.3, 0.01146801134651800370412022545
North Carolina,3 wk ahead,Bin,percent,6.3,6.4, 0.01015955234367407235274161081
North Carolina,3 wk ahead,Bin,percent,6.4,6.5, 0.00882939328006501419898732763
North Carolina,3 wk ahead,Bin,percent,6.5,6.6, 0.00752743908841169238194135360
North Carolina,3 wk ahead,Bin,percent,6.6,6.7, 0.00629524062279756668053520841
North Carolina,3 wk ahead,Bin,percent,6.7,6.8, 0.00516446449090193857728303684
North Carolina,3 wk ahead,Bin,percent,6.8,6.9, 0.00415603734832489107864361699
North Carolina,3 wk ahead,Bin,percent,6.9,7, 0.00328077554051734495560443960
North Carolina,3 wk ahead,Bin,percent,7,7.1, 0.00254041823242960422557512601
North Carolina,3 wk ahead,Bin,percent,7.1,7.2, 0.00192967318143554130913108757
North Carolina,3 wk ahead,Bin,percent,7.2,7.3, 0.00143780343360367171556823962
North Carolina,3 wk ahead,Bin,percent,7.3,7.4, 0.00105085364588023929578730620
North Carolina,3 wk ahead,Bin,percent,7.4,7.5, 0.00075335818949867486889887536
North Carolina,3 wk ahead,Bin,percent,7.5,7.6, 0.00052983607871852919993238551
North Carolina,3 wk ahead,Bin,percent,7.6,7.7, 0.00036552798215828936163537821
North Carolina,3 wk ahead,Bin,percent,7.7,7.8, 0.00024734793545872304533495001
North Carolina,3 wk ahead,Bin,percent,7.8,7.9, 0.00018112675302238794819605083
North Carolina,3 wk ahead,Bin,percent,7.9,8, 0.00017784598163960200437744286
North Carolina,3 wk ahead,Bin,percent,8,8.1, 0.00017784598163960360357564727
North Carolina,3 wk ahead,Bin,percent,8.1,8.2, 0.00017784598163960517566879738
North Carolina,3 wk ahead,Bin,percent,8.2,8.3, 0.00017784598163960517566879738
North Carolina,3 wk ahead,Bin,percent,8.3,8.4, 0.00017784598163960517566879738
North Carolina,3 wk ahead,Bin,percent,8.4,8.5, 0.00017784598163960517566879738
North Carolina,3 wk ahead,Bin,percent,8.5,8.6, 0.00017784598163960517566879738
North Carolina,3 wk ahead,Bin,percent,8.6,8.7, 0.00017784598163960517566879738
North Carolina,3 wk ahead,Bin,percent,8.7,8.8, 0.00017784598163960517566879738
North Carolina,3 wk ahead,Bin,percent,8.8,8.9, 0.00017784598163960517566879738
North Carolina,3 wk ahead,Bin,percent,8.9,9, 0.00017784598163960517566879738
North Carolina,3 wk ahead,Bin,percent,9,9.1, 0.00017784598163960517566879738
North Carolina,3 wk ahead,Bin,percent,9.1,9.2, 0.00017784598163960517566879738
North Carolina,3 wk ahead,Bin,percent,9.2,9.3, 0.00017784598163960517566879738
North Carolina,3 wk ahead,Bin,percent,9.3,9.4, 0.00017784598163960517566879738
North Carolina,3 wk ahead,Bin,percent,9.4,9.5, 0.00017784598163960517566879738
North Carolina,3 wk ahead,Bin,percent,9.5,9.6, 0.00017784598163960517566879738
North Carolina,3 wk ahead,Bin,percent,9.6,9.7, 0.00017784598163960517566879738
North Carolina,3 wk ahead,Bin,percent,9.7,9.8, 0.00017784598163960517566879738
North Carolina,3 wk ahead,Bin,percent,9.8,9.9, 0.00017784598163960517566879738
North Carolina,3 wk ahead,Bin,percent,9.9,10, 0.00017784598163960517566879738
North Carolina,3 wk ahead,Bin,percent,10,10.1, 0.00017784598163960517566879738
North Carolina,3 wk ahead,Bin,percent,10.1,10.2, 0.00017784598163960517566879738
North Carolina,3 wk ahead,Bin,percent,10.2,10.3, 0.00017784598163960517566879738
North Carolina,3 wk ahead,Bin,percent,10.3,10.4, 0.00017784598163960517566879738
North Carolina,3 wk ahead,Bin,percent,10.4,10.5, 0.00017784598163960517566879738
North Carolina,3 wk ahead,Bin,percent,10.5,10.6, 0.00017784598163960517566879738
North Carolina,3 wk ahead,Bin,percent,10.6,10.7, 0.00017784598163960517566879738
North Carolina,3 wk ahead,Bin,percent,10.7,10.8, 0.00017784598163960517566879738
North Carolina,3 wk ahead,Bin,percent,10.8,10.9, 0.00017784598163960517566879738
North Carolina,3 wk ahead,Bin,percent,10.9,11, 0.00017784598163960517566879738
North Carolina,3 wk ahead,Bin,percent,11,11.1, 0.00017784598163960517566879738
North Carolina,3 wk ahead,Bin,percent,11.1,11.2, 0.00017784598163960517566879738
North Carolina,3 wk ahead,Bin,percent,11.2,11.3, 0.00017784598163960517566879738
North Carolina,3 wk ahead,Bin,percent,11.3,11.4, 0.00017784598163960517566879738
North Carolina,3 wk ahead,Bin,percent,11.4,11.5, 0.00017784598163960517566879738
North Carolina,3 wk ahead,Bin,percent,11.5,11.6, 0.00017784598163960517566879738
North Carolina,3 wk ahead,Bin,percent,11.6,11.7, 0.00017784598163960517566879738
North Carolina,3 wk ahead,Bin,percent,11.7,11.8, 0.00017784598163960517566879738
North Carolina,3 wk ahead,Bin,percent,11.8,11.9, 0.00017784598163960517566879738
North Carolina,3 wk ahead,Bin,percent,11.9,12, 0.00017784598163960517566879738
North Carolina,3 wk ahead,Bin,percent,12,12.1, 0.00017784598163960517566879738
North Carolina,3 wk ahead,Bin,percent,12.1,12.2, 0.00017784598163960517566879738
North Carolina,3 wk ahead,Bin,percent,12.2,12.3, 0.00017784598163960517566879738
North Carolina,3 wk ahead,Bin,percent,12.3,12.4, 0.00017784598163960517566879738
North Carolina,3 wk ahead,Bin,percent,12.4,12.5, 0.00017784598163960517566879738
North Carolina,3 wk ahead,Bin,percent,12.5,12.6, 0.00017784598163960517566879738
North Carolina,3 wk ahead,Bin,percent,12.6,12.7, 0.00017784598163960517566879738
North Carolina,3 wk ahead,Bin,percent,12.7,12.8, 0.00017784598163960517566879738
North Carolina,3 wk ahead,Bin,percent,12.8,12.9, 0.00017784598163960517566879738
North Carolina,3 wk ahead,Bin,percent,12.9,13, 0.00017784598163960517566879738
North Carolina,3 wk ahead,Bin,percent,13,100, 0.00017784598163960517566879738
North Carolina,4 wk ahead,Bin,percent,0,0.1, 0.00024031811652070020519922355
North Carolina,4 wk ahead,Bin,percent,0.1,0.2, 0.00076233240729558311623431655
North Carolina,4 wk ahead,Bin,percent,0.2,0.3, 0.00133748435628539214317656025
North Carolina,4 wk ahead,Bin,percent,0.3,0.4, 0.00224570091688871403823313244
North Carolina,4 wk ahead,Bin,percent,0.4,0.5, 0.00360923976297299704471543969
North Carolina,4 wk ahead,Bin,percent,0.5,0.6, 0.00555491506508819666426690631
North Carolina,4 wk ahead,Bin,percent,0.6,0.7, 0.00818940956240453953041136259
North Carolina,4 wk ahead,Bin,percent,0.7,0.8, 0.01157104266433358653876073419
North Carolina,4 wk ahead,Bin,percent,0.8,0.9, 0.01567592496509168445428805683
North Carolina,4 wk ahead,Bin,percent,0.9,1, 0.02037388664606627763919988183
North Carolina,4 wk ahead,Bin,percent,1,1.1, 0.02541721915264878381424118459
North Carolina,4 wk ahead,Bin,percent,1.1,1.2, 0.03045386431353730091742271213
North Carolina,4 wk ahead,Bin,percent,1.2,1.3, 0.03506458188174868539910278287
North Carolina,4 wk ahead,Bin,percent,1.3,1.4, 0.03881873488454619380849663912
North Carolina,4 wk ahead,Bin,percent,1.4,1.5, 0.04134162751259682494486824567
North Carolina,4 wk ahead,Bin,percent,1.5,1.6, 0.04237635297796209232767949970
North Carolina,4 wk ahead,Bin,percent,1.6,1.7, 0.04182439947395418661235666491
North Carolina,4 wk ahead,Bin,percent,1.7,1.8, 0.03976377826771916590420374860
North Carolina,4 wk ahead,Bin,percent,1.8,1.9, 0.03643394208028118141928786144
North Carolina,4 wk ahead,Bin,percent,1.9,2, 0.03219913324124883818866393881
North Carolina,4 wk ahead,Bin,percent,2,2.1, 0.02749190879459950317964533895
North Carolina,4 wk ahead,Bin,percent,2.1,2.2, 0.02275531365238942643758335294
North Carolina,4 wk ahead,Bin,percent,2.2,2.3, 0.01838989602087988048384481488
North Carolina,4 wk ahead,Bin,percent,2.3,2.4, 0.01471340140206547214551946468
North Carolina,4 wk ahead,Bin,percent,2.4,2.5, 0.01193644597038161746238582595
North Carolina,4 wk ahead,Bin,percent,2.5,2.6, 0.01015350521036912853634071041
North Carolina,4 wk ahead,Bin,percent,2.6,2.7, 0.00934737969619136438437223546
North Carolina,4 wk ahead,Bin,percent,2.7,2.8, 0.00939898733937445315933523204
North Carolina,4 wk ahead,Bin,percent,2.8,2.9, 0.01010615714321404755293709599
North Carolina,4 wk ahead,Bin,percent,2.9,3, 0.01120818511482943487245211855
North Carolina,4 wk ahead,Bin,percent,3,3.1, 0.01241731431702811777606498822
North Carolina,4 wk ahead,Bin,percent,3.1,3.2, 0.01345517861647028620697419399
North Carolina,4 wk ahead,Bin,percent,3.2,3.3, 0.01409038185950804017432247406
North Carolina,4 wk ahead,Bin,percent,3.3,3.4, 0.01417136593657484372466015543
North Carolina,4 wk ahead,Bin,percent,3.4,3.5, 0.01364620249050392704337486549
North Carolina,4 wk ahead,Bin,percent,3.5,3.6, 0.01256102557752893089659806947
North Carolina,4 wk ahead,Bin,percent,3.6,3.7, 0.01104417896492015417619914075
North Carolina,4 wk ahead,Bin,percent,3.7,3.8, 0.00927189829081132010912824626
North Carolina,4 wk ahead,Bin,percent,3.8,3.9, 0.00743121648525343816288346588
North Carolina,4 wk ahead,Bin,percent,3.9,4, 0.00568556347814691293712785480
North Carolina,4 wk ahead,Bin,percent,4,4.1, 0.00415264080454936894415407522
North Carolina,4 wk ahead,Bin,percent,4.1,4.2, 0.00289664450320920204007268950
North Carolina,4 wk ahead,Bin,percent,4.2,4.3, 0.00193222388251172803169675163
North Carolina,4 wk ahead,Bin,percent,4.3,4.4, 0.00123880886687465895795723370
North Carolina,4 wk ahead,Bin,percent,4.4,4.5, 0.00077716188499528642691371871
North Carolina,4 wk ahead,Bin,percent,4.5,4.6, 0.00050556555068063458498878182
North Carolina,4 wk ahead,Bin,percent,4.6,4.7, 0.00039280673201802279639188731
North Carolina,4 wk ahead,Bin,percent,4.7,4.8, 0.00042727234774051349279477829
North Carolina,4 wk ahead,Bin,percent,4.8,4.9, 0.00062256206778672860263634803
North Carolina,4 wk ahead,Bin,percent,4.9,5, 0.00101882943835328093271086480
North Carolina,4 wk ahead,Bin,percent,5,5.1, 0.00168097566548235815599154908
North Carolina,4 wk ahead,Bin,percent,5.1,5.2, 0.00268897006036754402519273199
North Carolina,4 wk ahead,Bin,percent,5.2,5.3, 0.00412376597059895509678195680
North Carolina,4 wk ahead,Bin,percent,5.3,5.4, 0.00604350803164873523476430250
North Carolina,4 wk ahead,Bin,percent,5.4,5.5, 0.00845719187372498751309457532
North Carolina,4 wk ahead,Bin,percent,5.5,5.6, 0.01129666351235241068817760635
North Carolina,4 wk ahead,Bin,percent,5.6,5.7, 0.01440299297218773817708115104
North Carolina,4 wk ahead,Bin,percent,5.7,5.8, 0.01752798579385148741716093923
North Carolina,4 wk ahead,Bin,percent,5.8,5.9, 0.02036035390477013498622405052
North Carolina,4 wk ahead,Bin,percent,5.9,6, 0.02257393250684345403778152672
North Carolina,4 wk ahead,Bin,percent,6,6.1, 0.02388934302686408772675719092
North Carolina,4 wk ahead,Bin,percent,6.1,6.2, 0.02413109748587143055242876244
North Carolina,4 wk ahead,Bin,percent,6.2,6.3, 0.02326649675587480134431039858
North Carolina,4 wk ahead,Bin,percent,6.3,6.4, 0.02141077749562644502723252060
North Carolina,4 wk ahead,Bin,percent,6.4,6.5, 0.01880683653036971381133923842
North Carolina,4 wk ahead,Bin,percent,6.5,6.6, 0.01576786065811930370728077833
North Carolina,4 wk ahead,Bin,percent,6.6,6.7, 0.01261831847815337442897387632
North Carolina,4 wk ahead,Bin,percent,6.7,6.8, 0.00963844382609527032534924018
North Carolina,4 wk ahead,Bin,percent,6.8,6.9, 0.00702718508091839267476474973
North Carolina,4 wk ahead,Bin,percent,6.9,7, 0.00489031624321346891637318777
North Carolina,4 wk ahead,Bin,percent,7,7.1, 0.00324815777921393534360960942
North Carolina,4 wk ahead,Bin,percent,7.1,7.2, 0.00205923233569164573775189808
North Carolina,4 wk ahead,Bin,percent,7.2,7.3, 0.00124611063846325788306845794
North Carolina,4 wk ahead,Bin,percent,7.3,7.4, 0.00071979486213420500965304294
North Carolina,4 wk ahead,Bin,percent,7.4,7.5, 0.00039684155566745496490632661
North Carolina,4 wk ahead,Bin,percent,7.5,7.6, 0.00027247854368713783418040619
North Carolina,4 wk ahead,Bin,percent,7.6,7.7, 0.00027200832224104413937723623
North Carolina,4 wk ahead,Bin,percent,7.7,7.8, 0.00027200832224104413937723623
North Carolina,4 wk ahead,Bin,percent,7.8,7.9, 0.00027200832224104413937723623
North Carolina,4 wk ahead,Bin,percent,7.9,8, 0.00027200832224104413937723623
North Carolina,4 wk ahead,Bin,percent,8,8.1, 0.00027200832224104652462201570
North Carolina,4 wk ahead,Bin,percent,8.1,8.2, 0.00027200832224104901828701242
North Carolina,4 wk ahead,Bin,percent,8.2,8.3, 0.00027200832224104901828701242
North Carolina,4 wk ahead,Bin,percent,8.3,8.4, 0.00027200832224104901828701242
North Carolina,4 wk ahead,Bin,percent,8.4,8.5, 0.00027200832224104901828701242
North Carolina,4 wk ahead,Bin,percent,8.5,8.6, 0.00027200832224104901828701242
North Carolina,4 wk ahead,Bin,percent,8.6,8.7, 0.00027200832224104901828701242
North Carolina,4 wk ahead,Bin,percent,8.7,8.8, 0.00027200832224104901828701242
North Carolina,4 wk ahead,Bin,percent,8.8,8.9, 0.00027200832224104901828701242
North Carolina,4 wk ahead,Bin,percent,8.9,9, 0.00027200832224104901828701242
North Carolina,4 wk ahead,Bin,percent,9,9.1, 0.00027200832224104901828701242
North Carolina,4 wk ahead,Bin,percent,9.1,9.2, 0.00027200832224104901828701242
North Carolina,4 wk ahead,Bin,percent,9.2,9.3, 0.00027200832224104901828701242
North Carolina,4 wk ahead,Bin,percent,9.3,9.4, 0.00027200832224104901828701242
North Carolina,4 wk ahead,Bin,percent,9.4,9.5, 0.00027200832224104901828701242
North Carolina,4 wk ahead,Bin,percent,9.5,9.6, 0.00027200832224104901828701242
North Carolina,4 wk ahead,Bin,percent,9.6,9.7, 0.00027200832224104901828701242
North Carolina,4 wk ahead,Bin,percent,9.7,9.8, 0.00027200832224104901828701242
North Carolina,4 wk ahead,Bin,percent,9.8,9.9, 0.00027200832224104901828701242
North Carolina,4 wk ahead,Bin,percent,9.9,10, 0.00027200832224104901828701242
North Carolina,4 wk ahead,Bin,percent,10,10.1, 0.00027200832224104901828701242
North Carolina,4 wk ahead,Bin,percent,10.1,10.2, 0.00027200832224104901828701242
North Carolina,4 wk ahead,Bin,percent,10.2,10.3, 0.00027200832224104901828701242
North Carolina,4 wk ahead,Bin,percent,10.3,10.4, 0.00027200832224104901828701242
North Carolina,4 wk ahead,Bin,percent,10.4,10.5, 0.00027200832224104901828701242
North Carolina,4 wk ahead,Bin,percent,10.5,10.6, 0.00027200832224104901828701242
North Carolina,4 wk ahead,Bin,percent,10.6,10.7, 0.00027200832224104901828701242
North Carolina,4 wk ahead,Bin,percent,10.7,10.8, 0.00027200832224104901828701242
North Carolina,4 wk ahead,Bin,percent,10.8,10.9, 0.00027200832224104901828701242
North Carolina,4 wk ahead,Bin,percent,10.9,11, 0.00027200832224104901828701242
North Carolina,4 wk ahead,Bin,percent,11,11.1, 0.00027200832224104901828701242
North Carolina,4 wk ahead,Bin,percent,11.1,11.2, 0.00027200832224104901828701242
North Carolina,4 wk ahead,Bin,percent,11.2,11.3, 0.00027200832224104901828701242
North Carolina,4 wk ahead,Bin,percent,11.3,11.4, 0.00027200832224104901828701242
North Carolina,4 wk ahead,Bin,percent,11.4,11.5, 0.00027200832224104901828701242
North Carolina,4 wk ahead,Bin,percent,11.5,11.6, 0.00027200832224104901828701242
North Carolina,4 wk ahead,Bin,percent,11.6,11.7, 0.00027200832224104901828701242
North Carolina,4 wk ahead,Bin,percent,11.7,11.8, 0.00027200832224104901828701242
North Carolina,4 wk ahead,Bin,percent,11.8,11.9, 0.00027200832224104901828701242
North Carolina,4 wk ahead,Bin,percent,11.9,12, 0.00027200832224104901828701242
North Carolina,4 wk ahead,Bin,percent,12,12.1, 0.00027200832224104901828701242
North Carolina,4 wk ahead,Bin,percent,12.1,12.2, 0.00027200832224104901828701242
North Carolina,4 wk ahead,Bin,percent,12.2,12.3, 0.00027200832224104901828701242
North Carolina,4 wk ahead,Bin,percent,12.3,12.4, 0.00027200832224104901828701242
North Carolina,4 wk ahead,Bin,percent,12.4,12.5, 0.00027200832224104901828701242
North Carolina,4 wk ahead,Bin,percent,12.5,12.6, 0.00027200832224104901828701242
North Carolina,4 wk ahead,Bin,percent,12.6,12.7, 0.00027200832224104901828701242
North Carolina,4 wk ahead,Bin,percent,12.7,12.8, 0.00027200832224104901828701242
North Carolina,4 wk ahead,Bin,percent,12.8,12.9, 0.00027200832224104901828701242
North Carolina,4 wk ahead,Bin,percent,12.9,13, 0.00027200832224104901828701242
North Carolina,4 wk ahead,Bin,percent,13,100, 0.00027200832224104901828701242
Montana,Season peak week,Bin,week,40,41, 0.00055229298726093990073993112
Montana,Season peak week,Bin,week,41,42, 0.00055229298726093990073993112
Montana,Season peak week,Bin,week,42,43, 0.00055229298726093990073993112
Montana,Season peak week,Bin,week,43,44, 0.00055229298726093990073993112
Montana,Season peak week,Bin,week,44,45, 0.00070592531998431285161083037
Montana,Season peak week,Bin,week,45,46, 0.00183848782000643924672278473
Montana,Season peak week,Bin,week,46,47, 0.00441795480943070213025736237
Montana,Season peak week,Bin,week,47,48, 0.00930773882606917082882524994
Montana,Season peak week,Bin,week,48,49, 0.01721683872197814560434103726
Montana,Season peak week,Bin,week,49,50, 0.02802009409003051662589989235
Montana,Season peak week,Bin,week,50,51, 0.04025829892895112921413769413
Montana,Season peak week,Bin,week,51,52, 0.05133373248606602767818429811
Montana,Season peak week,Bin,week,52,53, 0.05858304971381324971479997998
Montana,Season peak week,Bin,week,1,2, 0.06065834478602322166196358921
Montana,Season peak week,Bin,week,2,3, 0.05826218827130560246052581874
Montana,Season peak week,Bin,week,3,4, 0.05375249231677683980912263451
Montana,Season peak week,Bin,week,4,5, 0.04998241414615838679180725990
Montana,Season peak week,Bin,week,5,6, 0.04912909553981625876417638210
Montana,Season peak week,Bin,week,6,7, 0.05197464574566280914869054186
Montana,Season peak week,Bin,week,7,8, 0.05768684988058075252537193478
Montana,Season peak week,Bin,week,8,9, 0.06406282376379057730275690119
Montana,Season peak week,Bin,week,9,10, 0.06824804258778731369528003370
Montana,Season peak week,Bin,week,10,11, 0.06780860244447310669624329194
Montana,Season peak week,Bin,week,11,12, 0.06175666923608308378490505675
Montana,Season peak week,Bin,week,12,13, 0.05099257496702972597413250355
Montana,Season peak week,Bin,week,13,14, 0.03787836712112090109538797833
Montana,Season peak week,Bin,week,14,15, 0.02516243316200149696126864285
Montana,Season peak week,Bin,week,15,16, 0.01487667199024613091939972520
Montana,Season peak week,Bin,week,16,17, 0.00779721729732246564281705759
Montana,Season peak week,Bin,week,17,18, 0.00361154876942676450468638905
Montana,Season peak week,Bin,week,18,19, 0.00147452336329489865768271883
Montana,Season peak week,Bin,week,19,20, 0.00055802622744667411142788227
Montana,Season peak week,Bin,week,20,21, 0.00043517571827951799685874068
Montana,Season peak percentage,Bin,percent,0,0.1, 0.00019247658393552264841606936
Montana,Season peak percentage,Bin,percent,0.1,0.2, 0.00038495316787104535104224734
Montana,Season peak percentage,Bin,percent,0.2,0.3, 0.00038495316787104518841192147
Montana,Season peak percentage,Bin,percent,0.3,0.4, 0.00040265265027951006914300192
Montana,Season peak percentage,Bin,percent,0.4,0.5, 0.00096084908094448728040765095
Montana,Season peak percentage,Bin,percent,0.5,0.6, 0.00262247097470224600768151646
Montana,Season peak percentage,Bin,percent,0.6,0.7, 0.00622786338246548824837400815
Montana,Season peak percentage,Bin,percent,0.7,0.8, 0.01288983588029988906764611301
Montana,Season peak percentage,Bin,percent,0.8,0.9, 0.02330212852360883865610041710
Montana,Season peak percentage,Bin,percent,0.9,1, 0.03689165631181971771734851018
Montana,Season peak percentage,Bin,percent,1,1.1, 0.05131377243837727947228799508
Montana,Season peak percentage,Bin,percent,1.1,1.2, 0.06294571926362606262284060676
Montana,Season peak percentage,Bin,percent,1.2,1.3, 0.06839739744316930547540778207
Montana,Season peak percentage,Bin,percent,1.3,1.4, 0.06618677321373742095111936123
Montana,Season peak percentage,Bin,percent,1.4,1.5, 0.05749722654523427289863235501
Montana,Season peak percentage,Bin,percent,1.5,1.6, 0.04552588716174000432745927469
Montana,Season peak percentage,Bin,percent,1.6,1.7, 0.03394715092955655211248711112
Montana,Season peak percentage,Bin,percent,1.7,1.8, 0.02534253011779732250863261811
Montana,Season peak percentage,Bin,percent,1.8,1.9, 0.02036351003675957241356719862
Montana,Season peak percentage,Bin,percent,1.9,2, 0.01793960414114745965941111194
Montana,Season peak percentage,Bin,percent,2,2.1, 0.01628280258394024931911658882
Montana,Season peak percentage,Bin,percent,2.1,2.2, 0.01404524869496710445804232847
Montana,Season peak percentage,Bin,percent,2.2,2.3, 0.01092510757484855231369547113
Montana,Season peak percentage,Bin,percent,2.3,2.4, 0.00747128878282060822357824037
Montana,Season peak percentage,Bin,percent,2.4,2.5, 0.00444362522539895783701968668
Montana,Season peak percentage,Bin,percent,2.5,2.6, 0.00228843739157733603098443531
Montana,Season peak percentage,Bin,percent,2.6,2.7, 0.00101860824497454591393286183
Montana,Season peak percentage,Bin,percent,2.7,2.8, 0.00039154397459961797021282814
Montana,Season peak percentage,Bin,percent,2.8,2.9, 0.00012996202774913947998111641
Montana,Season peak percentage,Bin,percent,2.9,3, 0.00003724104592830834145654809
Montana,Season peak percentage,Bin,percent,3,3.1, 0.00000920966135544683846129218
Montana,Season peak percentage,Bin,percent,3.1,3.2, 0.00000196569317547264014702435
Montana,Season peak percentage,Bin,percent,3.2,3.3, 0.00000036260037461981181741911
Montana,Season peak percentage,Bin,percent,3.3,3.4, 0.00000006126278028193954216070
Montana,Season peak percentage,Bin,percent,3.4,3.5, 0.00000003856214384518718377503
Montana,Season peak percentage,Bin,percent,3.5,3.6, 0.00000022415818500995067567806
Montana,Season peak percentage,Bin,percent,3.6,3.7, 0.00000140280455729967607604949
Montana,Season peak percentage,Bin,percent,3.7,3.8, 0.00000761269650893170533851153
Montana,Season peak percentage,Bin,percent,3.8,3.9, 0.00003565349825531191331430200
Montana,Season peak percentage,Bin,percent,3.9,4, 0.00014407476972524269455758206
Montana,Season peak percentage,Bin,percent,4,4.1, 0.00050268695459262360738378339
Montana,Season peak percentage,Bin,percent,4.1,4.2, 0.00151410019094001509556979279
Montana,Season peak percentage,Bin,percent,4.2,4.3, 0.00393668802413363327907802613
Montana,Season peak percentage,Bin,percent,4.3,4.4, 0.00883456931345555189494245241
Montana,Season peak percentage,Bin,percent,4.4,4.5, 0.01711767105740899172494628999
Montana,Season peak percentage,Bin,percent,4.5,4.6, 0.02863222816072669152376306556
Montana,Season peak percentage,Bin,percent,4.6,4.7, 0.04134509070324968865728365586
Montana,Season peak percentage,Bin,percent,4.7,4.8, 0.05154363087281424449237476892
Montana,Season peak percentage,Bin,percent,4.8,4.9, 0.05547343625813527800971769466
Montana,Season peak percentage,Bin,percent,4.9,5, 0.05154333316956696831034889783
Montana,Season peak percentage,Bin,percent,5,5.1, 0.04134556493397746612661336485
Montana,Season peak percentage,Bin,percent,5.1,5.2, 0.02863231981986688948205177496
Montana,Season peak percentage,Bin,percent,5.2,5.3, 0.01711768954561657465895940788
Montana,Season peak percentage,Bin,percent,5.3,5.4, 0.00883489307217372003833144589
Montana,Season peak percentage,Bin,percent,5.4,5.5, 0.00393632132188456371202356365
Montana,Season peak percentage,Bin,percent,5.5,5.6, 0.00151398345789554157440892634
Montana,Season peak percentage,Bin,percent,5.6,5.7, 0.00065707855668746290456888604
Montana,Season peak percentage,Bin,percent,5.7,5.8, 0.00062925449078465617736705129
Montana,Season peak percentage,Bin,percent,5.8,5.9, 0.00062925449078465617736705129
Montana,Season peak percentage,Bin,percent,5.9,6, 0.00062925449078465617736705129
Montana,Season peak percentage,Bin,percent,6,6.1, 0.00062925449078465617736705129
Montana,Season peak percentage,Bin,percent,6.1,6.2, 0.00062925449078465617736705129
Montana,Season peak percentage,Bin,percent,6.2,6.3, 0.00062925449078465617736705129
Montana,Season peak percentage,Bin,percent,6.3,6.4, 0.00062925449078465617736705129
Montana,Season peak percentage,Bin,percent,6.4,6.5, 0.00062925449078465617736705129
Montana,Season peak percentage,Bin,percent,6.5,6.6, 0.00062925449078465617736705129
Montana,Season peak percentage,Bin,percent,6.6,6.7, 0.00062925449078465617736705129
Montana,Season peak percentage,Bin,percent,6.7,6.8, 0.00062925449078465617736705129
Montana,Season peak percentage,Bin,percent,6.8,6.9, 0.00062925449078465617736705129
Montana,Season peak percentage,Bin,percent,6.9,7, 0.00062925449078465617736705129
Montana,Season peak percentage,Bin,percent,7,7.1, 0.00062925449078465617736705129
Montana,Season peak percentage,Bin,percent,7.1,7.2, 0.00062925449078465617736705129
Montana,Season peak percentage,Bin,percent,7.2,7.3, 0.00062925449078465617736705129
Montana,Season peak percentage,Bin,percent,7.3,7.4, 0.00062925449078465617736705129
Montana,Season peak percentage,Bin,percent,7.4,7.5, 0.00062925449078465617736705129
Montana,Season peak percentage,Bin,percent,7.5,7.6, 0.00062925449078465617736705129
Montana,Season peak percentage,Bin,percent,7.6,7.7, 0.00062925449078465617736705129
Montana,Season peak percentage,Bin,percent,7.7,7.8, 0.00062925449078465617736705129
Montana,Season peak percentage,Bin,percent,7.8,7.9, 0.00062925449078465617736705129
Montana,Season peak percentage,Bin,percent,7.9,8, 0.00062925449078465617736705129
Montana,Season peak percentage,Bin,percent,8,8.1, 0.00062925449078466170679813096
Montana,Season peak percentage,Bin,percent,8.1,8.2, 0.00062925449078466723622921064
Montana,Season peak percentage,Bin,percent,8.2,8.3, 0.00062925449078466723622921064
Montana,Season peak percentage,Bin,percent,8.3,8.4, 0.00062925449078466723622921064
Montana,Season peak percentage,Bin,percent,8.4,8.5, 0.00062925449078466723622921064
Montana,Season peak percentage,Bin,percent,8.5,8.6, 0.00062925449078466723622921064
Montana,Season peak percentage,Bin,percent,8.6,8.7, 0.00062925449078466723622921064
Montana,Season peak percentage,Bin,percent,8.7,8.8, 0.00062925449078466723622921064
Montana,Season peak percentage,Bin,percent,8.8,8.9, 0.00062925449078466723622921064
Montana,Season peak percentage,Bin,percent,8.9,9, 0.00062925449078466723622921064
Montana,Season peak percentage,Bin,percent,9,9.1, 0.00062925449078466723622921064
Montana,Season peak percentage,Bin,percent,9.1,9.2, 0.00062925449078466723622921064
Montana,Season peak percentage,Bin,percent,9.2,9.3, 0.00062925449078466723622921064
Montana,Season peak percentage,Bin,percent,9.3,9.4, 0.00062925449078466723622921064
Montana,Season peak percentage,Bin,percent,9.4,9.5, 0.00062925449078466723622921064
Montana,Season peak percentage,Bin,percent,9.5,9.6, 0.00062925449078466723622921064
Montana,Season peak percentage,Bin,percent,9.6,9.7, 0.00062925449078466723622921064
Montana,Season peak percentage,Bin,percent,9.7,9.8, 0.00062925449078466723622921064
Montana,Season peak percentage,Bin,percent,9.8,9.9, 0.00062925449078466723622921064
Montana,Season peak percentage,Bin,percent,9.9,10, 0.00062925449078466723622921064
Montana,Season peak percentage,Bin,percent,10,10.1, 0.00062925449078466723622921064
Montana,Season peak percentage,Bin,percent,10.1,10.2, 0.00062925449078466723622921064
Montana,Season peak percentage,Bin,percent,10.2,10.3, 0.00062925449078466723622921064
Montana,Season peak percentage,Bin,percent,10.3,10.4, 0.00062925449078466723622921064
Montana,Season peak percentage,Bin,percent,10.4,10.5, 0.00062925449078466723622921064
Montana,Season peak percentage,Bin,percent,10.5,10.6, 0.00062925449078466723622921064
Montana,Season peak percentage,Bin,percent,10.6,10.7, 0.00062925449078466723622921064
Montana,Season peak percentage,Bin,percent,10.7,10.8, 0.00062925449078466723622921064
Montana,Season peak percentage,Bin,percent,10.8,10.9, 0.00062925449078466723622921064
Montana,Season peak percentage,Bin,percent,10.9,11, 0.00062925449078466723622921064
Montana,Season peak percentage,Bin,percent,11,11.1, 0.00062925449078466723622921064
Montana,Season peak percentage,Bin,percent,11.1,11.2, 0.00062925449078466723622921064
Montana,Season peak percentage,Bin,percent,11.2,11.3, 0.00062925449078466723622921064
Montana,Season peak percentage,Bin,percent,11.3,11.4, 0.00062925449078466723622921064
Montana,Season peak percentage,Bin,percent,11.4,11.5, 0.00062925449078466723622921064
Montana,Season peak percentage,Bin,percent,11.5,11.6, 0.00062925449078466723622921064
Montana,Season peak percentage,Bin,percent,11.6,11.7, 0.00062925449078466723622921064
Montana,Season peak percentage,Bin,percent,11.7,11.8, 0.00062925449078466723622921064
Montana,Season peak percentage,Bin,percent,11.8,11.9, 0.00062925449078466723622921064
Montana,Season peak percentage,Bin,percent,11.9,12, 0.00062925449078466723622921064
Montana,Season peak percentage,Bin,percent,12,12.1, 0.00062925449078466723622921064
Montana,Season peak percentage,Bin,percent,12.1,12.2, 0.00062925449078466723622921064
Montana,Season peak percentage,Bin,percent,12.2,12.3, 0.00062925449078466723622921064
Montana,Season peak percentage,Bin,percent,12.3,12.4, 0.00062925449078466723622921064
Montana,Season peak percentage,Bin,percent,12.4,12.5, 0.00062925449078466723622921064
Montana,Season peak percentage,Bin,percent,12.5,12.6, 0.00062925449078466723622921064
Montana,Season peak percentage,Bin,percent,12.6,12.7, 0.00062925449078466723622921064
Montana,Season peak percentage,Bin,percent,12.7,12.8, 0.00062925449078466723622921064
Montana,Season peak percentage,Bin,percent,12.8,12.9, 0.00062925449078466723622921064
Montana,Season peak percentage,Bin,percent,12.9,13, 0.00062925449078466723622921064
Montana,Season peak percentage,Bin,percent,13,100, 0.00062925449078466723622921064
Montana,1 wk ahead,Bin,percent,0,0.1, 0.02017833322757234607025544904
Montana,1 wk ahead,Bin,percent,0.1,0.2, 0.04487615097024103688605478624
Montana,1 wk ahead,Bin,percent,0.2,0.3, 0.04881088941866301017524776285
Montana,1 wk ahead,Bin,percent,0.3,0.4, 0.05019692090510079890419703474
Montana,1 wk ahead,Bin,percent,0.4,0.5, 0.04981760739945315791254998317
Montana,1 wk ahead,Bin,percent,0.5,0.6, 0.04908313432194007924769252327
Montana,1 wk ahead,Bin,percent,0.6,0.7, 0.04941592887182515159150142381
Montana,1 wk ahead,Bin,percent,0.7,0.8, 0.05159928039289849582837987896
Montana,1 wk ahead,Bin,percent,0.8,0.9, 0.05542447462790523610154380663
Montana,1 wk ahead,Bin,percent,0.9,1, 0.05980547777126859337881725764
Montana,1 wk ahead,Bin,percent,1,1.1, 0.06327986210347665008146833543
Montana,1 wk ahead,Bin,percent,1.1,1.2, 0.06462132508351013659986250559
Montana,1 wk ahead,Bin,percent,1.2,1.3, 0.06326003067396769596886230147
Montana,1 wk ahead,Bin,percent,1.3,1.4, 0.05935586591151521818066072456
Montana,1 wk ahead,Bin,percent,1.4,1.5, 0.05356488447301969296754364791
Montana,1 wk ahead,Bin,percent,1.5,1.6, 0.04669550923181065016365209885
Montana,1 wk ahead,Bin,percent,1.6,1.7, 0.03944387269457957229112921027
Montana,1 wk ahead,Bin,percent,1.7,1.8, 0.03229377507989505957652909274
Montana,1 wk ahead,Bin,percent,1.8,1.9, 0.02555311064028414555493462501
Montana,1 wk ahead,Bin,percent,1.9,2, 0.01943569488687966681506047451
Montana,1 wk ahead,Bin,percent,2,2.1, 0.01411371965590120514111305283
Montana,1 wk ahead,Bin,percent,2.1,2.2, 0.00971715867507725282459229987
Montana,1 wk ahead,Bin,percent,2.2,2.3, 0.00630250331495174880708232124
Montana,1 wk ahead,Bin,percent,2.3,2.4, 0.00383002908888377706017602797
Montana,1 wk ahead,Bin,percent,2.4,2.5, 0.00217130226326911002568409437
Montana,1 wk ahead,Bin,percent,2.5,2.6, 0.00114436661452306845908333255
Montana,1 wk ahead,Bin,percent,2.6,2.7, 0.00055916592628521631213461829
Montana,1 wk ahead,Bin,percent,2.7,2.8, 0.00025278240897403628402451137
Montana,1 wk ahead,Bin,percent,2.8,2.9, 0.00014813349888105931963754036
Montana,1 wk ahead,Bin,percent,2.9,3, 0.00014753637124948054400001840
Montana,1 wk ahead,Bin,percent,3,3.1, 0.00014753637124948054400001840
Montana,1 wk ahead,Bin,percent,3.1,3.2, 0.00014753637124948054400001840
Montana,1 wk ahead,Bin,percent,3.2,3.3, 0.00014753637124948054400001840
Montana,1 wk ahead,Bin,percent,3.3,3.4, 0.00014753637124948054400001840
Montana,1 wk ahead,Bin,percent,3.4,3.5, 0.00014753637124948054400001840
Montana,1 wk ahead,Bin,percent,3.5,3.6, 0.00014753637124948054400001840
Montana,1 wk ahead,Bin,percent,3.6,3.7, 0.00014753637124948054400001840
Montana,1 wk ahead,Bin,percent,3.7,3.8, 0.00014753637124948054400001840
Montana,1 wk ahead,Bin,percent,3.8,3.9, 0.00014753637124948054400001840
Montana,1 wk ahead,Bin,percent,3.9,4, 0.00014753637124948054400001840
Montana,1 wk ahead,Bin,percent,4,4.1, 0.00014753637124948054400001840
Montana,1 wk ahead,Bin,percent,4.1,4.2, 0.00014753637124948054400001840
Montana,1 wk ahead,Bin,percent,4.2,4.3, 0.00014753637124948054400001840
Montana,1 wk ahead,Bin,percent,4.3,4.4, 0.00014753637124948054400001840
Montana,1 wk ahead,Bin,percent,4.4,4.5, 0.00014753637124948054400001840
Montana,1 wk ahead,Bin,percent,4.5,4.6, 0.00014753637124948054400001840
Montana,1 wk ahead,Bin,percent,4.6,4.7, 0.00014753637124948054400001840
Montana,1 wk ahead,Bin,percent,4.7,4.8, 0.00014753637124948054400001840
Montana,1 wk ahead,Bin,percent,4.8,4.9, 0.00014753637124948054400001840
Montana,1 wk ahead,Bin,percent,4.9,5, 0.00014753637124948054400001840
Montana,1 wk ahead,Bin,percent,5,5.1, 0.00014753637124948054400001840
Montana,1 wk ahead,Bin,percent,5.1,5.2, 0.00014753637124948054400001840
Montana,1 wk ahead,Bin,percent,5.2,5.3, 0.00014753637124948054400001840
Montana,1 wk ahead,Bin,percent,5.3,5.4, 0.00014753637124948054400001840
Montana,1 wk ahead,Bin,percent,5.4,5.5, 0.00014753637124948054400001840
Montana,1 wk ahead,Bin,percent,5.5,5.6, 0.00014753637124948054400001840
Montana,1 wk ahead,Bin,percent,5.6,5.7, 0.00014753637124948054400001840
Montana,1 wk ahead,Bin,percent,5.7,5.8, 0.00014753637124948054400001840
Montana,1 wk ahead,Bin,percent,5.8,5.9, 0.00014753637124948054400001840
Montana,1 wk ahead,Bin,percent,5.9,6, 0.00014753637124948054400001840
Montana,1 wk ahead,Bin,percent,6,6.1, 0.00014753637124948054400001840
Montana,1 wk ahead,Bin,percent,6.1,6.2, 0.00014753637124948054400001840
Montana,1 wk ahead,Bin,percent,6.2,6.3, 0.00014753637124948054400001840
Montana,1 wk ahead,Bin,percent,6.3,6.4, 0.00014753637124948054400001840
Montana,1 wk ahead,Bin,percent,6.4,6.5, 0.00014753637124948054400001840
Montana,1 wk ahead,Bin,percent,6.5,6.6, 0.00014753637124948054400001840
Montana,1 wk ahead,Bin,percent,6.6,6.7, 0.00014753637124948054400001840
Montana,1 wk ahead,Bin,percent,6.7,6.8, 0.00014753637124948054400001840
Montana,1 wk ahead,Bin,percent,6.8,6.9, 0.00014753637124948054400001840
Montana,1 wk ahead,Bin,percent,6.9,7, 0.00014753637124948054400001840
Montana,1 wk ahead,Bin,percent,7,7.1, 0.00014753637124948054400001840
Montana,1 wk ahead,Bin,percent,7.1,7.2, 0.00014753637124948054400001840
Montana,1 wk ahead,Bin,percent,7.2,7.3, 0.00014753637124948054400001840
Montana,1 wk ahead,Bin,percent,7.3,7.4, 0.00014753637124948054400001840
Montana,1 wk ahead,Bin,percent,7.4,7.5, 0.00014753637124948054400001840
Montana,1 wk ahead,Bin,percent,7.5,7.6, 0.00014753637124948054400001840
Montana,1 wk ahead,Bin,percent,7.6,7.7, 0.00014753637124948054400001840
Montana,1 wk ahead,Bin,percent,7.7,7.8, 0.00014753637124948054400001840
Montana,1 wk ahead,Bin,percent,7.8,7.9, 0.00014753637124948054400001840
Montana,1 wk ahead,Bin,percent,7.9,8, 0.00014753637124948054400001840
Montana,1 wk ahead,Bin,percent,8,8.1, 0.00014753637124948184504262538
Montana,1 wk ahead,Bin,percent,8.1,8.2, 0.00014753637124948314608523237
Montana,1 wk ahead,Bin,percent,8.2,8.3, 0.00014753637124948314608523237
Montana,1 wk ahead,Bin,percent,8.3,8.4, 0.00014753637124948314608523237
Montana,1 wk ahead,Bin,percent,8.4,8.5, 0.00014753637124948314608523237
Montana,1 wk ahead,Bin,percent,8.5,8.6, 0.00014753637124948314608523237
Montana,1 wk ahead,Bin,percent,8.6,8.7, 0.00014753637124948314608523237
Montana,1 wk ahead,Bin,percent,8.7,8.8, 0.00014753637124948314608523237
Montana,1 wk ahead,Bin,percent,8.8,8.9, 0.00014753637124948314608523237
Montana,1 wk ahead,Bin,percent,8.9,9, 0.00014753637124948314608523237
Montana,1 wk ahead,Bin,percent,9,9.1, 0.00014753637124948314608523237
Montana,1 wk ahead,Bin,percent,9.1,9.2, 0.00014753637124948314608523237
Montana,1 wk ahead,Bin,percent,9.2,9.3, 0.00014753637124948314608523237
Montana,1 wk ahead,Bin,percent,9.3,9.4, 0.00014753637124948314608523237
Montana,1 wk ahead,Bin,percent,9.4,9.5, 0.00014753637124948314608523237
Montana,1 wk ahead,Bin,percent,9.5,9.6, 0.00014753637124948314608523237
Montana,1 wk ahead,Bin,percent,9.6,9.7, 0.00014753637124948314608523237
Montana,1 wk ahead,Bin,percent,9.7,9.8, 0.00014753637124948314608523237
Montana,1 wk ahead,Bin,percent,9.8,9.9, 0.00014753637124948314608523237
Montana,1 wk ahead,Bin,percent,9.9,10, 0.00014753637124948314608523237
Montana,1 wk ahead,Bin,percent,10,10.1, 0.00014753637124948314608523237
Montana,1 wk ahead,Bin,percent,10.1,10.2, 0.00014753637124948314608523237
Montana,1 wk ahead,Bin,percent,10.2,10.3, 0.00014753637124948314608523237
Montana,1 wk ahead,Bin,percent,10.3,10.4, 0.00014753637124948314608523237
Montana,1 wk ahead,Bin,percent,10.4,10.5, 0.00014753637124948314608523237
Montana,1 wk ahead,Bin,percent,10.5,10.6, 0.00014753637124948314608523237
Montana,1 wk ahead,Bin,percent,10.6,10.7, 0.00014753637124948314608523237
Montana,1 wk ahead,Bin,percent,10.7,10.8, 0.00014753637124948314608523237
Montana,1 wk ahead,Bin,percent,10.8,10.9, 0.00014753637124948314608523237
Montana,1 wk ahead,Bin,percent,10.9,11, 0.00014753637124948314608523237
Montana,1 wk ahead,Bin,percent,11,11.1, 0.00014753637124948314608523237
Montana,1 wk ahead,Bin,percent,11.1,11.2, 0.00014753637124948314608523237
Montana,1 wk ahead,Bin,percent,11.2,11.3, 0.00014753637124948314608523237
Montana,1 wk ahead,Bin,percent,11.3,11.4, 0.00014753637124948314608523237
Montana,1 wk ahead,Bin,percent,11.4,11.5, 0.00014753637124948314608523237
Montana,1 wk ahead,Bin,percent,11.5,11.6, 0.00014753637124948314608523237
Montana,1 wk ahead,Bin,percent,11.6,11.7, 0.00014753637124948314608523237
Montana,1 wk ahead,Bin,percent,11.7,11.8, 0.00014753637124948314608523237
Montana,1 wk ahead,Bin,percent,11.8,11.9, 0.00014753637124948314608523237
Montana,1 wk ahead,Bin,percent,11.9,12, 0.00014753637124948314608523237
Montana,1 wk ahead,Bin,percent,12,12.1, 0.00014753637124948314608523237
Montana,1 wk ahead,Bin,percent,12.1,12.2, 0.00014753637124948314608523237
Montana,1 wk ahead,Bin,percent,12.2,12.3, 0.00014753637124948314608523237
Montana,1 wk ahead,Bin,percent,12.3,12.4, 0.00014753637124948314608523237
Montana,1 wk ahead,Bin,percent,12.4,12.5, 0.00014753637124948314608523237
Montana,1 wk ahead,Bin,percent,12.5,12.6, 0.00014753637124948314608523237
Montana,1 wk ahead,Bin,percent,12.6,12.7, 0.00014753637124948314608523237
Montana,1 wk ahead,Bin,percent,12.7,12.8, 0.00014753637124948314608523237
Montana,1 wk ahead,Bin,percent,12.8,12.9, 0.00014753637124948314608523237
Montana,1 wk ahead,Bin,percent,12.9,13, 0.00014753637124948314608523237
Montana,1 wk ahead,Bin,percent,13,100, 0.00014753637124948314608523237
Montana,2 wk ahead,Bin,percent,0,0.1, 0.02580222788729007177277452456
Montana,2 wk ahead,Bin,percent,0.1,0.2, 0.05737722732232509309513446283
Montana,2 wk ahead,Bin,percent,0.2,0.3, 0.06401794569827840009068609106
Montana,2 wk ahead,Bin,percent,0.3,0.4, 0.06893639974005569270865123599
Montana,2 wk ahead,Bin,percent,0.4,0.5, 0.07177639451201472953201232485
Montana,2 wk ahead,Bin,percent,0.5,0.6, 0.07240506460341708527828075148
Montana,2 wk ahead,Bin,percent,0.6,0.7, 0.07092284223444203505870575555
Montana,2 wk ahead,Bin,percent,0.7,0.8, 0.06763396824160045062157564644
Montana,2 wk ahead,Bin,percent,0.8,0.9, 0.06298672357044954317473184346
Montana,2 wk ahead,Bin,percent,0.9,1, 0.05749394766899327408049558130
Montana,2 wk ahead,Bin,percent,1,1.1, 0.05165409548312855508855889752
Montana,2 wk ahead,Bin,percent,1.1,1.2, 0.04588581423457547409094914315
Montana,2 wk ahead,Bin,percent,1.2,1.3, 0.04048790361177671132120181596
Montana,2 wk ahead,Bin,percent,1.3,1.4, 0.03562823724896078958490619470
Montana,2 wk ahead,Bin,percent,1.4,1.5, 0.03135641494459377037751224293
Montana,2 wk ahead,Bin,percent,1.5,1.6, 0.02763178534439688152635206109
Montana,2 wk ahead,Bin,percent,1.6,1.7, 0.02435772257783331076752553201
Montana,2 wk ahead,Bin,percent,1.7,1.8, 0.02141494543784582330059329536
Montana,2 wk ahead,Bin,percent,1.8,1.9, 0.01869096164349174499230699098
Montana,2 wk ahead,Bin,percent,1.9,2, 0.01610291990110133270031056441
Montana,2 wk ahead,Bin,percent,2,2.1, 0.01361093660149714085205729930
Montana,2 wk ahead,Bin,percent,2.1,2.2, 0.01122041103311438234313435203
Montana,2 wk ahead,Bin,percent,2.2,2.3, 0.00897309499873293926752726435
Montana,2 wk ahead,Bin,percent,2.3,2.4, 0.00692938978931261287397269655
Montana,2 wk ahead,Bin,percent,2.4,2.5, 0.00514781915593445250911575073
Montana,2 wk ahead,Bin,percent,2.5,2.6, 0.00366790467764195864813769887
Montana,2 wk ahead,Bin,percent,2.6,2.7, 0.00250069806678323604265390401
Montana,2 wk ahead,Bin,percent,2.7,2.8, 0.00162842438682147183301451854
Montana,2 wk ahead,Bin,percent,2.8,2.9, 0.00101146614861319134211214976
Montana,2 wk ahead,Bin,percent,2.9,3, 0.00059863732698382419398358545
Montana,2 wk ahead,Bin,percent,3,3.1, 0.00033734379704254837490859376
Montana,2 wk ahead,Bin,percent,3.1,3.2, 0.00018089295935661928063468984
Montana,2 wk ahead,Bin,percent,3.2,3.3, 0.00011810528429635582035699126
Montana,2 wk ahead,Bin,percent,3.3,3.4, 0.00011746259048263635977552705
Montana,2 wk ahead,Bin,percent,3.4,3.5, 0.00011746259048263635977552705
Montana,2 wk ahead,Bin,percent,3.5,3.6, 0.00011746259048263635977552705
Montana,2 wk ahead,Bin,percent,3.6,3.7, 0.00011746259048263635977552705
Montana,2 wk ahead,Bin,percent,3.7,3.8, 0.00011746259048263635977552705
Montana,2 wk ahead,Bin,percent,3.8,3.9, 0.00011746259048263635977552705
Montana,2 wk ahead,Bin,percent,3.9,4, 0.00011746259048263635977552705
Montana,2 wk ahead,Bin,percent,4,4.1, 0.00011746259048263635977552705
Montana,2 wk ahead,Bin,percent,4.1,4.2, 0.00011746259048263635977552705
Montana,2 wk ahead,Bin,percent,4.2,4.3, 0.00011746259048263635977552705
Montana,2 wk ahead,Bin,percent,4.3,4.4, 0.00011746259048263635977552705
Montana,2 wk ahead,Bin,percent,4.4,4.5, 0.00011746259048263635977552705
Montana,2 wk ahead,Bin,percent,4.5,4.6, 0.00011746259048263635977552705
Montana,2 wk ahead,Bin,percent,4.6,4.7, 0.00011746259048263635977552705
Montana,2 wk ahead,Bin,percent,4.7,4.8, 0.00011746259048263635977552705
Montana,2 wk ahead,Bin,percent,4.8,4.9, 0.00011746259048263635977552705
Montana,2 wk ahead,Bin,percent,4.9,5, 0.00011746259048263635977552705
Montana,2 wk ahead,Bin,percent,5,5.1, 0.00011746259048263635977552705
Montana,2 wk ahead,Bin,percent,5.1,5.2, 0.00011746259048263635977552705
Montana,2 wk ahead,Bin,percent,5.2,5.3, 0.00011746259048263635977552705
Montana,2 wk ahead,Bin,percent,5.3,5.4, 0.00011746259048263635977552705
Montana,2 wk ahead,Bin,percent,5.4,5.5, 0.00011746259048263635977552705
Montana,2 wk ahead,Bin,percent,5.5,5.6, 0.00011746259048263635977552705
Montana,2 wk ahead,Bin,percent,5.6,5.7, 0.00011746259048263635977552705
Montana,2 wk ahead,Bin,percent,5.7,5.8, 0.00011746259048263635977552705
Montana,2 wk ahead,Bin,percent,5.8,5.9, 0.00011746259048263635977552705
Montana,2 wk ahead,Bin,percent,5.9,6, 0.00011746259048263635977552705
Montana,2 wk ahead,Bin,percent,6,6.1, 0.00011746259048263635977552705
Montana,2 wk ahead,Bin,percent,6.1,6.2, 0.00011746259048263635977552705
Montana,2 wk ahead,Bin,percent,6.2,6.3, 0.00011746259048263635977552705
Montana,2 wk ahead,Bin,percent,6.3,6.4, 0.00011746259048263635977552705
Montana,2 wk ahead,Bin,percent,6.4,6.5, 0.00011746259048263635977552705
Montana,2 wk ahead,Bin,percent,6.5,6.6, 0.00011746259048263635977552705
Montana,2 wk ahead,Bin,percent,6.6,6.7, 0.00011746259048263635977552705
Montana,2 wk ahead,Bin,percent,6.7,6.8, 0.00011746259048263635977552705
Montana,2 wk ahead,Bin,percent,6.8,6.9, 0.00011746259048263635977552705
Montana,2 wk ahead,Bin,percent,6.9,7, 0.00011746259048263635977552705
Montana,2 wk ahead,Bin,percent,7,7.1, 0.00011746259048263635977552705
Montana,2 wk ahead,Bin,percent,7.1,7.2, 0.00011746259048263635977552705
Montana,2 wk ahead,Bin,percent,7.2,7.3, 0.00011746259048263635977552705
Montana,2 wk ahead,Bin,percent,7.3,7.4, 0.00011746259048263635977552705
Montana,2 wk ahead,Bin,percent,7.4,7.5, 0.00011746259048263635977552705
Montana,2 wk ahead,Bin,percent,7.5,7.6, 0.00011746259048263635977552705
Montana,2 wk ahead,Bin,percent,7.6,7.7, 0.00011746259048263635977552705
Montana,2 wk ahead,Bin,percent,7.7,7.8, 0.00011746259048263635977552705
Montana,2 wk ahead,Bin,percent,7.8,7.9, 0.00011746259048263635977552705
Montana,2 wk ahead,Bin,percent,7.9,8, 0.00011746259048263635977552705
Montana,2 wk ahead,Bin,percent,8,8.1, 0.00011746259048263738976759091
Montana,2 wk ahead,Bin,percent,8.1,8.2, 0.00011746259048263843331218192
Montana,2 wk ahead,Bin,percent,8.2,8.3, 0.00011746259048263843331218192
Montana,2 wk ahead,Bin,percent,8.3,8.4, 0.00011746259048263843331218192
Montana,2 wk ahead,Bin,percent,8.4,8.5, 0.00011746259048263843331218192
Montana,2 wk ahead,Bin,percent,8.5,8.6, 0.00011746259048263843331218192
Montana,2 wk ahead,Bin,percent,8.6,8.7, 0.00011746259048263843331218192
Montana,2 wk ahead,Bin,percent,8.7,8.8, 0.00011746259048263843331218192
Montana,2 wk ahead,Bin,percent,8.8,8.9, 0.00011746259048263843331218192
Montana,2 wk ahead,Bin,percent,8.9,9, 0.00011746259048263843331218192
Montana,2 wk ahead,Bin,percent,9,9.1, 0.00011746259048263843331218192
Montana,2 wk ahead,Bin,percent,9.1,9.2, 0.00011746259048263843331218192
Montana,2 wk ahead,Bin,percent,9.2,9.3, 0.00011746259048263843331218192
Montana,2 wk ahead,Bin,percent,9.3,9.4, 0.00011746259048263843331218192
Montana,2 wk ahead,Bin,percent,9.4,9.5, 0.00011746259048263843331218192
Montana,2 wk ahead,Bin,percent,9.5,9.6, 0.00011746259048263843331218192
Montana,2 wk ahead,Bin,percent,9.6,9.7, 0.00011746259048263843331218192
Montana,2 wk ahead,Bin,percent,9.7,9.8, 0.00011746259048263843331218192
Montana,2 wk ahead,Bin,percent,9.8,9.9, 0.00011746259048263843331218192
Montana,2 wk ahead,Bin,percent,9.9,10, 0.00011746259048263843331218192
Montana,2 wk ahead,Bin,percent,10,10.1, 0.00011746259048263843331218192
Montana,2 wk ahead,Bin,percent,10.1,10.2, 0.00011746259048263843331218192
Montana,2 wk ahead,Bin,percent,10.2,10.3, 0.00011746259048263843331218192
Montana,2 wk ahead,Bin,percent,10.3,10.4, 0.00011746259048263843331218192
Montana,2 wk ahead,Bin,percent,10.4,10.5, 0.00011746259048263843331218192
Montana,2 wk ahead,Bin,percent,10.5,10.6, 0.00011746259048263843331218192
Montana,2 wk ahead,Bin,percent,10.6,10.7, 0.00011746259048263843331218192
Montana,2 wk ahead,Bin,percent,10.7,10.8, 0.00011746259048263843331218192
Montana,2 wk ahead,Bin,percent,10.8,10.9, 0.00011746259048263843331218192
Montana,2 wk ahead,Bin,percent,10.9,11, 0.00011746259048263843331218192
Montana,2 wk ahead,Bin,percent,11,11.1, 0.00011746259048263843331218192
Montana,2 wk ahead,Bin,percent,11.1,11.2, 0.00011746259048263843331218192
Montana,2 wk ahead,Bin,percent,11.2,11.3, 0.00011746259048263843331218192
Montana,2 wk ahead,Bin,percent,11.3,11.4, 0.00011746259048263843331218192
Montana,2 wk ahead,Bin,percent,11.4,11.5, 0.00011746259048263843331218192
Montana,2 wk ahead,Bin,percent,11.5,11.6, 0.00011746259048263843331218192
Montana,2 wk ahead,Bin,percent,11.6,11.7, 0.00011746259048263843331218192
Montana,2 wk ahead,Bin,percent,11.7,11.8, 0.00011746259048263843331218192
Montana,2 wk ahead,Bin,percent,11.8,11.9, 0.00011746259048263843331218192
Montana,2 wk ahead,Bin,percent,11.9,12, 0.00011746259048263843331218192
Montana,2 wk ahead,Bin,percent,12,12.1, 0.00011746259048263843331218192
Montana,2 wk ahead,Bin,percent,12.1,12.2, 0.00011746259048263843331218192
Montana,2 wk ahead,Bin,percent,12.2,12.3, 0.00011746259048263843331218192
Montana,2 wk ahead,Bin,percent,12.3,12.4, 0.00011746259048263843331218192
Montana,2 wk ahead,Bin,percent,12.4,12.5, 0.00011746259048263843331218192
Montana,2 wk ahead,Bin,percent,12.5,12.6, 0.00011746259048263843331218192
Montana,2 wk ahead,Bin,percent,12.6,12.7, 0.00011746259048263843331218192
Montana,2 wk ahead,Bin,percent,12.7,12.8, 0.00011746259048263843331218192
Montana,2 wk ahead,Bin,percent,12.8,12.9, 0.00011746259048263843331218192
Montana,2 wk ahead,Bin,percent,12.9,13, 0.00011746259048263843331218192
Montana,2 wk ahead,Bin,percent,13,100, 0.00011746259048263843331218192
Montana,3 wk ahead,Bin,percent,0,0.1, 0.02666979065878332874617306913
Montana,3 wk ahead,Bin,percent,0.1,0.2, 0.05572337335201625607705722132
Montana,3 wk ahead,Bin,percent,0.2,0.3, 0.05813692394534840379716200687
Montana,3 wk ahead,Bin,percent,0.3,0.4, 0.05957338557939862583312518041
Montana,3 wk ahead,Bin,percent,0.4,0.5, 0.06002554122643427580996444703
Montana,3 wk ahead,Bin,percent,0.5,0.6, 0.05954426614539341799936522648
Montana,3 wk ahead,Bin,percent,0.6,0.7, 0.05823300379623898292980044289
Montana,3 wk ahead,Bin,percent,0.7,0.8, 0.05622733377679868527199147366
Montana,3 wk ahead,Bin,percent,0.8,0.9, 0.05368398299970977144424111316
Montana,3 wk ahead,Bin,percent,0.9,1, 0.05075884512829734185324070950
Montana,3 wk ahead,Bin,percent,1,1.1, 0.04759767214751511182901921870
Montana,3 wk ahead,Bin,percent,1.1,1.2, 0.04432414413332395886069292601
Montana,3 wk ahead,Bin,percent,1.2,1.3, 0.04103661539452717332832065722
Montana,3 wk ahead,Bin,percent,1.3,1.4, 0.03780648511356641400249500862
Montana,3 wk ahead,Bin,percent,1.4,1.5, 0.03468052356371973538040620610
Montana,3 wk ahead,Bin,percent,1.5,1.6, 0.03168566667883065957056487605
Montana,3 wk ahead,Bin,percent,1.6,1.7, 0.02883306506203730384951811061
Montana,3 wk ahead,Bin,percent,1.7,1.8, 0.02612413708273327375697370201
Montana,3 wk ahead,Bin,percent,1.8,1.9, 0.02355393140940239410374701379
Montana,3 wk ahead,Bin,percent,1.9,2, 0.02111572768737117120063651043
Montana,3 wk ahead,Bin,percent,2,2.1, 0.01880304063806907677314228522
Montana,3 wk ahead,Bin,percent,2.1,2.2, 0.01661196821556110495010649686
Montana,3 wk ahead,Bin,percent,2.2,2.3, 0.01454205643160889384335465735
Montana,3 wk ahead,Bin,percent,2.3,2.4, 0.01259649729124586413353537040
Montana,3 wk ahead,Bin,percent,2.4,2.5, 0.01078186662887105351504857254
Montana,3 wk ahead,Bin,percent,2.5,2.6, 0.00910653474705331276994879630
Montana,3 wk ahead,Bin,percent,2.6,2.7, 0.00757989106071981205009491234
Montana,3 wk ahead,Bin,percent,2.7,2.8, 0.00620956038489747178671374073
Montana,3 wk ahead,Bin,percent,2.8,2.9, 0.00500105456808451215994226757
Montana,3 wk ahead,Bin,percent,2.9,3, 0.00395529310670385270132243249
Montana,3 wk ahead,Bin,percent,3,3.1, 0.00306935410341649221599436004
Montana,3 wk ahead,Bin,percent,3.1,3.2, 0.00233478544600703016506648702
Montana,3 wk ahead,Bin,percent,3.2,3.3, 0.00173987150763431808360437447
Montana,3 wk ahead,Bin,percent,3.3,3.4, 0.00126915742769326180677813554
Montana,3 wk ahead,Bin,percent,3.4,3.5, 0.00090592221615407855436763462
Montana,3 wk ahead,Bin,percent,3.5,3.6, 0.00063232360426392075769541634
Montana,3 wk ahead,Bin,percent,3.6,3.7, 0.00043152243036524137514628463
Montana,3 wk ahead,Bin,percent,3.7,3.8, 0.00028775462643425438712119213
Montana,3 wk ahead,Bin,percent,3.8,3.9, 0.00018749046151323741195640626
Montana,3 wk ahead,Bin,percent,3.9,4, 0.00011930890895805279061214071
Montana,3 wk ahead,Bin,percent,4,4.1, 0.00009341046925627412593137744
Montana,3 wk ahead,Bin,percent,4.1,4.2, 0.00009341023160047213277218381
Montana,3 wk ahead,Bin,percent,4.2,4.3, 0.00009341023160047213277218381
Montana,3 wk ahead,Bin,percent,4.3,4.4, 0.00009341023160047213277218381
Montana,3 wk ahead,Bin,percent,4.4,4.5, 0.00009341023160047213277218381
Montana,3 wk ahead,Bin,percent,4.5,4.6, 0.00009341023160047213277218381
Montana,3 wk ahead,Bin,percent,4.6,4.7, 0.00009341023160047213277218381
Montana,3 wk ahead,Bin,percent,4.7,4.8, 0.00009341023160047213277218381
Montana,3 wk ahead,Bin,percent,4.8,4.9, 0.00009341023160047213277218381
Montana,3 wk ahead,Bin,percent,4.9,5, 0.00009341023160047213277218381
Montana,3 wk ahead,Bin,percent,5,5.1, 0.00009341023160047213277218381
Montana,3 wk ahead,Bin,percent,5.1,5.2, 0.00009341023160047213277218381
Montana,3 wk ahead,Bin,percent,5.2,5.3, 0.00009341023160047213277218381
Montana,3 wk ahead,Bin,percent,5.3,5.4, 0.00009341023160047213277218381
Montana,3 wk ahead,Bin,percent,5.4,5.5, 0.00009341023160047213277218381
Montana,3 wk ahead,Bin,percent,5.5,5.6, 0.00009341023160047213277218381
Montana,3 wk ahead,Bin,percent,5.6,5.7, 0.00009341023160047213277218381
Montana,3 wk ahead,Bin,percent,5.7,5.8, 0.00009341023160047213277218381
Montana,3 wk ahead,Bin,percent,5.8,5.9, 0.00009341023160047213277218381
Montana,3 wk ahead,Bin,percent,5.9,6, 0.00009341023160047213277218381
Montana,3 wk ahead,Bin,percent,6,6.1, 0.00009341023160047213277218381
Montana,3 wk ahead,Bin,percent,6.1,6.2, 0.00009341023160047213277218381
Montana,3 wk ahead,Bin,percent,6.2,6.3, 0.00009341023160047213277218381
Montana,3 wk ahead,Bin,percent,6.3,6.4, 0.00009341023160047213277218381
Montana,3 wk ahead,Bin,percent,6.4,6.5, 0.00009341023160047213277218381
Montana,3 wk ahead,Bin,percent,6.5,6.6, 0.00009341023160047213277218381
Montana,3 wk ahead,Bin,percent,6.6,6.7, 0.00009341023160047213277218381
Montana,3 wk ahead,Bin,percent,6.7,6.8, 0.00009341023160047213277218381
Montana,3 wk ahead,Bin,percent,6.8,6.9, 0.00009341023160047213277218381
Montana,3 wk ahead,Bin,percent,6.9,7, 0.00009341023160047213277218381
Montana,3 wk ahead,Bin,percent,7,7.1, 0.00009341023160047213277218381
Montana,3 wk ahead,Bin,percent,7.1,7.2, 0.00009341023160047213277218381
Montana,3 wk ahead,Bin,percent,7.2,7.3, 0.00009341023160047213277218381
Montana,3 wk ahead,Bin,percent,7.3,7.4, 0.00009341023160047213277218381
Montana,3 wk ahead,Bin,percent,7.4,7.5, 0.00009341023160047213277218381
Montana,3 wk ahead,Bin,percent,7.5,7.6, 0.00009341023160047213277218381
Montana,3 wk ahead,Bin,percent,7.6,7.7, 0.00009341023160047213277218381
Montana,3 wk ahead,Bin,percent,7.7,7.8, 0.00009341023160047213277218381
Montana,3 wk ahead,Bin,percent,7.8,7.9, 0.00009341023160047213277218381
Montana,3 wk ahead,Bin,percent,7.9,8, 0.00009341023160047213277218381
Montana,3 wk ahead,Bin,percent,8,8.1, 0.00009341023160047294592381317
Montana,3 wk ahead,Bin,percent,8.1,8.2, 0.00009341023160047378618049685
Montana,3 wk ahead,Bin,percent,8.2,8.3, 0.00009341023160047378618049685
Montana,3 wk ahead,Bin,percent,8.3,8.4, 0.00009341023160047378618049685
Montana,3 wk ahead,Bin,percent,8.4,8.5, 0.00009341023160047378618049685
Montana,3 wk ahead,Bin,percent,8.5,8.6, 0.00009341023160047378618049685
Montana,3 wk ahead,Bin,percent,8.6,8.7, 0.00009341023160047378618049685
Montana,3 wk ahead,Bin,percent,8.7,8.8, 0.00009341023160047378618049685
Montana,3 wk ahead,Bin,percent,8.8,8.9, 0.00009341023160047378618049685
Montana,3 wk ahead,Bin,percent,8.9,9, 0.00009341023160047378618049685
Montana,3 wk ahead,Bin,percent,9,9.1, 0.00009341023160047378618049685
Montana,3 wk ahead,Bin,percent,9.1,9.2, 0.00009341023160047378618049685
Montana,3 wk ahead,Bin,percent,9.2,9.3, 0.00009341023160047378618049685
Montana,3 wk ahead,Bin,percent,9.3,9.4, 0.00009341023160047378618049685
Montana,3 wk ahead,Bin,percent,9.4,9.5, 0.00009341023160047378618049685
Montana,3 wk ahead,Bin,percent,9.5,9.6, 0.00009341023160047378618049685
Montana,3 wk ahead,Bin,percent,9.6,9.7, 0.00009341023160047378618049685
Montana,3 wk ahead,Bin,percent,9.7,9.8, 0.00009341023160047378618049685
Montana,3 wk ahead,Bin,percent,9.8,9.9, 0.00009341023160047378618049685
Montana,3 wk ahead,Bin,percent,9.9,10, 0.00009341023160047378618049685
Montana,3 wk ahead,Bin,percent,10,10.1, 0.00009341023160047378618049685
Montana,3 wk ahead,Bin,percent,10.1,10.2, 0.00009341023160047378618049685
Montana,3 wk ahead,Bin,percent,10.2,10.3, 0.00009341023160047378618049685
Montana,3 wk ahead,Bin,percent,10.3,10.4, 0.00009341023160047378618049685
Montana,3 wk ahead,Bin,percent,10.4,10.5, 0.00009341023160047378618049685
Montana,3 wk ahead,Bin,percent,10.5,10.6, 0.00009341023160047378618049685
Montana,3 wk ahead,Bin,percent,10.6,10.7, 0.00009341023160047378618049685
Montana,3 wk ahead,Bin,percent,10.7,10.8, 0.00009341023160047378618049685
Montana,3 wk ahead,Bin,percent,10.8,10.9, 0.00009341023160047378618049685
Montana,3 wk ahead,Bin,percent,10.9,11, 0.00009341023160047378618049685
Montana,3 wk ahead,Bin,percent,11,11.1, 0.00009341023160047378618049685
Montana,3 wk ahead,Bin,percent,11.1,11.2, 0.00009341023160047378618049685
Montana,3 wk ahead,Bin,percent,11.2,11.3, 0.00009341023160047378618049685
Montana,3 wk ahead,Bin,percent,11.3,11.4, 0.00009341023160047378618049685
Montana,3 wk ahead,Bin,percent,11.4,11.5, 0.00009341023160047378618049685
Montana,3 wk ahead,Bin,percent,11.5,11.6, 0.00009341023160047378618049685
Montana,3 wk ahead,Bin,percent,11.6,11.7, 0.00009341023160047378618049685
Montana,3 wk ahead,Bin,percent,11.7,11.8, 0.00009341023160047378618049685
Montana,3 wk ahead,Bin,percent,11.8,11.9, 0.00009341023160047378618049685
Montana,3 wk ahead,Bin,percent,11.9,12, 0.00009341023160047378618049685
Montana,3 wk ahead,Bin,percent,12,12.1, 0.00009341023160047378618049685
Montana,3 wk ahead,Bin,percent,12.1,12.2, 0.00009341023160047378618049685
Montana,3 wk ahead,Bin,percent,12.2,12.3, 0.00009341023160047378618049685
Montana,3 wk ahead,Bin,percent,12.3,12.4, 0.00009341023160047378618049685
Montana,3 wk ahead,Bin,percent,12.4,12.5, 0.00009341023160047378618049685
Montana,3 wk ahead,Bin,percent,12.5,12.6, 0.00009341023160047378618049685
Montana,3 wk ahead,Bin,percent,12.6,12.7, 0.00009341023160047378618049685
Montana,3 wk ahead,Bin,percent,12.7,12.8, 0.00009341023160047378618049685
Montana,3 wk ahead,Bin,percent,12.8,12.9, 0.00009341023160047378618049685
Montana,3 wk ahead,Bin,percent,12.9,13, 0.00009341023160047378618049685
Montana,3 wk ahead,Bin,percent,13,100, 0.00009341023160047378618049685
Montana,4 wk ahead,Bin,percent,0,0.1, 0.01453901687582681047372634708
Montana,4 wk ahead,Bin,percent,0.1,0.2, 0.04927866814634247749626894120
Montana,4 wk ahead,Bin,percent,0.2,0.3, 0.08211775411873926955319547005
Montana,4 wk ahead,Bin,percent,0.3,0.4, 0.11301565016900032289992594770
Montana,4 wk ahead,Bin,percent,0.4,0.5, 0.12969685423196908313769881715
Montana,4 wk ahead,Bin,percent,0.5,0.6, 0.12509913592376187274624044221
Montana,4 wk ahead,Bin,percent,0.6,0.7, 0.10303567860072296302753613872
Montana,4 wk ahead,Bin,percent,0.7,0.8, 0.07612199601773154966632972673
Montana,4 wk ahead,Bin,percent,0.8,0.9, 0.05624933578346321544350061572
Montana,4 wk ahead,Bin,percent,0.9,1, 0.04637857035308694947373098216
Montana,4 wk ahead,Bin,percent,1,1.1, 0.04193179619100079885685161685
Montana,4 wk ahead,Bin,percent,1.1,1.2, 0.03805220054458811201891776932
Montana,4 wk ahead,Bin,percent,1.2,1.3, 0.03304056467097012117495324901
Montana,4 wk ahead,Bin,percent,1.3,1.4, 0.02671210403910306840913335691
Montana,4 wk ahead,Bin,percent,1.4,1.5, 0.01922988304070542484036643316
Montana,4 wk ahead,Bin,percent,1.5,1.6, 0.01170574355589592413506849766
Montana,4 wk ahead,Bin,percent,1.6,1.7, 0.00579634992577086113202389228
Montana,4 wk ahead,Bin,percent,1.7,1.8, 0.00228292890804299456949943981
Montana,4 wk ahead,Bin,percent,1.8,1.9, 0.00070718637889978909569915766
Montana,4 wk ahead,Bin,percent,1.9,2, 0.00023720911056979574935664468
Montana,4 wk ahead,Bin,percent,2,2.1, 0.00022316552625052752528711508
Montana,4 wk ahead,Bin,percent,2.1,2.2, 0.00022316552625052703739613746
Montana,4 wk ahead,Bin,percent,2.2,2.3, 0.00022316552625052703739613746
Montana,4 wk ahead,Bin,percent,2.3,2.4, 0.00022316552625052703739613746
Montana,4 wk ahead,Bin,percent,2.4,2.5, 0.00022316552625052703739613746
Montana,4 wk ahead,Bin,percent,2.5,2.6, 0.00022316552625052703739613746
Montana,4 wk ahead,Bin,percent,2.6,2.7, 0.00022316552625052703739613746
Montana,4 wk ahead,Bin,percent,2.7,2.8, 0.00022316552625052703739613746
Montana,4 wk ahead,Bin,percent,2.8,2.9, 0.00022316552625052703739613746
Montana,4 wk ahead,Bin,percent,2.9,3, 0.00022316552625052703739613746
Montana,4 wk ahead,Bin,percent,3,3.1, 0.00022316552625052703739613746
Montana,4 wk ahead,Bin,percent,3.1,3.2, 0.00022316552625052703739613746
Montana,4 wk ahead,Bin,percent,3.2,3.3, 0.00022316552625052703739613746
Montana,4 wk ahead,Bin,percent,3.3,3.4, 0.00022316552625052703739613746
Montana,4 wk ahead,Bin,percent,3.4,3.5, 0.00022316552625052703739613746
Montana,4 wk ahead,Bin,percent,3.5,3.6, 0.00022316552625052703739613746
Montana,4 wk ahead,Bin,percent,3.6,3.7, 0.00022316552625052703739613746
Montana,4 wk ahead,Bin,percent,3.7,3.8, 0.00022316552625052703739613746
Montana,4 wk ahead,Bin,percent,3.8,3.9, 0.00022316552625052703739613746
Montana,4 wk ahead,Bin,percent,3.9,4, 0.00022316552625052703739613746
Montana,4 wk ahead,Bin,percent,4,4.1, 0.00022316552625052703739613746
Montana,4 wk ahead,Bin,percent,4.1,4.2, 0.00022316552625052703739613746
Montana,4 wk ahead,Bin,percent,4.2,4.3, 0.00022316552625052703739613746
Montana,4 wk ahead,Bin,percent,4.3,4.4, 0.00022316552625052703739613746
Montana,4 wk ahead,Bin,percent,4.4,4.5, 0.00022316552625052703739613746
Montana,4 wk ahead,Bin,percent,4.5,4.6, 0.00022316552625052703739613746
Montana,4 wk ahead,Bin,percent,4.6,4.7, 0.00022316552625052703739613746
Montana,4 wk ahead,Bin,percent,4.7,4.8, 0.00022316552625052703739613746
Montana,4 wk ahead,Bin,percent,4.8,4.9, 0.00022316552625052703739613746
Montana,4 wk ahead,Bin,percent,4.9,5, 0.00022316552625052703739613746
Montana,4 wk ahead,Bin,percent,5,5.1, 0.00022316552625052703739613746
Montana,4 wk ahead,Bin,percent,5.1,5.2, 0.00022316552625052703739613746
Montana,4 wk ahead,Bin,percent,5.2,5.3, 0.00022316552625052703739613746
Montana,4 wk ahead,Bin,percent,5.3,5.4, 0.00022316552625052703739613746
Montana,4 wk ahead,Bin,percent,5.4,5.5, 0.00022316552625052703739613746
Montana,4 wk ahead,Bin,percent,5.5,5.6, 0.00022316552625052703739613746
Montana,4 wk ahead,Bin,percent,5.6,5.7, 0.00022316552625052703739613746
Montana,4 wk ahead,Bin,percent,5.7,5.8, 0.00022316552625052703739613746
Montana,4 wk ahead,Bin,percent,5.8,5.9, 0.00022316552625052703739613746
Montana,4 wk ahead,Bin,percent,5.9,6, 0.00022316552625052703739613746
Montana,4 wk ahead,Bin,percent,6,6.1, 0.00022316552625052703739613746
Montana,4 wk ahead,Bin,percent,6.1,6.2, 0.00022316552625052703739613746
Montana,4 wk ahead,Bin,percent,6.2,6.3, 0.00022316552625052703739613746
Montana,4 wk ahead,Bin,percent,6.3,6.4, 0.00022316552625052703739613746
Montana,4 wk ahead,Bin,percent,6.4,6.5, 0.00022316552625052703739613746
Montana,4 wk ahead,Bin,percent,6.5,6.6, 0.00022316552625052703739613746
Montana,4 wk ahead,Bin,percent,6.6,6.7, 0.00022316552625052703739613746
Montana,4 wk ahead,Bin,percent,6.7,6.8, 0.00022316552625052703739613746
Montana,4 wk ahead,Bin,percent,6.8,6.9, 0.00022316552625052703739613746
Montana,4 wk ahead,Bin,percent,6.9,7, 0.00022316552625052703739613746
Montana,4 wk ahead,Bin,percent,7,7.1, 0.00022316552625052703739613746
Montana,4 wk ahead,Bin,percent,7.1,7.2, 0.00022316552625052703739613746
Montana,4 wk ahead,Bin,percent,7.2,7.3, 0.00022316552625052703739613746
Montana,4 wk ahead,Bin,percent,7.3,7.4, 0.00022316552625052703739613746
Montana,4 wk ahead,Bin,percent,7.4,7.5, 0.00022316552625052703739613746
Montana,4 wk ahead,Bin,percent,7.5,7.6, 0.00022316552625052703739613746
Montana,4 wk ahead,Bin,percent,7.6,7.7, 0.00022316552625052703739613746
Montana,4 wk ahead,Bin,percent,7.7,7.8, 0.00022316552625052703739613746
Montana,4 wk ahead,Bin,percent,7.8,7.9, 0.00022316552625052703739613746
Montana,4 wk ahead,Bin,percent,7.9,8, 0.00022316552625052703739613746
Montana,4 wk ahead,Bin,percent,8,8.1, 0.00022316552625052901606510225
Montana,4 wk ahead,Bin,percent,8.1,8.2, 0.00022316552625053096762901272
Montana,4 wk ahead,Bin,percent,8.2,8.3, 0.00022316552625053096762901272
Montana,4 wk ahead,Bin,percent,8.3,8.4, 0.00022316552625053096762901272
Montana,4 wk ahead,Bin,percent,8.4,8.5, 0.00022316552625053096762901272
Montana,4 wk ahead,Bin,percent,8.5,8.6, 0.00022316552625053096762901272
Montana,4 wk ahead,Bin,percent,8.6,8.7, 0.00022316552625053096762901272
Montana,4 wk ahead,Bin,percent,8.7,8.8, 0.00022316552625053096762901272
Montana,4 wk ahead,Bin,percent,8.8,8.9, 0.00022316552625053096762901272
Montana,4 wk ahead,Bin,percent,8.9,9, 0.00022316552625053096762901272
Montana,4 wk ahead,Bin,percent,9,9.1, 0.00022316552625053096762901272
Montana,4 wk ahead,Bin,percent,9.1,9.2, 0.00022316552625053096762901272
Montana,4 wk ahead,Bin,percent,9.2,9.3, 0.00022316552625053096762901272
Montana,4 wk ahead,Bin,percent,9.3,9.4, 0.00022316552625053096762901272
Montana,4 wk ahead,Bin,percent,9.4,9.5, 0.00022316552625053096762901272
Montana,4 wk ahead,Bin,percent,9.5,9.6, 0.00022316552625053096762901272
Montana,4 wk ahead,Bin,percent,9.6,9.7, 0.00022316552625053096762901272
Montana,4 wk ahead,Bin,percent,9.7,9.8, 0.00022316552625053096762901272
Montana,4 wk ahead,Bin,percent,9.8,9.9, 0.00022316552625053096762901272
Montana,4 wk ahead,Bin,percent,9.9,10, 0.00022316552625053096762901272
Montana,4 wk ahead,Bin,percent,10,10.1, 0.00022316552625053096762901272
Montana,4 wk ahead,Bin,percent,10.1,10.2, 0.00022316552625053096762901272
Montana,4 wk ahead,Bin,percent,10.2,10.3, 0.00022316552625053096762901272
Montana,4 wk ahead,Bin,percent,10.3,10.4, 0.00022316552625053096762901272
Montana,4 wk ahead,Bin,percent,10.4,10.5, 0.00022316552625053096762901272
Montana,4 wk ahead,Bin,percent,10.5,10.6, 0.00022316552625053096762901272
Montana,4 wk ahead,Bin,percent,10.6,10.7, 0.00022316552625053096762901272
Montana,4 wk ahead,Bin,percent,10.7,10.8, 0.00022316552625053096762901272
Montana,4 wk ahead,Bin,percent,10.8,10.9, 0.00022316552625053096762901272
Montana,4 wk ahead,Bin,percent,10.9,11, 0.00022316552625053096762901272
Montana,4 wk ahead,Bin,percent,11,11.1, 0.00022316552625053096762901272
Montana,4 wk ahead,Bin,percent,11.1,11.2, 0.00022316552625053096762901272
Montana,4 wk ahead,Bin,percent,11.2,11.3, 0.00022316552625053096762901272
Montana,4 wk ahead,Bin,percent,11.3,11.4, 0.00022316552625053096762901272
Montana,4 wk ahead,Bin,percent,11.4,11.5, 0.00022316552625053096762901272
Montana,4 wk ahead,Bin,percent,11.5,11.6, 0.00022316552625053096762901272
Montana,4 wk ahead,Bin,percent,11.6,11.7, 0.00022316552625053096762901272
Montana,4 wk ahead,Bin,percent,11.7,11.8, 0.00022316552625053096762901272
Montana,4 wk ahead,Bin,percent,11.8,11.9, 0.00022316552625053096762901272
Montana,4 wk ahead,Bin,percent,11.9,12, 0.00022316552625053096762901272
Montana,4 wk ahead,Bin,percent,12,12.1, 0.00022316552625053096762901272
Montana,4 wk ahead,Bin,percent,12.1,12.2, 0.00022316552625053096762901272
Montana,4 wk ahead,Bin,percent,12.2,12.3, 0.00022316552625053096762901272
Montana,4 wk ahead,Bin,percent,12.3,12.4, 0.00022316552625053096762901272
Montana,4 wk ahead,Bin,percent,12.4,12.5, 0.00022316552625053096762901272
Montana,4 wk ahead,Bin,percent,12.5,12.6, 0.00022316552625053096762901272
Montana,4 wk ahead,Bin,percent,12.6,12.7, 0.00022316552625053096762901272
Montana,4 wk ahead,Bin,percent,12.7,12.8, 0.00022316552625053096762901272
Montana,4 wk ahead,Bin,percent,12.8,12.9, 0.00022316552625053096762901272
Montana,4 wk ahead,Bin,percent,12.9,13, 0.00022316552625053096762901272
Montana,4 wk ahead,Bin,percent,13,100, 0.00022316552625053096762901272
Mississippi,Season peak week,Bin,week,40,41, 0.00760560196003379554441359289
Mississippi,Season peak week,Bin,week,41,42, 0.00760560196003379554441359289
Mississippi,Season peak week,Bin,week,42,43, 0.00760560196003379554441359289
Mississippi,Season peak week,Bin,week,43,44, 0.00760560196003379554441359289
Mississippi,Season peak week,Bin,week,44,45, 0.00760560196003379554441359289
Mississippi,Season peak week,Bin,week,45,46, 0.00760560196003379554441359289
Mississippi,Season peak week,Bin,week,46,47, 0.00760560196003379554441359289
Mississippi,Season peak week,Bin,week,47,48, 0.00760560196003379554441359289
Mississippi,Season peak week,Bin,week,48,49, 0.00760560196003379554441359289
Mississippi,Season peak week,Bin,week,49,50, 0.00760560196003379554441359289
Mississippi,Season peak week,Bin,week,50,51, 0.01011665758932710212913974601
Mississippi,Season peak week,Bin,week,51,52, 0.36372515871744032223134013293
Mississippi,Season peak week,Bin,week,52,53, 0.38263722494244833960408413986
Mississippi,Season peak week,Bin,week,1,2, 0.00445603526017474861620204507
Mississippi,Season peak week,Bin,week,2,3, 0.00000000000185268738335549349
Mississippi,Season peak week,Bin,week,3,4, 0.00000000000000000372699139431
Mississippi,Season peak week,Bin,week,4,5, 0.00000000000000000188431892561
Mississippi,Season peak week,Bin,week,5,6, 0.00000000000000000444907179130
Mississippi,Season peak week,Bin,week,6,7, 0.00000000000000001561792446178
Mississippi,Season peak week,Bin,week,7,8, 0.00000000000000001553859740682
Mississippi,Season peak week,Bin,week,8,9, 0.00000000000000000379872575842
Mississippi,Season peak week,Bin,week,9,10, 0.00000000000058990005628649195
Mississippi,Season peak week,Bin,week,10,11, 0.00158594640155103219596177677
Mississippi,Season peak week,Bin,week,11,12, 0.13479828981427174894314191533
Mississippi,Season peak week,Bin,week,12,13, 0.00379608350805734707025806962
Mississippi,Season peak week,Bin,week,13,14, 0.00285357302049359193990563099
Mississippi,Season peak week,Bin,week,14,15, 0.00285357302049359193990563099
Mississippi,Season peak week,Bin,week,15,16, 0.00285357302049359193990563099
Mississippi,Season peak week,Bin,week,16,17, 0.00285357302049359193990563099
Mississippi,Season peak week,Bin,week,17,18, 0.00285357302049359193990563099
Mississippi,Season peak week,Bin,week,18,19, 0.00285357302049359193990563099
Mississippi,Season peak week,Bin,week,19,20, 0.00285357302049359193990563099
Mississippi,Season peak week,Bin,week,20,21, 0.00285357302049359193990563099
Mississippi,Season peak percentage,Bin,percent,0,0.1, 0.00002626348376646907918814666
Mississippi,Season peak percentage,Bin,percent,0.1,0.2, 0.00005922101286051278593155697
Mississippi,Season peak percentage,Bin,percent,0.2,0.3, 0.00006925718636134462792564026
Mississippi,Season peak percentage,Bin,percent,0.3,0.4, 0.00008074581922291155394212636
Mississippi,Season peak percentage,Bin,percent,0.4,0.5, 0.00009384127527243483601199214
Mississippi,Season peak percentage,Bin,percent,0.5,0.6, 0.00010878089317135551889002137
Mississippi,Season peak percentage,Bin,percent,0.6,0.7, 0.00012570593318031266275545954
Mississippi,Season peak percentage,Bin,percent,0.7,0.8, 0.00014482000978579368877588451
Mississippi,Season peak percentage,Bin,percent,0.8,0.9, 0.00016637855411492059941151733
Mississippi,Season peak percentage,Bin,percent,0.9,1, 0.00019057745510950581499694245
Mississippi,Season peak percentage,Bin,percent,1,1.1, 0.00021764875713298667786292639
Mississippi,Season peak percentage,Bin,percent,1.1,1.2, 0.00024788142313926834169046653
Mississippi,Season peak percentage,Bin,percent,1.2,1.3, 0.00028146296669549617690611609
Mississippi,Season peak percentage,Bin,percent,1.3,1.4, 0.00031863743239035217979029935
Mississippi,Season peak percentage,Bin,percent,1.4,1.5, 0.00035976849585978769394817300
Mississippi,Season peak percentage,Bin,percent,1.5,1.6, 0.00040498981382394933295487682
Mississippi,Season peak percentage,Bin,percent,1.6,1.7, 0.00045458350372097833464249406
Mississippi,Season peak percentage,Bin,percent,1.7,1.8, 0.00050885094644583666895903962
Mississippi,Season peak percentage,Bin,percent,1.8,1.9, 0.00056795811084047170130828519
Mississippi,Season peak percentage,Bin,percent,1.9,2, 0.00063211760438514118329994540
Mississippi,Season peak percentage,Bin,percent,2,2.1, 0.00070164806685422270726704141
Mississippi,Season peak percentage,Bin,percent,2.1,2.2, 0.00077660585676252408098008129
Mississippi,Season peak percentage,Bin,percent,2.2,2.3, 0.00085716410692544028459421979
Mississippi,Season peak percentage,Bin,percent,2.3,2.4, 0.00094358925003319596511858203
Mississippi,Season peak percentage,Bin,percent,2.4,2.5, 0.00103583864808107456272068259
Mississippi,Season peak percentage,Bin,percent,2.5,2.6, 0.00113407407066516132884692603
Mississippi,Season peak percentage,Bin,percent,2.6,2.7, 0.00123835800768500947990902183
Mississippi,Season peak percentage,Bin,percent,2.7,2.8, 0.00134860999504043108966622189
Mississippi,Season peak percentage,Bin,percent,2.8,2.9, 0.00146481373782579040419837835
Mississippi,Season peak percentage,Bin,percent,2.9,3, 0.00158705390388385898098322357
Mississippi,Season peak percentage,Bin,percent,3,3.1, 0.00171504007017370748051920959
Mississippi,Season peak percentage,Bin,percent,3.1,3.2, 0.00184868728088184025581952596
Mississippi,Season peak percentage,Bin,percent,3.2,3.3, 0.00198787001096780791345453032
Mississippi,Season peak percentage,Bin,percent,3.3,3.4, 0.00213227998707940383585346389
Mississippi,Season peak percentage,Bin,percent,3.4,3.5, 0.00228173417400453267672721935
Mississippi,Season peak percentage,Bin,percent,3.5,3.6, 0.00243594964995219728440267737
Mississippi,Season peak percentage,Bin,percent,3.6,3.7, 0.00259455023505879940268203931
Mississippi,Season peak percentage,Bin,percent,3.7,3.8, 0.00275721833199706837375098090
Mississippi,Season peak percentage,Bin,percent,3.8,3.9, 0.00292368623114813361296704386
Mississippi,Season peak percentage,Bin,percent,3.9,4, 0.00309345262101010792799016258
Mississippi,Season peak percentage,Bin,percent,4,4.1, 0.00326621534781994021442996790
Mississippi,Season peak percentage,Bin,percent,4.1,4.2, 0.00344156065113088421164588837
Mississippi,Season peak percentage,Bin,percent,4.2,4.3, 0.00361907487012403782794534024
Mississippi,Season peak percentage,Bin,percent,4.3,4.4, 0.00379838238303608060481009190
Mississippi,Season peak percentage,Bin,percent,4.4,4.5, 0.00397912071646912366557069518
Mississippi,Season peak percentage,Bin,percent,4.5,4.6, 0.00416087858559729701496410215
Mississippi,Season peak percentage,Bin,percent,4.6,4.7, 0.00434331355734192924022973870
Mississippi,Season peak percentage,Bin,percent,4.7,4.8, 0.00452608437260168007532090684
Mississippi,Season peak percentage,Bin,percent,4.8,4.9, 0.00470886854375903406155767783
Mississippi,Season peak percentage,Bin,percent,4.9,5, 0.00489135698774546389538953051
Mississippi,Season peak percentage,Bin,percent,5,5.1, 0.00507327504976093357491606639
Mississippi,Season peak percentage,Bin,percent,5.1,5.2, 0.00525437536227384063142187287
Mississippi,Season peak percentage,Bin,percent,5.2,5.3, 0.00543441940803915824603764761
Mississippi,Season peak percentage,Bin,percent,5.3,5.4, 0.00561317583468516449751728459
Mississippi,Season peak percentage,Bin,percent,5.4,5.5, 0.00579048909239972091345105554
Mississippi,Season peak percentage,Bin,percent,5.5,5.6, 0.00596615426614154151924163116
Mississippi,Season peak percentage,Bin,percent,5.6,5.7, 0.00614002748950686662310349817
Mississippi,Season peak percentage,Bin,percent,5.7,5.8, 0.00631198927290438013826268104
Mississippi,Season peak percentage,Bin,percent,5.8,5.9, 0.00648186387358738735908758599
Mississippi,Season peak percentage,Bin,percent,5.9,6, 0.00664955240042043940751348430
Mississippi,Season peak percentage,Bin,percent,6,6.1, 0.00681496287435016424860467765
Mississippi,Season peak percentage,Bin,percent,6.1,6.2, 0.00697796798290051083213381133
Mississippi,Season peak percentage,Bin,percent,6.2,6.3, 0.00713845416152273249538184885
Mississippi,Season peak percentage,Bin,percent,6.3,6.4, 0.00729638724556683562760817097
Mississippi,Season peak percentage,Bin,percent,6.4,6.5, 0.00745158092226577781908014586
Mississippi,Season peak percentage,Bin,percent,6.5,6.6, 0.00760401962562444640181258393
Mississippi,Season peak percentage,Bin,percent,6.6,6.7, 0.00775363624208251413921777484
Mississippi,Season peak percentage,Bin,percent,6.7,6.8, 0.00790032458701777663689913567
Mississippi,Season peak percentage,Bin,percent,6.8,6.9, 0.00804402541942232304772453233
Mississippi,Season peak percentage,Bin,percent,6.9,7, 0.00818474385395536081777567716
Mississippi,Season peak percentage,Bin,percent,7,7.1, 0.00832240480360503173673514254
Mississippi,Season peak percentage,Bin,percent,7.1,7.2, 0.00845704109028111439272379357
Mississippi,Season peak percentage,Bin,percent,7.2,7.3, 0.00858870720158318341763692416
Mississippi,Season peak percentage,Bin,percent,7.3,7.4, 0.00871736638800681140626380738
Mississippi,Season peak percentage,Bin,percent,7.4,7.5, 0.00884317955932526628126666424
Mississippi,Season peak percentage,Bin,percent,7.5,7.6, 0.00896626591279670211165342408
Mississippi,Season peak percentage,Bin,percent,7.6,7.7, 0.00908674564467789637467465269
Mississippi,Season peak percentage,Bin,percent,7.7,7.8, 0.00920481332442184101150228770
Mississippi,Season peak percentage,Bin,percent,7.8,7.9, 0.00932073020783250223708638060
Mississippi,Season peak percentage,Bin,percent,7.9,8, 0.00943468763217424587208537190
Mississippi,Season peak percentage,Bin,percent,8,8.1, 0.00954702350051487430571128812
Mississippi,Season peak percentage,Bin,percent,8.1,8.2, 0.00965803769361275703253522096
Mississippi,Season peak percentage,Bin,percent,8.2,8.3, 0.00976803352222108470237493805
Mississippi,Season peak percentage,Bin,percent,8.3,8.4, 0.00987736223333504290144979620
Mississippi,Season peak percentage,Bin,percent,8.4,8.5, 0.00998636017415021302878752607
Mississippi,Season peak percentage,Bin,percent,8.5,8.6, 0.01009535315145947131920678430
Mississippi,Season peak percentage,Bin,percent,8.6,8.7, 0.01020464997287524530622526697
Mississippi,Season peak percentage,Bin,percent,8.7,8.8, 0.01031452175233272573751097667
Mississippi,Season peak percentage,Bin,percent,8.8,8.9, 0.01042522953728207933676852548
Mississippi,Season peak percentage,Bin,percent,8.9,9, 0.01053693466910357763588468316
Mississippi,Season peak percentage,Bin,percent,9,9.1, 0.01064975607225847331616108704
Mississippi,Season peak percentage,Bin,percent,9.1,9.2, 0.01076376152164427134338975378
Mississippi,Season peak percentage,Bin,percent,9.2,9.3, 0.01087889831749739785737851605
Mississippi,Season peak percentage,Bin,percent,9.3,9.4, 0.01099503747264700924402003324
Mississippi,Season peak percentage,Bin,percent,9.4,9.5, 0.01111196366143334807174980483
Mississippi,Season peak percentage,Bin,percent,9.5,9.6, 0.01122933480626012517356038245
Mississippi,Season peak percentage,Bin,percent,9.6,9.7, 0.01134672687587447506563087529
Mississippi,Season peak percentage,Bin,percent,9.7,9.8, 0.01146358440163091491070801453
Mississippi,Season peak percentage,Bin,percent,9.8,9.9, 0.01157928090340190445395318619
Mississippi,Season peak percentage,Bin,percent,9.9,10, 0.01169307290917388601758641897
Mississippi,Season peak percentage,Bin,percent,10,10.1, 0.01180408418436266516915456037
Mississippi,Season peak percentage,Bin,percent,10.1,10.2, 0.01191144097205504466530090468
Mississippi,Season peak percentage,Bin,percent,10.2,10.3, 0.01201413942554533688389373225
Mississippi,Season peak percentage,Bin,percent,10.3,10.4, 0.01211102151280112754205831038
Mississippi,Season peak percentage,Bin,percent,10.4,10.5, 0.01220110235408368784537636031
Mississippi,Season peak percentage,Bin,percent,10.5,10.6, 0.01228325836655450725709570747
Mississippi,Season peak percentage,Bin,percent,10.6,10.7, 0.01235609217823228390964462875
Mississippi,Season peak percentage,Bin,percent,10.7,10.8, 0.01241872413899262721226346429
Mississippi,Season peak percentage,Bin,percent,10.8,10.9, 0.01246983274165369866282038203
Mississippi,Season peak percentage,Bin,percent,10.9,11, 0.01250827464852328173294804259
Mississippi,Season peak percentage,Bin,percent,11,11.1, 0.01253315294086317262245433568
Mississippi,Season peak percentage,Bin,percent,11.1,11.2, 0.01254347551557603857030898098
Mississippi,Season peak percentage,Bin,percent,11.2,11.3, 0.01253793100097490807731670515
Mississippi,Season peak percentage,Bin,percent,11.3,11.4, 0.01251617761390223272643940078
Mississippi,Season peak percentage,Bin,percent,11.4,11.5, 0.01247735579105873661431846955
Mississippi,Season peak percentage,Bin,percent,11.5,11.6, 0.01242068273694576022170288354
Mississippi,Season peak percentage,Bin,percent,11.6,11.7, 0.01234601552190966317068543390
Mississippi,Season peak percentage,Bin,percent,11.7,11.8, 0.01225274385286972446407194326
Mississippi,Season peak percentage,Bin,percent,11.8,11.9, 0.01214070606005960423212641786
Mississippi,Season peak percentage,Bin,percent,11.9,12, 0.01201011383529467131670021018
Mississippi,Season peak percentage,Bin,percent,12,12.1, 0.01186101642687646673390844398
Mississippi,Season peak percentage,Bin,percent,12.1,12.2, 0.01169319369867757515968342830
Mississippi,Season peak percentage,Bin,percent,12.2,12.3, 0.01150769739485314226146162042
Mississippi,Season peak percentage,Bin,percent,12.3,12.4, 0.01130463584298601643907122849
Mississippi,Season peak percentage,Bin,percent,12.4,12.5, 0.01108476388348277746898062901
Mississippi,Season peak percentage,Bin,percent,12.5,12.6, 0.01084901671854345342471681590
Mississippi,Season peak percentage,Bin,percent,12.6,12.7, 0.01059815410252157828752128665
Mississippi,Season peak percentage,Bin,percent,12.7,12.8, 0.01033303352221096559071522591
Mississippi,Season peak percentage,Bin,percent,12.8,12.9, 0.01005506384172223828532555245
Mississippi,Season peak percentage,Bin,percent,12.9,13, 0.00976526675715934378008142858
Mississippi,Season peak percentage,Bin,percent,13,100, 0.12949097161193076632734744180
Mississippi,1 wk ahead,Bin,percent,0,0.1, 0.00011257536050856894603751368
Mississippi,1 wk ahead,Bin,percent,0.1,0.2, 0.00022515072101713789207502736
Mississippi,1 wk ahead,Bin,percent,0.2,0.3, 0.00022515072101713778365481011
Mississippi,1 wk ahead,Bin,percent,0.3,0.4, 0.00022515072101713778365481011
Mississippi,1 wk ahead,Bin,percent,0.4,0.5, 0.00022515072101713778365481011
Mississippi,1 wk ahead,Bin,percent,0.5,0.6, 0.00022515072101713791918008167
Mississippi,1 wk ahead,Bin,percent,0.6,0.7, 0.00022515072101713805470535323
Mississippi,1 wk ahead,Bin,percent,0.7,0.8, 0.00022515072101713805470535323
Mississippi,1 wk ahead,Bin,percent,0.8,0.9, 0.00022515072101713805470535323
Mississippi,1 wk ahead,Bin,percent,0.9,1, 0.00022515072101713805470535323
Mississippi,1 wk ahead,Bin,percent,1,1.1, 0.00022515072101713805470535323
Mississippi,1 wk ahead,Bin,percent,1.1,1.2, 0.00022515072101713805470535323
Mississippi,1 wk ahead,Bin,percent,1.2,1.3, 0.00022515072101713805470535323
Mississippi,1 wk ahead,Bin,percent,1.3,1.4, 0.00022515072101713805470535323
Mississippi,1 wk ahead,Bin,percent,1.4,1.5, 0.00022515072101713805470535323
Mississippi,1 wk ahead,Bin,percent,1.5,1.6, 0.00022515072101713805470535323
Mississippi,1 wk ahead,Bin,percent,1.6,1.7, 0.00022515072101713805470535323
Mississippi,1 wk ahead,Bin,percent,1.7,1.8, 0.00022515072101713805470535323
Mississippi,1 wk ahead,Bin,percent,1.8,1.9, 0.00022515072101713805470535323
Mississippi,1 wk ahead,Bin,percent,1.9,2, 0.00022515072101713805470535323
Mississippi,1 wk ahead,Bin,percent,2,2.1, 0.00022515072101713753970932130
Mississippi,1 wk ahead,Bin,percent,2.1,2.2, 0.00022515072101713707892339800
Mississippi,1 wk ahead,Bin,percent,2.2,2.3, 0.00037160805756858238503917424
Mississippi,1 wk ahead,Bin,percent,2.3,2.4, 0.00089677222235707990463660089
Mississippi,1 wk ahead,Bin,percent,2.4,2.5, 0.00193862859418828209316643107
Mississippi,1 wk ahead,Bin,percent,2.5,2.6, 0.00375476027617427550453488294
Mississippi,1 wk ahead,Bin,percent,2.6,2.7, 0.00651518209323645545311132210
Mississippi,1 wk ahead,Bin,percent,2.7,2.8, 0.01012812628893648529693205518
Mississippi,1 wk ahead,Bin,percent,2.8,2.9, 0.01410573302710745567656314137
Mississippi,1 wk ahead,Bin,percent,2.9,3, 0.01760055271961723580287362267
Mississippi,1 wk ahead,Bin,percent,3,3.1, 0.01967523129510498347549685150
Mississippi,1 wk ahead,Bin,percent,3.1,3.2, 0.01970517142230246085410350076
Mississippi,1 wk ahead,Bin,percent,3.2,3.3, 0.01768095669722901178144702783
Mississippi,1 wk ahead,Bin,percent,3.3,3.4, 0.01421310975245516743104001733
Mississippi,1 wk ahead,Bin,percent,3.4,3.5, 0.01023627101732763923502833592
Mississippi,1 wk ahead,Bin,percent,3.5,3.6, 0.00660471905983701489811776852
Mississippi,1 wk ahead,Bin,percent,3.6,3.7, 0.00381792126630379384868985149
Mississippi,1 wk ahead,Bin,percent,3.7,3.8, 0.00197753922542644742024742222
Mississippi,1 wk ahead,Bin,percent,3.8,3.9, 0.00091848406275898259159412573
Mississippi,1 wk ahead,Bin,percent,3.9,4, 0.00038634904222452847669805331
Mississippi,1 wk ahead,Bin,percent,4,4.1, 0.00016183569782283601257849570
Mississippi,1 wk ahead,Bin,percent,4.1,4.2, 0.00011730444719882795003886022
Mississippi,1 wk ahead,Bin,percent,4.2,4.3, 0.00023520926610380389946107493
Mississippi,1 wk ahead,Bin,percent,4.3,4.4, 0.00063042673878212641524337867
Mississippi,1 wk ahead,Bin,percent,4.4,4.5, 0.00159405870720652357089286433
Mississippi,1 wk ahead,Bin,percent,4.5,4.6, 0.00363287650240988945968267920
Mississippi,1 wk ahead,Bin,percent,4.6,4.7, 0.00743044794633959497509589909
Mississippi,1 wk ahead,Bin,percent,4.7,4.8, 0.01363349203850797511372583415
Mississippi,1 wk ahead,Bin,percent,4.8,4.9, 0.02244113336284446480473064867
Mississippi,1 wk ahead,Bin,percent,4.9,5, 0.03314214257065999091889096917
Mississippi,1 wk ahead,Bin,percent,5,5.1, 0.04392470928469223434564838726
Mississippi,1 wk ahead,Bin,percent,5.1,5.2, 0.05227018665493119581322289946
Mississippi,1 wk ahead,Bin,percent,5.2,5.3, 0.05592038194015293284255818662
Mississippi,1 wk ahead,Bin,percent,5.3,5.4, 0.05396003311450375816704649878
Mississippi,1 wk ahead,Bin,percent,5.4,5.5, 0.04735457116870723376367280366
Mississippi,1 wk ahead,Bin,percent,5.5,5.6, 0.03857249816041238149599834628
Mississippi,1 wk ahead,Bin,percent,5.6,5.7, 0.03049379839406810704938166623
Mississippi,1 wk ahead,Bin,percent,5.7,5.8, 0.02524120468531610220197514138
Mississippi,1 wk ahead,Bin,percent,5.8,5.9, 0.02351896150244681127361445760
Mississippi,1 wk ahead,Bin,percent,5.9,6, 0.02469481027395913422251005898
Mississippi,1 wk ahead,Bin,percent,6,6.1, 0.02743578622897278537773324558
Mississippi,1 wk ahead,Bin,percent,6.1,6.2, 0.03048190793861548994470034302
Mississippi,1 wk ahead,Bin,percent,6.2,6.3, 0.03312551073971923415451001915
Mississippi,1 wk ahead,Bin,percent,6.3,6.4, 0.03517539374294872261961231175
Mississippi,1 wk ahead,Bin,percent,6.4,6.5, 0.03654700747624765877485941701
Mississippi,1 wk ahead,Bin,percent,6.5,6.6, 0.03688749357731117145542398816
Mississippi,1 wk ahead,Bin,percent,6.6,6.7, 0.03559539106229162724881476265
Mississippi,1 wk ahead,Bin,percent,6.7,6.8, 0.03222904790458955975873678312
Mississippi,1 wk ahead,Bin,percent,6.8,6.9, 0.02694062694670612198577508423
Mississippi,1 wk ahead,Bin,percent,6.9,7, 0.02054929220057880728811383619
Mississippi,1 wk ahead,Bin,percent,7,7.1, 0.01419479881003438831443830281
Mississippi,1 wk ahead,Bin,percent,7.1,7.2, 0.00883924361671033047282985962
Mississippi,1 wk ahead,Bin,percent,7.2,7.3, 0.00494847826535796137675804474
Mississippi,1 wk ahead,Bin,percent,7.3,7.4, 0.00248686483325223422688465824
Mississippi,1 wk ahead,Bin,percent,7.4,7.5, 0.00112091666044609929858699715
Mississippi,1 wk ahead,Bin,percent,7.5,7.6, 0.00046201664079327677383049466
Mississippi,1 wk ahead,Bin,percent,7.6,7.7, 0.00033895062320607081355477996
Mississippi,1 wk ahead,Bin,percent,7.7,7.8, 0.00033895062320607081355477996
Mississippi,1 wk ahead,Bin,percent,7.8,7.9, 0.00033895062320607081355477996
Mississippi,1 wk ahead,Bin,percent,7.9,8, 0.00033895062320607081355477996
Mississippi,1 wk ahead,Bin,percent,8,8.1, 0.00033895062320607379511075430
Mississippi,1 wk ahead,Bin,percent,8.1,8.2, 0.00033895062320607677666672863
Mississippi,1 wk ahead,Bin,percent,8.2,8.3, 0.00033895062320607677666672863
Mississippi,1 wk ahead,Bin,percent,8.3,8.4, 0.00033895062320607677666672863
Mississippi,1 wk ahead,Bin,percent,8.4,8.5, 0.00033895062320607677666672863
Mississippi,1 wk ahead,Bin,percent,8.5,8.6, 0.00033895062320607677666672863
Mississippi,1 wk ahead,Bin,percent,8.6,8.7, 0.00033895062320607677666672863
Mississippi,1 wk ahead,Bin,percent,8.7,8.8, 0.00033895062320607677666672863
Mississippi,1 wk ahead,Bin,percent,8.8,8.9, 0.00033895062320607677666672863
Mississippi,1 wk ahead,Bin,percent,8.9,9, 0.00033895062320607677666672863
Mississippi,1 wk ahead,Bin,percent,9,9.1, 0.00033895062320607677666672863
Mississippi,1 wk ahead,Bin,percent,9.1,9.2, 0.00033895062320607677666672863
Mississippi,1 wk ahead,Bin,percent,9.2,9.3, 0.00033895062320607677666672863
Mississippi,1 wk ahead,Bin,percent,9.3,9.4, 0.00033895062320607677666672863
Mississippi,1 wk ahead,Bin,percent,9.4,9.5, 0.00033895062320607677666672863
Mississippi,1 wk ahead,Bin,percent,9.5,9.6, 0.00033895062320607677666672863
Mississippi,1 wk ahead,Bin,percent,9.6,9.7, 0.00033895062320607677666672863
Mississippi,1 wk ahead,Bin,percent,9.7,9.8, 0.00033895062320607677666672863
Mississippi,1 wk ahead,Bin,percent,9.8,9.9, 0.00033895062320607677666672863
Mississippi,1 wk ahead,Bin,percent,9.9,10, 0.00033895062320607677666672863
Mississippi,1 wk ahead,Bin,percent,10,10.1, 0.00033895062320607677666672863
Mississippi,1 wk ahead,Bin,percent,10.1,10.2, 0.00033895062320607677666672863
Mississippi,1 wk ahead,Bin,percent,10.2,10.3, 0.00033895062320607677666672863
Mississippi,1 wk ahead,Bin,percent,10.3,10.4, 0.00033895062320607677666672863
Mississippi,1 wk ahead,Bin,percent,10.4,10.5, 0.00033895062320607677666672863
Mississippi,1 wk ahead,Bin,percent,10.5,10.6, 0.00033895062320607677666672863
Mississippi,1 wk ahead,Bin,percent,10.6,10.7, 0.00033895062320607677666672863
Mississippi,1 wk ahead,Bin,percent,10.7,10.8, 0.00033895062320607677666672863
Mississippi,1 wk ahead,Bin,percent,10.8,10.9, 0.00033895062320607677666672863
Mississippi,1 wk ahead,Bin,percent,10.9,11, 0.00033895062320607677666672863
Mississippi,1 wk ahead,Bin,percent,11,11.1, 0.00033895062320607677666672863
Mississippi,1 wk ahead,Bin,percent,11.1,11.2, 0.00033895062320607677666672863
Mississippi,1 wk ahead,Bin,percent,11.2,11.3, 0.00033895062320607677666672863
Mississippi,1 wk ahead,Bin,percent,11.3,11.4, 0.00033895062320607677666672863
Mississippi,1 wk ahead,Bin,percent,11.4,11.5, 0.00033895062320607677666672863
Mississippi,1 wk ahead,Bin,percent,11.5,11.6, 0.00033895062320607677666672863
Mississippi,1 wk ahead,Bin,percent,11.6,11.7, 0.00033895062320607677666672863
Mississippi,1 wk ahead,Bin,percent,11.7,11.8, 0.00033895062320607677666672863
Mississippi,1 wk ahead,Bin,percent,11.8,11.9, 0.00033895062320607677666672863
Mississippi,1 wk ahead,Bin,percent,11.9,12, 0.00033895062320607677666672863
Mississippi,1 wk ahead,Bin,percent,12,12.1, 0.00033895062320607677666672863
Mississippi,1 wk ahead,Bin,percent,12.1,12.2, 0.00033895062320607677666672863
Mississippi,1 wk ahead,Bin,percent,12.2,12.3, 0.00033895062320607677666672863
Mississippi,1 wk ahead,Bin,percent,12.3,12.4, 0.00033895062320607677666672863
Mississippi,1 wk ahead,Bin,percent,12.4,12.5, 0.00033895062320607677666672863
Mississippi,1 wk ahead,Bin,percent,12.5,12.6, 0.00033895062320607677666672863
Mississippi,1 wk ahead,Bin,percent,12.6,12.7, 0.00033895062320607677666672863
Mississippi,1 wk ahead,Bin,percent,12.7,12.8, 0.00033895062320607677666672863
Mississippi,1 wk ahead,Bin,percent,12.8,12.9, 0.00033895062320607677666672863
Mississippi,1 wk ahead,Bin,percent,12.9,13, 0.00033895062320607677666672863
Mississippi,1 wk ahead,Bin,percent,13,100, 0.00033895062320607677666672863
Mississippi,2 wk ahead,Bin,percent,0,0.1, 0.00007028062792134031505110470
Mississippi,2 wk ahead,Bin,percent,0.1,0.2, 0.00014056125584268065720726371
Mississippi,2 wk ahead,Bin,percent,0.2,0.3, 0.00014056125584268060299715508
Mississippi,2 wk ahead,Bin,percent,0.3,0.4, 0.00014056125584268060299715508
Mississippi,2 wk ahead,Bin,percent,0.4,0.5, 0.00014056125584268060299715508
Mississippi,2 wk ahead,Bin,percent,0.5,0.6, 0.00014056125584268068431231802
Mississippi,2 wk ahead,Bin,percent,0.6,0.7, 0.00014056125584268073852242664
Mississippi,2 wk ahead,Bin,percent,0.7,0.8, 0.00014056125584268073852242664
Mississippi,2 wk ahead,Bin,percent,0.8,0.9, 0.00014056125584268073852242664
Mississippi,2 wk ahead,Bin,percent,0.9,1, 0.00014056125584268073852242664
Mississippi,2 wk ahead,Bin,percent,1,1.1, 0.00014056125584268073852242664
Mississippi,2 wk ahead,Bin,percent,1.1,1.2, 0.00014056125584268073852242664
Mississippi,2 wk ahead,Bin,percent,1.2,1.3, 0.00014056125584268073852242664
Mississippi,2 wk ahead,Bin,percent,1.3,1.4, 0.00014056125584268073852242664
Mississippi,2 wk ahead,Bin,percent,1.4,1.5, 0.00014056125584268073852242664
Mississippi,2 wk ahead,Bin,percent,1.5,1.6, 0.00014056125584268073852242664
Mississippi,2 wk ahead,Bin,percent,1.6,1.7, 0.00014056125584268073852242664
Mississippi,2 wk ahead,Bin,percent,1.7,1.8, 0.00014536987147436308842086972
Mississippi,2 wk ahead,Bin,percent,1.8,1.9, 0.00023304661993941066990693178
Mississippi,2 wk ahead,Bin,percent,1.9,2, 0.00040762445426083162691027750
Mississippi,2 wk ahead,Bin,percent,2,2.1, 0.00068349201932610805041573565
Mississippi,2 wk ahead,Bin,percent,2.1,2.2, 0.00109861736715264409099124254
Mississippi,2 wk ahead,Bin,percent,2.2,2.3, 0.00169275181595751134447369601
Mississippi,2 wk ahead,Bin,percent,2.3,2.4, 0.00250021101600870262332554361
Mississippi,2 wk ahead,Bin,percent,2.4,2.5, 0.00353991061105603070646719033
Mississippi,2 wk ahead,Bin,percent,2.5,2.6, 0.00480450468959374432653675058
Mississippi,2 wk ahead,Bin,percent,2.6,2.7, 0.00625099684115498072101146931
Mississippi,2 wk ahead,Bin,percent,2.7,2.8, 0.00779633686455764082084973765
Mississippi,2 wk ahead,Bin,percent,2.8,2.9, 0.00932136194720503512278764191
Mississippi,2 wk ahead,Bin,percent,2.9,3, 0.01068391488056804478068428921
Mississippi,2 wk ahead,Bin,percent,3,3.1, 0.01174009529218104225245511429
Mississippi,2 wk ahead,Bin,percent,3.1,3.2, 0.01236968573687246587822219368
Mississippi,2 wk ahead,Bin,percent,3.2,3.3, 0.01250023842815897907876365736
Mississippi,2 wk ahead,Bin,percent,3.3,3.4, 0.01212347491932427856475840144
Mississippi,2 wk ahead,Bin,percent,3.4,3.5, 0.01129982255910487454197976831
Mississippi,2 wk ahead,Bin,percent,3.5,3.6, 0.01015093801259801115088876600
Mississippi,2 wk ahead,Bin,percent,3.6,3.7, 0.00884203466587152667188753696
Mississippi,2 wk ahead,Bin,percent,3.7,3.8, 0.00755945027191272031497071282
Mississippi,2 wk ahead,Bin,percent,3.8,3.9, 0.00648820752412677167336729767
Mississippi,2 wk ahead,Bin,percent,3.9,4, 0.00579352398533943251796030083
Mississippi,2 wk ahead,Bin,percent,4,4.1, 0.00560732674746145919736362018
Mississippi,2 wk ahead,Bin,percent,4.1,4.2, 0.00601817615447188675181777739
Mississippi,2 wk ahead,Bin,percent,4.2,4.3, 0.00706339036070719253346261723
Mississippi,2 wk ahead,Bin,percent,4.3,4.4, 0.00872135906765975250920508444
Mississippi,2 wk ahead,Bin,percent,4.4,4.5, 0.01090585715543494239876398666
Mississippi,2 wk ahead,Bin,percent,4.5,4.6, 0.01346670579522874638955798332
Mississippi,2 wk ahead,Bin,percent,4.6,4.7, 0.01620000292605202826812238470
Mississippi,2 wk ahead,Bin,percent,4.7,4.8, 0.01887192813641312000294547602
Mississippi,2 wk ahead,Bin,percent,4.8,4.9, 0.02125487734113034113403450931
Mississippi,2 wk ahead,Bin,percent,4.9,5, 0.02317037573719249107795370435
Mississippi,2 wk ahead,Bin,percent,5,5.1, 0.02452806347432710462608262958
Mississippi,2 wk ahead,Bin,percent,5.1,5.2, 0.02534936715423020958670718983
Mississippi,2 wk ahead,Bin,percent,5.2,5.3, 0.02576820125722810786439431752
Mississippi,2 wk ahead,Bin,percent,5.3,5.4, 0.02600453579797333894529920428
Mississippi,2 wk ahead,Bin,percent,5.4,5.5, 0.02631738681797511983373460964
Mississippi,2 wk ahead,Bin,percent,5.5,5.6, 0.02694724815063539308246376436
Mississippi,2 wk ahead,Bin,percent,5.6,5.7, 0.02806170588826738601651022975
Mississippi,2 wk ahead,Bin,percent,5.7,5.8, 0.02971724501143406874104080373
Mississippi,2 wk ahead,Bin,percent,5.8,5.9, 0.03184366212533578516241661305
Mississippi,2 wk ahead,Bin,percent,5.9,6, 0.03425360416859268841704988517
Mississippi,2 wk ahead,Bin,percent,6,6.1, 0.03667189607548358709632196906
Mississippi,2 wk ahead,Bin,percent,6.1,6.2, 0.03877909932610274640341074814
Mississippi,2 wk ahead,Bin,percent,6.2,6.3, 0.04026013841308052204626122261
Mississippi,2 wk ahead,Bin,percent,6.3,6.4, 0.04085136730855845610399512680
Mississippi,2 wk ahead,Bin,percent,6.4,6.5, 0.04037902363890122359180168132
Mississippi,2 wk ahead,Bin,percent,6.5,6.6, 0.03878398577126070806420088388
Mississippi,2 wk ahead,Bin,percent,6.6,6.7, 0.03613029822789589479148375517
Mississippi,2 wk ahead,Bin,percent,6.7,6.8, 0.03259514779486982066769584776
Mississippi,2 wk ahead,Bin,percent,6.8,6.9, 0.02844062479909113469456194423
Mississippi,2 wk ahead,Bin,percent,6.9,7, 0.02397446996474527497467121862
Mississippi,2 wk ahead,Bin,percent,7,7.1, 0.01950570689323673570503281383
Mississippi,2 wk ahead,Bin,percent,7.1,7.2, 0.01530417330410783517680162191
Mississippi,2 wk ahead,Bin,percent,7.2,7.3, 0.01157084717981094260097485460
Mississippi,2 wk ahead,Bin,percent,7.3,7.4, 0.00842437475107913648353363811
Mississippi,2 wk ahead,Bin,percent,7.4,7.5, 0.00590311059908815802949044738
Mississippi,2 wk ahead,Bin,percent,7.5,7.6, 0.00397897963324811854840534764
Mississippi,2 wk ahead,Bin,percent,7.6,7.7, 0.00257880149572539251606739796
Mississippi,2 wk ahead,Bin,percent,7.7,7.8, 0.00160647794775455932982100027
Mississippi,2 wk ahead,Bin,percent,7.8,7.9, 0.00096157762362729859093035678
Mississippi,2 wk ahead,Bin,percent,7.9,8, 0.00055285448592330211411288721
Mississippi,2 wk ahead,Bin,percent,8,8.1, 0.00030672143244651238957673711
Mississippi,2 wk ahead,Bin,percent,8.1,8.2, 0.00024048865902124080947896423
Mississippi,2 wk ahead,Bin,percent,8.2,8.3, 0.00024048865902124080947896423
Mississippi,2 wk ahead,Bin,percent,8.3,8.4, 0.00024048865902124080947896423
Mississippi,2 wk ahead,Bin,percent,8.4,8.5, 0.00024048865902124080947896423
Mississippi,2 wk ahead,Bin,percent,8.5,8.6, 0.00024048865902124080947896423
Mississippi,2 wk ahead,Bin,percent,8.6,8.7, 0.00024048865902124080947896423
Mississippi,2 wk ahead,Bin,percent,8.7,8.8, 0.00024048865902124080947896423
Mississippi,2 wk ahead,Bin,percent,8.8,8.9, 0.00024048865902124080947896423
Mississippi,2 wk ahead,Bin,percent,8.9,9, 0.00024048865902124080947896423
Mississippi,2 wk ahead,Bin,percent,9,9.1, 0.00024048865902124080947896423
Mississippi,2 wk ahead,Bin,percent,9.1,9.2, 0.00024048865902124080947896423
Mississippi,2 wk ahead,Bin,percent,9.2,9.3, 0.00024048865902124080947896423
Mississippi,2 wk ahead,Bin,percent,9.3,9.4, 0.00024048865902124080947896423
Mississippi,2 wk ahead,Bin,percent,9.4,9.5, 0.00024048865902124080947896423
Mississippi,2 wk ahead,Bin,percent,9.5,9.6, 0.00024048865902124080947896423
Mississippi,2 wk ahead,Bin,percent,9.6,9.7, 0.00024048865902124080947896423
Mississippi,2 wk ahead,Bin,percent,9.7,9.8, 0.00024048865902124080947896423
Mississippi,2 wk ahead,Bin,percent,9.8,9.9, 0.00024048865902124080947896423
Mississippi,2 wk ahead,Bin,percent,9.9,10, 0.00024048865902124080947896423
Mississippi,2 wk ahead,Bin,percent,10,10.1, 0.00024048865902124080947896423
Mississippi,2 wk ahead,Bin,percent,10.1,10.2, 0.00024048865902124080947896423
Mississippi,2 wk ahead,Bin,percent,10.2,10.3, 0.00024048865902124080947896423
Mississippi,2 wk ahead,Bin,percent,10.3,10.4, 0.00024048865902124080947896423
Mississippi,2 wk ahead,Bin,percent,10.4,10.5, 0.00024048865902124080947896423
Mississippi,2 wk ahead,Bin,percent,10.5,10.6, 0.00024048865902124080947896423
Mississippi,2 wk ahead,Bin,percent,10.6,10.7, 0.00024048865902124080947896423
Mississippi,2 wk ahead,Bin,percent,10.7,10.8, 0.00024048865902124080947896423
Mississippi,2 wk ahead,Bin,percent,10.8,10.9, 0.00024048865902124080947896423
Mississippi,2 wk ahead,Bin,percent,10.9,11, 0.00024048865902124080947896423
Mississippi,2 wk ahead,Bin,percent,11,11.1, 0.00024048865902124080947896423
Mississippi,2 wk ahead,Bin,percent,11.1,11.2, 0.00024048865902124080947896423
Mississippi,2 wk ahead,Bin,percent,11.2,11.3, 0.00024048865902124080947896423
Mississippi,2 wk ahead,Bin,percent,11.3,11.4, 0.00024048865902124080947896423
Mississippi,2 wk ahead,Bin,percent,11.4,11.5, 0.00024048865902124080947896423
Mississippi,2 wk ahead,Bin,percent,11.5,11.6, 0.00024048865902124080947896423
Mississippi,2 wk ahead,Bin,percent,11.6,11.7, 0.00024048865902124080947896423
Mississippi,2 wk ahead,Bin,percent,11.7,11.8, 0.00024048865902124080947896423
Mississippi,2 wk ahead,Bin,percent,11.8,11.9, 0.00024048865902124080947896423
Mississippi,2 wk ahead,Bin,percent,11.9,12, 0.00024048865902124080947896423
Mississippi,2 wk ahead,Bin,percent,12,12.1, 0.00024048865902124080947896423
Mississippi,2 wk ahead,Bin,percent,12.1,12.2, 0.00024048865902124080947896423
Mississippi,2 wk ahead,Bin,percent,12.2,12.3, 0.00024048865902124080947896423
Mississippi,2 wk ahead,Bin,percent,12.3,12.4, 0.00024048865902124080947896423
Mississippi,2 wk ahead,Bin,percent,12.4,12.5, 0.00024048865902124080947896423
Mississippi,2 wk ahead,Bin,percent,12.5,12.6, 0.00024048865902124080947896423
Mississippi,2 wk ahead,Bin,percent,12.6,12.7, 0.00024048865902124080947896423
Mississippi,2 wk ahead,Bin,percent,12.7,12.8, 0.00024048865902124080947896423
Mississippi,2 wk ahead,Bin,percent,12.8,12.9, 0.00024048865902124080947896423
Mississippi,2 wk ahead,Bin,percent,12.9,13, 0.00024048865902124080947896423
Mississippi,2 wk ahead,Bin,percent,13,100, 0.00024048865902124080947896423
Mississippi,3 wk ahead,Bin,percent,0,0.1, 0.00014742374964288673471445035
Mississippi,3 wk ahead,Bin,percent,0.1,0.2, 0.00029484749928577352363900932
Mississippi,3 wk ahead,Bin,percent,0.2,0.3, 0.00029484749928577330679857482
Mississippi,3 wk ahead,Bin,percent,0.3,0.4, 0.00029484749928577330679857482
Mississippi,3 wk ahead,Bin,percent,0.4,0.5, 0.00029484749928577330679857482
Mississippi,3 wk ahead,Bin,percent,0.5,0.6, 0.00029484749928577352363900932
Mississippi,3 wk ahead,Bin,percent,0.6,0.7, 0.00029484749928577368626933519
Mississippi,3 wk ahead,Bin,percent,0.7,0.8, 0.00029484749928577368626933519
Mississippi,3 wk ahead,Bin,percent,0.8,0.9, 0.00029484749928577368626933519
Mississippi,3 wk ahead,Bin,percent,0.9,1, 0.00029484749928577368626933519
Mississippi,3 wk ahead,Bin,percent,1,1.1, 0.00029484749928577368626933519
Mississippi,3 wk ahead,Bin,percent,1.1,1.2, 0.00029484749928577368626933519
Mississippi,3 wk ahead,Bin,percent,1.2,1.3, 0.00029484749928577368626933519
Mississippi,3 wk ahead,Bin,percent,1.3,1.4, 0.00029484749928577368626933519
Mississippi,3 wk ahead,Bin,percent,1.4,1.5, 0.00029484749928577368626933519
Mississippi,3 wk ahead,Bin,percent,1.5,1.6, 0.00029484749928577368626933519
Mississippi,3 wk ahead,Bin,percent,1.6,1.7, 0.00029484749928577368626933519
Mississippi,3 wk ahead,Bin,percent,1.7,1.8, 0.00029484749928577368626933519
Mississippi,3 wk ahead,Bin,percent,1.8,1.9, 0.00029484749928577368626933519
Mississippi,3 wk ahead,Bin,percent,1.9,2, 0.00029484749928577368626933519
Mississippi,3 wk ahead,Bin,percent,2,2.1, 0.00029484749928577303574803170
Mississippi,3 wk ahead,Bin,percent,2.1,2.2, 0.00029484749928577238522672821
Mississippi,3 wk ahead,Bin,percent,2.2,2.3, 0.00029484749928577238522672821
Mississippi,3 wk ahead,Bin,percent,2.3,2.4, 0.00029484749928577238522672821
Mississippi,3 wk ahead,Bin,percent,2.4,2.5, 0.00029484749928577238522672821
Mississippi,3 wk ahead,Bin,percent,2.5,2.6, 0.00029484749928577238522672821
Mississippi,3 wk ahead,Bin,percent,2.6,2.7, 0.00029484749928577238522672821
Mississippi,3 wk ahead,Bin,percent,2.7,2.8, 0.00029484749928577238522672821
Mississippi,3 wk ahead,Bin,percent,2.8,2.9, 0.00029484749928577238522672821
Mississippi,3 wk ahead,Bin,percent,2.9,3, 0.00029484749928577238522672821
Mississippi,3 wk ahead,Bin,percent,3,3.1, 0.00029484749928577238522672821
Mississippi,3 wk ahead,Bin,percent,3.1,3.2, 0.00029484749928577238522672821
Mississippi,3 wk ahead,Bin,percent,3.2,3.3, 0.00029484749928577238522672821
Mississippi,3 wk ahead,Bin,percent,3.3,3.4, 0.00029484749928577238522672821
Mississippi,3 wk ahead,Bin,percent,3.4,3.5, 0.00029484749928577238522672821
Mississippi,3 wk ahead,Bin,percent,3.5,3.6, 0.00045735052775191533357135310
Mississippi,3 wk ahead,Bin,percent,3.6,3.7, 0.00141678348640360339365240616
Mississippi,3 wk ahead,Bin,percent,3.7,3.8, 0.00369415877375092998463612659
Mississippi,3 wk ahead,Bin,percent,3.8,3.9, 0.00796041077800583446455462422
Mississippi,3 wk ahead,Bin,percent,3.9,4, 0.01417808621104019693726083773
Mississippi,3 wk ahead,Bin,percent,4,4.1, 0.02089611813185824479299768086
Mississippi,3 wk ahead,Bin,percent,4.1,4.2, 0.02558476430532260342820549681
Mississippi,3 wk ahead,Bin,percent,4.2,4.3, 0.02639011980023463557754048736
Mississippi,3 wk ahead,Bin,percent,4.3,4.4, 0.02403353173271239109909380716
Mississippi,3 wk ahead,Bin,percent,4.4,4.5, 0.02188231368800558698795022394
Mississippi,3 wk ahead,Bin,percent,4.5,4.6, 0.02370604622947116574271930745
Mississippi,3 wk ahead,Bin,percent,4.6,4.7, 0.03066917382997902744024010246
Mississippi,3 wk ahead,Bin,percent,4.7,4.8, 0.03992585931993408027151915007
Mississippi,3 wk ahead,Bin,percent,4.8,4.9, 0.04629217380760127648064994332
Mississippi,3 wk ahead,Bin,percent,4.9,5, 0.04624176717474613729219612424
Mississippi,3 wk ahead,Bin,percent,5,5.1, 0.04104777129853454109564836472
Mississippi,3 wk ahead,Bin,percent,5.1,5.2, 0.03601381582919210150306454921
Mississippi,3 wk ahead,Bin,percent,5.2,5.3, 0.03625216890194429136817788617
Mississippi,3 wk ahead,Bin,percent,5.3,5.4, 0.04259247768899198510750281343
Mississippi,3 wk ahead,Bin,percent,5.4,5.5, 0.05089573927992104701578668369
Mississippi,3 wk ahead,Bin,percent,5.5,5.6, 0.05508282288533946496889015521
Mississippi,3 wk ahead,Bin,percent,5.6,5.7, 0.05139878755702359525159295117
Mississippi,3 wk ahead,Bin,percent,5.7,5.8, 0.04068800547364305464359546249
Mississippi,3 wk ahead,Bin,percent,5.8,5.9, 0.02717615651650103283931692033
Mississippi,3 wk ahead,Bin,percent,5.9,6, 0.01528451852928132750908396531
Mississippi,3 wk ahead,Bin,percent,6,6.1, 0.00728047133900150845314813708
Mississippi,3 wk ahead,Bin,percent,6.1,6.2, 0.00317212615435377666070482228
Mississippi,3 wk ahead,Bin,percent,6.2,6.3, 0.00208243442347572299891411696
Mississippi,3 wk ahead,Bin,percent,6.3,6.4, 0.00357555681128771596019588763
Mississippi,3 wk ahead,Bin,percent,6.4,6.5, 0.00801509910705127531782565597
Mississippi,3 wk ahead,Bin,percent,6.5,6.6, 0.01577941872396611960871481983
Mississippi,3 wk ahead,Bin,percent,6.6,6.7, 0.02582559460653776131633385660
Mississippi,3 wk ahead,Bin,percent,6.7,6.8, 0.03494587467885437725989561386
Mississippi,3 wk ahead,Bin,percent,6.8,6.9, 0.03907608146923807063144451490
Mississippi,3 wk ahead,Bin,percent,6.9,7, 0.03610629673913087755998674311
Mississippi,3 wk ahead,Bin,percent,7,7.1, 0.02756709206151105456816807759
Mississippi,3 wk ahead,Bin,percent,7.1,7.2, 0.01739171326256868863047166940
Mississippi,3 wk ahead,Bin,percent,7.2,7.3, 0.00906589723804995112343974029
Mississippi,3 wk ahead,Bin,percent,7.3,7.4, 0.00390448563071471143465229758
Mississippi,3 wk ahead,Bin,percent,7.4,7.5, 0.00138955642384414263315606242
Mississippi,3 wk ahead,Bin,percent,7.5,7.6, 0.00049536362505682831128273058
Mississippi,3 wk ahead,Bin,percent,7.6,7.7, 0.00044352322223286852996559926
Mississippi,3 wk ahead,Bin,percent,7.7,7.8, 0.00044352322223286852996559926
Mississippi,3 wk ahead,Bin,percent,7.8,7.9, 0.00044352322223286852996559926
Mississippi,3 wk ahead,Bin,percent,7.9,8, 0.00044352322223286852996559926
Mississippi,3 wk ahead,Bin,percent,8,8.1, 0.00044352322223287248730352883
Mississippi,3 wk ahead,Bin,percent,8.1,8.2, 0.00044352322223287639043134978
Mississippi,3 wk ahead,Bin,percent,8.2,8.3, 0.00044352322223287639043134978
Mississippi,3 wk ahead,Bin,percent,8.3,8.4, 0.00044352322223287639043134978
Mississippi,3 wk ahead,Bin,percent,8.4,8.5, 0.00044352322223287639043134978
Mississippi,3 wk ahead,Bin,percent,8.5,8.6, 0.00044352322223287639043134978
Mississippi,3 wk ahead,Bin,percent,8.6,8.7, 0.00044352322223287639043134978
Mississippi,3 wk ahead,Bin,percent,8.7,8.8, 0.00044352322223287639043134978
Mississippi,3 wk ahead,Bin,percent,8.8,8.9, 0.00044352322223287639043134978
Mississippi,3 wk ahead,Bin,percent,8.9,9, 0.00044352322223287639043134978
Mississippi,3 wk ahead,Bin,percent,9,9.1, 0.00044352322223287639043134978
Mississippi,3 wk ahead,Bin,percent,9.1,9.2, 0.00044352322223287639043134978
Mississippi,3 wk ahead,Bin,percent,9.2,9.3, 0.00044352322223287639043134978
Mississippi,3 wk ahead,Bin,percent,9.3,9.4, 0.00044352322223287639043134978
Mississippi,3 wk ahead,Bin,percent,9.4,9.5, 0.00044352322223287639043134978
Mississippi,3 wk ahead,Bin,percent,9.5,9.6, 0.00044352322223287639043134978
Mississippi,3 wk ahead,Bin,percent,9.6,9.7, 0.00044352322223287639043134978
Mississippi,3 wk ahead,Bin,percent,9.7,9.8, 0.00044352322223287639043134978
Mississippi,3 wk ahead,Bin,percent,9.8,9.9, 0.00044352322223287639043134978
Mississippi,3 wk ahead,Bin,percent,9.9,10, 0.00044352322223287639043134978
Mississippi,3 wk ahead,Bin,percent,10,10.1, 0.00044352322223287639043134978
Mississippi,3 wk ahead,Bin,percent,10.1,10.2, 0.00044352322223287639043134978
Mississippi,3 wk ahead,Bin,percent,10.2,10.3, 0.00044352322223287639043134978
Mississippi,3 wk ahead,Bin,percent,10.3,10.4, 0.00044352322223287639043134978
Mississippi,3 wk ahead,Bin,percent,10.4,10.5, 0.00044352322223287639043134978
Mississippi,3 wk ahead,Bin,percent,10.5,10.6, 0.00044352322223287639043134978
Mississippi,3 wk ahead,Bin,percent,10.6,10.7, 0.00044352322223287639043134978
Mississippi,3 wk ahead,Bin,percent,10.7,10.8, 0.00044352322223287639043134978
Mississippi,3 wk ahead,Bin,percent,10.8,10.9, 0.00044352322223287639043134978
Mississippi,3 wk ahead,Bin,percent,10.9,11, 0.00044352322223287639043134978
Mississippi,3 wk ahead,Bin,percent,11,11.1, 0.00044352322223287639043134978
Mississippi,3 wk ahead,Bin,percent,11.1,11.2, 0.00044352322223287639043134978
Mississippi,3 wk ahead,Bin,percent,11.2,11.3, 0.00044352322223287639043134978
Mississippi,3 wk ahead,Bin,percent,11.3,11.4, 0.00044352322223287639043134978
Mississippi,3 wk ahead,Bin,percent,11.4,11.5, 0.00044352322223287639043134978
Mississippi,3 wk ahead,Bin,percent,11.5,11.6, 0.00044352322223287639043134978
Mississippi,3 wk ahead,Bin,percent,11.6,11.7, 0.00044352322223287639043134978
Mississippi,3 wk ahead,Bin,percent,11.7,11.8, 0.00044352322223287639043134978
Mississippi,3 wk ahead,Bin,percent,11.8,11.9, 0.00044352322223287639043134978
Mississippi,3 wk ahead,Bin,percent,11.9,12, 0.00044352322223287639043134978
Mississippi,3 wk ahead,Bin,percent,12,12.1, 0.00044352322223287639043134978
Mississippi,3 wk ahead,Bin,percent,12.1,12.2, 0.00044352322223287639043134978
Mississippi,3 wk ahead,Bin,percent,12.2,12.3, 0.00044352322223287639043134978
Mississippi,3 wk ahead,Bin,percent,12.3,12.4, 0.00044352322223287639043134978
Mississippi,3 wk ahead,Bin,percent,12.4,12.5, 0.00044352322223287639043134978
Mississippi,3 wk ahead,Bin,percent,12.5,12.6, 0.00044352322223287639043134978
Mississippi,3 wk ahead,Bin,percent,12.6,12.7, 0.00044352322223287639043134978
Mississippi,3 wk ahead,Bin,percent,12.7,12.8, 0.00044352322223287639043134978
Mississippi,3 wk ahead,Bin,percent,12.8,12.9, 0.00044352322223287639043134978
Mississippi,3 wk ahead,Bin,percent,12.9,13, 0.00044352322223287639043134978
Mississippi,3 wk ahead,Bin,percent,13,100, 0.00044352322223287639043134978
Mississippi,4 wk ahead,Bin,percent,0,0.1, 0.00020392171774927527155667206
Mississippi,4 wk ahead,Bin,percent,0.1,0.2, 0.00040784343549855059732345275
Mississippi,4 wk ahead,Bin,percent,0.2,0.3, 0.00040784343549855043469312688
Mississippi,4 wk ahead,Bin,percent,0.3,0.4, 0.00040784343549855043469312688
Mississippi,4 wk ahead,Bin,percent,0.4,0.5, 0.00040784343549855043469312688
Mississippi,4 wk ahead,Bin,percent,0.5,0.6, 0.00040784343549855070574367000
Mississippi,4 wk ahead,Bin,percent,0.6,0.7, 0.00040784343549855092258410449
Mississippi,4 wk ahead,Bin,percent,0.7,0.8, 0.00040784343549855092258410449
Mississippi,4 wk ahead,Bin,percent,0.8,0.9, 0.00040784343549855092258410449
Mississippi,4 wk ahead,Bin,percent,0.9,1, 0.00040784343549855092258410449
Mississippi,4 wk ahead,Bin,percent,1,1.1, 0.00040784343549855092258410449
Mississippi,4 wk ahead,Bin,percent,1.1,1.2, 0.00040784343549855092258410449
Mississippi,4 wk ahead,Bin,percent,1.2,1.3, 0.00040784343549855092258410449
Mississippi,4 wk ahead,Bin,percent,1.3,1.4, 0.00040784343549855092258410449
Mississippi,4 wk ahead,Bin,percent,1.4,1.5, 0.00040784343549855092258410449
Mississippi,4 wk ahead,Bin,percent,1.5,1.6, 0.00040784343549855092258410449
Mississippi,4 wk ahead,Bin,percent,1.6,1.7, 0.00040784343549855092258410449
Mississippi,4 wk ahead,Bin,percent,1.7,1.8, 0.00040784343549855092258410449
Mississippi,4 wk ahead,Bin,percent,1.8,1.9, 0.00040784343549855092258410449
Mississippi,4 wk ahead,Bin,percent,1.9,2, 0.00040784343549855092258410449
Mississippi,4 wk ahead,Bin,percent,2,2.1, 0.00040784343549855000101225788
Mississippi,4 wk ahead,Bin,percent,2.1,2.2, 0.00040784343549854907944041127
Mississippi,4 wk ahead,Bin,percent,2.2,2.3, 0.00040784343549854907944041127
Mississippi,4 wk ahead,Bin,percent,2.3,2.4, 0.00040784343549854907944041127
Mississippi,4 wk ahead,Bin,percent,2.4,2.5, 0.00040784343549854907944041127
Mississippi,4 wk ahead,Bin,percent,2.5,2.6, 0.00040784343549854907944041127
Mississippi,4 wk ahead,Bin,percent,2.6,2.7, 0.00040784343549854907944041127
Mississippi,4 wk ahead,Bin,percent,2.7,2.8, 0.00040784343549854907944041127
Mississippi,4 wk ahead,Bin,percent,2.8,2.9, 0.00040784343549854907944041127
Mississippi,4 wk ahead,Bin,percent,2.9,3, 0.00040784343549854907944041127
Mississippi,4 wk ahead,Bin,percent,3,3.1, 0.00060192097861021709621909270
Mississippi,4 wk ahead,Bin,percent,3.1,3.2, 0.00126758263239199549417268731
Mississippi,4 wk ahead,Bin,percent,3.2,3.3, 0.00248735010835170883281008969
Mississippi,4 wk ahead,Bin,percent,3.3,3.4, 0.00454606563041439881017735658
Mississippi,4 wk ahead,Bin,percent,3.4,3.5, 0.00773834422186770246043785448
Mississippi,4 wk ahead,Bin,percent,3.5,3.6, 0.01226830555352698831628188714
Mississippi,4 wk ahead,Bin,percent,3.6,3.7, 0.01811584702690970105631862452
Mississippi,4 wk ahead,Bin,percent,3.7,3.8, 0.02491607957171576570587490096
Mississippi,4 wk ahead,Bin,percent,3.8,3.9, 0.03192207997203781039141645692
Mississippi,4 wk ahead,Bin,percent,3.9,4, 0.03810424830874152568593871138
Mississippi,4 wk ahead,Bin,percent,4,4.1, 0.04239441576209907608374649612
Mississippi,4 wk ahead,Bin,percent,4.1,4.2, 0.04400376307293251548768964199
Mississippi,4 wk ahead,Bin,percent,4.2,4.3, 0.04269456334322155321991942856
Mississippi,4 wk ahead,Bin,percent,4.3,4.4, 0.03888588397057902990017197453
Mississippi,4 wk ahead,Bin,percent,4.4,4.5, 0.03354007729927012404491648567
Mississippi,4 wk ahead,Bin,percent,4.5,4.6, 0.02787525557963226388591415628
Mississippi,4 wk ahead,Bin,percent,4.6,4.7, 0.02301252320911849336138033095
Mississippi,4 wk ahead,Bin,percent,4.7,4.8, 0.01968759635732624663218004457
Mississippi,4 wk ahead,Bin,percent,4.8,4.9, 0.01811246759881633347499807485
Mississippi,4 wk ahead,Bin,percent,4.9,5, 0.01801053193815459890769758999
Mississippi,4 wk ahead,Bin,percent,5,5.1, 0.01879268117020045647524995047
Mississippi,4 wk ahead,Bin,percent,5.1,5.2, 0.01980874392419654586583455114
Mississippi,4 wk ahead,Bin,percent,5.2,5.3, 0.02059411411990671320060286575
Mississippi,4 wk ahead,Bin,percent,5.3,5.4, 0.02103538668012508439097985047
Mississippi,4 wk ahead,Bin,percent,5.4,5.5, 0.02139780933564666351442973280
Mississippi,4 wk ahead,Bin,percent,5.5,5.6, 0.02219954468429729058098764938
Mississippi,4 wk ahead,Bin,percent,5.6,5.7, 0.02396869431477945122654915622
Mississippi,4 wk ahead,Bin,percent,5.7,5.8, 0.02696898155663817256422198909
Mississippi,4 wk ahead,Bin,percent,5.8,5.9, 0.03100206615955509309445758959
Mississippi,4 wk ahead,Bin,percent,5.9,6, 0.03537682648800138246469870751
Mississippi,4 wk ahead,Bin,percent,6,6.1, 0.03907712193428967278885366454
Mississippi,4 wk ahead,Bin,percent,6.1,6.2, 0.04107557905757611149688557362
Mississippi,4 wk ahead,Bin,percent,6.2,6.3, 0.04067420718078924163352283472
Mississippi,4 wk ahead,Bin,percent,6.3,6.4, 0.03773231544399572451320423738
Mississippi,4 wk ahead,Bin,percent,6.4,6.5, 0.03269654545990207522576653787
Mississippi,4 wk ahead,Bin,percent,6.5,6.6, 0.02642564036342575847782221388
Mississippi,4 wk ahead,Bin,percent,6.6,6.7, 0.01990444600889598736337404716
Mississippi,4 wk ahead,Bin,percent,6.7,6.8, 0.01396696591076776981787954668
Mississippi,4 wk ahead,Bin,percent,6.8,6.9, 0.00912830539403239674123291536
Mississippi,4 wk ahead,Bin,percent,6.9,7, 0.00555622809051323478940487277
Mississippi,4 wk ahead,Bin,percent,7,7.1, 0.00314951052960325394297624868
Mississippi,4 wk ahead,Bin,percent,7.1,7.2, 0.00166255862749772670081127579
Mississippi,4 wk ahead,Bin,percent,7.2,7.3, 0.00081723807937610548537271660
Mississippi,4 wk ahead,Bin,percent,7.3,7.4, 0.00044442697864519476597111591
Mississippi,4 wk ahead,Bin,percent,7.4,7.5, 0.00042680314077924884005876827
Mississippi,4 wk ahead,Bin,percent,7.5,7.6, 0.00042680314077924884005876827
Mississippi,4 wk ahead,Bin,percent,7.6,7.7, 0.00042680314077924884005876827
Mississippi,4 wk ahead,Bin,percent,7.7,7.8, 0.00042680314077924884005876827
Mississippi,4 wk ahead,Bin,percent,7.8,7.9, 0.00042680314077924884005876827
Mississippi,4 wk ahead,Bin,percent,7.9,8, 0.00042680314077924884005876827
Mississippi,4 wk ahead,Bin,percent,8,8.1, 0.00042680314077925258055626334
Mississippi,4 wk ahead,Bin,percent,8.1,8.2, 0.00042680314077925637526386704
Mississippi,4 wk ahead,Bin,percent,8.2,8.3, 0.00042680314077925637526386704
Mississippi,4 wk ahead,Bin,percent,8.3,8.4, 0.00042680314077925637526386704
Mississippi,4 wk ahead,Bin,percent,8.4,8.5, 0.00042680314077925637526386704
Mississippi,4 wk ahead,Bin,percent,8.5,8.6, 0.00042680314077925637526386704
Mississippi,4 wk ahead,Bin,percent,8.6,8.7, 0.00042680314077925637526386704
Mississippi,4 wk ahead,Bin,percent,8.7,8.8, 0.00042680314077925637526386704
Mississippi,4 wk ahead,Bin,percent,8.8,8.9, 0.00042680314077925637526386704
Mississippi,4 wk ahead,Bin,percent,8.9,9, 0.00042680314077925637526386704
Mississippi,4 wk ahead,Bin,percent,9,9.1, 0.00042680314077925637526386704
Mississippi,4 wk ahead,Bin,percent,9.1,9.2, 0.00042680314077925637526386704
Mississippi,4 wk ahead,Bin,percent,9.2,9.3, 0.00042680314077925637526386704
Mississippi,4 wk ahead,Bin,percent,9.3,9.4, 0.00042680314077925637526386704
Mississippi,4 wk ahead,Bin,percent,9.4,9.5, 0.00042680314077925637526386704
Mississippi,4 wk ahead,Bin,percent,9.5,9.6, 0.00042680314077925637526386704
Mississippi,4 wk ahead,Bin,percent,9.6,9.7, 0.00042680314077925637526386704
Mississippi,4 wk ahead,Bin,percent,9.7,9.8, 0.00042680314077925637526386704
Mississippi,4 wk ahead,Bin,percent,9.8,9.9, 0.00042680314077925637526386704
Mississippi,4 wk ahead,Bin,percent,9.9,10, 0.00042680314077925637526386704
Mississippi,4 wk ahead,Bin,percent,10,10.1, 0.00042680314077925637526386704
Mississippi,4 wk ahead,Bin,percent,10.1,10.2, 0.00042680314077925637526386704
Mississippi,4 wk ahead,Bin,percent,10.2,10.3, 0.00042680314077925637526386704
Mississippi,4 wk ahead,Bin,percent,10.3,10.4, 0.00042680314077925637526386704
Mississippi,4 wk ahead,Bin,percent,10.4,10.5, 0.00042680314077925637526386704
Mississippi,4 wk ahead,Bin,percent,10.5,10.6, 0.00042680314077925637526386704
Mississippi,4 wk ahead,Bin,percent,10.6,10.7, 0.00042680314077925637526386704
Mississippi,4 wk ahead,Bin,percent,10.7,10.8, 0.00042680314077925637526386704
Mississippi,4 wk ahead,Bin,percent,10.8,10.9, 0.00042680314077925637526386704
Mississippi,4 wk ahead,Bin,percent,10.9,11, 0.00042680314077925637526386704
Mississippi,4 wk ahead,Bin,percent,11,11.1, 0.00042680314077925637526386704
Mississippi,4 wk ahead,Bin,percent,11.1,11.2, 0.00042680314077925637526386704
Mississippi,4 wk ahead,Bin,percent,11.2,11.3, 0.00042680314077925637526386704
Mississippi,4 wk ahead,Bin,percent,11.3,11.4, 0.00042680314077925637526386704
Mississippi,4 wk ahead,Bin,percent,11.4,11.5, 0.00042680314077925637526386704
Mississippi,4 wk ahead,Bin,percent,11.5,11.6, 0.00042680314077925637526386704
Mississippi,4 wk ahead,Bin,percent,11.6,11.7, 0.00042680314077925637526386704
Mississippi,4 wk ahead,Bin,percent,11.7,11.8, 0.00042680314077925637526386704
Mississippi,4 wk ahead,Bin,percent,11.8,11.9, 0.00042680314077925637526386704
Mississippi,4 wk ahead,Bin,percent,11.9,12, 0.00042680314077925637526386704
Mississippi,4 wk ahead,Bin,percent,12,12.1, 0.00042680314077925637526386704
Mississippi,4 wk ahead,Bin,percent,12.1,12.2, 0.00042680314077925637526386704
Mississippi,4 wk ahead,Bin,percent,12.2,12.3, 0.00042680314077925637526386704
Mississippi,4 wk ahead,Bin,percent,12.3,12.4, 0.00042680314077925637526386704
Mississippi,4 wk ahead,Bin,percent,12.4,12.5, 0.00042680314077925637526386704
Mississippi,4 wk ahead,Bin,percent,12.5,12.6, 0.00042680314077925637526386704
Mississippi,4 wk ahead,Bin,percent,12.6,12.7, 0.00042680314077925637526386704
Mississippi,4 wk ahead,Bin,percent,12.7,12.8, 0.00042680314077925637526386704
Mississippi,4 wk ahead,Bin,percent,12.8,12.9, 0.00042680314077925637526386704
Mississippi,4 wk ahead,Bin,percent,12.9,13, 0.00042680314077925637526386704
Mississippi,4 wk ahead,Bin,percent,13,100, 0.00042680314077925637526386704
Missouri,Season peak week,Bin,week,40,41, 0.00194972498808194190551834613
Missouri,Season peak week,Bin,week,41,42, 0.00194972498808194190551834613
Missouri,Season peak week,Bin,week,42,43, 0.00194972498808194190551834613
Missouri,Season peak week,Bin,week,43,44, 0.00194972498808194190551834613
Missouri,Season peak week,Bin,week,44,45, 0.00194972498808194190551834613
Missouri,Season peak week,Bin,week,45,46, 0.00194972498808194190551834613
Missouri,Season peak week,Bin,week,46,47, 0.00194972498808194190551834613
Missouri,Season peak week,Bin,week,47,48, 0.00194972498808194190551834613
Missouri,Season peak week,Bin,week,48,49, 0.00194972498808194190551834613
Missouri,Season peak week,Bin,week,49,50, 0.00526095590837016933299929988
Missouri,Season peak week,Bin,week,50,51, 0.03582054957462531274980932494
Missouri,Season peak week,Bin,week,51,52, 0.11410442903246011125961700827
Missouri,Season peak week,Bin,week,52,53, 0.16779845565630327475226124534
Missouri,Season peak week,Bin,week,1,2, 0.11410487369573797666877368329
Missouri,Season peak week,Bin,week,2,3, 0.03582778036486076317368443256
Missouri,Season peak week,Bin,week,3,4, 0.00540464293266149434225020798
Missouri,Season peak week,Bin,week,4,5, 0.00395134631484682363744553868
Missouri,Season peak week,Bin,week,5,6, 0.02514327281898344826349678272
Missouri,Season peak week,Bin,week,6,7, 0.08147658490520320873073956136
Missouri,Season peak week,Bin,week,7,8, 0.12951116531090617334243120240
Missouri,Season peak week,Bin,week,8,9, 0.11888989845030781267176678284
Missouri,Season peak week,Bin,week,9,10, 0.08264420210889047990754363582
Missouri,Season peak week,Bin,week,10,11, 0.04279511240321961368371361800
Missouri,Season peak week,Bin,week,11,12, 0.01253951592414734479696836189
Missouri,Season peak week,Bin,week,12,13, 0.00181392474373379846731835219
Missouri,Season peak week,Bin,week,13,14, 0.00067072062025057515959047816
Missouri,Season peak week,Bin,week,14,15, 0.00067072062025057515959047816
Missouri,Season peak week,Bin,week,15,16, 0.00067072062025057515959047816
Missouri,Season peak week,Bin,week,16,17, 0.00067072062025057515959047816
Missouri,Season peak week,Bin,week,17,18, 0.00067072062025057515959047816
Missouri,Season peak week,Bin,week,18,19, 0.00067072062025057515959047816
Missouri,Season peak week,Bin,week,19,20, 0.00067072062025057515959047816
Missouri,Season peak week,Bin,week,20,21, 0.00067072062025057515959047816
Missouri,Season peak percentage,Bin,percent,0,0.1, 0.00013261307997204543722424841
Missouri,Season peak percentage,Bin,percent,0.1,0.2, 0.00026522615994409098286871407
Missouri,Season peak percentage,Bin,percent,0.2,0.3, 0.00026522615994409082023838820
Missouri,Season peak percentage,Bin,percent,0.3,0.4, 0.00026522615994409082023838820
Missouri,Season peak percentage,Bin,percent,0.4,0.5, 0.00026522615994409082023838820
Missouri,Season peak percentage,Bin,percent,0.5,0.6, 0.00026522615994409098286871407
Missouri,Season peak percentage,Bin,percent,0.6,0.7, 0.00026522615994409114549903994
Missouri,Season peak percentage,Bin,percent,0.7,0.8, 0.00026522615994409114549903994
Missouri,Season peak percentage,Bin,percent,0.8,0.9, 0.00026522615994409114549903994
Missouri,Season peak percentage,Bin,percent,0.9,1, 0.00026522615994409114549903994
Missouri,Season peak percentage,Bin,percent,1,1.1, 0.00026522615994409114549903994
Missouri,Season peak percentage,Bin,percent,1.1,1.2, 0.00026522615994409114549903994
Missouri,Season peak percentage,Bin,percent,1.2,1.3, 0.00026522615994409114549903994
Missouri,Season peak percentage,Bin,percent,1.3,1.4, 0.00026522615994409114549903994
Missouri,Season peak percentage,Bin,percent,1.4,1.5, 0.00026522615994409114549903994
Missouri,Season peak percentage,Bin,percent,1.5,1.6, 0.00026522615994409114549903994
Missouri,Season peak percentage,Bin,percent,1.6,1.7, 0.00026522615994409114549903994
Missouri,Season peak percentage,Bin,percent,1.7,1.8, 0.00026522615994409114549903994
Missouri,Season peak percentage,Bin,percent,1.8,1.9, 0.00026522615994409114549903994
Missouri,Season peak percentage,Bin,percent,1.9,2, 0.00026522615994409114549903994
Missouri,Season peak percentage,Bin,percent,2,2.1, 0.00026522615994409054918784507
Missouri,Season peak percentage,Bin,percent,2.1,2.2, 0.00026522615994408989866654158
Missouri,Season peak percentage,Bin,percent,2.2,2.3, 0.00026522615994408989866654158
Missouri,Season peak percentage,Bin,percent,2.3,2.4, 0.00026522615994408989866654158
Missouri,Season peak percentage,Bin,percent,2.4,2.5, 0.00026522615994408989866654158
Missouri,Season peak percentage,Bin,percent,2.5,2.6, 0.00026522615994408989866654158
Missouri,Season peak percentage,Bin,percent,2.6,2.7, 0.00026522615994408989866654158
Missouri,Season peak percentage,Bin,percent,2.7,2.8, 0.00026522615994408989866654158
Missouri,Season peak percentage,Bin,percent,2.8,2.9, 0.00026522615994408989866654158
Missouri,Season peak percentage,Bin,percent,2.9,3, 0.00026522615994408989866654158
Missouri,Season peak percentage,Bin,percent,3,3.1, 0.00026522615994408989866654158
Missouri,Season peak percentage,Bin,percent,3.1,3.2, 0.00026522615994408989866654158
Missouri,Season peak percentage,Bin,percent,3.2,3.3, 0.00026522615994408989866654158
Missouri,Season peak percentage,Bin,percent,3.3,3.4, 0.00030288019588873080082183642
Missouri,Season peak percentage,Bin,percent,3.4,3.5, 0.00061031670776372139858301225
Missouri,Season peak percentage,Bin,percent,3.5,3.6, 0.00122086352989572905804183112
Missouri,Season peak percentage,Bin,percent,3.6,3.7, 0.00227074250985299886870794062
Missouri,Season peak percentage,Bin,percent,3.7,3.8, 0.00392593994387323372979858860
Missouri,Season peak percentage,Bin,percent,3.8,3.9, 0.00630979780113359589588384324
Missouri,Season peak percentage,Bin,percent,3.9,4, 0.00942716024909497768424770925
Missouri,Season peak percentage,Bin,percent,4,4.1, 0.01309313449139494836548358592
Missouri,Season peak percentage,Bin,percent,4.1,4.2, 0.01690451406252693744569626233
Missouri,Season peak percentage,Bin,percent,4.2,4.3, 0.02028892538046977653265479091
Missouri,Season peak percentage,Bin,percent,4.3,4.4, 0.02263633112143444842123685135
Missouri,Season peak percentage,Bin,percent,4.4,4.5, 0.02347886569169297527048811958
Missouri,Season peak percentage,Bin,percent,4.5,4.6, 0.02263802075524830315078617105
Missouri,Season peak percentage,Bin,percent,4.6,4.7, 0.02029442820909247227612048903
Missouri,Season peak percentage,Bin,percent,4.7,4.8, 0.01692089124762536506141330506
Missouri,Season peak percentage,Bin,percent,4.8,4.9, 0.01313702557120737489382289453
Missouri,Season peak percentage,Bin,percent,4.9,5, 0.00953647859834386157906749304
Missouri,Season peak percentage,Bin,percent,5,5.1, 0.00656378539297495545989935550
Missouri,Season peak percentage,Bin,percent,5.1,5.2, 0.00447331746168496725835073136
Missouri,Season peak percentage,Bin,percent,5.2,5.3, 0.00336833155802752177640502218
Missouri,Season peak percentage,Bin,percent,5.3,5.4, 0.00327079783797698878111681609
Missouri,Season peak percentage,Bin,percent,5.4,5.5, 0.00417472466654722051265791194
Missouri,Season peak percentage,Bin,percent,5.5,5.6, 0.00606424127280380271393100955
Missouri,Season peak percentage,Bin,percent,5.6,5.7, 0.00887940158696159248519208518
Missouri,Season peak percentage,Bin,percent,5.7,5.8, 0.01247265222698317604921314228
Missouri,Season peak percentage,Bin,percent,5.8,5.9, 0.01658705989527378688030978537
Missouri,Season peak percentage,Bin,percent,5.9,6, 0.02089114117809080101162422238
Missouri,Season peak percentage,Bin,percent,6,6.1, 0.02506435204257376203607066145
Missouri,Season peak percentage,Bin,percent,6.1,6.2, 0.02889325477203365938327905837
Missouri,Season peak percentage,Bin,percent,6.2,6.3, 0.03231601648403896465122642212
Missouri,Season peak percentage,Bin,percent,6.3,6.4, 0.03537918623877512463993255665
Missouri,Season peak percentage,Bin,percent,6.4,6.5, 0.03811665995973026466181465821
Missouri,Season peak percentage,Bin,percent,6.5,6.6, 0.04042509255719556326980068661
Missouri,Season peak percentage,Bin,percent,6.6,6.7, 0.04201191282021266709678641860
Missouri,Season peak percentage,Bin,percent,6.7,6.8, 0.04246087955023962468015241711
Missouri,Season peak percentage,Bin,percent,6.8,6.9, 0.04139595006483447192646707435
Missouri,Season peak percentage,Bin,percent,6.9,7, 0.03864821474477164731098355333
Missouri,Season peak percentage,Bin,percent,7,7.1, 0.03436431028536273551976520935
Missouri,Season peak percentage,Bin,percent,7.1,7.2, 0.02898810903118433437986034562
Missouri,Season peak percentage,Bin,percent,7.2,7.3, 0.02314775515966289651248466441
Missouri,Season peak percentage,Bin,percent,7.3,7.4, 0.01749813669247773234571852186
Missouri,Season peak percentage,Bin,percent,7.4,7.5, 0.01258492582478136674606350454
Missouri,Season peak percentage,Bin,percent,7.5,7.6, 0.00877284461385747192652129200
Missouri,Season peak percentage,Bin,percent,7.6,7.7, 0.00624688376293081829709885611
Missouri,Season peak percentage,Bin,percent,7.7,7.8, 0.00505459217377976065960210050
Missouri,Season peak percentage,Bin,percent,7.8,7.9, 0.00516145245234069308115643082
Missouri,Season peak percentage,Bin,percent,7.9,8, 0.00646542365041308242368245374
Missouri,Season peak percentage,Bin,percent,8,8.1, 0.00878208444947846736394758693
Missouri,Season peak percentage,Bin,percent,8.1,8.2, 0.01180394759953733510582374322
Missouri,Season peak percentage,Bin,percent,8.2,8.3, 0.01507493647003741582546254563
Missouri,Season peak percentage,Bin,percent,8.3,8.4, 0.01802819372093520181032921812
Missouri,Season peak percentage,Bin,percent,8.4,8.5, 0.02009040503666826779638476808
Missouri,Season peak percentage,Bin,percent,8.5,8.6, 0.02082973443719219122649555231
Missouri,Season peak percentage,Bin,percent,8.6,8.7, 0.02008002501645953993825166606
Missouri,Season peak percentage,Bin,percent,8.7,8.8, 0.01799703319974631232636141931
Missouri,Season peak percentage,Bin,percent,8.8,8.9, 0.01499474419221933328694174037
Missouri,Season peak percentage,Bin,percent,8.9,9, 0.01161390170808829051807276045
Missouri,Season peak percentage,Bin,percent,9,9.1, 0.00836208895081890467293472824
Missouri,Season peak percentage,Bin,percent,9.1,9.2, 0.00559692034238503006993159516
Missouri,Season peak percentage,Bin,percent,9.2,9.3, 0.00348238885922716196602566541
Missouri,Season peak percentage,Bin,percent,9.3,9.4, 0.00201419484252831921394788495
Missouri,Season peak percentage,Bin,percent,9.4,9.5, 0.00108293079008224112785852000
Missouri,Season peak percentage,Bin,percent,9.5,9.6, 0.00054136333365351703341555867
Missouri,Season peak percentage,Bin,percent,9.6,9.7, 0.00026866089380624477581452347
Missouri,Season peak percentage,Bin,percent,9.7,9.8, 0.00023526099805565786138653039
Missouri,Season peak percentage,Bin,percent,9.8,9.9, 0.00023526099805565786138653039
Missouri,Season peak percentage,Bin,percent,9.9,10, 0.00023526099805565786138653039
Missouri,Season peak percentage,Bin,percent,10,10.1, 0.00023526099805565786138653039
Missouri,Season peak percentage,Bin,percent,10.1,10.2, 0.00023526099805565786138653039
Missouri,Season peak percentage,Bin,percent,10.2,10.3, 0.00023526099805565786138653039
Missouri,Season peak percentage,Bin,percent,10.3,10.4, 0.00023526099805565786138653039
Missouri,Season peak percentage,Bin,percent,10.4,10.5, 0.00023526099805565786138653039
Missouri,Season peak percentage,Bin,percent,10.5,10.6, 0.00023526099805565786138653039
Missouri,Season peak percentage,Bin,percent,10.6,10.7, 0.00023526099805565786138653039
Missouri,Season peak percentage,Bin,percent,10.7,10.8, 0.00023526099805565786138653039
Missouri,Season peak percentage,Bin,percent,10.8,10.9, 0.00023526099805565786138653039
Missouri,Season peak percentage,Bin,percent,10.9,11, 0.00023526099805565786138653039
Missouri,Season peak percentage,Bin,percent,11,11.1, 0.00023526099805565786138653039
Missouri,Season peak percentage,Bin,percent,11.1,11.2, 0.00023526099805565786138653039
Missouri,Season peak percentage,Bin,percent,11.2,11.3, 0.00023526099805565786138653039
Missouri,Season peak percentage,Bin,percent,11.3,11.4, 0.00023526099805565786138653039
Missouri,Season peak percentage,Bin,percent,11.4,11.5, 0.00023526099805565786138653039
Missouri,Season peak percentage,Bin,percent,11.5,11.6, 0.00023526099805565786138653039
Missouri,Season peak percentage,Bin,percent,11.6,11.7, 0.00023526099805565786138653039
Missouri,Season peak percentage,Bin,percent,11.7,11.8, 0.00023526099805565786138653039
Missouri,Season peak percentage,Bin,percent,11.8,11.9, 0.00023526099805565786138653039
Missouri,Season peak percentage,Bin,percent,11.9,12, 0.00023526099805565786138653039
Missouri,Season peak percentage,Bin,percent,12,12.1, 0.00023526099805565786138653039
Missouri,Season peak percentage,Bin,percent,12.1,12.2, 0.00023526099805565786138653039
Missouri,Season peak percentage,Bin,percent,12.2,12.3, 0.00023526099805565786138653039
Missouri,Season peak percentage,Bin,percent,12.3,12.4, 0.00023526099805565786138653039
Missouri,Season peak percentage,Bin,percent,12.4,12.5, 0.00023526099805565786138653039
Missouri,Season peak percentage,Bin,percent,12.5,12.6, 0.00023526099805565786138653039
Missouri,Season peak percentage,Bin,percent,12.6,12.7, 0.00023526099805565786138653039
Missouri,Season peak percentage,Bin,percent,12.7,12.8, 0.00023526099805565786138653039
Missouri,Season peak percentage,Bin,percent,12.8,12.9, 0.00023526099805565786138653039
Missouri,Season peak percentage,Bin,percent,12.9,13, 0.00023526099805565786138653039
Missouri,Season peak percentage,Bin,percent,13,100, 0.00023526099805565786138653039
Missouri,1 wk ahead,Bin,percent,0,0.1, 0.00070704280190692970521626481
Missouri,1 wk ahead,Bin,percent,0.1,0.2, 0.00174995925247357366448530680
Missouri,1 wk ahead,Bin,percent,0.2,0.3, 0.00228660115611631310425511110
Missouri,1 wk ahead,Bin,percent,0.3,0.4, 0.00294058759885256187222024593
Missouri,1 wk ahead,Bin,percent,0.4,0.5, 0.00372248933624711939027740470
Missouri,1 wk ahead,Bin,percent,0.5,0.6, 0.00463963346053879351071902448
Missouri,1 wk ahead,Bin,percent,0.6,0.7, 0.00569448129444324185888248735
Missouri,1 wk ahead,Bin,percent,0.7,0.8, 0.00688392267242922493292178743
Missouri,1 wk ahead,Bin,percent,0.8,0.9, 0.00819893324572237500169613611
Missouri,1 wk ahead,Bin,percent,0.9,1, 0.00962342545498007240212245961
Missouri,1 wk ahead,Bin,percent,1,1.1, 0.01113537609635920598571967588
Missouri,1 wk ahead,Bin,percent,1.1,1.2, 0.01270740258236985158191156842
Missouri,1 wk ahead,Bin,percent,1.2,1.3, 0.01430805977336953825618248715
Missouri,1 wk ahead,Bin,percent,1.3,1.4, 0.01590419709175864421135671023
Missouri,1 wk ahead,Bin,percent,1.4,1.5, 0.01746298154954018660989234490
Missouri,1 wk ahead,Bin,percent,1.5,1.6, 0.01895461305961684828069735431
Missouri,1 wk ahead,Bin,percent,1.6,1.7, 0.02035455787202386165879453017
Missouri,1 wk ahead,Bin,percent,1.7,1.8, 0.02164520340903746883909342102
Missouri,1 wk ahead,Bin,percent,1.8,1.9, 0.02281766278057929114853052965
Missouri,1 wk ahead,Bin,percent,1.9,2, 0.02387153078772799932871784279
Missouri,1 wk ahead,Bin,percent,2,2.1, 0.02481427290819451791925587258
Missouri,1 wk ahead,Bin,percent,2.1,2.2, 0.02565998849913004795086912679
Missouri,1 wk ahead,Bin,percent,2.2,2.3, 0.02642645602361494774901196081
Missouri,1 wk ahead,Bin,percent,2.3,2.4, 0.02713213352741268569179311498
Missouri,1 wk ahead,Bin,percent,2.4,2.5, 0.02779319190485919285893423591
Missouri,1 wk ahead,Bin,percent,2.5,2.6, 0.02842012143994613812547633813
Missouri,1 wk ahead,Bin,percent,2.6,2.7, 0.02901552204403669982246682935
Missouri,1 wk ahead,Bin,percent,2.7,2.8, 0.02957268669850190295766978466
Missouri,1 wk ahead,Bin,percent,2.8,2.9, 0.03007546189392056382172491169
Missouri,1 wk ahead,Bin,percent,2.9,3, 0.03049914605927059318979388536
Missouri,1 wk ahead,Bin,percent,3,3.1, 0.03081329126778642457651358200
Missouri,1 wk ahead,Bin,percent,3.1,3.2, 0.03098454375838600657888655121
Missouri,1 wk ahead,Bin,percent,3.2,3.3, 0.03098030805797438377857666580
Missouri,1 wk ahead,Bin,percent,3.3,3.4, 0.03077304928316593884973784157
Missouri,1 wk ahead,Bin,percent,3.4,3.5, 0.03034298844794242749900448075
Missouri,1 wk ahead,Bin,percent,3.5,3.6, 0.02968032885283673066867393686
Missouri,1 wk ahead,Bin,percent,3.6,3.7, 0.02878732850445926000348961793
Missouri,1 wk ahead,Bin,percent,3.7,3.8, 0.02767720322927443715732565011
Missouri,1 wk ahead,Bin,percent,3.8,3.9, 0.02637304531218922359903089614
Missouri,1 wk ahead,Bin,percent,3.9,4, 0.02490641906031640373520019693
Missouri,1 wk ahead,Bin,percent,4,4.1, 0.02331350671018609516105257740
Missouri,1 wk ahead,Bin,percent,4.1,4.2, 0.02163293745165717485434697664
Missouri,1 wk ahead,Bin,percent,4.2,4.3, 0.01990302481467092626798986998
Missouri,1 wk ahead,Bin,percent,4.3,4.4, 0.01815925881327473331849908789
Missouri,1 wk ahead,Bin,percent,4.4,4.5, 0.01643302178752585954168985438
Missouri,1 wk ahead,Bin,percent,4.5,4.6, 0.01475057584544196137565919003
Missouri,1 wk ahead,Bin,percent,4.6,4.7, 0.01313302445322592562626518031
Missouri,1 wk ahead,Bin,percent,4.7,4.8, 0.01159663577208723539424539695
Missouri,1 wk ahead,Bin,percent,4.8,4.9, 0.01015313727079404128306183708
Missouri,1 wk ahead,Bin,percent,4.9,5, 0.00881075696141725601961969261
Missouri,1 wk ahead,Bin,percent,5,5.1, 0.00757499108627676578237020166
Missouri,1 wk ahead,Bin,percent,5.1,5.2, 0.00644860029738741988986072684
Missouri,1 wk ahead,Bin,percent,5.2,5.3, 0.00543262295507745528871934582
Missouri,1 wk ahead,Bin,percent,5.3,5.4, 0.00452642209411501655891285623
Missouri,1 wk ahead,Bin,percent,5.4,5.5, 0.00372745812854968988983572764
Missouri,1 wk ahead,Bin,percent,5.5,5.6, 0.00303195110396916331710337467
Missouri,1 wk ahead,Bin,percent,5.6,5.7, 0.00243468547778512983681409310
Missouri,1 wk ahead,Bin,percent,5.7,5.8, 0.00192889922377023886185254398
Missouri,1 wk ahead,Bin,percent,5.8,5.9, 0.00150697545502467182901296106
Missouri,1 wk ahead,Bin,percent,5.9,6, 0.00116055483449115440230947627
Missouri,1 wk ahead,Bin,percent,6,6.1, 0.00088056978870969552716796436
Missouri,1 wk ahead,Bin,percent,6.1,6.2, 0.00065807412231774504562248351
Missouri,1 wk ahead,Bin,percent,6.2,6.3, 0.00048426093280758706130506575
Missouri,1 wk ahead,Bin,percent,6.3,6.4, 0.00035075946013832313540720120
Missouri,1 wk ahead,Bin,percent,6.4,6.5, 0.00025001924001143502199542845
Missouri,1 wk ahead,Bin,percent,6.5,6.6, 0.00017536505255964993641761007
Missouri,1 wk ahead,Bin,percent,6.6,6.7, 0.00012098851671171017673877407
Missouri,1 wk ahead,Bin,percent,6.7,6.8, 0.00008487242817745412819079032
Missouri,1 wk ahead,Bin,percent,6.8,6.9, 0.00007936352178614046438097362
Missouri,1 wk ahead,Bin,percent,6.9,7, 0.00007936352178614046438097362
Missouri,1 wk ahead,Bin,percent,7,7.1, 0.00007936352178614046438097362
Missouri,1 wk ahead,Bin,percent,7.1,7.2, 0.00007936352178614046438097362
Missouri,1 wk ahead,Bin,percent,7.2,7.3, 0.00007936352178614046438097362
Missouri,1 wk ahead,Bin,percent,7.3,7.4, 0.00007936352178614046438097362
Missouri,1 wk ahead,Bin,percent,7.4,7.5, 0.00007936352178614046438097362
Missouri,1 wk ahead,Bin,percent,7.5,7.6, 0.00007936352178614046438097362
Missouri,1 wk ahead,Bin,percent,7.6,7.7, 0.00007936352178614046438097362
Missouri,1 wk ahead,Bin,percent,7.7,7.8, 0.00007936352178614046438097362
Missouri,1 wk ahead,Bin,percent,7.8,7.9, 0.00007936352178614046438097362
Missouri,1 wk ahead,Bin,percent,7.9,8, 0.00007936352178614046438097362
Missouri,1 wk ahead,Bin,percent,8,8.1, 0.00007936352178614116911238574
Missouri,1 wk ahead,Bin,percent,8.1,8.2, 0.00007936352178614187384379786
Missouri,1 wk ahead,Bin,percent,8.2,8.3, 0.00007936352178614187384379786
Missouri,1 wk ahead,Bin,percent,8.3,8.4, 0.00007936352178614187384379786
Missouri,1 wk ahead,Bin,percent,8.4,8.5, 0.00007936352178614187384379786
Missouri,1 wk ahead,Bin,percent,8.5,8.6, 0.00007936352178614187384379786
Missouri,1 wk ahead,Bin,percent,8.6,8.7, 0.00007936352178614187384379786
Missouri,1 wk ahead,Bin,percent,8.7,8.8, 0.00007936352178614187384379786
Missouri,1 wk ahead,Bin,percent,8.8,8.9, 0.00007936352178614187384379786
Missouri,1 wk ahead,Bin,percent,8.9,9, 0.00007936352178614187384379786
Missouri,1 wk ahead,Bin,percent,9,9.1, 0.00007936352178614187384379786
Missouri,1 wk ahead,Bin,percent,9.1,9.2, 0.00007936352178614187384379786
Missouri,1 wk ahead,Bin,percent,9.2,9.3, 0.00007936352178614187384379786
Missouri,1 wk ahead,Bin,percent,9.3,9.4, 0.00007936352178614187384379786
Missouri,1 wk ahead,Bin,percent,9.4,9.5, 0.00007936352178614187384379786
Missouri,1 wk ahead,Bin,percent,9.5,9.6, 0.00007936352178614187384379786
Missouri,1 wk ahead,Bin,percent,9.6,9.7, 0.00007936352178614187384379786
Missouri,1 wk ahead,Bin,percent,9.7,9.8, 0.00007936352178614187384379786
Missouri,1 wk ahead,Bin,percent,9.8,9.9, 0.00007936352178614187384379786
Missouri,1 wk ahead,Bin,percent,9.9,10, 0.00007936352178614187384379786
Missouri,1 wk ahead,Bin,percent,10,10.1, 0.00007936352178614187384379786
Missouri,1 wk ahead,Bin,percent,10.1,10.2, 0.00007936352178614187384379786
Missouri,1 wk ahead,Bin,percent,10.2,10.3, 0.00007936352178614187384379786
Missouri,1 wk ahead,Bin,percent,10.3,10.4, 0.00007936352178614187384379786
Missouri,1 wk ahead,Bin,percent,10.4,10.5, 0.00007936352178614187384379786
Missouri,1 wk ahead,Bin,percent,10.5,10.6, 0.00007936352178614187384379786
Missouri,1 wk ahead,Bin,percent,10.6,10.7, 0.00007936352178614187384379786
Missouri,1 wk ahead,Bin,percent,10.7,10.8, 0.00007936352178614187384379786
Missouri,1 wk ahead,Bin,percent,10.8,10.9, 0.00007936352178614187384379786
Missouri,1 wk ahead,Bin,percent,10.9,11, 0.00007936352178614187384379786
Missouri,1 wk ahead,Bin,percent,11,11.1, 0.00007936352178614187384379786
Missouri,1 wk ahead,Bin,percent,11.1,11.2, 0.00007936352178614187384379786
Missouri,1 wk ahead,Bin,percent,11.2,11.3, 0.00007936352178614187384379786
Missouri,1 wk ahead,Bin,percent,11.3,11.4, 0.00007936352178614187384379786
Missouri,1 wk ahead,Bin,percent,11.4,11.5, 0.00007936352178614187384379786
Missouri,1 wk ahead,Bin,percent,11.5,11.6, 0.00007936352178614187384379786
Missouri,1 wk ahead,Bin,percent,11.6,11.7, 0.00007936352178614187384379786
Missouri,1 wk ahead,Bin,percent,11.7,11.8, 0.00007936352178614187384379786
Missouri,1 wk ahead,Bin,percent,11.8,11.9, 0.00007936352178614187384379786
Missouri,1 wk ahead,Bin,percent,11.9,12, 0.00007936352178614187384379786
Missouri,1 wk ahead,Bin,percent,12,12.1, 0.00007936352178614187384379786
Missouri,1 wk ahead,Bin,percent,12.1,12.2, 0.00007936352178614187384379786
Missouri,1 wk ahead,Bin,percent,12.2,12.3, 0.00007936352178614187384379786
Missouri,1 wk ahead,Bin,percent,12.3,12.4, 0.00007936352178614187384379786
Missouri,1 wk ahead,Bin,percent,12.4,12.5, 0.00007936352178614187384379786
Missouri,1 wk ahead,Bin,percent,12.5,12.6, 0.00007936352178614187384379786
Missouri,1 wk ahead,Bin,percent,12.6,12.7, 0.00007936352178614187384379786
Missouri,1 wk ahead,Bin,percent,12.7,12.8, 0.00007936352178614187384379786
Missouri,1 wk ahead,Bin,percent,12.8,12.9, 0.00007936352178614187384379786
Missouri,1 wk ahead,Bin,percent,12.9,13, 0.00007936352178614187384379786
Missouri,1 wk ahead,Bin,percent,13,100, 0.00007936352178614187384379786
Missouri,2 wk ahead,Bin,percent,0,0.1, 0.00026405281619922026971336582
Missouri,2 wk ahead,Bin,percent,0.1,0.2, 0.00052810563239844064784694888
Missouri,2 wk ahead,Bin,percent,0.2,0.3, 0.00052810563239844032258629714
Missouri,2 wk ahead,Bin,percent,0.3,0.4, 0.00052810563239844032258629714
Missouri,2 wk ahead,Bin,percent,0.4,0.5, 0.00052810563239844032258629714
Missouri,2 wk ahead,Bin,percent,0.5,0.6, 0.00052810563239844064784694888
Missouri,2 wk ahead,Bin,percent,0.6,0.7, 0.00052810563239844097310760063
Missouri,2 wk ahead,Bin,percent,0.7,0.8, 0.00052810563239844097310760063
Missouri,2 wk ahead,Bin,percent,0.8,0.9, 0.00052810563239844097310760063
Missouri,2 wk ahead,Bin,percent,0.9,1, 0.00052810563239844097310760063
Missouri,2 wk ahead,Bin,percent,1,1.1, 0.00052810563239844097310760063
Missouri,2 wk ahead,Bin,percent,1.1,1.2, 0.00052810563239844097310760063
Missouri,2 wk ahead,Bin,percent,1.2,1.3, 0.00052810563239844097310760063
Missouri,2 wk ahead,Bin,percent,1.3,1.4, 0.00052810563239844097310760063
Missouri,2 wk ahead,Bin,percent,1.4,1.5, 0.00052810563239844097310760063
Missouri,2 wk ahead,Bin,percent,1.5,1.6, 0.00052810563239844097310760063
Missouri,2 wk ahead,Bin,percent,1.6,1.7, 0.00052810563239844097310760063
Missouri,2 wk ahead,Bin,percent,1.7,1.8, 0.00066161088263031310550271735
Missouri,2 wk ahead,Bin,percent,1.8,1.9, 0.00246294124461998590117084440
Missouri,2 wk ahead,Bin,percent,1.9,2, 0.00788970762878701478704179806
Missouri,2 wk ahead,Bin,percent,2,2.1, 0.01885544520193005099684135928
Missouri,2 wk ahead,Bin,percent,2.1,2.2, 0.03362204325699463119958565471
Missouri,2 wk ahead,Bin,percent,2.2,2.3, 0.04473579489262646813330093210
Missouri,2 wk ahead,Bin,percent,2.3,2.4, 0.04441935617511890560527021421
Missouri,2 wk ahead,Bin,percent,2.4,2.5, 0.03291459989786792161847728266
Missouri,2 wk ahead,Bin,percent,2.5,2.6, 0.01824360160403801223161224243
Missouri,2 wk ahead,Bin,percent,2.6,2.7, 0.00783859639620226519851620139
Missouri,2 wk ahead,Bin,percent,2.7,2.8, 0.00402472733383593163358771250
Missouri,2 wk ahead,Bin,percent,2.8,2.9, 0.00714545151241743458497834851
Missouri,2 wk ahead,Bin,percent,2.9,3, 0.01934330270808682153416135918
Missouri,2 wk ahead,Bin,percent,3,3.1, 0.04241365542463113036397714950
Missouri,2 wk ahead,Bin,percent,3.1,3.2, 0.07092451050464380901683369984
Missouri,2 wk ahead,Bin,percent,3.2,3.3, 0.09087616339016595101707451931
Missouri,2 wk ahead,Bin,percent,3.3,3.4, 0.09132627181560677709359907794
Missouri,2 wk ahead,Bin,percent,3.4,3.5, 0.07687049141337344571045520070
Missouri,2 wk ahead,Bin,percent,3.5,3.6, 0.06187242893486560868510082400
Missouri,2 wk ahead,Bin,percent,3.6,3.7, 0.05313840673480976772857786727
Missouri,2 wk ahead,Bin,percent,3.7,3.8, 0.04543978444976475711269969793
Missouri,2 wk ahead,Bin,percent,3.8,3.9, 0.03333842693421748548665561884
Missouri,2 wk ahead,Bin,percent,3.9,4, 0.01919481001286806390315753390
Missouri,2 wk ahead,Bin,percent,4,4.1, 0.00838116914656791833770910216
Missouri,2 wk ahead,Bin,percent,4.1,4.2, 0.00274588490372808073647359350
Missouri,2 wk ahead,Bin,percent,4.2,4.3, 0.00069617539247205577172816771
Missouri,2 wk ahead,Bin,percent,4.3,4.4, 0.00028767356931361096538876665
Missouri,2 wk ahead,Bin,percent,4.4,4.5, 0.00082323736946278143304656094
Missouri,2 wk ahead,Bin,percent,4.5,4.6, 0.00293985229771801881773485299
Missouri,2 wk ahead,Bin,percent,4.6,4.7, 0.00798099202696609701102037349
Missouri,2 wk ahead,Bin,percent,4.7,4.8, 0.01617238734756926143987243449
Missouri,2 wk ahead,Bin,percent,4.8,4.9, 0.02445313086374878083772976822
Missouri,2 wk ahead,Bin,percent,4.9,5, 0.02758941531278552225514566487
Missouri,2 wk ahead,Bin,percent,5,5.1, 0.02323097005054189367889705409
Missouri,2 wk ahead,Bin,percent,5.1,5.2, 0.01459573062070928205213871109
Missouri,2 wk ahead,Bin,percent,5.2,5.3, 0.00684257566902372188488712368
Missouri,2 wk ahead,Bin,percent,5.3,5.4, 0.00239269443809117217727977511
Missouri,2 wk ahead,Bin,percent,5.4,5.5, 0.00062772279129233053349135041
Missouri,2 wk ahead,Bin,percent,5.5,5.6, 0.00031545416993858507379022704
Missouri,2 wk ahead,Bin,percent,5.6,5.7, 0.00031545416993858507379022704
Missouri,2 wk ahead,Bin,percent,5.7,5.8, 0.00031545416993858507379022704
Missouri,2 wk ahead,Bin,percent,5.8,5.9, 0.00031545416993858507379022704
Missouri,2 wk ahead,Bin,percent,5.9,6, 0.00031545416993858507379022704
Missouri,2 wk ahead,Bin,percent,6,6.1, 0.00031545416993858507379022704
Missouri,2 wk ahead,Bin,percent,6.1,6.2, 0.00031545416993858507379022704
Missouri,2 wk ahead,Bin,percent,6.2,6.3, 0.00031545416993858507379022704
Missouri,2 wk ahead,Bin,percent,6.3,6.4, 0.00031545416993858507379022704
Missouri,2 wk ahead,Bin,percent,6.4,6.5, 0.00031545416993858507379022704
Missouri,2 wk ahead,Bin,percent,6.5,6.6, 0.00031545416993858507379022704
Missouri,2 wk ahead,Bin,percent,6.6,6.7, 0.00031545416993858507379022704
Missouri,2 wk ahead,Bin,percent,6.7,6.8, 0.00031545416993858507379022704
Missouri,2 wk ahead,Bin,percent,6.8,6.9, 0.00031545416993858507379022704
Missouri,2 wk ahead,Bin,percent,6.9,7, 0.00031545416993858507379022704
Missouri,2 wk ahead,Bin,percent,7,7.1, 0.00031545416993858507379022704
Missouri,2 wk ahead,Bin,percent,7.1,7.2, 0.00031545416993858507379022704
Missouri,2 wk ahead,Bin,percent,7.2,7.3, 0.00031545416993858507379022704
Missouri,2 wk ahead,Bin,percent,7.3,7.4, 0.00031545416993858507379022704
Missouri,2 wk ahead,Bin,percent,7.4,7.5, 0.00031545416993858507379022704
Missouri,2 wk ahead,Bin,percent,7.5,7.6, 0.00031545416993858507379022704
Missouri,2 wk ahead,Bin,percent,7.6,7.7, 0.00031545416993858507379022704
Missouri,2 wk ahead,Bin,percent,7.7,7.8, 0.00031545416993858507379022704
Missouri,2 wk ahead,Bin,percent,7.8,7.9, 0.00031545416993858507379022704
Missouri,2 wk ahead,Bin,percent,7.9,8, 0.00031545416993858507379022704
Missouri,2 wk ahead,Bin,percent,8,8.1, 0.00031545416993858789271587550
Missouri,2 wk ahead,Bin,percent,8.1,8.2, 0.00031545416993859065743141534
Missouri,2 wk ahead,Bin,percent,8.2,8.3, 0.00031545416993859065743141534
Missouri,2 wk ahead,Bin,percent,8.3,8.4, 0.00031545416993859065743141534
Missouri,2 wk ahead,Bin,percent,8.4,8.5, 0.00031545416993859065743141534
Missouri,2 wk ahead,Bin,percent,8.5,8.6, 0.00031545416993859065743141534
Missouri,2 wk ahead,Bin,percent,8.6,8.7, 0.00031545416993859065743141534
Missouri,2 wk ahead,Bin,percent,8.7,8.8, 0.00031545416993859065743141534
Missouri,2 wk ahead,Bin,percent,8.8,8.9, 0.00031545416993859065743141534
Missouri,2 wk ahead,Bin,percent,8.9,9, 0.00031545416993859065743141534
Missouri,2 wk ahead,Bin,percent,9,9.1, 0.00031545416993859065743141534
Missouri,2 wk ahead,Bin,percent,9.1,9.2, 0.00031545416993859065743141534
Missouri,2 wk ahead,Bin,percent,9.2,9.3, 0.00031545416993859065743141534
Missouri,2 wk ahead,Bin,percent,9.3,9.4, 0.00031545416993859065743141534
Missouri,2 wk ahead,Bin,percent,9.4,9.5, 0.00031545416993859065743141534
Missouri,2 wk ahead,Bin,percent,9.5,9.6, 0.00031545416993859065743141534
Missouri,2 wk ahead,Bin,percent,9.6,9.7, 0.00031545416993859065743141534
Missouri,2 wk ahead,Bin,percent,9.7,9.8, 0.00031545416993859065743141534
Missouri,2 wk ahead,Bin,percent,9.8,9.9, 0.00031545416993859065743141534
Missouri,2 wk ahead,Bin,percent,9.9,10, 0.00031545416993859065743141534
Missouri,2 wk ahead,Bin,percent,10,10.1, 0.00031545416993859065743141534
Missouri,2 wk ahead,Bin,percent,10.1,10.2, 0.00031545416993859065743141534
Missouri,2 wk ahead,Bin,percent,10.2,10.3, 0.00031545416993859065743141534
Missouri,2 wk ahead,Bin,percent,10.3,10.4, 0.00031545416993859065743141534
Missouri,2 wk ahead,Bin,percent,10.4,10.5, 0.00031545416993859065743141534
Missouri,2 wk ahead,Bin,percent,10.5,10.6, 0.00031545416993859065743141534
Missouri,2 wk ahead,Bin,percent,10.6,10.7, 0.00031545416993859065743141534
Missouri,2 wk ahead,Bin,percent,10.7,10.8, 0.00031545416993859065743141534
Missouri,2 wk ahead,Bin,percent,10.8,10.9, 0.00031545416993859065743141534
Missouri,2 wk ahead,Bin,percent,10.9,11, 0.00031545416993859065743141534
Missouri,2 wk ahead,Bin,percent,11,11.1, 0.00031545416993859065743141534
Missouri,2 wk ahead,Bin,percent,11.1,11.2, 0.00031545416993859065743141534
Missouri,2 wk ahead,Bin,percent,11.2,11.3, 0.00031545416993859065743141534
Missouri,2 wk ahead,Bin,percent,11.3,11.4, 0.00031545416993859065743141534
Missouri,2 wk ahead,Bin,percent,11.4,11.5, 0.00031545416993859065743141534
Missouri,2 wk ahead,Bin,percent,11.5,11.6, 0.00031545416993859065743141534
Missouri,2 wk ahead,Bin,percent,11.6,11.7, 0.00031545416993859065743141534
Missouri,2 wk ahead,Bin,percent,11.7,11.8, 0.00031545416993859065743141534
Missouri,2 wk ahead,Bin,percent,11.8,11.9, 0.00031545416993859065743141534
Missouri,2 wk ahead,Bin,percent,11.9,12, 0.00031545416993859065743141534
Missouri,2 wk ahead,Bin,percent,12,12.1, 0.00031545416993859065743141534
Missouri,2 wk ahead,Bin,percent,12.1,12.2, 0.00031545416993859065743141534
Missouri,2 wk ahead,Bin,percent,12.2,12.3, 0.00031545416993859065743141534
Missouri,2 wk ahead,Bin,percent,12.3,12.4, 0.00031545416993859065743141534
Missouri,2 wk ahead,Bin,percent,12.4,12.5, 0.00031545416993859065743141534
Missouri,2 wk ahead,Bin,percent,12.5,12.6, 0.00031545416993859065743141534
Missouri,2 wk ahead,Bin,percent,12.6,12.7, 0.00031545416993859065743141534
Missouri,2 wk ahead,Bin,percent,12.7,12.8, 0.00031545416993859065743141534
Missouri,2 wk ahead,Bin,percent,12.8,12.9, 0.00031545416993859065743141534
Missouri,2 wk ahead,Bin,percent,12.9,13, 0.00031545416993859065743141534
Missouri,2 wk ahead,Bin,percent,13,100, 0.00031545416993859065743141534
Missouri,3 wk ahead,Bin,percent,0,0.1, 0.00019452123324081505213213605
Missouri,3 wk ahead,Bin,percent,0.1,0.2, 0.00038904246648163015847438073
Missouri,3 wk ahead,Bin,percent,0.2,0.3, 0.00038904246648162999584405486
Missouri,3 wk ahead,Bin,percent,0.3,0.4, 0.00038904246648162999584405486
Missouri,3 wk ahead,Bin,percent,0.4,0.5, 0.00038904246648162999584405486
Missouri,3 wk ahead,Bin,percent,0.5,0.6, 0.00038904246648163021268448936
Missouri,3 wk ahead,Bin,percent,0.6,0.7, 0.00038904246648163042952492385
Missouri,3 wk ahead,Bin,percent,0.7,0.8, 0.00038904246648163042952492385
Missouri,3 wk ahead,Bin,percent,0.8,0.9, 0.00038904246648163042952492385
Missouri,3 wk ahead,Bin,percent,0.9,1, 0.00038904246648163042952492385
Missouri,3 wk ahead,Bin,percent,1,1.1, 0.00038904246648163042952492385
Missouri,3 wk ahead,Bin,percent,1.1,1.2, 0.00038904246648163042952492385
Missouri,3 wk ahead,Bin,percent,1.2,1.3, 0.00038904246648163042952492385
Missouri,3 wk ahead,Bin,percent,1.3,1.4, 0.00038904246648163042952492385
Missouri,3 wk ahead,Bin,percent,1.4,1.5, 0.00038904246648163042952492385
Missouri,3 wk ahead,Bin,percent,1.5,1.6, 0.00038904246648163042952492385
Missouri,3 wk ahead,Bin,percent,1.6,1.7, 0.00038904246648163042952492385
Missouri,3 wk ahead,Bin,percent,1.7,1.8, 0.00038904246648163042952492385
Missouri,3 wk ahead,Bin,percent,1.8,1.9, 0.00038904246648163042952492385
Missouri,3 wk ahead,Bin,percent,1.9,2, 0.00038904246648163042952492385
Missouri,3 wk ahead,Bin,percent,2,2.1, 0.00038904246648162956216318586
Missouri,3 wk ahead,Bin,percent,2.1,2.2, 0.00038904246648162869480144788
Missouri,3 wk ahead,Bin,percent,2.2,2.3, 0.00038904246648162869480144788
Missouri,3 wk ahead,Bin,percent,2.3,2.4, 0.00040583902364722438489350043
Missouri,3 wk ahead,Bin,percent,2.4,2.5, 0.00087798202228709049197569181
Missouri,3 wk ahead,Bin,percent,2.5,2.6, 0.00215004101041670189417565062
Missouri,3 wk ahead,Bin,percent,2.6,2.7, 0.00469155898087341739766120696
Missouri,3 wk ahead,Bin,percent,2.7,2.8, 0.00914548685766325940293963725
Missouri,3 wk ahead,Bin,percent,2.8,2.9, 0.01598742260861188424492240756
Missouri,3 wk ahead,Bin,percent,2.9,3, 0.02519218193790392912312370299
Missouri,3 wk ahead,Bin,percent,3,3.1, 0.03602532053448666976569469966
Missouri,3 wk ahead,Bin,percent,3.1,3.2, 0.04714899236076071364909267913
Missouri,3 wk ahead,Bin,percent,3.2,3.3, 0.05701678008754467591456815967
Missouri,3 wk ahead,Bin,percent,3.3,3.4, 0.06429625306788082361730829462
Missouri,3 wk ahead,Bin,percent,3.4,3.5, 0.06807174428886759998125199900
Missouri,3 wk ahead,Bin,percent,3.5,3.6, 0.06783949168164234155842251539
Missouri,3 wk ahead,Bin,percent,3.6,3.7, 0.06349846187116885143364442001
Missouri,3 wk ahead,Bin,percent,3.7,3.8, 0.05548437461676897219930992833
Missouri,3 wk ahead,Bin,percent,3.8,3.9, 0.04489910269969704659231979349
Missouri,3 wk ahead,Bin,percent,3.9,4, 0.03338770280227713188603289041
Missouri,3 wk ahead,Bin,percent,4,4.1, 0.02269931178569868299166323311
Missouri,3 wk ahead,Bin,percent,4.1,4.2, 0.01418310006414135772401241553
Missouri,3 wk ahead,Bin,percent,4.2,4.3, 0.00853847293717762377551760977
Missouri,3 wk ahead,Bin,percent,4.3,4.4, 0.00593702384963207610568680650
Missouri,3 wk ahead,Bin,percent,4.4,4.5, 0.00634040318651877578270958935
Missouri,3 wk ahead,Bin,percent,4.5,4.6, 0.00971139838104227194615081231
Missouri,3 wk ahead,Bin,percent,4.6,4.7, 0.01588328799106404273788761827
Missouri,3 wk ahead,Bin,percent,4.7,4.8, 0.02416440221742714375419147643
Missouri,3 wk ahead,Bin,percent,4.8,4.9, 0.03300818510794565480148676784
Missouri,3 wk ahead,Bin,percent,4.9,5, 0.04017761433619070760014935217
Missouri,3 wk ahead,Bin,percent,5,5.1, 0.04350814450369928226836080398
Missouri,3 wk ahead,Bin,percent,5.1,5.2, 0.04189794181679571544174578435
Missouri,3 wk ahead,Bin,percent,5.2,5.3, 0.03587311836911336732081068135
Missouri,3 wk ahead,Bin,percent,5.3,5.4, 0.02730667257576946393982098016
Missouri,3 wk ahead,Bin,percent,5.4,5.5, 0.01847633820431320711419331815
Missouri,3 wk ahead,Bin,percent,5.5,5.6, 0.01111021335363673173679543993
Missouri,3 wk ahead,Bin,percent,5.6,5.7, 0.00593705177507756858001908284
Missouri,3 wk ahead,Bin,percent,5.7,5.8, 0.00281870641685289750194565173
Missouri,3 wk ahead,Bin,percent,5.8,5.9, 0.00118871743978784865855558017
Missouri,3 wk ahead,Bin,percent,5.9,6, 0.00046648324931259580860415381
Missouri,3 wk ahead,Bin,percent,6,6.1, 0.00036480592240095141088121466
Missouri,3 wk ahead,Bin,percent,6.1,6.2, 0.00036480592240095141088121466
Missouri,3 wk ahead,Bin,percent,6.2,6.3, 0.00036480592240095141088121466
Missouri,3 wk ahead,Bin,percent,6.3,6.4, 0.00036480592240095141088121466
Missouri,3 wk ahead,Bin,percent,6.4,6.5, 0.00036480592240095141088121466
Missouri,3 wk ahead,Bin,percent,6.5,6.6, 0.00036480592240095141088121466
Missouri,3 wk ahead,Bin,percent,6.6,6.7, 0.00036480592240095141088121466
Missouri,3 wk ahead,Bin,percent,6.7,6.8, 0.00036480592240095141088121466
Missouri,3 wk ahead,Bin,percent,6.8,6.9, 0.00036480592240095141088121466
Missouri,3 wk ahead,Bin,percent,6.9,7, 0.00036480592240095141088121466
Missouri,3 wk ahead,Bin,percent,7,7.1, 0.00036480592240095141088121466
Missouri,3 wk ahead,Bin,percent,7.1,7.2, 0.00036480592240095141088121466
Missouri,3 wk ahead,Bin,percent,7.2,7.3, 0.00036480592240095141088121466
Missouri,3 wk ahead,Bin,percent,7.3,7.4, 0.00036480592240095141088121466
Missouri,3 wk ahead,Bin,percent,7.4,7.5, 0.00036480592240095141088121466
Missouri,3 wk ahead,Bin,percent,7.5,7.6, 0.00036480592240095141088121466
Missouri,3 wk ahead,Bin,percent,7.6,7.7, 0.00036480592240095141088121466
Missouri,3 wk ahead,Bin,percent,7.7,7.8, 0.00036480592240095141088121466
Missouri,3 wk ahead,Bin,percent,7.8,7.9, 0.00036480592240095141088121466
Missouri,3 wk ahead,Bin,percent,7.9,8, 0.00036480592240095141088121466
Missouri,3 wk ahead,Bin,percent,8,8.1, 0.00036480592240095460927762350
Missouri,3 wk ahead,Bin,percent,8.1,8.2, 0.00036480592240095791609424958
Missouri,3 wk ahead,Bin,percent,8.2,8.3, 0.00036480592240095791609424958
Missouri,3 wk ahead,Bin,percent,8.3,8.4, 0.00036480592240095791609424958
Missouri,3 wk ahead,Bin,percent,8.4,8.5, 0.00036480592240095791609424958
Missouri,3 wk ahead,Bin,percent,8.5,8.6, 0.00036480592240095791609424958
Missouri,3 wk ahead,Bin,percent,8.6,8.7, 0.00036480592240095791609424958
Missouri,3 wk ahead,Bin,percent,8.7,8.8, 0.00036480592240095791609424958
Missouri,3 wk ahead,Bin,percent,8.8,8.9, 0.00036480592240095791609424958
Missouri,3 wk ahead,Bin,percent,8.9,9, 0.00036480592240095791609424958
Missouri,3 wk ahead,Bin,percent,9,9.1, 0.00036480592240095791609424958
Missouri,3 wk ahead,Bin,percent,9.1,9.2, 0.00036480592240095791609424958
Missouri,3 wk ahead,Bin,percent,9.2,9.3, 0.00036480592240095791609424958
Missouri,3 wk ahead,Bin,percent,9.3,9.4, 0.00036480592240095791609424958
Missouri,3 wk ahead,Bin,percent,9.4,9.5, 0.00036480592240095791609424958
Missouri,3 wk ahead,Bin,percent,9.5,9.6, 0.00036480592240095791609424958
Missouri,3 wk ahead,Bin,percent,9.6,9.7, 0.00036480592240095791609424958
Missouri,3 wk ahead,Bin,percent,9.7,9.8, 0.00036480592240095791609424958
Missouri,3 wk ahead,Bin,percent,9.8,9.9, 0.00036480592240095791609424958
Missouri,3 wk ahead,Bin,percent,9.9,10, 0.00036480592240095791609424958
Missouri,3 wk ahead,Bin,percent,10,10.1, 0.00036480592240095791609424958
Missouri,3 wk ahead,Bin,percent,10.1,10.2, 0.00036480592240095791609424958
Missouri,3 wk ahead,Bin,percent,10.2,10.3, 0.00036480592240095791609424958
Missouri,3 wk ahead,Bin,percent,10.3,10.4, 0.00036480592240095791609424958
Missouri,3 wk ahead,Bin,percent,10.4,10.5, 0.00036480592240095791609424958
Missouri,3 wk ahead,Bin,percent,10.5,10.6, 0.00036480592240095791609424958
Missouri,3 wk ahead,Bin,percent,10.6,10.7, 0.00036480592240095791609424958
Missouri,3 wk ahead,Bin,percent,10.7,10.8, 0.00036480592240095791609424958
Missouri,3 wk ahead,Bin,percent,10.8,10.9, 0.00036480592240095791609424958
Missouri,3 wk ahead,Bin,percent,10.9,11, 0.00036480592240095791609424958
Missouri,3 wk ahead,Bin,percent,11,11.1, 0.00036480592240095791609424958
Missouri,3 wk ahead,Bin,percent,11.1,11.2, 0.00036480592240095791609424958
Missouri,3 wk ahead,Bin,percent,11.2,11.3, 0.00036480592240095791609424958
Missouri,3 wk ahead,Bin,percent,11.3,11.4, 0.00036480592240095791609424958
Missouri,3 wk ahead,Bin,percent,11.4,11.5, 0.00036480592240095791609424958
Missouri,3 wk ahead,Bin,percent,11.5,11.6, 0.00036480592240095791609424958
Missouri,3 wk ahead,Bin,percent,11.6,11.7, 0.00036480592240095791609424958
Missouri,3 wk ahead,Bin,percent,11.7,11.8, 0.00036480592240095791609424958
Missouri,3 wk ahead,Bin,percent,11.8,11.9, 0.00036480592240095791609424958
Missouri,3 wk ahead,Bin,percent,11.9,12, 0.00036480592240095791609424958
Missouri,3 wk ahead,Bin,percent,12,12.1, 0.00036480592240095791609424958
Missouri,3 wk ahead,Bin,percent,12.1,12.2, 0.00036480592240095791609424958
Missouri,3 wk ahead,Bin,percent,12.2,12.3, 0.00036480592240095791609424958
Missouri,3 wk ahead,Bin,percent,12.3,12.4, 0.00036480592240095791609424958
Missouri,3 wk ahead,Bin,percent,12.4,12.5, 0.00036480592240095791609424958
Missouri,3 wk ahead,Bin,percent,12.5,12.6, 0.00036480592240095791609424958
Missouri,3 wk ahead,Bin,percent,12.6,12.7, 0.00036480592240095791609424958
Missouri,3 wk ahead,Bin,percent,12.7,12.8, 0.00036480592240095791609424958
Missouri,3 wk ahead,Bin,percent,12.8,12.9, 0.00036480592240095791609424958
Missouri,3 wk ahead,Bin,percent,12.9,13, 0.00036480592240095791609424958
Missouri,3 wk ahead,Bin,percent,13,100, 0.00036480592240095791609424958
Missouri,4 wk ahead,Bin,percent,0,0.1, 0.00008416260961278571885689492
Missouri,4 wk ahead,Bin,percent,0.1,0.2, 0.00016832521922557146481884416
Missouri,4 wk ahead,Bin,percent,0.2,0.3, 0.00016980715884327667584453858
Missouri,4 wk ahead,Bin,percent,0.3,0.4, 0.00022565545276318648738878014
Missouri,4 wk ahead,Bin,percent,0.4,0.5, 0.00033421311025040801234373133
Missouri,4 wk ahead,Bin,percent,0.5,0.6, 0.00048626814428368313235687137
Missouri,4 wk ahead,Bin,percent,0.6,0.7, 0.00069513929532850351426104263
Missouri,4 wk ahead,Bin,percent,0.7,0.8, 0.00097653230855313888445629056
Missouri,4 wk ahead,Bin,percent,0.8,0.9, 0.00134784811936023373422910421
Missouri,4 wk ahead,Bin,percent,0.9,1, 0.00182847678676072459766355216
Missouri,4 wk ahead,Bin,percent,1,1.1, 0.00243754371299789024396531545
Missouri,4 wk ahead,Bin,percent,1.1,1.2, 0.00319417539492577052390176462
Missouri,4 wk ahead,Bin,percent,1.2,1.3, 0.00411437835392521218669248384
Missouri,4 wk ahead,Bin,percent,1.3,1.4, 0.00521021088895011561664682986
Missouri,4 wk ahead,Bin,percent,1.4,1.5, 0.00648765565623104882575500341
Missouri,4 wk ahead,Bin,percent,1.5,1.6, 0.00794392806104206837536363395
Missouri,4 wk ahead,Bin,percent,1.6,1.7, 0.00956779970900901825803241962
Missouri,4 wk ahead,Bin,percent,1.7,1.8, 0.01133657056588563763477317536
Missouri,4 wk ahead,Bin,percent,1.8,1.9, 0.01321816674714847844596121718
Missouri,4 wk ahead,Bin,percent,1.9,2, 0.01517047897271675375996391466
Missouri,4 wk ahead,Bin,percent,2,2.1, 0.01714435348729858102356793381
Missouri,4 wk ahead,Bin,percent,2.1,2.2, 0.01908588240124790141871713445
Missouri,4 wk ahead,Bin,percent,2.2,2.3, 0.02094063670033157256722411432
Missouri,4 wk ahead,Bin,percent,2.3,2.4, 0.02265666855127866641250733437
Missouri,4 wk ahead,Bin,percent,2.4,2.5, 0.02418996242579001323957932357
Missouri,4 wk ahead,Bin,percent,2.5,2.6, 0.02550609835347654105741632691
Missouri,4 wk ahead,Bin,percent,2.6,2.7, 0.02658426470096180577185052130
Missouri,4 wk ahead,Bin,percent,2.7,2.8, 0.02741793875560508131350445638
Missouri,4 wk ahead,Bin,percent,2.8,2.9, 0.02801420202159552591547608813
Missouri,4 wk ahead,Bin,percent,2.9,3, 0.02839411381600901590482877168
Missouri,4 wk ahead,Bin,percent,3,3.1, 0.02858744672316107515719352250
Missouri,4 wk ahead,Bin,percent,3.1,3.2, 0.02863189588834250814963766629
Missouri,4 wk ahead,Bin,percent,3.2,3.3, 0.02856685107912112359107581483
Missouri,4 wk ahead,Bin,percent,3.3,3.4, 0.02843090062259449879444872522
Missouri,4 wk ahead,Bin,percent,3.4,3.5, 0.02825762668164285076888297965
Missouri,4 wk ahead,Bin,percent,3.5,3.6, 0.02807303327597500744450265131
Missouri,4 wk ahead,Bin,percent,3.6,3.7, 0.02789374232234004963304485614
Missouri,4 wk ahead,Bin,percent,3.7,3.8, 0.02772632398944457898792848027
Missouri,4 wk ahead,Bin,percent,3.8,3.9, 0.02756725841244562699716702525
Missouri,4 wk ahead,Bin,percent,3.9,4, 0.02740431018596498416450835123
Missouri,4 wk ahead,Bin,percent,4,4.1, 0.02721801609208452862875837752
Missouri,4 wk ahead,Bin,percent,4.1,4.2, 0.02698409011247041369707666547
Missouri,4 wk ahead,Bin,percent,4.2,4.3, 0.02667537400899947300225711899
Missouri,4 wk ahead,Bin,percent,4.3,4.4, 0.02626508524090058471767150650
Missouri,4 wk ahead,Bin,percent,4.4,4.5, 0.02572808629029783508701534345
Missouri,4 wk ahead,Bin,percent,4.5,4.6, 0.02504433813400895603162865655
Missouri,4 wk ahead,Bin,percent,4.6,4.7, 0.02419968645465879475420223343
Missouri,4 wk ahead,Bin,percent,4.7,4.8, 0.02318782933085535707951052586
Missouri,4 wk ahead,Bin,percent,4.8,4.9, 0.02201139400269963575240694809
Missouri,4 wk ahead,Bin,percent,4.9,5, 0.02068126785876740758585157209
Missouri,4 wk ahead,Bin,percent,5,5.1, 0.01921768928134644574545752960
Missouri,4 wk ahead,Bin,percent,5.1,5.2, 0.01764759870351085419004633081
Missouri,4 wk ahead,Bin,percent,5.2,5.3, 0.01600438005356066492601563311
Missouri,4 wk ahead,Bin,percent,5.3,5.4, 0.01432479470862094324268287693
Missouri,4 wk ahead,Bin,percent,5.4,5.5, 0.01264714837906249361720867341
Missouri,4 wk ahead,Bin,percent,5.5,5.6, 0.01100851691580700258965563876
Missouri,4 wk ahead,Bin,percent,5.6,5.7, 0.00944291217368154259248491655
Missouri,4 wk ahead,Bin,percent,5.7,5.8, 0.00797882424424111932892422772
Missouri,4 wk ahead,Bin,percent,5.8,5.9, 0.00663868733666483131633517800
Missouri,4 wk ahead,Bin,percent,5.9,6, 0.00543736193385243714998322773
Missouri,4 wk ahead,Bin,percent,6,6.1, 0.00438261551055636917884061887
Missouri,4 wk ahead,Bin,percent,6.1,6.2, 0.00347553121610830227997124275
Missouri,4 wk ahead,Bin,percent,6.2,6.3, 0.00271094785154442656158191305
Missouri,4 wk ahead,Bin,percent,6.3,6.4, 0.00207967477182281019684739753
Missouri,4 wk ahead,Bin,percent,6.4,6.5, 0.00156859988597621638484191919
Missouri,4 wk ahead,Bin,percent,6.5,6.6, 0.00116321179121703323008918396
Missouri,4 wk ahead,Bin,percent,6.6,6.7, 0.00084789880851655809873568259
Missouri,4 wk ahead,Bin,percent,6.7,6.8, 0.00060745214488461924621370835
Missouri,4 wk ahead,Bin,percent,6.8,6.9, 0.00042772112460059583897292734
Missouri,4 wk ahead,Bin,percent,6.9,7, 0.00029590550885176742420407114
Missouri,4 wk ahead,Bin,percent,7,7.1, 0.00020117653140883578555611622
Missouri,4 wk ahead,Bin,percent,7.1,7.2, 0.00013931578056766119708305418
Missouri,4 wk ahead,Bin,percent,7.2,7.3, 0.00013027154500699767553616171
Missouri,4 wk ahead,Bin,percent,7.3,7.4, 0.00013027154500699767553616171
Missouri,4 wk ahead,Bin,percent,7.4,7.5, 0.00013027154500699767553616171
Missouri,4 wk ahead,Bin,percent,7.5,7.6, 0.00013027154500699767553616171
Missouri,4 wk ahead,Bin,percent,7.6,7.7, 0.00013027154500699767553616171
Missouri,4 wk ahead,Bin,percent,7.7,7.8, 0.00013027154500699767553616171
Missouri,4 wk ahead,Bin,percent,7.8,7.9, 0.00013027154500699767553616171
Missouri,4 wk ahead,Bin,percent,7.9,8, 0.00013027154500699767553616171
Missouri,4 wk ahead,Bin,percent,8,8.1, 0.00013027154500699884105349713
Missouri,4 wk ahead,Bin,percent,8.1,8.2, 0.00013027154500700000657083255
Missouri,4 wk ahead,Bin,percent,8.2,8.3, 0.00013027154500700000657083255
Missouri,4 wk ahead,Bin,percent,8.3,8.4, 0.00013027154500700000657083255
Missouri,4 wk ahead,Bin,percent,8.4,8.5, 0.00013027154500700000657083255
Missouri,4 wk ahead,Bin,percent,8.5,8.6, 0.00013027154500700000657083255
Missouri,4 wk ahead,Bin,percent,8.6,8.7, 0.00013027154500700000657083255
Missouri,4 wk ahead,Bin,percent,8.7,8.8, 0.00013027154500700000657083255
Missouri,4 wk ahead,Bin,percent,8.8,8.9, 0.00013027154500700000657083255
Missouri,4 wk ahead,Bin,percent,8.9,9, 0.00013027154500700000657083255
Missouri,4 wk ahead,Bin,percent,9,9.1, 0.00013027154500700000657083255
Missouri,4 wk ahead,Bin,percent,9.1,9.2, 0.00013027154500700000657083255
Missouri,4 wk ahead,Bin,percent,9.2,9.3, 0.00013027154500700000657083255
Missouri,4 wk ahead,Bin,percent,9.3,9.4, 0.00013027154500700000657083255
Missouri,4 wk ahead,Bin,percent,9.4,9.5, 0.00013027154500700000657083255
Missouri,4 wk ahead,Bin,percent,9.5,9.6, 0.00013027154500700000657083255
Missouri,4 wk ahead,Bin,percent,9.6,9.7, 0.00013027154500700000657083255
Missouri,4 wk ahead,Bin,percent,9.7,9.8, 0.00013027154500700000657083255
Missouri,4 wk ahead,Bin,percent,9.8,9.9, 0.00013027154500700000657083255
Missouri,4 wk ahead,Bin,percent,9.9,10, 0.00013027154500700000657083255
Missouri,4 wk ahead,Bin,percent,10,10.1, 0.00013027154500700000657083255
Missouri,4 wk ahead,Bin,percent,10.1,10.2, 0.00013027154500700000657083255
Missouri,4 wk ahead,Bin,percent,10.2,10.3, 0.00013027154500700000657083255
Missouri,4 wk ahead,Bin,percent,10.3,10.4, 0.00013027154500700000657083255
Missouri,4 wk ahead,Bin,percent,10.4,10.5, 0.00013027154500700000657083255
Missouri,4 wk ahead,Bin,percent,10.5,10.6, 0.00013027154500700000657083255
Missouri,4 wk ahead,Bin,percent,10.6,10.7, 0.00013027154500700000657083255
Missouri,4 wk ahead,Bin,percent,10.7,10.8, 0.00013027154500700000657083255
Missouri,4 wk ahead,Bin,percent,10.8,10.9, 0.00013027154500700000657083255
Missouri,4 wk ahead,Bin,percent,10.9,11, 0.00013027154500700000657083255
Missouri,4 wk ahead,Bin,percent,11,11.1, 0.00013027154500700000657083255
Missouri,4 wk ahead,Bin,percent,11.1,11.2, 0.00013027154500700000657083255
Missouri,4 wk ahead,Bin,percent,11.2,11.3, 0.00013027154500700000657083255
Missouri,4 wk ahead,Bin,percent,11.3,11.4, 0.00013027154500700000657083255
Missouri,4 wk ahead,Bin,percent,11.4,11.5, 0.00013027154500700000657083255
Missouri,4 wk ahead,Bin,percent,11.5,11.6, 0.00013027154500700000657083255
Missouri,4 wk ahead,Bin,percent,11.6,11.7, 0.00013027154500700000657083255
Missouri,4 wk ahead,Bin,percent,11.7,11.8, 0.00013027154500700000657083255
Missouri,4 wk ahead,Bin,percent,11.8,11.9, 0.00013027154500700000657083255
Missouri,4 wk ahead,Bin,percent,11.9,12, 0.00013027154500700000657083255
Missouri,4 wk ahead,Bin,percent,12,12.1, 0.00013027154500700000657083255
Missouri,4 wk ahead,Bin,percent,12.1,12.2, 0.00013027154500700000657083255
Missouri,4 wk ahead,Bin,percent,12.2,12.3, 0.00013027154500700000657083255
Missouri,4 wk ahead,Bin,percent,12.3,12.4, 0.00013027154500700000657083255
Missouri,4 wk ahead,Bin,percent,12.4,12.5, 0.00013027154500700000657083255
Missouri,4 wk ahead,Bin,percent,12.5,12.6, 0.00013027154500700000657083255
Missouri,4 wk ahead,Bin,percent,12.6,12.7, 0.00013027154500700000657083255
Missouri,4 wk ahead,Bin,percent,12.7,12.8, 0.00013027154500700000657083255
Missouri,4 wk ahead,Bin,percent,12.8,12.9, 0.00013027154500700000657083255
Missouri,4 wk ahead,Bin,percent,12.9,13, 0.00013027154500700000657083255
Missouri,4 wk ahead,Bin,percent,13,100, 0.00013027154500700000657083255
Minnesota,Season peak week,Bin,week,40,41, 0.03030303030303030387138107926
Minnesota,Season peak week,Bin,week,41,42, 0.03030303030303030387138107926
Minnesota,Season peak week,Bin,week,42,43, 0.03030303030303030387138107926
Minnesota,Season peak week,Bin,week,43,44, 0.03030303030303030387138107926
Minnesota,Season peak week,Bin,week,44,45, 0.03030303030303030387138107926
Minnesota,Season peak week,Bin,week,45,46, 0.03030303030303030387138107926
Minnesota,Season peak week,Bin,week,46,47, 0.03030303030303030387138107926
Minnesota,Season peak week,Bin,week,47,48, 0.03030303030303030387138107926
Minnesota,Season peak week,Bin,week,48,49, 0.03030303030303030387138107926
Minnesota,Season peak week,Bin,week,49,50, 0.03030303030303030387138107926
Minnesota,Season peak week,Bin,week,50,51, 0.03030303030303030387138107926
Minnesota,Season peak week,Bin,week,51,52, 0.03030303030303030387138107926
Minnesota,Season peak week,Bin,week,52,53, 0.03030303030303030387138107926
Minnesota,Season peak week,Bin,week,1,2, 0.03030303030303030387138107926
Minnesota,Season peak week,Bin,week,2,3, 0.03030303030303030387138107926
Minnesota,Season peak week,Bin,week,3,4, 0.03030303030303030387138107926
Minnesota,Season peak week,Bin,week,4,5, 0.03030303030303030387138107926
Minnesota,Season peak week,Bin,week,5,6, 0.03030303030303030387138107926
Minnesota,Season peak week,Bin,week,6,7, 0.03030303030303030387138107926
Minnesota,Season peak week,Bin,week,7,8, 0.03030303030303030387138107926
Minnesota,Season peak week,Bin,week,8,9, 0.03030303030303030387138107926
Minnesota,Season peak week,Bin,week,9,10, 0.03030303030303030387138107926
Minnesota,Season peak week,Bin,week,10,11, 0.03030303030303030387138107926
Minnesota,Season peak week,Bin,week,11,12, 0.03030303030303030387138107926
Minnesota,Season peak week,Bin,week,12,13, 0.03030303030303030387138107926
Minnesota,Season peak week,Bin,week,13,14, 0.03030303030303030387138107926
Minnesota,Season peak week,Bin,week,14,15, 0.03030303030303030387138107926
Minnesota,Season peak week,Bin,week,15,16, 0.03030303030303030387138107926
Minnesota,Season peak week,Bin,week,16,17, 0.03030303030303030387138107926
Minnesota,Season peak week,Bin,week,17,18, 0.03030303030303030387138107926
Minnesota,Season peak week,Bin,week,18,19, 0.03030303030303030387138107926
Minnesota,Season peak week,Bin,week,19,20, 0.03030303030303030387138107926
Minnesota,Season peak week,Bin,week,20,21, 0.03030303030303030387138107926
Minnesota,Season peak percentage,Bin,percent,0,0.1, 0.00010426581430062980648636184
Minnesota,Season peak percentage,Bin,percent,0.1,0.2, 0.00020853162860125964007777799
Minnesota,Season peak percentage,Bin,percent,0.2,0.3, 0.00020853162860125955876261505
Minnesota,Season peak percentage,Bin,percent,0.3,0.4, 0.00020853162860125955876261505
Minnesota,Season peak percentage,Bin,percent,0.4,0.5, 0.00020853162860125955876261505
Minnesota,Season peak percentage,Bin,percent,0.5,0.6, 0.00020853162860125966718283230
Minnesota,Season peak percentage,Bin,percent,0.6,0.7, 0.00020853162860125980270810386
Minnesota,Season peak percentage,Bin,percent,0.7,0.8, 0.00020853162860125980270810386
Minnesota,Season peak percentage,Bin,percent,0.8,0.9, 0.00020853162860125980270810386
Minnesota,Season peak percentage,Bin,percent,0.9,1, 0.00020853162860125980270810386
Minnesota,Season peak percentage,Bin,percent,1,1.1, 0.00020853162860125980270810386
Minnesota,Season peak percentage,Bin,percent,1.1,1.2, 0.00020853162860125980270810386
Minnesota,Season peak percentage,Bin,percent,1.2,1.3, 0.00020853162860125980270810386
Minnesota,Season peak percentage,Bin,percent,1.3,1.4, 0.00020853162860125980270810386
Minnesota,Season peak percentage,Bin,percent,1.4,1.5, 0.00021623184865290903861924365
Minnesota,Season peak percentage,Bin,percent,1.5,1.6, 0.00033355081337055493941393114
Minnesota,Season peak percentage,Bin,percent,1.6,1.7, 0.00055524929490890204998587709
Minnesota,Season peak percentage,Bin,percent,1.7,1.8, 0.00090010450972928556824526058
Minnesota,Season peak percentage,Bin,percent,1.8,1.9, 0.00142080789308652753397121948
Minnesota,Season peak percentage,Bin,percent,1.9,2, 0.00218339614522956339259796010
Minnesota,Season peak percentage,Bin,percent,2,2.1, 0.00326694933499176339009029135
Minnesota,Season peak percentage,Bin,percent,2.1,2.2, 0.00475912200697006272653855063
Minnesota,Season peak percentage,Bin,percent,2.2,2.3, 0.00675038609658338770169727638
Minnesota,Season peak percentage,Bin,percent,2.3,2.4, 0.00932091756363427614839878288
Minnesota,Season peak percentage,Bin,percent,2.4,2.5, 0.01253012946314259641600319384
Minnesota,Season peak percentage,Bin,percent,2.5,2.6, 0.01639836841734166120176929837
Minnesota,Season peak percentage,Bin,percent,2.6,2.7, 0.02089162481386057368393238676
Minnesota,Season peak percentage,Bin,percent,2.7,2.8, 0.02590956281593925422668256431
Minnesota,Season peak percentage,Bin,percent,2.8,2.9, 0.03127827033604155954060743738
Minnesota,Season peak percentage,Bin,percent,2.9,3, 0.03675483550988882519572342744
Minnesota,Season peak percentage,Bin,percent,3,3.1, 0.04203869220592764549548903119
Minnesota,Season peak percentage,Bin,percent,3.1,3.2, 0.04679950352233713806171522265
Minnesota,Season peak percentage,Bin,percent,3.2,3.3, 0.05070664912035904164921973347
Minnesota,Season peak percentage,Bin,percent,3.3,3.4, 0.05346960799166068645238425461
Minnesota,Season peak percentage,Bin,percent,3.4,3.5, 0.05487164515708042866748428423
Minnesota,Season peak percentage,Bin,percent,3.5,3.6, 0.05479966908838930506053799263
Minnesota,Season peak percentage,Bin,percent,3.6,3.7, 0.05325742735770234992376259697
Minnesota,Season peak percentage,Bin,percent,3.7,3.8, 0.05036432633810433018295427132
Minnesota,Season peak percentage,Bin,percent,3.8,3.9, 0.04634593223849708260031476925
Minnesota,Season peak percentage,Bin,percent,3.9,4, 0.04149698782377166800250378742
Minnesota,Season peak percentage,Bin,percent,4,4.1, 0.03615183887729464529137146656
Minnesota,Season peak percentage,Bin,percent,4.1,4.2, 0.03064307993014180747648467218
Minnesota,Season peak percentage,Bin,percent,4.2,4.3, 0.02527094152849781311109822468
Minnesota,Season peak percentage,Bin,percent,4.3,4.4, 0.02027581735504443635753624164
Minnesota,Season peak percentage,Bin,percent,4.4,4.5, 0.01582769813022218488574033302
Minnesota,Season peak percentage,Bin,percent,4.5,4.6, 0.01202238522952171415059119397
Minnesota,Season peak percentage,Bin,percent,4.6,4.7, 0.00888753281753588281199895960
Minnesota,Season peak percentage,Bin,percent,4.7,4.8, 0.00639883114790649586839377250
Minnesota,Season peak percentage,Bin,percent,4.8,4.9, 0.00449456822247583463042497343
Minnesota,Season peak percentage,Bin,percent,4.9,5, 0.00309318551614399953400558196
Minnesota,Season peak percentage,Bin,percent,5,5.1, 0.00210639866352516297656749522
Minnesota,Season peak percentage,Bin,percent,5.1,5.2, 0.00145155756123948437817661183
Minnesota,Season peak percentage,Bin,percent,5.2,5.3, 0.00105749341636610745195912209
Minnesota,Season peak percentage,Bin,percent,5.3,5.4, 0.00086792153185268744713248834
Minnesota,Season peak percentage,Bin,percent,5.4,5.5, 0.00084166423349788898992940300
Minnesota,Season peak percentage,Bin,percent,5.5,5.6, 0.00095039681695119478891525810
Minnesota,Season peak percentage,Bin,percent,5.6,5.7, 0.00117610191682139390324801642
Minnesota,Season peak percentage,Bin,percent,5.7,5.8, 0.00150622259940736617604695180
Minnesota,Season peak percentage,Bin,percent,5.8,5.9, 0.00192983674540403893522821921
Minnesota,Season peak percentage,Bin,percent,5.9,6, 0.00243462916014273653142474529
Minnesota,Season peak percentage,Bin,percent,6,6.1, 0.00300370705928591991487608404
Minnesota,Season peak percentage,Bin,percent,6.1,6.2, 0.00361459757552455096876742324
Minnesota,Season peak percentage,Bin,percent,6.2,6.3, 0.00423945177927450515126261976
Minnesota,Season peak percentage,Bin,percent,6.3,6.4, 0.00484688026773464827878790118
Minnesota,Season peak percentage,Bin,percent,6.4,6.5, 0.00540488421854456828341550789
Minnesota,Season peak percentage,Bin,percent,6.5,6.6, 0.00588481834315889018593992432
Minnesota,Season peak percentage,Bin,percent,6.6,6.7, 0.00626513461582033342328612591
Minnesota,Season peak percentage,Bin,percent,6.7,6.8, 0.00653452774236962935505701466
Minnesota,Season peak percentage,Bin,percent,6.8,6.9, 0.00669310710241515123553046607
Minnesota,Season peak percentage,Bin,percent,6.9,7, 0.00675234937916038314986710844
Minnesota,Season peak percentage,Bin,percent,7,7.1, 0.00673250739137271937695405910
Minnesota,Season peak percentage,Bin,percent,7.1,7.2, 0.00665819759788516176562955806
Minnesota,Season peak percentage,Bin,percent,7.2,7.3, 0.00655405987129892720483015367
Minnesota,Season peak percentage,Bin,percent,7.3,7.4, 0.00643974506860167227734192963
Minnesota,Season peak percentage,Bin,percent,7.4,7.5, 0.00632652803602120044484946604
Minnesota,Season peak percentage,Bin,percent,7.5,7.6, 0.00621569158547104205769784357
Minnesota,Season peak percentage,Bin,percent,7.6,7.7, 0.00609909314256275661425554802
Minnesota,Season peak percentage,Bin,percent,7.7,7.8, 0.00596171702400878807115436331
Minnesota,Season peak percentage,Bin,percent,7.8,7.9, 0.00578561936480197821358606447
Minnesota,Season peak percentage,Bin,percent,7.9,8, 0.00555422408632044468240751556
Minnesota,Season peak percentage,Bin,percent,8,8.1, 0.00525631035726417585735026350
Minnesota,Season peak percentage,Bin,percent,8.1,8.2, 0.00488856405288860037389175872
Minnesota,Season peak percentage,Bin,percent,8.2,8.3, 0.00445675544662459816036559346
Minnesota,Season peak percentage,Bin,percent,8.3,8.4, 0.00397459025127228429696835121
Minnesota,Season peak percentage,Bin,percent,8.4,8.5, 0.00346191060356409443729552855
Minnesota,Season peak percentage,Bin,percent,8.5,8.6, 0.00294149949449267096579507808
Minnesota,Season peak percentage,Bin,percent,8.6,8.7, 0.00243589865662412587490881499
Minnesota,Season peak percentage,Bin,percent,8.7,8.8, 0.00196472201387920802212461169
Minnesota,Season peak percentage,Bin,percent,8.8,8.9, 0.00154272473243770519638062844
Minnesota,Season peak percentage,Bin,percent,8.9,9, 0.00117889787142623600653401628
Minnesota,Season peak percentage,Bin,percent,9,9.1, 0.00087643902747410286965118464
Minnesota,Season peak percentage,Bin,percent,9.1,9.2, 0.00063386353715390081255826038
Minnesota,Season peak percentage,Bin,percent,9.2,9.3, 0.00044587076058343776867667896
Minnesota,Season peak percentage,Bin,percent,9.3,9.4, 0.00030502962035415255147990932
Minnesota,Season peak percentage,Bin,percent,9.4,9.5, 0.00020291623050001234007666540
Minnesota,Season peak percentage,Bin,percent,9.5,9.6, 0.00013127095352107704621241746
Minnesota,Season peak percentage,Bin,percent,9.6,9.7, 0.00008258830349271461840777314
Minnesota,Season peak percentage,Bin,percent,9.7,9.8, 0.00005558590421970615376868335
Minnesota,Season peak percentage,Bin,percent,9.8,9.9, 0.00005377257082674583601967708
Minnesota,Season peak percentage,Bin,percent,9.9,10, 0.00005377257082674583601967708
Minnesota,Season peak percentage,Bin,percent,10,10.1, 0.00005377257082674583601967708
Minnesota,Season peak percentage,Bin,percent,10.1,10.2, 0.00005377257082674583601967708
Minnesota,Season peak percentage,Bin,percent,10.2,10.3, 0.00005377257082674583601967708
Minnesota,Season peak percentage,Bin,percent,10.3,10.4, 0.00005377257082674583601967708
Minnesota,Season peak percentage,Bin,percent,10.4,10.5, 0.00005377257082674583601967708
Minnesota,Season peak percentage,Bin,percent,10.5,10.6, 0.00005377257082674583601967708
Minnesota,Season peak percentage,Bin,percent,10.6,10.7, 0.00005377257082674583601967708
Minnesota,Season peak percentage,Bin,percent,10.7,10.8, 0.00005377257082674583601967708
Minnesota,Season peak percentage,Bin,percent,10.8,10.9, 0.00005377257082674583601967708
Minnesota,Season peak percentage,Bin,percent,10.9,11, 0.00005377257082674583601967708
Minnesota,Season peak percentage,Bin,percent,11,11.1, 0.00005377257082674583601967708
Minnesota,Season peak percentage,Bin,percent,11.1,11.2, 0.00005377257082674583601967708
Minnesota,Season peak percentage,Bin,percent,11.2,11.3, 0.00005377257082674583601967708
Minnesota,Season peak percentage,Bin,percent,11.3,11.4, 0.00005377257082674583601967708
Minnesota,Season peak percentage,Bin,percent,11.4,11.5, 0.00005377257082674583601967708
Minnesota,Season peak percentage,Bin,percent,11.5,11.6, 0.00005377257082674583601967708
Minnesota,Season peak percentage,Bin,percent,11.6,11.7, 0.00005377257082674583601967708
Minnesota,Season peak percentage,Bin,percent,11.7,11.8, 0.00005377257082674583601967708
Minnesota,Season peak percentage,Bin,percent,11.8,11.9, 0.00005377257082674583601967708
Minnesota,Season peak percentage,Bin,percent,11.9,12, 0.00005377257082674583601967708
Minnesota,Season peak percentage,Bin,percent,12,12.1, 0.00005377257082674583601967708
Minnesota,Season peak percentage,Bin,percent,12.1,12.2, 0.00005377257082674583601967708
Minnesota,Season peak percentage,Bin,percent,12.2,12.3, 0.00005377257082674583601967708
Minnesota,Season peak percentage,Bin,percent,12.3,12.4, 0.00005377257082674583601967708
Minnesota,Season peak percentage,Bin,percent,12.4,12.5, 0.00005377257082674583601967708
Minnesota,Season peak percentage,Bin,percent,12.5,12.6, 0.00005377257082674583601967708
Minnesota,Season peak percentage,Bin,percent,12.6,12.7, 0.00005377257082674583601967708
Minnesota,Season peak percentage,Bin,percent,12.7,12.8, 0.00005377257082674583601967708
Minnesota,Season peak percentage,Bin,percent,12.8,12.9, 0.00005377257082674583601967708
Minnesota,Season peak percentage,Bin,percent,12.9,13, 0.00005377257082674583601967708
Minnesota,Season peak percentage,Bin,percent,13,100, 0.00005377257082674583601967708
Minnesota,1 wk ahead,Bin,percent,0,0.1, 0.00009027392227648428993120461
Minnesota,1 wk ahead,Bin,percent,0.1,0.2, 0.00018054784455296860696746353
Minnesota,1 wk ahead,Bin,percent,0.2,0.3, 0.00018054784455296852565230059
Minnesota,1 wk ahead,Bin,percent,0.3,0.4, 0.00018054784455296852565230059
Minnesota,1 wk ahead,Bin,percent,0.4,0.5, 0.00023240072416358124375058980
Minnesota,1 wk ahead,Bin,percent,0.5,0.6, 0.00062994120485432053731245094
Minnesota,1 wk ahead,Bin,percent,0.6,0.7, 0.00155745339118811866596647775
Minnesota,1 wk ahead,Bin,percent,0.7,0.8, 0.00332021687765352967874887824
Minnesota,1 wk ahead,Bin,percent,0.8,0.9, 0.00610369809124790361348766865
Minnesota,1 wk ahead,Bin,percent,0.9,1, 0.00968132596667337259888075351
Minnesota,1 wk ahead,Bin,percent,1,1.1, 0.01326843653582822704639632150
Minnesota,1 wk ahead,Bin,percent,1.1,1.2, 0.01577239491976386437377399830
Minnesota,1 wk ahead,Bin,percent,1.2,1.3, 0.01642519201403204107125866074
Minnesota,1 wk ahead,Bin,percent,1.3,1.4, 0.01536317319772288227108791858
Minnesota,1 wk ahead,Bin,percent,1.4,1.5, 0.01362430624572735782251697856
Minnesota,1 wk ahead,Bin,percent,1.5,1.6, 0.01246795908046612402775288331
Minnesota,1 wk ahead,Bin,percent,1.6,1.7, 0.01250683828796383435799643991
Minnesota,1 wk ahead,Bin,percent,1.7,1.8, 0.01331897008493942470563897729
Minnesota,1 wk ahead,Bin,percent,1.8,1.9, 0.01381955382045896296716591678
Minnesota,1 wk ahead,Bin,percent,1.9,2, 0.01307198230585233066081141118
Minnesota,1 wk ahead,Bin,percent,2,2.1, 0.01091005550278878293013473666
Minnesota,1 wk ahead,Bin,percent,2.1,2.2, 0.00796153267598260182269509500
Minnesota,1 wk ahead,Bin,percent,2.2,2.3, 0.00520782537067806215735910058
Minnesota,1 wk ahead,Bin,percent,2.3,2.4, 0.00358856109516982610743718318
Minnesota,1 wk ahead,Bin,percent,2.4,2.5, 0.00404243247682567388018304300
Minnesota,1 wk ahead,Bin,percent,2.5,2.6, 0.00790533231697836125118072914
Minnesota,1 wk ahead,Bin,percent,2.6,2.7, 0.01711391953139683799745007775
Minnesota,1 wk ahead,Bin,percent,2.7,2.8, 0.03351880919171195544192798366
Minnesota,1 wk ahead,Bin,percent,2.8,2.9, 0.05711050228942664286346797553
Minnesota,1 wk ahead,Bin,percent,2.9,3, 0.08414796200542223880702863426
Minnesota,1 wk ahead,Bin,percent,3,3.1, 0.10715052558265546200910733887
Minnesota,1 wk ahead,Bin,percent,3.1,3.2, 0.11793757098358795265546916653
Minnesota,1 wk ahead,Bin,percent,3.2,3.3, 0.11224672811656000170899005752
Minnesota,1 wk ahead,Bin,percent,3.3,3.4, 0.09241394688325388351302080991
Minnesota,1 wk ahead,Bin,percent,3.4,3.5, 0.06585142907217586549784016370
Minnesota,1 wk ahead,Bin,percent,3.5,3.6, 0.04063523804623019736181888106
Minnesota,1 wk ahead,Bin,percent,3.6,3.7, 0.02172676651702485500772255023
Minnesota,1 wk ahead,Bin,percent,3.7,3.8, 0.01007145794218158862953771404
Minnesota,1 wk ahead,Bin,percent,3.8,3.9, 0.00405007196818627651646593790
Minnesota,1 wk ahead,Bin,percent,3.9,4, 0.00141373538020847207621888408
Minnesota,1 wk ahead,Bin,percent,4,4.1, 0.00046377921333966320212999213
Minnesota,1 wk ahead,Bin,percent,4.1,4.2, 0.00036373397370825718026218776
Minnesota,1 wk ahead,Bin,percent,4.2,4.3, 0.00036373397370825718026218776
Minnesota,1 wk ahead,Bin,percent,4.3,4.4, 0.00036373397370825718026218776
Minnesota,1 wk ahead,Bin,percent,4.4,4.5, 0.00036373397370825718026218776
Minnesota,1 wk ahead,Bin,percent,4.5,4.6, 0.00036373397370825718026218776
Minnesota,1 wk ahead,Bin,percent,4.6,4.7, 0.00036373397370825718026218776
Minnesota,1 wk ahead,Bin,percent,4.7,4.8, 0.00036373397370825718026218776
Minnesota,1 wk ahead,Bin,percent,4.8,4.9, 0.00036373397370825718026218776
Minnesota,1 wk ahead,Bin,percent,4.9,5, 0.00036373397370825718026218776
Minnesota,1 wk ahead,Bin,percent,5,5.1, 0.00036373397370825718026218776
Minnesota,1 wk ahead,Bin,percent,5.1,5.2, 0.00036373397370825718026218776
Minnesota,1 wk ahead,Bin,percent,5.2,5.3, 0.00036373397370825718026218776
Minnesota,1 wk ahead,Bin,percent,5.3,5.4, 0.00036373397370825718026218776
Minnesota,1 wk ahead,Bin,percent,5.4,5.5, 0.00036373397370825718026218776
Minnesota,1 wk ahead,Bin,percent,5.5,5.6, 0.00036373397370825718026218776
Minnesota,1 wk ahead,Bin,percent,5.6,5.7, 0.00036373397370825718026218776
Minnesota,1 wk ahead,Bin,percent,5.7,5.8, 0.00036373397370825718026218776
Minnesota,1 wk ahead,Bin,percent,5.8,5.9, 0.00036373397370825718026218776
Minnesota,1 wk ahead,Bin,percent,5.9,6, 0.00036373397370825718026218776
Minnesota,1 wk ahead,Bin,percent,6,6.1, 0.00036373397370825718026218776
Minnesota,1 wk ahead,Bin,percent,6.1,6.2, 0.00036373397370825718026218776
Minnesota,1 wk ahead,Bin,percent,6.2,6.3, 0.00036373397370825718026218776
Minnesota,1 wk ahead,Bin,percent,6.3,6.4, 0.00036373397370825718026218776
Minnesota,1 wk ahead,Bin,percent,6.4,6.5, 0.00036373397370825718026218776
Minnesota,1 wk ahead,Bin,percent,6.5,6.6, 0.00036373397370825718026218776
Minnesota,1 wk ahead,Bin,percent,6.6,6.7, 0.00036373397370825718026218776
Minnesota,1 wk ahead,Bin,percent,6.7,6.8, 0.00036373397370825718026218776
Minnesota,1 wk ahead,Bin,percent,6.8,6.9, 0.00036373397370825718026218776
Minnesota,1 wk ahead,Bin,percent,6.9,7, 0.00036373397370825718026218776
Minnesota,1 wk ahead,Bin,percent,7,7.1, 0.00036373397370825718026218776
Minnesota,1 wk ahead,Bin,percent,7.1,7.2, 0.00036373397370825718026218776
Minnesota,1 wk ahead,Bin,percent,7.2,7.3, 0.00036373397370825718026218776
Minnesota,1 wk ahead,Bin,percent,7.3,7.4, 0.00036373397370825718026218776
Minnesota,1 wk ahead,Bin,percent,7.4,7.5, 0.00036373397370825718026218776
Minnesota,1 wk ahead,Bin,percent,7.5,7.6, 0.00036373397370825718026218776
Minnesota,1 wk ahead,Bin,percent,7.6,7.7, 0.00036373397370825718026218776
Minnesota,1 wk ahead,Bin,percent,7.7,7.8, 0.00036373397370825718026218776
Minnesota,1 wk ahead,Bin,percent,7.8,7.9, 0.00036373397370825718026218776
Minnesota,1 wk ahead,Bin,percent,7.9,8, 0.00036373397370825718026218776
Minnesota,1 wk ahead,Bin,percent,8,8.1, 0.00036373397370826043286870521
Minnesota,1 wk ahead,Bin,percent,8.1,8.2, 0.00036373397370826363126511405
Minnesota,1 wk ahead,Bin,percent,8.2,8.3, 0.00036373397370826363126511405
Minnesota,1 wk ahead,Bin,percent,8.3,8.4, 0.00036373397370826363126511405
Minnesota,1 wk ahead,Bin,percent,8.4,8.5, 0.00036373397370826363126511405
Minnesota,1 wk ahead,Bin,percent,8.5,8.6, 0.00036373397370826363126511405
Minnesota,1 wk ahead,Bin,percent,8.6,8.7, 0.00036373397370826363126511405
Minnesota,1 wk ahead,Bin,percent,8.7,8.8, 0.00036373397370826363126511405
Minnesota,1 wk ahead,Bin,percent,8.8,8.9, 0.00036373397370826363126511405
Minnesota,1 wk ahead,Bin,percent,8.9,9, 0.00036373397370826363126511405
Minnesota,1 wk ahead,Bin,percent,9,9.1, 0.00036373397370826363126511405
Minnesota,1 wk ahead,Bin,percent,9.1,9.2, 0.00036373397370826363126511405
Minnesota,1 wk ahead,Bin,percent,9.2,9.3, 0.00036373397370826363126511405
Minnesota,1 wk ahead,Bin,percent,9.3,9.4, 0.00036373397370826363126511405
Minnesota,1 wk ahead,Bin,percent,9.4,9.5, 0.00036373397370826363126511405
Minnesota,1 wk ahead,Bin,percent,9.5,9.6, 0.00036373397370826363126511405
Minnesota,1 wk ahead,Bin,percent,9.6,9.7, 0.00036373397370826363126511405
Minnesota,1 wk ahead,Bin,percent,9.7,9.8, 0.00036373397370826363126511405
Minnesota,1 wk ahead,Bin,percent,9.8,9.9, 0.00036373397370826363126511405
Minnesota,1 wk ahead,Bin,percent,9.9,10, 0.00036373397370826363126511405
Minnesota,1 wk ahead,Bin,percent,10,10.1, 0.00036373397370826363126511405
Minnesota,1 wk ahead,Bin,percent,10.1,10.2, 0.00036373397370826363126511405
Minnesota,1 wk ahead,Bin,percent,10.2,10.3, 0.00036373397370826363126511405
Minnesota,1 wk ahead,Bin,percent,10.3,10.4, 0.00036373397370826363126511405
Minnesota,1 wk ahead,Bin,percent,10.4,10.5, 0.00036373397370826363126511405
Minnesota,1 wk ahead,Bin,percent,10.5,10.6, 0.00036373397370826363126511405
Minnesota,1 wk ahead,Bin,percent,10.6,10.7, 0.00036373397370826363126511405
Minnesota,1 wk ahead,Bin,percent,10.7,10.8, 0.00036373397370826363126511405
Minnesota,1 wk ahead,Bin,percent,10.8,10.9, 0.00036373397370826363126511405
Minnesota,1 wk ahead,Bin,percent,10.9,11, 0.00036373397370826363126511405
Minnesota,1 wk ahead,Bin,percent,11,11.1, 0.00036373397370826363126511405
Minnesota,1 wk ahead,Bin,percent,11.1,11.2, 0.00036373397370826363126511405
Minnesota,1 wk ahead,Bin,percent,11.2,11.3, 0.00036373397370826363126511405
Minnesota,1 wk ahead,Bin,percent,11.3,11.4, 0.00036373397370826363126511405
Minnesota,1 wk ahead,Bin,percent,11.4,11.5, 0.00036373397370826363126511405
Minnesota,1 wk ahead,Bin,percent,11.5,11.6, 0.00036373397370826363126511405
Minnesota,1 wk ahead,Bin,percent,11.6,11.7, 0.00036373397370826363126511405
Minnesota,1 wk ahead,Bin,percent,11.7,11.8, 0.00036373397370826363126511405
Minnesota,1 wk ahead,Bin,percent,11.8,11.9, 0.00036373397370826363126511405
Minnesota,1 wk ahead,Bin,percent,11.9,12, 0.00036373397370826363126511405
Minnesota,1 wk ahead,Bin,percent,12,12.1, 0.00036373397370826363126511405
Minnesota,1 wk ahead,Bin,percent,12.1,12.2, 0.00036373397370826363126511405
Minnesota,1 wk ahead,Bin,percent,12.2,12.3, 0.00036373397370826363126511405
Minnesota,1 wk ahead,Bin,percent,12.3,12.4, 0.00036373397370826363126511405
Minnesota,1 wk ahead,Bin,percent,12.4,12.5, 0.00036373397370826363126511405
Minnesota,1 wk ahead,Bin,percent,12.5,12.6, 0.00036373397370826363126511405
Minnesota,1 wk ahead,Bin,percent,12.6,12.7, 0.00036373397370826363126511405
Minnesota,1 wk ahead,Bin,percent,12.7,12.8, 0.00036373397370826363126511405
Minnesota,1 wk ahead,Bin,percent,12.8,12.9, 0.00036373397370826363126511405
Minnesota,1 wk ahead,Bin,percent,12.9,13, 0.00036373397370826363126511405
Minnesota,1 wk ahead,Bin,percent,13,100, 0.00036373397370826363126511405
Minnesota,2 wk ahead,Bin,percent,0,0.1, 0.00009457711028207086887374666
Minnesota,2 wk ahead,Bin,percent,0.1,0.2, 0.00028003797161919321244416548
Minnesota,2 wk ahead,Bin,percent,0.2,0.3, 0.00045390407647723126889974243
Minnesota,2 wk ahead,Bin,percent,0.3,0.4, 0.00071106278317464941679526547
Minnesota,2 wk ahead,Bin,percent,0.4,0.5, 0.00107687081103213485103187175
Minnesota,2 wk ahead,Bin,percent,0.5,0.6, 0.00157708871094459804167164929
Minnesota,2 wk ahead,Bin,percent,0.6,0.7, 0.00223432028211603119979833387
Minnesota,2 wk ahead,Bin,percent,0.7,0.8, 0.00306353006218542224872725122
Minnesota,2 wk ahead,Bin,percent,0.8,0.9, 0.00406726990223409828884015838
Minnesota,2 wk ahead,Bin,percent,0.9,1, 0.00523157127827099215078288097
Minnesota,2 wk ahead,Bin,percent,1,1.1, 0.00652383837036081028204481669
Minnesota,2 wk ahead,Bin,percent,1.1,1.2, 0.00789353977523796560000768352
Minnesota,2 wk ahead,Bin,percent,1.2,1.3, 0.00927623934049457733730381648
Minnesota,2 wk ahead,Bin,percent,1.3,1.4, 0.01060138616675132018640770326
Minnesota,2 wk ahead,Bin,percent,1.4,1.5, 0.01180293875121986649223693178
Minnesota,2 wk ahead,Bin,percent,1.5,1.6, 0.01283152705659851289254902440
Minnesota,2 wk ahead,Bin,percent,1.6,1.7, 0.01366684945893659186566537755
Minnesota,2 wk ahead,Bin,percent,1.7,1.8, 0.01432807393305920821979793089
Minnesota,2 wk ahead,Bin,percent,1.8,1.9, 0.01488056861566323073320372572
Minnesota,2 wk ahead,Bin,percent,1.9,2, 0.01543715072534099577716837359
Minnesota,2 wk ahead,Bin,percent,2,2.1, 0.01615242606023561261485710361
Minnesota,2 wk ahead,Bin,percent,2.1,2.2, 0.01720894065678272091823863832
Minnesota,2 wk ahead,Bin,percent,2.2,2.3, 0.01879510825542422478018345089
Minnesota,2 wk ahead,Bin,percent,2.3,2.4, 0.02107683316266928397197943923
Minnesota,2 wk ahead,Bin,percent,2.4,2.5, 0.02416338254271676103113186684
Minnesota,2 wk ahead,Bin,percent,2.5,2.6, 0.02807586145272178076992553031
Minnesota,2 wk ahead,Bin,percent,2.6,2.7, 0.03272084883410743272325049702
Minnesota,2 wk ahead,Bin,percent,2.7,2.8, 0.03787856640088298892932172635
Minnesota,2 wk ahead,Bin,percent,2.8,2.9, 0.04321035765029564157391206436
Minnesota,2 wk ahead,Bin,percent,2.9,3, 0.04828803348029913483641095695
Minnesota,2 wk ahead,Bin,percent,3,3.1, 0.05264360507536258726446476430
Minnesota,2 wk ahead,Bin,percent,3.1,3.2, 0.05583141649008077633808966311
Minnesota,2 wk ahead,Bin,percent,3.2,3.3, 0.05749486716928359913980628448
Minnesota,2 wk ahead,Bin,percent,3.3,3.4, 0.05742031277724785054417111496
Minnesota,2 wk ahead,Bin,percent,3.4,3.5, 0.05556989294925278322079265081
Minnesota,2 wk ahead,Bin,percent,3.5,3.6, 0.05208811295973533178615966222
Minnesota,2 wk ahead,Bin,percent,3.6,3.7, 0.04727496197904045016624507980
Minnesota,2 wk ahead,Bin,percent,3.7,3.8, 0.04153774529708209595213475041
Minnesota,2 wk ahead,Bin,percent,3.8,3.9, 0.03532960176768707577510397755
Minnesota,2 wk ahead,Bin,percent,3.9,4, 0.02908808165248083846265991781
Minnesota,2 wk ahead,Bin,percent,4,4.1, 0.02318395947197633699676799779
Minnesota,2 wk ahead,Bin,percent,4.1,4.2, 0.01788896538897437327175765631
Minnesota,2 wk ahead,Bin,percent,4.2,4.3, 0.01336463608005347171447940724
Minnesota,2 wk ahead,Bin,percent,4.3,4.4, 0.00966843525908291784309867012
Minnesota,2 wk ahead,Bin,percent,4.4,4.5, 0.00677373167193472125457986976
Minnesota,2 wk ahead,Bin,percent,4.5,4.6, 0.00459650998520154917270641448
Minnesota,2 wk ahead,Bin,percent,4.6,4.7, 0.00302147918373527925306465391
Minnesota,2 wk ahead,Bin,percent,4.7,4.8, 0.00192421869119047497277696923
Minnesota,2 wk ahead,Bin,percent,4.8,4.9, 0.00118731656814391006542208640
Minnesota,2 wk ahead,Bin,percent,4.9,5, 0.00070990054328429837062625074
Minnesota,2 wk ahead,Bin,percent,5,5.1, 0.00041132197364386233976590868
Minnesota,2 wk ahead,Bin,percent,5.1,5.2, 0.00023097525372947516446309191
Minnesota,2 wk ahead,Bin,percent,5.2,5.3, 0.00013090140252304348746428819
Minnesota,2 wk ahead,Bin,percent,5.3,5.4, 0.00011572239398894575796924999
Minnesota,2 wk ahead,Bin,percent,5.4,5.5, 0.00011572239398894575796924999
Minnesota,2 wk ahead,Bin,percent,5.5,5.6, 0.00011572239398894575796924999
Minnesota,2 wk ahead,Bin,percent,5.6,5.7, 0.00011572239398894575796924999
Minnesota,2 wk ahead,Bin,percent,5.7,5.8, 0.00011572239398894575796924999
Minnesota,2 wk ahead,Bin,percent,5.8,5.9, 0.00011572239398894575796924999
Minnesota,2 wk ahead,Bin,percent,5.9,6, 0.00011572239398894575796924999
Minnesota,2 wk ahead,Bin,percent,6,6.1, 0.00011572239398894575796924999
Minnesota,2 wk ahead,Bin,percent,6.1,6.2, 0.00011572239398894575796924999
Minnesota,2 wk ahead,Bin,percent,6.2,6.3, 0.00011572239398894575796924999
Minnesota,2 wk ahead,Bin,percent,6.3,6.4, 0.00011572239398894575796924999
Minnesota,2 wk ahead,Bin,percent,6.4,6.5, 0.00011572239398894575796924999
Minnesota,2 wk ahead,Bin,percent,6.5,6.6, 0.00011572239398894575796924999
Minnesota,2 wk ahead,Bin,percent,6.6,6.7, 0.00011572239398894575796924999
Minnesota,2 wk ahead,Bin,percent,6.7,6.8, 0.00011572239398894575796924999
Minnesota,2 wk ahead,Bin,percent,6.8,6.9, 0.00011572239398894575796924999
Minnesota,2 wk ahead,Bin,percent,6.9,7, 0.00011572239398894575796924999
Minnesota,2 wk ahead,Bin,percent,7,7.1, 0.00011572239398894575796924999
Minnesota,2 wk ahead,Bin,percent,7.1,7.2, 0.00011572239398894575796924999
Minnesota,2 wk ahead,Bin,percent,7.2,7.3, 0.00011572239398894575796924999
Minnesota,2 wk ahead,Bin,percent,7.3,7.4, 0.00011572239398894575796924999
Minnesota,2 wk ahead,Bin,percent,7.4,7.5, 0.00011572239398894575796924999
Minnesota,2 wk ahead,Bin,percent,7.5,7.6, 0.00011572239398894575796924999
Minnesota,2 wk ahead,Bin,percent,7.6,7.7, 0.00011572239398894575796924999
Minnesota,2 wk ahead,Bin,percent,7.7,7.8, 0.00011572239398894575796924999
Minnesota,2 wk ahead,Bin,percent,7.8,7.9, 0.00011572239398894575796924999
Minnesota,2 wk ahead,Bin,percent,7.9,8, 0.00011572239398894575796924999
Minnesota,2 wk ahead,Bin,percent,8,8.1, 0.00011572239398894680151384101
Minnesota,2 wk ahead,Bin,percent,8.1,8.2, 0.00011572239398894783150590487
Minnesota,2 wk ahead,Bin,percent,8.2,8.3, 0.00011572239398894783150590487
Minnesota,2 wk ahead,Bin,percent,8.3,8.4, 0.00011572239398894783150590487
Minnesota,2 wk ahead,Bin,percent,8.4,8.5, 0.00011572239398894783150590487
Minnesota,2 wk ahead,Bin,percent,8.5,8.6, 0.00011572239398894783150590487
Minnesota,2 wk ahead,Bin,percent,8.6,8.7, 0.00011572239398894783150590487
Minnesota,2 wk ahead,Bin,percent,8.7,8.8, 0.00011572239398894783150590487
Minnesota,2 wk ahead,Bin,percent,8.8,8.9, 0.00011572239398894783150590487
Minnesota,2 wk ahead,Bin,percent,8.9,9, 0.00011572239398894783150590487
Minnesota,2 wk ahead,Bin,percent,9,9.1, 0.00011572239398894783150590487
Minnesota,2 wk ahead,Bin,percent,9.1,9.2, 0.00011572239398894783150590487
Minnesota,2 wk ahead,Bin,percent,9.2,9.3, 0.00011572239398894783150590487
Minnesota,2 wk ahead,Bin,percent,9.3,9.4, 0.00011572239398894783150590487
Minnesota,2 wk ahead,Bin,percent,9.4,9.5, 0.00011572239398894783150590487
Minnesota,2 wk ahead,Bin,percent,9.5,9.6, 0.00011572239398894783150590487
Minnesota,2 wk ahead,Bin,percent,9.6,9.7, 0.00011572239398894783150590487
Minnesota,2 wk ahead,Bin,percent,9.7,9.8, 0.00011572239398894783150590487
Minnesota,2 wk ahead,Bin,percent,9.8,9.9, 0.00011572239398894783150590487
Minnesota,2 wk ahead,Bin,percent,9.9,10, 0.00011572239398894783150590487
Minnesota,2 wk ahead,Bin,percent,10,10.1, 0.00011572239398894783150590487
Minnesota,2 wk ahead,Bin,percent,10.1,10.2, 0.00011572239398894783150590487
Minnesota,2 wk ahead,Bin,percent,10.2,10.3, 0.00011572239398894783150590487
Minnesota,2 wk ahead,Bin,percent,10.3,10.4, 0.00011572239398894783150590487
Minnesota,2 wk ahead,Bin,percent,10.4,10.5, 0.00011572239398894783150590487
Minnesota,2 wk ahead,Bin,percent,10.5,10.6, 0.00011572239398894783150590487
Minnesota,2 wk ahead,Bin,percent,10.6,10.7, 0.00011572239398894783150590487
Minnesota,2 wk ahead,Bin,percent,10.7,10.8, 0.00011572239398894783150590487
Minnesota,2 wk ahead,Bin,percent,10.8,10.9, 0.00011572239398894783150590487
Minnesota,2 wk ahead,Bin,percent,10.9,11, 0.00011572239398894783150590487
Minnesota,2 wk ahead,Bin,percent,11,11.1, 0.00011572239398894783150590487
Minnesota,2 wk ahead,Bin,percent,11.1,11.2, 0.00011572239398894783150590487
Minnesota,2 wk ahead,Bin,percent,11.2,11.3, 0.00011572239398894783150590487
Minnesota,2 wk ahead,Bin,percent,11.3,11.4, 0.00011572239398894783150590487
Minnesota,2 wk ahead,Bin,percent,11.4,11.5, 0.00011572239398894783150590487
Minnesota,2 wk ahead,Bin,percent,11.5,11.6, 0.00011572239398894783150590487
Minnesota,2 wk ahead,Bin,percent,11.6,11.7, 0.00011572239398894783150590487
Minnesota,2 wk ahead,Bin,percent,11.7,11.8, 0.00011572239398894783150590487
Minnesota,2 wk ahead,Bin,percent,11.8,11.9, 0.00011572239398894783150590487
Minnesota,2 wk ahead,Bin,percent,11.9,12, 0.00011572239398894783150590487
Minnesota,2 wk ahead,Bin,percent,12,12.1, 0.00011572239398894783150590487
Minnesota,2 wk ahead,Bin,percent,12.1,12.2, 0.00011572239398894783150590487
Minnesota,2 wk ahead,Bin,percent,12.2,12.3, 0.00011572239398894783150590487
Minnesota,2 wk ahead,Bin,percent,12.3,12.4, 0.00011572239398894783150590487
Minnesota,2 wk ahead,Bin,percent,12.4,12.5, 0.00011572239398894783150590487
Minnesota,2 wk ahead,Bin,percent,12.5,12.6, 0.00011572239398894783150590487
Minnesota,2 wk ahead,Bin,percent,12.6,12.7, 0.00011572239398894783150590487
Minnesota,2 wk ahead,Bin,percent,12.7,12.8, 0.00011572239398894783150590487
Minnesota,2 wk ahead,Bin,percent,12.8,12.9, 0.00011572239398894783150590487
Minnesota,2 wk ahead,Bin,percent,12.9,13, 0.00011572239398894783150590487
Minnesota,2 wk ahead,Bin,percent,13,100, 0.00011572239398894783150590487
Minnesota,3 wk ahead,Bin,percent,0,0.1, 0.00039460216952574226744604458
Minnesota,3 wk ahead,Bin,percent,0.1,0.2, 0.00078920433905148453489208915
Minnesota,3 wk ahead,Bin,percent,0.2,0.3, 0.00078920433905148431805165465
Minnesota,3 wk ahead,Bin,percent,0.3,0.4, 0.00078920433905148431805165465
Minnesota,3 wk ahead,Bin,percent,0.4,0.5, 0.00078920433905148431805165465
Minnesota,3 wk ahead,Bin,percent,0.5,0.6, 0.00078920433905148475173252365
Minnesota,3 wk ahead,Bin,percent,0.6,0.7, 0.00078920433905148518541339264
Minnesota,3 wk ahead,Bin,percent,0.7,0.8, 0.00078920433905148518541339264
Minnesota,3 wk ahead,Bin,percent,0.8,0.9, 0.00078920433905148518541339264
Minnesota,3 wk ahead,Bin,percent,0.9,1, 0.00078920433905148518541339264
Minnesota,3 wk ahead,Bin,percent,1,1.1, 0.00078920433905148518541339264
Minnesota,3 wk ahead,Bin,percent,1.1,1.2, 0.00078920433905148518541339264
Minnesota,3 wk ahead,Bin,percent,1.2,1.3, 0.00078920433905148518541339264
Minnesota,3 wk ahead,Bin,percent,1.3,1.4, 0.00078920433905148518541339264
Minnesota,3 wk ahead,Bin,percent,1.4,1.5, 0.00078920433905148518541339264
Minnesota,3 wk ahead,Bin,percent,1.5,1.6, 0.00357014823928157804325267399
Minnesota,3 wk ahead,Bin,percent,1.6,1.7, 0.04391807522574428523931544532
Minnesota,3 wk ahead,Bin,percent,1.7,1.8, 0.04833660005748310201090234273
Minnesota,3 wk ahead,Bin,percent,1.8,1.9, 0.00464290238600682542841058265
Minnesota,3 wk ahead,Bin,percent,1.9,2, 0.00003040298858589697623857999
Minnesota,3 wk ahead,Bin,percent,2,2.1, 0.00000001121241002698014647882
Minnesota,3 wk ahead,Bin,percent,2.1,2.2, 0.00000000000545602656162446462
Minnesota,3 wk ahead,Bin,percent,2.2,2.3, 0.00000019483312697434667326129
Minnesota,3 wk ahead,Bin,percent,2.3,2.4, 0.00038049570068992644503169664
Minnesota,3 wk ahead,Bin,percent,2.4,2.5, 0.04317344717260046538243045688
Minnesota,3 wk ahead,Bin,percent,2.5,2.6, 0.35440687091142847320313080672
Minnesota,3 wk ahead,Bin,percent,2.6,2.7, 0.29830326119706046528179399502
Minnesota,3 wk ahead,Bin,percent,2.7,2.8, 0.09949574894848790818091543997
Minnesota,3 wk ahead,Bin,percent,2.8,2.9, 0.03598546789810293938804974800
Minnesota,3 wk ahead,Bin,percent,2.9,3, 0.00225393805410682539214217712
Minnesota,3 wk ahead,Bin,percent,3,3.1, 0.00053523734904139955506630066
Minnesota,3 wk ahead,Bin,percent,3.1,3.2, 0.00053523734904139955506630066
Minnesota,3 wk ahead,Bin,percent,3.2,3.3, 0.00053523734904139955506630066
Minnesota,3 wk ahead,Bin,percent,3.3,3.4, 0.00053523734904139955506630066
Minnesota,3 wk ahead,Bin,percent,3.4,3.5, 0.00053523734904139955506630066
Minnesota,3 wk ahead,Bin,percent,3.5,3.6, 0.00053523734904139955506630066
Minnesota,3 wk ahead,Bin,percent,3.6,3.7, 0.00053523734904139955506630066
Minnesota,3 wk ahead,Bin,percent,3.7,3.8, 0.00053523734904139955506630066
Minnesota,3 wk ahead,Bin,percent,3.8,3.9, 0.00053523734904139955506630066
Minnesota,3 wk ahead,Bin,percent,3.9,4, 0.00053523734904139955506630066
Minnesota,3 wk ahead,Bin,percent,4,4.1, 0.00053523734904139955506630066
Minnesota,3 wk ahead,Bin,percent,4.1,4.2, 0.00053523734904139955506630066
Minnesota,3 wk ahead,Bin,percent,4.2,4.3, 0.00053523734904139955506630066
Minnesota,3 wk ahead,Bin,percent,4.3,4.4, 0.00053523734904139955506630066
Minnesota,3 wk ahead,Bin,percent,4.4,4.5, 0.00053523734904139955506630066
Minnesota,3 wk ahead,Bin,percent,4.5,4.6, 0.00053523734904139955506630066
Minnesota,3 wk ahead,Bin,percent,4.6,4.7, 0.00053523734904139955506630066
Minnesota,3 wk ahead,Bin,percent,4.7,4.8, 0.00053523734904139955506630066
Minnesota,3 wk ahead,Bin,percent,4.8,4.9, 0.00053523734904139955506630066
Minnesota,3 wk ahead,Bin,percent,4.9,5, 0.00053523734904139955506630066
Minnesota,3 wk ahead,Bin,percent,5,5.1, 0.00053523734904139955506630066
Minnesota,3 wk ahead,Bin,percent,5.1,5.2, 0.00053523734904139955506630066
Minnesota,3 wk ahead,Bin,percent,5.2,5.3, 0.00053523734904139955506630066
Minnesota,3 wk ahead,Bin,percent,5.3,5.4, 0.00053523734904139955506630066
Minnesota,3 wk ahead,Bin,percent,5.4,5.5, 0.00053523734904139955506630066
Minnesota,3 wk ahead,Bin,percent,5.5,5.6, 0.00053523734904139955506630066
Minnesota,3 wk ahead,Bin,percent,5.6,5.7, 0.00053523734904139955506630066
Minnesota,3 wk ahead,Bin,percent,5.7,5.8, 0.00053523734904139955506630066
Minnesota,3 wk ahead,Bin,percent,5.8,5.9, 0.00053523734904139955506630066
Minnesota,3 wk ahead,Bin,percent,5.9,6, 0.00053523734904139955506630066
Minnesota,3 wk ahead,Bin,percent,6,6.1, 0.00053523734904139955506630066
Minnesota,3 wk ahead,Bin,percent,6.1,6.2, 0.00053523734904139955506630066
Minnesota,3 wk ahead,Bin,percent,6.2,6.3, 0.00053523734904139955506630066
Minnesota,3 wk ahead,Bin,percent,6.3,6.4, 0.00053523734904139955506630066
Minnesota,3 wk ahead,Bin,percent,6.4,6.5, 0.00053523734904139955506630066
Minnesota,3 wk ahead,Bin,percent,6.5,6.6, 0.00053523734904139955506630066
Minnesota,3 wk ahead,Bin,percent,6.6,6.7, 0.00053523734904139955506630066
Minnesota,3 wk ahead,Bin,percent,6.7,6.8, 0.00053523734904139955506630066
Minnesota,3 wk ahead,Bin,percent,6.8,6.9, 0.00053523734904139955506630066
Minnesota,3 wk ahead,Bin,percent,6.9,7, 0.00053523734904139955506630066
Minnesota,3 wk ahead,Bin,percent,7,7.1, 0.00053523734904139955506630066
Minnesota,3 wk ahead,Bin,percent,7.1,7.2, 0.00053523734904139955506630066
Minnesota,3 wk ahead,Bin,percent,7.2,7.3, 0.00053523734904139955506630066
Minnesota,3 wk ahead,Bin,percent,7.3,7.4, 0.00053523734904139955506630066
Minnesota,3 wk ahead,Bin,percent,7.4,7.5, 0.00053523734904139955506630066
Minnesota,3 wk ahead,Bin,percent,7.5,7.6, 0.00053523734904139955506630066
Minnesota,3 wk ahead,Bin,percent,7.6,7.7, 0.00053523734904139955506630066
Minnesota,3 wk ahead,Bin,percent,7.7,7.8, 0.00053523734904139955506630066
Minnesota,3 wk ahead,Bin,percent,7.8,7.9, 0.00053523734904139955506630066
Minnesota,3 wk ahead,Bin,percent,7.9,8, 0.00053523734904139955506630066
Minnesota,3 wk ahead,Bin,percent,8,8.1, 0.00053523734904140432555585960
Minnesota,3 wk ahead,Bin,percent,8.1,8.2, 0.00053523734904140909604541854
Minnesota,3 wk ahead,Bin,percent,8.2,8.3, 0.00053523734904140909604541854
Minnesota,3 wk ahead,Bin,percent,8.3,8.4, 0.00053523734904140909604541854
Minnesota,3 wk ahead,Bin,percent,8.4,8.5, 0.00053523734904140909604541854
Minnesota,3 wk ahead,Bin,percent,8.5,8.6, 0.00053523734904140909604541854
Minnesota,3 wk ahead,Bin,percent,8.6,8.7, 0.00053523734904140909604541854
Minnesota,3 wk ahead,Bin,percent,8.7,8.8, 0.00053523734904140909604541854
Minnesota,3 wk ahead,Bin,percent,8.8,8.9, 0.00053523734904140909604541854
Minnesota,3 wk ahead,Bin,percent,8.9,9, 0.00053523734904140909604541854
Minnesota,3 wk ahead,Bin,percent,9,9.1, 0.00053523734904140909604541854
Minnesota,3 wk ahead,Bin,percent,9.1,9.2, 0.00053523734904140909604541854
Minnesota,3 wk ahead,Bin,percent,9.2,9.3, 0.00053523734904140909604541854
Minnesota,3 wk ahead,Bin,percent,9.3,9.4, 0.00053523734904140909604541854
Minnesota,3 wk ahead,Bin,percent,9.4,9.5, 0.00053523734904140909604541854
Minnesota,3 wk ahead,Bin,percent,9.5,9.6, 0.00053523734904140909604541854
Minnesota,3 wk ahead,Bin,percent,9.6,9.7, 0.00053523734904140909604541854
Minnesota,3 wk ahead,Bin,percent,9.7,9.8, 0.00053523734904140909604541854
Minnesota,3 wk ahead,Bin,percent,9.8,9.9, 0.00053523734904140909604541854
Minnesota,3 wk ahead,Bin,percent,9.9,10, 0.00053523734904140909604541854
Minnesota,3 wk ahead,Bin,percent,10,10.1, 0.00053523734904140909604541854
Minnesota,3 wk ahead,Bin,percent,10.1,10.2, 0.00053523734904140909604541854
Minnesota,3 wk ahead,Bin,percent,10.2,10.3, 0.00053523734904140909604541854
Minnesota,3 wk ahead,Bin,percent,10.3,10.4, 0.00053523734904140909604541854
Minnesota,3 wk ahead,Bin,percent,10.4,10.5, 0.00053523734904140909604541854
Minnesota,3 wk ahead,Bin,percent,10.5,10.6, 0.00053523734904140909604541854
Minnesota,3 wk ahead,Bin,percent,10.6,10.7, 0.00053523734904140909604541854
Minnesota,3 wk ahead,Bin,percent,10.7,10.8, 0.00053523734904140909604541854
Minnesota,3 wk ahead,Bin,percent,10.8,10.9, 0.00053523734904140909604541854
Minnesota,3 wk ahead,Bin,percent,10.9,11, 0.00053523734904140909604541854
Minnesota,3 wk ahead,Bin,percent,11,11.1, 0.00053523734904140909604541854
Minnesota,3 wk ahead,Bin,percent,11.1,11.2, 0.00053523734904140909604541854
Minnesota,3 wk ahead,Bin,percent,11.2,11.3, 0.00053523734904140909604541854
Minnesota,3 wk ahead,Bin,percent,11.3,11.4, 0.00053523734904140909604541854
Minnesota,3 wk ahead,Bin,percent,11.4,11.5, 0.00053523734904140909604541854
Minnesota,3 wk ahead,Bin,percent,11.5,11.6, 0.00053523734904140909604541854
Minnesota,3 wk ahead,Bin,percent,11.6,11.7, 0.00053523734904140909604541854
Minnesota,3 wk ahead,Bin,percent,11.7,11.8, 0.00053523734904140909604541854
Minnesota,3 wk ahead,Bin,percent,11.8,11.9, 0.00053523734904140909604541854
Minnesota,3 wk ahead,Bin,percent,11.9,12, 0.00053523734904140909604541854
Minnesota,3 wk ahead,Bin,percent,12,12.1, 0.00053523734904140909604541854
Minnesota,3 wk ahead,Bin,percent,12.1,12.2, 0.00053523734904140909604541854
Minnesota,3 wk ahead,Bin,percent,12.2,12.3, 0.00053523734904140909604541854
Minnesota,3 wk ahead,Bin,percent,12.3,12.4, 0.00053523734904140909604541854
Minnesota,3 wk ahead,Bin,percent,12.4,12.5, 0.00053523734904140909604541854
Minnesota,3 wk ahead,Bin,percent,12.5,12.6, 0.00053523734904140909604541854
Minnesota,3 wk ahead,Bin,percent,12.6,12.7, 0.00053523734904140909604541854
Minnesota,3 wk ahead,Bin,percent,12.7,12.8, 0.00053523734904140909604541854
Minnesota,3 wk ahead,Bin,percent,12.8,12.9, 0.00053523734904140909604541854
Minnesota,3 wk ahead,Bin,percent,12.9,13, 0.00053523734904140909604541854
Minnesota,3 wk ahead,Bin,percent,13,100, 0.00053523734904140909604541854
Minnesota,4 wk ahead,Bin,percent,0,0.1, 0.00006405765714442448837111915
Minnesota,4 wk ahead,Bin,percent,0.1,0.2, 0.00012811531428884900384729262
Minnesota,4 wk ahead,Bin,percent,0.2,0.3, 0.00012811531428884894963718399
Minnesota,4 wk ahead,Bin,percent,0.3,0.4, 0.00012811531428884894963718399
Minnesota,4 wk ahead,Bin,percent,0.4,0.5, 0.00012831006502641266334499570
Minnesota,4 wk ahead,Bin,percent,0.5,0.6, 0.00019694700661982938289483458
Minnesota,4 wk ahead,Bin,percent,0.6,0.7, 0.00039209218214688679269436244
Minnesota,4 wk ahead,Bin,percent,0.7,0.8, 0.00074455279013919549620237337
Minnesota,4 wk ahead,Bin,percent,0.8,0.9, 0.00135073290695767508212687957
Minnesota,4 wk ahead,Bin,percent,0.9,1, 0.00234491994046021404174418024
Minnesota,4 wk ahead,Bin,percent,1,1.1, 0.00390226402471699007970529216
Minnesota,4 wk ahead,Bin,percent,1.1,1.2, 0.00623371253704722155797313121
Minnesota,4 wk ahead,Bin,percent,1.2,1.3, 0.00956896787387570731120423062
Minnesota,4 wk ahead,Bin,percent,1.3,1.4, 0.01412512396820939791775018080
Minnesota,4 wk ahead,Bin,percent,1.4,1.5, 0.02005288541566449186936971216
Minnesota,4 wk ahead,Bin,percent,1.5,1.6, 0.02736971117881961679252356134
Minnesota,4 wk ahead,Bin,percent,1.6,1.7, 0.03589080568069992482893582064
Minnesota,4 wk ahead,Bin,percent,1.7,1.8, 0.04517584110766405258718947380
Minnesota,4 wk ahead,Bin,percent,1.8,1.9, 0.05452869147261750482069686541
Minnesota,4 wk ahead,Bin,percent,1.9,2, 0.06306484637952838867569482773
Minnesota,4 wk ahead,Bin,percent,2,2.1, 0.06985426489276058692468041045
Minnesota,4 wk ahead,Bin,percent,2.1,2.2, 0.07410817413241573003990225743
Minnesota,4 wk ahead,Bin,percent,2.2,2.3, 0.07535639750649261725534699963
Minnesota,4 wk ahead,Bin,percent,2.3,2.4, 0.07355876581867216990051616676
Minnesota,4 wk ahead,Bin,percent,2.4,2.5, 0.06910390515862199767305185105
Minnesota,4 wk ahead,Bin,percent,2.5,2.6, 0.06269488414735391312859746904
Minnesota,4 wk ahead,Bin,percent,2.6,2.7, 0.05517185162399090847529237180
Minnesota,4 wk ahead,Bin,percent,2.7,2.8, 0.04732033564390476787497874511
Minnesota,4 wk ahead,Bin,percent,2.8,2.9, 0.03973963458931374648219758683
Minnesota,4 wk ahead,Bin,percent,2.9,3, 0.03279131164215937782602239281
Minnesota,4 wk ahead,Bin,percent,3,3.1, 0.02662678002304809388167683437
Minnesota,4 wk ahead,Bin,percent,3.1,3.2, 0.02125888963497103711919322677
Minnesota,4 wk ahead,Bin,percent,3.2,3.3, 0.01663751870053272602367755439
Minnesota,4 wk ahead,Bin,percent,3.3,3.4, 0.01270513820922135155011556407
Minnesota,4 wk ahead,Bin,percent,3.4,3.5, 0.00941822502863134264350364333
Minnesota,4 wk ahead,Bin,percent,3.5,3.6, 0.00674286251991156309476549424
Minnesota,4 wk ahead,Bin,percent,3.6,3.7, 0.00464153384270950437884284412
Minnesota,4 wk ahead,Bin,percent,3.7,3.8, 0.00306075975227427209135466768
Minnesota,4 wk ahead,Bin,percent,3.8,3.9, 0.00192765431820916084346140273
Minnesota,4 wk ahead,Bin,percent,3.9,4, 0.00115691412027135666525101687
Minnesota,4 wk ahead,Bin,percent,4,4.1, 0.00066056053599045398347366920
Minnesota,4 wk ahead,Bin,percent,4.1,4.2, 0.00035828896784320202152304691
Minnesota,4 wk ahead,Bin,percent,4.2,4.3, 0.00018444026694841697392758528
Minnesota,4 wk ahead,Bin,percent,4.3,4.4, 0.00010922636655011219036521403
Minnesota,4 wk ahead,Bin,percent,4.4,4.5, 0.00010681464858617310169711101
Minnesota,4 wk ahead,Bin,percent,4.5,4.6, 0.00010681464858617310169711101
Minnesota,4 wk ahead,Bin,percent,4.6,4.7, 0.00010681464858617310169711101
Minnesota,4 wk ahead,Bin,percent,4.7,4.8, 0.00010681464858617310169711101
Minnesota,4 wk ahead,Bin,percent,4.8,4.9, 0.00010681464858617310169711101
Minnesota,4 wk ahead,Bin,percent,4.9,5, 0.00010681464858617310169711101
Minnesota,4 wk ahead,Bin,percent,5,5.1, 0.00010681464858617310169711101
Minnesota,4 wk ahead,Bin,percent,5.1,5.2, 0.00010681464858617310169711101
Minnesota,4 wk ahead,Bin,percent,5.2,5.3, 0.00010681464858617310169711101
Minnesota,4 wk ahead,Bin,percent,5.3,5.4, 0.00010681464858617310169711101
Minnesota,4 wk ahead,Bin,percent,5.4,5.5, 0.00010681464858617310169711101
Minnesota,4 wk ahead,Bin,percent,5.5,5.6, 0.00010681464858617310169711101
Minnesota,4 wk ahead,Bin,percent,5.6,5.7, 0.00010681464858617310169711101
Minnesota,4 wk ahead,Bin,percent,5.7,5.8, 0.00010681464858617310169711101
Minnesota,4 wk ahead,Bin,percent,5.8,5.9, 0.00010681464858617310169711101
Minnesota,4 wk ahead,Bin,percent,5.9,6, 0.00010681464858617310169711101
Minnesota,4 wk ahead,Bin,percent,6,6.1, 0.00010681464858617310169711101
Minnesota,4 wk ahead,Bin,percent,6.1,6.2, 0.00010681464858617310169711101
Minnesota,4 wk ahead,Bin,percent,6.2,6.3, 0.00010681464858617310169711101
Minnesota,4 wk ahead,Bin,percent,6.3,6.4, 0.00010681464858617310169711101
Minnesota,4 wk ahead,Bin,percent,6.4,6.5, 0.00010681464858617310169711101
Minnesota,4 wk ahead,Bin,percent,6.5,6.6, 0.00010681464858617310169711101
Minnesota,4 wk ahead,Bin,percent,6.6,6.7, 0.00010681464858617310169711101
Minnesota,4 wk ahead,Bin,percent,6.7,6.8, 0.00010681464858617310169711101
Minnesota,4 wk ahead,Bin,percent,6.8,6.9, 0.00010681464858617310169711101
Minnesota,4 wk ahead,Bin,percent,6.9,7, 0.00010681464858617310169711101
Minnesota,4 wk ahead,Bin,percent,7,7.1, 0.00010681464858617310169711101
Minnesota,4 wk ahead,Bin,percent,7.1,7.2, 0.00010681464858617310169711101
Minnesota,4 wk ahead,Bin,percent,7.2,7.3, 0.00010681464858617310169711101
Minnesota,4 wk ahead,Bin,percent,7.3,7.4, 0.00010681464858617310169711101
Minnesota,4 wk ahead,Bin,percent,7.4,7.5, 0.00010681464858617310169711101
Minnesota,4 wk ahead,Bin,percent,7.5,7.6, 0.00010681464858617310169711101
Minnesota,4 wk ahead,Bin,percent,7.6,7.7, 0.00010681464858617310169711101
Minnesota,4 wk ahead,Bin,percent,7.7,7.8, 0.00010681464858617310169711101
Minnesota,4 wk ahead,Bin,percent,7.8,7.9, 0.00010681464858617310169711101
Minnesota,4 wk ahead,Bin,percent,7.9,8, 0.00010681464858617310169711101
Minnesota,4 wk ahead,Bin,percent,8,8.1, 0.00010681464858617406392653909
Minnesota,4 wk ahead,Bin,percent,8.1,8.2, 0.00010681464858617501260344002
Minnesota,4 wk ahead,Bin,percent,8.2,8.3, 0.00010681464858617501260344002
Minnesota,4 wk ahead,Bin,percent,8.3,8.4, 0.00010681464858617501260344002
Minnesota,4 wk ahead,Bin,percent,8.4,8.5, 0.00010681464858617501260344002
Minnesota,4 wk ahead,Bin,percent,8.5,8.6, 0.00010681464858617501260344002
Minnesota,4 wk ahead,Bin,percent,8.6,8.7, 0.00010681464858617501260344002
Minnesota,4 wk ahead,Bin,percent,8.7,8.8, 0.00010681464858617501260344002
Minnesota,4 wk ahead,Bin,percent,8.8,8.9, 0.00010681464858617501260344002
Minnesota,4 wk ahead,Bin,percent,8.9,9, 0.00010681464858617501260344002
Minnesota,4 wk ahead,Bin,percent,9,9.1, 0.00010681464858617501260344002
Minnesota,4 wk ahead,Bin,percent,9.1,9.2, 0.00010681464858617501260344002
Minnesota,4 wk ahead,Bin,percent,9.2,9.3, 0.00010681464858617501260344002
Minnesota,4 wk ahead,Bin,percent,9.3,9.4, 0.00010681464858617501260344002
Minnesota,4 wk ahead,Bin,percent,9.4,9.5, 0.00010681464858617501260344002
Minnesota,4 wk ahead,Bin,percent,9.5,9.6, 0.00010681464858617501260344002
Minnesota,4 wk ahead,Bin,percent,9.6,9.7, 0.00010681464858617501260344002
Minnesota,4 wk ahead,Bin,percent,9.7,9.8, 0.00010681464858617501260344002
Minnesota,4 wk ahead,Bin,percent,9.8,9.9, 0.00010681464858617501260344002
Minnesota,4 wk ahead,Bin,percent,9.9,10, 0.00010681464858617501260344002
Minnesota,4 wk ahead,Bin,percent,10,10.1, 0.00010681464858617501260344002
Minnesota,4 wk ahead,Bin,percent,10.1,10.2, 0.00010681464858617501260344002
Minnesota,4 wk ahead,Bin,percent,10.2,10.3, 0.00010681464858617501260344002
Minnesota,4 wk ahead,Bin,percent,10.3,10.4, 0.00010681464858617501260344002
Minnesota,4 wk ahead,Bin,percent,10.4,10.5, 0.00010681464858617501260344002
Minnesota,4 wk ahead,Bin,percent,10.5,10.6, 0.00010681464858617501260344002
Minnesota,4 wk ahead,Bin,percent,10.6,10.7, 0.00010681464858617501260344002
Minnesota,4 wk ahead,Bin,percent,10.7,10.8, 0.00010681464858617501260344002
Minnesota,4 wk ahead,Bin,percent,10.8,10.9, 0.00010681464858617501260344002
Minnesota,4 wk ahead,Bin,percent,10.9,11, 0.00010681464858617501260344002
Minnesota,4 wk ahead,Bin,percent,11,11.1, 0.00010681464858617501260344002
Minnesota,4 wk ahead,Bin,percent,11.1,11.2, 0.00010681464858617501260344002
Minnesota,4 wk ahead,Bin,percent,11.2,11.3, 0.00010681464858617501260344002
Minnesota,4 wk ahead,Bin,percent,11.3,11.4, 0.00010681464858617501260344002
Minnesota,4 wk ahead,Bin,percent,11.4,11.5, 0.00010681464858617501260344002
Minnesota,4 wk ahead,Bin,percent,11.5,11.6, 0.00010681464858617501260344002
Minnesota,4 wk ahead,Bin,percent,11.6,11.7, 0.00010681464858617501260344002
Minnesota,4 wk ahead,Bin,percent,11.7,11.8, 0.00010681464858617501260344002
Minnesota,4 wk ahead,Bin,percent,11.8,11.9, 0.00010681464858617501260344002
Minnesota,4 wk ahead,Bin,percent,11.9,12, 0.00010681464858617501260344002
Minnesota,4 wk ahead,Bin,percent,12,12.1, 0.00010681464858617501260344002
Minnesota,4 wk ahead,Bin,percent,12.1,12.2, 0.00010681464858617501260344002
Minnesota,4 wk ahead,Bin,percent,12.2,12.3, 0.00010681464858617501260344002
Minnesota,4 wk ahead,Bin,percent,12.3,12.4, 0.00010681464858617501260344002
Minnesota,4 wk ahead,Bin,percent,12.4,12.5, 0.00010681464858617501260344002
Minnesota,4 wk ahead,Bin,percent,12.5,12.6, 0.00010681464858617501260344002
Minnesota,4 wk ahead,Bin,percent,12.6,12.7, 0.00010681464858617501260344002
Minnesota,4 wk ahead,Bin,percent,12.7,12.8, 0.00010681464858617501260344002
Minnesota,4 wk ahead,Bin,percent,12.8,12.9, 0.00010681464858617501260344002
Minnesota,4 wk ahead,Bin,percent,12.9,13, 0.00010681464858617501260344002
Minnesota,4 wk ahead,Bin,percent,13,100, 0.00010681464858617501260344002
Michigan,Season peak week,Bin,week,40,41, 0.00069736293469915627222383003
Michigan,Season peak week,Bin,week,41,42, 0.00069736293469915627222383003
Michigan,Season peak week,Bin,week,42,43, 0.00069736293469915627222383003
Michigan,Season peak week,Bin,week,43,44, 0.00069736293469915627222383003
Michigan,Season peak week,Bin,week,44,45, 0.00069736293469915627222383003
Michigan,Season peak week,Bin,week,45,46, 0.00069736293469915627222383003
Michigan,Season peak week,Bin,week,46,47, 0.00069736293469915627222383003
Michigan,Season peak week,Bin,week,47,48, 0.00069736293469915627222383003
Michigan,Season peak week,Bin,week,48,49, 0.00206393731414379220587274055
Michigan,Season peak week,Bin,week,49,50, 0.01069261606269074349473413577
Michigan,Season peak week,Bin,week,50,51, 0.03751486567969575941505766536
Michigan,Season peak week,Bin,week,51,52, 0.08946656117295338772610335809
Michigan,Season peak week,Bin,week,52,53, 0.14501415501092684845474423128
Michigan,Season peak week,Bin,week,1,2, 0.15909727339960313963196369969
Michigan,Season peak week,Bin,week,2,3, 0.11737855336888232404835008538
Michigan,Season peak week,Bin,week,3,4, 0.05806165977548417844733563697
Michigan,Season peak week,Bin,week,4,5, 0.02102044571341024278843256923
Michigan,Season peak week,Bin,week,5,6, 0.01402089630502451056415225139
Michigan,Season peak week,Bin,week,6,7, 0.02999999739394150835569696767
Michigan,Season peak week,Bin,week,7,8, 0.05676912548937561309170263257
Michigan,Season peak week,Bin,week,8,9, 0.07270197188694581258427973580
Michigan,Season peak week,Bin,week,9,10, 0.06547693707721319311687580011
Michigan,Season peak week,Bin,week,10,11, 0.04741454870850345115762536352
Michigan,Season peak week,Bin,week,11,12, 0.03240841472692598812521680429
Michigan,Season peak week,Bin,week,12,13, 0.02028454824153275853904077053
Michigan,Season peak week,Bin,week,13,14, 0.00978543013778465295415820435
Michigan,Season peak week,Bin,week,14,15, 0.00324998762073134021474696276
Michigan,Season peak week,Bin,week,15,16, 0.00071272770072537542426077684
Michigan,Season peak week,Bin,week,16,17, 0.00025728874718243874416753747
Michigan,Season peak week,Bin,week,17,18, 0.00025728874718243874416753747
Michigan,Season peak week,Bin,week,18,19, 0.00025728874718243874416753747
Michigan,Season peak week,Bin,week,19,20, 0.00025728874718243874416753747
Michigan,Season peak week,Bin,week,20,21, 0.00025728874718243874416753747
Michigan,Season peak percentage,Bin,percent,0,0.1, 0.00076401566482867198232264982
Michigan,Season peak percentage,Bin,percent,0.1,0.2, 0.00174206785489210125815462415
Michigan,Season peak percentage,Bin,percent,0.2,0.3, 0.00206178207595199064136592959
Michigan,Season peak percentage,Bin,percent,0.3,0.4, 0.00242577828379529928867763822
Michigan,Season peak percentage,Bin,percent,0.4,0.5, 0.00283748056393529589358504239
Michigan,Season peak percentage,Bin,percent,0.5,0.6, 0.00330067085759466099029180164
Michigan,Season peak percentage,Bin,percent,0.6,0.7, 0.00381797570076867218494265366
Michigan,Season peak percentage,Bin,percent,0.7,0.8, 0.00439225231641543218535916893
Michigan,Season peak percentage,Bin,percent,0.8,0.9, 0.00502597624746331517187059035
Michigan,Season peak percentage,Bin,percent,0.9,1, 0.00572099942775091893643057972
Michigan,Season peak percentage,Bin,percent,1,1.1, 0.00647808257156766952034043783
Michigan,Season peak percentage,Bin,percent,1.1,1.2, 0.00729791022742775578185936425
Michigan,Season peak percentage,Bin,percent,1.2,1.3, 0.00818005913524782676815583216
Michigan,Season peak percentage,Bin,percent,1.3,1.4, 0.00912280017912818659564511137
Michigan,Season peak percentage,Bin,percent,1.4,1.5, 0.01012349228570876349952989415
Michigan,Season peak percentage,Bin,percent,1.5,1.6, 0.01117877876827675504012304941
Michigan,Season peak percentage,Bin,percent,1.6,1.7, 0.01228326925068516477235203155
Michigan,Season peak percentage,Bin,percent,1.7,1.8, 0.01343058285776701880898098551
Michigan,Season peak percentage,Bin,percent,1.8,1.9, 0.01461313591013230391013610898
Michigan,Season peak percentage,Bin,percent,1.9,2, 0.01582188332110709069744380884
Michigan,Season peak percentage,Bin,percent,2,2.1, 0.01704627958120777733719286573
Michigan,Season peak percentage,Bin,percent,2.1,2.2, 0.01827480744384856956030738218
Michigan,Season peak percentage,Bin,percent,2.2,2.3, 0.01949470736269820134167751746
Michigan,Season peak percentage,Bin,percent,2.3,2.4, 0.02069241199248133752930378648
Michigan,Season peak percentage,Bin,percent,2.4,2.5, 0.02185373104788869078052293560
Michigan,Season peak percentage,Bin,percent,2.5,2.6, 0.02296385633512021753888099340
Michigan,Season peak percentage,Bin,percent,2.6,2.7, 0.02400788725689480263003616756
Michigan,Season peak percentage,Bin,percent,2.7,2.8, 0.02497181026592026897859000201
Michigan,Season peak percentage,Bin,percent,2.8,2.9, 0.02584146587200908048997938238
Michigan,Season peak percentage,Bin,percent,2.9,3, 0.02660368556886617136258976757
Michigan,Season peak percentage,Bin,percent,3,3.1, 0.02724731549564443633393295841
Michigan,Season peak percentage,Bin,percent,3.1,3.2, 0.02776293524608641066775405193
Michigan,Season peak percentage,Bin,percent,3.2,3.3, 0.02814139662518162082749384467
Michigan,Season peak percentage,Bin,percent,3.3,3.4, 0.02837788789404175129882368367
Michigan,Season peak percentage,Bin,percent,3.4,3.5, 0.02846905365162239257004195281
Michigan,Season peak percentage,Bin,percent,3.5,3.6, 0.02841396095982393066314841690
Michigan,Season peak percentage,Bin,percent,3.6,3.7, 0.02821315561849404782157613170
Michigan,Season peak percentage,Bin,percent,3.7,3.8, 0.02787185715117360823578351869
Michigan,Season peak percentage,Bin,percent,3.8,3.9, 0.02739572909247113899344761023
Michigan,Season peak percentage,Bin,percent,3.9,4, 0.02679246570280020139920296174
Michigan,Season peak percentage,Bin,percent,4,4.1, 0.02607230168211283061197036659
Michigan,Season peak percentage,Bin,percent,4.1,4.2, 0.02524698135356349265601139109
Michigan,Season peak percentage,Bin,percent,4.2,4.3, 0.02432831316564786072742521128
Michigan,Season peak percentage,Bin,percent,4.3,4.4, 0.02332970436063512911784023629
Michigan,Season peak percentage,Bin,percent,4.4,4.5, 0.02226503638542177629378038262
Michigan,Season peak percentage,Bin,percent,4.5,4.6, 0.02114795422916990186301688937
Michigan,Season peak percentage,Bin,percent,4.6,4.7, 0.01999178473545915393771998936
Michigan,Season peak percentage,Bin,percent,4.7,4.8, 0.01880991774305686842216900345
Michigan,Season peak percentage,Bin,percent,4.8,4.9, 0.01761475247376444869251699288
Michigan,Season peak percentage,Bin,percent,4.9,5, 0.01641791120564880732124457552
Michigan,Season peak percentage,Bin,percent,5,5.1, 0.01523015847344213156977499324
Michigan,Season peak percentage,Bin,percent,5.1,5.2, 0.01406113222903757932480406367
Michigan,Season peak percentage,Bin,percent,5.2,5.3, 0.01291944604382333841585683842
Michigan,Season peak percentage,Bin,percent,5.3,5.4, 0.01181288141541926919875216129
Michigan,Season peak percentage,Bin,percent,5.4,5.5, 0.01074765135808027419206389652
Michigan,Season peak percentage,Bin,percent,5.5,5.6, 0.00972920725697598229309015494
Michigan,Season peak percentage,Bin,percent,5.6,5.7, 0.00876215556797025653390509348
Michigan,Season peak percentage,Bin,percent,5.7,5.8, 0.00784987653844074900755245494
Michigan,Season peak percentage,Bin,percent,5.8,5.9, 0.00699459374746351069535021949
Michigan,Season peak percentage,Bin,percent,5.9,6, 0.00619829072470896511037885546
Michigan,Season peak percentage,Bin,percent,6,6.1, 0.00546172236221606488548729885
Michigan,Season peak percentage,Bin,percent,6.1,6.2, 0.00478478216851905852752269155
Michigan,Season peak percentage,Bin,percent,6.2,6.3, 0.00416669611340906177049392412
Michigan,Season peak percentage,Bin,percent,6.3,6.4, 0.00360669687775665766954480418
Michigan,Season peak percentage,Bin,percent,6.4,6.5, 0.00310242142188871640809399999
Michigan,Season peak percentage,Bin,percent,6.5,6.6, 0.00265159217191065057009358163
Michigan,Season peak percentage,Bin,percent,6.6,6.7, 0.00225155101171436956494775750
Michigan,Season peak percentage,Bin,percent,6.7,6.8, 0.00189930434277950496366194066
Michigan,Season peak percentage,Bin,percent,6.8,6.9, 0.00159118815687805123873510560
Michigan,Season peak percentage,Bin,percent,6.9,7, 0.00132385146309032890842016794
Michigan,Season peak percentage,Bin,percent,7,7.1, 0.00109381038478381675295436626
Michigan,Season peak percentage,Bin,percent,7.1,7.2, 0.00089727262131099729067923443
Michigan,Season peak percentage,Bin,percent,7.2,7.3, 0.00073066008217165169958545734
Michigan,Season peak percentage,Bin,percent,7.3,7.4, 0.00059070066835713178413080904
Michigan,Season peak percentage,Bin,percent,7.4,7.5, 0.00047401591136136673847178979
Michigan,Season peak percentage,Bin,percent,7.5,7.6, 0.00037747974756445506388027877
Michigan,Season peak percentage,Bin,percent,7.6,7.7, 0.00029832707452062348250573787
Michigan,Season peak percentage,Bin,percent,7.7,7.8, 0.00023401269117520107944374619
Michigan,Season peak percentage,Bin,percent,7.8,7.9, 0.00018212588362371125117952775
Michigan,Season peak percentage,Bin,percent,7.9,8, 0.00014061441864686679940887881
Michigan,Season peak percentage,Bin,percent,8,8.1, 0.00010774661925883992081697665
Michigan,Season peak percentage,Bin,percent,8.1,8.2, 0.00008190477432311187597300389
Michigan,Season peak percentage,Bin,percent,8.2,8.3, 0.00006882584218952329921294847
Michigan,Season peak percentage,Bin,percent,8.3,8.4, 0.00006869276741642513792532321
Michigan,Season peak percentage,Bin,percent,8.4,8.5, 0.00006869276741642513792532321
Michigan,Season peak percentage,Bin,percent,8.5,8.6, 0.00006869276741642513792532321
Michigan,Season peak percentage,Bin,percent,8.6,8.7, 0.00006869276741642513792532321
Michigan,Season peak percentage,Bin,percent,8.7,8.8, 0.00006869276741642513792532321
Michigan,Season peak percentage,Bin,percent,8.8,8.9, 0.00006869276741642513792532321
Michigan,Season peak percentage,Bin,percent,8.9,9, 0.00006869276741642513792532321
Michigan,Season peak percentage,Bin,percent,9,9.1, 0.00006869276741642513792532321
Michigan,Season peak percentage,Bin,percent,9.1,9.2, 0.00006869276741642513792532321
Michigan,Season peak percentage,Bin,percent,9.2,9.3, 0.00006869276741642513792532321
Michigan,Season peak percentage,Bin,percent,9.3,9.4, 0.00006869276741642513792532321
Michigan,Season peak percentage,Bin,percent,9.4,9.5, 0.00006869276741642513792532321
Michigan,Season peak percentage,Bin,percent,9.5,9.6, 0.00006869276741642513792532321
Michigan,Season peak percentage,Bin,percent,9.6,9.7, 0.00006869276741642513792532321
Michigan,Season peak percentage,Bin,percent,9.7,9.8, 0.00006869276741642513792532321
Michigan,Season peak percentage,Bin,percent,9.8,9.9, 0.00006869276741642513792532321
Michigan,Season peak percentage,Bin,percent,9.9,10, 0.00006869276741642513792532321
Michigan,Season peak percentage,Bin,percent,10,10.1, 0.00006869276741642513792532321
Michigan,Season peak percentage,Bin,percent,10.1,10.2, 0.00006869276741642513792532321
Michigan,Season peak percentage,Bin,percent,10.2,10.3, 0.00006869276741642513792532321
Michigan,Season peak percentage,Bin,percent,10.3,10.4, 0.00006869276741642513792532321
Michigan,Season peak percentage,Bin,percent,10.4,10.5, 0.00006869276741642513792532321
Michigan,Season peak percentage,Bin,percent,10.5,10.6, 0.00006869276741642513792532321
Michigan,Season peak percentage,Bin,percent,10.6,10.7, 0.00006869276741642513792532321
Michigan,Season peak percentage,Bin,percent,10.7,10.8, 0.00006869276741642513792532321
Michigan,Season peak percentage,Bin,percent,10.8,10.9, 0.00006869276741642513792532321
Michigan,Season peak percentage,Bin,percent,10.9,11, 0.00006869276741642513792532321
Michigan,Season peak percentage,Bin,percent,11,11.1, 0.00006869276741642513792532321
Michigan,Season peak percentage,Bin,percent,11.1,11.2, 0.00006869276741642513792532321
Michigan,Season peak percentage,Bin,percent,11.2,11.3, 0.00006869276741642513792532321
Michigan,Season peak percentage,Bin,percent,11.3,11.4, 0.00006869276741642513792532321
Michigan,Season peak percentage,Bin,percent,11.4,11.5, 0.00006869276741642513792532321
Michigan,Season peak percentage,Bin,percent,11.5,11.6, 0.00006869276741642513792532321
Michigan,Season peak percentage,Bin,percent,11.6,11.7, 0.00006869276741642513792532321
Michigan,Season peak percentage,Bin,percent,11.7,11.8, 0.00006869276741642513792532321
Michigan,Season peak percentage,Bin,percent,11.8,11.9, 0.00006869276741642513792532321
Michigan,Season peak percentage,Bin,percent,11.9,12, 0.00006869276741642513792532321
Michigan,Season peak percentage,Bin,percent,12,12.1, 0.00006869276741642513792532321
Michigan,Season peak percentage,Bin,percent,12.1,12.2, 0.00006869276741642513792532321
Michigan,Season peak percentage,Bin,percent,12.2,12.3, 0.00006869276741642513792532321
Michigan,Season peak percentage,Bin,percent,12.3,12.4, 0.00006869276741642513792532321
Michigan,Season peak percentage,Bin,percent,12.4,12.5, 0.00006869276741642513792532321
Michigan,Season peak percentage,Bin,percent,12.5,12.6, 0.00006869276741642513792532321
Michigan,Season peak percentage,Bin,percent,12.6,12.7, 0.00006869276741642513792532321
Michigan,Season peak percentage,Bin,percent,12.7,12.8, 0.00006869276741642513792532321
Michigan,Season peak percentage,Bin,percent,12.8,12.9, 0.00006869276741642513792532321
Michigan,Season peak percentage,Bin,percent,12.9,13, 0.00006869276741642513792532321
Michigan,Season peak percentage,Bin,percent,13,100, 0.00006869276741642513792532321
Michigan,1 wk ahead,Bin,percent,0,0.1, 0.00190856362631555503094060722
Michigan,1 wk ahead,Bin,percent,0.1,0.2, 0.00525624942888079909469878359
Michigan,1 wk ahead,Bin,percent,0.2,0.3, 0.00768992144372497143239852946
Michigan,1 wk ahead,Bin,percent,0.3,0.4, 0.01075132075685008778420659326
Michigan,1 wk ahead,Bin,percent,0.4,0.5, 0.01436674698425660819112170685
Michigan,1 wk ahead,Bin,percent,0.5,0.6, 0.01834850945663042687261423680
Michigan,1 wk ahead,Bin,percent,0.6,0.7, 0.02239279966946100888791626460
Michigan,1 wk ahead,Bin,percent,0.7,0.8, 0.02610734322745819971367531309
Michigan,1 wk ahead,Bin,percent,0.8,0.9, 0.02907144015748041460112105483
Michigan,1 wk ahead,Bin,percent,0.9,1, 0.03092137266638452300360206948
Michigan,1 wk ahead,Bin,percent,1,1.1, 0.03143986380797258312069786257
Michigan,1 wk ahead,Bin,percent,1.1,1.2, 0.03062870888403332672589307606
Michigan,1 wk ahead,Bin,percent,1.2,1.3, 0.02873855823605659179365012790
Michigan,1 wk ahead,Bin,percent,1.3,1.4, 0.02624387061658482039883111270
Michigan,1 wk ahead,Bin,percent,1.4,1.5, 0.02376599230058444936486417021
Michigan,1 wk ahead,Bin,percent,1.5,1.6, 0.02196260820585743331334604989
Michigan,1 wk ahead,Bin,percent,1.6,1.7, 0.02140489446819817190292845055
Michigan,1 wk ahead,Bin,percent,1.7,1.8, 0.02246768188433219057276168940
Michigan,1 wk ahead,Bin,percent,1.8,1.9, 0.02524881364058664812155541313
Michigan,1 wk ahead,Bin,percent,1.9,2, 0.02953129734104887813006534714
Michigan,1 wk ahead,Bin,percent,2,2.1, 0.03479262170109894553027274355
Michigan,1 wk ahead,Bin,percent,2.1,2.2, 0.04027122214241286163316502211
Michigan,1 wk ahead,Bin,percent,2.2,2.3, 0.04508671350027765312162841838
Michigan,1 wk ahead,Bin,percent,2.3,2.4, 0.04839835743702756293282973843
Michigan,1 wk ahead,Bin,percent,2.4,2.5, 0.04957479811971590016872468709
Michigan,1 wk ahead,Bin,percent,2.5,2.6, 0.04832702703133233412824409925
Michigan,1 wk ahead,Bin,percent,2.6,2.7, 0.04477009886486801176763705712
Michigan,1 wk ahead,Bin,percent,2.7,2.8, 0.03938447969945230164867666645
Michigan,1 wk ahead,Bin,percent,2.8,2.9, 0.03289862827711325515833706845
Michigan,1 wk ahead,Bin,percent,2.9,3, 0.02612260965486790098566416418
Michigan,1 wk ahead,Bin,percent,3,3.1, 0.01978611263521224197803327627
Michigan,1 wk ahead,Bin,percent,3.1,3.2, 0.01442639749322631795291904666
Michigan,1 wk ahead,Bin,percent,3.2,3.3, 0.01034082102329624865133528289
Michigan,1 wk ahead,Bin,percent,3.3,3.4, 0.00760345080043867398850165884
Michigan,1 wk ahead,Bin,percent,3.4,3.5, 0.00611453306853671288423335284
Michigan,1 wk ahead,Bin,percent,3.5,3.6, 0.00566347292893896320231661434
Michigan,1 wk ahead,Bin,percent,3.6,3.7, 0.00597878064860710677075328334
Michigan,1 wk ahead,Bin,percent,3.7,3.8, 0.00676435543605753610701958323
Michigan,1 wk ahead,Bin,percent,3.8,3.9, 0.00772642969239990817786889465
Michigan,1 wk ahead,Bin,percent,3.9,4, 0.00859753393949807750984426491
Michigan,1 wk ahead,Bin,percent,4,4.1, 0.00916250213540022000191509477
Michigan,1 wk ahead,Bin,percent,4.1,4.2, 0.00928318633278840156519695626
Michigan,1 wk ahead,Bin,percent,4.2,4.3, 0.00891468553149940383384386422
Michigan,1 wk ahead,Bin,percent,4.3,4.4, 0.00810407594566351155429551056
Michigan,1 wk ahead,Bin,percent,4.4,4.5, 0.00697051426535653332466901944
Michigan,1 wk ahead,Bin,percent,4.5,4.6, 0.00567161400525102981501346378
Michigan,1 wk ahead,Bin,percent,4.6,4.7, 0.00436506809791557381233984003
Michigan,1 wk ahead,Bin,percent,4.7,4.8, 0.00317763235055918986243783664
Michigan,1 wk ahead,Bin,percent,4.8,4.9, 0.00218795231948414308636996495
Michigan,1 wk ahead,Bin,percent,4.9,5, 0.00142496190584887939302449755
Michigan,1 wk ahead,Bin,percent,5,5.1, 0.00087779104772483683080674943
Michigan,1 wk ahead,Bin,percent,5.1,5.2, 0.00051141853284397589384652205
Michigan,1 wk ahead,Bin,percent,5.2,5.3, 0.00028182810468979559593433182
Michigan,1 wk ahead,Bin,percent,5.3,5.4, 0.00014693872478976292405422610
Michigan,1 wk ahead,Bin,percent,5.4,5.5, 0.00010447830913127710669892345
Michigan,1 wk ahead,Bin,percent,5.5,5.6, 0.00010447830913127710669892345
Michigan,1 wk ahead,Bin,percent,5.6,5.7, 0.00010447830913127710669892345
Michigan,1 wk ahead,Bin,percent,5.7,5.8, 0.00010447830913127710669892345
Michigan,1 wk ahead,Bin,percent,5.8,5.9, 0.00010447830913127710669892345
Michigan,1 wk ahead,Bin,percent,5.9,6, 0.00010447830913127710669892345
Michigan,1 wk ahead,Bin,percent,6,6.1, 0.00010447830913127710669892345
Michigan,1 wk ahead,Bin,percent,6.1,6.2, 0.00010447830913127710669892345
Michigan,1 wk ahead,Bin,percent,6.2,6.3, 0.00010447830913127710669892345
Michigan,1 wk ahead,Bin,percent,6.3,6.4, 0.00010447830913127710669892345
Michigan,1 wk ahead,Bin,percent,6.4,6.5, 0.00010447830913127710669892345
Michigan,1 wk ahead,Bin,percent,6.5,6.6, 0.00010447830913127710669892345
Michigan,1 wk ahead,Bin,percent,6.6,6.7, 0.00010447830913127710669892345
Michigan,1 wk ahead,Bin,percent,6.7,6.8, 0.00010447830913127710669892345
Michigan,1 wk ahead,Bin,percent,6.8,6.9, 0.00010447830913127710669892345
Michigan,1 wk ahead,Bin,percent,6.9,7, 0.00010447830913127710669892345
Michigan,1 wk ahead,Bin,percent,7,7.1, 0.00010447830913127710669892345
Michigan,1 wk ahead,Bin,percent,7.1,7.2, 0.00010447830913127710669892345
Michigan,1 wk ahead,Bin,percent,7.2,7.3, 0.00010447830913127710669892345
Michigan,1 wk ahead,Bin,percent,7.3,7.4, 0.00010447830913127710669892345
Michigan,1 wk ahead,Bin,percent,7.4,7.5, 0.00010447830913127710669892345
Michigan,1 wk ahead,Bin,percent,7.5,7.6, 0.00010447830913127710669892345
Michigan,1 wk ahead,Bin,percent,7.6,7.7, 0.00010447830913127710669892345
Michigan,1 wk ahead,Bin,percent,7.7,7.8, 0.00010447830913127710669892345
Michigan,1 wk ahead,Bin,percent,7.8,7.9, 0.00010447830913127710669892345
Michigan,1 wk ahead,Bin,percent,7.9,8, 0.00010447830913127710669892345
Michigan,1 wk ahead,Bin,percent,8,8.1, 0.00010447830913127801471824291
Michigan,1 wk ahead,Bin,percent,8.1,8.2, 0.00010447830913127894984261668
Michigan,1 wk ahead,Bin,percent,8.2,8.3, 0.00010447830913127894984261668
Michigan,1 wk ahead,Bin,percent,8.3,8.4, 0.00010447830913127894984261668
Michigan,1 wk ahead,Bin,percent,8.4,8.5, 0.00010447830913127894984261668
Michigan,1 wk ahead,Bin,percent,8.5,8.6, 0.00010447830913127894984261668
Michigan,1 wk ahead,Bin,percent,8.6,8.7, 0.00010447830913127894984261668
Michigan,1 wk ahead,Bin,percent,8.7,8.8, 0.00010447830913127894984261668
Michigan,1 wk ahead,Bin,percent,8.8,8.9, 0.00010447830913127894984261668
Michigan,1 wk ahead,Bin,percent,8.9,9, 0.00010447830913127894984261668
Michigan,1 wk ahead,Bin,percent,9,9.1, 0.00010447830913127894984261668
Michigan,1 wk ahead,Bin,percent,9.1,9.2, 0.00010447830913127894984261668
Michigan,1 wk ahead,Bin,percent,9.2,9.3, 0.00010447830913127894984261668
Michigan,1 wk ahead,Bin,percent,9.3,9.4, 0.00010447830913127894984261668
Michigan,1 wk ahead,Bin,percent,9.4,9.5, 0.00010447830913127894984261668
Michigan,1 wk ahead,Bin,percent,9.5,9.6, 0.00010447830913127894984261668
Michigan,1 wk ahead,Bin,percent,9.6,9.7, 0.00010447830913127894984261668
Michigan,1 wk ahead,Bin,percent,9.7,9.8, 0.00010447830913127894984261668
Michigan,1 wk ahead,Bin,percent,9.8,9.9, 0.00010447830913127894984261668
Michigan,1 wk ahead,Bin,percent,9.9,10, 0.00010447830913127894984261668
Michigan,1 wk ahead,Bin,percent,10,10.1, 0.00010447830913127894984261668
Michigan,1 wk ahead,Bin,percent,10.1,10.2, 0.00010447830913127894984261668
Michigan,1 wk ahead,Bin,percent,10.2,10.3, 0.00010447830913127894984261668
Michigan,1 wk ahead,Bin,percent,10.3,10.4, 0.00010447830913127894984261668
Michigan,1 wk ahead,Bin,percent,10.4,10.5, 0.00010447830913127894984261668
Michigan,1 wk ahead,Bin,percent,10.5,10.6, 0.00010447830913127894984261668
Michigan,1 wk ahead,Bin,percent,10.6,10.7, 0.00010447830913127894984261668
Michigan,1 wk ahead,Bin,percent,10.7,10.8, 0.00010447830913127894984261668
Michigan,1 wk ahead,Bin,percent,10.8,10.9, 0.00010447830913127894984261668
Michigan,1 wk ahead,Bin,percent,10.9,11, 0.00010447830913127894984261668
Michigan,1 wk ahead,Bin,percent,11,11.1, 0.00010447830913127894984261668
Michigan,1 wk ahead,Bin,percent,11.1,11.2, 0.00010447830913127894984261668
Michigan,1 wk ahead,Bin,percent,11.2,11.3, 0.00010447830913127894984261668
Michigan,1 wk ahead,Bin,percent,11.3,11.4, 0.00010447830913127894984261668
Michigan,1 wk ahead,Bin,percent,11.4,11.5, 0.00010447830913127894984261668
Michigan,1 wk ahead,Bin,percent,11.5,11.6, 0.00010447830913127894984261668
Michigan,1 wk ahead,Bin,percent,11.6,11.7, 0.00010447830913127894984261668
Michigan,1 wk ahead,Bin,percent,11.7,11.8, 0.00010447830913127894984261668
Michigan,1 wk ahead,Bin,percent,11.8,11.9, 0.00010447830913127894984261668
Michigan,1 wk ahead,Bin,percent,11.9,12, 0.00010447830913127894984261668
Michigan,1 wk ahead,Bin,percent,12,12.1, 0.00010447830913127894984261668
Michigan,1 wk ahead,Bin,percent,12.1,12.2, 0.00010447830913127894984261668
Michigan,1 wk ahead,Bin,percent,12.2,12.3, 0.00010447830913127894984261668
Michigan,1 wk ahead,Bin,percent,12.3,12.4, 0.00010447830913127894984261668
Michigan,1 wk ahead,Bin,percent,12.4,12.5, 0.00010447830913127894984261668
Michigan,1 wk ahead,Bin,percent,12.5,12.6, 0.00010447830913127894984261668
Michigan,1 wk ahead,Bin,percent,12.6,12.7, 0.00010447830913127894984261668
Michigan,1 wk ahead,Bin,percent,12.7,12.8, 0.00010447830913127894984261668
Michigan,1 wk ahead,Bin,percent,12.8,12.9, 0.00010447830913127894984261668
Michigan,1 wk ahead,Bin,percent,12.9,13, 0.00010447830913127894984261668
Michigan,1 wk ahead,Bin,percent,13,100, 0.00010447830913127894984261668
Michigan,2 wk ahead,Bin,percent,0,0.1, 0.00161284518962454969000230864
Michigan,2 wk ahead,Bin,percent,0.1,0.2, 0.00389511017044155303731822748
Michigan,2 wk ahead,Bin,percent,0.2,0.3, 0.00491656931423904361433407928
Michigan,2 wk ahead,Bin,percent,0.3,0.4, 0.00609887792523241406561496092
Michigan,2 wk ahead,Bin,percent,0.4,0.5, 0.00744742739925649110260819086
Michigan,2 wk ahead,Bin,percent,0.5,0.6, 0.00896692163437361883238096993
Michigan,2 wk ahead,Bin,percent,0.6,0.7, 0.01066047591398201072054874317
Michigan,2 wk ahead,Bin,percent,0.7,0.8, 0.01252888780501276028145341002
Michigan,2 wk ahead,Bin,percent,0.8,0.9, 0.01456745836707049567004812474
Michigan,2 wk ahead,Bin,percent,0.9,1, 0.01676431167927136881012906144
Michigan,2 wk ahead,Bin,percent,1,1.1, 0.01909758020385426274811990766
Michigan,2 wk ahead,Bin,percent,1.1,1.2, 0.02153479661750468468484065454
Michigan,2 wk ahead,Bin,percent,1.2,1.3, 0.02403328079721478091612674177
Michigan,2 wk ahead,Bin,percent,1.3,1.4, 0.02654375065562817812003792994
Michigan,2 wk ahead,Bin,percent,1.4,1.5, 0.02901454978307283980032416082
Michigan,2 wk ahead,Bin,percent,1.5,1.6, 0.03139633462877078340369507714
Michigan,2 wk ahead,Bin,percent,1.6,1.7, 0.03364541497637555528266162241
Michigan,2 wk ahead,Bin,percent,1.7,1.8, 0.03572353589618661867666205012
Michigan,2 wk ahead,Bin,percent,1.8,1.9, 0.03759550034235903392954014635
Michigan,2 wk ahead,Bin,percent,1.9,2, 0.03922339335616186611899181003
Michigan,2 wk ahead,Bin,percent,2,2.1, 0.04056057949305778842497005598
Michigan,2 wk ahead,Bin,percent,2.1,2.2, 0.04154680611894660813288027157
Michigan,2 wk ahead,Bin,percent,2.2,2.3, 0.04210945842105660863463612031
Michigan,2 wk ahead,Bin,percent,2.3,2.4, 0.04216913536027416808948942162
Michigan,2 wk ahead,Bin,percent,2.4,2.5, 0.04165193057098213330613489802
Michigan,2 wk ahead,Bin,percent,2.5,2.6, 0.04050404674528104015385210346
Michigan,2 wk ahead,Bin,percent,2.6,2.7, 0.03870801729224919440763841294
Michigan,2 wk ahead,Bin,percent,2.7,2.8, 0.03629355888556810155742837765
Michigan,2 wk ahead,Bin,percent,2.8,2.9, 0.03334389529262449247681843190
Michigan,2 wk ahead,Bin,percent,2.9,3, 0.02999017341476484244111588851
Michigan,2 wk ahead,Bin,percent,3,3.1, 0.02640118115998166606339658813
Michigan,2 wk ahead,Bin,percent,3.1,3.2, 0.02276394686482321322307242895
Michigan,2 wk ahead,Bin,percent,3.2,3.3, 0.01926350855444390261506093509
Michigan,2 wk ahead,Bin,percent,3.3,3.4, 0.01606351075403762707072274907
Michigan,2 wk ahead,Bin,percent,3.4,3.5, 0.01328958674513189795740597532
Michigan,2 wk ahead,Bin,percent,3.5,3.6, 0.01102045954454952333967376887
Michigan,2 wk ahead,Bin,percent,3.6,3.7, 0.00928522917430575113473256721
Michigan,2 wk ahead,Bin,percent,3.7,3.8, 0.00806577530998294628394873484
Michigan,2 wk ahead,Bin,percent,3.8,3.9, 0.00730412392817350163837231136
Michigan,2 wk ahead,Bin,percent,3.9,4, 0.00691443962911445463015436275
Michigan,2 wk ahead,Bin,percent,4,4.1, 0.00679389576229259568168616923
Michigan,2 wk ahead,Bin,percent,4.1,4.2, 0.00683454512819550458885276001
Michigan,2 wk ahead,Bin,percent,4.2,4.3, 0.00693467691521029109408269520
Michigan,2 wk ahead,Bin,percent,4.3,4.4, 0.00700722444741583381372374006
Michigan,2 wk ahead,Bin,percent,4.4,4.5, 0.00698612656824503831798356401
Michigan,2 wk ahead,Bin,percent,4.5,4.6, 0.00683001073922153648793065273
Michigan,2 wk ahead,Bin,percent,4.6,4.7, 0.00652248231821511096489851766
Michigan,2 wk ahead,Bin,percent,4.7,4.8, 0.00606991078460230974733757847
Michigan,2 wk ahead,Bin,percent,4.8,4.9, 0.00549691257674029751245647901
Michigan,2 wk ahead,Bin,percent,4.9,5, 0.00484017490402879196897956149
Michigan,2 wk ahead,Bin,percent,5,5.1, 0.00414186817390389122595095728
Michigan,2 wk ahead,Bin,percent,5.1,5.2, 0.00344349825765793331536213095
Michigan,2 wk ahead,Bin,percent,5.2,5.3, 0.00278102388228858949867361439
Michigan,2 wk ahead,Bin,percent,5.3,5.4, 0.00218153262118238149003257575
Michigan,2 wk ahead,Bin,percent,5.4,5.5, 0.00166205212032648251899158431
Michigan,2 wk ahead,Bin,percent,5.5,5.6, 0.00122984582547919674318237515
Michigan,2 wk ahead,Bin,percent,5.6,5.7, 0.00088383250283781248941156194
Michigan,2 wk ahead,Bin,percent,5.7,5.8, 0.00061683419231355171748198973
Michigan,2 wk ahead,Bin,percent,5.8,5.9, 0.00041811474155747555643200530
Michigan,2 wk ahead,Bin,percent,5.9,6, 0.00027524614339504235470054705
Michigan,2 wk ahead,Bin,percent,6,6.1, 0.00017596647629327790492322070
Michigan,2 wk ahead,Bin,percent,6.1,6.2, 0.00010924375789775355957179903
Michigan,2 wk ahead,Bin,percent,6.2,6.3, 0.00007688677086838970574367291
Michigan,2 wk ahead,Bin,percent,6.3,6.4, 0.00007605453639483095086993442
Michigan,2 wk ahead,Bin,percent,6.4,6.5, 0.00007605453639483095086993442
Michigan,2 wk ahead,Bin,percent,6.5,6.6, 0.00007605453639483095086993442
Michigan,2 wk ahead,Bin,percent,6.6,6.7, 0.00007605453639483095086993442
Michigan,2 wk ahead,Bin,percent,6.7,6.8, 0.00007605453639483095086993442
Michigan,2 wk ahead,Bin,percent,6.8,6.9, 0.00007605453639483095086993442
Michigan,2 wk ahead,Bin,percent,6.9,7, 0.00007605453639483095086993442
Michigan,2 wk ahead,Bin,percent,7,7.1, 0.00007605453639483095086993442
Michigan,2 wk ahead,Bin,percent,7.1,7.2, 0.00007605453639483095086993442
Michigan,2 wk ahead,Bin,percent,7.2,7.3, 0.00007605453639483095086993442
Michigan,2 wk ahead,Bin,percent,7.3,7.4, 0.00007605453639483095086993442
Michigan,2 wk ahead,Bin,percent,7.4,7.5, 0.00007605453639483095086993442
Michigan,2 wk ahead,Bin,percent,7.5,7.6, 0.00007605453639483095086993442
Michigan,2 wk ahead,Bin,percent,7.6,7.7, 0.00007605453639483095086993442
Michigan,2 wk ahead,Bin,percent,7.7,7.8, 0.00007605453639483095086993442
Michigan,2 wk ahead,Bin,percent,7.8,7.9, 0.00007605453639483095086993442
Michigan,2 wk ahead,Bin,percent,7.9,8, 0.00007605453639483095086993442
Michigan,2 wk ahead,Bin,percent,8,8.1, 0.00007605453639483162849629222
Michigan,2 wk ahead,Bin,percent,8.1,8.2, 0.00007605453639483229257012287
Michigan,2 wk ahead,Bin,percent,8.2,8.3, 0.00007605453639483229257012287
Michigan,2 wk ahead,Bin,percent,8.3,8.4, 0.00007605453639483229257012287
Michigan,2 wk ahead,Bin,percent,8.4,8.5, 0.00007605453639483229257012287
Michigan,2 wk ahead,Bin,percent,8.5,8.6, 0.00007605453639483229257012287
Michigan,2 wk ahead,Bin,percent,8.6,8.7, 0.00007605453639483229257012287
Michigan,2 wk ahead,Bin,percent,8.7,8.8, 0.00007605453639483229257012287
Michigan,2 wk ahead,Bin,percent,8.8,8.9, 0.00007605453639483229257012287
Michigan,2 wk ahead,Bin,percent,8.9,9, 0.00007605453639483229257012287
Michigan,2 wk ahead,Bin,percent,9,9.1, 0.00007605453639483229257012287
Michigan,2 wk ahead,Bin,percent,9.1,9.2, 0.00007605453639483229257012287
Michigan,2 wk ahead,Bin,percent,9.2,9.3, 0.00007605453639483229257012287
Michigan,2 wk ahead,Bin,percent,9.3,9.4, 0.00007605453639483229257012287
Michigan,2 wk ahead,Bin,percent,9.4,9.5, 0.00007605453639483229257012287
Michigan,2 wk ahead,Bin,percent,9.5,9.6, 0.00007605453639483229257012287
Michigan,2 wk ahead,Bin,percent,9.6,9.7, 0.00007605453639483229257012287
Michigan,2 wk ahead,Bin,percent,9.7,9.8, 0.00007605453639483229257012287
Michigan,2 wk ahead,Bin,percent,9.8,9.9, 0.00007605453639483229257012287
Michigan,2 wk ahead,Bin,percent,9.9,10, 0.00007605453639483229257012287
Michigan,2 wk ahead,Bin,percent,10,10.1, 0.00007605453639483229257012287
Michigan,2 wk ahead,Bin,percent,10.1,10.2, 0.00007605453639483229257012287
Michigan,2 wk ahead,Bin,percent,10.2,10.3, 0.00007605453639483229257012287
Michigan,2 wk ahead,Bin,percent,10.3,10.4, 0.00007605453639483229257012287
Michigan,2 wk ahead,Bin,percent,10.4,10.5, 0.00007605453639483229257012287
Michigan,2 wk ahead,Bin,percent,10.5,10.6, 0.00007605453639483229257012287
Michigan,2 wk ahead,Bin,percent,10.6,10.7, 0.00007605453639483229257012287
Michigan,2 wk ahead,Bin,percent,10.7,10.8, 0.00007605453639483229257012287
Michigan,2 wk ahead,Bin,percent,10.8,10.9, 0.00007605453639483229257012287
Michigan,2 wk ahead,Bin,percent,10.9,11, 0.00007605453639483229257012287
Michigan,2 wk ahead,Bin,percent,11,11.1, 0.00007605453639483229257012287
Michigan,2 wk ahead,Bin,percent,11.1,11.2, 0.00007605453639483229257012287
Michigan,2 wk ahead,Bin,percent,11.2,11.3, 0.00007605453639483229257012287
Michigan,2 wk ahead,Bin,percent,11.3,11.4, 0.00007605453639483229257012287
Michigan,2 wk ahead,Bin,percent,11.4,11.5, 0.00007605453639483229257012287
Michigan,2 wk ahead,Bin,percent,11.5,11.6, 0.00007605453639483229257012287
Michigan,2 wk ahead,Bin,percent,11.6,11.7, 0.00007605453639483229257012287
Michigan,2 wk ahead,Bin,percent,11.7,11.8, 0.00007605453639483229257012287
Michigan,2 wk ahead,Bin,percent,11.8,11.9, 0.00007605453639483229257012287
Michigan,2 wk ahead,Bin,percent,11.9,12, 0.00007605453639483229257012287
Michigan,2 wk ahead,Bin,percent,12,12.1, 0.00007605453639483229257012287
Michigan,2 wk ahead,Bin,percent,12.1,12.2, 0.00007605453639483229257012287
Michigan,2 wk ahead,Bin,percent,12.2,12.3, 0.00007605453639483229257012287
Michigan,2 wk ahead,Bin,percent,12.3,12.4, 0.00007605453639483229257012287
Michigan,2 wk ahead,Bin,percent,12.4,12.5, 0.00007605453639483229257012287
Michigan,2 wk ahead,Bin,percent,12.5,12.6, 0.00007605453639483229257012287
Michigan,2 wk ahead,Bin,percent,12.6,12.7, 0.00007605453639483229257012287
Michigan,2 wk ahead,Bin,percent,12.7,12.8, 0.00007605453639483229257012287
Michigan,2 wk ahead,Bin,percent,12.8,12.9, 0.00007605453639483229257012287
Michigan,2 wk ahead,Bin,percent,12.9,13, 0.00007605453639483229257012287
Michigan,2 wk ahead,Bin,percent,13,100, 0.00007605453639483229257012287
Michigan,3 wk ahead,Bin,percent,0,0.1, 0.00117409914795079490731910532
Michigan,3 wk ahead,Bin,percent,0.1,0.2, 0.00299016762656123449154454974
Michigan,3 wk ahead,Bin,percent,0.2,0.3, 0.00403136719071596049540628925
Michigan,3 wk ahead,Bin,percent,0.3,0.4, 0.00531607303295521076147434059
Michigan,3 wk ahead,Bin,percent,0.4,0.5, 0.00686149819085183840239317021
Michigan,3 wk ahead,Bin,percent,0.5,0.6, 0.00867531332856986796275844398
Michigan,3 wk ahead,Bin,percent,0.6,0.7, 0.01075383696844841967255046455
Michigan,3 wk ahead,Bin,percent,0.7,0.8, 0.01308174156195371883038003347
Michigan,3 wk ahead,Bin,percent,0.8,0.9, 0.01563237265390635122308538030
Michigan,3 wk ahead,Bin,percent,0.9,1, 0.01836930967247135323971996002
Michigan,3 wk ahead,Bin,percent,1,1.1, 0.02124852117948634183663969566
Michigan,3 wk ahead,Bin,percent,1.1,1.2, 0.02422077223783406993429245802
Michigan,3 wk ahead,Bin,percent,1.2,1.3, 0.02723351649303379015676362940
Michigan,3 wk ahead,Bin,percent,1.3,1.4, 0.03023191464127446617671246543
Michigan,3 wk ahead,Bin,percent,1.4,1.5, 0.03315878294018170802104350514
Michigan,3 wk ahead,Bin,percent,1.5,1.6, 0.03595358221520463665177302914
Michigan,3 wk ahead,Bin,percent,1.6,1.7, 0.03855085454776355224915107556
Michigan,3 wk ahead,Bin,percent,1.7,1.8, 0.04087888254563439710542738226
Michigan,3 wk ahead,Bin,percent,1.8,1.9, 0.04286006876234083745602632121
Michigan,3 wk ahead,Bin,percent,1.9,2, 0.04441295251670854954406664206
Michigan,3 wk ahead,Bin,percent,2,2.1, 0.04545738696202059753170843237
Michigan,3 wk ahead,Bin,percent,2.1,2.2, 0.04592239087159872418242301251
Michigan,3 wk ahead,Bin,percent,2.2,2.3, 0.04575528737674725010542431392
Michigan,3 wk ahead,Bin,percent,2.3,2.4, 0.04493151610508604870686255595
Michigan,3 wk ahead,Bin,percent,2.4,2.5, 0.04346200197795362096808702290
Michigan,3 wk ahead,Bin,percent,2.5,2.6, 0.04139644269686516830919487120
Michigan,3 wk ahead,Bin,percent,2.6,2.7, 0.03882242847221432230364612792
Michigan,3 wk ahead,Bin,percent,2.7,2.8, 0.03585753689994999882095783050
Michigan,3 wk ahead,Bin,percent,2.8,2.9, 0.03263802822820396215552918306
Michigan,3 wk ahead,Bin,percent,2.9,3, 0.02930452924112050480665025987
Michigan,3 wk ahead,Bin,percent,3,3.1, 0.02598765225681146442959779108
Michigan,3 wk ahead,Bin,percent,3.1,3.2, 0.02279626191796028586433742191
Michigan,3 wk ahead,Bin,percent,3.2,3.3, 0.01981009862449126593397785712
Michigan,3 wk ahead,Bin,percent,3.3,3.4, 0.01707772525126038595799649045
Michigan,3 wk ahead,Bin,percent,3.4,3.5, 0.01461907266837495986133710346
Michigan,3 wk ahead,Bin,percent,3.5,3.6, 0.01243169627184923832496910023
Michigan,3 wk ahead,Bin,percent,3.6,3.7, 0.01049864047674392911191354472
Michigan,3 wk ahead,Bin,percent,3.7,3.8, 0.00879624218734014785836539119
Michigan,3 wk ahead,Bin,percent,3.8,3.9, 0.00730016958259672305020515637
Michigan,3 wk ahead,Bin,percent,3.9,4, 0.00598924869872482102534094750
Michigan,3 wk ahead,Bin,percent,4,4.1, 0.00484678698131299576928876505
Michigan,3 wk ahead,Bin,percent,4.1,4.2, 0.00386023564298343955028536278
Michigan,3 wk ahead,Bin,percent,4.2,4.3, 0.00301956558015328314914516028
Michigan,3 wk ahead,Bin,percent,4.3,4.4, 0.00231542407248016852278071909
Michigan,3 wk ahead,Bin,percent,4.4,4.5, 0.00173771146168755327883481687
Michigan,3 wk ahead,Bin,percent,4.5,4.6, 0.00127467897598834830827363440
Michigan,3 wk ahead,Bin,percent,4.6,4.7, 0.00091290669434529567345670831
Michigan,3 wk ahead,Bin,percent,4.7,4.8, 0.00063779107742654181454483586
Michigan,3 wk ahead,Bin,percent,4.8,4.9, 0.00043435500554831293256244362
Michigan,3 wk ahead,Bin,percent,4.9,5, 0.00028819501458621384331476589
Michigan,3 wk ahead,Bin,percent,5,5.1, 0.00018622711880381757746684424
Michigan,3 wk ahead,Bin,percent,5.1,5.2, 0.00011715354545922568741539438
Michigan,3 wk ahead,Bin,percent,5.2,5.3, 0.00007770995669166350908099034
Michigan,3 wk ahead,Bin,percent,5.3,5.4, 0.00007437531603554651995612729
Michigan,3 wk ahead,Bin,percent,5.4,5.5, 0.00007437531603554651995612729
Michigan,3 wk ahead,Bin,percent,5.5,5.6, 0.00007437531603554651995612729
Michigan,3 wk ahead,Bin,percent,5.6,5.7, 0.00007437531603554651995612729
Michigan,3 wk ahead,Bin,percent,5.7,5.8, 0.00007437531603554651995612729
Michigan,3 wk ahead,Bin,percent,5.8,5.9, 0.00007437531603554651995612729
Michigan,3 wk ahead,Bin,percent,5.9,6, 0.00007437531603554651995612729
Michigan,3 wk ahead,Bin,percent,6,6.1, 0.00007437531603554651995612729
Michigan,3 wk ahead,Bin,percent,6.1,6.2, 0.00007437531603554651995612729
Michigan,3 wk ahead,Bin,percent,6.2,6.3, 0.00007437531603554651995612729
Michigan,3 wk ahead,Bin,percent,6.3,6.4, 0.00007437531603554651995612729
Michigan,3 wk ahead,Bin,percent,6.4,6.5, 0.00007437531603554651995612729
Michigan,3 wk ahead,Bin,percent,6.5,6.6, 0.00007437531603554651995612729
Michigan,3 wk ahead,Bin,percent,6.6,6.7, 0.00007437531603554651995612729
Michigan,3 wk ahead,Bin,percent,6.7,6.8, 0.00007437531603554651995612729
Michigan,3 wk ahead,Bin,percent,6.8,6.9, 0.00007437531603554651995612729
Michigan,3 wk ahead,Bin,percent,6.9,7, 0.00007437531603554651995612729
Michigan,3 wk ahead,Bin,percent,7,7.1, 0.00007437531603554651995612729
Michigan,3 wk ahead,Bin,percent,7.1,7.2, 0.00007437531603554651995612729
Michigan,3 wk ahead,Bin,percent,7.2,7.3, 0.00007437531603554651995612729
Michigan,3 wk ahead,Bin,percent,7.3,7.4, 0.00007437531603554651995612729
Michigan,3 wk ahead,Bin,percent,7.4,7.5, 0.00007437531603554651995612729
Michigan,3 wk ahead,Bin,percent,7.5,7.6, 0.00007437531603554651995612729
Michigan,3 wk ahead,Bin,percent,7.6,7.7, 0.00007437531603554651995612729
Michigan,3 wk ahead,Bin,percent,7.7,7.8, 0.00007437531603554651995612729
Michigan,3 wk ahead,Bin,percent,7.8,7.9, 0.00007437531603554651995612729
Michigan,3 wk ahead,Bin,percent,7.9,8, 0.00007437531603554651995612729
Michigan,3 wk ahead,Bin,percent,8,8.1, 0.00007437531603554718402995793
Michigan,3 wk ahead,Bin,percent,8.1,8.2, 0.00007437531603554783455126143
Michigan,3 wk ahead,Bin,percent,8.2,8.3, 0.00007437531603554783455126143
Michigan,3 wk ahead,Bin,percent,8.3,8.4, 0.00007437531603554783455126143
Michigan,3 wk ahead,Bin,percent,8.4,8.5, 0.00007437531603554783455126143
Michigan,3 wk ahead,Bin,percent,8.5,8.6, 0.00007437531603554783455126143
Michigan,3 wk ahead,Bin,percent,8.6,8.7, 0.00007437531603554783455126143
Michigan,3 wk ahead,Bin,percent,8.7,8.8, 0.00007437531603554783455126143
Michigan,3 wk ahead,Bin,percent,8.8,8.9, 0.00007437531603554783455126143
Michigan,3 wk ahead,Bin,percent,8.9,9, 0.00007437531603554783455126143
Michigan,3 wk ahead,Bin,percent,9,9.1, 0.00007437531603554783455126143
Michigan,3 wk ahead,Bin,percent,9.1,9.2, 0.00007437531603554783455126143
Michigan,3 wk ahead,Bin,percent,9.2,9.3, 0.00007437531603554783455126143
Michigan,3 wk ahead,Bin,percent,9.3,9.4, 0.00007437531603554783455126143
Michigan,3 wk ahead,Bin,percent,9.4,9.5, 0.00007437531603554783455126143
Michigan,3 wk ahead,Bin,percent,9.5,9.6, 0.00007437531603554783455126143
Michigan,3 wk ahead,Bin,percent,9.6,9.7, 0.00007437531603554783455126143
Michigan,3 wk ahead,Bin,percent,9.7,9.8, 0.00007437531603554783455126143
Michigan,3 wk ahead,Bin,percent,9.8,9.9, 0.00007437531603554783455126143
Michigan,3 wk ahead,Bin,percent,9.9,10, 0.00007437531603554783455126143
Michigan,3 wk ahead,Bin,percent,10,10.1, 0.00007437531603554783455126143
Michigan,3 wk ahead,Bin,percent,10.1,10.2, 0.00007437531603554783455126143
Michigan,3 wk ahead,Bin,percent,10.2,10.3, 0.00007437531603554783455126143
Michigan,3 wk ahead,Bin,percent,10.3,10.4, 0.00007437531603554783455126143
Michigan,3 wk ahead,Bin,percent,10.4,10.5, 0.00007437531603554783455126143
Michigan,3 wk ahead,Bin,percent,10.5,10.6, 0.00007437531603554783455126143
Michigan,3 wk ahead,Bin,percent,10.6,10.7, 0.00007437531603554783455126143
Michigan,3 wk ahead,Bin,percent,10.7,10.8, 0.00007437531603554783455126143
Michigan,3 wk ahead,Bin,percent,10.8,10.9, 0.00007437531603554783455126143
Michigan,3 wk ahead,Bin,percent,10.9,11, 0.00007437531603554783455126143
Michigan,3 wk ahead,Bin,percent,11,11.1, 0.00007437531603554783455126143
Michigan,3 wk ahead,Bin,percent,11.1,11.2, 0.00007437531603554783455126143
Michigan,3 wk ahead,Bin,percent,11.2,11.3, 0.00007437531603554783455126143
Michigan,3 wk ahead,Bin,percent,11.3,11.4, 0.00007437531603554783455126143
Michigan,3 wk ahead,Bin,percent,11.4,11.5, 0.00007437531603554783455126143
Michigan,3 wk ahead,Bin,percent,11.5,11.6, 0.00007437531603554783455126143
Michigan,3 wk ahead,Bin,percent,11.6,11.7, 0.00007437531603554783455126143
Michigan,3 wk ahead,Bin,percent,11.7,11.8, 0.00007437531603554783455126143
Michigan,3 wk ahead,Bin,percent,11.8,11.9, 0.00007437531603554783455126143
Michigan,3 wk ahead,Bin,percent,11.9,12, 0.00007437531603554783455126143
Michigan,3 wk ahead,Bin,percent,12,12.1, 0.00007437531603554783455126143
Michigan,3 wk ahead,Bin,percent,12.1,12.2, 0.00007437531603554783455126143
Michigan,3 wk ahead,Bin,percent,12.2,12.3, 0.00007437531603554783455126143
Michigan,3 wk ahead,Bin,percent,12.3,12.4, 0.00007437531603554783455126143
Michigan,3 wk ahead,Bin,percent,12.4,12.5, 0.00007437531603554783455126143
Michigan,3 wk ahead,Bin,percent,12.5,12.6, 0.00007437531603554783455126143
Michigan,3 wk ahead,Bin,percent,12.6,12.7, 0.00007437531603554783455126143
Michigan,3 wk ahead,Bin,percent,12.7,12.8, 0.00007437531603554783455126143
Michigan,3 wk ahead,Bin,percent,12.8,12.9, 0.00007437531603554783455126143
Michigan,3 wk ahead,Bin,percent,12.9,13, 0.00007437531603554783455126143
Michigan,3 wk ahead,Bin,percent,13,100, 0.00007437531603554783455126143
Michigan,4 wk ahead,Bin,percent,0,0.1, 0.00021101690517453123630865763
Michigan,4 wk ahead,Bin,percent,0.1,0.2, 0.00081960231544138005196908914
Michigan,4 wk ahead,Bin,percent,0.2,0.3, 0.00173737991265071394994534693
Michigan,4 wk ahead,Bin,percent,0.3,0.4, 0.00327219874463428091887484683
Michigan,4 wk ahead,Bin,percent,0.4,0.5, 0.00548943917909384439257625132
Michigan,4 wk ahead,Bin,percent,0.5,0.6, 0.00823898063256434803891536944
Michigan,4 wk ahead,Bin,percent,0.6,0.7, 0.01114050667445252822129742043
Michigan,4 wk ahead,Bin,percent,0.7,0.8, 0.01371634124493720068016511249
Michigan,4 wk ahead,Bin,percent,0.8,0.9, 0.01560208063229825276030382497
Michigan,4 wk ahead,Bin,percent,0.9,1, 0.01667245466044882037937036046
Michigan,4 wk ahead,Bin,percent,1,1.1, 0.01697703058483178428783588743
Michigan,4 wk ahead,Bin,percent,1.1,1.2, 0.01656839783575174071539315435
Michigan,4 wk ahead,Bin,percent,1.2,1.3, 0.01542735461313872631639032562
Michigan,4 wk ahead,Bin,percent,1.3,1.4, 0.01359318033864889523065766497
Michigan,4 wk ahead,Bin,percent,1.4,1.5, 0.01140472233341279818807922908
Michigan,4 wk ahead,Bin,percent,1.5,1.6, 0.00967560092839380055107501022
Michigan,4 wk ahead,Bin,percent,1.6,1.7, 0.00970712587644498650640834114
Michigan,4 wk ahead,Bin,percent,1.7,1.8, 0.01313746065938931756322816113
Michigan,4 wk ahead,Bin,percent,1.8,1.9, 0.02155178883010664542263512544
Michigan,4 wk ahead,Bin,percent,1.9,2, 0.03574818917603178602959701493
Michigan,4 wk ahead,Bin,percent,2,2.1, 0.05476026111722117478697313686
Michigan,4 wk ahead,Bin,percent,2.1,2.2, 0.07521705054753886898755155244
Michigan,4 wk ahead,Bin,percent,2.2,2.3, 0.09187912014269346283601436198
Michigan,4 wk ahead,Bin,percent,2.3,2.4, 0.09958267361917658155867627556
Michigan,4 wk ahead,Bin,percent,2.4,2.5, 0.09571974820642525916269960362
Michigan,4 wk ahead,Bin,percent,2.5,2.6, 0.08161459830614740951215679843
Michigan,4 wk ahead,Bin,percent,2.6,2.7, 0.06181306869255041858135513166
Michigan,4 wk ahead,Bin,percent,2.7,2.8, 0.04181723390833876063954477331
Michigan,4 wk ahead,Bin,percent,2.8,2.9, 0.02578843249978784307741008774
Michigan,4 wk ahead,Bin,percent,2.9,3, 0.01550617419594431563301117905
Michigan,4 wk ahead,Bin,percent,3,3.1, 0.01066154010798267548487672229
Michigan,4 wk ahead,Bin,percent,3.1,3.2, 0.00978040990806712355609686682
Michigan,4 wk ahead,Bin,percent,3.2,3.3, 0.01103548531534839088896760018
Michigan,4 wk ahead,Bin,percent,3.3,3.4, 0.01273290255202421013269731276
Michigan,4 wk ahead,Bin,percent,3.4,3.5, 0.01360995786607226837316986234
Michigan,4 wk ahead,Bin,percent,3.5,3.6, 0.01304248326217925975367695202
Michigan,4 wk ahead,Bin,percent,3.6,3.7, 0.01110306965962355556232221687
Michigan,4 wk ahead,Bin,percent,3.7,3.8, 0.00837593586237685844286815495
Michigan,4 wk ahead,Bin,percent,3.8,3.9, 0.00559546978609785482933203227
Michigan,4 wk ahead,Bin,percent,3.9,4, 0.00330963869453544841381376074
Michigan,4 wk ahead,Bin,percent,4,4.1, 0.00173300967381925688330646107
Michigan,4 wk ahead,Bin,percent,4.1,4.2, 0.00080347593232488125243595523
Michigan,4 wk ahead,Bin,percent,4.2,4.3, 0.00032979014823099057733546413
Michigan,4 wk ahead,Bin,percent,4.3,4.4, 0.00015785870230809821148851291
Michigan,4 wk ahead,Bin,percent,4.4,4.5, 0.00015333056569354720560446892
Michigan,4 wk ahead,Bin,percent,4.5,4.6, 0.00015333056569354720560446892
Michigan,4 wk ahead,Bin,percent,4.6,4.7, 0.00015333056569354720560446892
Michigan,4 wk ahead,Bin,percent,4.7,4.8, 0.00015333056569354720560446892
Michigan,4 wk ahead,Bin,percent,4.8,4.9, 0.00015333056569354720560446892
Michigan,4 wk ahead,Bin,percent,4.9,5, 0.00015333056569354720560446892
Michigan,4 wk ahead,Bin,percent,5,5.1, 0.00015333056569354720560446892
Michigan,4 wk ahead,Bin,percent,5.1,5.2, 0.00015333056569354720560446892
Michigan,4 wk ahead,Bin,percent,5.2,5.3, 0.00015333056569354720560446892
Michigan,4 wk ahead,Bin,percent,5.3,5.4, 0.00015333056569354720560446892
Michigan,4 wk ahead,Bin,percent,5.4,5.5, 0.00015333056569354720560446892
Michigan,4 wk ahead,Bin,percent,5.5,5.6, 0.00015333056569354720560446892
Michigan,4 wk ahead,Bin,percent,5.6,5.7, 0.00015333056569354720560446892
Michigan,4 wk ahead,Bin,percent,5.7,5.8, 0.00015333056569354720560446892
Michigan,4 wk ahead,Bin,percent,5.8,5.9, 0.00015333056569354720560446892
Michigan,4 wk ahead,Bin,percent,5.9,6, 0.00015333056569354720560446892
Michigan,4 wk ahead,Bin,percent,6,6.1, 0.00015333056569354720560446892
Michigan,4 wk ahead,Bin,percent,6.1,6.2, 0.00015333056569354720560446892
Michigan,4 wk ahead,Bin,percent,6.2,6.3, 0.00015333056569354720560446892
Michigan,4 wk ahead,Bin,percent,6.3,6.4, 0.00015333056569354720560446892
Michigan,4 wk ahead,Bin,percent,6.4,6.5, 0.00015333056569354720560446892
Michigan,4 wk ahead,Bin,percent,6.5,6.6, 0.00015333056569354720560446892
Michigan,4 wk ahead,Bin,percent,6.6,6.7, 0.00015333056569354720560446892
Michigan,4 wk ahead,Bin,percent,6.7,6.8, 0.00015333056569354720560446892
Michigan,4 wk ahead,Bin,percent,6.8,6.9, 0.00015333056569354720560446892
Michigan,4 wk ahead,Bin,percent,6.9,7, 0.00015333056569354720560446892
Michigan,4 wk ahead,Bin,percent,7,7.1, 0.00015333056569354720560446892
Michigan,4 wk ahead,Bin,percent,7.1,7.2, 0.00015333056569354720560446892
Michigan,4 wk ahead,Bin,percent,7.2,7.3, 0.00015333056569354720560446892
Michigan,4 wk ahead,Bin,percent,7.3,7.4, 0.00015333056569354720560446892
Michigan,4 wk ahead,Bin,percent,7.4,7.5, 0.00015333056569354720560446892
Michigan,4 wk ahead,Bin,percent,7.5,7.6, 0.00015333056569354720560446892
Michigan,4 wk ahead,Bin,percent,7.6,7.7, 0.00015333056569354720560446892
Michigan,4 wk ahead,Bin,percent,7.7,7.8, 0.00015333056569354720560446892
Michigan,4 wk ahead,Bin,percent,7.8,7.9, 0.00015333056569354720560446892
Michigan,4 wk ahead,Bin,percent,7.9,8, 0.00015333056569354720560446892
Michigan,4 wk ahead,Bin,percent,8,8.1, 0.00015333056569354856085718453
Michigan,4 wk ahead,Bin,percent,8.1,8.2, 0.00015333056569354991610990013
Michigan,4 wk ahead,Bin,percent,8.2,8.3, 0.00015333056569354991610990013
Michigan,4 wk ahead,Bin,percent,8.3,8.4, 0.00015333056569354991610990013
Michigan,4 wk ahead,Bin,percent,8.4,8.5, 0.00015333056569354991610990013
Michigan,4 wk ahead,Bin,percent,8.5,8.6, 0.00015333056569354991610990013
Michigan,4 wk ahead,Bin,percent,8.6,8.7, 0.00015333056569354991610990013
Michigan,4 wk ahead,Bin,percent,8.7,8.8, 0.00015333056569354991610990013
Michigan,4 wk ahead,Bin,percent,8.8,8.9, 0.00015333056569354991610990013
Michigan,4 wk ahead,Bin,percent,8.9,9, 0.00015333056569354991610990013
Michigan,4 wk ahead,Bin,percent,9,9.1, 0.00015333056569354991610990013
Michigan,4 wk ahead,Bin,percent,9.1,9.2, 0.00015333056569354991610990013
Michigan,4 wk ahead,Bin,percent,9.2,9.3, 0.00015333056569354991610990013
Michigan,4 wk ahead,Bin,percent,9.3,9.4, 0.00015333056569354991610990013
Michigan,4 wk ahead,Bin,percent,9.4,9.5, 0.00015333056569354991610990013
Michigan,4 wk ahead,Bin,percent,9.5,9.6, 0.00015333056569354991610990013
Michigan,4 wk ahead,Bin,percent,9.6,9.7, 0.00015333056569354991610990013
Michigan,4 wk ahead,Bin,percent,9.7,9.8, 0.00015333056569354991610990013
Michigan,4 wk ahead,Bin,percent,9.8,9.9, 0.00015333056569354991610990013
Michigan,4 wk ahead,Bin,percent,9.9,10, 0.00015333056569354991610990013
Michigan,4 wk ahead,Bin,percent,10,10.1, 0.00015333056569354991610990013
Michigan,4 wk ahead,Bin,percent,10.1,10.2, 0.00015333056569354991610990013
Michigan,4 wk ahead,Bin,percent,10.2,10.3, 0.00015333056569354991610990013
Michigan,4 wk ahead,Bin,percent,10.3,10.4, 0.00015333056569354991610990013
Michigan,4 wk ahead,Bin,percent,10.4,10.5, 0.00015333056569354991610990013
Michigan,4 wk ahead,Bin,percent,10.5,10.6, 0.00015333056569354991610990013
Michigan,4 wk ahead,Bin,percent,10.6,10.7, 0.00015333056569354991610990013
Michigan,4 wk ahead,Bin,percent,10.7,10.8, 0.00015333056569354991610990013
Michigan,4 wk ahead,Bin,percent,10.8,10.9, 0.00015333056569354991610990013
Michigan,4 wk ahead,Bin,percent,10.9,11, 0.00015333056569354991610990013
Michigan,4 wk ahead,Bin,percent,11,11.1, 0.00015333056569354991610990013
Michigan,4 wk ahead,Bin,percent,11.1,11.2, 0.00015333056569354991610990013
Michigan,4 wk ahead,Bin,percent,11.2,11.3, 0.00015333056569354991610990013
Michigan,4 wk ahead,Bin,percent,11.3,11.4, 0.00015333056569354991610990013
Michigan,4 wk ahead,Bin,percent,11.4,11.5, 0.00015333056569354991610990013
Michigan,4 wk ahead,Bin,percent,11.5,11.6, 0.00015333056569354991610990013
Michigan,4 wk ahead,Bin,percent,11.6,11.7, 0.00015333056569354991610990013
Michigan,4 wk ahead,Bin,percent,11.7,11.8, 0.00015333056569354991610990013
Michigan,4 wk ahead,Bin,percent,11.8,11.9, 0.00015333056569354991610990013
Michigan,4 wk ahead,Bin,percent,11.9,12, 0.00015333056569354991610990013
Michigan,4 wk ahead,Bin,percent,12,12.1, 0.00015333056569354991610990013
Michigan,4 wk ahead,Bin,percent,12.1,12.2, 0.00015333056569354991610990013
Michigan,4 wk ahead,Bin,percent,12.2,12.3, 0.00015333056569354991610990013
Michigan,4 wk ahead,Bin,percent,12.3,12.4, 0.00015333056569354991610990013
Michigan,4 wk ahead,Bin,percent,12.4,12.5, 0.00015333056569354991610990013
Michigan,4 wk ahead,Bin,percent,12.5,12.6, 0.00015333056569354991610990013
Michigan,4 wk ahead,Bin,percent,12.6,12.7, 0.00015333056569354991610990013
Michigan,4 wk ahead,Bin,percent,12.7,12.8, 0.00015333056569354991610990013
Michigan,4 wk ahead,Bin,percent,12.8,12.9, 0.00015333056569354991610990013
Michigan,4 wk ahead,Bin,percent,12.9,13, 0.00015333056569354991610990013
Michigan,4 wk ahead,Bin,percent,13,100, 0.00015333056569354991610990013
Maine,Season peak week,Bin,week,40,41, 0.00059026606837712079518115660
Maine,Season peak week,Bin,week,41,42, 0.00059624153572008858296277234
Maine,Season peak week,Bin,week,42,43, 0.00262449158815308229014684471
Maine,Season peak week,Bin,week,43,44, 0.01365682080359393105184473427
Maine,Season peak week,Bin,week,44,45, 0.03667791024560055485048692958
Maine,Season peak week,Bin,week,45,46, 0.05096727636628745755631442194
Maine,Season peak week,Bin,week,46,47, 0.03667783553360383363983743266
Maine,Season peak week,Bin,week,47,48, 0.01366986659825908216603362888
Maine,Season peak week,Bin,week,48,49, 0.00288907200568314049757279172
Maine,Season peak week,Bin,week,49,50, 0.00293125019968131905051533792
Maine,Season peak week,Bin,week,50,51, 0.01390949559143010196005096901
Maine,Season peak week,Bin,week,51,52, 0.03731051467903694768279976302
Maine,Season peak week,Bin,week,52,53, 0.05186802437807314786200052481
Maine,Season peak week,Bin,week,1,2, 0.03787638587323496203174144625
Maine,Season peak week,Bin,week,2,3, 0.01978246168567611429356389863
Maine,Season peak week,Bin,week,3,4, 0.03491839293806009436593740247
Maine,Season peak week,Bin,week,4,5, 0.09629032867523805439002870799
Maine,Season peak week,Bin,week,5,6, 0.16376663281357650703284889460
Maine,Season peak week,Bin,week,6,7, 0.17340275661834914089354242606
Maine,Season peak week,Bin,week,7,8, 0.12325803747850171132593999346
Maine,Season peak week,Bin,week,8,9, 0.05905444934302730985997698099
Maine,Season peak week,Bin,week,9,10, 0.01769244930745379751346746389
Maine,Season peak week,Bin,week,10,11, 0.00304608811363782198966543291
Maine,Season peak week,Bin,week,11,12, 0.00066037007036866247032536048
Maine,Season peak week,Bin,week,12,13, 0.00065362016548622839211268865
Maine,Season peak week,Bin,week,13,14, 0.00065362016548622839211268865
Maine,Season peak week,Bin,week,14,15, 0.00065362016548622839211268865
Maine,Season peak week,Bin,week,15,16, 0.00065362016548622839211268865
Maine,Season peak week,Bin,week,16,17, 0.00065362016548622839211268865
Maine,Season peak week,Bin,week,17,18, 0.00065362016548622839211268865
Maine,Season peak week,Bin,week,18,19, 0.00065362016548622839211268865
Maine,Season peak week,Bin,week,19,20, 0.00065362016548622839211268865
Maine,Season peak week,Bin,week,20,21, 0.00065362016548622839211268865
Maine,Season peak percentage,Bin,percent,0,0.1, 0.00447103025701819575821183150
Maine,Season peak percentage,Bin,percent,0.1,0.2, 0.00960908556662078486287903445
Maine,Season peak percentage,Bin,percent,0.2,0.3, 0.01052923724669657494501517903
Maine,Season peak percentage,Bin,percent,0.3,0.4, 0.01148243574178794620954668915
Maine,Season peak percentage,Bin,percent,0.4,0.5, 0.01246407971175076366543432727
Maine,Season peak percentage,Bin,percent,0.5,0.6, 0.01346883704735921463702119638
Maine,Season peak percentage,Bin,percent,0.6,0.7, 0.01449062602507782474003938944
Maine,Season peak percentage,Bin,percent,0.7,0.8, 0.01552289044301127449165811356
Maine,Season peak percentage,Bin,percent,0.8,0.9, 0.01655828743500678892908162254
Maine,Season peak percentage,Bin,percent,0.9,1, 0.01758889142323568841042025213
Maine,Season peak percentage,Bin,percent,1,1.1, 0.01860603988823854651468714394
Maine,Season peak percentage,Bin,percent,1.1,1.2, 0.01960066300049101428726316954
Maine,Season peak percentage,Bin,percent,1.2,1.3, 0.02056321050245839623937804674
Maine,Season peak percentage,Bin,percent,1.3,1.4, 0.02148357813807520028115405353
Maine,Season peak percentage,Bin,percent,1.4,1.5, 0.02235200670115977672480767069
Maine,Season peak percentage,Bin,percent,1.5,1.6, 0.02315845708924382101434602532
Maine,Season peak percentage,Bin,percent,1.6,1.7, 0.02389315874470162096021574882
Maine,Season peak percentage,Bin,percent,1.7,1.8, 0.02454766235580040437125326491
Maine,Season peak percentage,Bin,percent,1.8,1.9, 0.02511351227595068000275624343
Maine,Season peak percentage,Bin,percent,1.9,2, 0.02558388837441796098692847750
Maine,Season peak percentage,Bin,percent,2,2.1, 0.02595380239396562899178988459
Maine,Season peak percentage,Bin,percent,2.1,2.2, 0.02621876435374832434166414430
Maine,Season peak percentage,Bin,percent,2.2,2.3, 0.02637693709891742940842895848
Maine,Season peak percentage,Bin,percent,2.3,2.4, 0.02642823230181834057161971430
Maine,Season peak percentage,Bin,percent,2.4,2.5, 0.02637349192644601256207970152
Maine,Season peak percentage,Bin,percent,2.5,2.6, 0.02621621816473186650231497197
Maine,Season peak percentage,Bin,percent,2.6,2.7, 0.02596099224789417958536574815
Maine,Season peak percentage,Bin,percent,2.7,2.8, 0.02561330320397662771436664286
Maine,Season peak percentage,Bin,percent,2.8,2.9, 0.02518051472803055704230423828
Maine,Season peak percentage,Bin,percent,2.9,3, 0.02467002823701166733250111918
Maine,Season peak percentage,Bin,percent,3,3.1, 0.02408968971670174749610815468
Maine,Season peak percentage,Bin,percent,3.1,3.2, 0.02344808218525655171826649337
Maine,Season peak percentage,Bin,percent,3.2,3.3, 0.02275297233011977851568907738
Maine,Season peak percentage,Bin,percent,3.3,3.4, 0.02201205552104529977741620428
Maine,Season peak percentage,Bin,percent,3.4,3.5, 0.02123274351471291301884924962
Maine,Season peak percentage,Bin,percent,3.5,3.6, 0.02042139389358669024354675514
Maine,Season peak percentage,Bin,percent,3.6,3.7, 0.01958403179565447460586113948
Maine,Season peak percentage,Bin,percent,3.7,3.8, 0.01872599334572678034249726409
Maine,Season peak percentage,Bin,percent,3.8,3.9, 0.01785188139348951180673807926
Maine,Season peak percentage,Bin,percent,3.9,4, 0.01696599521379828223732744163
Maine,Season peak percentage,Bin,percent,4,4.1, 0.01607217694392402279612852567
Maine,Season peak percentage,Bin,percent,4.1,4.2, 0.01517402827534777842721780416
Maine,Season peak percentage,Bin,percent,4.2,4.3, 0.01427508882438499604461412673
Maine,Season peak percentage,Bin,percent,4.3,4.4, 0.01337886141456214039724414988
Maine,Season peak percentage,Bin,percent,4.4,4.5, 0.01248896163331080118308324955
Maine,Season peak percentage,Bin,percent,4.5,4.6, 0.01160906017316070716616227543
Maine,Season peak percentage,Bin,percent,4.6,4.7, 0.01074307633286787633242198581
Maine,Season peak percentage,Bin,percent,4.7,4.8, 0.00989497903310094031881227750
Maine,Season peak percentage,Bin,percent,4.8,4.9, 0.00906872125586760148563403305
Maine,Season peak percentage,Bin,percent,4.9,5, 0.00826848352773015132788358983
Maine,Season peak percentage,Bin,percent,5,5.1, 0.00749803537969590937900532523
Maine,Season peak percentage,Bin,percent,5.1,5.2, 0.00676098514668993511023131759
Maine,Season peak percentage,Bin,percent,5.2,5.3, 0.00606090072220822218690416960
Maine,Season peak percentage,Bin,percent,5.3,5.4, 0.00540035676696329607765489911
Maine,Season peak percentage,Bin,percent,5.4,5.5, 0.00478175263713000436166522533
Maine,Season peak percentage,Bin,percent,5.5,5.6, 0.00420703877088632761244157976
Maine,Season peak percentage,Bin,percent,5.6,5.7, 0.00367692308473016767067509392
Maine,Season peak percentage,Bin,percent,5.7,5.8, 0.00319203175235832897066456937
Maine,Season peak percentage,Bin,percent,5.8,5.9, 0.00275214786932659718002303073
Maine,Season peak percentage,Bin,percent,5.9,6, 0.00235614962009095480280351786
Maine,Season peak percentage,Bin,percent,6,6.1, 0.00200291903506287158331922171
Maine,Season peak percentage,Bin,percent,6.1,6.2, 0.00169034344590599785659867926
Maine,Season peak percentage,Bin,percent,6.2,6.3, 0.00141599996188583555564721728
Maine,Season peak percentage,Bin,percent,6.3,6.4, 0.00117755993181219587723207454
Maine,Season peak percentage,Bin,percent,6.4,6.5, 0.00097186778427560524453582280
Maine,Season peak percentage,Bin,percent,6.5,6.6, 0.00079598384014789298583625321
Maine,Season peak percentage,Bin,percent,6.6,6.7, 0.00064707252350605485875095768
Maine,Season peak percentage,Bin,percent,6.7,6.8, 0.00052189717648698432262560631
Maine,Season peak percentage,Bin,percent,6.8,6.9, 0.00041767558871003992006579186
Maine,Season peak percentage,Bin,percent,6.9,7, 0.00033170945389992130243952961
Maine,Season peak percentage,Bin,percent,7,7.1, 0.00026131383840868080241370830
Maine,Season peak percentage,Bin,percent,7.1,7.2, 0.00020426620898164656188987498
Maine,Season peak percentage,Bin,percent,7.2,7.3, 0.00015840826442623000876869233
Maine,Season peak percentage,Bin,percent,7.3,7.4, 0.00012183647808674054238264189
Maine,Season peak percentage,Bin,percent,7.4,7.5, 0.00009299238697416102822444067
Maine,Season peak percentage,Bin,percent,7.5,7.6, 0.00007810248748678575293584447
Maine,Season peak percentage,Bin,percent,7.6,7.7, 0.00007791983445218954036203679
Maine,Season peak percentage,Bin,percent,7.7,7.8, 0.00007791983445218954036203679
Maine,Season peak percentage,Bin,percent,7.8,7.9, 0.00007791983445218954036203679
Maine,Season peak percentage,Bin,percent,7.9,8, 0.00007791983445218954036203679
Maine,Season peak percentage,Bin,percent,8,8.1, 0.00007791983445219021798839459
Maine,Season peak percentage,Bin,percent,8.1,8.2, 0.00007791983445219089561475240
Maine,Season peak percentage,Bin,percent,8.2,8.3, 0.00007791983445219089561475240
Maine,Season peak percentage,Bin,percent,8.3,8.4, 0.00007791983445219089561475240
Maine,Season peak percentage,Bin,percent,8.4,8.5, 0.00007791983445219089561475240
Maine,Season peak percentage,Bin,percent,8.5,8.6, 0.00007791983445219089561475240
Maine,Season peak percentage,Bin,percent,8.6,8.7, 0.00007791983445219089561475240
Maine,Season peak percentage,Bin,percent,8.7,8.8, 0.00007791983445219089561475240
Maine,Season peak percentage,Bin,percent,8.8,8.9, 0.00007791983445219089561475240
Maine,Season peak percentage,Bin,percent,8.9,9, 0.00007791983445219089561475240
Maine,Season peak percentage,Bin,percent,9,9.1, 0.00007791983445219089561475240
Maine,Season peak percentage,Bin,percent,9.1,9.2, 0.00007791983445219089561475240
Maine,Season peak percentage,Bin,percent,9.2,9.3, 0.00007791983445219089561475240
Maine,Season peak percentage,Bin,percent,9.3,9.4, 0.00007791983445219089561475240
Maine,Season peak percentage,Bin,percent,9.4,9.5, 0.00007791983445219089561475240
Maine,Season peak percentage,Bin,percent,9.5,9.6, 0.00007791983445219089561475240
Maine,Season peak percentage,Bin,percent,9.6,9.7, 0.00007791983445219089561475240
Maine,Season peak percentage,Bin,percent,9.7,9.8, 0.00007791983445219089561475240
Maine,Season peak percentage,Bin,percent,9.8,9.9, 0.00007791983445219089561475240
Maine,Season peak percentage,Bin,percent,9.9,10, 0.00007791983445219089561475240
Maine,Season peak percentage,Bin,percent,10,10.1, 0.00007791983445219089561475240
Maine,Season peak percentage,Bin,percent,10.1,10.2, 0.00007791983445219089561475240
Maine,Season peak percentage,Bin,percent,10.2,10.3, 0.00007791983445219089561475240
Maine,Season peak percentage,Bin,percent,10.3,10.4, 0.00007791983445219089561475240
Maine,Season peak percentage,Bin,percent,10.4,10.5, 0.00007791983445219089561475240
Maine,Season peak percentage,Bin,percent,10.5,10.6, 0.00007791983445219089561475240
Maine,Season peak percentage,Bin,percent,10.6,10.7, 0.00007791983445219089561475240
Maine,Season peak percentage,Bin,percent,10.7,10.8, 0.00007791983445219089561475240
Maine,Season peak percentage,Bin,percent,10.8,10.9, 0.00007791983445219089561475240
Maine,Season peak percentage,Bin,percent,10.9,11, 0.00007791983445219089561475240
Maine,Season peak percentage,Bin,percent,11,11.1, 0.00007791983445219089561475240
Maine,Season peak percentage,Bin,percent,11.1,11.2, 0.00007791983445219089561475240
Maine,Season peak percentage,Bin,percent,11.2,11.3, 0.00007791983445219089561475240
Maine,Season peak percentage,Bin,percent,11.3,11.4, 0.00007791983445219089561475240
Maine,Season peak percentage,Bin,percent,11.4,11.5, 0.00007791983445219089561475240
Maine,Season peak percentage,Bin,percent,11.5,11.6, 0.00007791983445219089561475240
Maine,Season peak percentage,Bin,percent,11.6,11.7, 0.00007791983445219089561475240
Maine,Season peak percentage,Bin,percent,11.7,11.8, 0.00007791983445219089561475240
Maine,Season peak percentage,Bin,percent,11.8,11.9, 0.00007791983445219089561475240
Maine,Season peak percentage,Bin,percent,11.9,12, 0.00007791983445219089561475240
Maine,Season peak percentage,Bin,percent,12,12.1, 0.00007791983445219089561475240
Maine,Season peak percentage,Bin,percent,12.1,12.2, 0.00007791983445219089561475240
Maine,Season peak percentage,Bin,percent,12.2,12.3, 0.00007791983445219089561475240
Maine,Season peak percentage,Bin,percent,12.3,12.4, 0.00007791983445219089561475240
Maine,Season peak percentage,Bin,percent,12.4,12.5, 0.00007791983445219089561475240
Maine,Season peak percentage,Bin,percent,12.5,12.6, 0.00007791983445219089561475240
Maine,Season peak percentage,Bin,percent,12.6,12.7, 0.00007791983445219089561475240
Maine,Season peak percentage,Bin,percent,12.7,12.8, 0.00007791983445219089561475240
Maine,Season peak percentage,Bin,percent,12.8,12.9, 0.00007791983445219089561475240
Maine,Season peak percentage,Bin,percent,12.9,13, 0.00007791983445219089561475240
Maine,Season peak percentage,Bin,percent,13,100, 0.00007791983445219089561475240
Maine,1 wk ahead,Bin,percent,0,0.1, 0.00964426410615214918520265996
Maine,1 wk ahead,Bin,percent,0.1,0.2, 0.02252326971455093432283867116
Maine,1 wk ahead,Bin,percent,0.2,0.3, 0.02685424535210047605748862054
Maine,1 wk ahead,Bin,percent,0.3,0.4, 0.03099961494442192433407257113
Maine,1 wk ahead,Bin,percent,0.4,0.5, 0.03474319511544057825780384974
Maine,1 wk ahead,Bin,percent,0.5,0.6, 0.03791425309269408350232311022
Maine,1 wk ahead,Bin,percent,0.6,0.7, 0.04039817634482736202761188338
Maine,1 wk ahead,Bin,percent,0.7,0.8, 0.04213074772795104977474167640
Maine,1 wk ahead,Bin,percent,0.8,0.9, 0.04307940516060485003357882761
Maine,1 wk ahead,Bin,percent,0.9,1, 0.04322307894263198446704876687
Maine,1 wk ahead,Bin,percent,1,1.1, 0.04253877843691682147930777091
Maine,1 wk ahead,Bin,percent,1.1,1.2, 0.04100575394756131308859892215
Maine,1 wk ahead,Bin,percent,1.2,1.3, 0.03862465811205058330290995627
Maine,1 wk ahead,Bin,percent,1.3,1.4, 0.03544597707118847529361715942
Maine,1 wk ahead,Bin,percent,1.4,1.5, 0.03159564279034859923811495719
Maine,1 wk ahead,Bin,percent,1.5,1.6, 0.02728424175674264151592041117
Maine,1 wk ahead,Bin,percent,1.6,1.7, 0.02279494608421892345995196649
Maine,1 wk ahead,Bin,percent,1.7,1.8, 0.01845136771957737314986403021
Maine,1 wk ahead,Bin,percent,1.8,1.9, 0.01457756640338418729907488114
Maine,1 wk ahead,Bin,percent,1.9,2, 0.01146042310233928718243845424
Maine,1 wk ahead,Bin,percent,2,2.1, 0.00932423246458095184019398971
Maine,1 wk ahead,Bin,percent,2.1,2.2, 0.00831826041415962939840067492
Maine,1 wk ahead,Bin,percent,2.2,2.3, 0.00851158728577614855093091961
Maine,1 wk ahead,Bin,percent,2.3,2.4, 0.00988735009191843254583442757
Maine,1 wk ahead,Bin,percent,2.4,2.5, 0.01233017582004399502471070349
Maine,1 wk ahead,Bin,percent,2.5,2.6, 0.01561374908654942529617759561
Maine,1 wk ahead,Bin,percent,2.6,2.7, 0.01939492385212772049274398967
Maine,1 wk ahead,Bin,percent,2.7,2.8, 0.02323056883065269945243258576
Maine,1 wk ahead,Bin,percent,2.8,2.9, 0.02662388633521180214547285914
Maine,1 wk ahead,Bin,percent,2.9,3, 0.02909985650214727895268573832
Maine,1 wk ahead,Bin,percent,3,3.1, 0.03029072396848262599400314343
Maine,1 wk ahead,Bin,percent,3.1,3.2, 0.03001053841669941782410724329
Maine,1 wk ahead,Bin,percent,3.2,3.3, 0.02829252521840410275477672997
Maine,1 wk ahead,Bin,percent,3.3,3.4, 0.02537858015384525725566255971
Maine,1 wk ahead,Bin,percent,3.4,3.5, 0.02165905970242598330144367935
Maine,1 wk ahead,Bin,percent,3.5,3.6, 0.01758646088552946046279501502
Maine,1 wk ahead,Bin,percent,3.6,3.7, 0.01358568048089683726054044399
Maine,1 wk ahead,Bin,percent,3.7,3.8, 0.00998500966104455198180112063
Maine,1 wk ahead,Bin,percent,3.8,3.9, 0.00698195587174998532481451363
Maine,1 wk ahead,Bin,percent,3.9,4, 0.00464467514460041672880175057
Maine,1 wk ahead,Bin,percent,4,4.1, 0.00293973915414133058279788635
Maine,1 wk ahead,Bin,percent,4.1,4.2, 0.00177022966093716145434544540
Maine,1 wk ahead,Bin,percent,4.2,4.3, 0.00101415497540085206874815871
Maine,1 wk ahead,Bin,percent,4.3,4.4, 0.00055273970704155768809973104
Maine,1 wk ahead,Bin,percent,4.4,4.5, 0.00032995147718995881122930336
Maine,1 wk ahead,Bin,percent,4.5,4.6, 0.00031806719665975044433053887
Maine,1 wk ahead,Bin,percent,4.6,4.7, 0.00031806719665975044433053887
Maine,1 wk ahead,Bin,percent,4.7,4.8, 0.00031806719665975044433053887
Maine,1 wk ahead,Bin,percent,4.8,4.9, 0.00031806719665975044433053887
Maine,1 wk ahead,Bin,percent,4.9,5, 0.00031806719665975044433053887
Maine,1 wk ahead,Bin,percent,5,5.1, 0.00031806719665975044433053887
Maine,1 wk ahead,Bin,percent,5.1,5.2, 0.00031806719665975044433053887
Maine,1 wk ahead,Bin,percent,5.2,5.3, 0.00031806719665975044433053887
Maine,1 wk ahead,Bin,percent,5.3,5.4, 0.00031806719665975044433053887
Maine,1 wk ahead,Bin,percent,5.4,5.5, 0.00031806719665975044433053887
Maine,1 wk ahead,Bin,percent,5.5,5.6, 0.00031806719665975044433053887
Maine,1 wk ahead,Bin,percent,5.6,5.7, 0.00031806719665975044433053887
Maine,1 wk ahead,Bin,percent,5.7,5.8, 0.00031806719665975044433053887
Maine,1 wk ahead,Bin,percent,5.8,5.9, 0.00031806719665975044433053887
Maine,1 wk ahead,Bin,percent,5.9,6, 0.00031806719665975044433053887
Maine,1 wk ahead,Bin,percent,6,6.1, 0.00031806719665975044433053887
Maine,1 wk ahead,Bin,percent,6.1,6.2, 0.00031806719665975044433053887
Maine,1 wk ahead,Bin,percent,6.2,6.3, 0.00031806719665975044433053887
Maine,1 wk ahead,Bin,percent,6.3,6.4, 0.00031806719665975044433053887
Maine,1 wk ahead,Bin,percent,6.4,6.5, 0.00031806719665975044433053887
Maine,1 wk ahead,Bin,percent,6.5,6.6, 0.00031806719665975044433053887
Maine,1 wk ahead,Bin,percent,6.6,6.7, 0.00031806719665975044433053887
Maine,1 wk ahead,Bin,percent,6.7,6.8, 0.00031806719665975044433053887
Maine,1 wk ahead,Bin,percent,6.8,6.9, 0.00031806719665975044433053887
Maine,1 wk ahead,Bin,percent,6.9,7, 0.00031806719665975044433053887
Maine,1 wk ahead,Bin,percent,7,7.1, 0.00031806719665975044433053887
Maine,1 wk ahead,Bin,percent,7.1,7.2, 0.00031806719665975044433053887
Maine,1 wk ahead,Bin,percent,7.2,7.3, 0.00031806719665975044433053887
Maine,1 wk ahead,Bin,percent,7.3,7.4, 0.00031806719665975044433053887
Maine,1 wk ahead,Bin,percent,7.4,7.5, 0.00031806719665975044433053887
Maine,1 wk ahead,Bin,percent,7.5,7.6, 0.00031806719665975044433053887
Maine,1 wk ahead,Bin,percent,7.6,7.7, 0.00031806719665975044433053887
Maine,1 wk ahead,Bin,percent,7.7,7.8, 0.00031806719665975044433053887
Maine,1 wk ahead,Bin,percent,7.8,7.9, 0.00031806719665975044433053887
Maine,1 wk ahead,Bin,percent,7.9,8, 0.00031806719665975044433053887
Maine,1 wk ahead,Bin,percent,8,8.1, 0.00031806719665975331746629595
Maine,1 wk ahead,Bin,percent,8.1,8.2, 0.00031806719665975602797172717
Maine,1 wk ahead,Bin,percent,8.2,8.3, 0.00031806719665975602797172717
Maine,1 wk ahead,Bin,percent,8.3,8.4, 0.00031806719665975602797172717
Maine,1 wk ahead,Bin,percent,8.4,8.5, 0.00031806719665975602797172717
Maine,1 wk ahead,Bin,percent,8.5,8.6, 0.00031806719665975602797172717
Maine,1 wk ahead,Bin,percent,8.6,8.7, 0.00031806719665975602797172717
Maine,1 wk ahead,Bin,percent,8.7,8.8, 0.00031806719665975602797172717
Maine,1 wk ahead,Bin,percent,8.8,8.9, 0.00031806719665975602797172717
Maine,1 wk ahead,Bin,percent,8.9,9, 0.00031806719665975602797172717
Maine,1 wk ahead,Bin,percent,9,9.1, 0.00031806719665975602797172717
Maine,1 wk ahead,Bin,percent,9.1,9.2, 0.00031806719665975602797172717
Maine,1 wk ahead,Bin,percent,9.2,9.3, 0.00031806719665975602797172717
Maine,1 wk ahead,Bin,percent,9.3,9.4, 0.00031806719665975602797172717
Maine,1 wk ahead,Bin,percent,9.4,9.5, 0.00031806719665975602797172717
Maine,1 wk ahead,Bin,percent,9.5,9.6, 0.00031806719665975602797172717
Maine,1 wk ahead,Bin,percent,9.6,9.7, 0.00031806719665975602797172717
Maine,1 wk ahead,Bin,percent,9.7,9.8, 0.00031806719665975602797172717
Maine,1 wk ahead,Bin,percent,9.8,9.9, 0.00031806719665975602797172717
Maine,1 wk ahead,Bin,percent,9.9,10, 0.00031806719665975602797172717
Maine,1 wk ahead,Bin,percent,10,10.1, 0.00031806719665975602797172717
Maine,1 wk ahead,Bin,percent,10.1,10.2, 0.00031806719665975602797172717
Maine,1 wk ahead,Bin,percent,10.2,10.3, 0.00031806719665975602797172717
Maine,1 wk ahead,Bin,percent,10.3,10.4, 0.00031806719665975602797172717
Maine,1 wk ahead,Bin,percent,10.4,10.5, 0.00031806719665975602797172717
Maine,1 wk ahead,Bin,percent,10.5,10.6, 0.00031806719665975602797172717
Maine,1 wk ahead,Bin,percent,10.6,10.7, 0.00031806719665975602797172717
Maine,1 wk ahead,Bin,percent,10.7,10.8, 0.00031806719665975602797172717
Maine,1 wk ahead,Bin,percent,10.8,10.9, 0.00031806719665975602797172717
Maine,1 wk ahead,Bin,percent,10.9,11, 0.00031806719665975602797172717
Maine,1 wk ahead,Bin,percent,11,11.1, 0.00031806719665975602797172717
Maine,1 wk ahead,Bin,percent,11.1,11.2, 0.00031806719665975602797172717
Maine,1 wk ahead,Bin,percent,11.2,11.3, 0.00031806719665975602797172717
Maine,1 wk ahead,Bin,percent,11.3,11.4, 0.00031806719665975602797172717
Maine,1 wk ahead,Bin,percent,11.4,11.5, 0.00031806719665975602797172717
Maine,1 wk ahead,Bin,percent,11.5,11.6, 0.00031806719665975602797172717
Maine,1 wk ahead,Bin,percent,11.6,11.7, 0.00031806719665975602797172717
Maine,1 wk ahead,Bin,percent,11.7,11.8, 0.00031806719665975602797172717
Maine,1 wk ahead,Bin,percent,11.8,11.9, 0.00031806719665975602797172717
Maine,1 wk ahead,Bin,percent,11.9,12, 0.00031806719665975602797172717
Maine,1 wk ahead,Bin,percent,12,12.1, 0.00031806719665975602797172717
Maine,1 wk ahead,Bin,percent,12.1,12.2, 0.00031806719665975602797172717
Maine,1 wk ahead,Bin,percent,12.2,12.3, 0.00031806719665975602797172717
Maine,1 wk ahead,Bin,percent,12.3,12.4, 0.00031806719665975602797172717
Maine,1 wk ahead,Bin,percent,12.4,12.5, 0.00031806719665975602797172717
Maine,1 wk ahead,Bin,percent,12.5,12.6, 0.00031806719665975602797172717
Maine,1 wk ahead,Bin,percent,12.6,12.7, 0.00031806719665975602797172717
Maine,1 wk ahead,Bin,percent,12.7,12.8, 0.00031806719665975602797172717
Maine,1 wk ahead,Bin,percent,12.8,12.9, 0.00031806719665975602797172717
Maine,1 wk ahead,Bin,percent,12.9,13, 0.00031806719665975602797172717
Maine,1 wk ahead,Bin,percent,13,100, 0.00031806719665975602797172717
Maine,2 wk ahead,Bin,percent,0,0.1, 0.00741723977640493074836580689
Maine,2 wk ahead,Bin,percent,0.1,0.2, 0.01628181255631904605918336415
Maine,2 wk ahead,Bin,percent,0.2,0.3, 0.01825573227692155534040985287
Maine,2 wk ahead,Bin,percent,0.3,0.4, 0.02025610274250788656047461700
Maine,2 wk ahead,Bin,percent,0.4,0.5, 0.02225106496511892323342252098
Maine,2 wk ahead,Bin,percent,0.5,0.6, 0.02420825759857113401718464729
Maine,2 wk ahead,Bin,percent,0.6,0.7, 0.02609642204871363141416296116
Maine,2 wk ahead,Bin,percent,0.7,0.8, 0.02788532732971299096802475503
Maine,2 wk ahead,Bin,percent,0.8,0.9, 0.02954763824452403403464373355
Maine,2 wk ahead,Bin,percent,0.9,1, 0.03105811444700003198793325510
Maine,2 wk ahead,Bin,percent,1,1.1, 0.03239482527741011086419575804
Maine,2 wk ahead,Bin,percent,1.1,1.2, 0.03353877122387838305428431340
Maine,2 wk ahead,Bin,percent,1.2,1.3, 0.03447362517715117646854849909
Maine,2 wk ahead,Bin,percent,1.3,1.4, 0.03518692524899863505183361667
Maine,2 wk ahead,Bin,percent,1.4,1.5, 0.03566796395694222382433125063
Maine,2 wk ahead,Bin,percent,1.5,1.6, 0.03591123832707452528945069048
Maine,2 wk ahead,Bin,percent,1.6,1.7, 0.03591326599949740128181474574
Maine,2 wk ahead,Bin,percent,1.7,1.8, 0.03567663786576884266121822975
Maine,2 wk ahead,Bin,percent,1.8,1.9, 0.03520637957900510373043800882
Maine,2 wk ahead,Bin,percent,1.9,2, 0.03451450146224725040733360970
Maine,2 wk ahead,Bin,percent,2,2.1, 0.03361568221918928567326645407
Maine,2 wk ahead,Bin,percent,2.1,2.2, 0.03253048664780617410530183520
Maine,2 wk ahead,Bin,percent,2.2,2.3, 0.03128185821534868599202994233
Maine,2 wk ahead,Bin,percent,2.3,2.4, 0.02989620806212816422897660118
Maine,2 wk ahead,Bin,percent,2.4,2.5, 0.02840086974476271897138701661
Maine,2 wk ahead,Bin,percent,2.5,2.6, 0.02682348048580131608109589081
Maine,2 wk ahead,Bin,percent,2.6,2.7, 0.02519056348523592697707940147
Maine,2 wk ahead,Bin,percent,2.7,2.8, 0.02352637033934846036431487448
Maine,2 wk ahead,Bin,percent,2.8,2.9, 0.02185252657657945143943045707
Maine,2 wk ahead,Bin,percent,2.9,3, 0.02018736501575549291409572561
Maine,2 wk ahead,Bin,percent,3,3.1, 0.01854600926167681435030587522
Maine,2 wk ahead,Bin,percent,3.1,3.2, 0.01694090811949287150861565010
Maine,2 wk ahead,Bin,percent,3.2,3.3, 0.01538180789240804063888745645
Maine,2 wk ahead,Bin,percent,3.3,3.4, 0.01387712561985593104352254556
Maine,2 wk ahead,Bin,percent,3.4,3.5, 0.01243363543453981923114781694
Maine,2 wk ahead,Bin,percent,3.5,3.6, 0.01105796197784615457482271239
Maine,2 wk ahead,Bin,percent,3.6,3.7, 0.00975572118784780520361898937
Maine,2 wk ahead,Bin,percent,3.7,3.8, 0.00853278050252231565209193320
Maine,2 wk ahead,Bin,percent,3.8,3.9, 0.00739400971003775515227873782
Maine,2 wk ahead,Bin,percent,3.9,4, 0.00634397821438870222060524284
Maine,2 wk ahead,Bin,percent,4,4.1, 0.00538606530121517931147812064
Maine,2 wk ahead,Bin,percent,4.1,4.2, 0.00452231057877004131301257317
Maine,2 wk ahead,Bin,percent,4.2,4.3, 0.00375322354820301117353520404
Maine,2 wk ahead,Bin,percent,4.3,4.4, 0.00307733428872370394502322455
Maine,2 wk ahead,Bin,percent,4.4,4.5, 0.00249188310967198662845834001
Maine,2 wk ahead,Bin,percent,4.5,4.6, 0.00199176561544086097588213136
Maine,2 wk ahead,Bin,percent,4.6,4.7, 0.00157115022993742749560230898
Maine,2 wk ahead,Bin,percent,4.7,4.8, 0.00122252313116449559671217173
Maine,2 wk ahead,Bin,percent,4.8,4.9, 0.00093831579088117012844849629
Maine,2 wk ahead,Bin,percent,4.9,5, 0.00071002943178528053237708040
Maine,2 wk ahead,Bin,percent,5,5.1, 0.00052976387067725006808915911
Maine,2 wk ahead,Bin,percent,5.1,5.2, 0.00038955681869227808252972856
Maine,2 wk ahead,Bin,percent,5.2,5.3, 0.00028234964675785797962731527
Maine,2 wk ahead,Bin,percent,5.3,5.4, 0.00020164487521010963574918939
Maine,2 wk ahead,Bin,percent,5.4,5.5, 0.00014190994410007514879221158
Maine,2 wk ahead,Bin,percent,5.5,5.6, 0.00010296068344621446143030002
Maine,2 wk ahead,Bin,percent,5.6,5.7, 0.00009834691091977641383675007
Maine,2 wk ahead,Bin,percent,5.7,5.8, 0.00009834691091977641383675007
Maine,2 wk ahead,Bin,percent,5.8,5.9, 0.00009834691091977641383675007
Maine,2 wk ahead,Bin,percent,5.9,6, 0.00009834691091977641383675007
Maine,2 wk ahead,Bin,percent,6,6.1, 0.00009834691091977641383675007
Maine,2 wk ahead,Bin,percent,6.1,6.2, 0.00009834691091977641383675007
Maine,2 wk ahead,Bin,percent,6.2,6.3, 0.00009834691091977641383675007
Maine,2 wk ahead,Bin,percent,6.3,6.4, 0.00009834691091977641383675007
Maine,2 wk ahead,Bin,percent,6.4,6.5, 0.00009834691091977641383675007
Maine,2 wk ahead,Bin,percent,6.5,6.6, 0.00009834691091977641383675007
Maine,2 wk ahead,Bin,percent,6.6,6.7, 0.00009834691091977641383675007
Maine,2 wk ahead,Bin,percent,6.7,6.8, 0.00009834691091977641383675007
Maine,2 wk ahead,Bin,percent,6.8,6.9, 0.00009834691091977641383675007
Maine,2 wk ahead,Bin,percent,6.9,7, 0.00009834691091977641383675007
Maine,2 wk ahead,Bin,percent,7,7.1, 0.00009834691091977641383675007
Maine,2 wk ahead,Bin,percent,7.1,7.2, 0.00009834691091977641383675007
Maine,2 wk ahead,Bin,percent,7.2,7.3, 0.00009834691091977641383675007
Maine,2 wk ahead,Bin,percent,7.3,7.4, 0.00009834691091977641383675007
Maine,2 wk ahead,Bin,percent,7.4,7.5, 0.00009834691091977641383675007
Maine,2 wk ahead,Bin,percent,7.5,7.6, 0.00009834691091977641383675007
Maine,2 wk ahead,Bin,percent,7.6,7.7, 0.00009834691091977641383675007
Maine,2 wk ahead,Bin,percent,7.7,7.8, 0.00009834691091977641383675007
Maine,2 wk ahead,Bin,percent,7.8,7.9, 0.00009834691091977641383675007
Maine,2 wk ahead,Bin,percent,7.9,8, 0.00009834691091977641383675007
Maine,2 wk ahead,Bin,percent,8,8.1, 0.00009834691091977726764596091
Maine,2 wk ahead,Bin,percent,8.1,8.2, 0.00009834691091977814856022605
Maine,2 wk ahead,Bin,percent,8.2,8.3, 0.00009834691091977814856022605
Maine,2 wk ahead,Bin,percent,8.3,8.4, 0.00009834691091977814856022605
Maine,2 wk ahead,Bin,percent,8.4,8.5, 0.00009834691091977814856022605
Maine,2 wk ahead,Bin,percent,8.5,8.6, 0.00009834691091977814856022605
Maine,2 wk ahead,Bin,percent,8.6,8.7, 0.00009834691091977814856022605
Maine,2 wk ahead,Bin,percent,8.7,8.8, 0.00009834691091977814856022605
Maine,2 wk ahead,Bin,percent,8.8,8.9, 0.00009834691091977814856022605
Maine,2 wk ahead,Bin,percent,8.9,9, 0.00009834691091977814856022605
Maine,2 wk ahead,Bin,percent,9,9.1, 0.00009834691091977814856022605
Maine,2 wk ahead,Bin,percent,9.1,9.2, 0.00009834691091977814856022605
Maine,2 wk ahead,Bin,percent,9.2,9.3, 0.00009834691091977814856022605
Maine,2 wk ahead,Bin,percent,9.3,9.4, 0.00009834691091977814856022605
Maine,2 wk ahead,Bin,percent,9.4,9.5, 0.00009834691091977814856022605
Maine,2 wk ahead,Bin,percent,9.5,9.6, 0.00009834691091977814856022605
Maine,2 wk ahead,Bin,percent,9.6,9.7, 0.00009834691091977814856022605
Maine,2 wk ahead,Bin,percent,9.7,9.8, 0.00009834691091977814856022605
Maine,2 wk ahead,Bin,percent,9.8,9.9, 0.00009834691091977814856022605
Maine,2 wk ahead,Bin,percent,9.9,10, 0.00009834691091977814856022605
Maine,2 wk ahead,Bin,percent,10,10.1, 0.00009834691091977814856022605
Maine,2 wk ahead,Bin,percent,10.1,10.2, 0.00009834691091977814856022605
Maine,2 wk ahead,Bin,percent,10.2,10.3, 0.00009834691091977814856022605
Maine,2 wk ahead,Bin,percent,10.3,10.4, 0.00009834691091977814856022605
Maine,2 wk ahead,Bin,percent,10.4,10.5, 0.00009834691091977814856022605
Maine,2 wk ahead,Bin,percent,10.5,10.6, 0.00009834691091977814856022605
Maine,2 wk ahead,Bin,percent,10.6,10.7, 0.00009834691091977814856022605
Maine,2 wk ahead,Bin,percent,10.7,10.8, 0.00009834691091977814856022605
Maine,2 wk ahead,Bin,percent,10.8,10.9, 0.00009834691091977814856022605
Maine,2 wk ahead,Bin,percent,10.9,11, 0.00009834691091977814856022605
Maine,2 wk ahead,Bin,percent,11,11.1, 0.00009834691091977814856022605
Maine,2 wk ahead,Bin,percent,11.1,11.2, 0.00009834691091977814856022605
Maine,2 wk ahead,Bin,percent,11.2,11.3, 0.00009834691091977814856022605
Maine,2 wk ahead,Bin,percent,11.3,11.4, 0.00009834691091977814856022605
Maine,2 wk ahead,Bin,percent,11.4,11.5, 0.00009834691091977814856022605
Maine,2 wk ahead,Bin,percent,11.5,11.6, 0.00009834691091977814856022605
Maine,2 wk ahead,Bin,percent,11.6,11.7, 0.00009834691091977814856022605
Maine,2 wk ahead,Bin,percent,11.7,11.8, 0.00009834691091977814856022605
Maine,2 wk ahead,Bin,percent,11.8,11.9, 0.00009834691091977814856022605
Maine,2 wk ahead,Bin,percent,11.9,12, 0.00009834691091977814856022605
Maine,2 wk ahead,Bin,percent,12,12.1, 0.00009834691091977814856022605
Maine,2 wk ahead,Bin,percent,12.1,12.2, 0.00009834691091977814856022605
Maine,2 wk ahead,Bin,percent,12.2,12.3, 0.00009834691091977814856022605
Maine,2 wk ahead,Bin,percent,12.3,12.4, 0.00009834691091977814856022605
Maine,2 wk ahead,Bin,percent,12.4,12.5, 0.00009834691091977814856022605
Maine,2 wk ahead,Bin,percent,12.5,12.6, 0.00009834691091977814856022605
Maine,2 wk ahead,Bin,percent,12.6,12.7, 0.00009834691091977814856022605
Maine,2 wk ahead,Bin,percent,12.7,12.8, 0.00009834691091977814856022605
Maine,2 wk ahead,Bin,percent,12.8,12.9, 0.00009834691091977814856022605
Maine,2 wk ahead,Bin,percent,12.9,13, 0.00009834691091977814856022605
Maine,2 wk ahead,Bin,percent,13,100, 0.00009834691091977814856022605
Maine,3 wk ahead,Bin,percent,0,0.1, 0.00416543895543840681644498503
Maine,3 wk ahead,Bin,percent,0.1,0.2, 0.01597646598465838480018774703
Maine,3 wk ahead,Bin,percent,0.2,0.3, 0.02854805650993873927800947854
Maine,3 wk ahead,Bin,percent,0.3,0.4, 0.03784826443091154207776227736
Maine,3 wk ahead,Bin,percent,0.4,0.5, 0.03723127973944206220435759747
Maine,3 wk ahead,Bin,percent,0.5,0.6, 0.02717347611881429023106271359
Maine,3 wk ahead,Bin,percent,0.6,0.7, 0.01471500469768144241100582548
Maine,3 wk ahead,Bin,percent,0.7,0.8, 0.00591740825438865757773809761
Maine,3 wk ahead,Bin,percent,0.8,0.9, 0.00181713294228451902392884598
Maine,3 wk ahead,Bin,percent,0.9,1, 0.00074745901827476084189338934
Maine,3 wk ahead,Bin,percent,1,1.1, 0.00175730588164146818604127720
Maine,3 wk ahead,Bin,percent,1.1,1.2, 0.00594573526382355214969788193
Maine,3 wk ahead,Bin,percent,1.2,1.3, 0.01545121258640623149172022011
Maine,3 wk ahead,Bin,percent,1.3,1.4, 0.02992425371970706612922974443
Maine,3 wk ahead,Bin,percent,1.4,1.5, 0.04358185695285229921402958553
Maine,3 wk ahead,Bin,percent,1.5,1.6, 0.04961422330421526305510582233
Maine,3 wk ahead,Bin,percent,1.6,1.7, 0.04999125509640049702664299502
Maine,3 wk ahead,Bin,percent,1.7,1.8, 0.05580422012364592843081112505
Maine,3 wk ahead,Bin,percent,1.8,1.9, 0.07269334522696190015178530075
Maine,3 wk ahead,Bin,percent,1.9,2, 0.08958681289571940320470844199
Maine,3 wk ahead,Bin,percent,2,2.1, 0.08899720657447859895050612522
Maine,3 wk ahead,Bin,percent,2.1,2.2, 0.06741505057989817528696363524
Maine,3 wk ahead,Bin,percent,2.2,2.3, 0.03835427023590824019416700708
Maine,3 wk ahead,Bin,percent,2.3,2.4, 0.01632056992993869207198009974
Maine,3 wk ahead,Bin,percent,2.4,2.5, 0.00518709254517642215365214042
Maine,3 wk ahead,Bin,percent,2.5,2.6, 0.00123043334460908688685054635
Maine,3 wk ahead,Bin,percent,2.6,2.7, 0.00022751606620631094975333586
Maine,3 wk ahead,Bin,percent,2.7,2.8, 0.00010812766862430027100822755
Maine,3 wk ahead,Bin,percent,2.8,2.9, 0.00046310378045517506997302837
Maine,3 wk ahead,Bin,percent,2.9,3, 0.00197538494368892187866282306
Maine,3 wk ahead,Bin,percent,3,3.1, 0.00628449121254477226922174893
Maine,3 wk ahead,Bin,percent,3.1,3.2, 0.01483020812957113257479768720
Maine,3 wk ahead,Bin,percent,3.2,3.3, 0.02596165448325603655743698539
Maine,3 wk ahead,Bin,percent,3.3,3.4, 0.03371899717872061524870375138
Maine,3 wk ahead,Bin,percent,3.4,3.5, 0.03249557207032272715396814533
Maine,3 wk ahead,Bin,percent,3.5,3.6, 0.02323550126208053998033697951
Maine,3 wk ahead,Bin,percent,3.6,3.7, 0.01232595337520139312792455399
Maine,3 wk ahead,Bin,percent,3.7,3.8, 0.00485107886584783785932639688
Maine,3 wk ahead,Bin,percent,3.8,3.9, 0.00141563303249250187036689663
Maine,3 wk ahead,Bin,percent,3.9,4, 0.00042388249822907718119061049
Maine,3 wk ahead,Bin,percent,4,4.1, 0.00039217653318178853595263322
Maine,3 wk ahead,Bin,percent,4.1,4.2, 0.00039217653318178853595263322
Maine,3 wk ahead,Bin,percent,4.2,4.3, 0.00039217653318178853595263322
Maine,3 wk ahead,Bin,percent,4.3,4.4, 0.00039217653318178853595263322
Maine,3 wk ahead,Bin,percent,4.4,4.5, 0.00039217653318178853595263322
Maine,3 wk ahead,Bin,percent,4.5,4.6, 0.00039217653318178853595263322
Maine,3 wk ahead,Bin,percent,4.6,4.7, 0.00039217653318178853595263322
Maine,3 wk ahead,Bin,percent,4.7,4.8, 0.00039217653318178853595263322
Maine,3 wk ahead,Bin,percent,4.8,4.9, 0.00039217653318178853595263322
Maine,3 wk ahead,Bin,percent,4.9,5, 0.00039217653318178853595263322
Maine,3 wk ahead,Bin,percent,5,5.1, 0.00039217653318178853595263322
Maine,3 wk ahead,Bin,percent,5.1,5.2, 0.00039217653318178853595263322
Maine,3 wk ahead,Bin,percent,5.2,5.3, 0.00039217653318178853595263322
Maine,3 wk ahead,Bin,percent,5.3,5.4, 0.00039217653318178853595263322
Maine,3 wk ahead,Bin,percent,5.4,5.5, 0.00039217653318178853595263322
Maine,3 wk ahead,Bin,percent,5.5,5.6, 0.00039217653318178853595263322
Maine,3 wk ahead,Bin,percent,5.6,5.7, 0.00039217653318178853595263322
Maine,3 wk ahead,Bin,percent,5.7,5.8, 0.00039217653318178853595263322
Maine,3 wk ahead,Bin,percent,5.8,5.9, 0.00039217653318178853595263322
Maine,3 wk ahead,Bin,percent,5.9,6, 0.00039217653318178853595263322
Maine,3 wk ahead,Bin,percent,6,6.1, 0.00039217653318178853595263322
Maine,3 wk ahead,Bin,percent,6.1,6.2, 0.00039217653318178853595263322
Maine,3 wk ahead,Bin,percent,6.2,6.3, 0.00039217653318178853595263322
Maine,3 wk ahead,Bin,percent,6.3,6.4, 0.00039217653318178853595263322
Maine,3 wk ahead,Bin,percent,6.4,6.5, 0.00039217653318178853595263322
Maine,3 wk ahead,Bin,percent,6.5,6.6, 0.00039217653318178853595263322
Maine,3 wk ahead,Bin,percent,6.6,6.7, 0.00039217653318178853595263322
Maine,3 wk ahead,Bin,percent,6.7,6.8, 0.00039217653318178853595263322
Maine,3 wk ahead,Bin,percent,6.8,6.9, 0.00039217653318178853595263322
Maine,3 wk ahead,Bin,percent,6.9,7, 0.00039217653318178853595263322
Maine,3 wk ahead,Bin,percent,7,7.1, 0.00039217653318178853595263322
Maine,3 wk ahead,Bin,percent,7.1,7.2, 0.00039217653318178853595263322
Maine,3 wk ahead,Bin,percent,7.2,7.3, 0.00039217653318178853595263322
Maine,3 wk ahead,Bin,percent,7.3,7.4, 0.00039217653318178853595263322
Maine,3 wk ahead,Bin,percent,7.4,7.5, 0.00039217653318178853595263322
Maine,3 wk ahead,Bin,percent,7.5,7.6, 0.00039217653318178853595263322
Maine,3 wk ahead,Bin,percent,7.6,7.7, 0.00039217653318178853595263322
Maine,3 wk ahead,Bin,percent,7.7,7.8, 0.00039217653318178853595263322
Maine,3 wk ahead,Bin,percent,7.8,7.9, 0.00039217653318178853595263322
Maine,3 wk ahead,Bin,percent,7.9,8, 0.00039217653318178853595263322
Maine,3 wk ahead,Bin,percent,8,8.1, 0.00039217653318179205960969380
Maine,3 wk ahead,Bin,percent,8.1,8.2, 0.00039217653318179558326675438
Maine,3 wk ahead,Bin,percent,8.2,8.3, 0.00039217653318179558326675438
Maine,3 wk ahead,Bin,percent,8.3,8.4, 0.00039217653318179558326675438
Maine,3 wk ahead,Bin,percent,8.4,8.5, 0.00039217653318179558326675438
Maine,3 wk ahead,Bin,percent,8.5,8.6, 0.00039217653318179558326675438
Maine,3 wk ahead,Bin,percent,8.6,8.7, 0.00039217653318179558326675438
Maine,3 wk ahead,Bin,percent,8.7,8.8, 0.00039217653318179558326675438
Maine,3 wk ahead,Bin,percent,8.8,8.9, 0.00039217653318179558326675438
Maine,3 wk ahead,Bin,percent,8.9,9, 0.00039217653318179558326675438
Maine,3 wk ahead,Bin,percent,9,9.1, 0.00039217653318179558326675438
Maine,3 wk ahead,Bin,percent,9.1,9.2, 0.00039217653318179558326675438
Maine,3 wk ahead,Bin,percent,9.2,9.3, 0.00039217653318179558326675438
Maine,3 wk ahead,Bin,percent,9.3,9.4, 0.00039217653318179558326675438
Maine,3 wk ahead,Bin,percent,9.4,9.5, 0.00039217653318179558326675438
Maine,3 wk ahead,Bin,percent,9.5,9.6, 0.00039217653318179558326675438
Maine,3 wk ahead,Bin,percent,9.6,9.7, 0.00039217653318179558326675438
Maine,3 wk ahead,Bin,percent,9.7,9.8, 0.00039217653318179558326675438
Maine,3 wk ahead,Bin,percent,9.8,9.9, 0.00039217653318179558326675438
Maine,3 wk ahead,Bin,percent,9.9,10, 0.00039217653318179558326675438
Maine,3 wk ahead,Bin,percent,10,10.1, 0.00039217653318179558326675438
Maine,3 wk ahead,Bin,percent,10.1,10.2, 0.00039217653318179558326675438
Maine,3 wk ahead,Bin,percent,10.2,10.3, 0.00039217653318179558326675438
Maine,3 wk ahead,Bin,percent,10.3,10.4, 0.00039217653318179558326675438
Maine,3 wk ahead,Bin,percent,10.4,10.5, 0.00039217653318179558326675438
Maine,3 wk ahead,Bin,percent,10.5,10.6, 0.00039217653318179558326675438
Maine,3 wk ahead,Bin,percent,10.6,10.7, 0.00039217653318179558326675438
Maine,3 wk ahead,Bin,percent,10.7,10.8, 0.00039217653318179558326675438
Maine,3 wk ahead,Bin,percent,10.8,10.9, 0.00039217653318179558326675438
Maine,3 wk ahead,Bin,percent,10.9,11, 0.00039217653318179558326675438
Maine,3 wk ahead,Bin,percent,11,11.1, 0.00039217653318179558326675438
Maine,3 wk ahead,Bin,percent,11.1,11.2, 0.00039217653318179558326675438
Maine,3 wk ahead,Bin,percent,11.2,11.3, 0.00039217653318179558326675438
Maine,3 wk ahead,Bin,percent,11.3,11.4, 0.00039217653318179558326675438
Maine,3 wk ahead,Bin,percent,11.4,11.5, 0.00039217653318179558326675438
Maine,3 wk ahead,Bin,percent,11.5,11.6, 0.00039217653318179558326675438
Maine,3 wk ahead,Bin,percent,11.6,11.7, 0.00039217653318179558326675438
Maine,3 wk ahead,Bin,percent,11.7,11.8, 0.00039217653318179558326675438
Maine,3 wk ahead,Bin,percent,11.8,11.9, 0.00039217653318179558326675438
Maine,3 wk ahead,Bin,percent,11.9,12, 0.00039217653318179558326675438
Maine,3 wk ahead,Bin,percent,12,12.1, 0.00039217653318179558326675438
Maine,3 wk ahead,Bin,percent,12.1,12.2, 0.00039217653318179558326675438
Maine,3 wk ahead,Bin,percent,12.2,12.3, 0.00039217653318179558326675438
Maine,3 wk ahead,Bin,percent,12.3,12.4, 0.00039217653318179558326675438
Maine,3 wk ahead,Bin,percent,12.4,12.5, 0.00039217653318179558326675438
Maine,3 wk ahead,Bin,percent,12.5,12.6, 0.00039217653318179558326675438
Maine,3 wk ahead,Bin,percent,12.6,12.7, 0.00039217653318179558326675438
Maine,3 wk ahead,Bin,percent,12.7,12.8, 0.00039217653318179558326675438
Maine,3 wk ahead,Bin,percent,12.8,12.9, 0.00039217653318179558326675438
Maine,3 wk ahead,Bin,percent,12.9,13, 0.00039217653318179558326675438
Maine,3 wk ahead,Bin,percent,13,100, 0.00039217653318179558326675438
Maine,4 wk ahead,Bin,percent,0,0.1, 0.00036523072686899698321288943
Maine,4 wk ahead,Bin,percent,0.1,0.2, 0.00138887095254632475169187522
Maine,4 wk ahead,Bin,percent,0.2,0.3, 0.01069060921726400388565014765
Maine,4 wk ahead,Bin,percent,0.3,0.4, 0.03900818853423014542780578040
Maine,4 wk ahead,Bin,percent,0.4,0.5, 0.06231715598037002729059352646
Maine,4 wk ahead,Bin,percent,0.5,0.6, 0.04369506012668109701246876853
Maine,4 wk ahead,Bin,percent,0.6,0.7, 0.01342240653020000153150537159
Maine,4 wk ahead,Bin,percent,0.7,0.8, 0.00179594725476075111822438224
Maine,4 wk ahead,Bin,percent,0.8,0.9, 0.00010375207684377828068825189
Maine,4 wk ahead,Bin,percent,0.9,1, 0.00000257121901502757991373892
Maine,4 wk ahead,Bin,percent,1,1.1, 0.00000016121740925720015977257
Maine,4 wk ahead,Bin,percent,1.1,1.2, 0.00001092024562255367554973289
Maine,4 wk ahead,Bin,percent,1.2,1.3, 0.00037940099182078295281944635
Maine,4 wk ahead,Bin,percent,1.3,1.4, 0.00565787685429798049840943719
Maine,4 wk ahead,Bin,percent,1.4,1.5, 0.03652740200124144492876965273
Maine,4 wk ahead,Bin,percent,1.5,1.6, 0.10293022835470856668482753093
Maine,4 wk ahead,Bin,percent,1.6,1.7, 0.12750680739430597654404664354
Maine,4 wk ahead,Bin,percent,1.7,1.8, 0.07328203034253594205793547189
Maine,4 wk ahead,Bin,percent,1.8,1.9, 0.04294804612987681430302799868
Maine,4 wk ahead,Bin,percent,1.9,2, 0.07449588627247795413754971605
Maine,4 wk ahead,Bin,percent,2,2.1, 0.08768014707297785981232607355
Maine,4 wk ahead,Bin,percent,2.1,2.2, 0.04629635425548631055825410385
Maine,4 wk ahead,Bin,percent,2.2,2.3, 0.01091681652749630464238617122
Maine,4 wk ahead,Bin,percent,2.3,2.4, 0.00404100954774240603978308073
Maine,4 wk ahead,Bin,percent,2.4,2.5, 0.01774249220949829577986811557
Maine,4 wk ahead,Bin,percent,2.5,2.6, 0.04607907236242649723356734626
Maine,4 wk ahead,Bin,percent,2.6,2.7, 0.05261353296554063113665833384
Maine,4 wk ahead,Bin,percent,2.7,2.8, 0.02636191596161162331579674856
Maine,4 wk ahead,Bin,percent,2.8,2.9, 0.00577524424059865440495009636
Maine,4 wk ahead,Bin,percent,2.9,3, 0.00078797944008959406540087977
Maine,4 wk ahead,Bin,percent,3,3.1, 0.00064531567320251243674578134
Maine,4 wk ahead,Bin,percent,3.1,3.2, 0.00064531567320251243674578134
Maine,4 wk ahead,Bin,percent,3.2,3.3, 0.00064531567320251243674578134
Maine,4 wk ahead,Bin,percent,3.3,3.4, 0.00064531567320251243674578134
Maine,4 wk ahead,Bin,percent,3.4,3.5, 0.00064531567320251243674578134
Maine,4 wk ahead,Bin,percent,3.5,3.6, 0.00064531567320251243674578134
Maine,4 wk ahead,Bin,percent,3.6,3.7, 0.00064531567320251243674578134
Maine,4 wk ahead,Bin,percent,3.7,3.8, 0.00064531567320251243674578134
Maine,4 wk ahead,Bin,percent,3.8,3.9, 0.00064531567320251243674578134
Maine,4 wk ahead,Bin,percent,3.9,4, 0.00064531567320251243674578134
Maine,4 wk ahead,Bin,percent,4,4.1, 0.00064531567320251243674578134
Maine,4 wk ahead,Bin,percent,4.1,4.2, 0.00064531567320251243674578134
Maine,4 wk ahead,Bin,percent,4.2,4.3, 0.00064531567320251243674578134
Maine,4 wk ahead,Bin,percent,4.3,4.4, 0.00064531567320251243674578134
Maine,4 wk ahead,Bin,percent,4.4,4.5, 0.00064531567320251243674578134
Maine,4 wk ahead,Bin,percent,4.5,4.6, 0.00064531567320251243674578134
Maine,4 wk ahead,Bin,percent,4.6,4.7, 0.00064531567320251243674578134
Maine,4 wk ahead,Bin,percent,4.7,4.8, 0.00064531567320251243674578134
Maine,4 wk ahead,Bin,percent,4.8,4.9, 0.00064531567320251243674578134
Maine,4 wk ahead,Bin,percent,4.9,5, 0.00064531567320251243674578134
Maine,4 wk ahead,Bin,percent,5,5.1, 0.00064531567320251243674578134
Maine,4 wk ahead,Bin,percent,5.1,5.2, 0.00064531567320251243674578134
Maine,4 wk ahead,Bin,percent,5.2,5.3, 0.00064531567320251243674578134
Maine,4 wk ahead,Bin,percent,5.3,5.4, 0.00064531567320251243674578134
Maine,4 wk ahead,Bin,percent,5.4,5.5, 0.00064531567320251243674578134
Maine,4 wk ahead,Bin,percent,5.5,5.6, 0.00064531567320251243674578134
Maine,4 wk ahead,Bin,percent,5.6,5.7, 0.00064531567320251243674578134
Maine,4 wk ahead,Bin,percent,5.7,5.8, 0.00064531567320251243674578134
Maine,4 wk ahead,Bin,percent,5.8,5.9, 0.00064531567320251243674578134
Maine,4 wk ahead,Bin,percent,5.9,6, 0.00064531567320251243674578134
Maine,4 wk ahead,Bin,percent,6,6.1, 0.00064531567320251243674578134
Maine,4 wk ahead,Bin,percent,6.1,6.2, 0.00064531567320251243674578134
Maine,4 wk ahead,Bin,percent,6.2,6.3, 0.00064531567320251243674578134
Maine,4 wk ahead,Bin,percent,6.3,6.4, 0.00064531567320251243674578134
Maine,4 wk ahead,Bin,percent,6.4,6.5, 0.00064531567320251243674578134
Maine,4 wk ahead,Bin,percent,6.5,6.6, 0.00064531567320251243674578134
Maine,4 wk ahead,Bin,percent,6.6,6.7, 0.00064531567320251243674578134
Maine,4 wk ahead,Bin,percent,6.7,6.8, 0.00064531567320251243674578134
Maine,4 wk ahead,Bin,percent,6.8,6.9, 0.00064531567320251243674578134
Maine,4 wk ahead,Bin,percent,6.9,7, 0.00064531567320251243674578134
Maine,4 wk ahead,Bin,percent,7,7.1, 0.00064531567320251243674578134
Maine,4 wk ahead,Bin,percent,7.1,7.2, 0.00064531567320251243674578134
Maine,4 wk ahead,Bin,percent,7.2,7.3, 0.00064531567320251243674578134
Maine,4 wk ahead,Bin,percent,7.3,7.4, 0.00064531567320251243674578134
Maine,4 wk ahead,Bin,percent,7.4,7.5, 0.00064531567320251243674578134
Maine,4 wk ahead,Bin,percent,7.5,7.6, 0.00064531567320251243674578134
Maine,4 wk ahead,Bin,percent,7.6,7.7, 0.00064531567320251243674578134
Maine,4 wk ahead,Bin,percent,7.7,7.8, 0.00064531567320251243674578134
Maine,4 wk ahead,Bin,percent,7.8,7.9, 0.00064531567320251243674578134
Maine,4 wk ahead,Bin,percent,7.9,8, 0.00064531567320251243674578134
Maine,4 wk ahead,Bin,percent,8,8.1, 0.00064531567320251818301729552
Maine,4 wk ahead,Bin,percent,8.1,8.2, 0.00064531567320252392928880969
Maine,4 wk ahead,Bin,percent,8.2,8.3, 0.00064531567320252392928880969
Maine,4 wk ahead,Bin,percent,8.3,8.4, 0.00064531567320252392928880969
Maine,4 wk ahead,Bin,percent,8.4,8.5, 0.00064531567320252392928880969
Maine,4 wk ahead,Bin,percent,8.5,8.6, 0.00064531567320252392928880969
Maine,4 wk ahead,Bin,percent,8.6,8.7, 0.00064531567320252392928880969
Maine,4 wk ahead,Bin,percent,8.7,8.8, 0.00064531567320252392928880969
Maine,4 wk ahead,Bin,percent,8.8,8.9, 0.00064531567320252392928880969
Maine,4 wk ahead,Bin,percent,8.9,9, 0.00064531567320252392928880969
Maine,4 wk ahead,Bin,percent,9,9.1, 0.00064531567320252392928880969
Maine,4 wk ahead,Bin,percent,9.1,9.2, 0.00064531567320252392928880969
Maine,4 wk ahead,Bin,percent,9.2,9.3, 0.00064531567320252392928880969
Maine,4 wk ahead,Bin,percent,9.3,9.4, 0.00064531567320252392928880969
Maine,4 wk ahead,Bin,percent,9.4,9.5, 0.00064531567320252392928880969
Maine,4 wk ahead,Bin,percent,9.5,9.6, 0.00064531567320252392928880969
Maine,4 wk ahead,Bin,percent,9.6,9.7, 0.00064531567320252392928880969
Maine,4 wk ahead,Bin,percent,9.7,9.8, 0.00064531567320252392928880969
Maine,4 wk ahead,Bin,percent,9.8,9.9, 0.00064531567320252392928880969
Maine,4 wk ahead,Bin,percent,9.9,10, 0.00064531567320252392928880969
Maine,4 wk ahead,Bin,percent,10,10.1, 0.00064531567320252392928880969
Maine,4 wk ahead,Bin,percent,10.1,10.2, 0.00064531567320252392928880969
Maine,4 wk ahead,Bin,percent,10.2,10.3, 0.00064531567320252392928880969
Maine,4 wk ahead,Bin,percent,10.3,10.4, 0.00064531567320252392928880969
Maine,4 wk ahead,Bin,percent,10.4,10.5, 0.00064531567320252392928880969
Maine,4 wk ahead,Bin,percent,10.5,10.6, 0.00064531567320252392928880969
Maine,4 wk ahead,Bin,percent,10.6,10.7, 0.00064531567320252392928880969
Maine,4 wk ahead,Bin,percent,10.7,10.8, 0.00064531567320252392928880969
Maine,4 wk ahead,Bin,percent,10.8,10.9, 0.00064531567320252392928880969
Maine,4 wk ahead,Bin,percent,10.9,11, 0.00064531567320252392928880969
Maine,4 wk ahead,Bin,percent,11,11.1, 0.00064531567320252392928880969
Maine,4 wk ahead,Bin,percent,11.1,11.2, 0.00064531567320252392928880969
Maine,4 wk ahead,Bin,percent,11.2,11.3, 0.00064531567320252392928880969
Maine,4 wk ahead,Bin,percent,11.3,11.4, 0.00064531567320252392928880969
Maine,4 wk ahead,Bin,percent,11.4,11.5, 0.00064531567320252392928880969
Maine,4 wk ahead,Bin,percent,11.5,11.6, 0.00064531567320252392928880969
Maine,4 wk ahead,Bin,percent,11.6,11.7, 0.00064531567320252392928880969
Maine,4 wk ahead,Bin,percent,11.7,11.8, 0.00064531567320252392928880969
Maine,4 wk ahead,Bin,percent,11.8,11.9, 0.00064531567320252392928880969
Maine,4 wk ahead,Bin,percent,11.9,12, 0.00064531567320252392928880969
Maine,4 wk ahead,Bin,percent,12,12.1, 0.00064531567320252392928880969
Maine,4 wk ahead,Bin,percent,12.1,12.2, 0.00064531567320252392928880969
Maine,4 wk ahead,Bin,percent,12.2,12.3, 0.00064531567320252392928880969
Maine,4 wk ahead,Bin,percent,12.3,12.4, 0.00064531567320252392928880969
Maine,4 wk ahead,Bin,percent,12.4,12.5, 0.00064531567320252392928880969
Maine,4 wk ahead,Bin,percent,12.5,12.6, 0.00064531567320252392928880969
Maine,4 wk ahead,Bin,percent,12.6,12.7, 0.00064531567320252392928880969
Maine,4 wk ahead,Bin,percent,12.7,12.8, 0.00064531567320252392928880969
Maine,4 wk ahead,Bin,percent,12.8,12.9, 0.00064531567320252392928880969
Maine,4 wk ahead,Bin,percent,12.9,13, 0.00064531567320252392928880969
Maine,4 wk ahead,Bin,percent,13,100, 0.00064531567320252392928880969
Maryland,Season peak week,Bin,week,40,41, 0.00089882723720407738977888901
Maryland,Season peak week,Bin,week,41,42, 0.00089882723720407738977888901
Maryland,Season peak week,Bin,week,42,43, 0.00089882723720407738977888901
Maryland,Season peak week,Bin,week,43,44, 0.00089882723720407738977888901
Maryland,Season peak week,Bin,week,44,45, 0.00089882723720407738977888901
Maryland,Season peak week,Bin,week,45,46, 0.00089882723720407738977888901
Maryland,Season peak week,Bin,week,46,47, 0.00089882723720407738977888901
Maryland,Season peak week,Bin,week,47,48, 0.00089882723720407738977888901
Maryland,Season peak week,Bin,week,48,49, 0.00089882723720407738977888901
Maryland,Season peak week,Bin,week,49,50, 0.00089882723720407738977888901
Maryland,Season peak week,Bin,week,50,51, 0.00377167895027271044341987682
Maryland,Season peak week,Bin,week,51,52, 0.04422504252701738719499857666
Maryland,Season peak week,Bin,week,52,53, 0.17084867966432717989455625229
Maryland,Season peak week,Bin,week,1,2, 0.24768818654301594239797168484
Maryland,Season peak week,Bin,week,2,3, 0.15260261312076167650175761992
Maryland,Season peak week,Bin,week,3,4, 0.11819926357434618058306341482
Maryland,Season peak week,Bin,week,4,5, 0.05117788780223865574559027891
Maryland,Season peak week,Bin,week,5,6, 0.00520071707110492543330027004
Maryland,Season peak week,Bin,week,6,7, 0.00010858579421416634808866819
Maryland,Season peak week,Bin,week,7,8, 0.00000081914975897443950916295
Maryland,Season peak week,Bin,week,8,9, 0.00009318058148344453739571336
Maryland,Season peak week,Bin,week,9,10, 0.00446206030173092182966598784
Maryland,Season peak week,Bin,week,10,11, 0.04372922412501050598576668449
Maryland,Season peak week,Bin,week,11,12, 0.09276572388786326339715770928
Maryland,Season peak week,Bin,week,12,13, 0.04372977987340299216301175989
Maryland,Season peak week,Bin,week,13,14, 0.00455039679019895830502928646
Maryland,Season peak week,Bin,week,14,15, 0.00112255541017303064714460969
Maryland,Season peak week,Bin,week,15,16, 0.00112255541017303064714460969
Maryland,Season peak week,Bin,week,16,17, 0.00112255541017303064714460969
Maryland,Season peak week,Bin,week,17,18, 0.00112255541017303064714460969
Maryland,Season peak week,Bin,week,18,19, 0.00112255541017303064714460969
Maryland,Season peak week,Bin,week,19,20, 0.00112255541017303064714460969
Maryland,Season peak week,Bin,week,20,21, 0.00112255541017303064714460969
Maryland,Season peak percentage,Bin,percent,0,0.1, 0.00008538966639249426498082390
Maryland,Season peak percentage,Bin,percent,0.1,0.2, 0.00017077933278498855706670212
Maryland,Season peak percentage,Bin,percent,0.2,0.3, 0.00017077933278498844864648487
Maryland,Season peak percentage,Bin,percent,0.3,0.4, 0.00017077933278498844864648487
Maryland,Season peak percentage,Bin,percent,0.4,0.5, 0.00017077933278498844864648487
Maryland,Season peak percentage,Bin,percent,0.5,0.6, 0.00017686688930331582601980511
Maryland,Season peak percentage,Bin,percent,0.6,0.7, 0.00023909539106958794087501308
Maryland,Season peak percentage,Bin,percent,0.7,0.8, 0.00033663802885617124822231760
Maryland,Season peak percentage,Bin,percent,0.8,0.9, 0.00046735100164178796115430070
Maryland,Season peak percentage,Bin,percent,0.9,1, 0.00063986752934229148073730364
Maryland,Season peak percentage,Bin,percent,1,1.1, 0.00086412712580515884091408862
Maryland,Season peak percentage,Bin,percent,1.1,1.2, 0.00115104759115405115219021859
Maryland,Season peak percentage,Bin,percent,1.2,1.3, 0.00151241478635282607274892275
Maryland,Season peak percentage,Bin,percent,1.3,1.4, 0.00196069226470963050776297187
Maryland,Season peak percentage,Bin,percent,1.4,1.5, 0.00250795573467977022524832975
Maryland,Season peak percentage,Bin,percent,1.5,1.6, 0.00316566945472317130480521818
Maryland,Season peak percentage,Bin,percent,1.6,1.7, 0.00394387025096938365759102751
Maryland,Season peak percentage,Bin,percent,1.7,1.8, 0.00485055011263755154332644182
Maryland,Season peak percentage,Bin,percent,1.8,1.9, 0.00588990882902820211269867556
Maryland,Season peak percentage,Bin,percent,1.9,2, 0.00706286370976959548134699318
Maryland,Season peak percentage,Bin,percent,2,2.1, 0.00836589685604290957121609296
Maryland,Season peak percentage,Bin,percent,2.1,2.2, 0.00979070995201508642580279229
Maryland,Season peak percentage,Bin,percent,2.2,2.3, 0.01132350916187886517849658929
Maryland,Season peak percentage,Bin,percent,2.3,2.4, 0.01294604497653940172741116044
Maryland,Season peak percentage,Bin,percent,2.4,2.5, 0.01463556629832536530588793511
Maryland,Season peak percentage,Bin,percent,2.5,2.6, 0.01636531769701610877776332131
Maryland,Season peak percentage,Bin,percent,2.6,2.7, 0.01810527921367172110578280808
Maryland,Season peak percentage,Bin,percent,2.7,2.8, 0.01982352848137541520556759167
Maryland,Season peak percentage,Bin,percent,2.8,2.9, 0.02148678857322361412940381342
Maryland,Season peak percentage,Bin,percent,2.9,3, 0.02306166043510607735478323832
Maryland,Season peak percentage,Bin,percent,3,3.1, 0.02451579061987755811524714034
Maryland,Season peak percentage,Bin,percent,3.1,3.2, 0.02581833056041406282421490914
Maryland,Season peak percentage,Bin,percent,3.2,3.3, 0.02694074487916667953735228025
Maryland,Season peak percentage,Bin,percent,3.3,3.4, 0.02785833848311530455688078689
Maryland,Season peak percentage,Bin,percent,3.4,3.5, 0.02855025777336508974180162568
Maryland,Season peak percentage,Bin,percent,3.5,3.6, 0.02899980186771649454113841671
Maryland,Season peak percentage,Bin,percent,3.6,3.7, 0.02919650116718149404637649980
Maryland,Season peak percentage,Bin,percent,3.7,3.8, 0.02913559415920106976383152642
Maryland,Season peak percentage,Bin,percent,3.8,3.9, 0.02881861202437067948078919244
Maryland,Season peak percentage,Bin,percent,3.9,4, 0.02825389287113490993652575867
Maryland,Season peak percentage,Bin,percent,4,4.1, 0.02745798934746803907080980878
Maryland,Season peak percentage,Bin,percent,4.1,4.2, 0.02645352346556150563428033706
Maryland,Season peak percentage,Bin,percent,4.2,4.3, 0.02526952041392945685904791731
Maryland,Season peak percentage,Bin,percent,4.3,4.4, 0.02394068515958171217139494047
Maryland,Season peak percentage,Bin,percent,4.4,4.5, 0.02250617652720585115666551701
Maryland,Season peak percentage,Bin,percent,4.5,4.6, 0.02100696561772207038298887483
Maryland,Season peak percentage,Bin,percent,4.6,4.7, 0.01948442230183175180591170772
Maryland,Season peak percentage,Bin,percent,4.7,4.8, 0.01797823373854700798601946587
Maryland,Season peak percentage,Bin,percent,4.8,4.9, 0.01652410497290261043312753486
Maryland,Season peak percentage,Bin,percent,4.9,5, 0.01515199480493064146391368752
Maryland,Season peak percentage,Bin,percent,5,5.1, 0.01388510762494184376525385716
Maryland,Season peak percentage,Bin,percent,5.1,5.2, 0.01273846117104099166794650699
Maryland,Season peak percentage,Bin,percent,5.2,5.3, 0.01171870210375191082019519229
Maryland,Season peak percentage,Bin,percent,5.3,5.4, 0.01082487799654053249598373299
Maryland,Season peak percentage,Bin,percent,5.4,5.5, 0.01004918102178715272332354402
Maryland,Season peak percentage,Bin,percent,5.5,5.6, 0.00937782609564597434415045285
Maryland,Season peak percentage,Bin,percent,5.6,5.7, 0.00879330021199760565597802753
Maryland,Season peak percentage,Bin,percent,5.7,5.8, 0.00827612777640534744150180302
Maryland,Season peak percentage,Bin,percent,5.8,5.9, 0.00780630198492267540072431231
Maryland,Season peak percentage,Bin,percent,5.9,6, 0.00736526395800365680371912802
Maryland,Season peak percentage,Bin,percent,6,6.1, 0.00693709959382688388929150136
Maryland,Season peak percentage,Bin,percent,6.1,6.2, 0.00650944586013725134260310412
Maryland,Season peak percentage,Bin,percent,6.2,6.3, 0.00607404245005014904040807622
Maryland,Season peak percentage,Bin,percent,6.3,6.4, 0.00562679604885773197719966987
Maryland,Season peak percentage,Bin,percent,6.4,6.5, 0.00516745235241071812493096616
Maryland,Season peak percentage,Bin,percent,6.5,6.6, 0.00469908258861699221209384802
Maryland,Season peak percentage,Bin,percent,6.6,6.7, 0.00422727518332023134706165735
Maryland,Season peak percentage,Bin,percent,6.7,6.8, 0.00375919957550246552208106365
Maryland,Season peak percentage,Bin,percent,6.8,6.9, 0.00330281973341430088592085568
Maryland,Season peak percentage,Bin,percent,6.9,7, 0.00286604820803122196937184896
Maryland,Season peak percentage,Bin,percent,7,7.1, 0.00245605348012721156833459979
Maryland,Season peak percentage,Bin,percent,7.1,7.2, 0.00207886849582382621584586424
Maryland,Season peak percentage,Bin,percent,7.2,7.3, 0.00173924346156803760581055496
Maryland,Season peak percentage,Bin,percent,7.3,7.4, 0.00144033588872438189990021762
Maryland,Season peak percentage,Bin,percent,7.4,7.5, 0.00118392541061653334792669323
Maryland,Season peak percentage,Bin,percent,7.5,7.6, 0.00097072931055133175690802227
Maryland,Season peak percentage,Bin,percent,7.6,7.7, 0.00080069625630666409026037211
Maryland,Season peak percentage,Bin,percent,7.7,7.8, 0.00067317331301688986076176002
Maryland,Season peak percentage,Bin,percent,7.8,7.9, 0.00058748489157451949573690575
Maryland,Season peak percentage,Bin,percent,7.9,8, 0.00054322355884984456064062952
Maryland,Season peak percentage,Bin,percent,8,8.1, 0.00054028268572981993402015721
Maryland,Season peak percentage,Bin,percent,8.1,8.2, 0.00057916030874607786222557637
Maryland,Season peak percentage,Bin,percent,8.2,8.3, 0.00066104136698200588895951713
Maryland,Season peak percentage,Bin,percent,8.3,8.4, 0.00078756313086026405283213148
Maryland,Season peak percentage,Bin,percent,8.4,8.5, 0.00096050842327199265069381795
Maryland,Season peak percentage,Bin,percent,8.5,8.6, 0.00118168522607319187792129789
Maryland,Season peak percentage,Bin,percent,8.6,8.7, 0.00145258083567650539934257292
Maryland,Season peak percentage,Bin,percent,8.7,8.8, 0.00177356909743335306589573364
Maryland,Season peak percentage,Bin,percent,8.8,8.9, 0.00214353179387710398098865205
Maryland,Season peak percentage,Bin,percent,8.9,9, 0.00255955230451197475807778581
Maryland,Season peak percentage,Bin,percent,9,9.1, 0.00301652715042831235173204085
Maryland,Season peak percentage,Bin,percent,9.1,9.2, 0.00350668970999058922377589198
Maryland,Season peak percentage,Bin,percent,9.2,9.3, 0.00401965065269846086315475020
Maryland,Season peak percentage,Bin,percent,9.3,9.4, 0.00454264338440576228433931405
Maryland,Season peak percentage,Bin,percent,9.4,9.5, 0.00506077297438880038815689488
Maryland,Season peak percentage,Bin,percent,9.5,9.6, 0.00555762725669939599421054410
Maryland,Season peak percentage,Bin,percent,9.6,9.7, 0.00601610354377969062250608445
Maryland,Season peak percentage,Bin,percent,9.7,9.8, 0.00641931908149665463036992463
Maryland,Season peak percentage,Bin,percent,9.8,9.9, 0.00675148116132464649885580599
Maryland,Season peak percentage,Bin,percent,9.9,10, 0.00699928123531326322470658141
Maryland,Season peak percentage,Bin,percent,10,10.1, 0.00715234965304927406554158509
Maryland,Season peak percentage,Bin,percent,10.1,10.2, 0.00720402318464446241724763453
Maryland,Season peak percentage,Bin,percent,10.2,10.3, 0.00715222684192004347358828653
Maryland,Season peak percentage,Bin,percent,10.3,10.4, 0.00699925471760127950598961988
Maryland,Season peak percentage,Bin,percent,10.4,10.5, 0.00675142156874694934765024357
Maryland,Season peak percentage,Bin,percent,10.5,10.6, 0.00641906324309429038299512627
Maryland,Season peak percentage,Bin,percent,10.6,10.7, 0.00601576139383920658471049947
Maryland,Season peak percentage,Bin,percent,10.7,10.8, 0.00555713661657245699965201879
Maryland,Season peak percentage,Bin,percent,10.8,10.9, 0.00505992087363772626712465907
Maryland,Season peak percentage,Bin,percent,10.9,11, 0.00454123332949813492825930084
Maryland,Season peak percentage,Bin,percent,11,11.1, 0.00401738619806246265858673539
Maryland,Season peak percentage,Bin,percent,11.1,11.2, 0.00350305729088112860480919153
Maryland,Season peak percentage,Bin,percent,11.2,11.3, 0.00301087084131141735979242391
Maryland,Season peak percentage,Bin,percent,11.3,11.4, 0.00255080400053480337019262691
Maryland,Season peak percentage,Bin,percent,11.4,11.5, 0.00213009248044246325345940640
Maryland,Season peak percentage,Bin,percent,11.5,11.6, 0.00175324357337354702450482602
Maryland,Season peak percentage,Bin,percent,11.6,11.7, 0.00142247092070143534535409113
Maryland,Season peak percentage,Bin,percent,11.7,11.8, 0.00113757955208898596348443544
Maryland,Season peak percentage,Bin,percent,11.8,11.9, 0.00089670547074431812030470557
Maryland,Season peak percentage,Bin,percent,11.9,12, 0.00069669653963023211312721727
Maryland,Season peak percentage,Bin,percent,12,12.1, 0.00053358375192835813712044502
Maryland,Season peak percentage,Bin,percent,12.1,12.2, 0.00040279046871561074169912353
Maryland,Season peak percentage,Bin,percent,12.2,12.3, 0.00029969637218372270929742096
Maryland,Season peak percentage,Bin,percent,12.3,12.4, 0.00021981510218302337689860737
Maryland,Season peak percentage,Bin,percent,12.4,12.5, 0.00015891625988288628277926573
Maryland,Season peak percentage,Bin,percent,12.5,12.6, 0.00011323095417546563440543139
Maryland,Season peak percentage,Bin,percent,12.6,12.7, 0.00008396505944759598857700389
Maryland,Season peak percentage,Bin,percent,12.7,12.8, 0.00008109696651329810349658617
Maryland,Season peak percentage,Bin,percent,12.8,12.9, 0.00008109696651329810349658617
Maryland,Season peak percentage,Bin,percent,12.9,13, 0.00008109696651329810349658617
Maryland,Season peak percentage,Bin,percent,13,100, 0.00166248781352258808916011468
Maryland,1 wk ahead,Bin,percent,0,0.1, 0.00025227955352372544595845882
Maryland,1 wk ahead,Bin,percent,0.1,0.2, 0.00050455910704745089191691765
Maryland,1 wk ahead,Bin,percent,0.2,0.3, 0.00050455910704745067507648315
Maryland,1 wk ahead,Bin,percent,0.3,0.4, 0.00050455910704745067507648315
Maryland,1 wk ahead,Bin,percent,0.4,0.5, 0.00050455910704745067507648315
Maryland,1 wk ahead,Bin,percent,0.5,0.6, 0.00050455910704745089191691765
Maryland,1 wk ahead,Bin,percent,0.6,0.7, 0.00050455910704745121717756939
Maryland,1 wk ahead,Bin,percent,0.7,0.8, 0.00050455910704745121717756939
Maryland,1 wk ahead,Bin,percent,0.8,0.9, 0.00050455910704745121717756939
Maryland,1 wk ahead,Bin,percent,0.9,1, 0.00050455910704745121717756939
Maryland,1 wk ahead,Bin,percent,1,1.1, 0.00050455910704745121717756939
Maryland,1 wk ahead,Bin,percent,1.1,1.2, 0.00050455910704745121717756939
Maryland,1 wk ahead,Bin,percent,1.2,1.3, 0.00050455910704745121717756939
Maryland,1 wk ahead,Bin,percent,1.3,1.4, 0.00054684398414482399304603621
Maryland,1 wk ahead,Bin,percent,1.4,1.5, 0.00126560319271461761171659877
Maryland,1 wk ahead,Bin,percent,1.5,1.6, 0.00310777339559667421450828151
Maryland,1 wk ahead,Bin,percent,1.6,1.7, 0.00681129961493565083685552963
Maryland,1 wk ahead,Bin,percent,1.7,1.8, 0.01333016576836670505357140826
Maryland,1 wk ahead,Bin,percent,1.8,1.9, 0.02331329808718849913584669764
Maryland,1 wk ahead,Bin,percent,1.9,2, 0.03647667932842461185893867537
Maryland,1 wk ahead,Bin,percent,2,2.1, 0.05113744235360103557175293076
Maryland,1 wk ahead,Bin,percent,2.1,2.2, 0.06437057277179565606406441702
Maryland,1 wk ahead,Bin,percent,2.2,2.3, 0.07295905169205285645261938043
Maryland,1 wk ahead,Bin,percent,2.3,2.4, 0.07472569513819575515167770163
Maryland,1 wk ahead,Bin,percent,2.4,2.5, 0.06946881665484204437799320431
Maryland,1 wk ahead,Bin,percent,2.5,2.6, 0.05891116778224989025680713439
Maryland,1 wk ahead,Bin,percent,2.6,2.7, 0.04580049306536441988679797532
Maryland,1 wk ahead,Bin,percent,2.7,2.8, 0.03278755751749781732762301090
Maryland,1 wk ahead,Bin,percent,2.8,2.9, 0.02169224605218232626580032729
Maryland,1 wk ahead,Bin,percent,2.9,3, 0.01334576404929367805796136537
Maryland,1 wk ahead,Bin,percent,3,3.1, 0.00783805855065841661222236780
Maryland,1 wk ahead,Bin,percent,3.1,3.2, 0.00489691535515807043615899019
Maryland,1 wk ahead,Bin,percent,3.2,3.3, 0.00421126740896766039307097529
Maryland,1 wk ahead,Bin,percent,3.3,3.4, 0.00560676238971833783980569521
Maryland,1 wk ahead,Bin,percent,3.4,3.5, 0.00902811622187077271461941308
Maryland,1 wk ahead,Bin,percent,3.5,3.6, 0.01436473568739202698318901952
Maryland,1 wk ahead,Bin,percent,3.6,3.7, 0.02122319972783926964043921259
Maryland,1 wk ahead,Bin,percent,3.7,3.8, 0.02878451706813842450594087552
Maryland,1 wk ahead,Bin,percent,3.8,3.9, 0.03584375000218375378890911520
Maryland,1 wk ahead,Bin,percent,3.9,4, 0.04103755672220291139673520320
Maryland,1 wk ahead,Bin,percent,4,4.1, 0.04319989295347658603274609845
Maryland,1 wk ahead,Bin,percent,4.1,4.2, 0.04173511327157974903911963338
Maryland,1 wk ahead,Bin,percent,4.2,4.3, 0.03687584283051965200472821493
Maryland,1 wk ahead,Bin,percent,4.3,4.4, 0.02967047830044504050372999870
Maryland,1 wk ahead,Bin,percent,4.4,4.5, 0.02164170346681189988080618036
Maryland,1 wk ahead,Bin,percent,4.5,4.6, 0.01425064914880251262796484468
Maryland,1 wk ahead,Bin,percent,4.6,4.7, 0.00844186855639202267387322109
Maryland,1 wk ahead,Bin,percent,4.7,4.8, 0.00448619127499415380061487113
Maryland,1 wk ahead,Bin,percent,4.8,4.9, 0.00213396103481705134291557258
Maryland,1 wk ahead,Bin,percent,4.9,5, 0.00090708666281300140595000858
Maryland,1 wk ahead,Bin,percent,5,5.1, 0.00038494461550101139769852754
Maryland,1 wk ahead,Bin,percent,5.1,5.2, 0.00033849911828971377108360441
Maryland,1 wk ahead,Bin,percent,5.2,5.3, 0.00033849911828971377108360441
Maryland,1 wk ahead,Bin,percent,5.3,5.4, 0.00033849911828971377108360441
Maryland,1 wk ahead,Bin,percent,5.4,5.5, 0.00033849911828971377108360441
Maryland,1 wk ahead,Bin,percent,5.5,5.6, 0.00033849911828971377108360441
Maryland,1 wk ahead,Bin,percent,5.6,5.7, 0.00033849911828971377108360441
Maryland,1 wk ahead,Bin,percent,5.7,5.8, 0.00033849911828971377108360441
Maryland,1 wk ahead,Bin,percent,5.8,5.9, 0.00033849911828971377108360441
Maryland,1 wk ahead,Bin,percent,5.9,6, 0.00033849911828971377108360441
Maryland,1 wk ahead,Bin,percent,6,6.1, 0.00033849911828971377108360441
Maryland,1 wk ahead,Bin,percent,6.1,6.2, 0.00033849911828971377108360441
Maryland,1 wk ahead,Bin,percent,6.2,6.3, 0.00033849911828971377108360441
Maryland,1 wk ahead,Bin,percent,6.3,6.4, 0.00033849911828971377108360441
Maryland,1 wk ahead,Bin,percent,6.4,6.5, 0.00033849911828971377108360441
Maryland,1 wk ahead,Bin,percent,6.5,6.6, 0.00033849911828971377108360441
Maryland,1 wk ahead,Bin,percent,6.6,6.7, 0.00033849911828971377108360441
Maryland,1 wk ahead,Bin,percent,6.7,6.8, 0.00033849911828971377108360441
Maryland,1 wk ahead,Bin,percent,6.8,6.9, 0.00033849911828971377108360441
Maryland,1 wk ahead,Bin,percent,6.9,7, 0.00033849911828971377108360441
Maryland,1 wk ahead,Bin,percent,7,7.1, 0.00033849911828971377108360441
Maryland,1 wk ahead,Bin,percent,7.1,7.2, 0.00033849911828971377108360441
Maryland,1 wk ahead,Bin,percent,7.2,7.3, 0.00033849911828971377108360441
Maryland,1 wk ahead,Bin,percent,7.3,7.4, 0.00033849911828971377108360441
Maryland,1 wk ahead,Bin,percent,7.4,7.5, 0.00033849911828971377108360441
Maryland,1 wk ahead,Bin,percent,7.5,7.6, 0.00033849911828971377108360441
Maryland,1 wk ahead,Bin,percent,7.6,7.7, 0.00033849911828971377108360441
Maryland,1 wk ahead,Bin,percent,7.7,7.8, 0.00033849911828971377108360441
Maryland,1 wk ahead,Bin,percent,7.8,7.9, 0.00033849911828971377108360441
Maryland,1 wk ahead,Bin,percent,7.9,8, 0.00033849911828971377108360441
Maryland,1 wk ahead,Bin,percent,8,8.1, 0.00033849911828971675263957875
Maryland,1 wk ahead,Bin,percent,8.1,8.2, 0.00033849911828971978840566170
Maryland,1 wk ahead,Bin,percent,8.2,8.3, 0.00033849911828971978840566170
Maryland,1 wk ahead,Bin,percent,8.3,8.4, 0.00033849911828971978840566170
Maryland,1 wk ahead,Bin,percent,8.4,8.5, 0.00033849911828971978840566170
Maryland,1 wk ahead,Bin,percent,8.5,8.6, 0.00033849911828971978840566170
Maryland,1 wk ahead,Bin,percent,8.6,8.7, 0.00033849911828971978840566170
Maryland,1 wk ahead,Bin,percent,8.7,8.8, 0.00033849911828971978840566170
Maryland,1 wk ahead,Bin,percent,8.8,8.9, 0.00033849911828971978840566170
Maryland,1 wk ahead,Bin,percent,8.9,9, 0.00033849911828971978840566170
Maryland,1 wk ahead,Bin,percent,9,9.1, 0.00033849911828971978840566170
Maryland,1 wk ahead,Bin,percent,9.1,9.2, 0.00033849911828971978840566170
Maryland,1 wk ahead,Bin,percent,9.2,9.3, 0.00033849911828971978840566170
Maryland,1 wk ahead,Bin,percent,9.3,9.4, 0.00033849911828971978840566170
Maryland,1 wk ahead,Bin,percent,9.4,9.5, 0.00033849911828971978840566170
Maryland,1 wk ahead,Bin,percent,9.5,9.6, 0.00033849911828971978840566170
Maryland,1 wk ahead,Bin,percent,9.6,9.7, 0.00033849911828971978840566170
Maryland,1 wk ahead,Bin,percent,9.7,9.8, 0.00033849911828971978840566170
Maryland,1 wk ahead,Bin,percent,9.8,9.9, 0.00033849911828971978840566170
Maryland,1 wk ahead,Bin,percent,9.9,10, 0.00033849911828971978840566170
Maryland,1 wk ahead,Bin,percent,10,10.1, 0.00033849911828971978840566170
Maryland,1 wk ahead,Bin,percent,10.1,10.2, 0.00033849911828971978840566170
Maryland,1 wk ahead,Bin,percent,10.2,10.3, 0.00033849911828971978840566170
Maryland,1 wk ahead,Bin,percent,10.3,10.4, 0.00033849911828971978840566170
Maryland,1 wk ahead,Bin,percent,10.4,10.5, 0.00033849911828971978840566170
Maryland,1 wk ahead,Bin,percent,10.5,10.6, 0.00033849911828971978840566170
Maryland,1 wk ahead,Bin,percent,10.6,10.7, 0.00033849911828971978840566170
Maryland,1 wk ahead,Bin,percent,10.7,10.8, 0.00033849911828971978840566170
Maryland,1 wk ahead,Bin,percent,10.8,10.9, 0.00033849911828971978840566170
Maryland,1 wk ahead,Bin,percent,10.9,11, 0.00033849911828971978840566170
Maryland,1 wk ahead,Bin,percent,11,11.1, 0.00033849911828971978840566170
Maryland,1 wk ahead,Bin,percent,11.1,11.2, 0.00033849911828971978840566170
Maryland,1 wk ahead,Bin,percent,11.2,11.3, 0.00033849911828971978840566170
Maryland,1 wk ahead,Bin,percent,11.3,11.4, 0.00033849911828971978840566170
Maryland,1 wk ahead,Bin,percent,11.4,11.5, 0.00033849911828971978840566170
Maryland,1 wk ahead,Bin,percent,11.5,11.6, 0.00033849911828971978840566170
Maryland,1 wk ahead,Bin,percent,11.6,11.7, 0.00033849911828971978840566170
Maryland,1 wk ahead,Bin,percent,11.7,11.8, 0.00033849911828971978840566170
Maryland,1 wk ahead,Bin,percent,11.8,11.9, 0.00033849911828971978840566170
Maryland,1 wk ahead,Bin,percent,11.9,12, 0.00033849911828971978840566170
Maryland,1 wk ahead,Bin,percent,12,12.1, 0.00033849911828971978840566170
Maryland,1 wk ahead,Bin,percent,12.1,12.2, 0.00033849911828971978840566170
Maryland,1 wk ahead,Bin,percent,12.2,12.3, 0.00033849911828971978840566170
Maryland,1 wk ahead,Bin,percent,12.3,12.4, 0.00033849911828971978840566170
Maryland,1 wk ahead,Bin,percent,12.4,12.5, 0.00033849911828971978840566170
Maryland,1 wk ahead,Bin,percent,12.5,12.6, 0.00033849911828971978840566170
Maryland,1 wk ahead,Bin,percent,12.6,12.7, 0.00033849911828971978840566170
Maryland,1 wk ahead,Bin,percent,12.7,12.8, 0.00033849911828971978840566170
Maryland,1 wk ahead,Bin,percent,12.8,12.9, 0.00033849911828971978840566170
Maryland,1 wk ahead,Bin,percent,12.9,13, 0.00033849911828971978840566170
Maryland,1 wk ahead,Bin,percent,13,100, 0.00033849911828971978840566170
Maryland,2 wk ahead,Bin,percent,0,0.1, 0.00031503843481379669106204333
Maryland,2 wk ahead,Bin,percent,0.1,0.2, 0.00063007686962759349054430391
Maryland,2 wk ahead,Bin,percent,0.2,0.3, 0.00063007686962759327370386941
Maryland,2 wk ahead,Bin,percent,0.3,0.4, 0.00063007686962759327370386941
Maryland,2 wk ahead,Bin,percent,0.4,0.5, 0.00063007686962759327370386941
Maryland,2 wk ahead,Bin,percent,0.5,0.6, 0.00063007686962759359896452116
Maryland,2 wk ahead,Bin,percent,0.6,0.7, 0.00063007686962759392422517291
Maryland,2 wk ahead,Bin,percent,0.7,0.8, 0.00063007686962759392422517291
Maryland,2 wk ahead,Bin,percent,0.8,0.9, 0.00063007686962759392422517291
Maryland,2 wk ahead,Bin,percent,0.9,1, 0.00063007686962759392422517291
Maryland,2 wk ahead,Bin,percent,1,1.1, 0.00063007686962759392422517291
Maryland,2 wk ahead,Bin,percent,1.1,1.2, 0.00063007686962759392422517291
Maryland,2 wk ahead,Bin,percent,1.2,1.3, 0.00067755778950730899401477814
Maryland,2 wk ahead,Bin,percent,1.3,1.4, 0.00159290251700935090242716718
Maryland,2 wk ahead,Bin,percent,1.4,1.5, 0.00400384464239147887937297909
Maryland,2 wk ahead,Bin,percent,1.5,1.6, 0.00885027398576063856205919933
Maryland,2 wk ahead,Bin,percent,1.6,1.7, 0.01720941855561747280134454741
Maryland,2 wk ahead,Bin,percent,1.7,1.8, 0.02945868860453749668582013044
Maryland,2 wk ahead,Bin,percent,1.8,1.9, 0.04444265728960355293919448627
Maryland,2 wk ahead,Bin,percent,1.9,2, 0.05921293280873157066634959733
Maryland,2 wk ahead,Bin,percent,2,2.1, 0.06991901522102723920415456860
Maryland,2 wk ahead,Bin,percent,2.1,2.2, 0.07360336021564778397063832927
Maryland,2 wk ahead,Bin,percent,2.2,2.3, 0.06973024057487066384997120849
Maryland,2 wk ahead,Bin,percent,2.3,2.4, 0.06027789812577299954909904045
Maryland,2 wk ahead,Bin,percent,2.4,2.5, 0.04838623145007966280806144255
Maryland,2 wk ahead,Bin,percent,2.5,2.6, 0.03669823243847802896056009558
Maryland,2 wk ahead,Bin,percent,2.6,2.7, 0.02657347843598530101605348364
Maryland,2 wk ahead,Bin,percent,2.7,2.8, 0.01834734791095167863450576817
Maryland,2 wk ahead,Bin,percent,2.8,2.9, 0.01197605121527429636318906603
Maryland,2 wk ahead,Bin,percent,2.9,3, 0.00744427408991010959582457218
Maryland,2 wk ahead,Bin,percent,3,3.1, 0.00485532381565172230925009345
Maryland,2 wk ahead,Bin,percent,3.1,3.2, 0.00443961728374990018120005431
Maryland,2 wk ahead,Bin,percent,3.2,3.3, 0.00659046417642295597610901936
Maryland,2 wk ahead,Bin,percent,3.3,3.4, 0.01176648075905186753564724000
Maryland,2 wk ahead,Bin,percent,3.4,3.5, 0.02007616399560382611233499972
Maryland,2 wk ahead,Bin,percent,3.5,3.6, 0.03064774838389329458809839934
Maryland,2 wk ahead,Bin,percent,3.6,3.7, 0.04128226906971844273330773945
Maryland,2 wk ahead,Bin,percent,3.7,3.8, 0.04893111208306927251143747526
Maryland,2 wk ahead,Bin,percent,3.8,3.9, 0.05100666738524863019765831496
Maryland,2 wk ahead,Bin,percent,3.9,4, 0.04675641084395011637386829761
Maryland,2 wk ahead,Bin,percent,4,4.1, 0.03768906242884982604746113566
Maryland,2 wk ahead,Bin,percent,4.1,4.2, 0.02671414580612028327744056355
Maryland,2 wk ahead,Bin,percent,4.2,4.3, 0.01664987009137366275046687747
Maryland,2 wk ahead,Bin,percent,4.3,4.4, 0.00912479318256382079810329344
Maryland,2 wk ahead,Bin,percent,4.4,4.5, 0.00439699385675358048880534412
Maryland,2 wk ahead,Bin,percent,4.5,4.6, 0.00186300047877726963896360957
Maryland,2 wk ahead,Bin,percent,4.6,4.7, 0.00070489524735669413426503160
Maryland,2 wk ahead,Bin,percent,4.7,4.8, 0.00048636537190441015039710226
Maryland,2 wk ahead,Bin,percent,4.8,4.9, 0.00048636537190441015039710226
Maryland,2 wk ahead,Bin,percent,4.9,5, 0.00048636537190441015039710226
Maryland,2 wk ahead,Bin,percent,5,5.1, 0.00048636537190441015039710226
Maryland,2 wk ahead,Bin,percent,5.1,5.2, 0.00048636537190441015039710226
Maryland,2 wk ahead,Bin,percent,5.2,5.3, 0.00048636537190441015039710226
Maryland,2 wk ahead,Bin,percent,5.3,5.4, 0.00048636537190441015039710226
Maryland,2 wk ahead,Bin,percent,5.4,5.5, 0.00048636537190441015039710226
Maryland,2 wk ahead,Bin,percent,5.5,5.6, 0.00048636537190441015039710226
Maryland,2 wk ahead,Bin,percent,5.6,5.7, 0.00048636537190441015039710226
Maryland,2 wk ahead,Bin,percent,5.7,5.8, 0.00048636537190441015039710226
Maryland,2 wk ahead,Bin,percent,5.8,5.9, 0.00048636537190441015039710226
Maryland,2 wk ahead,Bin,percent,5.9,6, 0.00048636537190441015039710226
Maryland,2 wk ahead,Bin,percent,6,6.1, 0.00048636537190441015039710226
Maryland,2 wk ahead,Bin,percent,6.1,6.2, 0.00048636537190441015039710226
Maryland,2 wk ahead,Bin,percent,6.2,6.3, 0.00048636537190441015039710226
Maryland,2 wk ahead,Bin,percent,6.3,6.4, 0.00048636537190441015039710226
Maryland,2 wk ahead,Bin,percent,6.4,6.5, 0.00048636537190441015039710226
Maryland,2 wk ahead,Bin,percent,6.5,6.6, 0.00048636537190441015039710226
Maryland,2 wk ahead,Bin,percent,6.6,6.7, 0.00048636537190441015039710226
Maryland,2 wk ahead,Bin,percent,6.7,6.8, 0.00048636537190441015039710226
Maryland,2 wk ahead,Bin,percent,6.8,6.9, 0.00048636537190441015039710226
Maryland,2 wk ahead,Bin,percent,6.9,7, 0.00048636537190441015039710226
Maryland,2 wk ahead,Bin,percent,7,7.1, 0.00048636537190441015039710226
Maryland,2 wk ahead,Bin,percent,7.1,7.2, 0.00048636537190441015039710226
Maryland,2 wk ahead,Bin,percent,7.2,7.3, 0.00048636537190441015039710226
Maryland,2 wk ahead,Bin,percent,7.3,7.4, 0.00048636537190441015039710226
Maryland,2 wk ahead,Bin,percent,7.4,7.5, 0.00048636537190441015039710226
Maryland,2 wk ahead,Bin,percent,7.5,7.6, 0.00048636537190441015039710226
Maryland,2 wk ahead,Bin,percent,7.6,7.7, 0.00048636537190441015039710226
Maryland,2 wk ahead,Bin,percent,7.7,7.8, 0.00048636537190441015039710226
Maryland,2 wk ahead,Bin,percent,7.8,7.9, 0.00048636537190441015039710226
Maryland,2 wk ahead,Bin,percent,7.9,8, 0.00048636537190441015039710226
Maryland,2 wk ahead,Bin,percent,8,8.1, 0.00048636537190441448720579221
Maryland,2 wk ahead,Bin,percent,8.1,8.2, 0.00048636537190441882401448215
Maryland,2 wk ahead,Bin,percent,8.2,8.3, 0.00048636537190441882401448215
Maryland,2 wk ahead,Bin,percent,8.3,8.4, 0.00048636537190441882401448215
Maryland,2 wk ahead,Bin,percent,8.4,8.5, 0.00048636537190441882401448215
Maryland,2 wk ahead,Bin,percent,8.5,8.6, 0.00048636537190441882401448215
Maryland,2 wk ahead,Bin,percent,8.6,8.7, 0.00048636537190441882401448215
Maryland,2 wk ahead,Bin,percent,8.7,8.8, 0.00048636537190441882401448215
Maryland,2 wk ahead,Bin,percent,8.8,8.9, 0.00048636537190441882401448215
Maryland,2 wk ahead,Bin,percent,8.9,9, 0.00048636537190441882401448215
Maryland,2 wk ahead,Bin,percent,9,9.1, 0.00048636537190441882401448215
Maryland,2 wk ahead,Bin,percent,9.1,9.2, 0.00048636537190441882401448215
Maryland,2 wk ahead,Bin,percent,9.2,9.3, 0.00048636537190441882401448215
Maryland,2 wk ahead,Bin,percent,9.3,9.4, 0.00048636537190441882401448215
Maryland,2 wk ahead,Bin,percent,9.4,9.5, 0.00048636537190441882401448215
Maryland,2 wk ahead,Bin,percent,9.5,9.6, 0.00048636537190441882401448215
Maryland,2 wk ahead,Bin,percent,9.6,9.7, 0.00048636537190441882401448215
Maryland,2 wk ahead,Bin,percent,9.7,9.8, 0.00048636537190441882401448215
Maryland,2 wk ahead,Bin,percent,9.8,9.9, 0.00048636537190441882401448215
Maryland,2 wk ahead,Bin,percent,9.9,10, 0.00048636537190441882401448215
Maryland,2 wk ahead,Bin,percent,10,10.1, 0.00048636537190441882401448215
Maryland,2 wk ahead,Bin,percent,10.1,10.2, 0.00048636537190441882401448215
Maryland,2 wk ahead,Bin,percent,10.2,10.3, 0.00048636537190441882401448215
Maryland,2 wk ahead,Bin,percent,10.3,10.4, 0.00048636537190441882401448215
Maryland,2 wk ahead,Bin,percent,10.4,10.5, 0.00048636537190441882401448215
Maryland,2 wk ahead,Bin,percent,10.5,10.6, 0.00048636537190441882401448215
Maryland,2 wk ahead,Bin,percent,10.6,10.7, 0.00048636537190441882401448215
Maryland,2 wk ahead,Bin,percent,10.7,10.8, 0.00048636537190441882401448215
Maryland,2 wk ahead,Bin,percent,10.8,10.9, 0.00048636537190441882401448215
Maryland,2 wk ahead,Bin,percent,10.9,11, 0.00048636537190441882401448215
Maryland,2 wk ahead,Bin,percent,11,11.1, 0.00048636537190441882401448215
Maryland,2 wk ahead,Bin,percent,11.1,11.2, 0.00048636537190441882401448215
Maryland,2 wk ahead,Bin,percent,11.2,11.3, 0.00048636537190441882401448215
Maryland,2 wk ahead,Bin,percent,11.3,11.4, 0.00048636537190441882401448215
Maryland,2 wk ahead,Bin,percent,11.4,11.5, 0.00048636537190441882401448215
Maryland,2 wk ahead,Bin,percent,11.5,11.6, 0.00048636537190441882401448215
Maryland,2 wk ahead,Bin,percent,11.6,11.7, 0.00048636537190441882401448215
Maryland,2 wk ahead,Bin,percent,11.7,11.8, 0.00048636537190441882401448215
Maryland,2 wk ahead,Bin,percent,11.8,11.9, 0.00048636537190441882401448215
Maryland,2 wk ahead,Bin,percent,11.9,12, 0.00048636537190441882401448215
Maryland,2 wk ahead,Bin,percent,12,12.1, 0.00048636537190441882401448215
Maryland,2 wk ahead,Bin,percent,12.1,12.2, 0.00048636537190441882401448215
Maryland,2 wk ahead,Bin,percent,12.2,12.3, 0.00048636537190441882401448215
Maryland,2 wk ahead,Bin,percent,12.3,12.4, 0.00048636537190441882401448215
Maryland,2 wk ahead,Bin,percent,12.4,12.5, 0.00048636537190441882401448215
Maryland,2 wk ahead,Bin,percent,12.5,12.6, 0.00048636537190441882401448215
Maryland,2 wk ahead,Bin,percent,12.6,12.7, 0.00048636537190441882401448215
Maryland,2 wk ahead,Bin,percent,12.7,12.8, 0.00048636537190441882401448215
Maryland,2 wk ahead,Bin,percent,12.8,12.9, 0.00048636537190441882401448215
Maryland,2 wk ahead,Bin,percent,12.9,13, 0.00048636537190441882401448215
Maryland,2 wk ahead,Bin,percent,13,100, 0.00048636537190441882401448215
Maryland,3 wk ahead,Bin,percent,0,0.1, 0.00035243125779679660607504599
Maryland,3 wk ahead,Bin,percent,0.1,0.2, 0.00070486251559359332057030922
Maryland,3 wk ahead,Bin,percent,0.2,0.3, 0.00070486251559359299530965748
Maryland,3 wk ahead,Bin,percent,0.3,0.4, 0.00070486251559359299530965748
Maryland,3 wk ahead,Bin,percent,0.4,0.5, 0.00070486251559359299530965748
Maryland,3 wk ahead,Bin,percent,0.5,0.6, 0.00070486251559359342899052647
Maryland,3 wk ahead,Bin,percent,0.6,0.7, 0.00070486251559359375425117822
Maryland,3 wk ahead,Bin,percent,0.7,0.8, 0.00070486251559359375425117822
Maryland,3 wk ahead,Bin,percent,0.8,0.9, 0.00070486251559359375425117822
Maryland,3 wk ahead,Bin,percent,0.9,1, 0.00070486251559359375425117822
Maryland,3 wk ahead,Bin,percent,1,1.1, 0.00070486251559359375425117822
Maryland,3 wk ahead,Bin,percent,1.1,1.2, 0.00070486251559359375425117822
Maryland,3 wk ahead,Bin,percent,1.2,1.3, 0.00070486251559359375425117822
Maryland,3 wk ahead,Bin,percent,1.3,1.4, 0.00076617712430611991519802118
Maryland,3 wk ahead,Bin,percent,1.4,1.5, 0.00226705972240412792495511951
Maryland,3 wk ahead,Bin,percent,1.5,1.6, 0.00707012539482823956782375774
Maryland,3 wk ahead,Bin,percent,1.6,1.7, 0.01793023166252281572208282512
Maryland,3 wk ahead,Bin,percent,1.7,1.8, 0.03705382900833150555675032933
Maryland,3 wk ahead,Bin,percent,1.8,1.9, 0.06265086497593198855415863591
Maryland,3 wk ahead,Bin,percent,1.9,2, 0.08733133397400723307857361988
Maryland,3 wk ahead,Bin,percent,2,2.1, 0.10175316634583499164623532351
Maryland,3 wk ahead,Bin,percent,2.1,2.2, 0.10151878976773119622745156221
Maryland,3 wk ahead,Bin,percent,2.2,2.3, 0.08998345132982817073941106401
Maryland,3 wk ahead,Bin,percent,2.3,2.4, 0.07393024119379539016438940280
Maryland,3 wk ahead,Bin,percent,2.4,2.5, 0.05776188977333287372095682599
Maryland,3 wk ahead,Bin,percent,2.5,2.6, 0.04245879009410668397661581253
Maryland,3 wk ahead,Bin,percent,2.6,2.7, 0.02827794925981117271640563615
Maryland,3 wk ahead,Bin,percent,2.7,2.8, 0.01639607850653063483847837745
Maryland,3 wk ahead,Bin,percent,2.8,2.9, 0.00803962161532620345205657486
Maryland,3 wk ahead,Bin,percent,2.9,3, 0.00327517317189057483722836039
Maryland,3 wk ahead,Bin,percent,3,3.1, 0.00109786026651172087705010671
Maryland,3 wk ahead,Bin,percent,3.1,3.2, 0.00030626907668148366367319446
Maryland,3 wk ahead,Bin,percent,3.2,3.3, 0.00010444867583934565563423547
Maryland,3 wk ahead,Bin,percent,3.3,3.4, 0.00020033462234648514738860614
Maryland,3 wk ahead,Bin,percent,3.4,3.5, 0.00076409493487682167423002966
Maryland,3 wk ahead,Bin,percent,3.5,3.6, 0.00249832480527412744558679591
Maryland,3 wk ahead,Bin,percent,3.6,3.7, 0.00662238271153931922635704765
Maryland,3 wk ahead,Bin,percent,3.7,3.8, 0.01420051757014893778485742359
Maryland,3 wk ahead,Bin,percent,3.8,3.9, 0.02463696330932455685891468988
Maryland,3 wk ahead,Bin,percent,3.9,4, 0.03458322701095539047910776276
Maryland,3 wk ahead,Bin,percent,4,4.1, 0.03927831041381817794855280113
Maryland,3 wk ahead,Bin,percent,4.1,4.2, 0.03609594317023968879087902906
Maryland,3 wk ahead,Bin,percent,4.2,4.3, 0.02683851666754714926366176542
Maryland,3 wk ahead,Bin,percent,4.3,4.4, 0.01614576783472141188746640239
Maryland,3 wk ahead,Bin,percent,4.4,4.5, 0.00785814958790869919069699279
Maryland,3 wk ahead,Bin,percent,4.5,4.6, 0.00309425868058755713582708147
Maryland,3 wk ahead,Bin,percent,4.6,4.7, 0.00098577135705781048814755341
Maryland,3 wk ahead,Bin,percent,4.7,4.8, 0.00044627679033004712854174056
Maryland,3 wk ahead,Bin,percent,4.8,4.9, 0.00044538588131145856376796877
Maryland,3 wk ahead,Bin,percent,4.9,5, 0.00044538588131145856376796877
Maryland,3 wk ahead,Bin,percent,5,5.1, 0.00044538588131145856376796877
Maryland,3 wk ahead,Bin,percent,5.1,5.2, 0.00044538588131145856376796877
Maryland,3 wk ahead,Bin,percent,5.2,5.3, 0.00044538588131145856376796877
Maryland,3 wk ahead,Bin,percent,5.3,5.4, 0.00044538588131145856376796877
Maryland,3 wk ahead,Bin,percent,5.4,5.5, 0.00044538588131145856376796877
Maryland,3 wk ahead,Bin,percent,5.5,5.6, 0.00044538588131145856376796877
Maryland,3 wk ahead,Bin,percent,5.6,5.7, 0.00044538588131145856376796877
Maryland,3 wk ahead,Bin,percent,5.7,5.8, 0.00044538588131145856376796877
Maryland,3 wk ahead,Bin,percent,5.8,5.9, 0.00044538588131145856376796877
Maryland,3 wk ahead,Bin,percent,5.9,6, 0.00044538588131145856376796877
Maryland,3 wk ahead,Bin,percent,6,6.1, 0.00044538588131145856376796877
Maryland,3 wk ahead,Bin,percent,6.1,6.2, 0.00044538588131145856376796877
Maryland,3 wk ahead,Bin,percent,6.2,6.3, 0.00044538588131145856376796877
Maryland,3 wk ahead,Bin,percent,6.3,6.4, 0.00044538588131145856376796877
Maryland,3 wk ahead,Bin,percent,6.4,6.5, 0.00044538588131145856376796877
Maryland,3 wk ahead,Bin,percent,6.5,6.6, 0.00044538588131145856376796877
Maryland,3 wk ahead,Bin,percent,6.6,6.7, 0.00044538588131145856376796877
Maryland,3 wk ahead,Bin,percent,6.7,6.8, 0.00044538588131145856376796877
Maryland,3 wk ahead,Bin,percent,6.8,6.9, 0.00044538588131145856376796877
Maryland,3 wk ahead,Bin,percent,6.9,7, 0.00044538588131145856376796877
Maryland,3 wk ahead,Bin,percent,7,7.1, 0.00044538588131145856376796877
Maryland,3 wk ahead,Bin,percent,7.1,7.2, 0.00044538588131145856376796877
Maryland,3 wk ahead,Bin,percent,7.2,7.3, 0.00044538588131145856376796877
Maryland,3 wk ahead,Bin,percent,7.3,7.4, 0.00044538588131145856376796877
Maryland,3 wk ahead,Bin,percent,7.4,7.5, 0.00044538588131145856376796877
Maryland,3 wk ahead,Bin,percent,7.5,7.6, 0.00044538588131145856376796877
Maryland,3 wk ahead,Bin,percent,7.6,7.7, 0.00044538588131145856376796877
Maryland,3 wk ahead,Bin,percent,7.7,7.8, 0.00044538588131145856376796877
Maryland,3 wk ahead,Bin,percent,7.8,7.9, 0.00044538588131145856376796877
Maryland,3 wk ahead,Bin,percent,7.9,8, 0.00044538588131145856376796877
Maryland,3 wk ahead,Bin,percent,8,8.1, 0.00044538588131146257531600696
Maryland,3 wk ahead,Bin,percent,8.1,8.2, 0.00044538588131146642423371929
Maryland,3 wk ahead,Bin,percent,8.2,8.3, 0.00044538588131146642423371929
Maryland,3 wk ahead,Bin,percent,8.3,8.4, 0.00044538588131146642423371929
Maryland,3 wk ahead,Bin,percent,8.4,8.5, 0.00044538588131146642423371929
Maryland,3 wk ahead,Bin,percent,8.5,8.6, 0.00044538588131146642423371929
Maryland,3 wk ahead,Bin,percent,8.6,8.7, 0.00044538588131146642423371929
Maryland,3 wk ahead,Bin,percent,8.7,8.8, 0.00044538588131146642423371929
Maryland,3 wk ahead,Bin,percent,8.8,8.9, 0.00044538588131146642423371929
Maryland,3 wk ahead,Bin,percent,8.9,9, 0.00044538588131146642423371929
Maryland,3 wk ahead,Bin,percent,9,9.1, 0.00044538588131146642423371929
Maryland,3 wk ahead,Bin,percent,9.1,9.2, 0.00044538588131146642423371929
Maryland,3 wk ahead,Bin,percent,9.2,9.3, 0.00044538588131146642423371929
Maryland,3 wk ahead,Bin,percent,9.3,9.4, 0.00044538588131146642423371929
Maryland,3 wk ahead,Bin,percent,9.4,9.5, 0.00044538588131146642423371929
Maryland,3 wk ahead,Bin,percent,9.5,9.6, 0.00044538588131146642423371929
Maryland,3 wk ahead,Bin,percent,9.6,9.7, 0.00044538588131146642423371929
Maryland,3 wk ahead,Bin,percent,9.7,9.8, 0.00044538588131146642423371929
Maryland,3 wk ahead,Bin,percent,9.8,9.9, 0.00044538588131146642423371929
Maryland,3 wk ahead,Bin,percent,9.9,10, 0.00044538588131146642423371929
Maryland,3 wk ahead,Bin,percent,10,10.1, 0.00044538588131146642423371929
Maryland,3 wk ahead,Bin,percent,10.1,10.2, 0.00044538588131146642423371929
Maryland,3 wk ahead,Bin,percent,10.2,10.3, 0.00044538588131146642423371929
Maryland,3 wk ahead,Bin,percent,10.3,10.4, 0.00044538588131146642423371929
Maryland,3 wk ahead,Bin,percent,10.4,10.5, 0.00044538588131146642423371929
Maryland,3 wk ahead,Bin,percent,10.5,10.6, 0.00044538588131146642423371929
Maryland,3 wk ahead,Bin,percent,10.6,10.7, 0.00044538588131146642423371929
Maryland,3 wk ahead,Bin,percent,10.7,10.8, 0.00044538588131146642423371929
Maryland,3 wk ahead,Bin,percent,10.8,10.9, 0.00044538588131146642423371929
Maryland,3 wk ahead,Bin,percent,10.9,11, 0.00044538588131146642423371929
Maryland,3 wk ahead,Bin,percent,11,11.1, 0.00044538588131146642423371929
Maryland,3 wk ahead,Bin,percent,11.1,11.2, 0.00044538588131146642423371929
Maryland,3 wk ahead,Bin,percent,11.2,11.3, 0.00044538588131146642423371929
Maryland,3 wk ahead,Bin,percent,11.3,11.4, 0.00044538588131146642423371929
Maryland,3 wk ahead,Bin,percent,11.4,11.5, 0.00044538588131146642423371929
Maryland,3 wk ahead,Bin,percent,11.5,11.6, 0.00044538588131146642423371929
Maryland,3 wk ahead,Bin,percent,11.6,11.7, 0.00044538588131146642423371929
Maryland,3 wk ahead,Bin,percent,11.7,11.8, 0.00044538588131146642423371929
Maryland,3 wk ahead,Bin,percent,11.8,11.9, 0.00044538588131146642423371929
Maryland,3 wk ahead,Bin,percent,11.9,12, 0.00044538588131146642423371929
Maryland,3 wk ahead,Bin,percent,12,12.1, 0.00044538588131146642423371929
Maryland,3 wk ahead,Bin,percent,12.1,12.2, 0.00044538588131146642423371929
Maryland,3 wk ahead,Bin,percent,12.2,12.3, 0.00044538588131146642423371929
Maryland,3 wk ahead,Bin,percent,12.3,12.4, 0.00044538588131146642423371929
Maryland,3 wk ahead,Bin,percent,12.4,12.5, 0.00044538588131146642423371929
Maryland,3 wk ahead,Bin,percent,12.5,12.6, 0.00044538588131146642423371929
Maryland,3 wk ahead,Bin,percent,12.6,12.7, 0.00044538588131146642423371929
Maryland,3 wk ahead,Bin,percent,12.7,12.8, 0.00044538588131146642423371929
Maryland,3 wk ahead,Bin,percent,12.8,12.9, 0.00044538588131146642423371929
Maryland,3 wk ahead,Bin,percent,12.9,13, 0.00044538588131146642423371929
Maryland,3 wk ahead,Bin,percent,13,100, 0.00044538588131146642423371929
Maryland,4 wk ahead,Bin,percent,0,0.1, 0.00010221945363745758633342020
Maryland,4 wk ahead,Bin,percent,0.1,0.2, 0.00020443890727491519977189471
Maryland,4 wk ahead,Bin,percent,0.2,0.3, 0.00020443890727491509135167747
Maryland,4 wk ahead,Bin,percent,0.3,0.4, 0.00020443890727491509135167747
Maryland,4 wk ahead,Bin,percent,0.4,0.5, 0.00020443890727491509135167747
Maryland,4 wk ahead,Bin,percent,0.5,0.6, 0.00020443890727491519977189471
Maryland,4 wk ahead,Bin,percent,0.6,0.7, 0.00020443890727491533529716627
Maryland,4 wk ahead,Bin,percent,0.7,0.8, 0.00020449857878259417769475914
Maryland,4 wk ahead,Bin,percent,0.8,0.9, 0.00033484274061284949406541722
Maryland,4 wk ahead,Bin,percent,0.9,1, 0.00076038712047409517339607854
Maryland,4 wk ahead,Bin,percent,1,1.1, 0.00159460697048017813887144101
Maryland,4 wk ahead,Bin,percent,1.1,1.2, 0.00309129956693029268530170661
Maryland,4 wk ahead,Bin,percent,1.2,1.3, 0.00554840794771287171283091766
Maryland,4 wk ahead,Bin,percent,1.3,1.4, 0.00923949972333174170124880931
Maryland,4 wk ahead,Bin,percent,1.4,1.5, 0.01431373451192363005501917428
Maryland,4 wk ahead,Bin,percent,1.5,1.6, 0.02070372549382562543662800181
Maryland,4 wk ahead,Bin,percent,1.6,1.7, 0.02808732044278012401905542106
Maryland,4 wk ahead,Bin,percent,1.7,1.8, 0.03593394499404944236742309727
Maryland,4 wk ahead,Bin,percent,1.8,1.9, 0.04361999233432921341258037273
Maryland,4 wk ahead,Bin,percent,1.9,2, 0.05055091820613642761284012295
Maryland,4 wk ahead,Bin,percent,2,2.1, 0.05623148951412720170095482786
Maryland,4 wk ahead,Bin,percent,2.1,2.2, 0.06026599199356510311309520489
Maryland,4 wk ahead,Bin,percent,2.2,2.3, 0.06233041898453762358345286998
Maryland,4 wk ahead,Bin,percent,2.3,2.4, 0.06217646219256064282765450457
Maryland,4 wk ahead,Bin,percent,2.4,2.5, 0.05969176707981581342377097599
Maryland,4 wk ahead,Bin,percent,2.5,2.6, 0.05499087495270711667405549861
Maryland,4 wk ahead,Bin,percent,2.6,2.7, 0.04848605410426317513516991653
Maryland,4 wk ahead,Bin,percent,2.7,2.8, 0.04088595401631748421644729774
Maryland,4 wk ahead,Bin,percent,2.8,2.9, 0.03311632568267374593373730818
Maryland,4 wk ahead,Bin,percent,2.9,3, 0.02617223325076244513920364909
Maryland,4 wk ahead,Bin,percent,3,3.1, 0.02093281039985561697847060714
Maryland,4 wk ahead,Bin,percent,3.1,3.2, 0.01797330329122726402801824008
Maryland,4 wk ahead,Bin,percent,3.2,3.3, 0.01741404424340591700071101400
Maryland,4 wk ahead,Bin,percent,3.3,3.4, 0.01885535581613904942965831424
Maryland,4 wk ahead,Bin,percent,3.4,3.5, 0.02143636783874731943644320609
Maryland,4 wk ahead,Bin,percent,3.5,3.6, 0.02403757202008668589221507261
Maryland,4 wk ahead,Bin,percent,3.6,3.7, 0.02558860271387353516048257518
Maryland,4 wk ahead,Bin,percent,3.7,3.8, 0.02538183233137701610981906697
Maryland,4 wk ahead,Bin,percent,3.8,3.9, 0.02326757692600966639928650181
Maryland,4 wk ahead,Bin,percent,3.9,4, 0.01964309812344770811431970969
Maryland,4 wk ahead,Bin,percent,4,4.1, 0.01524980300210758421552981190
Maryland,4 wk ahead,Bin,percent,4.1,4.2, 0.01088048735032938127420543140
Maryland,4 wk ahead,Bin,percent,4.2,4.3, 0.00713262289271879550839328132
Maryland,4 wk ahead,Bin,percent,4.3,4.4, 0.00429560464403689126755558902
Maryland,4 wk ahead,Bin,percent,4.4,4.5, 0.00237652338771930128624720879
Maryland,4 wk ahead,Bin,percent,4.5,4.6, 0.00120781947336673703419229753
Maryland,4 wk ahead,Bin,percent,4.6,4.7, 0.00056390722703764085098343539
Maryland,4 wk ahead,Bin,percent,4.7,4.8, 0.00029697625541667789028990598
Maryland,4 wk ahead,Bin,percent,4.8,4.9, 0.00028682034654350008120310411
Maryland,4 wk ahead,Bin,percent,4.9,5, 0.00028682034654350008120310411
Maryland,4 wk ahead,Bin,percent,5,5.1, 0.00028682034654350008120310411
Maryland,4 wk ahead,Bin,percent,5.1,5.2, 0.00028682034654350008120310411
Maryland,4 wk ahead,Bin,percent,5.2,5.3, 0.00028682034654350008120310411
Maryland,4 wk ahead,Bin,percent,5.3,5.4, 0.00028682034654350008120310411
Maryland,4 wk ahead,Bin,percent,5.4,5.5, 0.00028682034654350008120310411
Maryland,4 wk ahead,Bin,percent,5.5,5.6, 0.00028682034654350008120310411
Maryland,4 wk ahead,Bin,percent,5.6,5.7, 0.00028682034654350008120310411
Maryland,4 wk ahead,Bin,percent,5.7,5.8, 0.00028682034654350008120310411
Maryland,4 wk ahead,Bin,percent,5.8,5.9, 0.00028682034654350008120310411
Maryland,4 wk ahead,Bin,percent,5.9,6, 0.00028682034654350008120310411
Maryland,4 wk ahead,Bin,percent,6,6.1, 0.00028682034654350008120310411
Maryland,4 wk ahead,Bin,percent,6.1,6.2, 0.00028682034654350008120310411
Maryland,4 wk ahead,Bin,percent,6.2,6.3, 0.00028682034654350008120310411
Maryland,4 wk ahead,Bin,percent,6.3,6.4, 0.00028682034654350008120310411
Maryland,4 wk ahead,Bin,percent,6.4,6.5, 0.00028682034654350008120310411
Maryland,4 wk ahead,Bin,percent,6.5,6.6, 0.00028682034654350008120310411
Maryland,4 wk ahead,Bin,percent,6.6,6.7, 0.00028682034654350008120310411
Maryland,4 wk ahead,Bin,percent,6.7,6.8, 0.00028682034654350008120310411
Maryland,4 wk ahead,Bin,percent,6.8,6.9, 0.00028682034654350008120310411
Maryland,4 wk ahead,Bin,percent,6.9,7, 0.00028682034654350008120310411
Maryland,4 wk ahead,Bin,percent,7,7.1, 0.00028682034654350008120310411
Maryland,4 wk ahead,Bin,percent,7.1,7.2, 0.00028682034654350008120310411
Maryland,4 wk ahead,Bin,percent,7.2,7.3, 0.00028682034654350008120310411
Maryland,4 wk ahead,Bin,percent,7.3,7.4, 0.00028682034654350008120310411
Maryland,4 wk ahead,Bin,percent,7.4,7.5, 0.00028682034654350008120310411
Maryland,4 wk ahead,Bin,percent,7.5,7.6, 0.00028682034654350008120310411
Maryland,4 wk ahead,Bin,percent,7.6,7.7, 0.00028682034654350008120310411
Maryland,4 wk ahead,Bin,percent,7.7,7.8, 0.00028682034654350008120310411
Maryland,4 wk ahead,Bin,percent,7.8,7.9, 0.00028682034654350008120310411
Maryland,4 wk ahead,Bin,percent,7.9,8, 0.00028682034654350008120310411
Maryland,4 wk ahead,Bin,percent,8,8.1, 0.00028682034654350262907820945
Maryland,4 wk ahead,Bin,percent,8.1,8.2, 0.00028682034654350517695331479
Maryland,4 wk ahead,Bin,percent,8.2,8.3, 0.00028682034654350517695331479
Maryland,4 wk ahead,Bin,percent,8.3,8.4, 0.00028682034654350517695331479
Maryland,4 wk ahead,Bin,percent,8.4,8.5, 0.00028682034654350517695331479
Maryland,4 wk ahead,Bin,percent,8.5,8.6, 0.00028682034654350517695331479
Maryland,4 wk ahead,Bin,percent,8.6,8.7, 0.00028682034654350517695331479
Maryland,4 wk ahead,Bin,percent,8.7,8.8, 0.00028682034654350517695331479
Maryland,4 wk ahead,Bin,percent,8.8,8.9, 0.00028682034654350517695331479
Maryland,4 wk ahead,Bin,percent,8.9,9, 0.00028682034654350517695331479
Maryland,4 wk ahead,Bin,percent,9,9.1, 0.00028682034654350517695331479
Maryland,4 wk ahead,Bin,percent,9.1,9.2, 0.00028682034654350517695331479
Maryland,4 wk ahead,Bin,percent,9.2,9.3, 0.00028682034654350517695331479
Maryland,4 wk ahead,Bin,percent,9.3,9.4, 0.00028682034654350517695331479
Maryland,4 wk ahead,Bin,percent,9.4,9.5, 0.00028682034654350517695331479
Maryland,4 wk ahead,Bin,percent,9.5,9.6, 0.00028682034654350517695331479
Maryland,4 wk ahead,Bin,percent,9.6,9.7, 0.00028682034654350517695331479
Maryland,4 wk ahead,Bin,percent,9.7,9.8, 0.00028682034654350517695331479
Maryland,4 wk ahead,Bin,percent,9.8,9.9, 0.00028682034654350517695331479
Maryland,4 wk ahead,Bin,percent,9.9,10, 0.00028682034654350517695331479
Maryland,4 wk ahead,Bin,percent,10,10.1, 0.00028682034654350517695331479
Maryland,4 wk ahead,Bin,percent,10.1,10.2, 0.00028682034654350517695331479
Maryland,4 wk ahead,Bin,percent,10.2,10.3, 0.00028682034654350517695331479
Maryland,4 wk ahead,Bin,percent,10.3,10.4, 0.00028682034654350517695331479
Maryland,4 wk ahead,Bin,percent,10.4,10.5, 0.00028682034654350517695331479
Maryland,4 wk ahead,Bin,percent,10.5,10.6, 0.00028682034654350517695331479
Maryland,4 wk ahead,Bin,percent,10.6,10.7, 0.00028682034654350517695331479
Maryland,4 wk ahead,Bin,percent,10.7,10.8, 0.00028682034654350517695331479
Maryland,4 wk ahead,Bin,percent,10.8,10.9, 0.00028682034654350517695331479
Maryland,4 wk ahead,Bin,percent,10.9,11, 0.00028682034654350517695331479
Maryland,4 wk ahead,Bin,percent,11,11.1, 0.00028682034654350517695331479
Maryland,4 wk ahead,Bin,percent,11.1,11.2, 0.00028682034654350517695331479
Maryland,4 wk ahead,Bin,percent,11.2,11.3, 0.00028682034654350517695331479
Maryland,4 wk ahead,Bin,percent,11.3,11.4, 0.00028682034654350517695331479
Maryland,4 wk ahead,Bin,percent,11.4,11.5, 0.00028682034654350517695331479
Maryland,4 wk ahead,Bin,percent,11.5,11.6, 0.00028682034654350517695331479
Maryland,4 wk ahead,Bin,percent,11.6,11.7, 0.00028682034654350517695331479
Maryland,4 wk ahead,Bin,percent,11.7,11.8, 0.00028682034654350517695331479
Maryland,4 wk ahead,Bin,percent,11.8,11.9, 0.00028682034654350517695331479
Maryland,4 wk ahead,Bin,percent,11.9,12, 0.00028682034654350517695331479
Maryland,4 wk ahead,Bin,percent,12,12.1, 0.00028682034654350517695331479
Maryland,4 wk ahead,Bin,percent,12.1,12.2, 0.00028682034654350517695331479
Maryland,4 wk ahead,Bin,percent,12.2,12.3, 0.00028682034654350517695331479
Maryland,4 wk ahead,Bin,percent,12.3,12.4, 0.00028682034654350517695331479
Maryland,4 wk ahead,Bin,percent,12.4,12.5, 0.00028682034654350517695331479
Maryland,4 wk ahead,Bin,percent,12.5,12.6, 0.00028682034654350517695331479
Maryland,4 wk ahead,Bin,percent,12.6,12.7, 0.00028682034654350517695331479
Maryland,4 wk ahead,Bin,percent,12.7,12.8, 0.00028682034654350517695331479
Maryland,4 wk ahead,Bin,percent,12.8,12.9, 0.00028682034654350517695331479
Maryland,4 wk ahead,Bin,percent,12.9,13, 0.00028682034654350517695331479
Maryland,4 wk ahead,Bin,percent,13,100, 0.00028682034654350517695331479
Massachusetts,Season peak week,Bin,week,40,41, 0.00111075640289231419854942828
Massachusetts,Season peak week,Bin,week,41,42, 0.00111075640289231419854942828
Massachusetts,Season peak week,Bin,week,42,43, 0.00111075640289231419854942828
Massachusetts,Season peak week,Bin,week,43,44, 0.00111075640289231419854942828
Massachusetts,Season peak week,Bin,week,44,45, 0.00111075640289231419854942828
Massachusetts,Season peak week,Bin,week,45,46, 0.00111075640289231419854942828
Massachusetts,Season peak week,Bin,week,46,47, 0.00111075640289231419854942828
Massachusetts,Season peak week,Bin,week,47,48, 0.00111075640289231419854942828
Massachusetts,Season peak week,Bin,week,48,49, 0.00138542071175332755401943263
Massachusetts,Season peak week,Bin,week,49,50, 0.00770031026863777189050974670
Massachusetts,Season peak week,Bin,week,50,51, 0.03138091564356685486680831332
Massachusetts,Season peak week,Bin,week,51,52, 0.07287928264623098895125252739
Massachusetts,Season peak week,Bin,week,52,53, 0.09696387473227202624670439945
Massachusetts,Season peak week,Bin,week,1,2, 0.07675854649026105092080030090
Massachusetts,Season peak week,Bin,week,2,3, 0.04802726869505481721578377119
Massachusetts,Season peak week,Bin,week,3,4, 0.05133708160845572993080665469
Massachusetts,Season peak week,Bin,week,4,5, 0.08108638454413032159440177793
Massachusetts,Season peak week,Bin,week,5,6, 0.11989315947800507911047418474
Massachusetts,Season peak week,Bin,week,6,7, 0.14822814762542771416242715077
Massachusetts,Season peak week,Bin,week,7,8, 0.13324451426335406911682923692
Massachusetts,Season peak week,Bin,week,8,9, 0.07840914922190381219913035693
Massachusetts,Season peak week,Bin,week,9,10, 0.02870098832908132141517043578
Massachusetts,Season peak week,Bin,week,10,11, 0.00634928812186031157893673083
Massachusetts,Season peak week,Bin,week,11,12, 0.00107335147610827883607464983
Massachusetts,Season peak week,Bin,week,12,13, 0.00085514054675089325955467112
Massachusetts,Season peak week,Bin,week,13,14, 0.00085514054675089325955467112
Massachusetts,Season peak week,Bin,week,14,15, 0.00085514054675089325955467112
Massachusetts,Season peak week,Bin,week,15,16, 0.00085514054675089325955467112
Massachusetts,Season peak week,Bin,week,16,17, 0.00085514054675089325955467112
Massachusetts,Season peak week,Bin,week,17,18, 0.00085514054675089325955467112
Massachusetts,Season peak week,Bin,week,18,19, 0.00085514054675089325955467112
Massachusetts,Season peak week,Bin,week,19,20, 0.00085514054675089325955467112
Massachusetts,Season peak week,Bin,week,20,21, 0.00085514054675089325955467112
Massachusetts,Season peak percentage,Bin,percent,0,0.1, 0.00242907245964503644419796302
Massachusetts,Season peak percentage,Bin,percent,0.1,0.2, 0.00544935599030145143006897968
Massachusetts,Season peak percentage,Bin,percent,0.2,0.3, 0.00630404065007738028530992480
Massachusetts,Season peak percentage,Bin,percent,0.3,0.4, 0.00723740675979564745262662129
Massachusetts,Season peak percentage,Bin,percent,0.4,0.5, 0.00824682167757052018985941544
Massachusetts,Season peak percentage,Bin,percent,0.5,0.6, 0.00932682175500555016300907596
Massachusetts,Season peak percentage,Bin,percent,0.6,0.7, 0.01047044251847627747975533197
Massachusetts,Season peak percentage,Bin,percent,0.7,0.8, 0.01166896894096027849363483853
Massachusetts,Season peak percentage,Bin,percent,0.8,0.9, 0.01291107317218984085194222189
Massachusetts,Season peak percentage,Bin,percent,0.9,1, 0.01418396384341371295467748581
Massachusetts,Season peak percentage,Bin,percent,1,1.1, 0.01547336319920195740751367453
Massachusetts,Season peak percentage,Bin,percent,1.1,1.2, 0.01676371716417680499122688786
Massachusetts,Season peak percentage,Bin,percent,1.2,1.3, 0.01803865613039094470404499759
Massachusetts,Season peak percentage,Bin,percent,1.3,1.4, 0.01928160384874150548584204046
Massachusetts,Season peak percentage,Bin,percent,1.4,1.5, 0.02047564876647316872704251978
Massachusetts,Season peak percentage,Bin,percent,1.5,1.6, 0.02160491990788781374588367612
Massachusetts,Season peak percentage,Bin,percent,1.6,1.7, 0.02265474758432719018519385656
Massachusetts,Season peak percentage,Bin,percent,1.7,1.8, 0.02361135432739382145062023710
Massachusetts,Season peak percentage,Bin,percent,1.8,1.9, 0.02446297085938591020504162543
Massachusetts,Season peak percentage,Bin,percent,1.9,2, 0.02520068506999110016786325161
Massachusetts,Season peak percentage,Bin,percent,2,2.1, 0.02581753408723466008956037854
Massachusetts,Season peak percentage,Bin,percent,2.1,2.2, 0.02630856899740365711926060044
Massachusetts,Season peak percentage,Bin,percent,2.2,2.3, 0.02667202306617960302914660531
Massachusetts,Season peak percentage,Bin,percent,2.3,2.4, 0.02690899390785558495386986522
Massachusetts,Season peak percentage,Bin,percent,2.4,2.5, 0.02702191580060036429911107803
Massachusetts,Season peak percentage,Bin,percent,2.5,2.6, 0.02701518997104521147001321424
Massachusetts,Season peak percentage,Bin,percent,2.6,2.7, 0.02689614726791961230034644359
Massachusetts,Season peak percentage,Bin,percent,2.7,2.8, 0.02667252047615906521138562368
Massachusetts,Season peak percentage,Bin,percent,2.8,2.9, 0.02635253020834187401288950525
Massachusetts,Season peak percentage,Bin,percent,2.9,3, 0.02594595170849949700153658227
Massachusetts,Season peak percentage,Bin,percent,3,3.1, 0.02546214899132653169955275985
Massachusetts,Season peak percentage,Bin,percent,3.1,3.2, 0.02491032125387438247998694862
Massachusetts,Season peak percentage,Bin,percent,3.2,3.3, 0.02429885203418263861507853107
Massachusetts,Season peak percentage,Bin,percent,3.3,3.4, 0.02363606305724862827188914594
Massachusetts,Season peak percentage,Bin,percent,3.4,3.5, 0.02292904084133125588995660848
Massachusetts,Season peak percentage,Bin,percent,3.5,3.6, 0.02218369833016977515915968411
Massachusetts,Season peak percentage,Bin,percent,3.6,3.7, 0.02140544905496093858188189074
Massachusetts,Season peak percentage,Bin,percent,3.7,3.8, 0.02059877749326478532654327580
Massachusetts,Season peak percentage,Bin,percent,3.8,3.9, 0.01976726333030085977493506277
Massachusetts,Season peak percentage,Bin,percent,3.9,4, 0.01891405966924935427853071701
Massachusetts,Season peak percentage,Bin,percent,4,4.1, 0.01804208413131312346844303818
Massachusetts,Season peak percentage,Bin,percent,4.1,4.2, 0.01715403278602840864142109467
Massachusetts,Season peak percentage,Bin,percent,4.2,4.3, 0.01625261426847511569970805567
Massachusetts,Season peak percentage,Bin,percent,4.3,4.4, 0.01534086258587928110197484699
Massachusetts,Season peak percentage,Bin,percent,4.4,4.5, 0.01442217126787129037601697945
Massachusetts,Season peak percentage,Bin,percent,4.5,4.6, 0.01350031691108942270840298505
Massachusetts,Season peak percentage,Bin,percent,4.6,4.7, 0.01257959639999064668791639576
Massachusetts,Season peak percentage,Bin,percent,4.7,4.8, 0.01166472103795576295559577318
Massachusetts,Season peak percentage,Bin,percent,4.8,4.9, 0.01076077677413300043296473518
Massachusetts,Season peak percentage,Bin,percent,4.9,5, 0.00987319334779231290444290181
Massachusetts,Season peak percentage,Bin,percent,5,5.1, 0.00900740315606487693123050065
Massachusetts,Season peak percentage,Bin,percent,5.1,5.2, 0.00816876311909748957507115819
Massachusetts,Season peak percentage,Bin,percent,5.2,5.3, 0.00736244864452624721284923481
Massachusetts,Season peak percentage,Bin,percent,5.3,5.4, 0.00659342463303873738827975970
Massachusetts,Season peak percentage,Bin,percent,5.4,5.5, 0.00586564385748978601997638549
Massachusetts,Season peak percentage,Bin,percent,5.5,5.6, 0.00518257073496436113102525667
Massachusetts,Season peak percentage,Bin,percent,5.6,5.7, 0.00454721291930387100377330967
Massachusetts,Season peak percentage,Bin,percent,5.7,5.8, 0.00396119099555194021516912883
Massachusetts,Season peak percentage,Bin,percent,5.8,5.9, 0.00342533706166771312329188959
Massachusetts,Season peak percentage,Bin,percent,5.9,6, 0.00293991833931206165281269094
Massachusetts,Season peak percentage,Bin,percent,6,6.1, 0.00250421805775117006093166694
Massachusetts,Season peak percentage,Bin,percent,6.1,6.2, 0.00211662675337478392231793656
Massachusetts,Season peak percentage,Bin,percent,6.2,6.3, 0.00177490474835923471574883337
Massachusetts,Season peak percentage,Bin,percent,6.3,6.4, 0.00147667773646049590996476297
Massachusetts,Season peak percentage,Bin,percent,6.4,6.5, 0.00121873845752448078418039845
Massachusetts,Season peak percentage,Bin,percent,6.5,6.6, 0.00099761985411807069419609650
Massachusetts,Season peak percentage,Bin,percent,6.6,6.7, 0.00080992641883017039896447420
Massachusetts,Season peak percentage,Bin,percent,6.7,6.8, 0.00065222340994915747186544408
Massachusetts,Season peak percentage,Bin,percent,6.8,6.9, 0.00052079537845865721181620733
Massachusetts,Season peak percentage,Bin,percent,6.9,7, 0.00041234551299263128096989073
Massachusetts,Season peak percentage,Bin,percent,7,7.1, 0.00032375849169214581963621713
Massachusetts,Season peak percentage,Bin,percent,7.1,7.2, 0.00025205463026347333819685015
Massachusetts,Season peak percentage,Bin,percent,7.2,7.3, 0.00019453733239437073321113914
Massachusetts,Season peak percentage,Bin,percent,7.3,7.4, 0.00014884423570939406028697249
Massachusetts,Season peak percentage,Bin,percent,7.4,7.5, 0.00011293574419181174651755778
Massachusetts,Season peak percentage,Bin,percent,7.5,7.6, 0.00008529304492105333889307578
Massachusetts,Season peak percentage,Bin,percent,7.6,7.7, 0.00007711878270743977123891782
Massachusetts,Season peak percentage,Bin,percent,7.7,7.8, 0.00007711878270743977123891782
Massachusetts,Season peak percentage,Bin,percent,7.8,7.9, 0.00007711878270743977123891782
Massachusetts,Season peak percentage,Bin,percent,7.9,8, 0.00007711878270743977123891782
Massachusetts,Season peak percentage,Bin,percent,8,8.1, 0.00007711878270744044886527563
Massachusetts,Season peak percentage,Bin,percent,8.1,8.2, 0.00007711878270744112649163343
Massachusetts,Season peak percentage,Bin,percent,8.2,8.3, 0.00007711878270744112649163343
Massachusetts,Season peak percentage,Bin,percent,8.3,8.4, 0.00007711878270744112649163343
Massachusetts,Season peak percentage,Bin,percent,8.4,8.5, 0.00007711878270744112649163343
Massachusetts,Season peak percentage,Bin,percent,8.5,8.6, 0.00007711878270744112649163343
Massachusetts,Season peak percentage,Bin,percent,8.6,8.7, 0.00007711878270744112649163343
Massachusetts,Season peak percentage,Bin,percent,8.7,8.8, 0.00007711878270744112649163343
Massachusetts,Season peak percentage,Bin,percent,8.8,8.9, 0.00007711878270744112649163343
Massachusetts,Season peak percentage,Bin,percent,8.9,9, 0.00007711878270744112649163343
Massachusetts,Season peak percentage,Bin,percent,9,9.1, 0.00007711878270744112649163343
Massachusetts,Season peak percentage,Bin,percent,9.1,9.2, 0.00007711878270744112649163343
Massachusetts,Season peak percentage,Bin,percent,9.2,9.3, 0.00007711878270744112649163343
Massachusetts,Season peak percentage,Bin,percent,9.3,9.4, 0.00007711878270744112649163343
Massachusetts,Season peak percentage,Bin,percent,9.4,9.5, 0.00007711878270744112649163343
Massachusetts,Season peak percentage,Bin,percent,9.5,9.6, 0.00007711878270744112649163343
Massachusetts,Season peak percentage,Bin,percent,9.6,9.7, 0.00007711878270744112649163343
Massachusetts,Season peak percentage,Bin,percent,9.7,9.8, 0.00007711878270744112649163343
Massachusetts,Season peak percentage,Bin,percent,9.8,9.9, 0.00007711878270744112649163343
Massachusetts,Season peak percentage,Bin,percent,9.9,10, 0.00007711878270744112649163343
Massachusetts,Season peak percentage,Bin,percent,10,10.1, 0.00007711878270744112649163343
Massachusetts,Season peak percentage,Bin,percent,10.1,10.2, 0.00007711878270744112649163343
Massachusetts,Season peak percentage,Bin,percent,10.2,10.3, 0.00007711878270744112649163343
Massachusetts,Season peak percentage,Bin,percent,10.3,10.4, 0.00007711878270744112649163343
Massachusetts,Season peak percentage,Bin,percent,10.4,10.5, 0.00007711878270744112649163343
Massachusetts,Season peak percentage,Bin,percent,10.5,10.6, 0.00007711878270744112649163343
Massachusetts,Season peak percentage,Bin,percent,10.6,10.7, 0.00007711878270744112649163343
Massachusetts,Season peak percentage,Bin,percent,10.7,10.8, 0.00007711878270744112649163343
Massachusetts,Season peak percentage,Bin,percent,10.8,10.9, 0.00007711878270744112649163343
Massachusetts,Season peak percentage,Bin,percent,10.9,11, 0.00007711878270744112649163343
Massachusetts,Season peak percentage,Bin,percent,11,11.1, 0.00007711878270744112649163343
Massachusetts,Season peak percentage,Bin,percent,11.1,11.2, 0.00007711878270744112649163343
Massachusetts,Season peak percentage,Bin,percent,11.2,11.3, 0.00007711878270744112649163343
Massachusetts,Season peak percentage,Bin,percent,11.3,11.4, 0.00007711878270744112649163343
Massachusetts,Season peak percentage,Bin,percent,11.4,11.5, 0.00007711878270744112649163343
Massachusetts,Season peak percentage,Bin,percent,11.5,11.6, 0.00007711878270744112649163343
Massachusetts,Season peak percentage,Bin,percent,11.6,11.7, 0.00007711878270744112649163343
Massachusetts,Season peak percentage,Bin,percent,11.7,11.8, 0.00007711878270744112649163343
Massachusetts,Season peak percentage,Bin,percent,11.8,11.9, 0.00007711878270744112649163343
Massachusetts,Season peak percentage,Bin,percent,11.9,12, 0.00007711878270744112649163343
Massachusetts,Season peak percentage,Bin,percent,12,12.1, 0.00007711878270744112649163343
Massachusetts,Season peak percentage,Bin,percent,12.1,12.2, 0.00007711878270744112649163343
Massachusetts,Season peak percentage,Bin,percent,12.2,12.3, 0.00007711878270744112649163343
Massachusetts,Season peak percentage,Bin,percent,12.3,12.4, 0.00007711878270744112649163343
Massachusetts,Season peak percentage,Bin,percent,12.4,12.5, 0.00007711878270744112649163343
Massachusetts,Season peak percentage,Bin,percent,12.5,12.6, 0.00007711878270744112649163343
Massachusetts,Season peak percentage,Bin,percent,12.6,12.7, 0.00007711878270744112649163343
Massachusetts,Season peak percentage,Bin,percent,12.7,12.8, 0.00007711878270744112649163343
Massachusetts,Season peak percentage,Bin,percent,12.8,12.9, 0.00007711878270744112649163343
Massachusetts,Season peak percentage,Bin,percent,12.9,13, 0.00007711878270744112649163343
Massachusetts,Season peak percentage,Bin,percent,13,100, 0.00007711878270744112649163343
Massachusetts,1 wk ahead,Bin,percent,0,0.1, 0.00012766401297061385719001925
Massachusetts,1 wk ahead,Bin,percent,0.1,0.2, 0.00025532802594122776859014712
Massachusetts,1 wk ahead,Bin,percent,0.2,0.3, 0.00025532802594122766016992987
Massachusetts,1 wk ahead,Bin,percent,0.3,0.4, 0.00025532802594122766016992987
Massachusetts,1 wk ahead,Bin,percent,0.4,0.5, 0.00036904764664207458189221223
Massachusetts,1 wk ahead,Bin,percent,0.5,0.6, 0.00092485719761913043595463746
Massachusetts,1 wk ahead,Bin,percent,0.6,0.7, 0.00211315597950958175901825520
Massachusetts,1 wk ahead,Bin,percent,0.7,0.8, 0.00436404177147508860051816626
Massachusetts,1 wk ahead,Bin,percent,0.8,0.9, 0.00817181984177077838649161379
Massachusetts,1 wk ahead,Bin,percent,0.9,1, 0.01393029488699104416482565938
Massachusetts,1 wk ahead,Bin,percent,1,1.1, 0.02172237809297004190733915152
Massachusetts,1 wk ahead,Bin,percent,1.1,1.2, 0.03116430601004202549653143706
Massachusetts,1 wk ahead,Bin,percent,1.2,1.3, 0.04140221343427702427320014067
Massachusetts,1 wk ahead,Bin,percent,1.3,1.4, 0.05128408633303439129180745226
Massachusetts,1 wk ahead,Bin,percent,1.4,1.5, 0.05962282935671008032851858616
Massachusetts,1 wk ahead,Bin,percent,1.5,1.6, 0.06543747419946140120305955179
Massachusetts,1 wk ahead,Bin,percent,1.6,1.7, 0.06812667871791383555901688851
Massachusetts,1 wk ahead,Bin,percent,1.7,1.8, 0.06761299708585802314964041670
Massachusetts,1 wk ahead,Bin,percent,1.8,1.9, 0.06446884807131839090210689847
Massachusetts,1 wk ahead,Bin,percent,1.9,2, 0.05991079491715094185178003272
Massachusetts,1 wk ahead,Bin,percent,2,2.1, 0.05547680140517177727055297964
Massachusetts,1 wk ahead,Bin,percent,2.1,2.2, 0.05237151627900018396877257487
Massachusetts,1 wk ahead,Bin,percent,2.2,2.3, 0.05079992357730433311102657967
Massachusetts,1 wk ahead,Bin,percent,2.3,2.4, 0.04978349062345297643128461118
Massachusetts,1 wk ahead,Bin,percent,2.4,2.5, 0.04770237504763943231500533670
Massachusetts,1 wk ahead,Bin,percent,2.5,2.6, 0.04327146346340112609274441979
Massachusetts,1 wk ahead,Bin,percent,2.6,2.7, 0.03630392124735574987948183434
Massachusetts,1 wk ahead,Bin,percent,2.7,2.8, 0.02777322653232682306279066609
Massachusetts,1 wk ahead,Bin,percent,2.8,2.9, 0.01922106950640409955832765831
Massachusetts,1 wk ahead,Bin,percent,2.9,3, 0.01198296483415404144190485880
Massachusetts,1 wk ahead,Bin,percent,3,3.1, 0.00671447482454915964278363560
Massachusetts,1 wk ahead,Bin,percent,3.1,3.2, 0.00337752957048373337808899741
Massachusetts,1 wk ahead,Bin,percent,3.2,3.3, 0.00152416693298325768395062862
Massachusetts,1 wk ahead,Bin,percent,3.3,3.4, 0.00061678887314046114149351796
Massachusetts,1 wk ahead,Bin,percent,3.4,3.5, 0.00032725921234845109768912819
Massachusetts,1 wk ahead,Bin,percent,3.5,3.6, 0.00032534954621610414444640713
Massachusetts,1 wk ahead,Bin,percent,3.6,3.7, 0.00032534954621610414444640713
Massachusetts,1 wk ahead,Bin,percent,3.7,3.8, 0.00032534954621610414444640713
Massachusetts,1 wk ahead,Bin,percent,3.8,3.9, 0.00032534954621610414444640713
Massachusetts,1 wk ahead,Bin,percent,3.9,4, 0.00032534954621610414444640713
Massachusetts,1 wk ahead,Bin,percent,4,4.1, 0.00032534954621610414444640713
Massachusetts,1 wk ahead,Bin,percent,4.1,4.2, 0.00032534954621610414444640713
Massachusetts,1 wk ahead,Bin,percent,4.2,4.3, 0.00032534954621610414444640713
Massachusetts,1 wk ahead,Bin,percent,4.3,4.4, 0.00032534954621610414444640713
Massachusetts,1 wk ahead,Bin,percent,4.4,4.5, 0.00032534954621610414444640713
Massachusetts,1 wk ahead,Bin,percent,4.5,4.6, 0.00032534954621610414444640713
Massachusetts,1 wk ahead,Bin,percent,4.6,4.7, 0.00032534954621610414444640713
Massachusetts,1 wk ahead,Bin,percent,4.7,4.8, 0.00032534954621610414444640713
Massachusetts,1 wk ahead,Bin,percent,4.8,4.9, 0.00032534954621610414444640713
Massachusetts,1 wk ahead,Bin,percent,4.9,5, 0.00032534954621610414444640713
Massachusetts,1 wk ahead,Bin,percent,5,5.1, 0.00032534954621610414444640713
Massachusetts,1 wk ahead,Bin,percent,5.1,5.2, 0.00032534954621610414444640713
Massachusetts,1 wk ahead,Bin,percent,5.2,5.3, 0.00032534954621610414444640713
Massachusetts,1 wk ahead,Bin,percent,5.3,5.4, 0.00032534954621610414444640713
Massachusetts,1 wk ahead,Bin,percent,5.4,5.5, 0.00032534954621610414444640713
Massachusetts,1 wk ahead,Bin,percent,5.5,5.6, 0.00032534954621610414444640713
Massachusetts,1 wk ahead,Bin,percent,5.6,5.7, 0.00032534954621610414444640713
Massachusetts,1 wk ahead,Bin,percent,5.7,5.8, 0.00032534954621610414444640713
Massachusetts,1 wk ahead,Bin,percent,5.8,5.9, 0.00032534954621610414444640713
Massachusetts,1 wk ahead,Bin,percent,5.9,6, 0.00032534954621610414444640713
Massachusetts,1 wk ahead,Bin,percent,6,6.1, 0.00032534954621610414444640713
Massachusetts,1 wk ahead,Bin,percent,6.1,6.2, 0.00032534954621610414444640713
Massachusetts,1 wk ahead,Bin,percent,6.2,6.3, 0.00032534954621610414444640713
Massachusetts,1 wk ahead,Bin,percent,6.3,6.4, 0.00032534954621610414444640713
Massachusetts,1 wk ahead,Bin,percent,6.4,6.5, 0.00032534954621610414444640713
Massachusetts,1 wk ahead,Bin,percent,6.5,6.6, 0.00032534954621610414444640713
Massachusetts,1 wk ahead,Bin,percent,6.6,6.7, 0.00032534954621610414444640713
Massachusetts,1 wk ahead,Bin,percent,6.7,6.8, 0.00032534954621610414444640713
Massachusetts,1 wk ahead,Bin,percent,6.8,6.9, 0.00032534954621610414444640713
Massachusetts,1 wk ahead,Bin,percent,6.9,7, 0.00032534954621610414444640713
Massachusetts,1 wk ahead,Bin,percent,7,7.1, 0.00032534954621610414444640713
Massachusetts,1 wk ahead,Bin,percent,7.1,7.2, 0.00032534954621610414444640713
Massachusetts,1 wk ahead,Bin,percent,7.2,7.3, 0.00032534954621610414444640713
Massachusetts,1 wk ahead,Bin,percent,7.3,7.4, 0.00032534954621610414444640713
Massachusetts,1 wk ahead,Bin,percent,7.4,7.5, 0.00032534954621610414444640713
Massachusetts,1 wk ahead,Bin,percent,7.5,7.6, 0.00032534954621610414444640713
Massachusetts,1 wk ahead,Bin,percent,7.6,7.7, 0.00032534954621610414444640713
Massachusetts,1 wk ahead,Bin,percent,7.7,7.8, 0.00032534954621610414444640713
Massachusetts,1 wk ahead,Bin,percent,7.8,7.9, 0.00032534954621610414444640713
Massachusetts,1 wk ahead,Bin,percent,7.9,8, 0.00032534954621610414444640713
Massachusetts,1 wk ahead,Bin,percent,8,8.1, 0.00032534954621610696337205559
Massachusetts,1 wk ahead,Bin,percent,8.1,8.2, 0.00032534954621610989071792130
Massachusetts,1 wk ahead,Bin,percent,8.2,8.3, 0.00032534954621610989071792130
Massachusetts,1 wk ahead,Bin,percent,8.3,8.4, 0.00032534954621610989071792130
Massachusetts,1 wk ahead,Bin,percent,8.4,8.5, 0.00032534954621610989071792130
Massachusetts,1 wk ahead,Bin,percent,8.5,8.6, 0.00032534954621610989071792130
Massachusetts,1 wk ahead,Bin,percent,8.6,8.7, 0.00032534954621610989071792130
Massachusetts,1 wk ahead,Bin,percent,8.7,8.8, 0.00032534954621610989071792130
Massachusetts,1 wk ahead,Bin,percent,8.8,8.9, 0.00032534954621610989071792130
Massachusetts,1 wk ahead,Bin,percent,8.9,9, 0.00032534954621610989071792130
Massachusetts,1 wk ahead,Bin,percent,9,9.1, 0.00032534954621610989071792130
Massachusetts,1 wk ahead,Bin,percent,9.1,9.2, 0.00032534954621610989071792130
Massachusetts,1 wk ahead,Bin,percent,9.2,9.3, 0.00032534954621610989071792130
Massachusetts,1 wk ahead,Bin,percent,9.3,9.4, 0.00032534954621610989071792130
Massachusetts,1 wk ahead,Bin,percent,9.4,9.5, 0.00032534954621610989071792130
Massachusetts,1 wk ahead,Bin,percent,9.5,9.6, 0.00032534954621610989071792130
Massachusetts,1 wk ahead,Bin,percent,9.6,9.7, 0.00032534954621610989071792130
Massachusetts,1 wk ahead,Bin,percent,9.7,9.8, 0.00032534954621610989071792130
Massachusetts,1 wk ahead,Bin,percent,9.8,9.9, 0.00032534954621610989071792130
Massachusetts,1 wk ahead,Bin,percent,9.9,10, 0.00032534954621610989071792130
Massachusetts,1 wk ahead,Bin,percent,10,10.1, 0.00032534954621610989071792130
Massachusetts,1 wk ahead,Bin,percent,10.1,10.2, 0.00032534954621610989071792130
Massachusetts,1 wk ahead,Bin,percent,10.2,10.3, 0.00032534954621610989071792130
Massachusetts,1 wk ahead,Bin,percent,10.3,10.4, 0.00032534954621610989071792130
Massachusetts,1 wk ahead,Bin,percent,10.4,10.5, 0.00032534954621610989071792130
Massachusetts,1 wk ahead,Bin,percent,10.5,10.6, 0.00032534954621610989071792130
Massachusetts,1 wk ahead,Bin,percent,10.6,10.7, 0.00032534954621610989071792130
Massachusetts,1 wk ahead,Bin,percent,10.7,10.8, 0.00032534954621610989071792130
Massachusetts,1 wk ahead,Bin,percent,10.8,10.9, 0.00032534954621610989071792130
Massachusetts,1 wk ahead,Bin,percent,10.9,11, 0.00032534954621610989071792130
Massachusetts,1 wk ahead,Bin,percent,11,11.1, 0.00032534954621610989071792130
Massachusetts,1 wk ahead,Bin,percent,11.1,11.2, 0.00032534954621610989071792130
Massachusetts,1 wk ahead,Bin,percent,11.2,11.3, 0.00032534954621610989071792130
Massachusetts,1 wk ahead,Bin,percent,11.3,11.4, 0.00032534954621610989071792130
Massachusetts,1 wk ahead,Bin,percent,11.4,11.5, 0.00032534954621610989071792130
Massachusetts,1 wk ahead,Bin,percent,11.5,11.6, 0.00032534954621610989071792130
Massachusetts,1 wk ahead,Bin,percent,11.6,11.7, 0.00032534954621610989071792130
Massachusetts,1 wk ahead,Bin,percent,11.7,11.8, 0.00032534954621610989071792130
Massachusetts,1 wk ahead,Bin,percent,11.8,11.9, 0.00032534954621610989071792130
Massachusetts,1 wk ahead,Bin,percent,11.9,12, 0.00032534954621610989071792130
Massachusetts,1 wk ahead,Bin,percent,12,12.1, 0.00032534954621610989071792130
Massachusetts,1 wk ahead,Bin,percent,12.1,12.2, 0.00032534954621610989071792130
Massachusetts,1 wk ahead,Bin,percent,12.2,12.3, 0.00032534954621610989071792130
Massachusetts,1 wk ahead,Bin,percent,12.3,12.4, 0.00032534954621610989071792130
Massachusetts,1 wk ahead,Bin,percent,12.4,12.5, 0.00032534954621610989071792130
Massachusetts,1 wk ahead,Bin,percent,12.5,12.6, 0.00032534954621610989071792130
Massachusetts,1 wk ahead,Bin,percent,12.6,12.7, 0.00032534954621610989071792130
Massachusetts,1 wk ahead,Bin,percent,12.7,12.8, 0.00032534954621610989071792130
Massachusetts,1 wk ahead,Bin,percent,12.8,12.9, 0.00032534954621610989071792130
Massachusetts,1 wk ahead,Bin,percent,12.9,13, 0.00032534954621610989071792130
Massachusetts,1 wk ahead,Bin,percent,13,100, 0.00032534954621610989071792130
Massachusetts,2 wk ahead,Bin,percent,0,0.1, 0.00035873417745120415997192587
Massachusetts,2 wk ahead,Bin,percent,0.1,0.2, 0.00106538153510800023826554650
Massachusetts,2 wk ahead,Bin,percent,0.2,0.3, 0.00172546474407436626133383051
Massachusetts,2 wk ahead,Bin,percent,0.3,0.4, 0.00268837102647041673378347504
Massachusetts,2 wk ahead,Bin,percent,0.4,0.5, 0.00403509485076043120793665153
Massachusetts,2 wk ahead,Bin,percent,0.5,0.6, 0.00584335194146152862859633359
Massachusetts,2 wk ahead,Bin,percent,0.6,0.7, 0.00817887637486049492996365018
Massachusetts,2 wk ahead,Bin,percent,0.7,0.8, 0.01108523366267069425183944276
Massachusetts,2 wk ahead,Bin,percent,0.8,0.9, 0.01457627624125024633217062586
Massachusetts,2 wk ahead,Bin,percent,0.9,1, 0.01862787242528810699448982291
Massachusetts,2 wk ahead,Bin,percent,1,1.1, 0.02317141288943266527744491157
Massachusetts,2 wk ahead,Bin,percent,1.1,1.2, 0.02808656771522014330977334851
Massachusetts,2 wk ahead,Bin,percent,1.2,1.3, 0.03319514344377972464572579270
Massachusetts,2 wk ahead,Bin,percent,1.3,1.4, 0.03825935979410267223643771217
Massachusetts,2 wk ahead,Bin,percent,1.4,1.5, 0.04298960979040898633396494688
Massachusetts,2 wk ahead,Bin,percent,1.5,1.6, 0.04706628564800877101426124227
Massachusetts,2 wk ahead,Bin,percent,1.6,1.7, 0.05017795561593486886042825290
Massachusetts,2 wk ahead,Bin,percent,1.7,1.8, 0.05206684988425252375021656803
Massachusetts,2 wk ahead,Bin,percent,1.8,1.9, 0.05257807865457335416703443798
Massachusetts,2 wk ahead,Bin,percent,1.9,2, 0.05168887736460114901149154321
Massachusetts,2 wk ahead,Bin,percent,2,2.1, 0.04951667794085642948509473626
Massachusetts,2 wk ahead,Bin,percent,2.1,2.2, 0.04629733278250308670109802733
Massachusetts,2 wk ahead,Bin,percent,2.2,2.3, 0.04234220035175872282051656725
Massachusetts,2 wk ahead,Bin,percent,2.3,2.4, 0.03798794308169229499982932907
Massachusetts,2 wk ahead,Bin,percent,2.4,2.5, 0.03355203448433549673346476538
Massachusetts,2 wk ahead,Bin,percent,2.5,2.6, 0.02930442122842162600004911610
Massachusetts,2 wk ahead,Bin,percent,2.6,2.7, 0.02545650353927016162902674523
Massachusetts,2 wk ahead,Bin,percent,2.7,2.8, 0.02216057187156854693665941625
Massachusetts,2 wk ahead,Bin,percent,2.8,2.9, 0.01951394147626785147142669530
Massachusetts,2 wk ahead,Bin,percent,2.9,3, 0.01755670726230233735787322757
Massachusetts,2 wk ahead,Bin,percent,3,3.1, 0.01626851573472613138315878700
Massachusetts,2 wk ahead,Bin,percent,3.1,3.2, 0.01556260700542318707595423888
Massachusetts,2 wk ahead,Bin,percent,3.2,3.3, 0.01528896190566839466407067505
Massachusetts,2 wk ahead,Bin,percent,3.3,3.4, 0.01525002228013585051091816069
Massachusetts,2 wk ahead,Bin,percent,3.4,3.5, 0.01522881716479917123263643219
Massachusetts,2 wk ahead,Bin,percent,3.5,3.6, 0.01502609328873300183204708702
Massachusetts,2 wk ahead,Bin,percent,3.6,3.7, 0.01449568894554973189081614748
Massachusetts,2 wk ahead,Bin,percent,3.7,3.8, 0.01356859559597723557944348727
Massachusetts,2 wk ahead,Bin,percent,3.8,3.9, 0.01226016651911942222097362531
Massachusetts,2 wk ahead,Bin,percent,3.9,4, 0.01065743335029490160281717692
Massachusetts,2 wk ahead,Bin,percent,4,4.1, 0.00889350305154494591430847095
Massachusetts,2 wk ahead,Bin,percent,4.1,4.2, 0.00711485326300273501765047968
Massachusetts,2 wk ahead,Bin,percent,4.2,4.3, 0.00545214426728746377748269225
Massachusetts,2 wk ahead,Bin,percent,4.3,4.4, 0.00399978433123996356124418838
Massachusetts,2 wk ahead,Bin,percent,4.4,4.5, 0.00280833206087251294885698272
Massachusetts,2 wk ahead,Bin,percent,4.5,4.6, 0.00188663715887364994913677485
Massachusetts,2 wk ahead,Bin,percent,4.6,4.7, 0.00121264222062443874361470364
Massachusetts,2 wk ahead,Bin,percent,4.7,4.8, 0.00074562669147225694131486673
Massachusetts,2 wk ahead,Bin,percent,4.8,4.9, 0.00043857484443431181495715032
Massachusetts,2 wk ahead,Bin,percent,4.9,5, 0.00024676838577339821768213968
Massachusetts,2 wk ahead,Bin,percent,5,5.1, 0.00015672304164546181550615733
Massachusetts,2 wk ahead,Bin,percent,5.1,5.2, 0.00015355471367643565750067680
Massachusetts,2 wk ahead,Bin,percent,5.2,5.3, 0.00015355471367643565750067680
Massachusetts,2 wk ahead,Bin,percent,5.3,5.4, 0.00015355471367643565750067680
Massachusetts,2 wk ahead,Bin,percent,5.4,5.5, 0.00015355471367643565750067680
Massachusetts,2 wk ahead,Bin,percent,5.5,5.6, 0.00015355471367643565750067680
Massachusetts,2 wk ahead,Bin,percent,5.6,5.7, 0.00015355471367643565750067680
Massachusetts,2 wk ahead,Bin,percent,5.7,5.8, 0.00015355471367643565750067680
Massachusetts,2 wk ahead,Bin,percent,5.8,5.9, 0.00015355471367643565750067680
Massachusetts,2 wk ahead,Bin,percent,5.9,6, 0.00015355471367643565750067680
Massachusetts,2 wk ahead,Bin,percent,6,6.1, 0.00015355471367643565750067680
Massachusetts,2 wk ahead,Bin,percent,6.1,6.2, 0.00015355471367643565750067680
Massachusetts,2 wk ahead,Bin,percent,6.2,6.3, 0.00015355471367643565750067680
Massachusetts,2 wk ahead,Bin,percent,6.3,6.4, 0.00015355471367643565750067680
Massachusetts,2 wk ahead,Bin,percent,6.4,6.5, 0.00015355471367643565750067680
Massachusetts,2 wk ahead,Bin,percent,6.5,6.6, 0.00015355471367643565750067680
Massachusetts,2 wk ahead,Bin,percent,6.6,6.7, 0.00015355471367643565750067680
Massachusetts,2 wk ahead,Bin,percent,6.7,6.8, 0.00015355471367643565750067680
Massachusetts,2 wk ahead,Bin,percent,6.8,6.9, 0.00015355471367643565750067680
Massachusetts,2 wk ahead,Bin,percent,6.9,7, 0.00015355471367643565750067680
Massachusetts,2 wk ahead,Bin,percent,7,7.1, 0.00015355471367643565750067680
Massachusetts,2 wk ahead,Bin,percent,7.1,7.2, 0.00015355471367643565750067680
Massachusetts,2 wk ahead,Bin,percent,7.2,7.3, 0.00015355471367643565750067680
Massachusetts,2 wk ahead,Bin,percent,7.3,7.4, 0.00015355471367643565750067680
Massachusetts,2 wk ahead,Bin,percent,7.4,7.5, 0.00015355471367643565750067680
Massachusetts,2 wk ahead,Bin,percent,7.5,7.6, 0.00015355471367643565750067680
Massachusetts,2 wk ahead,Bin,percent,7.6,7.7, 0.00015355471367643565750067680
Massachusetts,2 wk ahead,Bin,percent,7.7,7.8, 0.00015355471367643565750067680
Massachusetts,2 wk ahead,Bin,percent,7.8,7.9, 0.00015355471367643565750067680
Massachusetts,2 wk ahead,Bin,percent,7.9,8, 0.00015355471367643565750067680
Massachusetts,2 wk ahead,Bin,percent,8,8.1, 0.00015355471367643703985844672
Massachusetts,2 wk ahead,Bin,percent,8.1,8.2, 0.00015355471367643839511116233
Massachusetts,2 wk ahead,Bin,percent,8.2,8.3, 0.00015355471367643839511116233
Massachusetts,2 wk ahead,Bin,percent,8.3,8.4, 0.00015355471367643839511116233
Massachusetts,2 wk ahead,Bin,percent,8.4,8.5, 0.00015355471367643839511116233
Massachusetts,2 wk ahead,Bin,percent,8.5,8.6, 0.00015355471367643839511116233
Massachusetts,2 wk ahead,Bin,percent,8.6,8.7, 0.00015355471367643839511116233
Massachusetts,2 wk ahead,Bin,percent,8.7,8.8, 0.00015355471367643839511116233
Massachusetts,2 wk ahead,Bin,percent,8.8,8.9, 0.00015355471367643839511116233
Massachusetts,2 wk ahead,Bin,percent,8.9,9, 0.00015355471367643839511116233
Massachusetts,2 wk ahead,Bin,percent,9,9.1, 0.00015355471367643839511116233
Massachusetts,2 wk ahead,Bin,percent,9.1,9.2, 0.00015355471367643839511116233
Massachusetts,2 wk ahead,Bin,percent,9.2,9.3, 0.00015355471367643839511116233
Massachusetts,2 wk ahead,Bin,percent,9.3,9.4, 0.00015355471367643839511116233
Massachusetts,2 wk ahead,Bin,percent,9.4,9.5, 0.00015355471367643839511116233
Massachusetts,2 wk ahead,Bin,percent,9.5,9.6, 0.00015355471367643839511116233
Massachusetts,2 wk ahead,Bin,percent,9.6,9.7, 0.00015355471367643839511116233
Massachusetts,2 wk ahead,Bin,percent,9.7,9.8, 0.00015355471367643839511116233
Massachusetts,2 wk ahead,Bin,percent,9.8,9.9, 0.00015355471367643839511116233
Massachusetts,2 wk ahead,Bin,percent,9.9,10, 0.00015355471367643839511116233
Massachusetts,2 wk ahead,Bin,percent,10,10.1, 0.00015355471367643839511116233
Massachusetts,2 wk ahead,Bin,percent,10.1,10.2, 0.00015355471367643839511116233
Massachusetts,2 wk ahead,Bin,percent,10.2,10.3, 0.00015355471367643839511116233
Massachusetts,2 wk ahead,Bin,percent,10.3,10.4, 0.00015355471367643839511116233
Massachusetts,2 wk ahead,Bin,percent,10.4,10.5, 0.00015355471367643839511116233
Massachusetts,2 wk ahead,Bin,percent,10.5,10.6, 0.00015355471367643839511116233
Massachusetts,2 wk ahead,Bin,percent,10.6,10.7, 0.00015355471367643839511116233
Massachusetts,2 wk ahead,Bin,percent,10.7,10.8, 0.00015355471367643839511116233
Massachusetts,2 wk ahead,Bin,percent,10.8,10.9, 0.00015355471367643839511116233
Massachusetts,2 wk ahead,Bin,percent,10.9,11, 0.00015355471367643839511116233
Massachusetts,2 wk ahead,Bin,percent,11,11.1, 0.00015355471367643839511116233
Massachusetts,2 wk ahead,Bin,percent,11.1,11.2, 0.00015355471367643839511116233
Massachusetts,2 wk ahead,Bin,percent,11.2,11.3, 0.00015355471367643839511116233
Massachusetts,2 wk ahead,Bin,percent,11.3,11.4, 0.00015355471367643839511116233
Massachusetts,2 wk ahead,Bin,percent,11.4,11.5, 0.00015355471367643839511116233
Massachusetts,2 wk ahead,Bin,percent,11.5,11.6, 0.00015355471367643839511116233
Massachusetts,2 wk ahead,Bin,percent,11.6,11.7, 0.00015355471367643839511116233
Massachusetts,2 wk ahead,Bin,percent,11.7,11.8, 0.00015355471367643839511116233
Massachusetts,2 wk ahead,Bin,percent,11.8,11.9, 0.00015355471367643839511116233
Massachusetts,2 wk ahead,Bin,percent,11.9,12, 0.00015355471367643839511116233
Massachusetts,2 wk ahead,Bin,percent,12,12.1, 0.00015355471367643839511116233
Massachusetts,2 wk ahead,Bin,percent,12.1,12.2, 0.00015355471367643839511116233
Massachusetts,2 wk ahead,Bin,percent,12.2,12.3, 0.00015355471367643839511116233
Massachusetts,2 wk ahead,Bin,percent,12.3,12.4, 0.00015355471367643839511116233
Massachusetts,2 wk ahead,Bin,percent,12.4,12.5, 0.00015355471367643839511116233
Massachusetts,2 wk ahead,Bin,percent,12.5,12.6, 0.00015355471367643839511116233
Massachusetts,2 wk ahead,Bin,percent,12.6,12.7, 0.00015355471367643839511116233
Massachusetts,2 wk ahead,Bin,percent,12.7,12.8, 0.00015355471367643839511116233
Massachusetts,2 wk ahead,Bin,percent,12.8,12.9, 0.00015355471367643839511116233
Massachusetts,2 wk ahead,Bin,percent,12.9,13, 0.00015355471367643839511116233
Massachusetts,2 wk ahead,Bin,percent,13,100, 0.00015355471367643839511116233
Massachusetts,3 wk ahead,Bin,percent,0,0.1, 0.00154619296940027299742947964
Massachusetts,3 wk ahead,Bin,percent,0.1,0.2, 0.00389780313918844075263270277
Massachusetts,3 wk ahead,Bin,percent,0.2,0.3, 0.00519359131121196852809429600
Massachusetts,3 wk ahead,Bin,percent,0.3,0.4, 0.00677789684097769139919931192
Massachusetts,3 wk ahead,Bin,percent,0.4,0.5, 0.00866766869994467503701685018
Massachusetts,3 wk ahead,Bin,percent,0.5,0.6, 0.01086498287381058164280389633
Massachusetts,3 wk ahead,Bin,percent,0.6,0.7, 0.01335692327292317162223955762
Massachusetts,3 wk ahead,Bin,percent,0.7,0.8, 0.01611098865629416801437123752
Massachusetts,3 wk ahead,Bin,percent,0.8,0.9, 0.01907780585599198885926597313
Massachusetts,3 wk ahead,Bin,percent,0.9,1, 0.02219051095597550718463430997
Massachusetts,3 wk ahead,Bin,percent,1,1.1, 0.02536983502712039303950142255
Massachusetts,3 wk ahead,Bin,percent,1.1,1.2, 0.02852769649107718755165485902
Massachusetts,3 wk ahead,Bin,percent,1.2,1.3, 0.03157312290575187835317549911
Massachusetts,3 wk ahead,Bin,percent,1.3,1.4, 0.03441841956570670935100508814
Massachusetts,3 wk ahead,Bin,percent,1.4,1.5, 0.03698282124277291194047734280
Massachusetts,3 wk ahead,Bin,percent,1.5,1.6, 0.03919864085035860978845079217
Massachusetts,3 wk ahead,Bin,percent,1.6,1.7, 0.04101132541029134381815879351
Massachusetts,3 wk ahead,Bin,percent,1.7,1.8, 0.04238308512113821147071490714
Massachusetts,3 wk ahead,Bin,percent,1.8,1.9, 0.04329059604129881916323441260
Massachusetts,3 wk ahead,Bin,percent,1.9,2, 0.04372517749121469787798588413
Massachusetts,3 wk ahead,Bin,percent,2,2.1, 0.04369063318067502310615424221
Massachusetts,3 wk ahead,Bin,percent,2.1,2.2, 0.04320089828572200307821304932
Massachusetts,3 wk ahead,Bin,percent,2.2,2.3, 0.04228005088417295664893202911
Massachusetts,3 wk ahead,Bin,percent,2.3,2.4, 0.04095828908740740958993598042
Massachusetts,3 wk ahead,Bin,percent,2.4,2.5, 0.03927399149775380460258844550
Massachusetts,3 wk ahead,Bin,percent,2.5,2.6, 0.03726979442416886167954714892
Massachusetts,3 wk ahead,Bin,percent,2.6,2.7, 0.03499459087575446103457466052
Massachusetts,3 wk ahead,Bin,percent,2.7,2.8, 0.03249998139887907283585022356
Massachusetts,3 wk ahead,Bin,percent,2.8,2.9, 0.02984211009720630011776698609
Massachusetts,3 wk ahead,Bin,percent,2.9,3, 0.02707807108821457323100112546
Massachusetts,3 wk ahead,Bin,percent,3,3.1, 0.02426618230369947948332765009
Massachusetts,3 wk ahead,Bin,percent,3.1,3.2, 0.02146366437457995768323115726
Massachusetts,3 wk ahead,Bin,percent,3.2,3.3, 0.01872503598713173844636514787
Massachusetts,3 wk ahead,Bin,percent,3.3,3.4, 0.01610072864435367970270540638
Massachusetts,3 wk ahead,Bin,percent,3.4,3.5, 0.01363437678254130445976155528
Massachusetts,3 wk ahead,Bin,percent,3.5,3.6, 0.01136231182986928260614245545
Massachusetts,3 wk ahead,Bin,percent,3.6,3.7, 0.00931097322698697278664514698
Massachusetts,3 wk ahead,Bin,percent,3.7,3.8, 0.00749724325157757800347502197
Massachusetts,3 wk ahead,Bin,percent,3.8,3.9, 0.00592747692872474130770799050
Massachusetts,3 wk ahead,Bin,percent,3.9,4, 0.00459819860390600632094049161
Massachusetts,3 wk ahead,Bin,percent,4,4.1, 0.00349786014381834112207947385
Massachusetts,3 wk ahead,Bin,percent,4.1,4.2, 0.00260749100138447454169665640
Massachusetts,3 wk ahead,Bin,percent,4.2,4.3, 0.00190393775074107702086068095
Massachusetts,3 wk ahead,Bin,percent,4.3,4.4, 0.00136084351173267883647333143
Massachusetts,3 wk ahead,Bin,percent,4.4,4.5, 0.00095194866347970258889377160
Massachusetts,3 wk ahead,Bin,percent,4.5,4.6, 0.00065126261795209585206412051
Massachusetts,3 wk ahead,Bin,percent,4.6,4.7, 0.00043574256616526834372249422
Massachusetts,3 wk ahead,Bin,percent,4.7,4.8, 0.00028493499160834196695310516
Massachusetts,3 wk ahead,Bin,percent,4.8,4.9, 0.00018212306507830899773674183
Massachusetts,3 wk ahead,Bin,percent,4.9,5, 0.00012527862765797153840607869
Massachusetts,3 wk ahead,Bin,percent,5,5.1, 0.00012171468622971860524140802
Massachusetts,3 wk ahead,Bin,percent,5.1,5.2, 0.00012171468622971860524140802
Massachusetts,3 wk ahead,Bin,percent,5.2,5.3, 0.00012171468622971860524140802
Massachusetts,3 wk ahead,Bin,percent,5.3,5.4, 0.00012171468622971860524140802
Massachusetts,3 wk ahead,Bin,percent,5.4,5.5, 0.00012171468622971860524140802
Massachusetts,3 wk ahead,Bin,percent,5.5,5.6, 0.00012171468622971860524140802
Massachusetts,3 wk ahead,Bin,percent,5.6,5.7, 0.00012171468622971860524140802
Massachusetts,3 wk ahead,Bin,percent,5.7,5.8, 0.00012171468622971860524140802
Massachusetts,3 wk ahead,Bin,percent,5.8,5.9, 0.00012171468622971860524140802
Massachusetts,3 wk ahead,Bin,percent,5.9,6, 0.00012171468622971860524140802
Massachusetts,3 wk ahead,Bin,percent,6,6.1, 0.00012171468622971860524140802
Massachusetts,3 wk ahead,Bin,percent,6.1,6.2, 0.00012171468622971860524140802
Massachusetts,3 wk ahead,Bin,percent,6.2,6.3, 0.00012171468622971860524140802
Massachusetts,3 wk ahead,Bin,percent,6.3,6.4, 0.00012171468622971860524140802
Massachusetts,3 wk ahead,Bin,percent,6.4,6.5, 0.00012171468622971860524140802
Massachusetts,3 wk ahead,Bin,percent,6.5,6.6, 0.00012171468622971860524140802
Massachusetts,3 wk ahead,Bin,percent,6.6,6.7, 0.00012171468622971860524140802
Massachusetts,3 wk ahead,Bin,percent,6.7,6.8, 0.00012171468622971860524140802
Massachusetts,3 wk ahead,Bin,percent,6.8,6.9, 0.00012171468622971860524140802
Massachusetts,3 wk ahead,Bin,percent,6.9,7, 0.00012171468622971860524140802
Massachusetts,3 wk ahead,Bin,percent,7,7.1, 0.00012171468622971860524140802
Massachusetts,3 wk ahead,Bin,percent,7.1,7.2, 0.00012171468622971860524140802
Massachusetts,3 wk ahead,Bin,percent,7.2,7.3, 0.00012171468622971860524140802
Massachusetts,3 wk ahead,Bin,percent,7.3,7.4, 0.00012171468622971860524140802
Massachusetts,3 wk ahead,Bin,percent,7.4,7.5, 0.00012171468622971860524140802
Massachusetts,3 wk ahead,Bin,percent,7.5,7.6, 0.00012171468622971860524140802
Massachusetts,3 wk ahead,Bin,percent,7.6,7.7, 0.00012171468622971860524140802
Massachusetts,3 wk ahead,Bin,percent,7.7,7.8, 0.00012171468622971860524140802
Massachusetts,3 wk ahead,Bin,percent,7.8,7.9, 0.00012171468622971860524140802
Massachusetts,3 wk ahead,Bin,percent,7.9,8, 0.00012171468622971860524140802
Massachusetts,3 wk ahead,Bin,percent,8,8.1, 0.00012171468622971964878599904
Massachusetts,3 wk ahead,Bin,percent,8.1,8.2, 0.00012171468622972076009322584
Massachusetts,3 wk ahead,Bin,percent,8.2,8.3, 0.00012171468622972076009322584
Massachusetts,3 wk ahead,Bin,percent,8.3,8.4, 0.00012171468622972076009322584
Massachusetts,3 wk ahead,Bin,percent,8.4,8.5, 0.00012171468622972076009322584
Massachusetts,3 wk ahead,Bin,percent,8.5,8.6, 0.00012171468622972076009322584
Massachusetts,3 wk ahead,Bin,percent,8.6,8.7, 0.00012171468622972076009322584
Massachusetts,3 wk ahead,Bin,percent,8.7,8.8, 0.00012171468622972076009322584
Massachusetts,3 wk ahead,Bin,percent,8.8,8.9, 0.00012171468622972076009322584
Massachusetts,3 wk ahead,Bin,percent,8.9,9, 0.00012171468622972076009322584
Massachusetts,3 wk ahead,Bin,percent,9,9.1, 0.00012171468622972076009322584
Massachusetts,3 wk ahead,Bin,percent,9.1,9.2, 0.00012171468622972076009322584
Massachusetts,3 wk ahead,Bin,percent,9.2,9.3, 0.00012171468622972076009322584
Massachusetts,3 wk ahead,Bin,percent,9.3,9.4, 0.00012171468622972076009322584
Massachusetts,3 wk ahead,Bin,percent,9.4,9.5, 0.00012171468622972076009322584
Massachusetts,3 wk ahead,Bin,percent,9.5,9.6, 0.00012171468622972076009322584
Massachusetts,3 wk ahead,Bin,percent,9.6,9.7, 0.00012171468622972076009322584
Massachusetts,3 wk ahead,Bin,percent,9.7,9.8, 0.00012171468622972076009322584
Massachusetts,3 wk ahead,Bin,percent,9.8,9.9, 0.00012171468622972076009322584
Massachusetts,3 wk ahead,Bin,percent,9.9,10, 0.00012171468622972076009322584
Massachusetts,3 wk ahead,Bin,percent,10,10.1, 0.00012171468622972076009322584
Massachusetts,3 wk ahead,Bin,percent,10.1,10.2, 0.00012171468622972076009322584
Massachusetts,3 wk ahead,Bin,percent,10.2,10.3, 0.00012171468622972076009322584
Massachusetts,3 wk ahead,Bin,percent,10.3,10.4, 0.00012171468622972076009322584
Massachusetts,3 wk ahead,Bin,percent,10.4,10.5, 0.00012171468622972076009322584
Massachusetts,3 wk ahead,Bin,percent,10.5,10.6, 0.00012171468622972076009322584
Massachusetts,3 wk ahead,Bin,percent,10.6,10.7, 0.00012171468622972076009322584
Massachusetts,3 wk ahead,Bin,percent,10.7,10.8, 0.00012171468622972076009322584
Massachusetts,3 wk ahead,Bin,percent,10.8,10.9, 0.00012171468622972076009322584
Massachusetts,3 wk ahead,Bin,percent,10.9,11, 0.00012171468622972076009322584
Massachusetts,3 wk ahead,Bin,percent,11,11.1, 0.00012171468622972076009322584
Massachusetts,3 wk ahead,Bin,percent,11.1,11.2, 0.00012171468622972076009322584
Massachusetts,3 wk ahead,Bin,percent,11.2,11.3, 0.00012171468622972076009322584
Massachusetts,3 wk ahead,Bin,percent,11.3,11.4, 0.00012171468622972076009322584
Massachusetts,3 wk ahead,Bin,percent,11.4,11.5, 0.00012171468622972076009322584
Massachusetts,3 wk ahead,Bin,percent,11.5,11.6, 0.00012171468622972076009322584
Massachusetts,3 wk ahead,Bin,percent,11.6,11.7, 0.00012171468622972076009322584
Massachusetts,3 wk ahead,Bin,percent,11.7,11.8, 0.00012171468622972076009322584
Massachusetts,3 wk ahead,Bin,percent,11.8,11.9, 0.00012171468622972076009322584
Massachusetts,3 wk ahead,Bin,percent,11.9,12, 0.00012171468622972076009322584
Massachusetts,3 wk ahead,Bin,percent,12,12.1, 0.00012171468622972076009322584
Massachusetts,3 wk ahead,Bin,percent,12.1,12.2, 0.00012171468622972076009322584
Massachusetts,3 wk ahead,Bin,percent,12.2,12.3, 0.00012171468622972076009322584
Massachusetts,3 wk ahead,Bin,percent,12.3,12.4, 0.00012171468622972076009322584
Massachusetts,3 wk ahead,Bin,percent,12.4,12.5, 0.00012171468622972076009322584
Massachusetts,3 wk ahead,Bin,percent,12.5,12.6, 0.00012171468622972076009322584
Massachusetts,3 wk ahead,Bin,percent,12.6,12.7, 0.00012171468622972076009322584
Massachusetts,3 wk ahead,Bin,percent,12.7,12.8, 0.00012171468622972076009322584
Massachusetts,3 wk ahead,Bin,percent,12.8,12.9, 0.00012171468622972076009322584
Massachusetts,3 wk ahead,Bin,percent,12.9,13, 0.00012171468622972076009322584
Massachusetts,3 wk ahead,Bin,percent,13,100, 0.00012171468622972076009322584
Massachusetts,4 wk ahead,Bin,percent,0,0.1, 0.00028350553682673430063582165
Massachusetts,4 wk ahead,Bin,percent,0.1,0.2, 0.00056701107365346860127164330
Massachusetts,4 wk ahead,Bin,percent,0.2,0.3, 0.00056701107365346827601099156
Massachusetts,4 wk ahead,Bin,percent,0.3,0.4, 0.00056701107365346827601099156
Massachusetts,4 wk ahead,Bin,percent,0.4,0.5, 0.00056701107365346827601099156
Massachusetts,4 wk ahead,Bin,percent,0.5,0.6, 0.00056701107365346870969186055
Massachusetts,4 wk ahead,Bin,percent,0.6,0.7, 0.00056701107365346903495251230
Massachusetts,4 wk ahead,Bin,percent,0.7,0.8, 0.00056701107365346903495251230
Massachusetts,4 wk ahead,Bin,percent,0.8,0.9, 0.00201257726570783310876544547
Massachusetts,4 wk ahead,Bin,percent,0.9,1, 0.01104338538559896006063798524
Massachusetts,4 wk ahead,Bin,percent,1,1.1, 0.03190805852259050862107514490
Massachusetts,4 wk ahead,Bin,percent,1.1,1.2, 0.04865553578860446620746316171
Massachusetts,4 wk ahead,Bin,percent,1.2,1.3, 0.03919726957565820846252080401
Massachusetts,4 wk ahead,Bin,percent,1.3,1.4, 0.01667404831633230097298614680
Massachusetts,4 wk ahead,Bin,percent,1.4,1.5, 0.00374515865539538049533430097
Massachusetts,4 wk ahead,Bin,percent,1.5,1.6, 0.00061004498329085955852374434
Massachusetts,4 wk ahead,Bin,percent,1.6,1.7, 0.00212881195985003624296383329
Massachusetts,4 wk ahead,Bin,percent,1.7,1.8, 0.01417167377964085803188076795
Massachusetts,4 wk ahead,Bin,percent,1.8,1.9, 0.05261175686246064020501478353
Massachusetts,4 wk ahead,Bin,percent,1.9,2, 0.10842432027615632461614580961
Massachusetts,4 wk ahead,Bin,percent,2,2.1, 0.12573072492825099200075555927
Massachusetts,4 wk ahead,Bin,percent,2.1,2.2, 0.09134352853868236976619954248
Massachusetts,4 wk ahead,Bin,percent,2.2,2.3, 0.07287146489063643650663237850
Massachusetts,4 wk ahead,Bin,percent,2.3,2.4, 0.09462339583512592577907440727
Massachusetts,4 wk ahead,Bin,percent,2.4,2.5, 0.10436895950576785541130675483
Massachusetts,4 wk ahead,Bin,percent,2.5,2.6, 0.07401978300453976311601422822
Massachusetts,4 wk ahead,Bin,percent,2.6,2.7, 0.03220449898181163006505300928
Massachusetts,4 wk ahead,Bin,percent,2.7,2.8, 0.00822741126151364451923875265
Massachusetts,4 wk ahead,Bin,percent,2.8,2.9, 0.00122890306217022051739340416
Massachusetts,4 wk ahead,Bin,percent,2.9,3, 0.00058770691733150298187438043
Massachusetts,4 wk ahead,Bin,percent,3,3.1, 0.00058770691733150298187438043
Massachusetts,4 wk ahead,Bin,percent,3.1,3.2, 0.00058770691733150298187438043
Massachusetts,4 wk ahead,Bin,percent,3.2,3.3, 0.00058770691733150298187438043
Massachusetts,4 wk ahead,Bin,percent,3.3,3.4, 0.00058770691733150298187438043
Massachusetts,4 wk ahead,Bin,percent,3.4,3.5, 0.00058770691733150298187438043
Massachusetts,4 wk ahead,Bin,percent,3.5,3.6, 0.00058770691733150298187438043
Massachusetts,4 wk ahead,Bin,percent,3.6,3.7, 0.00058770691733150298187438043
Massachusetts,4 wk ahead,Bin,percent,3.7,3.8, 0.00058770691733150298187438043
Massachusetts,4 wk ahead,Bin,percent,3.8,3.9, 0.00058770691733150298187438043
Massachusetts,4 wk ahead,Bin,percent,3.9,4, 0.00058770691733150298187438043
Massachusetts,4 wk ahead,Bin,percent,4,4.1, 0.00058770691733150298187438043
Massachusetts,4 wk ahead,Bin,percent,4.1,4.2, 0.00058770691733150298187438043
Massachusetts,4 wk ahead,Bin,percent,4.2,4.3, 0.00058770691733150298187438043
Massachusetts,4 wk ahead,Bin,percent,4.3,4.4, 0.00058770691733150298187438043
Massachusetts,4 wk ahead,Bin,percent,4.4,4.5, 0.00058770691733150298187438043
Massachusetts,4 wk ahead,Bin,percent,4.5,4.6, 0.00058770691733150298187438043
Massachusetts,4 wk ahead,Bin,percent,4.6,4.7, 0.00058770691733150298187438043
Massachusetts,4 wk ahead,Bin,percent,4.7,4.8, 0.00058770691733150298187438043
Massachusetts,4 wk ahead,Bin,percent,4.8,4.9, 0.00058770691733150298187438043
Massachusetts,4 wk ahead,Bin,percent,4.9,5, 0.00058770691733150298187438043
Massachusetts,4 wk ahead,Bin,percent,5,5.1, 0.00058770691733150298187438043
Massachusetts,4 wk ahead,Bin,percent,5.1,5.2, 0.00058770691733150298187438043
Massachusetts,4 wk ahead,Bin,percent,5.2,5.3, 0.00058770691733150298187438043
Massachusetts,4 wk ahead,Bin,percent,5.3,5.4, 0.00058770691733150298187438043
Massachusetts,4 wk ahead,Bin,percent,5.4,5.5, 0.00058770691733150298187438043
Massachusetts,4 wk ahead,Bin,percent,5.5,5.6, 0.00058770691733150298187438043
Massachusetts,4 wk ahead,Bin,percent,5.6,5.7, 0.00058770691733150298187438043
Massachusetts,4 wk ahead,Bin,percent,5.7,5.8, 0.00058770691733150298187438043
Massachusetts,4 wk ahead,Bin,percent,5.8,5.9, 0.00058770691733150298187438043
Massachusetts,4 wk ahead,Bin,percent,5.9,6, 0.00058770691733150298187438043
Massachusetts,4 wk ahead,Bin,percent,6,6.1, 0.00058770691733150298187438043
Massachusetts,4 wk ahead,Bin,percent,6.1,6.2, 0.00058770691733150298187438043
Massachusetts,4 wk ahead,Bin,percent,6.2,6.3, 0.00058770691733150298187438043
Massachusetts,4 wk ahead,Bin,percent,6.3,6.4, 0.00058770691733150298187438043
Massachusetts,4 wk ahead,Bin,percent,6.4,6.5, 0.00058770691733150298187438043
Massachusetts,4 wk ahead,Bin,percent,6.5,6.6, 0.00058770691733150298187438043
Massachusetts,4 wk ahead,Bin,percent,6.6,6.7, 0.00058770691733150298187438043
Massachusetts,4 wk ahead,Bin,percent,6.7,6.8, 0.00058770691733150298187438043
Massachusetts,4 wk ahead,Bin,percent,6.8,6.9, 0.00058770691733150298187438043
Massachusetts,4 wk ahead,Bin,percent,6.9,7, 0.00058770691733150298187438043
Massachusetts,4 wk ahead,Bin,percent,7,7.1, 0.00058770691733150298187438043
Massachusetts,4 wk ahead,Bin,percent,7.1,7.2, 0.00058770691733150298187438043
Massachusetts,4 wk ahead,Bin,percent,7.2,7.3, 0.00058770691733150298187438043
Massachusetts,4 wk ahead,Bin,percent,7.3,7.4, 0.00058770691733150298187438043
Massachusetts,4 wk ahead,Bin,percent,7.4,7.5, 0.00058770691733150298187438043
Massachusetts,4 wk ahead,Bin,percent,7.5,7.6, 0.00058770691733150298187438043
Massachusetts,4 wk ahead,Bin,percent,7.6,7.7, 0.00058770691733150298187438043
Massachusetts,4 wk ahead,Bin,percent,7.7,7.8, 0.00058770691733150298187438043
Massachusetts,4 wk ahead,Bin,percent,7.8,7.9, 0.00058770691733150298187438043
Massachusetts,4 wk ahead,Bin,percent,7.9,8, 0.00058770691733150298187438043
Massachusetts,4 wk ahead,Bin,percent,8,8.1, 0.00058770691733150807762459111
Massachusetts,4 wk ahead,Bin,percent,8.1,8.2, 0.00058770691733151339021523629
Massachusetts,4 wk ahead,Bin,percent,8.2,8.3, 0.00058770691733151339021523629
Massachusetts,4 wk ahead,Bin,percent,8.3,8.4, 0.00058770691733151339021523629
Massachusetts,4 wk ahead,Bin,percent,8.4,8.5, 0.00058770691733151339021523629
Massachusetts,4 wk ahead,Bin,percent,8.5,8.6, 0.00058770691733151339021523629
Massachusetts,4 wk ahead,Bin,percent,8.6,8.7, 0.00058770691733151339021523629
Massachusetts,4 wk ahead,Bin,percent,8.7,8.8, 0.00058770691733151339021523629
Massachusetts,4 wk ahead,Bin,percent,8.8,8.9, 0.00058770691733151339021523629
Massachusetts,4 wk ahead,Bin,percent,8.9,9, 0.00058770691733151339021523629
Massachusetts,4 wk ahead,Bin,percent,9,9.1, 0.00058770691733151339021523629
Massachusetts,4 wk ahead,Bin,percent,9.1,9.2, 0.00058770691733151339021523629
Massachusetts,4 wk ahead,Bin,percent,9.2,9.3, 0.00058770691733151339021523629
Massachusetts,4 wk ahead,Bin,percent,9.3,9.4, 0.00058770691733151339021523629
Massachusetts,4 wk ahead,Bin,percent,9.4,9.5, 0.00058770691733151339021523629
Massachusetts,4 wk ahead,Bin,percent,9.5,9.6, 0.00058770691733151339021523629
Massachusetts,4 wk ahead,Bin,percent,9.6,9.7, 0.00058770691733151339021523629
Massachusetts,4 wk ahead,Bin,percent,9.7,9.8, 0.00058770691733151339021523629
Massachusetts,4 wk ahead,Bin,percent,9.8,9.9, 0.00058770691733151339021523629
Massachusetts,4 wk ahead,Bin,percent,9.9,10, 0.00058770691733151339021523629
Massachusetts,4 wk ahead,Bin,percent,10,10.1, 0.00058770691733151339021523629
Massachusetts,4 wk ahead,Bin,percent,10.1,10.2, 0.00058770691733151339021523629
Massachusetts,4 wk ahead,Bin,percent,10.2,10.3, 0.00058770691733151339021523629
Massachusetts,4 wk ahead,Bin,percent,10.3,10.4, 0.00058770691733151339021523629
Massachusetts,4 wk ahead,Bin,percent,10.4,10.5, 0.00058770691733151339021523629
Massachusetts,4 wk ahead,Bin,percent,10.5,10.6, 0.00058770691733151339021523629
Massachusetts,4 wk ahead,Bin,percent,10.6,10.7, 0.00058770691733151339021523629
Massachusetts,4 wk ahead,Bin,percent,10.7,10.8, 0.00058770691733151339021523629
Massachusetts,4 wk ahead,Bin,percent,10.8,10.9, 0.00058770691733151339021523629
Massachusetts,4 wk ahead,Bin,percent,10.9,11, 0.00058770691733151339021523629
Massachusetts,4 wk ahead,Bin,percent,11,11.1, 0.00058770691733151339021523629
Massachusetts,4 wk ahead,Bin,percent,11.1,11.2, 0.00058770691733151339021523629
Massachusetts,4 wk ahead,Bin,percent,11.2,11.3, 0.00058770691733151339021523629
Massachusetts,4 wk ahead,Bin,percent,11.3,11.4, 0.00058770691733151339021523629
Massachusetts,4 wk ahead,Bin,percent,11.4,11.5, 0.00058770691733151339021523629
Massachusetts,4 wk ahead,Bin,percent,11.5,11.6, 0.00058770691733151339021523629
Massachusetts,4 wk ahead,Bin,percent,11.6,11.7, 0.00058770691733151339021523629
Massachusetts,4 wk ahead,Bin,percent,11.7,11.8, 0.00058770691733151339021523629
Massachusetts,4 wk ahead,Bin,percent,11.8,11.9, 0.00058770691733151339021523629
Massachusetts,4 wk ahead,Bin,percent,11.9,12, 0.00058770691733151339021523629
Massachusetts,4 wk ahead,Bin,percent,12,12.1, 0.00058770691733151339021523629
Massachusetts,4 wk ahead,Bin,percent,12.1,12.2, 0.00058770691733151339021523629
Massachusetts,4 wk ahead,Bin,percent,12.2,12.3, 0.00058770691733151339021523629
Massachusetts,4 wk ahead,Bin,percent,12.3,12.4, 0.00058770691733151339021523629
Massachusetts,4 wk ahead,Bin,percent,12.4,12.5, 0.00058770691733151339021523629
Massachusetts,4 wk ahead,Bin,percent,12.5,12.6, 0.00058770691733151339021523629
Massachusetts,4 wk ahead,Bin,percent,12.6,12.7, 0.00058770691733151339021523629
Massachusetts,4 wk ahead,Bin,percent,12.7,12.8, 0.00058770691733151339021523629
Massachusetts,4 wk ahead,Bin,percent,12.8,12.9, 0.00058770691733151339021523629
Massachusetts,4 wk ahead,Bin,percent,12.9,13, 0.00058770691733151339021523629
Massachusetts,4 wk ahead,Bin,percent,13,100, 0.00058770691733151339021523629
Kentucky,Season peak week,Bin,week,40,41, 0.00049210449179136331928491321
Kentucky,Season peak week,Bin,week,41,42, 0.00049210449179136331928491321
Kentucky,Season peak week,Bin,week,42,43, 0.00049210449179136331928491321
Kentucky,Season peak week,Bin,week,43,44, 0.00049210449179136331928491321
Kentucky,Season peak week,Bin,week,44,45, 0.00049210449179136331928491321
Kentucky,Season peak week,Bin,week,45,46, 0.00053068240177881744953913845
Kentucky,Season peak week,Bin,week,46,47, 0.00129279068372473680825773812
Kentucky,Season peak week,Bin,week,47,48, 0.00335840038464000961368483011
Kentucky,Season peak week,Bin,week,48,49, 0.00760588463725475703164358166
Kentucky,Season peak week,Bin,week,49,50, 0.01506069185129603991979418964
Kentucky,Season peak week,Bin,week,50,51, 0.02618558285784797906581289340
Kentucky,Season peak week,Bin,week,51,52, 0.04022444105998172758642539293
Kentucky,Season peak week,Bin,week,52,53, 0.05508258062728447340683501920
Kentucky,Season peak week,Bin,week,1,2, 0.06809108919080507360543919049
Kentucky,Season peak week,Bin,week,2,3, 0.07726110706393761462518199323
Kentucky,Season peak week,Bin,week,3,4, 0.08210665830454959290829464180
Kentucky,Season peak week,Bin,week,4,5, 0.08345120156733192018361222608
Kentucky,Season peak week,Bin,week,5,6, 0.08251189118622073714881537398
Kentucky,Season peak week,Bin,week,6,7, 0.08004852926326867790240982004
Kentucky,Season peak week,Bin,week,7,8, 0.07609672155446400854117428025
Kentucky,Season peak week,Bin,week,8,9, 0.07025946697601398449606335816
Kentucky,Season peak week,Bin,week,9,10, 0.06222590294337567579097125758
Kentucky,Season peak week,Bin,week,10,11, 0.05218472866821580874452379817
Kentucky,Season peak week,Bin,week,11,12, 0.04093972746954057523316450329
Kentucky,Season peak week,Bin,week,12,13, 0.02970928302975043774902808025
Kentucky,Season peak week,Bin,week,13,14, 0.01973285308601448878595974179
Kentucky,Season peak week,Bin,week,14,15, 0.01187704185425139148668538525
Kentucky,Season peak week,Bin,week,15,16, 0.00641909922643739503517190670
Kentucky,Season peak week,Bin,week,16,17, 0.00309026059366561585417532143
Kentucky,Season peak week,Bin,week,17,18, 0.00131624769538918329203625035
Kentucky,Season peak week,Bin,week,18,19, 0.00049333440178731078219059869
Kentucky,Season peak week,Bin,week,19,20, 0.00019899168431267369862129601
Kentucky,Season peak week,Bin,week,20,21, 0.00018428727790260090763259371
Kentucky,Season peak percentage,Bin,percent,0,0.1, 0.00148622595838985302810208999
Kentucky,Season peak percentage,Bin,percent,0.1,0.2, 0.00429291149368112457535007209
Kentucky,Season peak percentage,Bin,percent,0.2,0.3, 0.00650903945989400687516246435
Kentucky,Season peak percentage,Bin,percent,0.3,0.4, 0.00915191868193970456402119851
Kentucky,Season peak percentage,Bin,percent,0.4,0.5, 0.01193612096880876556614925477
Kentucky,Season peak percentage,Bin,percent,0.5,0.6, 0.01444958793402780980463795402
Kentucky,Season peak percentage,Bin,percent,0.6,0.7, 0.01626079434884230082158929065
Kentucky,Season peak percentage,Bin,percent,0.7,0.8, 0.01707085083733163657915277156
Kentucky,Season peak percentage,Bin,percent,0.8,0.9, 0.01685337588850350371005859529
Kentucky,Season peak percentage,Bin,percent,0.9,1, 0.01592167983000696354634051488
Kentucky,Season peak percentage,Bin,percent,1,1.1, 0.01489127431516856954474281594
Kentucky,Season peak percentage,Bin,percent,1.1,1.2, 0.01453699764356809753795829465
Kentucky,Season peak percentage,Bin,percent,1.2,1.3, 0.01558266424706421238166598187
Kentucky,Season peak percentage,Bin,percent,1.3,1.4, 0.01847686888846811897879618414
Kentucky,Season peak percentage,Bin,percent,1.4,1.5, 0.02320738317673348705127978064
Kentucky,Season peak percentage,Bin,percent,1.5,1.6, 0.02921683041038383721321736175
Kentucky,Season peak percentage,Bin,percent,1.6,1.7, 0.03546530059827000119776485576
Kentucky,Season peak percentage,Bin,percent,1.7,1.8, 0.04066081489924823488824046080
Kentucky,Season peak percentage,Bin,percent,1.8,1.9, 0.04361189209337761052420745500
Kentucky,Season peak percentage,Bin,percent,1.9,2, 0.04358781209930597672075336391
Kentucky,Season peak percentage,Bin,percent,2,2.1, 0.04055097631808078639803483156
Kentucky,Season peak percentage,Bin,percent,2.1,2.2, 0.03516753002025845009637095018
Kentucky,Season peak percentage,Bin,percent,2.2,2.3, 0.02859399257801204310980303092
Kentucky,Season peak percentage,Bin,percent,2.3,2.4, 0.02214753130909978204310384342
Kentucky,Season peak percentage,Bin,percent,2.4,2.5, 0.01699617493443337026826078784
Kentucky,Season peak percentage,Bin,percent,2.5,2.6, 0.01396006693387966818287182491
Kentucky,Season peak percentage,Bin,percent,2.6,2.7, 0.01344556414366731254828035702
Kentucky,Season peak percentage,Bin,percent,2.7,2.8, 0.01546001943093371251702894398
Kentucky,Season peak percentage,Bin,percent,2.8,2.9, 0.01964858864557158732444541727
Kentucky,Season peak percentage,Bin,percent,2.9,3, 0.02533304416455572916078153867
Kentucky,Season peak percentage,Bin,percent,3,3.1, 0.03157318923986222880539997959
Kentucky,Season peak percentage,Bin,percent,3.1,3.2, 0.03728755917459192908980369907
Kentucky,Season peak percentage,Bin,percent,3.2,3.3, 0.04144091929203984336904653674
Kentucky,Season peak percentage,Bin,percent,3.3,3.4, 0.04325850176046470291213452697
Kentucky,Season peak percentage,Bin,percent,3.4,3.5, 0.04240111518893838887800384896
Kentucky,Season peak percentage,Bin,percent,3.5,3.6, 0.03903073274717452217918989277
Kentucky,Season peak percentage,Bin,percent,3.6,3.7, 0.03374368957964595655552031417
Kentucky,Season peak percentage,Bin,percent,3.7,3.8, 0.02739345059133796445038910861
Kentucky,Season peak percentage,Bin,percent,3.8,3.9, 0.02087220370840668290379760208
Kentucky,Season peak percentage,Bin,percent,3.9,4, 0.01491564655425721593051680003
Kentucky,Season peak percentage,Bin,percent,4,4.1, 0.00998763987984334702940891759
Kentucky,Season peak percentage,Bin,percent,4.1,4.2, 0.00625988241838181143361641290
Kentucky,Season peak percentage,Bin,percent,4.2,4.3, 0.00366846303322659493192925417
Kentucky,Season peak percentage,Bin,percent,4.3,4.4, 0.00200779459498650388743490325
Kentucky,Season peak percentage,Bin,percent,4.4,4.5, 0.00102520053243567495909749354
Kentucky,Season peak percentage,Bin,percent,4.5,4.6, 0.00048791321684786174506590073
Kentucky,Season peak percentage,Bin,percent,4.6,4.7, 0.00025131121091544341523624229
Kentucky,Season peak percentage,Bin,percent,4.7,4.8, 0.00023715422648972503232023268
Kentucky,Season peak percentage,Bin,percent,4.8,4.9, 0.00023715422648972503232023268
Kentucky,Season peak percentage,Bin,percent,4.9,5, 0.00023715422648972503232023268
Kentucky,Season peak percentage,Bin,percent,5,5.1, 0.00023715422648972503232023268
Kentucky,Season peak percentage,Bin,percent,5.1,5.2, 0.00023715422648972503232023268
Kentucky,Season peak percentage,Bin,percent,5.2,5.3, 0.00023715422648972503232023268
Kentucky,Season peak percentage,Bin,percent,5.3,5.4, 0.00023715422648972503232023268
Kentucky,Season peak percentage,Bin,percent,5.4,5.5, 0.00023715422648972503232023268
Kentucky,Season peak percentage,Bin,percent,5.5,5.6, 0.00023715422648972503232023268
Kentucky,Season peak percentage,Bin,percent,5.6,5.7, 0.00023715422648972503232023268
Kentucky,Season peak percentage,Bin,percent,5.7,5.8, 0.00023715422648972503232023268
Kentucky,Season peak percentage,Bin,percent,5.8,5.9, 0.00023715422648972503232023268
Kentucky,Season peak percentage,Bin,percent,5.9,6, 0.00023715422648972503232023268
Kentucky,Season peak percentage,Bin,percent,6,6.1, 0.00023715422648972503232023268
Kentucky,Season peak percentage,Bin,percent,6.1,6.2, 0.00023715422648972503232023268
Kentucky,Season peak percentage,Bin,percent,6.2,6.3, 0.00023715422648972503232023268
Kentucky,Season peak percentage,Bin,percent,6.3,6.4, 0.00023715422648972503232023268
Kentucky,Season peak percentage,Bin,percent,6.4,6.5, 0.00023715422648972503232023268
Kentucky,Season peak percentage,Bin,percent,6.5,6.6, 0.00023715422648972503232023268
Kentucky,Season peak percentage,Bin,percent,6.6,6.7, 0.00023715422648972503232023268
Kentucky,Season peak percentage,Bin,percent,6.7,6.8, 0.00023715422648972503232023268
Kentucky,Season peak percentage,Bin,percent,6.8,6.9, 0.00023715422648972503232023268
Kentucky,Season peak percentage,Bin,percent,6.9,7, 0.00023715422648972503232023268
Kentucky,Season peak percentage,Bin,percent,7,7.1, 0.00023715422648972503232023268
Kentucky,Season peak percentage,Bin,percent,7.1,7.2, 0.00023715422648972503232023268
Kentucky,Season peak percentage,Bin,percent,7.2,7.3, 0.00023715422648972503232023268
Kentucky,Season peak percentage,Bin,percent,7.3,7.4, 0.00023715422648972503232023268
Kentucky,Season peak percentage,Bin,percent,7.4,7.5, 0.00023715422648972503232023268
Kentucky,Season peak percentage,Bin,percent,7.5,7.6, 0.00023715422648972503232023268
Kentucky,Season peak percentage,Bin,percent,7.6,7.7, 0.00023715422648972503232023268
Kentucky,Season peak percentage,Bin,percent,7.7,7.8, 0.00023715422648972503232023268
Kentucky,Season peak percentage,Bin,percent,7.8,7.9, 0.00023715422648972503232023268
Kentucky,Season peak percentage,Bin,percent,7.9,8, 0.00023715422648972503232023268
Kentucky,Season peak percentage,Bin,percent,8,8.1, 0.00023715422648972711940941471
Kentucky,Season peak percentage,Bin,percent,8.1,8.2, 0.00023715422648972923360365106
Kentucky,Season peak percentage,Bin,percent,8.2,8.3, 0.00023715422648972923360365106
Kentucky,Season peak percentage,Bin,percent,8.3,8.4, 0.00023715422648972923360365106
Kentucky,Season peak percentage,Bin,percent,8.4,8.5, 0.00023715422648972923360365106
Kentucky,Season peak percentage,Bin,percent,8.5,8.6, 0.00023715422648972923360365106
Kentucky,Season peak percentage,Bin,percent,8.6,8.7, 0.00023715422648972923360365106
Kentucky,Season peak percentage,Bin,percent,8.7,8.8, 0.00023715422648972923360365106
Kentucky,Season peak percentage,Bin,percent,8.8,8.9, 0.00023715422648972923360365106
Kentucky,Season peak percentage,Bin,percent,8.9,9, 0.00023715422648972923360365106
Kentucky,Season peak percentage,Bin,percent,9,9.1, 0.00023715422648972923360365106
Kentucky,Season peak percentage,Bin,percent,9.1,9.2, 0.00023715422648972923360365106
Kentucky,Season peak percentage,Bin,percent,9.2,9.3, 0.00023715422648972923360365106
Kentucky,Season peak percentage,Bin,percent,9.3,9.4, 0.00023715422648972923360365106
Kentucky,Season peak percentage,Bin,percent,9.4,9.5, 0.00023715422648972923360365106
Kentucky,Season peak percentage,Bin,percent,9.5,9.6, 0.00023715422648972923360365106
Kentucky,Season peak percentage,Bin,percent,9.6,9.7, 0.00023715422648972923360365106
Kentucky,Season peak percentage,Bin,percent,9.7,9.8, 0.00023715422648972923360365106
Kentucky,Season peak percentage,Bin,percent,9.8,9.9, 0.00023715422648972923360365106
Kentucky,Season peak percentage,Bin,percent,9.9,10, 0.00023715422648972923360365106
Kentucky,Season peak percentage,Bin,percent,10,10.1, 0.00023715422648972923360365106
Kentucky,Season peak percentage,Bin,percent,10.1,10.2, 0.00023715422648972923360365106
Kentucky,Season peak percentage,Bin,percent,10.2,10.3, 0.00023715422648972923360365106
Kentucky,Season peak percentage,Bin,percent,10.3,10.4, 0.00023715422648972923360365106
Kentucky,Season peak percentage,Bin,percent,10.4,10.5, 0.00023715422648972923360365106
Kentucky,Season peak percentage,Bin,percent,10.5,10.6, 0.00023715422648972923360365106
Kentucky,Season peak percentage,Bin,percent,10.6,10.7, 0.00023715422648972923360365106
Kentucky,Season peak percentage,Bin,percent,10.7,10.8, 0.00023715422648972923360365106
Kentucky,Season peak percentage,Bin,percent,10.8,10.9, 0.00023715422648972923360365106
Kentucky,Season peak percentage,Bin,percent,10.9,11, 0.00023715422648972923360365106
Kentucky,Season peak percentage,Bin,percent,11,11.1, 0.00023715422648972923360365106
Kentucky,Season peak percentage,Bin,percent,11.1,11.2, 0.00023715422648972923360365106
Kentucky,Season peak percentage,Bin,percent,11.2,11.3, 0.00023715422648972923360365106
Kentucky,Season peak percentage,Bin,percent,11.3,11.4, 0.00023715422648972923360365106
Kentucky,Season peak percentage,Bin,percent,11.4,11.5, 0.00023715422648972923360365106
Kentucky,Season peak percentage,Bin,percent,11.5,11.6, 0.00023715422648972923360365106
Kentucky,Season peak percentage,Bin,percent,11.6,11.7, 0.00023715422648972923360365106
Kentucky,Season peak percentage,Bin,percent,11.7,11.8, 0.00023715422648972923360365106
Kentucky,Season peak percentage,Bin,percent,11.8,11.9, 0.00023715422648972923360365106
Kentucky,Season peak percentage,Bin,percent,11.9,12, 0.00023715422648972923360365106
Kentucky,Season peak percentage,Bin,percent,12,12.1, 0.00023715422648972923360365106
Kentucky,Season peak percentage,Bin,percent,12.1,12.2, 0.00023715422648972923360365106
Kentucky,Season peak percentage,Bin,percent,12.2,12.3, 0.00023715422648972923360365106
Kentucky,Season peak percentage,Bin,percent,12.3,12.4, 0.00023715422648972923360365106
Kentucky,Season peak percentage,Bin,percent,12.4,12.5, 0.00023715422648972923360365106
Kentucky,Season peak percentage,Bin,percent,12.5,12.6, 0.00023715422648972923360365106
Kentucky,Season peak percentage,Bin,percent,12.6,12.7, 0.00023715422648972923360365106
Kentucky,Season peak percentage,Bin,percent,12.7,12.8, 0.00023715422648972923360365106
Kentucky,Season peak percentage,Bin,percent,12.8,12.9, 0.00023715422648972923360365106
Kentucky,Season peak percentage,Bin,percent,12.9,13, 0.00023715422648972923360365106
Kentucky,Season peak percentage,Bin,percent,13,100, 0.00023715422648972923360365106
Kentucky,1 wk ahead,Bin,percent,0,0.1, 0.00744592942178072536574262585
Kentucky,1 wk ahead,Bin,percent,0.1,0.2, 0.02225927126945857065232203809
Kentucky,1 wk ahead,Bin,percent,0.2,0.3, 0.02979829704480696159207830931
Kentucky,1 wk ahead,Bin,percent,0.3,0.4, 0.03037104839878844442235816814
Kentucky,1 wk ahead,Bin,percent,0.4,0.5, 0.02356821911048365136842619449
Kentucky,1 wk ahead,Bin,percent,0.5,0.6, 0.01392825893712588969375332226
Kentucky,1 wk ahead,Bin,percent,0.6,0.7, 0.00630085067153611858015160863
Kentucky,1 wk ahead,Bin,percent,0.7,0.8, 0.00238277112584834183800497343
Kentucky,1 wk ahead,Bin,percent,0.8,0.9, 0.00168811685302603970044998949
Kentucky,1 wk ahead,Bin,percent,0.9,1, 0.00424418253921258776389935363
Kentucky,1 wk ahead,Bin,percent,1,1.1, 0.01188065314141477542275726620
Kentucky,1 wk ahead,Bin,percent,1.1,1.2, 0.02717473326320150872614789250
Kentucky,1 wk ahead,Bin,percent,1.2,1.3, 0.05076423163647750952387482926
Kentucky,1 wk ahead,Bin,percent,1.3,1.4, 0.07915457715981791264603373293
Kentucky,1 wk ahead,Bin,percent,1.4,1.5, 0.10494683373097170309140580002
Kentucky,1 wk ahead,Bin,percent,1.5,1.6, 0.11975572687151320172560531319
Kentucky,1 wk ahead,Bin,percent,1.6,1.7, 0.11882725198812729705544199987
Kentucky,1 wk ahead,Bin,percent,1.7,1.8, 0.10387149412897529743293745241
Kentucky,1 wk ahead,Bin,percent,1.8,1.9, 0.08074378226322766194389402017
Kentucky,1 wk ahead,Bin,percent,1.9,2, 0.05532479298993223104652372513
Kentucky,1 wk ahead,Bin,percent,2,2.1, 0.03241945501860969691687586192
Kentucky,1 wk ahead,Bin,percent,2.1,2.2, 0.01564371179308772508154135039
Kentucky,1 wk ahead,Bin,percent,2.2,2.3, 0.00602336057431129053701956977
Kentucky,1 wk ahead,Bin,percent,2.3,2.4, 0.00181246061086451490038107259
Kentucky,1 wk ahead,Bin,percent,2.4,2.5, 0.00052815139799671309301515310
Kentucky,1 wk ahead,Bin,percent,2.5,2.6, 0.00046360224584342664107608489
Kentucky,1 wk ahead,Bin,percent,2.6,2.7, 0.00046360224584342664107608489
Kentucky,1 wk ahead,Bin,percent,2.7,2.8, 0.00046360224584342664107608489
Kentucky,1 wk ahead,Bin,percent,2.8,2.9, 0.00046360224584342664107608489
Kentucky,1 wk ahead,Bin,percent,2.9,3, 0.00046360224584342664107608489
Kentucky,1 wk ahead,Bin,percent,3,3.1, 0.00046360224584342664107608489
Kentucky,1 wk ahead,Bin,percent,3.1,3.2, 0.00046360224584342664107608489
Kentucky,1 wk ahead,Bin,percent,3.2,3.3, 0.00046360224584342664107608489
Kentucky,1 wk ahead,Bin,percent,3.3,3.4, 0.00046360224584342664107608489
Kentucky,1 wk ahead,Bin,percent,3.4,3.5, 0.00046360224584342664107608489
Kentucky,1 wk ahead,Bin,percent,3.5,3.6, 0.00046360224584342664107608489
Kentucky,1 wk ahead,Bin,percent,3.6,3.7, 0.00046360224584342664107608489
Kentucky,1 wk ahead,Bin,percent,3.7,3.8, 0.00046360224584342664107608489
Kentucky,1 wk ahead,Bin,percent,3.8,3.9, 0.00046360224584342664107608489
Kentucky,1 wk ahead,Bin,percent,3.9,4, 0.00046360224584342664107608489
Kentucky,1 wk ahead,Bin,percent,4,4.1, 0.00046360224584342664107608489
Kentucky,1 wk ahead,Bin,percent,4.1,4.2, 0.00046360224584342664107608489
Kentucky,1 wk ahead,Bin,percent,4.2,4.3, 0.00046360224584342664107608489
Kentucky,1 wk ahead,Bin,percent,4.3,4.4, 0.00046360224584342664107608489
Kentucky,1 wk ahead,Bin,percent,4.4,4.5, 0.00046360224584342664107608489
Kentucky,1 wk ahead,Bin,percent,4.5,4.6, 0.00046360224584342664107608489
Kentucky,1 wk ahead,Bin,percent,4.6,4.7, 0.00046360224584342664107608489
Kentucky,1 wk ahead,Bin,percent,4.7,4.8, 0.00046360224584342664107608489
Kentucky,1 wk ahead,Bin,percent,4.8,4.9, 0.00046360224584342664107608489
Kentucky,1 wk ahead,Bin,percent,4.9,5, 0.00046360224584342664107608489
Kentucky,1 wk ahead,Bin,percent,5,5.1, 0.00046360224584342664107608489
Kentucky,1 wk ahead,Bin,percent,5.1,5.2, 0.00046360224584342664107608489
Kentucky,1 wk ahead,Bin,percent,5.2,5.3, 0.00046360224584342664107608489
Kentucky,1 wk ahead,Bin,percent,5.3,5.4, 0.00046360224584342664107608489
Kentucky,1 wk ahead,Bin,percent,5.4,5.5, 0.00046360224584342664107608489
Kentucky,1 wk ahead,Bin,percent,5.5,5.6, 0.00046360224584342664107608489
Kentucky,1 wk ahead,Bin,percent,5.6,5.7, 0.00046360224584342664107608489
Kentucky,1 wk ahead,Bin,percent,5.7,5.8, 0.00046360224584342664107608489
Kentucky,1 wk ahead,Bin,percent,5.8,5.9, 0.00046360224584342664107608489
Kentucky,1 wk ahead,Bin,percent,5.9,6, 0.00046360224584342664107608489
Kentucky,1 wk ahead,Bin,percent,6,6.1, 0.00046360224584342664107608489
Kentucky,1 wk ahead,Bin,percent,6.1,6.2, 0.00046360224584342664107608489
Kentucky,1 wk ahead,Bin,percent,6.2,6.3, 0.00046360224584342664107608489
Kentucky,1 wk ahead,Bin,percent,6.3,6.4, 0.00046360224584342664107608489
Kentucky,1 wk ahead,Bin,percent,6.4,6.5, 0.00046360224584342664107608489
Kentucky,1 wk ahead,Bin,percent,6.5,6.6, 0.00046360224584342664107608489
Kentucky,1 wk ahead,Bin,percent,6.6,6.7, 0.00046360224584342664107608489
Kentucky,1 wk ahead,Bin,percent,6.7,6.8, 0.00046360224584342664107608489
Kentucky,1 wk ahead,Bin,percent,6.8,6.9, 0.00046360224584342664107608489
Kentucky,1 wk ahead,Bin,percent,6.9,7, 0.00046360224584342664107608489
Kentucky,1 wk ahead,Bin,percent,7,7.1, 0.00046360224584342664107608489
Kentucky,1 wk ahead,Bin,percent,7.1,7.2, 0.00046360224584342664107608489
Kentucky,1 wk ahead,Bin,percent,7.2,7.3, 0.00046360224584342664107608489
Kentucky,1 wk ahead,Bin,percent,7.3,7.4, 0.00046360224584342664107608489
Kentucky,1 wk ahead,Bin,percent,7.4,7.5, 0.00046360224584342664107608489
Kentucky,1 wk ahead,Bin,percent,7.5,7.6, 0.00046360224584342664107608489
Kentucky,1 wk ahead,Bin,percent,7.6,7.7, 0.00046360224584342664107608489
Kentucky,1 wk ahead,Bin,percent,7.7,7.8, 0.00046360224584342664107608489
Kentucky,1 wk ahead,Bin,percent,7.8,7.9, 0.00046360224584342664107608489
Kentucky,1 wk ahead,Bin,percent,7.9,8, 0.00046360224584342664107608489
Kentucky,1 wk ahead,Bin,percent,8,8.1, 0.00046360224584343076104434034
Kentucky,1 wk ahead,Bin,percent,8.1,8.2, 0.00046360224584343493522270441
Kentucky,1 wk ahead,Bin,percent,8.2,8.3, 0.00046360224584343493522270441
Kentucky,1 wk ahead,Bin,percent,8.3,8.4, 0.00046360224584343493522270441
Kentucky,1 wk ahead,Bin,percent,8.4,8.5, 0.00046360224584343493522270441
Kentucky,1 wk ahead,Bin,percent,8.5,8.6, 0.00046360224584343493522270441
Kentucky,1 wk ahead,Bin,percent,8.6,8.7, 0.00046360224584343493522270441
Kentucky,1 wk ahead,Bin,percent,8.7,8.8, 0.00046360224584343493522270441
Kentucky,1 wk ahead,Bin,percent,8.8,8.9, 0.00046360224584343493522270441
Kentucky,1 wk ahead,Bin,percent,8.9,9, 0.00046360224584343493522270441
Kentucky,1 wk ahead,Bin,percent,9,9.1, 0.00046360224584343493522270441
Kentucky,1 wk ahead,Bin,percent,9.1,9.2, 0.00046360224584343493522270441
Kentucky,1 wk ahead,Bin,percent,9.2,9.3, 0.00046360224584343493522270441
Kentucky,1 wk ahead,Bin,percent,9.3,9.4, 0.00046360224584343493522270441
Kentucky,1 wk ahead,Bin,percent,9.4,9.5, 0.00046360224584343493522270441
Kentucky,1 wk ahead,Bin,percent,9.5,9.6, 0.00046360224584343493522270441
Kentucky,1 wk ahead,Bin,percent,9.6,9.7, 0.00046360224584343493522270441
Kentucky,1 wk ahead,Bin,percent,9.7,9.8, 0.00046360224584343493522270441
Kentucky,1 wk ahead,Bin,percent,9.8,9.9, 0.00046360224584343493522270441
Kentucky,1 wk ahead,Bin,percent,9.9,10, 0.00046360224584343493522270441
Kentucky,1 wk ahead,Bin,percent,10,10.1, 0.00046360224584343493522270441
Kentucky,1 wk ahead,Bin,percent,10.1,10.2, 0.00046360224584343493522270441
Kentucky,1 wk ahead,Bin,percent,10.2,10.3, 0.00046360224584343493522270441
Kentucky,1 wk ahead,Bin,percent,10.3,10.4, 0.00046360224584343493522270441
Kentucky,1 wk ahead,Bin,percent,10.4,10.5, 0.00046360224584343493522270441
Kentucky,1 wk ahead,Bin,percent,10.5,10.6, 0.00046360224584343493522270441
Kentucky,1 wk ahead,Bin,percent,10.6,10.7, 0.00046360224584343493522270441
Kentucky,1 wk ahead,Bin,percent,10.7,10.8, 0.00046360224584343493522270441
Kentucky,1 wk ahead,Bin,percent,10.8,10.9, 0.00046360224584343493522270441
Kentucky,1 wk ahead,Bin,percent,10.9,11, 0.00046360224584343493522270441
Kentucky,1 wk ahead,Bin,percent,11,11.1, 0.00046360224584343493522270441
Kentucky,1 wk ahead,Bin,percent,11.1,11.2, 0.00046360224584343493522270441
Kentucky,1 wk ahead,Bin,percent,11.2,11.3, 0.00046360224584343493522270441
Kentucky,1 wk ahead,Bin,percent,11.3,11.4, 0.00046360224584343493522270441
Kentucky,1 wk ahead,Bin,percent,11.4,11.5, 0.00046360224584343493522270441
Kentucky,1 wk ahead,Bin,percent,11.5,11.6, 0.00046360224584343493522270441
Kentucky,1 wk ahead,Bin,percent,11.6,11.7, 0.00046360224584343493522270441
Kentucky,1 wk ahead,Bin,percent,11.7,11.8, 0.00046360224584343493522270441
Kentucky,1 wk ahead,Bin,percent,11.8,11.9, 0.00046360224584343493522270441
Kentucky,1 wk ahead,Bin,percent,11.9,12, 0.00046360224584343493522270441
Kentucky,1 wk ahead,Bin,percent,12,12.1, 0.00046360224584343493522270441
Kentucky,1 wk ahead,Bin,percent,12.1,12.2, 0.00046360224584343493522270441
Kentucky,1 wk ahead,Bin,percent,12.2,12.3, 0.00046360224584343493522270441
Kentucky,1 wk ahead,Bin,percent,12.3,12.4, 0.00046360224584343493522270441
Kentucky,1 wk ahead,Bin,percent,12.4,12.5, 0.00046360224584343493522270441
Kentucky,1 wk ahead,Bin,percent,12.5,12.6, 0.00046360224584343493522270441
Kentucky,1 wk ahead,Bin,percent,12.6,12.7, 0.00046360224584343493522270441
Kentucky,1 wk ahead,Bin,percent,12.7,12.8, 0.00046360224584343493522270441
Kentucky,1 wk ahead,Bin,percent,12.8,12.9, 0.00046360224584343493522270441
Kentucky,1 wk ahead,Bin,percent,12.9,13, 0.00046360224584343493522270441
Kentucky,1 wk ahead,Bin,percent,13,100, 0.00046360224584343493522270441
Kentucky,2 wk ahead,Bin,percent,0,0.1, 0.00398957558393163262688840831
Kentucky,2 wk ahead,Bin,percent,0.1,0.2, 0.01016084944712562776469866321
Kentucky,2 wk ahead,Bin,percent,0.2,0.3, 0.01334183154281527380891070322
Kentucky,2 wk ahead,Bin,percent,0.3,0.4, 0.01669274348090263662691690172
Kentucky,2 wk ahead,Bin,percent,0.4,0.5, 0.02007277572393108971970931975
Kentucky,2 wk ahead,Bin,percent,0.5,0.6, 0.02344700500329280346001326052
Kentucky,2 wk ahead,Bin,percent,0.6,0.7, 0.02691427562460482758588398156
Kentucky,2 wk ahead,Bin,percent,0.7,0.8, 0.03066737018743987200353195988
Kentucky,2 wk ahead,Bin,percent,0.8,0.9, 0.03489332692702325905420579488
Kentucky,2 wk ahead,Bin,percent,0.9,1, 0.03965286182042093710009567076
Kentucky,2 wk ahead,Bin,percent,1,1.1, 0.04479825896288608388928764725
Kentucky,2 wk ahead,Bin,percent,1.1,1.2, 0.04996791096215629640608923978
Kentucky,2 wk ahead,Bin,percent,1.2,1.3, 0.05466555620879336857553809637
Kentucky,2 wk ahead,Bin,percent,1.3,1.4, 0.05838746761592555206688004432
Kentucky,2 wk ahead,Bin,percent,1.4,1.5, 0.06074876775016477964408423418
Kentucky,2 wk ahead,Bin,percent,1.5,1.6, 0.06155187918926351836601540413
Kentucky,2 wk ahead,Bin,percent,1.6,1.7, 0.06078487326183284328307010469
Kentucky,2 wk ahead,Bin,percent,1.7,1.8, 0.05856276227573443959872889764
Kentucky,2 wk ahead,Bin,percent,1.8,1.9, 0.05505167910376900647362319319
Kentucky,2 wk ahead,Bin,percent,1.9,2, 0.05042396487067143939775348827
Kentucky,2 wk ahead,Bin,percent,2,2.1, 0.04486285820740434915343541888
Kentucky,2 wk ahead,Bin,percent,2.1,2.2, 0.03859828418250255133159498655
Kentucky,2 wk ahead,Bin,percent,2.2,2.3, 0.03194515860776307725199529841
Kentucky,2 wk ahead,Bin,percent,2.3,2.4, 0.02529683421598566406274244400
Kentucky,2 wk ahead,Bin,percent,2.4,2.5, 0.01907207018448561081092051950
Kentucky,2 wk ahead,Bin,percent,2.5,2.6, 0.01363144228381410125172656933
Kentucky,2 wk ahead,Bin,percent,2.6,2.7, 0.00920397106497683296921774598
Kentucky,2 wk ahead,Bin,percent,2.7,2.8, 0.00585481653105433905853738352
Kentucky,2 wk ahead,Bin,percent,2.8,2.9, 0.00350088255942527983716194839
Kentucky,2 wk ahead,Bin,percent,2.9,3, 0.00196504585722426976593379955
Kentucky,2 wk ahead,Bin,percent,3,3.1, 0.00103382077076941939104692825
Kentucky,2 wk ahead,Bin,percent,3.1,3.2, 0.00050945794695093243355243917
Kentucky,2 wk ahead,Bin,percent,3.2,3.3, 0.00030372038414419767890159441
Kentucky,2 wk ahead,Bin,percent,3.3,3.4, 0.00030046838429401763904263989
Kentucky,2 wk ahead,Bin,percent,3.4,3.5, 0.00030046838429401763904263989
Kentucky,2 wk ahead,Bin,percent,3.5,3.6, 0.00030046838429401763904263989
Kentucky,2 wk ahead,Bin,percent,3.6,3.7, 0.00030046838429401763904263989
Kentucky,2 wk ahead,Bin,percent,3.7,3.8, 0.00030046838429401763904263989
Kentucky,2 wk ahead,Bin,percent,3.8,3.9, 0.00030046838429401763904263989
Kentucky,2 wk ahead,Bin,percent,3.9,4, 0.00030046838429401763904263989
Kentucky,2 wk ahead,Bin,percent,4,4.1, 0.00030046838429401763904263989
Kentucky,2 wk ahead,Bin,percent,4.1,4.2, 0.00030046838429401763904263989
Kentucky,2 wk ahead,Bin,percent,4.2,4.3, 0.00030046838429401763904263989
Kentucky,2 wk ahead,Bin,percent,4.3,4.4, 0.00030046838429401763904263989
Kentucky,2 wk ahead,Bin,percent,4.4,4.5, 0.00030046838429401763904263989
Kentucky,2 wk ahead,Bin,percent,4.5,4.6, 0.00030046838429401763904263989
Kentucky,2 wk ahead,Bin,percent,4.6,4.7, 0.00030046838429401763904263989
Kentucky,2 wk ahead,Bin,percent,4.7,4.8, 0.00030046838429401763904263989
Kentucky,2 wk ahead,Bin,percent,4.8,4.9, 0.00030046838429401763904263989
Kentucky,2 wk ahead,Bin,percent,4.9,5, 0.00030046838429401763904263989
Kentucky,2 wk ahead,Bin,percent,5,5.1, 0.00030046838429401763904263989
Kentucky,2 wk ahead,Bin,percent,5.1,5.2, 0.00030046838429401763904263989
Kentucky,2 wk ahead,Bin,percent,5.2,5.3, 0.00030046838429401763904263989
Kentucky,2 wk ahead,Bin,percent,5.3,5.4, 0.00030046838429401763904263989
Kentucky,2 wk ahead,Bin,percent,5.4,5.5, 0.00030046838429401763904263989
Kentucky,2 wk ahead,Bin,percent,5.5,5.6, 0.00030046838429401763904263989
Kentucky,2 wk ahead,Bin,percent,5.6,5.7, 0.00030046838429401763904263989
Kentucky,2 wk ahead,Bin,percent,5.7,5.8, 0.00030046838429401763904263989
Kentucky,2 wk ahead,Bin,percent,5.8,5.9, 0.00030046838429401763904263989
Kentucky,2 wk ahead,Bin,percent,5.9,6, 0.00030046838429401763904263989
Kentucky,2 wk ahead,Bin,percent,6,6.1, 0.00030046838429401763904263989
Kentucky,2 wk ahead,Bin,percent,6.1,6.2, 0.00030046838429401763904263989
Kentucky,2 wk ahead,Bin,percent,6.2,6.3, 0.00030046838429401763904263989
Kentucky,2 wk ahead,Bin,percent,6.3,6.4, 0.00030046838429401763904263989
Kentucky,2 wk ahead,Bin,percent,6.4,6.5, 0.00030046838429401763904263989
Kentucky,2 wk ahead,Bin,percent,6.5,6.6, 0.00030046838429401763904263989
Kentucky,2 wk ahead,Bin,percent,6.6,6.7, 0.00030046838429401763904263989
Kentucky,2 wk ahead,Bin,percent,6.7,6.8, 0.00030046838429401763904263989
Kentucky,2 wk ahead,Bin,percent,6.8,6.9, 0.00030046838429401763904263989
Kentucky,2 wk ahead,Bin,percent,6.9,7, 0.00030046838429401763904263989
Kentucky,2 wk ahead,Bin,percent,7,7.1, 0.00030046838429401763904263989
Kentucky,2 wk ahead,Bin,percent,7.1,7.2, 0.00030046838429401763904263989
Kentucky,2 wk ahead,Bin,percent,7.2,7.3, 0.00030046838429401763904263989
Kentucky,2 wk ahead,Bin,percent,7.3,7.4, 0.00030046838429401763904263989
Kentucky,2 wk ahead,Bin,percent,7.4,7.5, 0.00030046838429401763904263989
Kentucky,2 wk ahead,Bin,percent,7.5,7.6, 0.00030046838429401763904263989
Kentucky,2 wk ahead,Bin,percent,7.6,7.7, 0.00030046838429401763904263989
Kentucky,2 wk ahead,Bin,percent,7.7,7.8, 0.00030046838429401763904263989
Kentucky,2 wk ahead,Bin,percent,7.8,7.9, 0.00030046838429401763904263989
Kentucky,2 wk ahead,Bin,percent,7.9,8, 0.00030046838429401763904263989
Kentucky,2 wk ahead,Bin,percent,8,8.1, 0.00030046838429402034954807110
Kentucky,2 wk ahead,Bin,percent,8.1,8.2, 0.00030046838429402300584339369
Kentucky,2 wk ahead,Bin,percent,8.2,8.3, 0.00030046838429402300584339369
Kentucky,2 wk ahead,Bin,percent,8.3,8.4, 0.00030046838429402300584339369
Kentucky,2 wk ahead,Bin,percent,8.4,8.5, 0.00030046838429402300584339369
Kentucky,2 wk ahead,Bin,percent,8.5,8.6, 0.00030046838429402300584339369
Kentucky,2 wk ahead,Bin,percent,8.6,8.7, 0.00030046838429402300584339369
Kentucky,2 wk ahead,Bin,percent,8.7,8.8, 0.00030046838429402300584339369
Kentucky,2 wk ahead,Bin,percent,8.8,8.9, 0.00030046838429402300584339369
Kentucky,2 wk ahead,Bin,percent,8.9,9, 0.00030046838429402300584339369
Kentucky,2 wk ahead,Bin,percent,9,9.1, 0.00030046838429402300584339369
Kentucky,2 wk ahead,Bin,percent,9.1,9.2, 0.00030046838429402300584339369
Kentucky,2 wk ahead,Bin,percent,9.2,9.3, 0.00030046838429402300584339369
Kentucky,2 wk ahead,Bin,percent,9.3,9.4, 0.00030046838429402300584339369
Kentucky,2 wk ahead,Bin,percent,9.4,9.5, 0.00030046838429402300584339369
Kentucky,2 wk ahead,Bin,percent,9.5,9.6, 0.00030046838429402300584339369
Kentucky,2 wk ahead,Bin,percent,9.6,9.7, 0.00030046838429402300584339369
Kentucky,2 wk ahead,Bin,percent,9.7,9.8, 0.00030046838429402300584339369
Kentucky,2 wk ahead,Bin,percent,9.8,9.9, 0.00030046838429402300584339369
Kentucky,2 wk ahead,Bin,percent,9.9,10, 0.00030046838429402300584339369
Kentucky,2 wk ahead,Bin,percent,10,10.1, 0.00030046838429402300584339369
Kentucky,2 wk ahead,Bin,percent,10.1,10.2, 0.00030046838429402300584339369
Kentucky,2 wk ahead,Bin,percent,10.2,10.3, 0.00030046838429402300584339369
Kentucky,2 wk ahead,Bin,percent,10.3,10.4, 0.00030046838429402300584339369
Kentucky,2 wk ahead,Bin,percent,10.4,10.5, 0.00030046838429402300584339369
Kentucky,2 wk ahead,Bin,percent,10.5,10.6, 0.00030046838429402300584339369
Kentucky,2 wk ahead,Bin,percent,10.6,10.7, 0.00030046838429402300584339369
Kentucky,2 wk ahead,Bin,percent,10.7,10.8, 0.00030046838429402300584339369
Kentucky,2 wk ahead,Bin,percent,10.8,10.9, 0.00030046838429402300584339369
Kentucky,2 wk ahead,Bin,percent,10.9,11, 0.00030046838429402300584339369
Kentucky,2 wk ahead,Bin,percent,11,11.1, 0.00030046838429402300584339369
Kentucky,2 wk ahead,Bin,percent,11.1,11.2, 0.00030046838429402300584339369
Kentucky,2 wk ahead,Bin,percent,11.2,11.3, 0.00030046838429402300584339369
Kentucky,2 wk ahead,Bin,percent,11.3,11.4, 0.00030046838429402300584339369
Kentucky,2 wk ahead,Bin,percent,11.4,11.5, 0.00030046838429402300584339369
Kentucky,2 wk ahead,Bin,percent,11.5,11.6, 0.00030046838429402300584339369
Kentucky,2 wk ahead,Bin,percent,11.6,11.7, 0.00030046838429402300584339369
Kentucky,2 wk ahead,Bin,percent,11.7,11.8, 0.00030046838429402300584339369
Kentucky,2 wk ahead,Bin,percent,11.8,11.9, 0.00030046838429402300584339369
Kentucky,2 wk ahead,Bin,percent,11.9,12, 0.00030046838429402300584339369
Kentucky,2 wk ahead,Bin,percent,12,12.1, 0.00030046838429402300584339369
Kentucky,2 wk ahead,Bin,percent,12.1,12.2, 0.00030046838429402300584339369
Kentucky,2 wk ahead,Bin,percent,12.2,12.3, 0.00030046838429402300584339369
Kentucky,2 wk ahead,Bin,percent,12.3,12.4, 0.00030046838429402300584339369
Kentucky,2 wk ahead,Bin,percent,12.4,12.5, 0.00030046838429402300584339369
Kentucky,2 wk ahead,Bin,percent,12.5,12.6, 0.00030046838429402300584339369
Kentucky,2 wk ahead,Bin,percent,12.6,12.7, 0.00030046838429402300584339369
Kentucky,2 wk ahead,Bin,percent,12.7,12.8, 0.00030046838429402300584339369
Kentucky,2 wk ahead,Bin,percent,12.8,12.9, 0.00030046838429402300584339369
Kentucky,2 wk ahead,Bin,percent,12.9,13, 0.00030046838429402300584339369
Kentucky,2 wk ahead,Bin,percent,13,100, 0.00030046838429402300584339369
Kentucky,3 wk ahead,Bin,percent,0,0.1, 0.00026285831439528550444381660
Kentucky,3 wk ahead,Bin,percent,0.1,0.2, 0.00052599395776397814272762332
Kentucky,3 wk ahead,Bin,percent,0.2,0.3, 0.00199958823403650464561875921
Kentucky,3 wk ahead,Bin,percent,0.3,0.4, 0.01072252587169307200265500057
Kentucky,3 wk ahead,Bin,percent,0.4,0.5, 0.03028033723323824560891281976
Kentucky,3 wk ahead,Bin,percent,0.5,0.6, 0.04513848255158448008472760193
Kentucky,3 wk ahead,Bin,percent,0.6,0.7, 0.03559051902154994340143900899
Kentucky,3 wk ahead,Bin,percent,0.7,0.8, 0.01531824529589876499047207403
Kentucky,3 wk ahead,Bin,percent,0.8,0.9, 0.00774817035329338019838951723
Kentucky,3 wk ahead,Bin,percent,0.9,1, 0.02074065042991180690679087206
Kentucky,3 wk ahead,Bin,percent,1,1.1, 0.04864891094591994313844907083
Kentucky,3 wk ahead,Bin,percent,1.1,1.2, 0.06208285566473357997008264419
Kentucky,3 wk ahead,Bin,percent,1.2,1.3, 0.04813517558980130728318869160
Kentucky,3 wk ahead,Bin,percent,1.3,1.4, 0.04780643023276293784862289726
Kentucky,3 wk ahead,Bin,percent,1.4,1.5, 0.08473229687547714772399842786
Kentucky,3 wk ahead,Bin,percent,1.5,1.6, 0.10900706478168609159240531881
Kentucky,3 wk ahead,Bin,percent,1.6,1.7, 0.07795725436545959674550232421
Kentucky,3 wk ahead,Bin,percent,1.7,1.8, 0.03018793054608913742353770715
Kentucky,3 wk ahead,Bin,percent,1.8,1.9, 0.00629901896214344649005401067
Kentucky,3 wk ahead,Bin,percent,1.9,2, 0.00070465944104161170984113038
Kentucky,3 wk ahead,Bin,percent,2,2.1, 0.00004205023770465744298524893
Kentucky,3 wk ahead,Bin,percent,2.1,2.2, 0.00000132953124929041784449022
Kentucky,3 wk ahead,Bin,percent,2.2,2.3, 0.00000002210196258135406485122
Kentucky,3 wk ahead,Bin,percent,2.3,2.4, 0.00000000019301207258191390453
Kentucky,3 wk ahead,Bin,percent,2.4,2.5, 0.00000000007676751011530942401
Kentucky,3 wk ahead,Bin,percent,2.5,2.6, 0.00000000987145046571823489784
Kentucky,3 wk ahead,Bin,percent,2.6,2.7, 0.00000066454481883654720955482
Kentucky,3 wk ahead,Bin,percent,2.7,2.8, 0.00002328907271338745568018888
Kentucky,3 wk ahead,Bin,percent,2.8,2.9, 0.00042462976804339021535267262
Kentucky,3 wk ahead,Bin,percent,2.9,3, 0.00404993101950639877023574442
Kentucky,3 wk ahead,Bin,percent,3,3.1, 0.02029285505555562807433744865
Kentucky,3 wk ahead,Bin,percent,3.1,3.2, 0.05356960361770566475536625717
Kentucky,3 wk ahead,Bin,percent,3.2,3.3, 0.07467581553294544427501477912
Kentucky,3 wk ahead,Bin,percent,3.3,3.4, 0.05500638658313917322972841362
Kentucky,3 wk ahead,Bin,percent,3.4,3.5, 0.02139315226276848960762499985
Kentucky,3 wk ahead,Bin,percent,3.5,3.6, 0.00438311356369071661309710919
Kentucky,3 wk ahead,Bin,percent,3.6,3.7, 0.00089904415743176867813202247
Kentucky,3 wk ahead,Bin,percent,3.7,3.8, 0.00086541632064950611575443462
Kentucky,3 wk ahead,Bin,percent,3.8,3.9, 0.00086541632064950611575443462
Kentucky,3 wk ahead,Bin,percent,3.9,4, 0.00086541632064950611575443462
Kentucky,3 wk ahead,Bin,percent,4,4.1, 0.00086541632064950611575443462
Kentucky,3 wk ahead,Bin,percent,4.1,4.2, 0.00086541632064950611575443462
Kentucky,3 wk ahead,Bin,percent,4.2,4.3, 0.00086541632064950611575443462
Kentucky,3 wk ahead,Bin,percent,4.3,4.4, 0.00086541632064950611575443462
Kentucky,3 wk ahead,Bin,percent,4.4,4.5, 0.00086541632064950611575443462
Kentucky,3 wk ahead,Bin,percent,4.5,4.6, 0.00086541632064950611575443462
Kentucky,3 wk ahead,Bin,percent,4.6,4.7, 0.00086541632064950611575443462
Kentucky,3 wk ahead,Bin,percent,4.7,4.8, 0.00086541632064950611575443462
Kentucky,3 wk ahead,Bin,percent,4.8,4.9, 0.00086541632064950611575443462
Kentucky,3 wk ahead,Bin,percent,4.9,5, 0.00086541632064950611575443462
Kentucky,3 wk ahead,Bin,percent,5,5.1, 0.00086541632064950611575443462
Kentucky,3 wk ahead,Bin,percent,5.1,5.2, 0.00086541632064950611575443462
Kentucky,3 wk ahead,Bin,percent,5.2,5.3, 0.00086541632064950611575443462
Kentucky,3 wk ahead,Bin,percent,5.3,5.4, 0.00086541632064950611575443462
Kentucky,3 wk ahead,Bin,percent,5.4,5.5, 0.00086541632064950611575443462
Kentucky,3 wk ahead,Bin,percent,5.5,5.6, 0.00086541632064950611575443462
Kentucky,3 wk ahead,Bin,percent,5.6,5.7, 0.00086541632064950611575443462
Kentucky,3 wk ahead,Bin,percent,5.7,5.8, 0.00086541632064950611575443462
Kentucky,3 wk ahead,Bin,percent,5.8,5.9, 0.00086541632064950611575443462
Kentucky,3 wk ahead,Bin,percent,5.9,6, 0.00086541632064950611575443462
Kentucky,3 wk ahead,Bin,percent,6,6.1, 0.00086541632064950611575443462
Kentucky,3 wk ahead,Bin,percent,6.1,6.2, 0.00086541632064950611575443462
Kentucky,3 wk ahead,Bin,percent,6.2,6.3, 0.00086541632064950611575443462
Kentucky,3 wk ahead,Bin,percent,6.3,6.4, 0.00086541632064950611575443462
Kentucky,3 wk ahead,Bin,percent,6.4,6.5, 0.00086541632064950611575443462
Kentucky,3 wk ahead,Bin,percent,6.5,6.6, 0.00086541632064950611575443462
Kentucky,3 wk ahead,Bin,percent,6.6,6.7, 0.00086541632064950611575443462
Kentucky,3 wk ahead,Bin,percent,6.7,6.8, 0.00086541632064950611575443462
Kentucky,3 wk ahead,Bin,percent,6.8,6.9, 0.00086541632064950611575443462
Kentucky,3 wk ahead,Bin,percent,6.9,7, 0.00086541632064950611575443462
Kentucky,3 wk ahead,Bin,percent,7,7.1, 0.00086541632064950611575443462
Kentucky,3 wk ahead,Bin,percent,7.1,7.2, 0.00086541632064950611575443462
Kentucky,3 wk ahead,Bin,percent,7.2,7.3, 0.00086541632064950611575443462
Kentucky,3 wk ahead,Bin,percent,7.3,7.4, 0.00086541632064950611575443462
Kentucky,3 wk ahead,Bin,percent,7.4,7.5, 0.00086541632064950611575443462
Kentucky,3 wk ahead,Bin,percent,7.5,7.6, 0.00086541632064950611575443462
Kentucky,3 wk ahead,Bin,percent,7.6,7.7, 0.00086541632064950611575443462
Kentucky,3 wk ahead,Bin,percent,7.7,7.8, 0.00086541632064950611575443462
Kentucky,3 wk ahead,Bin,percent,7.8,7.9, 0.00086541632064950611575443462
Kentucky,3 wk ahead,Bin,percent,7.9,8, 0.00086541632064950611575443462
Kentucky,3 wk ahead,Bin,percent,8,8.1, 0.00086541632064951370516964202
Kentucky,3 wk ahead,Bin,percent,8.1,8.2, 0.00086541632064952151142528392
Kentucky,3 wk ahead,Bin,percent,8.2,8.3, 0.00086541632064952151142528392
Kentucky,3 wk ahead,Bin,percent,8.3,8.4, 0.00086541632064952151142528392
Kentucky,3 wk ahead,Bin,percent,8.4,8.5, 0.00086541632064952151142528392
Kentucky,3 wk ahead,Bin,percent,8.5,8.6, 0.00086541632064952151142528392
Kentucky,3 wk ahead,Bin,percent,8.6,8.7, 0.00086541632064952151142528392
Kentucky,3 wk ahead,Bin,percent,8.7,8.8, 0.00086541632064952151142528392
Kentucky,3 wk ahead,Bin,percent,8.8,8.9, 0.00086541632064952151142528392
Kentucky,3 wk ahead,Bin,percent,8.9,9, 0.00086541632064952151142528392
Kentucky,3 wk ahead,Bin,percent,9,9.1, 0.00086541632064952151142528392
Kentucky,3 wk ahead,Bin,percent,9.1,9.2, 0.00086541632064952151142528392
Kentucky,3 wk ahead,Bin,percent,9.2,9.3, 0.00086541632064952151142528392
Kentucky,3 wk ahead,Bin,percent,9.3,9.4, 0.00086541632064952151142528392
Kentucky,3 wk ahead,Bin,percent,9.4,9.5, 0.00086541632064952151142528392
Kentucky,3 wk ahead,Bin,percent,9.5,9.6, 0.00086541632064952151142528392
Kentucky,3 wk ahead,Bin,percent,9.6,9.7, 0.00086541632064952151142528392
Kentucky,3 wk ahead,Bin,percent,9.7,9.8, 0.00086541632064952151142528392
Kentucky,3 wk ahead,Bin,percent,9.8,9.9, 0.00086541632064952151142528392
Kentucky,3 wk ahead,Bin,percent,9.9,10, 0.00086541632064952151142528392
Kentucky,3 wk ahead,Bin,percent,10,10.1, 0.00086541632064952151142528392
Kentucky,3 wk ahead,Bin,percent,10.1,10.2, 0.00086541632064952151142528392
Kentucky,3 wk ahead,Bin,percent,10.2,10.3, 0.00086541632064952151142528392
Kentucky,3 wk ahead,Bin,percent,10.3,10.4, 0.00086541632064952151142528392
Kentucky,3 wk ahead,Bin,percent,10.4,10.5, 0.00086541632064952151142528392
Kentucky,3 wk ahead,Bin,percent,10.5,10.6, 0.00086541632064952151142528392
Kentucky,3 wk ahead,Bin,percent,10.6,10.7, 0.00086541632064952151142528392
Kentucky,3 wk ahead,Bin,percent,10.7,10.8, 0.00086541632064952151142528392
Kentucky,3 wk ahead,Bin,percent,10.8,10.9, 0.00086541632064952151142528392
Kentucky,3 wk ahead,Bin,percent,10.9,11, 0.00086541632064952151142528392
Kentucky,3 wk ahead,Bin,percent,11,11.1, 0.00086541632064952151142528392
Kentucky,3 wk ahead,Bin,percent,11.1,11.2, 0.00086541632064952151142528392
Kentucky,3 wk ahead,Bin,percent,11.2,11.3, 0.00086541632064952151142528392
Kentucky,3 wk ahead,Bin,percent,11.3,11.4, 0.00086541632064952151142528392
Kentucky,3 wk ahead,Bin,percent,11.4,11.5, 0.00086541632064952151142528392
Kentucky,3 wk ahead,Bin,percent,11.5,11.6, 0.00086541632064952151142528392
Kentucky,3 wk ahead,Bin,percent,11.6,11.7, 0.00086541632064952151142528392
Kentucky,3 wk ahead,Bin,percent,11.7,11.8, 0.00086541632064952151142528392
Kentucky,3 wk ahead,Bin,percent,11.8,11.9, 0.00086541632064952151142528392
Kentucky,3 wk ahead,Bin,percent,11.9,12, 0.00086541632064952151142528392
Kentucky,3 wk ahead,Bin,percent,12,12.1, 0.00086541632064952151142528392
Kentucky,3 wk ahead,Bin,percent,12.1,12.2, 0.00086541632064952151142528392
Kentucky,3 wk ahead,Bin,percent,12.2,12.3, 0.00086541632064952151142528392
Kentucky,3 wk ahead,Bin,percent,12.3,12.4, 0.00086541632064952151142528392
Kentucky,3 wk ahead,Bin,percent,12.4,12.5, 0.00086541632064952151142528392
Kentucky,3 wk ahead,Bin,percent,12.5,12.6, 0.00086541632064952151142528392
Kentucky,3 wk ahead,Bin,percent,12.6,12.7, 0.00086541632064952151142528392
Kentucky,3 wk ahead,Bin,percent,12.7,12.8, 0.00086541632064952151142528392
Kentucky,3 wk ahead,Bin,percent,12.8,12.9, 0.00086541632064952151142528392
Kentucky,3 wk ahead,Bin,percent,12.9,13, 0.00086541632064952151142528392
Kentucky,3 wk ahead,Bin,percent,13,100, 0.00086541632064952151142528392
Kentucky,4 wk ahead,Bin,percent,0,0.1, 0.00087229965010746936780738903
Kentucky,4 wk ahead,Bin,percent,0.1,0.2, 0.00448808493486128976673876778
Kentucky,4 wk ahead,Bin,percent,0.2,0.3, 0.01185636775104451264006844013
Kentucky,4 wk ahead,Bin,percent,0.3,0.4, 0.02443351975086485716737172424
Kentucky,4 wk ahead,Bin,percent,0.4,0.5, 0.04003757154669260187596080414
Kentucky,4 wk ahead,Bin,percent,0.5,0.6, 0.05345533749402844175824256467
Kentucky,4 wk ahead,Bin,percent,0.6,0.7, 0.06002732966467189124060155336
Kentucky,4 wk ahead,Bin,percent,0.7,0.8, 0.05998819891338448562212448678
Kentucky,4 wk ahead,Bin,percent,0.8,0.9, 0.05963149867123791053602488432
Kentucky,4 wk ahead,Bin,percent,0.9,1, 0.06593106467195754272214713865
Kentucky,4 wk ahead,Bin,percent,1,1.1, 0.07732558295074652698897210712
Kentucky,4 wk ahead,Bin,percent,1.1,1.2, 0.08248956122430564641412331639
Kentucky,4 wk ahead,Bin,percent,1.2,1.3, 0.07211819614017034307806852667
Kentucky,4 wk ahead,Bin,percent,1.3,1.4, 0.04951206171774895359316559507
Kentucky,4 wk ahead,Bin,percent,1.4,1.5, 0.02629335711947591511239430417
Kentucky,4 wk ahead,Bin,percent,1.5,1.6, 0.01073468853572238750071488056
Kentucky,4 wk ahead,Bin,percent,1.6,1.7, 0.00335725926188974168815071231
Kentucky,4 wk ahead,Bin,percent,1.7,1.8, 0.00080194887804536007982342261
Kentucky,4 wk ahead,Bin,percent,1.8,1.9, 0.00014592200553300202470717595
Kentucky,4 wk ahead,Bin,percent,1.9,2, 0.00002017930869956030675844809
Kentucky,4 wk ahead,Bin,percent,2,2.1, 0.00000212729544964959957847146
Kentucky,4 wk ahead,Bin,percent,2.1,2.2, 0.00000036292681393043987248583
Kentucky,4 wk ahead,Bin,percent,2.2,2.3, 0.00000243224248307615867201658
Kentucky,4 wk ahead,Bin,percent,2.3,2.4, 0.00002263888710236438447345915
Kentucky,4 wk ahead,Bin,percent,2.4,2.5, 0.00015928861405768552869134658
Kentucky,4 wk ahead,Bin,percent,2.5,2.6, 0.00084360340756129055007905837
Kentucky,4 wk ahead,Bin,percent,2.6,2.7, 0.00336428461817656673099596887
Kentucky,4 wk ahead,Bin,percent,2.7,2.8, 0.01010625897515505557111570312
Kentucky,4 wk ahead,Bin,percent,2.8,2.9, 0.02287432662936186508750857627
Kentucky,4 wk ahead,Bin,percent,2.9,3, 0.03901622323572176420647394934
Kentucky,4 wk ahead,Bin,percent,3,3.1, 0.05015612066539427982281296181
Kentucky,4 wk ahead,Bin,percent,3.1,3.2, 0.04859619972011516159104971280
Kentucky,4 wk ahead,Bin,percent,3.2,3.3, 0.03548653704012876691775701943
Kentucky,4 wk ahead,Bin,percent,3.3,3.4, 0.01952812321839496323416796031
Kentucky,4 wk ahead,Bin,percent,3.4,3.5, 0.00809823684775928462342697856
Kentucky,4 wk ahead,Bin,percent,3.5,3.6, 0.00253043602758577833647390953
Kentucky,4 wk ahead,Bin,percent,3.6,3.7, 0.00070564879183554441669651291
Kentucky,4 wk ahead,Bin,percent,3.7,3.8, 0.00058496936878419118939487209
Kentucky,4 wk ahead,Bin,percent,3.8,3.9, 0.00058496936878419118939487209
Kentucky,4 wk ahead,Bin,percent,3.9,4, 0.00058496936878419118939487209
Kentucky,4 wk ahead,Bin,percent,4,4.1, 0.00058496936878419118939487209
Kentucky,4 wk ahead,Bin,percent,4.1,4.2, 0.00058496936878419118939487209
Kentucky,4 wk ahead,Bin,percent,4.2,4.3, 0.00058496936878419118939487209
Kentucky,4 wk ahead,Bin,percent,4.3,4.4, 0.00058496936878419118939487209
Kentucky,4 wk ahead,Bin,percent,4.4,4.5, 0.00058496936878419118939487209
Kentucky,4 wk ahead,Bin,percent,4.5,4.6, 0.00058496936878419118939487209
Kentucky,4 wk ahead,Bin,percent,4.6,4.7, 0.00058496936878419118939487209
Kentucky,4 wk ahead,Bin,percent,4.7,4.8, 0.00058496936878419118939487209
Kentucky,4 wk ahead,Bin,percent,4.8,4.9, 0.00058496936878419118939487209
Kentucky,4 wk ahead,Bin,percent,4.9,5, 0.00058496936878419118939487209
Kentucky,4 wk ahead,Bin,percent,5,5.1, 0.00058496936878419118939487209
Kentucky,4 wk ahead,Bin,percent,5.1,5.2, 0.00058496936878419118939487209
Kentucky,4 wk ahead,Bin,percent,5.2,5.3, 0.00058496936878419118939487209
Kentucky,4 wk ahead,Bin,percent,5.3,5.4, 0.00058496936878419118939487209
Kentucky,4 wk ahead,Bin,percent,5.4,5.5, 0.00058496936878419118939487209
Kentucky,4 wk ahead,Bin,percent,5.5,5.6, 0.00058496936878419118939487209
Kentucky,4 wk ahead,Bin,percent,5.6,5.7, 0.00058496936878419118939487209
Kentucky,4 wk ahead,Bin,percent,5.7,5.8, 0.00058496936878419118939487209
Kentucky,4 wk ahead,Bin,percent,5.8,5.9, 0.00058496936878419118939487209
Kentucky,4 wk ahead,Bin,percent,5.9,6, 0.00058496936878419118939487209
Kentucky,4 wk ahead,Bin,percent,6,6.1, 0.00058496936878419118939487209
Kentucky,4 wk ahead,Bin,percent,6.1,6.2, 0.00058496936878419118939487209
Kentucky,4 wk ahead,Bin,percent,6.2,6.3, 0.00058496936878419118939487209
Kentucky,4 wk ahead,Bin,percent,6.3,6.4, 0.00058496936878419118939487209
Kentucky,4 wk ahead,Bin,percent,6.4,6.5, 0.00058496936878419118939487209
Kentucky,4 wk ahead,Bin,percent,6.5,6.6, 0.00058496936878419118939487209
Kentucky,4 wk ahead,Bin,percent,6.6,6.7, 0.00058496936878419118939487209
Kentucky,4 wk ahead,Bin,percent,6.7,6.8, 0.00058496936878419118939487209
Kentucky,4 wk ahead,Bin,percent,6.8,6.9, 0.00058496936878419118939487209
Kentucky,4 wk ahead,Bin,percent,6.9,7, 0.00058496936878419118939487209
Kentucky,4 wk ahead,Bin,percent,7,7.1, 0.00058496936878419118939487209
Kentucky,4 wk ahead,Bin,percent,7.1,7.2, 0.00058496936878419118939487209
Kentucky,4 wk ahead,Bin,percent,7.2,7.3, 0.00058496936878419118939487209
Kentucky,4 wk ahead,Bin,percent,7.3,7.4, 0.00058496936878419118939487209
Kentucky,4 wk ahead,Bin,percent,7.4,7.5, 0.00058496936878419118939487209
Kentucky,4 wk ahead,Bin,percent,7.5,7.6, 0.00058496936878419118939487209
Kentucky,4 wk ahead,Bin,percent,7.6,7.7, 0.00058496936878419118939487209
Kentucky,4 wk ahead,Bin,percent,7.7,7.8, 0.00058496936878419118939487209
Kentucky,4 wk ahead,Bin,percent,7.8,7.9, 0.00058496936878419118939487209
Kentucky,4 wk ahead,Bin,percent,7.9,8, 0.00058496936878419118939487209
Kentucky,4 wk ahead,Bin,percent,8,8.1, 0.00058496936878419650198551727
Kentucky,4 wk ahead,Bin,percent,8.1,8.2, 0.00058496936878420170615594520
Kentucky,4 wk ahead,Bin,percent,8.2,8.3, 0.00058496936878420170615594520
Kentucky,4 wk ahead,Bin,percent,8.3,8.4, 0.00058496936878420170615594520
Kentucky,4 wk ahead,Bin,percent,8.4,8.5, 0.00058496936878420170615594520
Kentucky,4 wk ahead,Bin,percent,8.5,8.6, 0.00058496936878420170615594520
Kentucky,4 wk ahead,Bin,percent,8.6,8.7, 0.00058496936878420170615594520
Kentucky,4 wk ahead,Bin,percent,8.7,8.8, 0.00058496936878420170615594520
Kentucky,4 wk ahead,Bin,percent,8.8,8.9, 0.00058496936878420170615594520
Kentucky,4 wk ahead,Bin,percent,8.9,9, 0.00058496936878420170615594520
Kentucky,4 wk ahead,Bin,percent,9,9.1, 0.00058496936878420170615594520
Kentucky,4 wk ahead,Bin,percent,9.1,9.2, 0.00058496936878420170615594520
Kentucky,4 wk ahead,Bin,percent,9.2,9.3, 0.00058496936878420170615594520
Kentucky,4 wk ahead,Bin,percent,9.3,9.4, 0.00058496936878420170615594520
Kentucky,4 wk ahead,Bin,percent,9.4,9.5, 0.00058496936878420170615594520
Kentucky,4 wk ahead,Bin,percent,9.5,9.6, 0.00058496936878420170615594520
Kentucky,4 wk ahead,Bin,percent,9.6,9.7, 0.00058496936878420170615594520
Kentucky,4 wk ahead,Bin,percent,9.7,9.8, 0.00058496936878420170615594520
Kentucky,4 wk ahead,Bin,percent,9.8,9.9, 0.00058496936878420170615594520
Kentucky,4 wk ahead,Bin,percent,9.9,10, 0.00058496936878420170615594520
Kentucky,4 wk ahead,Bin,percent,10,10.1, 0.00058496936878420170615594520
Kentucky,4 wk ahead,Bin,percent,10.1,10.2, 0.00058496936878420170615594520
Kentucky,4 wk ahead,Bin,percent,10.2,10.3, 0.00058496936878420170615594520
Kentucky,4 wk ahead,Bin,percent,10.3,10.4, 0.00058496936878420170615594520
Kentucky,4 wk ahead,Bin,percent,10.4,10.5, 0.00058496936878420170615594520
Kentucky,4 wk ahead,Bin,percent,10.5,10.6, 0.00058496936878420170615594520
Kentucky,4 wk ahead,Bin,percent,10.6,10.7, 0.00058496936878420170615594520
Kentucky,4 wk ahead,Bin,percent,10.7,10.8, 0.00058496936878420170615594520
Kentucky,4 wk ahead,Bin,percent,10.8,10.9, 0.00058496936878420170615594520
Kentucky,4 wk ahead,Bin,percent,10.9,11, 0.00058496936878420170615594520
Kentucky,4 wk ahead,Bin,percent,11,11.1, 0.00058496936878420170615594520
Kentucky,4 wk ahead,Bin,percent,11.1,11.2, 0.00058496936878420170615594520
Kentucky,4 wk ahead,Bin,percent,11.2,11.3, 0.00058496936878420170615594520
Kentucky,4 wk ahead,Bin,percent,11.3,11.4, 0.00058496936878420170615594520
Kentucky,4 wk ahead,Bin,percent,11.4,11.5, 0.00058496936878420170615594520
Kentucky,4 wk ahead,Bin,percent,11.5,11.6, 0.00058496936878420170615594520
Kentucky,4 wk ahead,Bin,percent,11.6,11.7, 0.00058496936878420170615594520
Kentucky,4 wk ahead,Bin,percent,11.7,11.8, 0.00058496936878420170615594520
Kentucky,4 wk ahead,Bin,percent,11.8,11.9, 0.00058496936878420170615594520
Kentucky,4 wk ahead,Bin,percent,11.9,12, 0.00058496936878420170615594520
Kentucky,4 wk ahead,Bin,percent,12,12.1, 0.00058496936878420170615594520
Kentucky,4 wk ahead,Bin,percent,12.1,12.2, 0.00058496936878420170615594520
Kentucky,4 wk ahead,Bin,percent,12.2,12.3, 0.00058496936878420170615594520
Kentucky,4 wk ahead,Bin,percent,12.3,12.4, 0.00058496936878420170615594520
Kentucky,4 wk ahead,Bin,percent,12.4,12.5, 0.00058496936878420170615594520
Kentucky,4 wk ahead,Bin,percent,12.5,12.6, 0.00058496936878420170615594520
Kentucky,4 wk ahead,Bin,percent,12.6,12.7, 0.00058496936878420170615594520
Kentucky,4 wk ahead,Bin,percent,12.7,12.8, 0.00058496936878420170615594520
Kentucky,4 wk ahead,Bin,percent,12.8,12.9, 0.00058496936878420170615594520
Kentucky,4 wk ahead,Bin,percent,12.9,13, 0.00058496936878420170615594520
Kentucky,4 wk ahead,Bin,percent,13,100, 0.00058496936878420170615594520
Kansas,Season peak week,Bin,week,40,41, 0.00071571893146187785111900226
Kansas,Season peak week,Bin,week,41,42, 0.00071571893146187785111900226
Kansas,Season peak week,Bin,week,42,43, 0.00071571893146187785111900226
Kansas,Season peak week,Bin,week,43,44, 0.00071571893146187785111900226
Kansas,Season peak week,Bin,week,44,45, 0.00071571893146187785111900226
Kansas,Season peak week,Bin,week,45,46, 0.00071571893146187785111900226
Kansas,Season peak week,Bin,week,46,47, 0.00071571893146187785111900226
Kansas,Season peak week,Bin,week,47,48, 0.00142587357909448593333567867
Kansas,Season peak week,Bin,week,48,49, 0.00594095973871077050187938795
Kansas,Season peak week,Bin,week,49,50, 0.01869558722532554603801280280
Kansas,Season peak week,Bin,week,50,51, 0.04415886987770954730248007536
Kansas,Season peak week,Bin,week,51,52, 0.07854320388717576928439001449
Kansas,Season peak week,Bin,week,52,53, 0.10565859168751323693413723959
Kansas,Season peak week,Bin,week,1,2, 0.10873736788683151244239155631
Kansas,Season peak week,Bin,week,2,3, 0.08905929566743023273467372292
Kansas,Season peak week,Bin,week,3,4, 0.06576645664157217130441068775
Kansas,Season peak week,Bin,week,4,5, 0.05530004522449863402222547393
Kansas,Season peak week,Bin,week,5,6, 0.05766539788541180655556672718
Kansas,Season peak week,Bin,week,6,7, 0.06287047341304893843805245979
Kansas,Season peak week,Bin,week,7,8, 0.06374806166996757617049240707
Kansas,Season peak week,Bin,week,8,9, 0.06046280016096916565260244170
Kansas,Season peak week,Bin,week,9,10, 0.05553639360176671618818389220
Kansas,Season peak week,Bin,week,10,11, 0.04805427326204813470722498892
Kansas,Season peak week,Bin,week,11,12, 0.03590837117521152727084299272
Kansas,Season peak week,Bin,week,12,13, 0.02140963726326331612037634500
Kansas,Season peak week,Bin,week,13,14, 0.00973790459113465720064617415
Kansas,Season peak week,Bin,week,14,15, 0.00330919831622448167018912812
Kansas,Season peak week,Bin,week,15,16, 0.00084052694909706241171293284
Kansas,Season peak week,Bin,week,16,17, 0.00043213555515230931769812828
Kansas,Season peak week,Bin,week,17,18, 0.00043213555515230931769812828
Kansas,Season peak week,Bin,week,18,19, 0.00043213555515230931769812828
Kansas,Season peak week,Bin,week,19,20, 0.00043213555515230931769812828
Kansas,Season peak week,Bin,week,20,21, 0.00043213555515230931769812828
Kansas,Season peak percentage,Bin,percent,0,0.1, 0.00010394164388751305026087346
Kansas,Season peak percentage,Bin,percent,0.1,0.2, 0.00020788328777502612762680123
Kansas,Season peak percentage,Bin,percent,0.2,0.3, 0.00020788328777502607341669261
Kansas,Season peak percentage,Bin,percent,0.3,0.4, 0.00020788328777502607341669261
Kansas,Season peak percentage,Bin,percent,0.4,0.5, 0.00020788328777502607341669261
Kansas,Season peak percentage,Bin,percent,0.5,0.6, 0.00020788328777502618183690986
Kansas,Season peak percentage,Bin,percent,0.6,0.7, 0.00020788328777502631736218142
Kansas,Season peak percentage,Bin,percent,0.7,0.8, 0.00020788328777502631736218142
Kansas,Season peak percentage,Bin,percent,0.8,0.9, 0.00020788328777502631736218142
Kansas,Season peak percentage,Bin,percent,0.9,1, 0.00020788328777502631736218142
Kansas,Season peak percentage,Bin,percent,1,1.1, 0.00020788328777502631736218142
Kansas,Season peak percentage,Bin,percent,1.1,1.2, 0.00020788328777502631736218142
Kansas,Season peak percentage,Bin,percent,1.2,1.3, 0.00020788328777502631736218142
Kansas,Season peak percentage,Bin,percent,1.3,1.4, 0.00020788328777502631736218142
Kansas,Season peak percentage,Bin,percent,1.4,1.5, 0.00020788328777502631736218142
Kansas,Season peak percentage,Bin,percent,1.5,1.6, 0.00020788328777502631736218142
Kansas,Season peak percentage,Bin,percent,1.6,1.7, 0.00020788328777502631736218142
Kansas,Season peak percentage,Bin,percent,1.7,1.8, 0.00020788328777502631736218142
Kansas,Season peak percentage,Bin,percent,1.8,1.9, 0.00020788328777502631736218142
Kansas,Season peak percentage,Bin,percent,1.9,2, 0.00022605976307644287930792570
Kansas,Season peak percentage,Bin,percent,2,2.1, 0.00038274956895641940339200526
Kansas,Season peak percentage,Bin,percent,2.1,2.2, 0.00066491526615950131192528394
Kansas,Season peak percentage,Bin,percent,2.2,2.3, 0.00111201786710167895358414292
Kansas,Season peak percentage,Bin,percent,2.3,2.4, 0.00179108020969106162233186463
Kansas,Season peak percentage,Bin,percent,2.4,2.5, 0.00277832814762864980379086788
Kansas,Season peak percentage,Bin,percent,2.5,2.6, 0.00415101587700595058699759576
Kansas,Season peak percentage,Bin,percent,2.6,2.7, 0.00597463185897485066222500905
Kansas,Season peak percentage,Bin,percent,2.7,2.8, 0.00828582740808726618542134901
Kansas,Season peak percentage,Bin,percent,2.8,2.9, 0.01107413486494732840492716264
Kansas,Season peak percentage,Bin,percent,2.9,3, 0.01426549952850972476092739072
Kansas,Season peak percentage,Bin,percent,3,3.1, 0.01771439998951559319229076550
Kansas,Season peak percentage,Bin,percent,3.1,3.2, 0.02120753344339766990889195597
Kansas,Season peak percentage,Bin,percent,3.2,3.3, 0.02448117790744676336434082486
Kansas,Season peak percentage,Bin,percent,3.3,3.4, 0.02725162908533214356499030373
Kansas,Season peak percentage,Bin,percent,3.4,3.5, 0.02925513152806012012741021522
Kansas,Season peak percentage,Bin,percent,3.5,3.6, 0.03028964271281222447873560100
Kansas,Season peak percentage,Bin,percent,3.6,3.7, 0.03024733871308484325912679935
Kansas,Season peak percentage,Bin,percent,3.7,3.8, 0.02913319221756779237031409480
Kansas,Season peak percentage,Bin,percent,3.8,3.9, 0.02706403141496285108535957420
Kansas,Season peak percentage,Bin,percent,3.9,4, 0.02424888443199400486771644125
Kansas,Season peak percentage,Bin,percent,4,4.1, 0.02095631469457146303647654406
Kansas,Season peak percentage,Bin,percent,4.1,4.2, 0.01747198380200287726182750703
Kansas,Season peak percentage,Bin,percent,4.2,4.3, 0.01406133704789347751984429635
Kansas,Season peak percentage,Bin,percent,4.3,4.4, 0.01094199076518763066867556688
Kansas,Season peak percentage,Bin,percent,4.4,4.5, 0.00827016102997472045410543018
Kansas,Season peak percentage,Bin,percent,4.5,4.6, 0.00614019114546668007270646683
Kansas,Season peak percentage,Bin,percent,4.6,4.7, 0.00459758677251298833454917769
Kansas,Season peak percentage,Bin,percent,4.7,4.8, 0.00365854646546717038324558757
Kansas,Season peak percentage,Bin,percent,4.8,4.9, 0.00332901046183253128754597761
Kansas,Season peak percentage,Bin,percent,4.9,5, 0.00361930936124614174853597603
Kansas,Season peak percentage,Bin,percent,5,5.1, 0.00454806618239835848405139274
Kansas,Season peak percentage,Bin,percent,5.1,5.2, 0.00613695350919604438316712347
Kansas,Season peak percentage,Bin,percent,5.2,5.3, 0.00839395749171557847834179711
Kansas,Season peak percentage,Bin,percent,5.3,5.4, 0.01128912566549551688144248374
Kansas,Season peak percentage,Bin,percent,5.4,5.5, 0.01473090297254395220072353823
Kansas,Season peak percentage,Bin,percent,5.5,5.6, 0.01854698367381358778405164855
Kansas,Season peak percentage,Bin,percent,5.6,5.7, 0.02248255553880784338161014091
Kansas,Season peak percentage,Bin,percent,5.7,5.8, 0.02621687081299243354814976215
Kansas,Season peak percentage,Bin,percent,5.8,5.9, 0.02939939088653046456167672318
Kansas,Season peak percentage,Bin,percent,5.9,6, 0.03169945706351375014353521919
Kansas,Season peak percentage,Bin,percent,6,6.1, 0.03286253735503319450828030313
Kansas,Season peak percentage,Bin,percent,6.1,6.2, 0.03275585045369556330685512080
Kansas,Season peak percentage,Bin,percent,6.2,6.3, 0.03139155041172230625745598331
Kansas,Season peak percentage,Bin,percent,6.3,6.4, 0.02892483078256503567504687169
Kansas,Season peak percentage,Bin,percent,6.4,6.5, 0.02562457404651810599638395161
Kansas,Season peak percentage,Bin,percent,6.5,6.6, 0.02182598931975769998570235941
Kansas,Season peak percentage,Bin,percent,6.6,6.7, 0.01787463359919466004965826755
Kansas,Season peak percentage,Bin,percent,6.7,6.8, 0.01407544916590010124213261378
Kansas,Season peak percentage,Bin,percent,6.8,6.9, 0.01065867781894094985795096164
Kansas,Season peak percentage,Bin,percent,6.9,7, 0.00776499811168792318516462814
Kansas,Season peak percentage,Bin,percent,7,7.1, 0.00544911131987184643027388731
Kansas,Season peak percentage,Bin,percent,7.1,7.2, 0.00369631213962757186608509841
Kansas,Season peak percentage,Bin,percent,7.2,7.3, 0.00244870499003412922869871160
Kansas,Season peak percentage,Bin,percent,7.3,7.4, 0.00162935281870075642125794690
Kansas,Season peak percentage,Bin,percent,7.4,7.5, 0.00116338850962740083562485527
Kansas,Season peak percentage,Bin,percent,7.5,7.6, 0.00099209052376906950790336204
Kansas,Season peak percentage,Bin,percent,7.6,7.7, 0.00107912274182811202677401141
Kansas,Season peak percentage,Bin,percent,7.7,7.8, 0.00141104398913288395234211237
Kansas,Season peak percentage,Bin,percent,7.8,7.9, 0.00199125750761221589901772688
Kansas,Season peak percentage,Bin,percent,7.9,8, 0.00283000171113589882310179746
Kansas,Season peak percentage,Bin,percent,8,8.1, 0.00393128913165436810056574402
Kansas,Season peak percentage,Bin,percent,8.1,8.2, 0.00527895395688255959082413327
Kansas,Season peak percentage,Bin,percent,8.2,8.3, 0.00682602415031238925202661250
Kansas,Season peak percentage,Bin,percent,8.3,8.4, 0.00848861687157661387592710867
Kansas,Season peak percentage,Bin,percent,8.4,8.5, 0.01014771262898252895956474617
Kansas,Season peak percentage,Bin,percent,8.5,8.6, 0.01165970716739367189773712852
Kansas,Season peak percentage,Bin,percent,8.6,8.7, 0.01287588036735337268523515775
Kansas,Season peak percentage,Bin,percent,8.7,8.8, 0.01366575393018697875957556676
Kansas,Season peak percentage,Bin,percent,8.8,8.9, 0.01393977473038525947968135910
Kansas,Season peak percentage,Bin,percent,8.9,9, 0.01366602656562830760134108488
Kansas,Season peak percentage,Bin,percent,9,9.1, 0.01287604512103726270288994726
Kansas,Season peak percentage,Bin,percent,9.1,9.2, 0.01165950193693489171653521197
Kansas,Season peak percentage,Bin,percent,9.2,9.3, 0.01014708301073547619397530184
Kansas,Season peak percentage,Bin,percent,9.3,9.4, 0.00848718980103747161480853833
Kansas,Season peak percentage,Bin,percent,9.4,9.5, 0.00682251453869933601609210072
Kansas,Season peak percentage,Bin,percent,9.5,9.6, 0.00527088367489030387713633274
Kansas,Season peak percentage,Bin,percent,9.6,9.7, 0.00391372594300963810159954548
Kansas,Season peak percentage,Bin,percent,9.7,9.8, 0.00279291999202723817755100733
Kansas,Season peak percentage,Bin,percent,9.8,9.9, 0.00191547790613754895759635044
Kansas,Season peak percentage,Bin,percent,9.9,10, 0.00126250629853718460138267687
Kansas,Season peak percentage,Bin,percent,10,10.1, 0.00079975264370276235355999850
Kansas,Season peak percentage,Bin,percent,10.1,10.2, 0.00048696691192344178844217395
Kansas,Season peak percentage,Bin,percent,10.2,10.3, 0.00028495520693184919064355753
Kansas,Season peak percentage,Bin,percent,10.3,10.4, 0.00017060692245236201269181775
Kansas,Season peak percentage,Bin,percent,10.4,10.5, 0.00015721834458954316352495562
Kansas,Season peak percentage,Bin,percent,10.5,10.6, 0.00015721834458954316352495562
Kansas,Season peak percentage,Bin,percent,10.6,10.7, 0.00015721834458954316352495562
Kansas,Season peak percentage,Bin,percent,10.7,10.8, 0.00015721834458954316352495562
Kansas,Season peak percentage,Bin,percent,10.8,10.9, 0.00015721834458954316352495562
Kansas,Season peak percentage,Bin,percent,10.9,11, 0.00015721834458954316352495562
Kansas,Season peak percentage,Bin,percent,11,11.1, 0.00015721834458954316352495562
Kansas,Season peak percentage,Bin,percent,11.1,11.2, 0.00015721834458954316352495562
Kansas,Season peak percentage,Bin,percent,11.2,11.3, 0.00015721834458954316352495562
Kansas,Season peak percentage,Bin,percent,11.3,11.4, 0.00015721834458954316352495562
Kansas,Season peak percentage,Bin,percent,11.4,11.5, 0.00015721834458954316352495562
Kansas,Season peak percentage,Bin,percent,11.5,11.6, 0.00015721834458954316352495562
Kansas,Season peak percentage,Bin,percent,11.6,11.7, 0.00015721834458954316352495562
Kansas,Season peak percentage,Bin,percent,11.7,11.8, 0.00015721834458954316352495562
Kansas,Season peak percentage,Bin,percent,11.8,11.9, 0.00015721834458954316352495562
Kansas,Season peak percentage,Bin,percent,11.9,12, 0.00015721834458954316352495562
Kansas,Season peak percentage,Bin,percent,12,12.1, 0.00015721834458954316352495562
Kansas,Season peak percentage,Bin,percent,12.1,12.2, 0.00015721834458954316352495562
Kansas,Season peak percentage,Bin,percent,12.2,12.3, 0.00015721834458954316352495562
Kansas,Season peak percentage,Bin,percent,12.3,12.4, 0.00015721834458954316352495562
Kansas,Season peak percentage,Bin,percent,12.4,12.5, 0.00015721834458954316352495562
Kansas,Season peak percentage,Bin,percent,12.5,12.6, 0.00015721834458954316352495562
Kansas,Season peak percentage,Bin,percent,12.6,12.7, 0.00015721834458954316352495562
Kansas,Season peak percentage,Bin,percent,12.7,12.8, 0.00015721834458954316352495562
Kansas,Season peak percentage,Bin,percent,12.8,12.9, 0.00015721834458954316352495562
Kansas,Season peak percentage,Bin,percent,12.9,13, 0.00015721834458954316352495562
Kansas,Season peak percentage,Bin,percent,13,100, 0.00015721834458954316352495562
Kansas,1 wk ahead,Bin,percent,0,0.1, 0.00077714564120568818249984444
Kansas,1 wk ahead,Bin,percent,0.1,0.2, 0.00210084706528701915112522514
Kansas,1 wk ahead,Bin,percent,0.2,0.3, 0.00304245056997128494186144465
Kansas,1 wk ahead,Bin,percent,0.3,0.4, 0.00427825280791937524738077769
Kansas,1 wk ahead,Bin,percent,0.4,0.5, 0.00584259205926882570908409420
Kansas,1 wk ahead,Bin,percent,0.5,0.6, 0.00774886361925118151428026891
Kansas,1 wk ahead,Bin,percent,0.6,0.7, 0.00998235646460494605025637327
Kansas,1 wk ahead,Bin,percent,0.7,0.8, 0.01249227765552493596423744293
Kansas,1 wk ahead,Bin,percent,0.8,0.9, 0.01518779399907701534166992730
Kansas,1 wk ahead,Bin,percent,0.9,1, 0.01794036726383963636921592411
Kansas,1 wk ahead,Bin,percent,1,1.1, 0.02059160421007674712789992100
Kansas,1 wk ahead,Bin,percent,1.1,1.2, 0.02296659927711057827548479793
Kansas,1 wk ahead,Bin,percent,1.2,1.3, 0.02489321201423327911683713864
Kansas,1 wk ahead,Bin,percent,1.3,1.4, 0.02622121943515682424008517160
Kansas,1 wk ahead,Bin,percent,1.4,1.5, 0.02684337899568470589550805983
Kansas,1 wk ahead,Bin,percent,1.5,1.6, 0.02670845781477952651794538497
Kansas,1 wk ahead,Bin,percent,1.6,1.7, 0.02582651856787174585172728314
Kansas,1 wk ahead,Bin,percent,1.7,1.8, 0.02427199707457637634089309131
Kansas,1 wk ahead,Bin,percent,1.8,1.9, 0.02216878171537827943438081491
Kansas,1 wk ahead,Bin,percent,1.9,2, 0.01967767778166161149466795166
Kansas,1 wk ahead,Bin,percent,2,2.1, 0.01697332724389401942266530909
Kansas,1 wk ahead,Bin,percent,2.1,2.2, 0.01422646585611725758568901767
Kansas,1 wk ahead,Bin,percent,2.2,2.3, 0.01158603197815188945440922907
Kansas,1 wk ahead,Bin,percent,2.3,2.4, 0.00916733867416848029197051773
Kansas,1 wk ahead,Bin,percent,2.4,2.5, 0.00704636722628549597852165576
Kansas,1 wk ahead,Bin,percent,2.5,2.6, 0.00526145386604119028733927976
Kansas,1 wk ahead,Bin,percent,2.6,2.7, 0.00381559084201748372963680644
Kansas,1 wk ahead,Bin,percent,2.7,2.8, 0.00268744718755807056320694670
Kansas,1 wk ahead,Bin,percent,2.8,2.9, 0.00183794511242062609361613834
Kansas,1 wk ahead,Bin,percent,2.9,3, 0.00122065384128348030853827844
Kansas,1 wk ahead,Bin,percent,3,3.1, 0.00078718234013241364811080958
Kansas,1 wk ahead,Bin,percent,3.1,3.2, 0.00049297353501681910777076912
Kansas,1 wk ahead,Bin,percent,3.2,3.3, 0.00030025879507577455653985488
Kansas,1 wk ahead,Bin,percent,3.3,3.4, 0.00017869024288452744391245131
Kansas,1 wk ahead,Bin,percent,3.4,3.5, 0.00010576380415417910166656079
Kansas,1 wk ahead,Bin,percent,3.5,3.6, 0.00006586547473860268457363648
Kansas,1 wk ahead,Bin,percent,3.6,3.7, 0.00004965552566641827646502436
Kansas,1 wk ahead,Bin,percent,3.7,3.8, 0.00005323414200804791820845555
Kansas,1 wk ahead,Bin,percent,3.8,3.9, 0.00007796190116744049637253350
Kansas,1 wk ahead,Bin,percent,3.9,4, 0.00013077794984400379577765827
Kansas,1 wk ahead,Bin,percent,4,4.1, 0.00022504255480957255602762757
Kansas,1 wk ahead,Bin,percent,4.1,4.2, 0.00038208006697524232904428221
Kansas,1 wk ahead,Bin,percent,4.2,4.3, 0.00063252325533340628908179903
Kansas,1 wk ahead,Bin,percent,4.3,4.4, 0.00101805484474600167234259462
Kansas,1 wk ahead,Bin,percent,4.4,4.5, 0.00159140659232377061453600486
Kansas,1 wk ahead,Bin,percent,4.5,4.6, 0.00241577558413831085248890673
Kansas,1 wk ahead,Bin,percent,4.6,4.7, 0.00356208617977084307515411865
Kansas,1 wk ahead,Bin,percent,4.7,4.8, 0.00510111127709428086723919549
Kansas,1 wk ahead,Bin,percent,4.8,4.9, 0.00709634543651357051208261595
Kansas,1 wk ahead,Bin,percent,4.9,5, 0.00958913180409608038867741442
Kansas,1 wk ahead,Bin,percent,5,5.1, 0.01258890683130342406925716858
Kansas,1 wk ahead,Bin,percent,5.1,5.2, 0.01605710256157050208614123221
Kansas,1 wk ahead,Bin,percent,5.2,5.3, 0.01989934426079068008341721452
Kansas,1 wk ahead,Bin,percent,5.3,5.4, 0.02396196884295515375229435051
Kansas,1 wk ahead,Bin,percent,5.4,5.5, 0.02803723282957994514252852980
Kansas,1 wk ahead,Bin,percent,5.5,5.6, 0.03187710673683592094151961760
Kansas,1 wk ahead,Bin,percent,5.6,5.7, 0.03521811684338387732351449699
Kansas,1 wk ahead,Bin,percent,5.7,5.8, 0.03780797324392477093413234002
Kansas,1 wk ahead,Bin,percent,5.8,5.9, 0.03944034441403556495719939790
Kansas,1 wk ahead,Bin,percent,5.9,6, 0.03997605516326323965570210817
Kansas,1 wk ahead,Bin,percent,6,6.1, 0.03936951866037406017051480944
Kansas,1 wk ahead,Bin,percent,6.1,6.2, 0.03767063292662318346737393426
Kansas,1 wk ahead,Bin,percent,6.2,6.3, 0.03501770060032130538196781799
Kansas,1 wk ahead,Bin,percent,6.3,6.4, 0.03162223886673627692989185789
Kansas,1 wk ahead,Bin,percent,6.4,6.5, 0.02773812083520398388825078939
Kansas,1 wk ahead,Bin,percent,6.5,6.6, 0.02363274766429287326863217800
Kansas,1 wk ahead,Bin,percent,6.6,6.7, 0.01955504868309710167495474309
Kansas,1 wk ahead,Bin,percent,6.7,6.8, 0.01571337574818569213230823323
Kansas,1 wk ahead,Bin,percent,6.8,6.9, 0.01226071131434899701140306405
Kansas,1 wk ahead,Bin,percent,6.9,7, 0.00928857524834667512558805669
Kansas,1 wk ahead,Bin,percent,7,7.1, 0.00683135249160234624132836956
Kansas,1 wk ahead,Bin,percent,7.1,7.2, 0.00487737159632142466825222016
Kansas,1 wk ahead,Bin,percent,7.2,7.3, 0.00337999061371760606622971501
Kansas,1 wk ahead,Bin,percent,7.3,7.4, 0.00227353358372946222701327379
Kansas,1 wk ahead,Bin,percent,7.4,7.5, 0.00148400631626187384792814328
Kansas,1 wk ahead,Bin,percent,7.5,7.6, 0.00093990392400360482042659394
Kansas,1 wk ahead,Bin,percent,7.6,7.7, 0.00057771529179396553018571714
Kansas,1 wk ahead,Bin,percent,7.7,7.8, 0.00034733320654696189658597327
Kansas,1 wk ahead,Bin,percent,7.8,7.9, 0.00028896289686683928818466960
Kansas,1 wk ahead,Bin,percent,7.9,8, 0.00028896289686683928818466960
Kansas,1 wk ahead,Bin,percent,8,8.1, 0.00028896289686684189026988356
Kansas,1 wk ahead,Bin,percent,8.1,8.2, 0.00028896289686684443814498890
Kansas,1 wk ahead,Bin,percent,8.2,8.3, 0.00028896289686684443814498890
Kansas,1 wk ahead,Bin,percent,8.3,8.4, 0.00028896289686684443814498890
Kansas,1 wk ahead,Bin,percent,8.4,8.5, 0.00028896289686684443814498890
Kansas,1 wk ahead,Bin,percent,8.5,8.6, 0.00028896289686684443814498890
Kansas,1 wk ahead,Bin,percent,8.6,8.7, 0.00028896289686684443814498890
Kansas,1 wk ahead,Bin,percent,8.7,8.8, 0.00028896289686684443814498890
Kansas,1 wk ahead,Bin,percent,8.8,8.9, 0.00028896289686684443814498890
Kansas,1 wk ahead,Bin,percent,8.9,9, 0.00028896289686684443814498890
Kansas,1 wk ahead,Bin,percent,9,9.1, 0.00028896289686684443814498890
Kansas,1 wk ahead,Bin,percent,9.1,9.2, 0.00028896289686684443814498890
Kansas,1 wk ahead,Bin,percent,9.2,9.3, 0.00028896289686684443814498890
Kansas,1 wk ahead,Bin,percent,9.3,9.4, 0.00028896289686684443814498890
Kansas,1 wk ahead,Bin,percent,9.4,9.5, 0.00028896289686684443814498890
Kansas,1 wk ahead,Bin,percent,9.5,9.6, 0.00028896289686684443814498890
Kansas,1 wk ahead,Bin,percent,9.6,9.7, 0.00028896289686684443814498890
Kansas,1 wk ahead,Bin,percent,9.7,9.8, 0.00028896289686684443814498890
Kansas,1 wk ahead,Bin,percent,9.8,9.9, 0.00028896289686684443814498890
Kansas,1 wk ahead,Bin,percent,9.9,10, 0.00028896289686684443814498890
Kansas,1 wk ahead,Bin,percent,10,10.1, 0.00028896289686684443814498890
Kansas,1 wk ahead,Bin,percent,10.1,10.2, 0.00028896289686684443814498890
Kansas,1 wk ahead,Bin,percent,10.2,10.3, 0.00028896289686684443814498890
Kansas,1 wk ahead,Bin,percent,10.3,10.4, 0.00028896289686684443814498890
Kansas,1 wk ahead,Bin,percent,10.4,10.5, 0.00028896289686684443814498890
Kansas,1 wk ahead,Bin,percent,10.5,10.6, 0.00028896289686684443814498890
Kansas,1 wk ahead,Bin,percent,10.6,10.7, 0.00028896289686684443814498890
Kansas,1 wk ahead,Bin,percent,10.7,10.8, 0.00028896289686684443814498890
Kansas,1 wk ahead,Bin,percent,10.8,10.9, 0.00028896289686684443814498890
Kansas,1 wk ahead,Bin,percent,10.9,11, 0.00028896289686684443814498890
Kansas,1 wk ahead,Bin,percent,11,11.1, 0.00028896289686684443814498890
Kansas,1 wk ahead,Bin,percent,11.1,11.2, 0.00028896289686684443814498890
Kansas,1 wk ahead,Bin,percent,11.2,11.3, 0.00028896289686684443814498890
Kansas,1 wk ahead,Bin,percent,11.3,11.4, 0.00028896289686684443814498890
Kansas,1 wk ahead,Bin,percent,11.4,11.5, 0.00028896289686684443814498890
Kansas,1 wk ahead,Bin,percent,11.5,11.6, 0.00028896289686684443814498890
Kansas,1 wk ahead,Bin,percent,11.6,11.7, 0.00028896289686684443814498890
Kansas,1 wk ahead,Bin,percent,11.7,11.8, 0.00028896289686684443814498890
Kansas,1 wk ahead,Bin,percent,11.8,11.9, 0.00028896289686684443814498890
Kansas,1 wk ahead,Bin,percent,11.9,12, 0.00028896289686684443814498890
Kansas,1 wk ahead,Bin,percent,12,12.1, 0.00028896289686684443814498890
Kansas,1 wk ahead,Bin,percent,12.1,12.2, 0.00028896289686684443814498890
Kansas,1 wk ahead,Bin,percent,12.2,12.3, 0.00028896289686684443814498890
Kansas,1 wk ahead,Bin,percent,12.3,12.4, 0.00028896289686684443814498890
Kansas,1 wk ahead,Bin,percent,12.4,12.5, 0.00028896289686684443814498890
Kansas,1 wk ahead,Bin,percent,12.5,12.6, 0.00028896289686684443814498890
Kansas,1 wk ahead,Bin,percent,12.6,12.7, 0.00028896289686684443814498890
Kansas,1 wk ahead,Bin,percent,12.7,12.8, 0.00028896289686684443814498890
Kansas,1 wk ahead,Bin,percent,12.8,12.9, 0.00028896289686684443814498890
Kansas,1 wk ahead,Bin,percent,12.9,13, 0.00028896289686684443814498890
Kansas,1 wk ahead,Bin,percent,13,100, 0.00028896289686684443814498890
Kansas,2 wk ahead,Bin,percent,0,0.1, 0.00263141875877616207915488111
Kansas,2 wk ahead,Bin,percent,0.1,0.2, 0.00560952854511679449567296274
Kansas,2 wk ahead,Bin,percent,0.2,0.3, 0.00607398872313589556493074184
Kansas,2 wk ahead,Bin,percent,0.3,0.4, 0.00653687771825306809803102226
Kansas,2 wk ahead,Bin,percent,0.4,0.5, 0.00699331762728708575260760938
Kansas,2 wk ahead,Bin,percent,0.5,0.6, 0.00743863110139495256611930074
Kansas,2 wk ahead,Bin,percent,0.6,0.7, 0.00786825593554388476313921075
Kansas,2 wk ahead,Bin,percent,0.7,0.8, 0.00827800496482289024924305920
Kansas,2 wk ahead,Bin,percent,0.8,0.9, 0.00866440889053974455658035936
Kansas,2 wk ahead,Bin,percent,0.9,1, 0.00902421641564904800092428161
Kansas,2 wk ahead,Bin,percent,1,1.1, 0.00935488331365401035166762256
Kansas,2 wk ahead,Bin,percent,1.1,1.2, 0.00965491210168568925187315699
Kansas,2 wk ahead,Bin,percent,1.2,1.3, 0.00992292959982534091001316057
Kansas,2 wk ahead,Bin,percent,1.3,1.4, 0.01015854845418004068213768676
Kansas,2 wk ahead,Bin,percent,1.4,1.5, 0.01036192855239595131400243133
Kansas,2 wk ahead,Bin,percent,1.5,1.6, 0.01053361908026209138589113223
Kansas,2 wk ahead,Bin,percent,1.6,1.7, 0.01067494541727959968258065970
Kansas,2 wk ahead,Bin,percent,1.7,1.8, 0.01078715856556216635964151607
Kansas,2 wk ahead,Bin,percent,1.8,1.9, 0.01087221065243662750099407077
Kansas,2 wk ahead,Bin,percent,1.9,2, 0.01093227297225103991640260404
Kansas,2 wk ahead,Bin,percent,2,2.1, 0.01096946628309092980346761692
Kansas,2 wk ahead,Bin,percent,2.1,2.2, 0.01098634216867463292421902565
Kansas,2 wk ahead,Bin,percent,2.2,2.3, 0.01098563415177435109715275985
Kansas,2 wk ahead,Bin,percent,2.3,2.4, 0.01097013063946293033590340116
Kansas,2 wk ahead,Bin,percent,2.4,2.5, 0.01094304646009971147824213489
Kansas,2 wk ahead,Bin,percent,2.5,2.6, 0.01090776924070472816974408659
Kansas,2 wk ahead,Bin,percent,2.6,2.7, 0.01086810507819276766516836119
Kansas,2 wk ahead,Bin,percent,2.7,2.8, 0.01082816680759448799142852238
Kansas,2 wk ahead,Bin,percent,2.8,2.9, 0.01079251873728772660732122546
Kansas,2 wk ahead,Bin,percent,2.9,3, 0.01076603852123982595079265678
Kansas,2 wk ahead,Bin,percent,3,3.1, 0.01075395811846769321407091269
Kansas,2 wk ahead,Bin,percent,3.1,3.2, 0.01076186124031202825945818802
Kansas,2 wk ahead,Bin,percent,3.2,3.3, 0.01079519665896963923068518909
Kansas,2 wk ahead,Bin,percent,3.3,3.4, 0.01085957864342501980048361077
Kansas,2 wk ahead,Bin,percent,3.4,3.5, 0.01096029433288975285520905345
Kansas,2 wk ahead,Bin,percent,3.5,3.6, 0.01110201428042644974936159485
Kansas,2 wk ahead,Bin,percent,3.6,3.7, 0.01128900563182685078122968747
Kansas,2 wk ahead,Bin,percent,3.7,3.8, 0.01152388123385013861399439605
Kansas,2 wk ahead,Bin,percent,3.8,3.9, 0.01180883300319819813328781066
Kansas,2 wk ahead,Bin,percent,3.9,4, 0.01214415887782871114608518326
Kansas,2 wk ahead,Bin,percent,4,4.1, 0.01252821950362578012905245828
Kansas,2 wk ahead,Bin,percent,4.1,4.2, 0.01295843037459233453023710325
Kansas,2 wk ahead,Bin,percent,4.2,4.3, 0.01343004642516250346506723190
Kansas,2 wk ahead,Bin,percent,4.3,4.4, 0.01393633197908048827751148480
Kansas,2 wk ahead,Bin,percent,4.4,4.5, 0.01446950922366780321881574167
Kansas,2 wk ahead,Bin,percent,4.5,4.6, 0.01501993748004039688770383520
Kansas,2 wk ahead,Bin,percent,4.6,4.7, 0.01557701533732771745355272230
Kansas,2 wk ahead,Bin,percent,4.7,4.8, 0.01612916275773802060600203845
Kansas,2 wk ahead,Bin,percent,4.8,4.9, 0.01666445580600097592371966471
Kansas,2 wk ahead,Bin,percent,4.9,5, 0.01717057672230999296192344161
Kansas,2 wk ahead,Bin,percent,5,5.1, 0.01763558923255549928943430871
Kansas,2 wk ahead,Bin,percent,5.1,5.2, 0.01804849395308352408284768842
Kansas,2 wk ahead,Bin,percent,5.2,5.3, 0.01839859842060445963007886405
Kansas,2 wk ahead,Bin,percent,5.3,5.4, 0.01867705641924829323974321937
Kansas,2 wk ahead,Bin,percent,5.4,5.5, 0.01887656386181372353272323039
Kansas,2 wk ahead,Bin,percent,5.5,5.6, 0.01899102991583478255988026717
Kansas,2 wk ahead,Bin,percent,5.6,5.7, 0.01901691875792043892601235200
Kansas,2 wk ahead,Bin,percent,5.7,5.8, 0.01895173213154488500720162847
Kansas,2 wk ahead,Bin,percent,5.8,5.9, 0.01879593450045528510439218906
Kansas,2 wk ahead,Bin,percent,5.9,6, 0.01855078996276654165753505765
Kansas,2 wk ahead,Bin,percent,6,6.1, 0.01821942111644964112926459165
Kansas,2 wk ahead,Bin,percent,6.1,6.2, 0.01780717067706525519321658635
Kansas,2 wk ahead,Bin,percent,6.2,6.3, 0.01731964088699912765467736619
Kansas,2 wk ahead,Bin,percent,6.3,6.4, 0.01676366128108174383126716123
Kansas,2 wk ahead,Bin,percent,6.4,6.5, 0.01614758210544833816335597021
Kansas,2 wk ahead,Bin,percent,6.5,6.6, 0.01547935371398052699365432971
Kansas,2 wk ahead,Bin,percent,6.6,6.7, 0.01476786293772691313619382925
Kansas,2 wk ahead,Bin,percent,6.7,6.8, 0.01402183874574651142874692766
Kansas,2 wk ahead,Bin,percent,6.8,6.9, 0.01324998759582702786974373055
Kansas,2 wk ahead,Bin,percent,6.9,7, 0.01246096632910753156109340267
Kansas,2 wk ahead,Bin,percent,7,7.1, 0.01166277846130690624970593916
Kansas,2 wk ahead,Bin,percent,7.1,7.2, 0.01086325206961781704440017648
Kansas,2 wk ahead,Bin,percent,7.2,7.3, 0.01006947469546489240532771703
Kansas,2 wk ahead,Bin,percent,7.3,7.4, 0.00928804527225022061309722687
Kansas,2 wk ahead,Bin,percent,7.4,7.5, 0.00852492383329173271377943166
Kansas,2 wk ahead,Bin,percent,7.5,7.6, 0.00778517375320656596082713463
Kansas,2 wk ahead,Bin,percent,7.6,7.7, 0.00707353436035102096923754544
Kansas,2 wk ahead,Bin,percent,7.7,7.8, 0.00639364597012472436060592784
Kansas,2 wk ahead,Bin,percent,7.8,7.9, 0.00574876305344744573805337851
Kansas,2 wk ahead,Bin,percent,7.9,8, 0.00514125082224781322637330305
Kansas,2 wk ahead,Bin,percent,8,8.1, 0.00457278153948352788366049637
Kansas,2 wk ahead,Bin,percent,8.1,8.2, 0.00404468706493625422548898740
Kansas,2 wk ahead,Bin,percent,8.2,8.3, 0.00355734398537925315675334303
Kansas,2 wk ahead,Bin,percent,8.3,8.4, 0.00311061457870313038190368538
Kansas,2 wk ahead,Bin,percent,8.4,8.5, 0.00270415993814889432309001016
Kansas,2 wk ahead,Bin,percent,8.5,8.6, 0.00233675547914578580349642678
Kansas,2 wk ahead,Bin,percent,8.6,8.7, 0.00200702914461536527368501481
Kansas,2 wk ahead,Bin,percent,8.7,8.8, 0.00171322915043155906029970215
Kansas,2 wk ahead,Bin,percent,8.8,8.9, 0.00145326834944890835935038531
Kansas,2 wk ahead,Bin,percent,8.9,9, 0.00122503926639367147731485286
Kansas,2 wk ahead,Bin,percent,9,9.1, 0.00102591049800681514275746409
Kansas,2 wk ahead,Bin,percent,9.1,9.2, 0.00085361264650435136804723646
Kansas,2 wk ahead,Bin,percent,9.2,9.3, 0.00070564191738201617956627310
Kansas,2 wk ahead,Bin,percent,9.3,9.4, 0.00057936269226328384728680332
Kansas,2 wk ahead,Bin,percent,9.4,9.5, 0.00047250505394516947475433422
Kansas,2 wk ahead,Bin,percent,9.5,9.6, 0.00038279372284361420789369768
Kansas,2 wk ahead,Bin,percent,9.6,9.7, 0.00030794436609482984381833126
Kansas,2 wk ahead,Bin,percent,9.7,9.8, 0.00024606419339339330757884805
Kansas,2 wk ahead,Bin,percent,9.8,9.9, 0.00019523096165728674690129085
Kansas,2 wk ahead,Bin,percent,9.9,10, 0.00015382846090384187155188089
Kansas,2 wk ahead,Bin,percent,10,10.1, 0.00012036675587011154355161768
Kansas,2 wk ahead,Bin,percent,10.1,10.2, 0.00009349313667700518402405019
Kansas,2 wk ahead,Bin,percent,10.2,10.3, 0.00007529589646400487983751715
Kansas,2 wk ahead,Bin,percent,10.3,10.4, 0.00007358083056514623781357853
Kansas,2 wk ahead,Bin,percent,10.4,10.5, 0.00007358083056514623781357853
Kansas,2 wk ahead,Bin,percent,10.5,10.6, 0.00007358083056514623781357853
Kansas,2 wk ahead,Bin,percent,10.6,10.7, 0.00007358083056514623781357853
Kansas,2 wk ahead,Bin,percent,10.7,10.8, 0.00007358083056514623781357853
Kansas,2 wk ahead,Bin,percent,10.8,10.9, 0.00007358083056514623781357853
Kansas,2 wk ahead,Bin,percent,10.9,11, 0.00007358083056514623781357853
Kansas,2 wk ahead,Bin,percent,11,11.1, 0.00007358083056514623781357853
Kansas,2 wk ahead,Bin,percent,11.1,11.2, 0.00007358083056514623781357853
Kansas,2 wk ahead,Bin,percent,11.2,11.3, 0.00007358083056514623781357853
Kansas,2 wk ahead,Bin,percent,11.3,11.4, 0.00007358083056514623781357853
Kansas,2 wk ahead,Bin,percent,11.4,11.5, 0.00007358083056514623781357853
Kansas,2 wk ahead,Bin,percent,11.5,11.6, 0.00007358083056514623781357853
Kansas,2 wk ahead,Bin,percent,11.6,11.7, 0.00007358083056514623781357853
Kansas,2 wk ahead,Bin,percent,11.7,11.8, 0.00007358083056514623781357853
Kansas,2 wk ahead,Bin,percent,11.8,11.9, 0.00007358083056514623781357853
Kansas,2 wk ahead,Bin,percent,11.9,12, 0.00007358083056514623781357853
Kansas,2 wk ahead,Bin,percent,12,12.1, 0.00007358083056514623781357853
Kansas,2 wk ahead,Bin,percent,12.1,12.2, 0.00007358083056514623781357853
Kansas,2 wk ahead,Bin,percent,12.2,12.3, 0.00007358083056514623781357853
Kansas,2 wk ahead,Bin,percent,12.3,12.4, 0.00007358083056514623781357853
Kansas,2 wk ahead,Bin,percent,12.4,12.5, 0.00007358083056514623781357853
Kansas,2 wk ahead,Bin,percent,12.5,12.6, 0.00007358083056514623781357853
Kansas,2 wk ahead,Bin,percent,12.6,12.7, 0.00007358083056514623781357853
Kansas,2 wk ahead,Bin,percent,12.7,12.8, 0.00007358083056514623781357853
Kansas,2 wk ahead,Bin,percent,12.8,12.9, 0.00007358083056514623781357853
Kansas,2 wk ahead,Bin,percent,12.9,13, 0.00007358083056514623781357853
Kansas,2 wk ahead,Bin,percent,13,100, 0.00007358083056514623781357853
Kansas,3 wk ahead,Bin,percent,0,0.1, 0.00234710612437399228705214860
Kansas,3 wk ahead,Bin,percent,0.1,0.2, 0.00489397465252154693221564585
Kansas,3 wk ahead,Bin,percent,0.2,0.3, 0.00516498303540699303659788910
Kansas,3 wk ahead,Bin,percent,0.3,0.4, 0.00544116092127894246388564170
Kansas,3 wk ahead,Bin,percent,0.4,0.5, 0.00572192562027335274721373537
Kansas,3 wk ahead,Bin,percent,0.5,0.6, 0.00600669990282386070251652299
Kansas,3 wk ahead,Bin,percent,0.6,0.7, 0.00629490171945599509550905992
Kansas,3 wk ahead,Bin,percent,0.7,0.8, 0.00658591565909985143106863958
Kansas,3 wk ahead,Bin,percent,0.8,0.9, 0.00687913743025235328854005701
Kansas,3 wk ahead,Bin,percent,0.9,1, 0.00717392633783722581675146301
Kansas,3 wk ahead,Bin,percent,1,1.1, 0.00746964086105854872810194678
Kansas,3 wk ahead,Bin,percent,1.1,1.2, 0.00776566788365837777641242923
Kansas,3 wk ahead,Bin,percent,1.2,1.3, 0.00806138831237399045015479260
Kansas,3 wk ahead,Bin,percent,1.3,1.4, 0.00835620431033422435274093942
Kansas,3 wk ahead,Bin,percent,1.4,1.5, 0.00864949110594809104923808007
Kansas,3 wk ahead,Bin,percent,1.5,1.6, 0.00894068677464194237758388084
Kansas,3 wk ahead,Bin,percent,1.6,1.7, 0.00922920233363048667096784072
Kansas,3 wk ahead,Bin,percent,1.7,1.8, 0.00951452700446008860224456072
Kansas,3 wk ahead,Bin,percent,1.8,1.9, 0.00979612861166924767108987737
Kansas,3 wk ahead,Bin,percent,1.9,2, 0.01007347526968249695755730500
Kansas,3 wk ahead,Bin,percent,2,2.1, 0.01034615249979661463775038044
Kansas,3 wk ahead,Bin,percent,2.1,2.2, 0.01061351832563379657403679346
Kansas,3 wk ahead,Bin,percent,2.2,2.3, 0.01087529128562708842509199059
Kansas,3 wk ahead,Bin,percent,2.3,2.4, 0.01113095907684465667164541713
Kansas,3 wk ahead,Bin,percent,2.4,2.5, 0.01138016437815643662478937159
Kansas,3 wk ahead,Bin,percent,2.5,2.6, 0.01162252961027530374915617273
Kansas,3 wk ahead,Bin,percent,2.6,2.7, 0.01185758550088396659494272001
Kansas,3 wk ahead,Bin,percent,2.7,2.8, 0.01208507818590494851951344657
Kansas,3 wk ahead,Bin,percent,2.8,2.9, 0.01230442402542861364544979352
Kansas,3 wk ahead,Bin,percent,2.9,3, 0.01251549638806188913253691908
Kansas,3 wk ahead,Bin,percent,3,3.1, 0.01271788483816251730251778440
Kansas,3 wk ahead,Bin,percent,3.1,3.2, 0.01291126194817557824856546489
Kansas,3 wk ahead,Bin,percent,3.2,3.3, 0.01309534305543547799688397504
Kansas,3 wk ahead,Bin,percent,3.3,3.4, 0.01326972312783509036493434508
Kansas,3 wk ahead,Bin,percent,3.4,3.5, 0.01343403489239989451187184955
Kansas,3 wk ahead,Bin,percent,3.5,3.6, 0.01358798767491513001526293181
Kansas,3 wk ahead,Bin,percent,3.6,3.7, 0.01373128588423990631417481723
Kansas,3 wk ahead,Bin,percent,3.7,3.8, 0.01386364005645567692992514708
Kansas,3 wk ahead,Bin,percent,3.8,3.9, 0.01398470608429635587965922383
Kansas,3 wk ahead,Bin,percent,3.9,4, 0.01409413840577683312005330407
Kansas,3 wk ahead,Bin,percent,4,4.1, 0.01419166382583607159684202514
Kansas,3 wk ahead,Bin,percent,4.1,4.2, 0.01427671012870046149401126456
Kansas,3 wk ahead,Bin,percent,4.2,4.3, 0.01434927619797689637981541466
Kansas,3 wk ahead,Bin,percent,4.3,4.4, 0.01440889970709182017760685568
Kansas,3 wk ahead,Bin,percent,4.4,4.5, 0.01445536104911484751034400631
Kansas,3 wk ahead,Bin,percent,4.5,4.6, 0.01448840501598540851657670459
Kansas,3 wk ahead,Bin,percent,4.6,4.7, 0.01450757583851348953007942555
Kansas,3 wk ahead,Bin,percent,4.7,4.8, 0.01451279806940013183957915999
Kansas,3 wk ahead,Bin,percent,4.8,4.9, 0.01450349368031376984244928963
Kansas,3 wk ahead,Bin,percent,4.9,5, 0.01447983395399809504466848153
Kansas,3 wk ahead,Bin,percent,5,5.1, 0.01444144716887061329069208426
Kansas,3 wk ahead,Bin,percent,5.1,5.2, 0.01438818834874435251269808589
Kansas,3 wk ahead,Bin,percent,5.2,5.3, 0.01432006224753914688796463395
Kansas,3 wk ahead,Bin,percent,5.3,5.4, 0.01423664451350448861832731495
Kansas,3 wk ahead,Bin,percent,5.4,5.5, 0.01413809016178800039009733069
Kansas,3 wk ahead,Bin,percent,5.5,5.6, 0.01402421835114584826309513943
Kansas,3 wk ahead,Bin,percent,5.6,5.7, 0.01389527370051040280896081924
Kansas,3 wk ahead,Bin,percent,5.7,5.8, 0.01375127907603795711366512222
Kansas,3 wk ahead,Bin,percent,5.8,5.9, 0.01359230441316770440773886719
Kansas,3 wk ahead,Bin,percent,5.9,6, 0.01341868334234116479086740270
Kansas,3 wk ahead,Bin,percent,6,6.1, 0.01323034940884269296257347293
Kansas,3 wk ahead,Bin,percent,6.1,6.2, 0.01302776954837629209971172628
Kansas,3 wk ahead,Bin,percent,6.2,6.3, 0.01281135427180726642226726852
Kansas,3 wk ahead,Bin,percent,6.3,6.4, 0.01258152329920549962471998384
Kansas,3 wk ahead,Bin,percent,6.4,6.5, 0.01233879236494508056798391493
Kansas,3 wk ahead,Bin,percent,6.5,6.6, 0.01208368789956412552022424478
Kansas,3 wk ahead,Bin,percent,6.6,6.7, 0.01181676844510528255616232940
Kansas,3 wk ahead,Bin,percent,6.7,6.8, 0.01153870186065779866735336867
Kansas,3 wk ahead,Bin,percent,6.8,6.9, 0.01125017634711723141238692847
Kansas,3 wk ahead,Bin,percent,6.9,7, 0.01095213495070985511292693815
Kansas,3 wk ahead,Bin,percent,7,7.1, 0.01064532457605336761286007885
Kansas,3 wk ahead,Bin,percent,7.1,7.2, 0.01033063098579578911739851321
Kansas,3 wk ahead,Bin,percent,7.2,7.3, 0.01000902475478247614926186060
Kansas,3 wk ahead,Bin,percent,7.3,7.4, 0.00968131081506894142219010746
Kansas,3 wk ahead,Bin,percent,7.4,7.5, 0.00934861688697413185933360324
Kansas,3 wk ahead,Bin,percent,7.5,7.6, 0.00901188572441576421501174821
Kansas,3 wk ahead,Bin,percent,7.6,7.7, 0.00867220548309580174795030416
Kansas,3 wk ahead,Bin,percent,7.7,7.8, 0.00833057965751913230556535694
Kansas,3 wk ahead,Bin,percent,7.8,7.9, 0.00798804756226432002841342239
Kansas,3 wk ahead,Bin,percent,7.9,8, 0.00764563130258237837882928645
Kansas,3 wk ahead,Bin,percent,8,8.1, 0.00730439094366538196195781651
Kansas,3 wk ahead,Bin,percent,8.1,8.2, 0.00696528996161770077438779580
Kansas,3 wk ahead,Bin,percent,8.2,8.3, 0.00662932850176552092985593490
Kansas,3 wk ahead,Bin,percent,8.3,8.4, 0.00629742248308649398697012245
Kansas,3 wk ahead,Bin,percent,8.4,8.5, 0.00597044313707196985102632070
Kansas,3 wk ahead,Bin,percent,8.5,8.6, 0.00564929987340703071430070281
Kansas,3 wk ahead,Bin,percent,8.6,8.7, 0.00533471623257883095781117788
Kansas,3 wk ahead,Bin,percent,8.7,8.8, 0.00502759801804210891551516482
Kansas,3 wk ahead,Bin,percent,8.8,8.9, 0.00472846640807250608723455443
Kansas,3 wk ahead,Bin,percent,8.9,9, 0.00443795929750258333346124573
Kansas,3 wk ahead,Bin,percent,9,9.1, 0.00415662770320803995338643233
Kansas,3 wk ahead,Bin,percent,9.1,9.2, 0.00388491271087039154522035922
Kansas,3 wk ahead,Bin,percent,9.2,9.3, 0.00362323830512006330936691789
Kansas,3 wk ahead,Bin,percent,9.3,9.4, 0.00337207461386357636862198817
Kansas,3 wk ahead,Bin,percent,9.4,9.5, 0.00313153454202350122262399346
Kansas,3 wk ahead,Bin,percent,9.5,9.6, 0.00290186581965036754365838689
Kansas,3 wk ahead,Bin,percent,9.6,9.7, 0.00268310633265363054217322869
Kansas,3 wk ahead,Bin,percent,9.7,9.8, 0.00247533434547815220372335432
Kansas,3 wk ahead,Bin,percent,9.8,9.9, 0.00227859670479762773179222002
Kansas,3 wk ahead,Bin,percent,9.9,10, 0.00209273160044698468620905096
Kansas,3 wk ahead,Bin,percent,10,10.1, 0.00191789630112296368390223389
Kansas,3 wk ahead,Bin,percent,10.1,10.2, 0.00175358617057699947734683565
Kansas,3 wk ahead,Bin,percent,10.2,10.3, 0.00159973792722975841594512669
Kansas,3 wk ahead,Bin,percent,10.3,10.4, 0.00145601607725658315634076345
Kansas,3 wk ahead,Bin,percent,10.4,10.5, 0.00132208880965945722689436348
Kansas,3 wk ahead,Bin,percent,10.5,10.6, 0.00119776999635684837548776915
Kansas,3 wk ahead,Bin,percent,10.6,10.7, 0.00108256251043769105048275581
Kansas,3 wk ahead,Bin,percent,10.7,10.8, 0.00097627977992640550385788911
Kansas,3 wk ahead,Bin,percent,10.8,10.9, 0.00087829044757133740897042662
Kansas,3 wk ahead,Bin,percent,10.9,11, 0.00078827618876415000807866829
Kansas,3 wk ahead,Bin,percent,11,11.1, 0.00070581352693862425828896789
Kansas,3 wk ahead,Bin,percent,11.1,11.2, 0.00063041667690346564218578651
Kansas,3 wk ahead,Bin,percent,11.2,11.3, 0.00056178756604600727387471837
Kansas,3 wk ahead,Bin,percent,11.3,11.4, 0.00049942998512458142926911941
Kansas,3 wk ahead,Bin,percent,11.4,11.5, 0.00044295622693513452168556643
Kansas,3 wk ahead,Bin,percent,11.5,11.6, 0.00039190089790720403217783030
Kansas,3 wk ahead,Bin,percent,11.6,11.7, 0.00034587910411537479580743049
Kansas,3 wk ahead,Bin,percent,11.7,11.8, 0.00030452035400300379560170616
Kansas,3 wk ahead,Bin,percent,11.8,11.9, 0.00026743612840564979322641181
Kansas,3 wk ahead,Bin,percent,11.9,12, 0.00023431601431409744443028209
Kansas,3 wk ahead,Bin,percent,12,12.1, 0.00020481848891319760926597870
Kansas,3 wk ahead,Bin,percent,12.1,12.2, 0.00017858089828776959554629267
Kansas,3 wk ahead,Bin,percent,12.2,12.3, 0.00015532259418046093809966102
Kansas,3 wk ahead,Bin,percent,12.3,12.4, 0.00013475389956448869700766924
Kansas,3 wk ahead,Bin,percent,12.4,12.5, 0.00011660913029125823190800676
Kansas,3 wk ahead,Bin,percent,12.5,12.6, 0.00010066837635577977159030000
Kansas,3 wk ahead,Bin,percent,12.6,12.7, 0.00008669072053208749795150112
Kansas,3 wk ahead,Bin,percent,12.7,12.8, 0.00007448336635293721554734736
Kansas,3 wk ahead,Bin,percent,12.8,12.9, 0.00006382374176819831249410364
Kansas,3 wk ahead,Bin,percent,12.9,13, 0.00005471956599391111791689038
Kansas,3 wk ahead,Bin,percent,13,100, 0.00106555694269082974930118457
Kansas,4 wk ahead,Bin,percent,0,0.1, 0.00007452103055600279657780249
Kansas,4 wk ahead,Bin,percent,0.1,0.2, 0.00014904206111200562026065930
Kansas,4 wk ahead,Bin,percent,0.2,0.3, 0.00014904206111200556605055068
Kansas,4 wk ahead,Bin,percent,0.3,0.4, 0.00015611618333582100593553976
Kansas,4 wk ahead,Bin,percent,0.4,0.5, 0.00023273023514060206073765513
Kansas,4 wk ahead,Bin,percent,0.5,0.6, 0.00036344103210897877069204820
Kansas,4 wk ahead,Bin,percent,0.6,0.7, 0.00055383277377711083184347318
Kansas,4 wk ahead,Bin,percent,0.7,0.8, 0.00082336959626758121893325137
Kansas,4 wk ahead,Bin,percent,0.8,0.9, 0.00119475349795000740371619941
Kansas,4 wk ahead,Bin,percent,0.9,1, 0.00169260079688811305650975036
Kansas,4 wk ahead,Bin,percent,1,1.1, 0.00234183063727477032076040864
Kansas,4 wk ahead,Bin,percent,1.1,1.2, 0.00316592470027841086169240192
Kansas,4 wk ahead,Bin,percent,1.2,1.3, 0.00418428071344425448613302265
Kansas,4 wk ahead,Bin,percent,1.3,1.4, 0.00540959967036693401692959426
Kansas,4 wk ahead,Bin,percent,1.4,1.5, 0.00684680057446142298349656130
Kansas,4 wk ahead,Bin,percent,1.5,1.6, 0.00849053188175044083740861112
Kansas,4 wk ahead,Bin,percent,1.6,1.7, 0.01032565191711772370486421835
Kansas,4 wk ahead,Bin,percent,1.7,1.8, 0.01232811752653101625143428066
Kansas,4 wk ahead,Bin,percent,1.8,1.9, 0.01446583937167369993126442296
Kansas,4 wk ahead,Bin,percent,1.9,2, 0.01670123145661702238062851222
Kansas,4 wk ahead,Bin,percent,2,2.1, 0.01899257448517443006008598161
Kansas,4 wk ahead,Bin,percent,2.1,2.2, 0.02129492804245610576563407790
Kansas,4 wk ahead,Bin,percent,2.2,2.3, 0.02355997795967206681622130304
Kansas,4 wk ahead,Bin,percent,2.3,2.4, 0.02573493315443325588076639576
Kansas,4 wk ahead,Bin,percent,2.4,2.5, 0.02776074369519558604491038523
Kansas,4 wk ahead,Bin,percent,2.5,2.6, 0.02957179596652476441520640549
Kansas,4 wk ahead,Bin,percent,2.6,2.7, 0.03109598107586246384936856657
Kansas,4 wk ahead,Bin,percent,2.7,2.8, 0.03225705559340255601519231732
Kansas,4 wk ahead,Bin,percent,2.8,2.9, 0.03298229792697834200643214331
Kansas,4 wk ahead,Bin,percent,2.9,3, 0.03320730814323993862480222106
Kansas,4 wk ahead,Bin,percent,3,3.1, 0.03288740403819425534015508106
Kansas,4 wk ahead,Bin,percent,3.1,3.2, 0.03200539224722663556033097620
Kansas,4 wk ahead,Bin,percent,3.2,3.3, 0.03057658381642349917917123037
Kansas,4 wk ahead,Bin,percent,3.3,3.4, 0.02865330818152541508814223903
Kansas,4 wk ahead,Bin,percent,3.4,3.5, 0.02632199506987252177192537772
Kansas,4 wk ahead,Bin,percent,3.5,3.6, 0.02369708925104905411496147849
Kansas,4 wk ahead,Bin,percent,3.6,3.7, 0.02091148596100898468530537855
Kansas,4 wk ahead,Bin,percent,3.7,3.8, 0.01810534259477127386195327574
Kansas,4 wk ahead,Bin,percent,3.8,3.9, 0.01541408940004651388633316600
Kansas,4 wk ahead,Bin,percent,3.9,4, 0.01295895738560405921480089830
Kansas,4 wk ahead,Bin,percent,4,4.1, 0.01083925753155602633714948979
Kansas,4 wk ahead,Bin,percent,4.1,4.2, 0.00912756158440891987582155309
Kansas,4 wk ahead,Bin,percent,4.2,4.3, 0.00787124478859782712725223774
Kansas,4 wk ahead,Bin,percent,4.3,4.4, 0.00708888010665697024248466107
Kansas,4 wk ahead,Bin,percent,4.4,4.5, 0.00677761472816190268381175699
Kansas,4 wk ahead,Bin,percent,4.5,4.6, 0.00691380553795234963077032120
Kansas,4 wk ahead,Bin,percent,4.6,4.7, 0.00745628242168042045662224027
Kansas,4 wk ahead,Bin,percent,4.7,4.8, 0.00835009149559471156032408601
Kansas,4 wk ahead,Bin,percent,4.8,4.9, 0.00952855501929389739346198951
Kansas,4 wk ahead,Bin,percent,4.9,5, 0.01091517442104063956298531934
Kansas,4 wk ahead,Bin,percent,5,5.1, 0.01242688765323548757968374900
Kansas,4 wk ahead,Bin,percent,5.1,5.2, 0.01397661063007274613589903112
Kansas,4 wk ahead,Bin,percent,5.2,5.3, 0.01547674876517722911128949193
Kansas,4 wk ahead,Bin,percent,5.3,5.4, 0.01684340978047500075875930747
Kansas,4 wk ahead,Bin,percent,5.4,5.5, 0.01800018881427375636028465067
Kansas,4 wk ahead,Bin,percent,5.5,5.6, 0.01888211880202642772852428266
Kansas,4 wk ahead,Bin,percent,5.6,5.7, 0.01944012814922415136043021278
Kansas,4 wk ahead,Bin,percent,5.7,5.8, 0.01964159629236357160197989913
Kansas,4 wk ahead,Bin,percent,5.8,5.9, 0.01947473711805304194544241625
Kansas,4 wk ahead,Bin,percent,5.9,6, 0.01894684744092049732966387410
Kansas,4 wk ahead,Bin,percent,6,6.1, 0.01808410220754373340379395074
Kansas,4 wk ahead,Bin,percent,6.1,6.2, 0.01693025406232185475774443262
Kansas,4 wk ahead,Bin,percent,6.2,6.3, 0.01554231635562607766187781522
Kansas,4 wk ahead,Bin,percent,6.3,6.4, 0.01398620342591954876509952044
Kansas,4 wk ahead,Bin,percent,6.4,6.5, 0.01233276502089391234162629729
Kansas,4 wk ahead,Bin,percent,6.5,6.6, 0.01065173969487848149029218803
Kansas,4 wk ahead,Bin,percent,6.6,6.7, 0.00900739313222158680116713469
Kansas,4 wk ahead,Bin,percent,6.7,6.8, 0.00745454899206015111912115856
Kansas,4 wk ahead,Bin,percent,6.8,6.9, 0.00603538378694139926450290545
Kansas,4 wk ahead,Bin,percent,6.9,7, 0.00477836817083651145543488070
Kansas,4 wk ahead,Bin,percent,7,7.1, 0.00369834845841236293031983884
Kansas,4 wk ahead,Bin,percent,7.1,7.2, 0.00279708387428442405847617280
Kansas,4 wk ahead,Bin,percent,7.2,7.3, 0.00206663814322286410601892115
Kansas,4 wk ahead,Bin,percent,7.3,7.4, 0.00149128135144189458323460418
Kansas,4 wk ahead,Bin,percent,7.4,7.5, 0.00105064953971516911179762133
Kansas,4 wk ahead,Bin,percent,7.5,7.6, 0.00072258163357781588897327252
Kansas,4 wk ahead,Bin,percent,7.6,7.7, 0.00048503234387755120434956857
Kansas,4 wk ahead,Bin,percent,7.7,7.8, 0.00031764408318861589095027931
Kansas,4 wk ahead,Bin,percent,7.8,7.9, 0.00020300809986463405057074971
Kansas,4 wk ahead,Bin,percent,7.9,8, 0.00013589302338420252802379806
Kansas,4 wk ahead,Bin,percent,8,8.1, 0.00012965729044305703801694130
Kansas,4 wk ahead,Bin,percent,8.1,8.2, 0.00012965729044305820353427672
Kansas,4 wk ahead,Bin,percent,8.2,8.3, 0.00012965729044305820353427672
Kansas,4 wk ahead,Bin,percent,8.3,8.4, 0.00012965729044305820353427672
Kansas,4 wk ahead,Bin,percent,8.4,8.5, 0.00012965729044305820353427672
Kansas,4 wk ahead,Bin,percent,8.5,8.6, 0.00012965729044305820353427672
Kansas,4 wk ahead,Bin,percent,8.6,8.7, 0.00012965729044305820353427672
Kansas,4 wk ahead,Bin,percent,8.7,8.8, 0.00012965729044305820353427672
Kansas,4 wk ahead,Bin,percent,8.8,8.9, 0.00012965729044305820353427672
Kansas,4 wk ahead,Bin,percent,8.9,9, 0.00012965729044305820353427672
Kansas,4 wk ahead,Bin,percent,9,9.1, 0.00012965729044305820353427672
Kansas,4 wk ahead,Bin,percent,9.1,9.2, 0.00012965729044305820353427672
Kansas,4 wk ahead,Bin,percent,9.2,9.3, 0.00012965729044305820353427672
Kansas,4 wk ahead,Bin,percent,9.3,9.4, 0.00012965729044305820353427672
Kansas,4 wk ahead,Bin,percent,9.4,9.5, 0.00012965729044305820353427672
Kansas,4 wk ahead,Bin,percent,9.5,9.6, 0.00012965729044305820353427672
Kansas,4 wk ahead,Bin,percent,9.6,9.7, 0.00012965729044305820353427672
Kansas,4 wk ahead,Bin,percent,9.7,9.8, 0.00012965729044305820353427672
Kansas,4 wk ahead,Bin,percent,9.8,9.9, 0.00012965729044305820353427672
Kansas,4 wk ahead,Bin,percent,9.9,10, 0.00012965729044305820353427672
Kansas,4 wk ahead,Bin,percent,10,10.1, 0.00012965729044305820353427672
Kansas,4 wk ahead,Bin,percent,10.1,10.2, 0.00012965729044305820353427672
Kansas,4 wk ahead,Bin,percent,10.2,10.3, 0.00012965729044305820353427672
Kansas,4 wk ahead,Bin,percent,10.3,10.4, 0.00012965729044305820353427672
Kansas,4 wk ahead,Bin,percent,10.4,10.5, 0.00012965729044305820353427672
Kansas,4 wk ahead,Bin,percent,10.5,10.6, 0.00012965729044305820353427672
Kansas,4 wk ahead,Bin,percent,10.6,10.7, 0.00012965729044305820353427672
Kansas,4 wk ahead,Bin,percent,10.7,10.8, 0.00012965729044305820353427672
Kansas,4 wk ahead,Bin,percent,10.8,10.9, 0.00012965729044305820353427672
Kansas,4 wk ahead,Bin,percent,10.9,11, 0.00012965729044305820353427672
Kansas,4 wk ahead,Bin,percent,11,11.1, 0.00012965729044305820353427672
Kansas,4 wk ahead,Bin,percent,11.1,11.2, 0.00012965729044305820353427672
Kansas,4 wk ahead,Bin,percent,11.2,11.3, 0.00012965729044305820353427672
Kansas,4 wk ahead,Bin,percent,11.3,11.4, 0.00012965729044305820353427672
Kansas,4 wk ahead,Bin,percent,11.4,11.5, 0.00012965729044305820353427672
Kansas,4 wk ahead,Bin,percent,11.5,11.6, 0.00012965729044305820353427672
Kansas,4 wk ahead,Bin,percent,11.6,11.7, 0.00012965729044305820353427672
Kansas,4 wk ahead,Bin,percent,11.7,11.8, 0.00012965729044305820353427672
Kansas,4 wk ahead,Bin,percent,11.8,11.9, 0.00012965729044305820353427672
Kansas,4 wk ahead,Bin,percent,11.9,12, 0.00012965729044305820353427672
Kansas,4 wk ahead,Bin,percent,12,12.1, 0.00012965729044305820353427672
Kansas,4 wk ahead,Bin,percent,12.1,12.2, 0.00012965729044305820353427672
Kansas,4 wk ahead,Bin,percent,12.2,12.3, 0.00012965729044305820353427672
Kansas,4 wk ahead,Bin,percent,12.3,12.4, 0.00012965729044305820353427672
Kansas,4 wk ahead,Bin,percent,12.4,12.5, 0.00012965729044305820353427672
Kansas,4 wk ahead,Bin,percent,12.5,12.6, 0.00012965729044305820353427672
Kansas,4 wk ahead,Bin,percent,12.6,12.7, 0.00012965729044305820353427672
Kansas,4 wk ahead,Bin,percent,12.7,12.8, 0.00012965729044305820353427672
Kansas,4 wk ahead,Bin,percent,12.8,12.9, 0.00012965729044305820353427672
Kansas,4 wk ahead,Bin,percent,12.9,13, 0.00012965729044305820353427672
Kansas,4 wk ahead,Bin,percent,13,100, 0.00012965729044305820353427672
Indiana,Season peak week,Bin,week,40,41, 0.00346561626496039556014072680
Indiana,Season peak week,Bin,week,41,42, 0.00346561626496039556014072680
Indiana,Season peak week,Bin,week,42,43, 0.00346561626496039556014072680
Indiana,Season peak week,Bin,week,43,44, 0.00346561626496039556014072680
Indiana,Season peak week,Bin,week,44,45, 0.00346561626496039556014072680
Indiana,Season peak week,Bin,week,45,46, 0.00346561626496039556014072680
Indiana,Season peak week,Bin,week,46,47, 0.00346561626496039556014072680
Indiana,Season peak week,Bin,week,47,48, 0.00346561626496039556014072680
Indiana,Season peak week,Bin,week,48,49, 0.00346561626496039556014072680
Indiana,Season peak week,Bin,week,49,50, 0.00346561626496039556014072680
Indiana,Season peak week,Bin,week,50,51, 0.01509012719891522115445159358
Indiana,Season peak week,Bin,week,51,52, 0.13787780416548478523708354260
Indiana,Season peak week,Bin,week,52,53, 0.28728060817605993726431279356
Indiana,Season peak week,Bin,week,1,2, 0.13802006698953434016274854912
Indiana,Season peak week,Bin,week,2,3, 0.02110310678434436718053923698
Indiana,Season peak week,Bin,week,3,4, 0.05796048092021004877194556570
Indiana,Season peak week,Bin,week,4,5, 0.12005676967390925546919078215
Indiana,Season peak week,Bin,week,5,6, 0.05761641174620810851303431832
Indiana,Season peak week,Bin,week,6,7, 0.00621867969779949739811408804
Indiana,Season peak week,Bin,week,7,8, 0.00014378142035823926296600472
Indiana,Season peak week,Bin,week,8,9, 0.00006960413649929673540316805
Indiana,Season peak week,Bin,week,9,10, 0.00298754466324397706389337515
Indiana,Season peak week,Bin,week,10,11, 0.02767670285581521130713333889
Indiana,Season peak week,Bin,week,11,12, 0.05766649969658967783692204989
Indiana,Season peak week,Bin,week,12,13, 0.02767692354251423056399339373
Indiana,Season peak week,Bin,week,13,14, 0.00302902833141591729462782645
Indiana,Season peak week,Bin,week,14,15, 0.00069567105021341787019634184
Indiana,Season peak week,Bin,week,15,16, 0.00069567105021341787019634184
Indiana,Season peak week,Bin,week,16,17, 0.00069567105021341787019634184
Indiana,Season peak week,Bin,week,17,18, 0.00069567105021341787019634184
Indiana,Season peak week,Bin,week,18,19, 0.00069567105021341787019634184
Indiana,Season peak week,Bin,week,19,20, 0.00069567105021341787019634184
Indiana,Season peak week,Bin,week,20,21, 0.00069567105021341787019634184
Indiana,Season peak percentage,Bin,percent,0,0.1, 0.00005923477200335789695766903
Indiana,Season peak percentage,Bin,percent,0.1,0.2, 0.00011846954400671580746786521
Indiana,Season peak percentage,Bin,percent,0.2,0.3, 0.00011846954400671575325775658
Indiana,Season peak percentage,Bin,percent,0.3,0.4, 0.00011846954400671575325775658
Indiana,Season peak percentage,Bin,percent,0.4,0.5, 0.00011846954400671575325775658
Indiana,Season peak percentage,Bin,percent,0.5,0.6, 0.00011846954400671582102039237
Indiana,Season peak percentage,Bin,percent,0.6,0.7, 0.00011846954400671588878302815
Indiana,Season peak percentage,Bin,percent,0.7,0.8, 0.00011846954400671588878302815
Indiana,Season peak percentage,Bin,percent,0.8,0.9, 0.00011846954400671588878302815
Indiana,Season peak percentage,Bin,percent,0.9,1, 0.00011846954400671588878302815
Indiana,Season peak percentage,Bin,percent,1,1.1, 0.00013137383565316570121703221
Indiana,Season peak percentage,Bin,percent,1.1,1.2, 0.00022922851858979355257200927
Indiana,Season peak percentage,Bin,percent,1.2,1.3, 0.00040349783011051478052305663
Indiana,Season peak percentage,Bin,percent,1.3,1.4, 0.00067911130200811950508033021
Indiana,Season peak percentage,Bin,percent,1.4,1.5, 0.00109203878618744872931733969
Indiana,Season peak percentage,Bin,percent,1.5,1.6, 0.00167876147713336924122140559
Indiana,Season peak percentage,Bin,percent,1.6,1.7, 0.00246605489153517301939566586
Indiana,Season peak percentage,Bin,percent,1.7,1.8, 0.00346276504315789698806860031
Indiana,Season peak percentage,Bin,percent,1.8,1.9, 0.00464684388270868598685980899
Indiana,Season peak percentage,Bin,percent,1.9,2, 0.00596006162854569986747632626
Indiana,Season peak percentage,Bin,percent,2,2.1, 0.00730611188551800495860621965
Indiana,Season peak percentage,Bin,percent,2.1,2.2, 0.00855999361436264420699426836
Indiana,Season peak percentage,Bin,percent,2.2,2.3, 0.00958519191763576063058938104
Indiana,Season peak percentage,Bin,percent,2.3,2.4, 0.01025868563801737853857787286
Indiana,Season peak percentage,Bin,percent,2.4,2.5, 0.01049288017305257010580721300
Indiana,Season peak percentage,Bin,percent,2.5,2.6, 0.01025866363924020190079300363
Indiana,Season peak percentage,Bin,percent,2.6,2.7, 0.00958512252955943423737839026
Indiana,Season peak percentage,Bin,percent,2.7,2.8, 0.00856003839306156491528732033
Indiana,Season peak percentage,Bin,percent,2.8,2.9, 0.00730601600937998921919680484
Indiana,Season peak percentage,Bin,percent,2.9,3, 0.00596001489475912488852360482
Indiana,Season peak percentage,Bin,percent,3,3.1, 0.00464680993407591731714223471
Indiana,Season peak percentage,Bin,percent,3.1,3.2, 0.00346269002985558549054245780
Indiana,Season peak percentage,Bin,percent,3.2,3.3, 0.00246609890994281067203020008
Indiana,Season peak percentage,Bin,percent,3.3,3.4, 0.00167885432831118511926016268
Indiana,Season peak percentage,Bin,percent,3.4,3.5, 0.00109224137035169059292694094
Indiana,Season peak percentage,Bin,percent,3.5,3.6, 0.00067976457121891962348536609
Indiana,Season peak percentage,Bin,percent,3.6,3.7, 0.00040516292432023323557416239
Indiana,Season peak percentage,Bin,percent,3.7,3.8, 0.00023348442116667497019978639
Indiana,Season peak percentage,Bin,percent,3.8,3.9, 0.00013461683421663080541079427
Indiana,Season peak percentage,Bin,percent,3.9,4, 0.00008814396586952788514336687
Indiana,Season peak percentage,Bin,percent,4,4.1, 0.00008404036411402682736366404
Indiana,Season peak percentage,Bin,percent,4.1,4.2, 0.00012495213852413915951375389
Indiana,Season peak percentage,Bin,percent,4.2,4.3, 0.00022830452204567871425482106
Indiana,Season peak percentage,Bin,percent,4.3,4.4, 0.00042959795155990897989189969
Indiana,Season peak percentage,Bin,percent,4.4,4.5, 0.00078734645812469222780904943
Indiana,Season peak percentage,Bin,percent,4.5,4.6, 0.00138412713620167469180666231
Indiana,Season peak percentage,Bin,percent,4.6,4.7, 0.00232889871273852990668506990
Indiana,Season peak percentage,Bin,percent,4.7,4.8, 0.00374456629669688619704848165
Indiana,Season peak percentage,Bin,percent,4.8,4.9, 0.00575680638853743806282459161
Indiana,Season peak percentage,Bin,percent,4.9,5, 0.00845741100841892329276205942
Indiana,Season peak percentage,Bin,percent,5,5.1, 0.01187758089432898629678181379
Indiana,Season peak percentage,Bin,percent,5.1,5.2, 0.01594523694303346186829095643
Indiana,Season peak percentage,Bin,percent,5.2,5.3, 0.02046472726140038597697490275
Indiana,Season peak percentage,Bin,percent,5.3,5.4, 0.02511528277307953707642163010
Indiana,Season peak percentage,Bin,percent,5.4,5.5, 0.02948474735279701247625538940
Indiana,Season peak percentage,Bin,percent,5.5,5.6, 0.03313062434284953089447256502
Indiana,Season peak percentage,Bin,percent,5.6,5.7, 0.03567196302739372021362029841
Indiana,Season peak percentage,Bin,percent,5.7,5.8, 0.03686665395485985013968033286
Indiana,Season peak percentage,Bin,percent,5.8,5.9, 0.03668960842233714991778015246
Indiana,Season peak percentage,Bin,percent,5.9,6, 0.03533353728897949130871580792
Indiana,Season peak percentage,Bin,percent,6,6.1, 0.03319452493822504235421178009
Indiana,Season peak percentage,Bin,percent,6.1,6.2, 0.03077976471839246469519579819
Indiana,Season peak percentage,Bin,percent,6.2,6.3, 0.02860627803502631405496714478
Indiana,Season peak percentage,Bin,percent,6.3,6.4, 0.02708998990209132706752370723
Indiana,Season peak percentage,Bin,percent,6.4,6.5, 0.02646291551277326833946368367
Indiana,Season peak percentage,Bin,percent,6.5,6.6, 0.02673277957899685905451825363
Indiana,Season peak percentage,Bin,percent,6.6,6.7, 0.02769402112134333390769391769
Indiana,Season peak percentage,Bin,percent,6.7,6.8, 0.02898194494905039289567305616
Indiana,Season peak percentage,Bin,percent,6.8,6.9, 0.03016044902560917687073249738
Indiana,Season peak percentage,Bin,percent,6.9,7, 0.03081649866066916293450006492
Indiana,Season peak percentage,Bin,percent,7,7.1, 0.03063777838761959707025717137
Indiana,Season peak percentage,Bin,percent,7.1,7.2, 0.02947472379142085027736719383
Indiana,Season peak percentage,Bin,percent,7.2,7.3, 0.02734371928809126855997035932
Indiana,Season peak percentage,Bin,percent,7.3,7.4, 0.02441861417713156456876788525
Indiana,Season peak percentage,Bin,percent,7.4,7.5, 0.02097218449446985877315796643
Indiana,Season peak percentage,Bin,percent,7.5,7.6, 0.01732240923531729037687654227
Indiana,Season peak percentage,Bin,percent,7.6,7.7, 0.01377231293601051918817912423
Indiana,Season peak percentage,Bin,percent,7.7,7.8, 0.01056937891531683527956975155
Indiana,Season peak percentage,Bin,percent,7.8,7.9, 0.00787986313313773084621161047
Indiana,Season peak percentage,Bin,percent,7.9,8, 0.00579353907761229799250335404
Indiana,Season peak percentage,Bin,percent,8,8.1, 0.00432590436362941237885548773
Indiana,Season peak percentage,Bin,percent,8.1,8.2, 0.00344716546156691953234352255
Indiana,Season peak percentage,Bin,percent,8.2,8.3, 0.00309022659282155677182291065
Indiana,Season peak percentage,Bin,percent,8.3,8.4, 0.00317194264398989143882712227
Indiana,Season peak percentage,Bin,percent,8.4,8.5, 0.00359402345917257540555689310
Indiana,Season peak percentage,Bin,percent,8.5,8.6, 0.00424874197130351016760130278
Indiana,Season peak percentage,Bin,percent,8.6,8.7, 0.00501968657132825096800488041
Indiana,Season peak percentage,Bin,percent,8.7,8.8, 0.00578665239679027835345559438
Indiana,Season peak percentage,Bin,percent,8.8,8.9, 0.00643418256510563339040098541
Indiana,Season peak percentage,Bin,percent,8.9,9, 0.00686534448051448649430472670
Indiana,Season peak percentage,Bin,percent,9,9.1, 0.00701283903323725744255456860
Indiana,Season peak percentage,Bin,percent,9.1,9.2, 0.00685239285622321440960558192
Indiana,Season peak percentage,Bin,percent,9.2,9.3, 0.00640093795578841953664017694
Indiana,Season peak percentage,Bin,percent,9.3,9.4, 0.00571569847735911660407959189
Indiana,Season peak percentage,Bin,percent,9.4,9.5, 0.00487822403977117118045736532
Indiana,Season peak percentage,Bin,percent,9.5,9.6, 0.00397939675607218712460877441
Indiana,Season peak percentage,Bin,percent,9.6,9.7, 0.00310256341062217560686220530
Indiana,Season peak percentage,Bin,percent,9.7,9.8, 0.00231197907456228389511121435
Indiana,Season peak percentage,Bin,percent,9.8,9.9, 0.00164650427554196101577466127
Indiana,Season peak percentage,Bin,percent,9.9,10, 0.00112085333776510125830538911
Indiana,Season peak percentage,Bin,percent,10,10.1, 0.00072911782083477823246386862
Indiana,Season peak percentage,Bin,percent,10.1,10.2, 0.00045341986605108245550477264
Indiana,Season peak percentage,Bin,percent,10.2,10.3, 0.00026940196652846420174304276
Indiana,Season peak percentage,Bin,percent,10.3,10.4, 0.00015304818844787051058259353
Indiana,Season peak percentage,Bin,percent,10.4,10.5, 0.00008771389980582886469404058
Indiana,Season peak percentage,Bin,percent,10.5,10.6, 0.00007909813735503607096729434
Indiana,Season peak percentage,Bin,percent,10.6,10.7, 0.00007909813735503607096729434
Indiana,Season peak percentage,Bin,percent,10.7,10.8, 0.00007909813735503607096729434
Indiana,Season peak percentage,Bin,percent,10.8,10.9, 0.00007909813735503607096729434
Indiana,Season peak percentage,Bin,percent,10.9,11, 0.00007909813735503607096729434
Indiana,Season peak percentage,Bin,percent,11,11.1, 0.00007909813735503607096729434
Indiana,Season peak percentage,Bin,percent,11.1,11.2, 0.00007909813735503607096729434
Indiana,Season peak percentage,Bin,percent,11.2,11.3, 0.00007909813735503607096729434
Indiana,Season peak percentage,Bin,percent,11.3,11.4, 0.00007909813735503607096729434
Indiana,Season peak percentage,Bin,percent,11.4,11.5, 0.00007909813735503607096729434
Indiana,Season peak percentage,Bin,percent,11.5,11.6, 0.00007909813735503607096729434
Indiana,Season peak percentage,Bin,percent,11.6,11.7, 0.00007909813735503607096729434
Indiana,Season peak percentage,Bin,percent,11.7,11.8, 0.00007909813735503607096729434
Indiana,Season peak percentage,Bin,percent,11.8,11.9, 0.00007909813735503607096729434
Indiana,Season peak percentage,Bin,percent,11.9,12, 0.00007909813735503607096729434
Indiana,Season peak percentage,Bin,percent,12,12.1, 0.00007909813735503607096729434
Indiana,Season peak percentage,Bin,percent,12.1,12.2, 0.00007909813735503607096729434
Indiana,Season peak percentage,Bin,percent,12.2,12.3, 0.00007909813735503607096729434
Indiana,Season peak percentage,Bin,percent,12.3,12.4, 0.00007909813735503607096729434
Indiana,Season peak percentage,Bin,percent,12.4,12.5, 0.00007909813735503607096729434
Indiana,Season peak percentage,Bin,percent,12.5,12.6, 0.00007909813735503607096729434
Indiana,Season peak percentage,Bin,percent,12.6,12.7, 0.00007909813735503607096729434
Indiana,Season peak percentage,Bin,percent,12.7,12.8, 0.00007909813735503607096729434
Indiana,Season peak percentage,Bin,percent,12.8,12.9, 0.00007909813735503607096729434
Indiana,Season peak percentage,Bin,percent,12.9,13, 0.00007909813735503607096729434
Indiana,Season peak percentage,Bin,percent,13,100, 0.00007909813735503607096729434
Indiana,1 wk ahead,Bin,percent,0,0.1, 0.00045050708179227315136258780
Indiana,1 wk ahead,Bin,percent,0.1,0.2, 0.00133970733684939742776098814
Indiana,1 wk ahead,Bin,percent,0.2,0.3, 0.00214141759420244815609324363
Indiana,1 wk ahead,Bin,percent,0.3,0.4, 0.00323302902309040643413773353
Indiana,1 wk ahead,Bin,percent,0.4,0.5, 0.00461045225606790658873235245
Indiana,1 wk ahead,Bin,percent,0.5,0.6, 0.00621033629168455444252705533
Indiana,1 wk ahead,Bin,percent,0.6,0.7, 0.00790148569733444515461595614
Indiana,1 wk ahead,Bin,percent,0.7,0.8, 0.00949583362307129461021837358
Indiana,1 wk ahead,Bin,percent,0.8,0.9, 0.01077932405357015510638518663
Indiana,1 wk ahead,Bin,percent,0.9,1, 0.01155755452270699167038880972
Indiana,1 wk ahead,Bin,percent,1,1.1, 0.01170521600148780906602841156
Indiana,1 wk ahead,Bin,percent,1.1,1.2, 0.01119839675922535381091815765
Indiana,1 wk ahead,Bin,percent,1.2,1.3, 0.01012168398494127895259619976
Indiana,1 wk ahead,Bin,percent,1.3,1.4, 0.00864655134115539097949820757
Indiana,1 wk ahead,Bin,percent,1.4,1.5, 0.00699120536307723701441307895
Indiana,1 wk ahead,Bin,percent,1.5,1.6, 0.00537350988913221604137415710
Indiana,1 wk ahead,Bin,percent,1.6,1.7, 0.00397855660914407400358117073
Indiana,1 wk ahead,Bin,percent,1.7,1.8, 0.00294786843948252391331421585
Indiana,1 wk ahead,Bin,percent,1.8,1.9, 0.00238944118329093967839638069
Indiana,1 wk ahead,Bin,percent,1.9,2, 0.00240441753534053953220150923
Indiana,1 wk ahead,Bin,percent,2,2.1, 0.00311256687632298877088654621
Indiana,1 wk ahead,Bin,percent,2.1,2.2, 0.00466356570346968847540214398
Indiana,1 wk ahead,Bin,percent,2.2,2.3, 0.00721877024841620449496781831
Indiana,1 wk ahead,Bin,percent,2.3,2.4, 0.01090556028561385192021671031
Indiana,1 wk ahead,Bin,percent,2.4,2.5, 0.01574491946500218217397382148
Indiana,1 wk ahead,Bin,percent,2.5,2.6, 0.02157621334288172681992179491
Indiana,1 wk ahead,Bin,percent,2.6,2.7, 0.02800775384957470207081264846
Indiana,1 wk ahead,Bin,percent,2.7,2.8, 0.03442644578935142446463046895
Indiana,1 wk ahead,Bin,percent,2.8,2.9, 0.04007788130775988277854082753
Indiana,1 wk ahead,Bin,percent,2.9,3, 0.04421060397969488187097653054
Indiana,1 wk ahead,Bin,percent,3,3.1, 0.04624835828075684468485562206
Indiana,1 wk ahead,Bin,percent,3.1,3.2, 0.04593430018590782815124384797
Indiana,1 wk ahead,Bin,percent,3.2,3.3, 0.04340625684398632944116513954
Indiana,1 wk ahead,Bin,percent,3.3,3.4, 0.03917435747143875601761209282
Indiana,1 wk ahead,Bin,percent,3.4,3.5, 0.03401033068943794951399794968
Indiana,1 wk ahead,Bin,percent,3.5,3.6, 0.02878657192187104169045497315
Indiana,1 wk ahead,Bin,percent,3.6,3.7, 0.02430966159030431214538303664
Indiana,1 wk ahead,Bin,percent,3.7,3.8, 0.02118323945995630175342938628
Indiana,1 wk ahead,Bin,percent,3.8,3.9, 0.01972647509878915073056049323
Indiana,1 wk ahead,Bin,percent,3.9,4, 0.01994970824167684522731924801
Indiana,1 wk ahead,Bin,percent,4,4.1, 0.02157386745850387033129891279
Indiana,1 wk ahead,Bin,percent,4.1,4.2, 0.02410251987037817858472443788
Indiana,1 wk ahead,Bin,percent,4.2,4.3, 0.02691951482430764153175317688
Indiana,1 wk ahead,Bin,percent,4.3,4.4, 0.02940093945415287596256703750
Indiana,1 wk ahead,Bin,percent,4.4,4.5, 0.03102556705191927485798508712
Indiana,1 wk ahead,Bin,percent,4.5,4.6, 0.03145675387872451378434845992
Indiana,1 wk ahead,Bin,percent,4.6,4.7, 0.03057971574135453021736630319
Indiana,1 wk ahead,Bin,percent,4.7,4.8, 0.02849019750627072161686115237
Indiana,1 wk ahead,Bin,percent,4.8,4.9, 0.02544804818288196046616178592
Indiana,1 wk ahead,Bin,percent,4.9,5, 0.02180242415775028932967138928
Indiana,1 wk ahead,Bin,percent,5,5.1, 0.01792061187242825065490947622
Indiana,1 wk ahead,Bin,percent,5.1,5.2, 0.01413041857930004592536210595
Indiana,1 wk ahead,Bin,percent,5.2,5.3, 0.01068294688173345753645637757
Indiana,1 wk ahead,Bin,percent,5.3,5.4, 0.00773685470290113100344520092
Indiana,1 wk ahead,Bin,percent,5.4,5.5, 0.00536103381538503235420600745
Indiana,1 wk ahead,Bin,percent,5.5,5.6, 0.00354955471365480355883104124
Indiana,1 wk ahead,Bin,percent,5.6,5.7, 0.00224214679684206800655554837
Indiana,1 wk ahead,Bin,percent,5.7,5.8, 0.00134921417630017265003317117
Indiana,1 wk ahead,Bin,percent,5.8,5.9, 0.00077243931494016843542632644
Indiana,1 wk ahead,Bin,percent,5.9,6, 0.00042023533812296249428941408
Indiana,1 wk ahead,Bin,percent,6,6.1, 0.00021698435485670378988429241
Indiana,1 wk ahead,Bin,percent,6.1,6.2, 0.00012715522743936855196850155
Indiana,1 wk ahead,Bin,percent,6.2,6.3, 0.00012378001276799676733456068
Indiana,1 wk ahead,Bin,percent,6.3,6.4, 0.00012378001276799676733456068
Indiana,1 wk ahead,Bin,percent,6.4,6.5, 0.00012378001276799676733456068
Indiana,1 wk ahead,Bin,percent,6.5,6.6, 0.00012378001276799676733456068
Indiana,1 wk ahead,Bin,percent,6.6,6.7, 0.00012378001276799676733456068
Indiana,1 wk ahead,Bin,percent,6.7,6.8, 0.00012378001276799676733456068
Indiana,1 wk ahead,Bin,percent,6.8,6.9, 0.00012378001276799676733456068
Indiana,1 wk ahead,Bin,percent,6.9,7, 0.00012378001276799676733456068
Indiana,1 wk ahead,Bin,percent,7,7.1, 0.00012378001276799676733456068
Indiana,1 wk ahead,Bin,percent,7.1,7.2, 0.00012378001276799676733456068
Indiana,1 wk ahead,Bin,percent,7.2,7.3, 0.00012378001276799676733456068
Indiana,1 wk ahead,Bin,percent,7.3,7.4, 0.00012378001276799676733456068
Indiana,1 wk ahead,Bin,percent,7.4,7.5, 0.00012378001276799676733456068
Indiana,1 wk ahead,Bin,percent,7.5,7.6, 0.00012378001276799676733456068
Indiana,1 wk ahead,Bin,percent,7.6,7.7, 0.00012378001276799676733456068
Indiana,1 wk ahead,Bin,percent,7.7,7.8, 0.00012378001276799676733456068
Indiana,1 wk ahead,Bin,percent,7.8,7.9, 0.00012378001276799676733456068
Indiana,1 wk ahead,Bin,percent,7.9,8, 0.00012378001276799676733456068
Indiana,1 wk ahead,Bin,percent,8,8.1, 0.00012378001276799787864178748
Indiana,1 wk ahead,Bin,percent,8.1,8.2, 0.00012378001276799898994901428
Indiana,1 wk ahead,Bin,percent,8.2,8.3, 0.00012378001276799898994901428
Indiana,1 wk ahead,Bin,percent,8.3,8.4, 0.00012378001276799898994901428
Indiana,1 wk ahead,Bin,percent,8.4,8.5, 0.00012378001276799898994901428
Indiana,1 wk ahead,Bin,percent,8.5,8.6, 0.00012378001276799898994901428
Indiana,1 wk ahead,Bin,percent,8.6,8.7, 0.00012378001276799898994901428
Indiana,1 wk ahead,Bin,percent,8.7,8.8, 0.00012378001276799898994901428
Indiana,1 wk ahead,Bin,percent,8.8,8.9, 0.00012378001276799898994901428
Indiana,1 wk ahead,Bin,percent,8.9,9, 0.00012378001276799898994901428
Indiana,1 wk ahead,Bin,percent,9,9.1, 0.00012378001276799898994901428
Indiana,1 wk ahead,Bin,percent,9.1,9.2, 0.00012378001276799898994901428
Indiana,1 wk ahead,Bin,percent,9.2,9.3, 0.00012378001276799898994901428
Indiana,1 wk ahead,Bin,percent,9.3,9.4, 0.00012378001276799898994901428
Indiana,1 wk ahead,Bin,percent,9.4,9.5, 0.00012378001276799898994901428
Indiana,1 wk ahead,Bin,percent,9.5,9.6, 0.00012378001276799898994901428
Indiana,1 wk ahead,Bin,percent,9.6,9.7, 0.00012378001276799898994901428
Indiana,1 wk ahead,Bin,percent,9.7,9.8, 0.00012378001276799898994901428
Indiana,1 wk ahead,Bin,percent,9.8,9.9, 0.00012378001276799898994901428
Indiana,1 wk ahead,Bin,percent,9.9,10, 0.00012378001276799898994901428
Indiana,1 wk ahead,Bin,percent,10,10.1, 0.00012378001276799898994901428
Indiana,1 wk ahead,Bin,percent,10.1,10.2, 0.00012378001276799898994901428
Indiana,1 wk ahead,Bin,percent,10.2,10.3, 0.00012378001276799898994901428
Indiana,1 wk ahead,Bin,percent,10.3,10.4, 0.00012378001276799898994901428
Indiana,1 wk ahead,Bin,percent,10.4,10.5, 0.00012378001276799898994901428
Indiana,1 wk ahead,Bin,percent,10.5,10.6, 0.00012378001276799898994901428
Indiana,1 wk ahead,Bin,percent,10.6,10.7, 0.00012378001276799898994901428
Indiana,1 wk ahead,Bin,percent,10.7,10.8, 0.00012378001276799898994901428
Indiana,1 wk ahead,Bin,percent,10.8,10.9, 0.00012378001276799898994901428
Indiana,1 wk ahead,Bin,percent,10.9,11, 0.00012378001276799898994901428
Indiana,1 wk ahead,Bin,percent,11,11.1, 0.00012378001276799898994901428
Indiana,1 wk ahead,Bin,percent,11.1,11.2, 0.00012378001276799898994901428
Indiana,1 wk ahead,Bin,percent,11.2,11.3, 0.00012378001276799898994901428
Indiana,1 wk ahead,Bin,percent,11.3,11.4, 0.00012378001276799898994901428
Indiana,1 wk ahead,Bin,percent,11.4,11.5, 0.00012378001276799898994901428
Indiana,1 wk ahead,Bin,percent,11.5,11.6, 0.00012378001276799898994901428
Indiana,1 wk ahead,Bin,percent,11.6,11.7, 0.00012378001276799898994901428
Indiana,1 wk ahead,Bin,percent,11.7,11.8, 0.00012378001276799898994901428
Indiana,1 wk ahead,Bin,percent,11.8,11.9, 0.00012378001276799898994901428
Indiana,1 wk ahead,Bin,percent,11.9,12, 0.00012378001276799898994901428
Indiana,1 wk ahead,Bin,percent,12,12.1, 0.00012378001276799898994901428
Indiana,1 wk ahead,Bin,percent,12.1,12.2, 0.00012378001276799898994901428
Indiana,1 wk ahead,Bin,percent,12.2,12.3, 0.00012378001276799898994901428
Indiana,1 wk ahead,Bin,percent,12.3,12.4, 0.00012378001276799898994901428
Indiana,1 wk ahead,Bin,percent,12.4,12.5, 0.00012378001276799898994901428
Indiana,1 wk ahead,Bin,percent,12.5,12.6, 0.00012378001276799898994901428
Indiana,1 wk ahead,Bin,percent,12.6,12.7, 0.00012378001276799898994901428
Indiana,1 wk ahead,Bin,percent,12.7,12.8, 0.00012378001276799898994901428
Indiana,1 wk ahead,Bin,percent,12.8,12.9, 0.00012378001276799898994901428
Indiana,1 wk ahead,Bin,percent,12.9,13, 0.00012378001276799898994901428
Indiana,1 wk ahead,Bin,percent,13,100, 0.00012378001276799898994901428
Indiana,2 wk ahead,Bin,percent,0,0.1, 0.00017375362160164923739855136
Indiana,2 wk ahead,Bin,percent,0.1,0.2, 0.00051570783253310713799277831
Indiana,2 wk ahead,Bin,percent,0.2,0.3, 0.00083348854622584565496334896
Indiana,2 wk ahead,Bin,percent,0.3,0.4, 0.00129295238927841136221397189
Indiana,2 wk ahead,Bin,percent,0.4,0.5, 0.00192599062325866433355303631
Indiana,2 wk ahead,Bin,percent,0.5,0.6, 0.00275541259426465880155721067
Indiana,2 wk ahead,Bin,percent,0.6,0.7, 0.00378808716190732639936267212
Indiana,2 wk ahead,Bin,percent,0.7,0.8, 0.00500757152663786325036410219
Indiana,2 wk ahead,Bin,percent,0.8,0.9, 0.00636993082659024611319464881
Indiana,2 wk ahead,Bin,percent,0.9,1, 0.00780549302657369218488847551
Indiana,2 wk ahead,Bin,percent,1,1.1, 0.00922526603631263104887683113
Indiana,2 wk ahead,Bin,percent,1.1,1.2, 0.01053326135613301926807761077
Indiana,2 wk ahead,Bin,percent,1.2,1.3, 0.01164052201008165983442399494
Indiana,2 wk ahead,Bin,percent,1.3,1.4, 0.01247902912524046642461783563
Indiana,2 wk ahead,Bin,percent,1.4,1.5, 0.01301069592395667946782555902
Indiana,2 wk ahead,Bin,percent,1.5,1.6, 0.01322938703353788818251057791
Indiana,2 wk ahead,Bin,percent,1.6,1.7, 0.01315996567648372063408235277
Indiana,2 wk ahead,Bin,percent,1.7,1.8, 0.01285146118666025821797305184
Indiana,2 wk ahead,Bin,percent,1.8,1.9, 0.01237258574043471372194691327
Indiana,2 wk ahead,Bin,percent,1.9,2, 0.01181095090923851669006960918
Indiana,2 wk ahead,Bin,percent,2,2.1, 0.01127450978357669338081326060
Indiana,2 wk ahead,Bin,percent,2.1,2.2, 0.01089576997501295017867217751
Indiana,2 wk ahead,Bin,percent,2.2,2.3, 0.01083153645764580071120253280
Indiana,2 wk ahead,Bin,percent,2.3,2.4, 0.01125665829544208497436930116
Indiana,2 wk ahead,Bin,percent,2.4,2.5, 0.01234437283628566500714995868
Indiana,2 wk ahead,Bin,percent,2.5,2.6, 0.01423495028279920041058836944
Indiana,2 wk ahead,Bin,percent,2.6,2.7, 0.01700058147170436032014073646
Indiana,2 wk ahead,Bin,percent,2.7,2.8, 0.02060527906009477702720111836
Indiana,2 wk ahead,Bin,percent,2.8,2.9, 0.02487787802981585374983986014
Indiana,2 wk ahead,Bin,percent,2.9,3, 0.02950919863904492845829707903
Indiana,2 wk ahead,Bin,percent,3,3.1, 0.03407266626609924825563879835
Indiana,2 wk ahead,Bin,percent,3.1,3.2, 0.03807925006643440857256877052
Indiana,2 wk ahead,Bin,percent,3.2,3.3, 0.04104969475555695496149510859
Indiana,2 wk ahead,Bin,percent,3.3,3.4, 0.04260111079899966263218047402
Indiana,2 wk ahead,Bin,percent,3.4,3.5, 0.04251231117568448486521148766
Indiana,2 wk ahead,Bin,percent,3.5,3.6, 0.04076315101522871853223506378
Indiana,2 wk ahead,Bin,percent,3.6,3.7, 0.03754225623426828833961721443
Indiana,2 wk ahead,Bin,percent,3.7,3.8, 0.03320129566680102978226685195
Indiana,2 wk ahead,Bin,percent,3.8,3.9, 0.02818956000480087042969756794
Indiana,2 wk ahead,Bin,percent,3.9,4, 0.02297641666327508713774108173
Indiana,2 wk ahead,Bin,percent,4,4.1, 0.01797626279796481207906566624
Indiana,2 wk ahead,Bin,percent,4.1,4.2, 0.01349937431988139889538214078
Indiana,2 wk ahead,Bin,percent,4.2,4.3, 0.00972912819597498111645617058
Indiana,2 wk ahead,Bin,percent,4.3,4.4, 0.00672947717532111286398155414
Indiana,2 wk ahead,Bin,percent,4.4,4.5, 0.00446722676495232319526795806
Indiana,2 wk ahead,Bin,percent,4.5,4.6, 0.00284549821712660284608875649
Indiana,2 wk ahead,Bin,percent,4.6,4.7, 0.00173972473808002028004826567
Indiana,2 wk ahead,Bin,percent,4.7,4.8, 0.00102109999431099435565628575
Indiana,2 wk ahead,Bin,percent,4.8,4.9, 0.00057616149121704214163680602
Indiana,2 wk ahead,Bin,percent,4.9,5, 0.00031481546106196874219851356
Indiana,2 wk ahead,Bin,percent,5,5.1, 0.00017132834893582275120373082
Indiana,2 wk ahead,Bin,percent,5.1,5.2, 0.00010297565178229441899132590
Indiana,2 wk ahead,Bin,percent,5.2,5.3, 0.00008624081245478996905675512
Indiana,2 wk ahead,Bin,percent,5.3,5.4, 0.00011354910500521481642871580
Indiana,2 wk ahead,Bin,percent,5.4,5.5, 0.00019168711188051216153492573
Indiana,2 wk ahead,Bin,percent,5.5,5.6, 0.00034124816824999802287662898
Indiana,2 wk ahead,Bin,percent,5.6,5.7, 0.00059659960872842797332399334
Indiana,2 wk ahead,Bin,percent,5.7,5.8, 0.00100614320568859238504144660
Indiana,2 wk ahead,Bin,percent,5.8,5.9, 0.00162946233105670411009380238
Indiana,2 wk ahead,Bin,percent,5.9,6, 0.00253134355317238520302614013
Indiana,2 wk ahead,Bin,percent,6,6.1, 0.00377197568290213100516972133
Indiana,2 wk ahead,Bin,percent,6.1,6.2, 0.00539080166750108107087680054
Indiana,2 wk ahead,Bin,percent,6.2,6.3, 0.00738879705407279301770939739
Indiana,2 wk ahead,Bin,percent,6.3,6.4, 0.00971322749244322124206885150
Indiana,2 wk ahead,Bin,percent,6.4,6.5, 0.01224603981750984824095063175
Indiana,2 wk ahead,Bin,percent,6.5,6.6, 0.01480738097161079201702360564
Indiana,2 wk ahead,Bin,percent,6.6,6.7, 0.01717140192090115674572459170
Indiana,2 wk ahead,Bin,percent,6.7,6.8, 0.01909809055168907795940747008
Indiana,2 wk ahead,Bin,percent,6.8,6.9, 0.02037199977291730482176213002
Indiana,2 wk ahead,Bin,percent,6.9,7, 0.02084080327112056499339054483
Indiana,2 wk ahead,Bin,percent,7,7.1, 0.02044816167137310583545861675
Indiana,2 wk ahead,Bin,percent,7.1,7.2, 0.01924169065663463434878721614
Indiana,2 wk ahead,Bin,percent,7.2,7.3, 0.01736503602100857718282256315
Indiana,2 wk ahead,Bin,percent,7.3,7.4, 0.01503033003874482999295825181
Indiana,2 wk ahead,Bin,percent,7.4,7.5, 0.01247700140511367669637898814
Indiana,2 wk ahead,Bin,percent,7.5,7.6, 0.00993353061430382253127469028
Indiana,2 wk ahead,Bin,percent,7.6,7.7, 0.00758468795867311192798743136
Indiana,2 wk ahead,Bin,percent,7.7,7.8, 0.00555429570670302324986167264
Indiana,2 wk ahead,Bin,percent,7.8,7.9, 0.00390099914623917446224177219
Indiana,2 wk ahead,Bin,percent,7.9,8, 0.00262751636926955274911610339
Indiana,2 wk ahead,Bin,percent,8,8.1, 0.00169753193906466842699742870
Indiana,2 wk ahead,Bin,percent,8.1,8.2, 0.00105175120964054089577055517
Indiana,2 wk ahead,Bin,percent,8.2,8.3, 0.00062489350123187453658196722
Indiana,2 wk ahead,Bin,percent,8.3,8.4, 0.00035615861079212616027711569
Indiana,2 wk ahead,Bin,percent,8.4,8.5, 0.00023701401095830250723671406
Indiana,2 wk ahead,Bin,percent,8.5,8.6, 0.00023477337520028107847175347
Indiana,2 wk ahead,Bin,percent,8.6,8.7, 0.00023477337520028107847175347
Indiana,2 wk ahead,Bin,percent,8.7,8.8, 0.00023477337520028107847175347
Indiana,2 wk ahead,Bin,percent,8.8,8.9, 0.00023477337520028107847175347
Indiana,2 wk ahead,Bin,percent,8.9,9, 0.00023477337520028107847175347
Indiana,2 wk ahead,Bin,percent,9,9.1, 0.00023477337520028107847175347
Indiana,2 wk ahead,Bin,percent,9.1,9.2, 0.00023477337520028107847175347
Indiana,2 wk ahead,Bin,percent,9.2,9.3, 0.00023477337520028107847175347
Indiana,2 wk ahead,Bin,percent,9.3,9.4, 0.00023477337520028107847175347
Indiana,2 wk ahead,Bin,percent,9.4,9.5, 0.00023477337520028107847175347
Indiana,2 wk ahead,Bin,percent,9.5,9.6, 0.00023477337520028107847175347
Indiana,2 wk ahead,Bin,percent,9.6,9.7, 0.00023477337520028107847175347
Indiana,2 wk ahead,Bin,percent,9.7,9.8, 0.00023477337520028107847175347
Indiana,2 wk ahead,Bin,percent,9.8,9.9, 0.00023477337520028107847175347
Indiana,2 wk ahead,Bin,percent,9.9,10, 0.00023477337520028107847175347
Indiana,2 wk ahead,Bin,percent,10,10.1, 0.00023477337520028107847175347
Indiana,2 wk ahead,Bin,percent,10.1,10.2, 0.00023477337520028107847175347
Indiana,2 wk ahead,Bin,percent,10.2,10.3, 0.00023477337520028107847175347
Indiana,2 wk ahead,Bin,percent,10.3,10.4, 0.00023477337520028107847175347
Indiana,2 wk ahead,Bin,percent,10.4,10.5, 0.00023477337520028107847175347
Indiana,2 wk ahead,Bin,percent,10.5,10.6, 0.00023477337520028107847175347
Indiana,2 wk ahead,Bin,percent,10.6,10.7, 0.00023477337520028107847175347
Indiana,2 wk ahead,Bin,percent,10.7,10.8, 0.00023477337520028107847175347
Indiana,2 wk ahead,Bin,percent,10.8,10.9, 0.00023477337520028107847175347
Indiana,2 wk ahead,Bin,percent,10.9,11, 0.00023477337520028107847175347
Indiana,2 wk ahead,Bin,percent,11,11.1, 0.00023477337520028107847175347
Indiana,2 wk ahead,Bin,percent,11.1,11.2, 0.00023477337520028107847175347
Indiana,2 wk ahead,Bin,percent,11.2,11.3, 0.00023477337520028107847175347
Indiana,2 wk ahead,Bin,percent,11.3,11.4, 0.00023477337520028107847175347
Indiana,2 wk ahead,Bin,percent,11.4,11.5, 0.00023477337520028107847175347
Indiana,2 wk ahead,Bin,percent,11.5,11.6, 0.00023477337520028107847175347
Indiana,2 wk ahead,Bin,percent,11.6,11.7, 0.00023477337520028107847175347
Indiana,2 wk ahead,Bin,percent,11.7,11.8, 0.00023477337520028107847175347
Indiana,2 wk ahead,Bin,percent,11.8,11.9, 0.00023477337520028107847175347
Indiana,2 wk ahead,Bin,percent,11.9,12, 0.00023477337520028107847175347
Indiana,2 wk ahead,Bin,percent,12,12.1, 0.00023477337520028107847175347
Indiana,2 wk ahead,Bin,percent,12.1,12.2, 0.00023477337520028107847175347
Indiana,2 wk ahead,Bin,percent,12.2,12.3, 0.00023477337520028107847175347
Indiana,2 wk ahead,Bin,percent,12.3,12.4, 0.00023477337520028107847175347
Indiana,2 wk ahead,Bin,percent,12.4,12.5, 0.00023477337520028107847175347
Indiana,2 wk ahead,Bin,percent,12.5,12.6, 0.00023477337520028107847175347
Indiana,2 wk ahead,Bin,percent,12.6,12.7, 0.00023477337520028107847175347
Indiana,2 wk ahead,Bin,percent,12.7,12.8, 0.00023477337520028107847175347
Indiana,2 wk ahead,Bin,percent,12.8,12.9, 0.00023477337520028107847175347
Indiana,2 wk ahead,Bin,percent,12.9,13, 0.00023477337520028107847175347
Indiana,2 wk ahead,Bin,percent,13,100, 0.00023477337520028107847175347
Indiana,3 wk ahead,Bin,percent,0,0.1, 0.00054678779888689540630841712
Indiana,3 wk ahead,Bin,percent,0.1,0.2, 0.00138205034262709955394932138
Indiana,3 wk ahead,Bin,percent,0.2,0.3, 0.00184740089385778067168630834
Indiana,3 wk ahead,Bin,percent,0.3,0.4, 0.00241819115957136489269974078
Indiana,3 wk ahead,Bin,percent,0.4,0.5, 0.00309949682375801945782844982
Indiana,3 wk ahead,Bin,percent,0.5,0.6, 0.00389143579310942313437271523
Indiana,3 wk ahead,Bin,percent,0.6,0.7, 0.00478638479664097570703829021
Indiana,3 wk ahead,Bin,percent,0.7,0.8, 0.00576957373535845648160336196
Indiana,3 wk ahead,Bin,percent,0.8,0.9, 0.00681829434529210472171190105
Indiana,3 wk ahead,Bin,percent,0.9,1, 0.00790398502781091728819351516
Indiana,3 wk ahead,Bin,percent,1,1.1, 0.00899408235348401856323885539
Indiana,3 wk ahead,Bin,percent,1.1,1.2, 0.01005574949699437024841497390
Indiana,3 wk ahead,Bin,percent,1.2,1.3, 0.01106013566066682898836326387
Indiana,3 wk ahead,Bin,percent,1.3,1.4, 0.01198641519662736396045765730
Indiana,3 wk ahead,Bin,percent,1.4,1.5, 0.01282633055978380648420866805
Indiana,3 wk ahead,Bin,percent,1.5,1.6, 0.01358634305450564377926170323
Indiana,3 wk ahead,Bin,percent,1.6,1.7, 0.01428942375123158463334771540
Indiana,3 wk ahead,Bin,percent,1.7,1.8, 0.01497328516232602005353591323
Indiana,3 wk ahead,Bin,percent,1.8,1.9, 0.01568696793340112680126274824
Indiana,3 wk ahead,Bin,percent,1.9,2, 0.01648503566639204775956528692
Indiana,3 wk ahead,Bin,percent,2,2.1, 0.01741934608367706749376679909
Indiana,3 wk ahead,Bin,percent,2.1,2.2, 0.01853124096934893536015032112
Indiana,3 wk ahead,Bin,percent,2.2,2.3, 0.01984245397109406922053764788
Indiana,3 wk ahead,Bin,percent,2.3,2.4, 0.02134901527701727613761661928
Indiana,3 wk ahead,Bin,percent,2.4,2.5, 0.02301707884738788886802574041
Indiana,3 wk ahead,Bin,percent,2.5,2.6, 0.02478228409649280497561996128
Indiana,3 wk ahead,Bin,percent,2.6,2.7, 0.02655375050732894370852932298
Indiana,3 wk ahead,Bin,percent,2.7,2.8, 0.02822129459617761515488609803
Indiana,3 wk ahead,Bin,percent,2.8,2.9, 0.02966515446493226543234200676
Indiana,3 wk ahead,Bin,percent,2.9,3, 0.03077001709699156428712285560
Indiana,3 wk ahead,Bin,percent,3,3.1, 0.03143440329250874604172238946
Indiana,3 wk ahead,Bin,percent,3.1,3.2, 0.03158489568394852453625532007
Indiana,3 wk ahead,Bin,percent,3.2,3.3, 0.03118089045953654006582134173
Indiana,3 wk ahead,Bin,percent,3.3,3.4, 0.03022128975054539853917212611
Indiana,3 wk ahead,Bin,percent,3.4,3.5, 0.02874184290458160762060657589
Indiana,3 wk ahead,Bin,percent,3.5,3.6, 0.02681256868670039983371111703
Indiana,3 wk ahead,Bin,percent,3.6,3.7, 0.02452922092797756373205864122
Indiana,3 wk ahead,Bin,percent,3.7,3.8, 0.02200284370540648432035268911
Indiana,3 wk ahead,Bin,percent,3.8,3.9, 0.01935068347245184200433598676
Indiana,3 wk ahead,Bin,percent,3.9,4, 0.01668477496639737128747427164
Indiana,3 wk ahead,Bin,percent,4,4.1, 0.01410456843258930080542423724
Indiana,3 wk ahead,Bin,percent,4.1,4.2, 0.01169113841879752292707284056
Indiana,3 wk ahead,Bin,percent,4.2,4.3, 0.00950320920438986645184531454
Indiana,3 wk ahead,Bin,percent,4.3,4.4, 0.00757873519213755116735731221
Indiana,3 wk ahead,Bin,percent,4.4,4.5, 0.00593389547417121250572069613
Indiana,3 wk ahead,Bin,percent,4.5,4.6, 0.00456955458510397392879465173
Indiana,3 wk ahead,Bin,percent,4.6,4.7, 0.00347301703823019993974674513
Indiana,3 wk ahead,Bin,percent,4.7,4.8, 0.00262493062498098811419211529
Indiana,3 wk ahead,Bin,percent,4.8,4.9, 0.00200162413543516354286211367
Indiana,3 wk ahead,Bin,percent,4.9,5, 0.00158118007141767424710010470
Indiana,3 wk ahead,Bin,percent,5,5.1, 0.00134388874892375754198370341
Indiana,3 wk ahead,Bin,percent,5.1,5.2, 0.00127646061217973039690620762
Indiana,3 wk ahead,Bin,percent,5.2,5.3, 0.00137063258510410372267851464
Indiana,3 wk ahead,Bin,percent,5.3,5.4, 0.00162465676134852820590437350
Indiana,3 wk ahead,Bin,percent,5.4,5.5, 0.00204009258508891858086009563
Indiana,3 wk ahead,Bin,percent,5.5,5.6, 0.00262128807150309147203093296
Indiana,3 wk ahead,Bin,percent,5.6,5.7, 0.00337077139421739033903202554
Indiana,3 wk ahead,Bin,percent,5.7,5.8, 0.00428715541976021786291228821
Indiana,3 wk ahead,Bin,percent,5.8,5.9, 0.00536108424902862531341574126
Indiana,3 wk ahead,Bin,percent,5.9,6, 0.00657255903009898619082651550
Indiana,3 wk ahead,Bin,percent,6,6.1, 0.00788927846202542096265553084
Indiana,3 wk ahead,Bin,percent,6.1,6.2, 0.00926559205352711634517959283
Indiana,3 wk ahead,Bin,percent,6.2,6.3, 0.01064431459747753293265670749
Indiana,3 wk ahead,Bin,percent,6.3,6.4, 0.01195945049181908713398225785
Indiana,3 wk ahead,Bin,percent,6.4,6.5, 0.01314062622978667133066821293
Indiana,3 wk ahead,Bin,percent,6.5,6.6, 0.01411993308959171543326416298
Indiana,3 wk ahead,Bin,percent,6.6,6.7, 0.01483664919983968162597864904
Indiana,3 wk ahead,Bin,percent,6.7,6.8, 0.01524571199910207744410151065
Indiana,3 wk ahead,Bin,percent,6.8,6.9, 0.01531922115255659154475775807
Indiana,3 wk ahead,Bin,percent,6.9,7, 0.01505322154870749641608629332
Indiana,3 wk ahead,Bin,percent,7,7.1, 0.01446458874848921723199612899
Indiana,3 wk ahead,Bin,percent,7.1,7.2, 0.01359186092629299964784639343
Indiana,3 wk ahead,Bin,percent,7.2,7.3, 0.01248935502565729979695952068
Indiana,3 wk ahead,Bin,percent,7.3,7.4, 0.01122265244605778755637714994
Indiana,3 wk ahead,Bin,percent,7.4,7.5, 0.00986143717309475795196327397
Indiana,3 wk ahead,Bin,percent,7.5,7.6, 0.00847377308581794864983383064
Indiana,3 wk ahead,Bin,percent,7.6,7.7, 0.00712040336985762540439326429
Indiana,3 wk ahead,Bin,percent,7.7,7.8, 0.00585092775853124358320656029
Indiana,3 wk ahead,Bin,percent,7.8,7.9, 0.00470148765475582579992375187
Indiana,3 wk ahead,Bin,percent,7.9,8, 0.00369434908364416536227792243
Indiana,3 wk ahead,Bin,percent,8,8.1, 0.00283874452222453079602848547
Indiana,3 wk ahead,Bin,percent,8.1,8.2, 0.00213316131532872467480022038
Indiana,3 wk ahead,Bin,percent,8.2,8.3, 0.00156738707570314465475358467
Indiana,3 wk ahead,Bin,percent,8.3,8.4, 0.00112635118459995754378044630
Indiana,3 wk ahead,Bin,percent,8.4,8.5, 0.00079141303213646691568777802
Indiana,3 wk ahead,Bin,percent,8.5,8.6, 0.00054386356045390627303448561
Indiana,3 wk ahead,Bin,percent,8.6,8.7, 0.00036541723804522273583508807
Indiana,3 wk ahead,Bin,percent,8.7,8.8, 0.00024014353791110775414308076
Indiana,3 wk ahead,Bin,percent,8.8,8.9, 0.00017466568056132678499366151
Indiana,3 wk ahead,Bin,percent,8.9,9, 0.00017240849545399679234973511
Indiana,3 wk ahead,Bin,percent,9,9.1, 0.00017240849545399679234973511
Indiana,3 wk ahead,Bin,percent,9.1,9.2, 0.00017240849545399679234973511
Indiana,3 wk ahead,Bin,percent,9.2,9.3, 0.00017240849545399679234973511
Indiana,3 wk ahead,Bin,percent,9.3,9.4, 0.00017240849545399679234973511
Indiana,3 wk ahead,Bin,percent,9.4,9.5, 0.00017240849545399679234973511
Indiana,3 wk ahead,Bin,percent,9.5,9.6, 0.00017240849545399679234973511
Indiana,3 wk ahead,Bin,percent,9.6,9.7, 0.00017240849545399679234973511
Indiana,3 wk ahead,Bin,percent,9.7,9.8, 0.00017240849545399679234973511
Indiana,3 wk ahead,Bin,percent,9.8,9.9, 0.00017240849545399679234973511
Indiana,3 wk ahead,Bin,percent,9.9,10, 0.00017240849545399679234973511
Indiana,3 wk ahead,Bin,percent,10,10.1, 0.00017240849545399679234973511
Indiana,3 wk ahead,Bin,percent,10.1,10.2, 0.00017240849545399679234973511
Indiana,3 wk ahead,Bin,percent,10.2,10.3, 0.00017240849545399679234973511
Indiana,3 wk ahead,Bin,percent,10.3,10.4, 0.00017240849545399679234973511
Indiana,3 wk ahead,Bin,percent,10.4,10.5, 0.00017240849545399679234973511
Indiana,3 wk ahead,Bin,percent,10.5,10.6, 0.00017240849545399679234973511
Indiana,3 wk ahead,Bin,percent,10.6,10.7, 0.00017240849545399679234973511
Indiana,3 wk ahead,Bin,percent,10.7,10.8, 0.00017240849545399679234973511
Indiana,3 wk ahead,Bin,percent,10.8,10.9, 0.00017240849545399679234973511
Indiana,3 wk ahead,Bin,percent,10.9,11, 0.00017240849545399679234973511
Indiana,3 wk ahead,Bin,percent,11,11.1, 0.00017240849545399679234973511
Indiana,3 wk ahead,Bin,percent,11.1,11.2, 0.00017240849545399679234973511
Indiana,3 wk ahead,Bin,percent,11.2,11.3, 0.00017240849545399679234973511
Indiana,3 wk ahead,Bin,percent,11.3,11.4, 0.00017240849545399679234973511
Indiana,3 wk ahead,Bin,percent,11.4,11.5, 0.00017240849545399679234973511
Indiana,3 wk ahead,Bin,percent,11.5,11.6, 0.00017240849545399679234973511
Indiana,3 wk ahead,Bin,percent,11.6,11.7, 0.00017240849545399679234973511
Indiana,3 wk ahead,Bin,percent,11.7,11.8, 0.00017240849545399679234973511
Indiana,3 wk ahead,Bin,percent,11.8,11.9, 0.00017240849545399679234973511
Indiana,3 wk ahead,Bin,percent,11.9,12, 0.00017240849545399679234973511
Indiana,3 wk ahead,Bin,percent,12,12.1, 0.00017240849545399679234973511
Indiana,3 wk ahead,Bin,percent,12.1,12.2, 0.00017240849545399679234973511
Indiana,3 wk ahead,Bin,percent,12.2,12.3, 0.00017240849545399679234973511
Indiana,3 wk ahead,Bin,percent,12.3,12.4, 0.00017240849545399679234973511
Indiana,3 wk ahead,Bin,percent,12.4,12.5, 0.00017240849545399679234973511
Indiana,3 wk ahead,Bin,percent,12.5,12.6, 0.00017240849545399679234973511
Indiana,3 wk ahead,Bin,percent,12.6,12.7, 0.00017240849545399679234973511
Indiana,3 wk ahead,Bin,percent,12.7,12.8, 0.00017240849545399679234973511
Indiana,3 wk ahead,Bin,percent,12.8,12.9, 0.00017240849545399679234973511
Indiana,3 wk ahead,Bin,percent,12.9,13, 0.00017240849545399679234973511
Indiana,3 wk ahead,Bin,percent,13,100, 0.00017240849545399679234973511
Indiana,4 wk ahead,Bin,percent,0,0.1, 0.00064230179310711878627043747
Indiana,4 wk ahead,Bin,percent,0.1,0.2, 0.00160307297710150548249175007
Indiana,4 wk ahead,Bin,percent,0.2,0.3, 0.00211168360635052062418415275
Indiana,4 wk ahead,Bin,percent,0.3,0.4, 0.00273062137460413278597370912
Indiana,4 wk ahead,Bin,percent,0.4,0.5, 0.00346895258431182979680373890
Indiana,4 wk ahead,Bin,percent,0.5,0.6, 0.00433417746061070825042138566
Indiana,4 wk ahead,Bin,percent,0.6,0.7, 0.00533157394079284904786497634
Indiana,4 wk ahead,Bin,percent,0.7,0.8, 0.00646524791047578106101267892
Indiana,4 wk ahead,Bin,percent,0.8,0.9, 0.00773830052635873615052286567
Indiana,4 wk ahead,Bin,percent,0.9,1, 0.00915378337075456807725437613
Indiana,4 wk ahead,Bin,percent,1,1.1, 0.01071502910443630426917671628
Indiana,4 wk ahead,Bin,percent,1.1,1.2, 0.01242457124855709041377771484
Indiana,4 wk ahead,Bin,percent,1.2,1.3, 0.01428339049300132029829413227
Indiana,4 wk ahead,Bin,percent,1.3,1.4, 0.01628755368434868164295714621
Indiana,4 wk ahead,Bin,percent,1.4,1.5, 0.01842593117267141838988564473
Indiana,4 wk ahead,Bin,percent,1.5,1.6, 0.02067562724195784115699403571
Indiana,4 wk ahead,Bin,percent,1.6,1.7, 0.02299897800125163052631371841
Indiana,4 wk ahead,Bin,percent,1.7,1.8, 0.02534142920826021327940225092
Indiana,4 wk ahead,Bin,percent,1.8,1.9, 0.02763161031483364962757498517
Indiana,4 wk ahead,Bin,percent,1.9,2, 0.02978362702815267812339605769
Indiana,4 wk ahead,Bin,percent,2,2.1, 0.03170251148997861589950986172
Indiana,4 wk ahead,Bin,percent,2.1,2.2, 0.03329086942511789992682480488
Indiana,4 wk ahead,Bin,percent,2.2,2.3, 0.03445971015015386607061032009
Indiana,4 wk ahead,Bin,percent,2.3,2.4, 0.03513518242686325399048996587
Indiana,4 wk ahead,Bin,percent,2.4,2.5, 0.03526800202461245065110873043
Indiana,4 wk ahead,Bin,percent,2.5,2.6, 0.03483924453563358447638620419
Indiana,4 wk ahead,Bin,percent,2.6,2.7, 0.03386050647843576177908886393
Indiana,4 wk ahead,Bin,percent,2.7,2.8, 0.03237598581950232312642867782
Indiana,4 wk ahead,Bin,percent,2.8,2.9, 0.03045531258670005833599780942
Indiana,4 wk ahead,Bin,percent,2.9,3, 0.02818825095170579900227814107
Indiana,4 wk ahead,Bin,percent,3,3.1, 0.02567543350587546402419292235
Indiana,4 wk ahead,Bin,percent,3.1,3.2, 0.02302041445950786871521565047
Indiana,4 wk ahead,Bin,percent,3.2,3.3, 0.02032206838059942913266020525
Indiana,4 wk ahead,Bin,percent,3.3,3.4, 0.01766840603345016386116483886
Indiana,4 wk ahead,Bin,percent,3.4,3.5, 0.01513231063323011195420608743
Indiana,4 wk ahead,Bin,percent,3.5,3.6, 0.01277042065267407905393426404
Indiana,4 wk ahead,Bin,percent,3.6,3.7, 0.01062220330162074247160042262
Indiana,4 wk ahead,Bin,percent,3.7,3.8, 0.00871211354389712575030380037
Indiana,4 wk ahead,Bin,percent,3.8,3.9, 0.00705112635510386602522014954
Indiana,4 wk ahead,Bin,percent,3.9,4, 0.00564026566007422031773232973
Indiana,4 wk ahead,Bin,percent,4,4.1, 0.00447387404753269400659032584
Indiana,4 wk ahead,Bin,percent,4.1,4.2, 0.00354148168195842806549311632
Indiana,4 wk ahead,Bin,percent,4.2,4.3, 0.00283164059616192176349613874
Indiana,4 wk ahead,Bin,percent,4.3,4.4, 0.00233280848215629277309091094
Indiana,4 wk ahead,Bin,percent,4.4,4.5, 0.00203641142345587508946658239
Indiana,4 wk ahead,Bin,percent,4.5,4.6, 0.00193663076361807974176687530
Indiana,4 wk ahead,Bin,percent,4.6,4.7, 0.00203090307172585976189238544
Indiana,4 wk ahead,Bin,percent,4.7,4.8, 0.00231907747175654583779436102
Indiana,4 wk ahead,Bin,percent,4.8,4.9, 0.00280177472902346782687721394
Indiana,4 wk ahead,Bin,percent,4.9,5, 0.00347834438734315274516228911
Indiana,4 wk ahead,Bin,percent,5,5.1, 0.00434342950989893665514340881
Indiana,4 wk ahead,Bin,percent,5.1,5.2, 0.00538443472341846880030447053
Indiana,4 wk ahead,Bin,percent,5.2,5.3, 0.00657795746384342606971618039
Indiana,4 wk ahead,Bin,percent,5.3,5.4, 0.00788883565943312471679949027
Indiana,4 wk ahead,Bin,percent,5.4,5.5, 0.00926885117022210186510378094
Indiana,4 wk ahead,Bin,percent,5.5,5.6, 0.01065813182023767069495079340
Indiana,4 wk ahead,Bin,percent,5.6,5.7, 0.01198798411915364715840670584
Indiana,4 wk ahead,Bin,percent,5.7,5.8, 0.01318577442272882496721031487
Indiana,4 wk ahead,Bin,percent,5.8,5.9, 0.01418068880037851899056366989
Indiana,4 wk ahead,Bin,percent,5.9,6, 0.01491058322653790457756883825
Indiana,4 wk ahead,Bin,percent,6,6.1, 0.01532787532186757548102740145
Indiana,4 wk ahead,Bin,percent,6.1,6.2, 0.01540445593774593564806441037
Indiana,4 wk ahead,Bin,percent,6.2,6.3, 0.01513507897576320954113882067
Indiana,4 wk ahead,Bin,percent,6.3,6.4, 0.01453764575552431333183012185
Indiana,4 wk ahead,Bin,percent,6.4,6.5, 0.01365162317210670203659894639
Indiana,4 wk ahead,Bin,percent,6.5,6.6, 0.01253257907650022831558267455
Indiana,4 wk ahead,Bin,percent,6.6,6.7, 0.01124784810518153835290355858
Indiana,4 wk ahead,Bin,percent,6.7,6.8, 0.00986890569647491666671612620
Indiana,4 wk ahead,Bin,percent,6.8,6.9, 0.00846529798679339882949701490
Indiana,4 wk ahead,Bin,percent,6.9,7, 0.00709877698726772872472867704
Indiana,4 wk ahead,Bin,percent,7,7.1, 0.00581965914872079135428117880
Indiana,4 wk ahead,Bin,percent,7.1,7.2, 0.00466422804422855948047743624
Indiana,4 wk ahead,Bin,percent,7.2,7.3, 0.00365466979811728551533200893
Indiana,4 wk ahead,Bin,percent,7.3,7.4, 0.00279942610398604485935636355
Indiana,4 wk ahead,Bin,percent,7.4,7.5, 0.00209635222715848137248206839
Indiana,4 wk ahead,Bin,percent,7.5,7.6, 0.00153474910843763492213076560
Indiana,4 wk ahead,Bin,percent,7.6,7.7, 0.00109846377333444426838138241
Indiana,4 wk ahead,Bin,percent,7.7,7.8, 0.00076862183377896778260079946
Indiana,4 wk ahead,Bin,percent,7.8,7.9, 0.00052574582275578948462047002
Indiana,4 wk ahead,Bin,percent,7.9,8, 0.00035158019764021961137828720
Indiana,4 wk ahead,Bin,percent,8,8.1, 0.00022984595394641890698204933
Indiana,4 wk ahead,Bin,percent,8.1,8.2, 0.00017411359156259645255930557
Indiana,4 wk ahead,Bin,percent,8.2,8.3, 0.00017357221130299860137151391
Indiana,4 wk ahead,Bin,percent,8.3,8.4, 0.00017357221130299860137151391
Indiana,4 wk ahead,Bin,percent,8.4,8.5, 0.00017357221130299860137151391
Indiana,4 wk ahead,Bin,percent,8.5,8.6, 0.00017357221130299860137151391
Indiana,4 wk ahead,Bin,percent,8.6,8.7, 0.00017357221130299860137151391
Indiana,4 wk ahead,Bin,percent,8.7,8.8, 0.00017357221130299860137151391
Indiana,4 wk ahead,Bin,percent,8.8,8.9, 0.00017357221130299860137151391
Indiana,4 wk ahead,Bin,percent,8.9,9, 0.00017357221130299860137151391
Indiana,4 wk ahead,Bin,percent,9,9.1, 0.00017357221130299860137151391
Indiana,4 wk ahead,Bin,percent,9.1,9.2, 0.00017357221130299860137151391
Indiana,4 wk ahead,Bin,percent,9.2,9.3, 0.00017357221130299860137151391
Indiana,4 wk ahead,Bin,percent,9.3,9.4, 0.00017357221130299860137151391
Indiana,4 wk ahead,Bin,percent,9.4,9.5, 0.00017357221130299860137151391
Indiana,4 wk ahead,Bin,percent,9.5,9.6, 0.00017357221130299860137151391
Indiana,4 wk ahead,Bin,percent,9.6,9.7, 0.00017357221130299860137151391
Indiana,4 wk ahead,Bin,percent,9.7,9.8, 0.00017357221130299860137151391
Indiana,4 wk ahead,Bin,percent,9.8,9.9, 0.00017357221130299860137151391
Indiana,4 wk ahead,Bin,percent,9.9,10, 0.00017357221130299860137151391
Indiana,4 wk ahead,Bin,percent,10,10.1, 0.00017357221130299860137151391
Indiana,4 wk ahead,Bin,percent,10.1,10.2, 0.00017357221130299860137151391
Indiana,4 wk ahead,Bin,percent,10.2,10.3, 0.00017357221130299860137151391
Indiana,4 wk ahead,Bin,percent,10.3,10.4, 0.00017357221130299860137151391
Indiana,4 wk ahead,Bin,percent,10.4,10.5, 0.00017357221130299860137151391
Indiana,4 wk ahead,Bin,percent,10.5,10.6, 0.00017357221130299860137151391
Indiana,4 wk ahead,Bin,percent,10.6,10.7, 0.00017357221130299860137151391
Indiana,4 wk ahead,Bin,percent,10.7,10.8, 0.00017357221130299860137151391
Indiana,4 wk ahead,Bin,percent,10.8,10.9, 0.00017357221130299860137151391
Indiana,4 wk ahead,Bin,percent,10.9,11, 0.00017357221130299860137151391
Indiana,4 wk ahead,Bin,percent,11,11.1, 0.00017357221130299860137151391
Indiana,4 wk ahead,Bin,percent,11.1,11.2, 0.00017357221130299860137151391
Indiana,4 wk ahead,Bin,percent,11.2,11.3, 0.00017357221130299860137151391
Indiana,4 wk ahead,Bin,percent,11.3,11.4, 0.00017357221130299860137151391
Indiana,4 wk ahead,Bin,percent,11.4,11.5, 0.00017357221130299860137151391
Indiana,4 wk ahead,Bin,percent,11.5,11.6, 0.00017357221130299860137151391
Indiana,4 wk ahead,Bin,percent,11.6,11.7, 0.00017357221130299860137151391
Indiana,4 wk ahead,Bin,percent,11.7,11.8, 0.00017357221130299860137151391
Indiana,4 wk ahead,Bin,percent,11.8,11.9, 0.00017357221130299860137151391
Indiana,4 wk ahead,Bin,percent,11.9,12, 0.00017357221130299860137151391
Indiana,4 wk ahead,Bin,percent,12,12.1, 0.00017357221130299860137151391
Indiana,4 wk ahead,Bin,percent,12.1,12.2, 0.00017357221130299860137151391
Indiana,4 wk ahead,Bin,percent,12.2,12.3, 0.00017357221130299860137151391
Indiana,4 wk ahead,Bin,percent,12.3,12.4, 0.00017357221130299860137151391
Indiana,4 wk ahead,Bin,percent,12.4,12.5, 0.00017357221130299860137151391
Indiana,4 wk ahead,Bin,percent,12.5,12.6, 0.00017357221130299860137151391
Indiana,4 wk ahead,Bin,percent,12.6,12.7, 0.00017357221130299860137151391
Indiana,4 wk ahead,Bin,percent,12.7,12.8, 0.00017357221130299860137151391
Indiana,4 wk ahead,Bin,percent,12.8,12.9, 0.00017357221130299860137151391
Indiana,4 wk ahead,Bin,percent,12.9,13, 0.00017357221130299860137151391
Indiana,4 wk ahead,Bin,percent,13,100, 0.00017357221130299860137151391
Illinois,Season peak week,Bin,week,40,41, 0.00044068653780563344377410595
Illinois,Season peak week,Bin,week,41,42, 0.00044068653780563344377410595
Illinois,Season peak week,Bin,week,42,43, 0.00044068653780563344377410595
Illinois,Season peak week,Bin,week,43,44, 0.00044068653780563344377410595
Illinois,Season peak week,Bin,week,44,45, 0.00044068653780563344377410595
Illinois,Season peak week,Bin,week,45,46, 0.00044068653780563344377410595
Illinois,Season peak week,Bin,week,46,47, 0.00044068653780563344377410595
Illinois,Season peak week,Bin,week,47,48, 0.00044068653780563344377410595
Illinois,Season peak week,Bin,week,48,49, 0.00157514352827118090868974143
Illinois,Season peak week,Bin,week,49,50, 0.01356606406955064743347083578
Illinois,Season peak week,Bin,week,50,51, 0.06388713913244928321866211718
Illinois,Season peak week,Bin,week,51,52, 0.16128388117374531374181856336
Illinois,Season peak week,Bin,week,52,53, 0.21120909721067890330026273205
Illinois,Season peak week,Bin,week,1,2, 0.13919302196531049831129678296
Illinois,Season peak week,Bin,week,2,3, 0.04743667955938705993457205068
Illinois,Season peak week,Bin,week,3,4, 0.02292279982582430541970808235
Illinois,Season peak week,Bin,week,4,5, 0.04853099507722231226169995466
Illinois,Season peak week,Bin,week,5,6, 0.06935553675198226353248998066
Illinois,Season peak week,Bin,week,6,7, 0.04801354136358798596617702970
Illinois,Season peak week,Bin,week,7,8, 0.01604791381987847806445124377
Illinois,Season peak week,Bin,week,8,9, 0.00434429410066299037662673754
Illinois,Season peak week,Bin,week,9,10, 0.01176990256146225218014667036
Illinois,Season peak week,Bin,week,10,11, 0.03495994453261126039267381316
Illinois,Season peak week,Bin,week,11,12, 0.05049079242276480888884648834
Illinois,Season peak week,Bin,week,12,13, 0.03495375014560490184445384898
Illinois,Season peak week,Bin,week,13,14, 0.01158131986221099668510348124
Illinois,Season peak week,Bin,week,14,15, 0.00183925138551022777054499979
Illinois,Season peak week,Bin,week,15,16, 0.00058557320147322041662546477
Illinois,Season peak week,Bin,week,16,17, 0.00058557320147322041662546477
Illinois,Season peak week,Bin,week,17,18, 0.00058557320147322041662546477
Illinois,Season peak week,Bin,week,18,19, 0.00058557320147322041662546477
Illinois,Season peak week,Bin,week,19,20, 0.00058557320147322041662546477
Illinois,Season peak week,Bin,week,20,21, 0.00058557320147322041662546477
Illinois,Season peak percentage,Bin,percent,0,0.1, 0.00035368514377167209776151036
Illinois,Season peak percentage,Bin,percent,0.1,0.2, 0.00070737028754334430394323796
Illinois,Season peak percentage,Bin,percent,0.2,0.3, 0.00070737028754334387026236897
Illinois,Season peak percentage,Bin,percent,0.3,0.4, 0.00070737028754334387026236897
Illinois,Season peak percentage,Bin,percent,0.4,0.5, 0.00070737028754334387026236897
Illinois,Season peak percentage,Bin,percent,0.5,0.6, 0.00070737028754334441236345521
Illinois,Season peak percentage,Bin,percent,0.6,0.7, 0.00070737028754334484604432420
Illinois,Season peak percentage,Bin,percent,0.7,0.8, 0.00070737028754334484604432420
Illinois,Season peak percentage,Bin,percent,0.8,0.9, 0.00070737028754334484604432420
Illinois,Season peak percentage,Bin,percent,0.9,1, 0.00070737028754334484604432420
Illinois,Season peak percentage,Bin,percent,1,1.1, 0.00070737028754334484604432420
Illinois,Season peak percentage,Bin,percent,1.1,1.2, 0.00070737028754334484604432420
Illinois,Season peak percentage,Bin,percent,1.2,1.3, 0.00070737028754334484604432420
Illinois,Season peak percentage,Bin,percent,1.3,1.4, 0.00070737028754334484604432420
Illinois,Season peak percentage,Bin,percent,1.4,1.5, 0.00070737028754334484604432420
Illinois,Season peak percentage,Bin,percent,1.5,1.6, 0.00070737028754334484604432420
Illinois,Season peak percentage,Bin,percent,1.6,1.7, 0.00070737028754334484604432420
Illinois,Season peak percentage,Bin,percent,1.7,1.8, 0.00070737028754334484604432420
Illinois,Season peak percentage,Bin,percent,1.8,1.9, 0.00070737028754334484604432420
Illinois,Season peak percentage,Bin,percent,1.9,2, 0.00070737028754334484604432420
Illinois,Season peak percentage,Bin,percent,2,2.1, 0.00070737028754334311132084823
Illinois,Season peak percentage,Bin,percent,2.1,2.2, 0.00070737028754334159343780675
Illinois,Season peak percentage,Bin,percent,2.2,2.3, 0.00070737028754334159343780675
Illinois,Season peak percentage,Bin,percent,2.3,2.4, 0.00070737028754334159343780675
Illinois,Season peak percentage,Bin,percent,2.4,2.5, 0.00070737028754334159343780675
Illinois,Season peak percentage,Bin,percent,2.5,2.6, 0.00070737028754334159343780675
Illinois,Season peak percentage,Bin,percent,2.6,2.7, 0.00070737028754334159343780675
Illinois,Season peak percentage,Bin,percent,2.7,2.8, 0.00070737028754334159343780675
Illinois,Season peak percentage,Bin,percent,2.8,2.9, 0.00070737028754334159343780675
Illinois,Season peak percentage,Bin,percent,2.9,3, 0.00070737028754334159343780675
Illinois,Season peak percentage,Bin,percent,3,3.1, 0.00070737028754334159343780675
Illinois,Season peak percentage,Bin,percent,3.1,3.2, 0.00070737028754334159343780675
Illinois,Season peak percentage,Bin,percent,3.2,3.3, 0.00070737028754334159343780675
Illinois,Season peak percentage,Bin,percent,3.3,3.4, 0.00070737028754334159343780675
Illinois,Season peak percentage,Bin,percent,3.4,3.5, 0.00070737028754334159343780675
Illinois,Season peak percentage,Bin,percent,3.5,3.6, 0.00070737028754334159343780675
Illinois,Season peak percentage,Bin,percent,3.6,3.7, 0.00082814260119201969691932197
Illinois,Season peak percentage,Bin,percent,3.7,3.8, 0.00194014307667072128001095610
Illinois,Season peak percentage,Bin,percent,3.8,3.9, 0.00444070005092212383851490998
Illinois,Season peak percentage,Bin,percent,3.9,4, 0.00914285453976586975910478827
Illinois,Season peak percentage,Bin,percent,4,4.1, 0.01694883723843544978682196245
Illinois,Season peak percentage,Bin,percent,4.1,4.2, 0.02832458532338522419480320025
Illinois,Season peak percentage,Bin,percent,4.2,4.3, 0.04275292458897538699913454252
Illinois,Season peak percentage,Bin,percent,4.3,4.4, 0.05844037324306611963509183738
Illinois,Season peak percentage,Bin,percent,4.4,4.5, 0.07261882396324415012145436776
Illinois,Season peak percentage,Bin,percent,4.5,4.6, 0.08246056831075919413276409387
Illinois,Season peak percentage,Bin,percent,4.6,4.7, 0.08616375776367517225207137699
Illinois,Season peak percentage,Bin,percent,4.7,4.8, 0.08356574056230182956372942726
Illinois,Season peak percentage,Bin,percent,4.8,4.9, 0.07593410226041168165078687480
Illinois,Season peak percentage,Bin,percent,4.9,5, 0.06519127237037150579546107565
Illinois,Season peak percentage,Bin,percent,5,5.1, 0.05315307571995984969870363557
Illinois,Season peak percentage,Bin,percent,5.1,5.2, 0.04119296025057794796708776630
Illinois,Season peak percentage,Bin,percent,5.2,5.3, 0.03030105626109018748803869414
Illinois,Season peak percentage,Bin,percent,5.3,5.4, 0.02124117622415518102929610222
Illinois,Season peak percentage,Bin,percent,5.4,5.5, 0.01458441584168491782225185460
Illinois,Season peak percentage,Bin,percent,5.5,5.6, 0.01062115172166732020297974515
Illinois,Season peak percentage,Bin,percent,5.6,5.7, 0.00927634412670622424124111660
Illinois,Season peak percentage,Bin,percent,5.7,5.8, 0.01010742618790086942703876360
Illinois,Season peak percentage,Bin,percent,5.8,5.9, 0.01238560175818099497180302393
Illinois,Season peak percentage,Bin,percent,5.9,6, 0.01522562317776172957639602146
Illinois,Season peak percentage,Bin,percent,6,6.1, 0.01774323780241451181671763493
Illinois,Season peak percentage,Bin,percent,6.1,6.2, 0.01921780007051894847980300085
Illinois,Season peak percentage,Bin,percent,6.2,6.3, 0.01922950300455612479555433936
Illinois,Season peak percentage,Bin,percent,6.3,6.4, 0.01773334311057881557127657857
Illinois,Season peak percentage,Bin,percent,6.4,6.5, 0.01503990202828910625887370855
Illinois,Season peak percentage,Bin,percent,6.5,6.6, 0.01169960396383771389361427850
Illinois,Season peak percentage,Bin,percent,6.6,6.7, 0.00832131632931497507155160775
Illinois,Season peak percentage,Bin,percent,6.7,6.8, 0.00539329494253205487391822359
Illinois,Season peak percentage,Bin,percent,6.8,6.9, 0.00317520404304837480791157134
Illinois,Season peak percentage,Bin,percent,6.9,7, 0.00169326982840148332863650094
Illinois,Season peak percentage,Bin,percent,7,7.1, 0.00081608307233799117375722121
Illinois,Season peak percentage,Bin,percent,7.1,7.2, 0.00035478879435138228459062359
Illinois,Season peak percentage,Bin,percent,7.2,7.3, 0.00015101091963589657472984140
Illinois,Season peak percentage,Bin,percent,7.3,7.4, 0.00012893689171607043632457323
Illinois,Season peak percentage,Bin,percent,7.4,7.5, 0.00012893689171607043632457323
Illinois,Season peak percentage,Bin,percent,7.5,7.6, 0.00012893689171607043632457323
Illinois,Season peak percentage,Bin,percent,7.6,7.7, 0.00012893689171607043632457323
Illinois,Season peak percentage,Bin,percent,7.7,7.8, 0.00012893689171607043632457323
Illinois,Season peak percentage,Bin,percent,7.8,7.9, 0.00012893689171607043632457323
Illinois,Season peak percentage,Bin,percent,7.9,8, 0.00012893689171607043632457323
Illinois,Season peak percentage,Bin,percent,8,8.1, 0.00012893689171607154763180003
Illinois,Season peak percentage,Bin,percent,8.1,8.2, 0.00012893689171607271314913545
Illinois,Season peak percentage,Bin,percent,8.2,8.3, 0.00012893689171607271314913545
Illinois,Season peak percentage,Bin,percent,8.3,8.4, 0.00012893689171607271314913545
Illinois,Season peak percentage,Bin,percent,8.4,8.5, 0.00012893689171607271314913545
Illinois,Season peak percentage,Bin,percent,8.5,8.6, 0.00012893689171607271314913545
Illinois,Season peak percentage,Bin,percent,8.6,8.7, 0.00012893689171607271314913545
Illinois,Season peak percentage,Bin,percent,8.7,8.8, 0.00012893689171607271314913545
Illinois,Season peak percentage,Bin,percent,8.8,8.9, 0.00012893689171607271314913545
Illinois,Season peak percentage,Bin,percent,8.9,9, 0.00012893689171607271314913545
Illinois,Season peak percentage,Bin,percent,9,9.1, 0.00012893689171607271314913545
Illinois,Season peak percentage,Bin,percent,9.1,9.2, 0.00012893689171607271314913545
Illinois,Season peak percentage,Bin,percent,9.2,9.3, 0.00012893689171607271314913545
Illinois,Season peak percentage,Bin,percent,9.3,9.4, 0.00012893689171607271314913545
Illinois,Season peak percentage,Bin,percent,9.4,9.5, 0.00012893689171607271314913545
Illinois,Season peak percentage,Bin,percent,9.5,9.6, 0.00012893689171607271314913545
Illinois,Season peak percentage,Bin,percent,9.6,9.7, 0.00012893689171607271314913545
Illinois,Season peak percentage,Bin,percent,9.7,9.8, 0.00012893689171607271314913545
Illinois,Season peak percentage,Bin,percent,9.8,9.9, 0.00012893689171607271314913545
Illinois,Season peak percentage,Bin,percent,9.9,10, 0.00012893689171607271314913545
Illinois,Season peak percentage,Bin,percent,10,10.1, 0.00012893689171607271314913545
Illinois,Season peak percentage,Bin,percent,10.1,10.2, 0.00012893689171607271314913545
Illinois,Season peak percentage,Bin,percent,10.2,10.3, 0.00012893689171607271314913545
Illinois,Season peak percentage,Bin,percent,10.3,10.4, 0.00012893689171607271314913545
Illinois,Season peak percentage,Bin,percent,10.4,10.5, 0.00012893689171607271314913545
Illinois,Season peak percentage,Bin,percent,10.5,10.6, 0.00012893689171607271314913545
Illinois,Season peak percentage,Bin,percent,10.6,10.7, 0.00012893689171607271314913545
Illinois,Season peak percentage,Bin,percent,10.7,10.8, 0.00012893689171607271314913545
Illinois,Season peak percentage,Bin,percent,10.8,10.9, 0.00012893689171607271314913545
Illinois,Season peak percentage,Bin,percent,10.9,11, 0.00012893689171607271314913545
Illinois,Season peak percentage,Bin,percent,11,11.1, 0.00012893689171607271314913545
Illinois,Season peak percentage,Bin,percent,11.1,11.2, 0.00012893689171607271314913545
Illinois,Season peak percentage,Bin,percent,11.2,11.3, 0.00012893689171607271314913545
Illinois,Season peak percentage,Bin,percent,11.3,11.4, 0.00012893689171607271314913545
Illinois,Season peak percentage,Bin,percent,11.4,11.5, 0.00012893689171607271314913545
Illinois,Season peak percentage,Bin,percent,11.5,11.6, 0.00012893689171607271314913545
Illinois,Season peak percentage,Bin,percent,11.6,11.7, 0.00012893689171607271314913545
Illinois,Season peak percentage,Bin,percent,11.7,11.8, 0.00012893689171607271314913545
Illinois,Season peak percentage,Bin,percent,11.8,11.9, 0.00012893689171607271314913545
Illinois,Season peak percentage,Bin,percent,11.9,12, 0.00012893689171607271314913545
Illinois,Season peak percentage,Bin,percent,12,12.1, 0.00012893689171607271314913545
Illinois,Season peak percentage,Bin,percent,12.1,12.2, 0.00012893689171607271314913545
Illinois,Season peak percentage,Bin,percent,12.2,12.3, 0.00012893689171607271314913545
Illinois,Season peak percentage,Bin,percent,12.3,12.4, 0.00012893689171607271314913545
Illinois,Season peak percentage,Bin,percent,12.4,12.5, 0.00012893689171607271314913545
Illinois,Season peak percentage,Bin,percent,12.5,12.6, 0.00012893689171607271314913545
Illinois,Season peak percentage,Bin,percent,12.6,12.7, 0.00012893689171607271314913545
Illinois,Season peak percentage,Bin,percent,12.7,12.8, 0.00012893689171607271314913545
Illinois,Season peak percentage,Bin,percent,12.8,12.9, 0.00012893689171607271314913545
Illinois,Season peak percentage,Bin,percent,12.9,13, 0.00012893689171607271314913545
Illinois,Season peak percentage,Bin,percent,13,100, 0.00012893689171607271314913545
Illinois,1 wk ahead,Bin,percent,0,0.1, 0.00008459024692687522946777517
Illinois,1 wk ahead,Bin,percent,0.1,0.2, 0.00016918049385375051314565897
Illinois,1 wk ahead,Bin,percent,0.2,0.3, 0.00016918049385375045893555035
Illinois,1 wk ahead,Bin,percent,0.3,0.4, 0.00016918049385375045893555035
Illinois,1 wk ahead,Bin,percent,0.4,0.5, 0.00016918049385375045893555035
Illinois,1 wk ahead,Bin,percent,0.5,0.6, 0.00016918049385375051314565897
Illinois,1 wk ahead,Bin,percent,0.6,0.7, 0.00016918049385375062156587622
Illinois,1 wk ahead,Bin,percent,0.7,0.8, 0.00016918049385375062156587622
Illinois,1 wk ahead,Bin,percent,0.8,0.9, 0.00017643172746295370488522902
Illinois,1 wk ahead,Bin,percent,0.9,1, 0.00030769179628716637796628786
Illinois,1 wk ahead,Bin,percent,1,1.1, 0.00058689947523223886215182343
Illinois,1 wk ahead,Bin,percent,1.1,1.2, 0.00106070255996617689858707578
Illinois,1 wk ahead,Bin,percent,1.2,1.3, 0.00181688355085948892268798982
Illinois,1 wk ahead,Bin,percent,1.3,1.4, 0.00295113824597489048107146203
Illinois,1 wk ahead,Bin,percent,1.4,1.5, 0.00454827234575219067208573520
Illinois,1 wk ahead,Bin,percent,1.5,1.6, 0.00665718172441558987684206983
Illinois,1 wk ahead,Bin,percent,1.6,1.7, 0.00926624923359737479033881868
Illinois,1 wk ahead,Bin,percent,1.7,1.8, 0.01228901102865489515514330066
Illinois,1 wk ahead,Bin,percent,1.8,1.9, 0.01557286647092713700868404914
Illinois,1 wk ahead,Bin,percent,1.9,2, 0.01893319057631701746169383682
Illinois,1 wk ahead,Bin,percent,2,2.1, 0.02220898567005232665527714175
Illinois,1 wk ahead,Bin,percent,2.1,2.2, 0.02531961021784837409520640961
Illinois,1 wk ahead,Bin,percent,2.2,2.3, 0.02829698175663877476870844418
Illinois,1 wk ahead,Bin,percent,2.3,2.4, 0.03126979412088730370111733237
Illinois,1 wk ahead,Bin,percent,2.4,2.5, 0.03439475111625753256383575263
Illinois,1 wk ahead,Bin,percent,2.5,2.6, 0.03775350277071262000694318317
Illinois,1 wk ahead,Bin,percent,2.6,2.7, 0.04125795452633097132322248513
Illinois,1 wk ahead,Bin,percent,2.7,2.8, 0.04461047900184915426802234606
Illinois,1 wk ahead,Bin,percent,2.8,2.9, 0.04735166188390479979908320729
Illinois,1 wk ahead,Bin,percent,2.9,3, 0.04899007037708863476765941414
Illinois,1 wk ahead,Bin,percent,3,3.1, 0.04917295310069855901469182413
Illinois,1 wk ahead,Bin,percent,3.1,3.2, 0.04782822601411251123293411069
Illinois,1 wk ahead,Bin,percent,3.2,3.3, 0.04522028935371761454442562922
Illinois,1 wk ahead,Bin,percent,3.3,3.4, 0.04188655518182921033698562496
Illinois,1 wk ahead,Bin,percent,3.4,3.5, 0.03847806002990136059471737440
Illinois,1 wk ahead,Bin,percent,3.5,3.6, 0.03555929294137193802383123398
Illinois,1 wk ahead,Bin,percent,3.6,3.7, 0.03344307222554721709117941941
Illinois,1 wk ahead,Bin,percent,3.7,3.8, 0.03211516543130570056074901686
Illinois,1 wk ahead,Bin,percent,3.8,3.9, 0.03127273139285974973278214861
Illinois,1 wk ahead,Bin,percent,3.9,4, 0.03045188644066242067420802186
Illinois,1 wk ahead,Bin,percent,4,4.1, 0.02919460422518907125044584916
Illinois,1 wk ahead,Bin,percent,4.1,4.2, 0.02719402635793987180190534048
Illinois,1 wk ahead,Bin,percent,4.2,4.3, 0.02437441975002838101538316096
Illinois,1 wk ahead,Bin,percent,4.3,4.4, 0.02088844920494760046270066312
Illinois,1 wk ahead,Bin,percent,4.4,4.5, 0.01704687098628934055488670651
Illinois,1 wk ahead,Bin,percent,4.5,4.6, 0.01321575705403897800505053084
Illinois,1 wk ahead,Bin,percent,4.6,4.7, 0.00971882472143311901269235875
Illinois,1 wk ahead,Bin,percent,4.7,4.8, 0.00677383941260084956881293294
Illinois,1 wk ahead,Bin,percent,4.8,4.9, 0.00447212558276705116760973979
Illinois,1 wk ahead,Bin,percent,4.9,5, 0.00279595275921309862482422304
Illinois,1 wk ahead,Bin,percent,5,5.1, 0.00165490884663278521940488197
Illinois,1 wk ahead,Bin,percent,5.1,5.2, 0.00092725083032426161826905497
Illinois,1 wk ahead,Bin,percent,5.2,5.3, 0.00049177231252084169146193693
Illinois,1 wk ahead,Bin,percent,5.3,5.4, 0.00026658903994131980148829530
Illinois,1 wk ahead,Bin,percent,5.4,5.5, 0.00024243133666501467016370086
Illinois,1 wk ahead,Bin,percent,5.5,5.6, 0.00024243133666501467016370086
Illinois,1 wk ahead,Bin,percent,5.6,5.7, 0.00024243133666501467016370086
Illinois,1 wk ahead,Bin,percent,5.7,5.8, 0.00024243133666501467016370086
Illinois,1 wk ahead,Bin,percent,5.8,5.9, 0.00024243133666501467016370086
Illinois,1 wk ahead,Bin,percent,5.9,6, 0.00024243133666501467016370086
Illinois,1 wk ahead,Bin,percent,6,6.1, 0.00024243133666501467016370086
Illinois,1 wk ahead,Bin,percent,6.1,6.2, 0.00024243133666501467016370086
Illinois,1 wk ahead,Bin,percent,6.2,6.3, 0.00024243133666501467016370086
Illinois,1 wk ahead,Bin,percent,6.3,6.4, 0.00024243133666501467016370086
Illinois,1 wk ahead,Bin,percent,6.4,6.5, 0.00024243133666501467016370086
Illinois,1 wk ahead,Bin,percent,6.5,6.6, 0.00024243133666501467016370086
Illinois,1 wk ahead,Bin,percent,6.6,6.7, 0.00024243133666501467016370086
Illinois,1 wk ahead,Bin,percent,6.7,6.8, 0.00024243133666501467016370086
Illinois,1 wk ahead,Bin,percent,6.8,6.9, 0.00024243133666501467016370086
Illinois,1 wk ahead,Bin,percent,6.9,7, 0.00024243133666501467016370086
Illinois,1 wk ahead,Bin,percent,7,7.1, 0.00024243133666501467016370086
Illinois,1 wk ahead,Bin,percent,7.1,7.2, 0.00024243133666501467016370086
Illinois,1 wk ahead,Bin,percent,7.2,7.3, 0.00024243133666501467016370086
Illinois,1 wk ahead,Bin,percent,7.3,7.4, 0.00024243133666501467016370086
Illinois,1 wk ahead,Bin,percent,7.4,7.5, 0.00024243133666501467016370086
Illinois,1 wk ahead,Bin,percent,7.5,7.6, 0.00024243133666501467016370086
Illinois,1 wk ahead,Bin,percent,7.6,7.7, 0.00024243133666501467016370086
Illinois,1 wk ahead,Bin,percent,7.7,7.8, 0.00024243133666501467016370086
Illinois,1 wk ahead,Bin,percent,7.8,7.9, 0.00024243133666501467016370086
Illinois,1 wk ahead,Bin,percent,7.9,8, 0.00024243133666501467016370086
Illinois,1 wk ahead,Bin,percent,8,8.1, 0.00024243133666501683856804583
Illinois,1 wk ahead,Bin,percent,8.1,8.2, 0.00024243133666501895276228218
Illinois,1 wk ahead,Bin,percent,8.2,8.3, 0.00024243133666501895276228218
Illinois,1 wk ahead,Bin,percent,8.3,8.4, 0.00024243133666501895276228218
Illinois,1 wk ahead,Bin,percent,8.4,8.5, 0.00024243133666501895276228218
Illinois,1 wk ahead,Bin,percent,8.5,8.6, 0.00024243133666501895276228218
Illinois,1 wk ahead,Bin,percent,8.6,8.7, 0.00024243133666501895276228218
Illinois,1 wk ahead,Bin,percent,8.7,8.8, 0.00024243133666501895276228218
Illinois,1 wk ahead,Bin,percent,8.8,8.9, 0.00024243133666501895276228218
Illinois,1 wk ahead,Bin,percent,8.9,9, 0.00024243133666501895276228218
Illinois,1 wk ahead,Bin,percent,9,9.1, 0.00024243133666501895276228218
Illinois,1 wk ahead,Bin,percent,9.1,9.2, 0.00024243133666501895276228218
Illinois,1 wk ahead,Bin,percent,9.2,9.3, 0.00024243133666501895276228218
Illinois,1 wk ahead,Bin,percent,9.3,9.4, 0.00024243133666501895276228218
Illinois,1 wk ahead,Bin,percent,9.4,9.5, 0.00024243133666501895276228218
Illinois,1 wk ahead,Bin,percent,9.5,9.6, 0.00024243133666501895276228218
Illinois,1 wk ahead,Bin,percent,9.6,9.7, 0.00024243133666501895276228218
Illinois,1 wk ahead,Bin,percent,9.7,9.8, 0.00024243133666501895276228218
Illinois,1 wk ahead,Bin,percent,9.8,9.9, 0.00024243133666501895276228218
Illinois,1 wk ahead,Bin,percent,9.9,10, 0.00024243133666501895276228218
Illinois,1 wk ahead,Bin,percent,10,10.1, 0.00024243133666501895276228218
Illinois,1 wk ahead,Bin,percent,10.1,10.2, 0.00024243133666501895276228218
Illinois,1 wk ahead,Bin,percent,10.2,10.3, 0.00024243133666501895276228218
Illinois,1 wk ahead,Bin,percent,10.3,10.4, 0.00024243133666501895276228218
Illinois,1 wk ahead,Bin,percent,10.4,10.5, 0.00024243133666501895276228218
Illinois,1 wk ahead,Bin,percent,10.5,10.6, 0.00024243133666501895276228218
Illinois,1 wk ahead,Bin,percent,10.6,10.7, 0.00024243133666501895276228218
Illinois,1 wk ahead,Bin,percent,10.7,10.8, 0.00024243133666501895276228218
Illinois,1 wk ahead,Bin,percent,10.8,10.9, 0.00024243133666501895276228218
Illinois,1 wk ahead,Bin,percent,10.9,11, 0.00024243133666501895276228218
Illinois,1 wk ahead,Bin,percent,11,11.1, 0.00024243133666501895276228218
Illinois,1 wk ahead,Bin,percent,11.1,11.2, 0.00024243133666501895276228218
Illinois,1 wk ahead,Bin,percent,11.2,11.3, 0.00024243133666501895276228218
Illinois,1 wk ahead,Bin,percent,11.3,11.4, 0.00024243133666501895276228218
Illinois,1 wk ahead,Bin,percent,11.4,11.5, 0.00024243133666501895276228218
Illinois,1 wk ahead,Bin,percent,11.5,11.6, 0.00024243133666501895276228218
Illinois,1 wk ahead,Bin,percent,11.6,11.7, 0.00024243133666501895276228218
Illinois,1 wk ahead,Bin,percent,11.7,11.8, 0.00024243133666501895276228218
Illinois,1 wk ahead,Bin,percent,11.8,11.9, 0.00024243133666501895276228218
Illinois,1 wk ahead,Bin,percent,11.9,12, 0.00024243133666501895276228218
Illinois,1 wk ahead,Bin,percent,12,12.1, 0.00024243133666501895276228218
Illinois,1 wk ahead,Bin,percent,12.1,12.2, 0.00024243133666501895276228218
Illinois,1 wk ahead,Bin,percent,12.2,12.3, 0.00024243133666501895276228218
Illinois,1 wk ahead,Bin,percent,12.3,12.4, 0.00024243133666501895276228218
Illinois,1 wk ahead,Bin,percent,12.4,12.5, 0.00024243133666501895276228218
Illinois,1 wk ahead,Bin,percent,12.5,12.6, 0.00024243133666501895276228218
Illinois,1 wk ahead,Bin,percent,12.6,12.7, 0.00024243133666501895276228218
Illinois,1 wk ahead,Bin,percent,12.7,12.8, 0.00024243133666501895276228218
Illinois,1 wk ahead,Bin,percent,12.8,12.9, 0.00024243133666501895276228218
Illinois,1 wk ahead,Bin,percent,12.9,13, 0.00024243133666501895276228218
Illinois,1 wk ahead,Bin,percent,13,100, 0.00024243133666501895276228218
Illinois,2 wk ahead,Bin,percent,0,0.1, 0.00006608065370310843989875432
Illinois,2 wk ahead,Bin,percent,0.1,0.2, 0.00017203099770433764870158910
Illinois,2 wk ahead,Bin,percent,0.2,0.3, 0.00026611130755782607705539622
Illinois,2 wk ahead,Bin,percent,0.3,0.4, 0.00040333982933453074596133470
Illinois,2 wk ahead,Bin,percent,0.4,0.5, 0.00059908646791359163822493494
Illinois,2 wk ahead,Bin,percent,0.5,0.6, 0.00087219532702098546625424369
Illinois,2 wk ahead,Bin,percent,0.6,0.7, 0.00124497887766841612566803832
Illinois,2 wk ahead,Bin,percent,0.7,0.8, 0.00174268196756308135254853742
Illinois,2 wk ahead,Bin,percent,0.8,0.9, 0.00239305083952007788608562500
Illinois,2 wk ahead,Bin,percent,0.9,1, 0.00322461451133723969036948276
Illinois,2 wk ahead,Bin,percent,1,1.1, 0.00426536495173322934004733753
Illinois,2 wk ahead,Bin,percent,1.1,1.2, 0.00554040706809238569369169269
Illinois,2 wk ahead,Bin,percent,1.2,1.3, 0.00706918989697377046083071050
Illinois,2 wk ahead,Bin,percent,1.3,1.4, 0.00886400280038192669995744666
Illinois,2 wk ahead,Bin,percent,1.4,1.5, 0.01092621380054722285413149052
Illinois,2 wk ahead,Bin,percent,1.5,1.6, 0.01324503553666030349067472827
Illinois,2 wk ahead,Bin,percent,1.6,1.7, 0.01579510436070687487419839101
Illinois,2 wk ahead,Bin,percent,1.7,1.8, 0.01853576026145180299931070067
Illinois,2 wk ahead,Bin,percent,1.8,1.9, 0.02141110865576149185907084416
Illinois,2 wk ahead,Bin,percent,1.9,2, 0.02435032953505052166764954791
Illinois,2 wk ahead,Bin,percent,2,2.1, 0.02727003228886616670312292854
Illinois,2 wk ahead,Bin,percent,2.1,2.2, 0.03007704046567786018706591733
Illinois,2 wk ahead,Bin,percent,2.2,2.3, 0.03267299604973517707096064555
Illinois,2 wk ahead,Bin,percent,2.3,2.4, 0.03495913229785949094541308568
Illinois,2 wk ahead,Bin,percent,2.4,2.5, 0.03684374311627283682391009734
Illinois,2 wk ahead,Bin,percent,2.5,2.6, 0.03824670698928633177926528219
Illinois,2 wk ahead,Bin,percent,2.6,2.7, 0.03910732837487215091121228738
Illinois,2 wk ahead,Bin,percent,2.7,2.8, 0.03938986830780443620936281945
Illinois,2 wk ahead,Bin,percent,2.8,2.9, 0.03908678809374892954009439450
Illinois,2 wk ahead,Bin,percent,2.9,3, 0.03822202607219181424991205631
Illinois,2 wk ahead,Bin,percent,3,3.1, 0.03684899948026855442950733277
Illinois,2 wk ahead,Bin,percent,3.1,3.2, 0.03504831806989582021483187191
Illinois,2 wk ahead,Bin,percent,3.2,3.3, 0.03292231345664579922338788265
Illinois,2 wk ahead,Bin,percent,3.3,3.4, 0.03058689653417653864231340322
Illinois,2 wk ahead,Bin,percent,3.4,3.5, 0.02816323067674769697887882103
Illinois,2 wk ahead,Bin,percent,3.5,3.6, 0.02576823954477165667942273330
Illinois,2 wk ahead,Bin,percent,3.6,3.7, 0.02350610632991153095550096452
Illinois,2 wk ahead,Bin,percent,3.7,3.8, 0.02146108412184992778048986395
Illinois,2 wk ahead,Bin,percent,3.8,3.9, 0.01969233549188328588619434356
Illinois,2 wk ahead,Bin,percent,3.9,4, 0.01823051018597690586808823809
Illinois,2 wk ahead,Bin,percent,4,4.1, 0.01707814952321824036873820774
Illinois,2 wk ahead,Bin,percent,4.1,4.2, 0.01621106845179340338880535910
Illinois,2 wk ahead,Bin,percent,4.2,4.3, 0.01558317267908770377415894615
Illinois,2 wk ahead,Bin,percent,4.3,4.4, 0.01513253462705907437246821701
Illinois,2 wk ahead,Bin,percent,4.4,4.5, 0.01478811747767774277539931660
Illinois,2 wk ahead,Bin,percent,4.5,4.6, 0.01447775100304842313403419496
Illinois,2 wk ahead,Bin,percent,4.6,4.7, 0.01413509879176842211345732636
Illinois,2 wk ahead,Bin,percent,4.7,4.8, 0.01370603176918740694067988528
Illinois,2 wk ahead,Bin,percent,4.8,4.9, 0.01315255867114039842191708374
Illinois,2 wk ahead,Bin,percent,4.9,5, 0.01245570443135105356824432477
Illinois,2 wk ahead,Bin,percent,5,5.1, 0.01161515240148763492000760778
Illinois,2 wk ahead,Bin,percent,5.1,5.2, 0.01064761743082260486703560787
Illinois,2 wk ahead,Bin,percent,5.2,5.3, 0.00958309787625402989541534282
Illinois,2 wk ahead,Bin,percent,5.3,5.4, 0.00846011978509705539486240866
Illinois,2 wk ahead,Bin,percent,5.4,5.5, 0.00732091786052240824089754057
Illinois,2 wk ahead,Bin,percent,5.5,5.6, 0.00620655737232954883564328696
Illinois,2 wk ahead,Bin,percent,5.6,5.7, 0.00515313098961899147820719946
Illinois,2 wk ahead,Bin,percent,5.7,5.8, 0.00418894604118259621106101775
Illinois,2 wk ahead,Bin,percent,5.8,5.9, 0.00333324498287401651402950264
Illinois,2 wk ahead,Bin,percent,5.9,6, 0.00259583080801386017338883150
Illinois,2 wk ahead,Bin,percent,6,6.1, 0.00197832855471410462913639527
Illinois,2 wk ahead,Bin,percent,6.1,6.2, 0.00147535112502266275817663921
Illinois,2 wk ahead,Bin,percent,6.2,6.3, 0.00107654899886288485388874392
Illinois,2 wk ahead,Bin,percent,6.3,6.4, 0.00076861377366583150810841474
Illinois,2 wk ahead,Bin,percent,6.4,6.5, 0.00053686498836069955920696772
Illinois,2 wk ahead,Bin,percent,6.5,6.6, 0.00036688209932284347649517064
Illinois,2 wk ahead,Bin,percent,6.6,6.7, 0.00024528284616283135876127486
Illinois,2 wk ahead,Bin,percent,6.7,6.8, 0.00016083194647669761339313366
Illinois,2 wk ahead,Bin,percent,6.8,6.9, 0.00013454141426589070031430428
Illinois,2 wk ahead,Bin,percent,6.9,7, 0.00013454141426589070031430428
Illinois,2 wk ahead,Bin,percent,7,7.1, 0.00013454141426589070031430428
Illinois,2 wk ahead,Bin,percent,7.1,7.2, 0.00013454141426589070031430428
Illinois,2 wk ahead,Bin,percent,7.2,7.3, 0.00013454141426589070031430428
Illinois,2 wk ahead,Bin,percent,7.3,7.4, 0.00013454141426589070031430428
Illinois,2 wk ahead,Bin,percent,7.4,7.5, 0.00013454141426589070031430428
Illinois,2 wk ahead,Bin,percent,7.5,7.6, 0.00013454141426589070031430428
Illinois,2 wk ahead,Bin,percent,7.6,7.7, 0.00013454141426589070031430428
Illinois,2 wk ahead,Bin,percent,7.7,7.8, 0.00013454141426589070031430428
Illinois,2 wk ahead,Bin,percent,7.8,7.9, 0.00013454141426589070031430428
Illinois,2 wk ahead,Bin,percent,7.9,8, 0.00013454141426589070031430428
Illinois,2 wk ahead,Bin,percent,8,8.1, 0.00013454141426589189293669402
Illinois,2 wk ahead,Bin,percent,8.1,8.2, 0.00013454141426589308555908375
Illinois,2 wk ahead,Bin,percent,8.2,8.3, 0.00013454141426589308555908375
Illinois,2 wk ahead,Bin,percent,8.3,8.4, 0.00013454141426589308555908375
Illinois,2 wk ahead,Bin,percent,8.4,8.5, 0.00013454141426589308555908375
Illinois,2 wk ahead,Bin,percent,8.5,8.6, 0.00013454141426589308555908375
Illinois,2 wk ahead,Bin,percent,8.6,8.7, 0.00013454141426589308555908375
Illinois,2 wk ahead,Bin,percent,8.7,8.8, 0.00013454141426589308555908375
Illinois,2 wk ahead,Bin,percent,8.8,8.9, 0.00013454141426589308555908375
Illinois,2 wk ahead,Bin,percent,8.9,9, 0.00013454141426589308555908375
Illinois,2 wk ahead,Bin,percent,9,9.1, 0.00013454141426589308555908375
Illinois,2 wk ahead,Bin,percent,9.1,9.2, 0.00013454141426589308555908375
Illinois,2 wk ahead,Bin,percent,9.2,9.3, 0.00013454141426589308555908375
Illinois,2 wk ahead,Bin,percent,9.3,9.4, 0.00013454141426589308555908375
Illinois,2 wk ahead,Bin,percent,9.4,9.5, 0.00013454141426589308555908375
Illinois,2 wk ahead,Bin,percent,9.5,9.6, 0.00013454141426589308555908375
Illinois,2 wk ahead,Bin,percent,9.6,9.7, 0.00013454141426589308555908375
Illinois,2 wk ahead,Bin,percent,9.7,9.8, 0.00013454141426589308555908375
Illinois,2 wk ahead,Bin,percent,9.8,9.9, 0.00013454141426589308555908375
Illinois,2 wk ahead,Bin,percent,9.9,10, 0.00013454141426589308555908375
Illinois,2 wk ahead,Bin,percent,10,10.1, 0.00013454141426589308555908375
Illinois,2 wk ahead,Bin,percent,10.1,10.2, 0.00013454141426589308555908375
Illinois,2 wk ahead,Bin,percent,10.2,10.3, 0.00013454141426589308555908375
Illinois,2 wk ahead,Bin,percent,10.3,10.4, 0.00013454141426589308555908375
Illinois,2 wk ahead,Bin,percent,10.4,10.5, 0.00013454141426589308555908375
Illinois,2 wk ahead,Bin,percent,10.5,10.6, 0.00013454141426589308555908375
Illinois,2 wk ahead,Bin,percent,10.6,10.7, 0.00013454141426589308555908375
Illinois,2 wk ahead,Bin,percent,10.7,10.8, 0.00013454141426589308555908375
Illinois,2 wk ahead,Bin,percent,10.8,10.9, 0.00013454141426589308555908375
Illinois,2 wk ahead,Bin,percent,10.9,11, 0.00013454141426589308555908375
Illinois,2 wk ahead,Bin,percent,11,11.1, 0.00013454141426589308555908375
Illinois,2 wk ahead,Bin,percent,11.1,11.2, 0.00013454141426589308555908375
Illinois,2 wk ahead,Bin,percent,11.2,11.3, 0.00013454141426589308555908375
Illinois,2 wk ahead,Bin,percent,11.3,11.4, 0.00013454141426589308555908375
Illinois,2 wk ahead,Bin,percent,11.4,11.5, 0.00013454141426589308555908375
Illinois,2 wk ahead,Bin,percent,11.5,11.6, 0.00013454141426589308555908375
Illinois,2 wk ahead,Bin,percent,11.6,11.7, 0.00013454141426589308555908375
Illinois,2 wk ahead,Bin,percent,11.7,11.8, 0.00013454141426589308555908375
Illinois,2 wk ahead,Bin,percent,11.8,11.9, 0.00013454141426589308555908375
Illinois,2 wk ahead,Bin,percent,11.9,12, 0.00013454141426589308555908375
Illinois,2 wk ahead,Bin,percent,12,12.1, 0.00013454141426589308555908375
Illinois,2 wk ahead,Bin,percent,12.1,12.2, 0.00013454141426589308555908375
Illinois,2 wk ahead,Bin,percent,12.2,12.3, 0.00013454141426589308555908375
Illinois,2 wk ahead,Bin,percent,12.3,12.4, 0.00013454141426589308555908375
Illinois,2 wk ahead,Bin,percent,12.4,12.5, 0.00013454141426589308555908375
Illinois,2 wk ahead,Bin,percent,12.5,12.6, 0.00013454141426589308555908375
Illinois,2 wk ahead,Bin,percent,12.6,12.7, 0.00013454141426589308555908375
Illinois,2 wk ahead,Bin,percent,12.7,12.8, 0.00013454141426589308555908375
Illinois,2 wk ahead,Bin,percent,12.8,12.9, 0.00013454141426589308555908375
Illinois,2 wk ahead,Bin,percent,12.9,13, 0.00013454141426589308555908375
Illinois,2 wk ahead,Bin,percent,13,100, 0.00013454141426589308555908375
Illinois,3 wk ahead,Bin,percent,0,0.1, 0.00039319161355325034411592466
Illinois,3 wk ahead,Bin,percent,0.1,0.2, 0.00078638322710650079665206658
Illinois,3 wk ahead,Bin,percent,0.2,0.3, 0.00078638322710650047139141483
Illinois,3 wk ahead,Bin,percent,0.3,0.4, 0.00078638322710650047139141483
Illinois,3 wk ahead,Bin,percent,0.4,0.5, 0.00078638322710650047139141483
Illinois,3 wk ahead,Bin,percent,0.5,0.6, 0.00078638322710650101349250107
Illinois,3 wk ahead,Bin,percent,0.6,0.7, 0.00078638322710650144717337007
Illinois,3 wk ahead,Bin,percent,0.7,0.8, 0.00078638322710650144717337007
Illinois,3 wk ahead,Bin,percent,0.8,0.9, 0.00078638322710650144717337007
Illinois,3 wk ahead,Bin,percent,0.9,1, 0.00078638322710650144717337007
Illinois,3 wk ahead,Bin,percent,1,1.1, 0.00078638322710650144717337007
Illinois,3 wk ahead,Bin,percent,1.1,1.2, 0.00078638322710650144717337007
Illinois,3 wk ahead,Bin,percent,1.2,1.3, 0.00078638322710650144717337007
Illinois,3 wk ahead,Bin,percent,1.3,1.4, 0.00078638322710650144717337007
Illinois,3 wk ahead,Bin,percent,1.4,1.5, 0.00078638322710650144717337007
Illinois,3 wk ahead,Bin,percent,1.5,1.6, 0.00079162878439395902366304547
Illinois,3 wk ahead,Bin,percent,1.6,1.7, 0.00168604058781373277939308331
Illinois,3 wk ahead,Bin,percent,1.7,1.8, 0.00481984947461008752384037379
Illinois,3 wk ahead,Bin,percent,1.8,1.9, 0.01179728162361972330918202800
Illinois,3 wk ahead,Bin,percent,1.9,2, 0.02474867038829767218466315626
Illinois,3 wk ahead,Bin,percent,2,2.1, 0.04452238888701980090711884941
Illinois,3 wk ahead,Bin,percent,2.1,2.2, 0.06874380308675330508716427858
Illinois,3 wk ahead,Bin,percent,2.2,2.3, 0.09119012062176286292913829357
Illinois,3 wk ahead,Bin,percent,2.3,2.4, 0.10403759190963850211897323561
Illinois,3 wk ahead,Bin,percent,2.4,2.5, 0.10220311509523206938698791646
Illinois,3 wk ahead,Bin,percent,2.5,2.6, 0.08655289879500410732404702685
Illinois,3 wk ahead,Bin,percent,2.6,2.7, 0.06328027236456018611576723742
Illinois,3 wk ahead,Bin,percent,2.7,2.8, 0.04003059754179023876918819269
Illinois,3 wk ahead,Bin,percent,2.8,2.9, 0.02208673056901005668506421387
Illinois,3 wk ahead,Bin,percent,2.9,3, 0.01106540967868905635251852715
Illinois,3 wk ahead,Bin,percent,3,3.1, 0.00602502456937527210850680248
Illinois,3 wk ahead,Bin,percent,3.1,3.2, 0.00518666337459110487334568163
Illinois,3 wk ahead,Bin,percent,3.2,3.3, 0.00690284044765104159990798394
Illinois,3 wk ahead,Bin,percent,3.3,3.4, 0.00972714224341711224119944035
Illinois,3 wk ahead,Bin,percent,3.4,3.5, 0.01225314808780581660174746617
Illinois,3 wk ahead,Bin,percent,3.5,3.6, 0.01329284696881614935559667856
Illinois,3 wk ahead,Bin,percent,3.6,3.7, 0.01233305550651210384660583230
Illinois,3 wk ahead,Bin,percent,3.7,3.8, 0.00977437375259867027854632227
Illinois,3 wk ahead,Bin,percent,3.8,3.9, 0.00661609020070784599465429920
Illinois,3 wk ahead,Bin,percent,3.9,4, 0.00382736389448996589673912538
Illinois,3 wk ahead,Bin,percent,4,4.1, 0.00190602946113503429401148104
Illinois,3 wk ahead,Bin,percent,4.1,4.2, 0.00087634181938342340691117105
Illinois,3 wk ahead,Bin,percent,4.2,4.3, 0.00058138756096573571824359661
Illinois,3 wk ahead,Bin,percent,4.3,4.4, 0.00100509226992589800406263656
Illinois,3 wk ahead,Bin,percent,4.4,4.5, 0.00245698762809981163107719837
Illinois,3 wk ahead,Bin,percent,4.5,4.6, 0.00552074041904275936848423001
Illinois,3 wk ahead,Bin,percent,4.6,4.7, 0.01067451030559052500834571475
Illinois,3 wk ahead,Bin,percent,4.7,4.8, 0.01763935802675490813196113038
Illinois,3 wk ahead,Bin,percent,4.8,4.9, 0.02489427872796057955584458909
Illinois,3 wk ahead,Bin,percent,4.9,5, 0.03000425091675402999857880104
Illinois,3 wk ahead,Bin,percent,5,5.1, 0.03088273358278282795796876314
Illinois,3 wk ahead,Bin,percent,5.1,5.2, 0.02714697066937322988966485582
Illinois,3 wk ahead,Bin,percent,5.2,5.3, 0.02037929975043507521692554008
Illinois,3 wk ahead,Bin,percent,5.3,5.4, 0.01306510493208320848601555753
Illinois,3 wk ahead,Bin,percent,5.4,5.5, 0.00715277034704186933516956159
Illinois,3 wk ahead,Bin,percent,5.5,5.6, 0.00334437377491323328468353360
Illinois,3 wk ahead,Bin,percent,5.6,5.7, 0.00133527929059357609170577419
Illinois,3 wk ahead,Bin,percent,5.7,5.8, 0.00047536970738285163045472315
Illinois,3 wk ahead,Bin,percent,5.8,5.9, 0.00035289884332296412271234853
Illinois,3 wk ahead,Bin,percent,5.9,6, 0.00035289884332296412271234853
Illinois,3 wk ahead,Bin,percent,6,6.1, 0.00035289884332296412271234853
Illinois,3 wk ahead,Bin,percent,6.1,6.2, 0.00035289884332296412271234853
Illinois,3 wk ahead,Bin,percent,6.2,6.3, 0.00035289884332296412271234853
Illinois,3 wk ahead,Bin,percent,6.3,6.4, 0.00035289884332296412271234853
Illinois,3 wk ahead,Bin,percent,6.4,6.5, 0.00035289884332296412271234853
Illinois,3 wk ahead,Bin,percent,6.5,6.6, 0.00035289884332296412271234853
Illinois,3 wk ahead,Bin,percent,6.6,6.7, 0.00035289884332296412271234853
Illinois,3 wk ahead,Bin,percent,6.7,6.8, 0.00035289884332296412271234853
Illinois,3 wk ahead,Bin,percent,6.8,6.9, 0.00035289884332296412271234853
Illinois,3 wk ahead,Bin,percent,6.9,7, 0.00035289884332296412271234853
Illinois,3 wk ahead,Bin,percent,7,7.1, 0.00035289884332296412271234853
Illinois,3 wk ahead,Bin,percent,7.1,7.2, 0.00035289884332296412271234853
Illinois,3 wk ahead,Bin,percent,7.2,7.3, 0.00035289884332296412271234853
Illinois,3 wk ahead,Bin,percent,7.3,7.4, 0.00035289884332296412271234853
Illinois,3 wk ahead,Bin,percent,7.4,7.5, 0.00035289884332296412271234853
Illinois,3 wk ahead,Bin,percent,7.5,7.6, 0.00035289884332296412271234853
Illinois,3 wk ahead,Bin,percent,7.6,7.7, 0.00035289884332296412271234853
Illinois,3 wk ahead,Bin,percent,7.7,7.8, 0.00035289884332296412271234853
Illinois,3 wk ahead,Bin,percent,7.8,7.9, 0.00035289884332296412271234853
Illinois,3 wk ahead,Bin,percent,7.9,8, 0.00035289884332296412271234853
Illinois,3 wk ahead,Bin,percent,8,8.1, 0.00035289884332296726689864874
Illinois,3 wk ahead,Bin,percent,8.1,8.2, 0.00035289884332297041108494895
Illinois,3 wk ahead,Bin,percent,8.2,8.3, 0.00035289884332297041108494895
Illinois,3 wk ahead,Bin,percent,8.3,8.4, 0.00035289884332297041108494895
Illinois,3 wk ahead,Bin,percent,8.4,8.5, 0.00035289884332297041108494895
Illinois,3 wk ahead,Bin,percent,8.5,8.6, 0.00035289884332297041108494895
Illinois,3 wk ahead,Bin,percent,8.6,8.7, 0.00035289884332297041108494895
Illinois,3 wk ahead,Bin,percent,8.7,8.8, 0.00035289884332297041108494895
Illinois,3 wk ahead,Bin,percent,8.8,8.9, 0.00035289884332297041108494895
Illinois,3 wk ahead,Bin,percent,8.9,9, 0.00035289884332297041108494895
Illinois,3 wk ahead,Bin,percent,9,9.1, 0.00035289884332297041108494895
Illinois,3 wk ahead,Bin,percent,9.1,9.2, 0.00035289884332297041108494895
Illinois,3 wk ahead,Bin,percent,9.2,9.3, 0.00035289884332297041108494895
Illinois,3 wk ahead,Bin,percent,9.3,9.4, 0.00035289884332297041108494895
Illinois,3 wk ahead,Bin,percent,9.4,9.5, 0.00035289884332297041108494895
Illinois,3 wk ahead,Bin,percent,9.5,9.6, 0.00035289884332297041108494895
Illinois,3 wk ahead,Bin,percent,9.6,9.7, 0.00035289884332297041108494895
Illinois,3 wk ahead,Bin,percent,9.7,9.8, 0.00035289884332297041108494895
Illinois,3 wk ahead,Bin,percent,9.8,9.9, 0.00035289884332297041108494895
Illinois,3 wk ahead,Bin,percent,9.9,10, 0.00035289884332297041108494895
Illinois,3 wk ahead,Bin,percent,10,10.1, 0.00035289884332297041108494895
Illinois,3 wk ahead,Bin,percent,10.1,10.2, 0.00035289884332297041108494895
Illinois,3 wk ahead,Bin,percent,10.2,10.3, 0.00035289884332297041108494895
Illinois,3 wk ahead,Bin,percent,10.3,10.4, 0.00035289884332297041108494895
Illinois,3 wk ahead,Bin,percent,10.4,10.5, 0.00035289884332297041108494895
Illinois,3 wk ahead,Bin,percent,10.5,10.6, 0.00035289884332297041108494895
Illinois,3 wk ahead,Bin,percent,10.6,10.7, 0.00035289884332297041108494895
Illinois,3 wk ahead,Bin,percent,10.7,10.8, 0.00035289884332297041108494895
Illinois,3 wk ahead,Bin,percent,10.8,10.9, 0.00035289884332297041108494895
Illinois,3 wk ahead,Bin,percent,10.9,11, 0.00035289884332297041108494895
Illinois,3 wk ahead,Bin,percent,11,11.1, 0.00035289884332297041108494895
Illinois,3 wk ahead,Bin,percent,11.1,11.2, 0.00035289884332297041108494895
Illinois,3 wk ahead,Bin,percent,11.2,11.3, 0.00035289884332297041108494895
Illinois,3 wk ahead,Bin,percent,11.3,11.4, 0.00035289884332297041108494895
Illinois,3 wk ahead,Bin,percent,11.4,11.5, 0.00035289884332297041108494895
Illinois,3 wk ahead,Bin,percent,11.5,11.6, 0.00035289884332297041108494895
Illinois,3 wk ahead,Bin,percent,11.6,11.7, 0.00035289884332297041108494895
Illinois,3 wk ahead,Bin,percent,11.7,11.8, 0.00035289884332297041108494895
Illinois,3 wk ahead,Bin,percent,11.8,11.9, 0.00035289884332297041108494895
Illinois,3 wk ahead,Bin,percent,11.9,12, 0.00035289884332297041108494895
Illinois,3 wk ahead,Bin,percent,12,12.1, 0.00035289884332297041108494895
Illinois,3 wk ahead,Bin,percent,12.1,12.2, 0.00035289884332297041108494895
Illinois,3 wk ahead,Bin,percent,12.2,12.3, 0.00035289884332297041108494895
Illinois,3 wk ahead,Bin,percent,12.3,12.4, 0.00035289884332297041108494895
Illinois,3 wk ahead,Bin,percent,12.4,12.5, 0.00035289884332297041108494895
Illinois,3 wk ahead,Bin,percent,12.5,12.6, 0.00035289884332297041108494895
Illinois,3 wk ahead,Bin,percent,12.6,12.7, 0.00035289884332297041108494895
Illinois,3 wk ahead,Bin,percent,12.7,12.8, 0.00035289884332297041108494895
Illinois,3 wk ahead,Bin,percent,12.8,12.9, 0.00035289884332297041108494895
Illinois,3 wk ahead,Bin,percent,12.9,13, 0.00035289884332297041108494895
Illinois,3 wk ahead,Bin,percent,13,100, 0.00035289884332297041108494895
Illinois,4 wk ahead,Bin,percent,0,0.1, 0.00044465356957120810927133747
Illinois,4 wk ahead,Bin,percent,0.1,0.2, 0.00088930713914241621854267494
Illinois,4 wk ahead,Bin,percent,0.2,0.3, 0.00088930713914241589328202320
Illinois,4 wk ahead,Bin,percent,0.3,0.4, 0.00088930713914241589328202320
Illinois,4 wk ahead,Bin,percent,0.4,0.5, 0.00088930713914241589328202320
Illinois,4 wk ahead,Bin,percent,0.5,0.6, 0.00088930713914241632696289219
Illinois,4 wk ahead,Bin,percent,0.6,0.7, 0.00088930713914241676064376119
Illinois,4 wk ahead,Bin,percent,0.7,0.8, 0.00088930713914241676064376119
Illinois,4 wk ahead,Bin,percent,0.8,0.9, 0.00088930713914241676064376119
Illinois,4 wk ahead,Bin,percent,0.9,1, 0.00088930713914241676064376119
Illinois,4 wk ahead,Bin,percent,1,1.1, 0.00088930713914241676064376119
Illinois,4 wk ahead,Bin,percent,1.1,1.2, 0.00088930713914241676064376119
Illinois,4 wk ahead,Bin,percent,1.2,1.3, 0.00088930713914241676064376119
Illinois,4 wk ahead,Bin,percent,1.3,1.4, 0.00088930713914241676064376119
Illinois,4 wk ahead,Bin,percent,1.4,1.5, 0.00105735816386574301914413887
Illinois,4 wk ahead,Bin,percent,1.5,1.6, 0.00306949183571339923731757793
Illinois,4 wk ahead,Bin,percent,1.6,1.7, 0.00841864771783980281316672745
Illinois,4 wk ahead,Bin,percent,1.7,1.8, 0.01928624069602747140295129213
Illinois,4 wk ahead,Bin,percent,1.8,1.9, 0.03701313016171733916159780620
Illinois,4 wk ahead,Bin,percent,1.9,2, 0.05979738645382054462729115585
Illinois,4 wk ahead,Bin,percent,2,2.1, 0.08192679705252137178916882476
Illinois,4 wk ahead,Bin,percent,2.1,2.2, 0.09620058332670226863836404618
Illinois,4 wk ahead,Bin,percent,2.2,2.3, 0.09814580262712013780657116513
Illinois,4 wk ahead,Bin,percent,2.3,2.4, 0.08827322284949629116468372558
Illinois,4 wk ahead,Bin,percent,2.4,2.5, 0.07083211036390106574156533270
Illinois,4 wk ahead,Bin,percent,2.5,2.6, 0.05104806228301971698924077714
Illinois,4 wk ahead,Bin,percent,2.6,2.7, 0.03334809951679054002005031521
Illinois,4 wk ahead,Bin,percent,2.7,2.8, 0.02066530220350326976785915178
Illinois,4 wk ahead,Bin,percent,2.8,2.9, 0.01403612220862454282310771703
Illinois,4 wk ahead,Bin,percent,2.9,3, 0.01249545311405311602548362515
Illinois,4 wk ahead,Bin,percent,3,3.1, 0.01358987632147723619013834906
Illinois,4 wk ahead,Bin,percent,3.1,3.2, 0.01456531129100717414370791403
Illinois,4 wk ahead,Bin,percent,3.2,3.3, 0.01367308799973278483907979108
Illinois,4 wk ahead,Bin,percent,3.3,3.4, 0.01082985072362708210691462085
Illinois,4 wk ahead,Bin,percent,3.4,3.5, 0.00719984236221061883742589060
Illinois,4 wk ahead,Bin,percent,3.5,3.6, 0.00416108380218462286376235326
Illinois,4 wk ahead,Bin,percent,3.6,3.7, 0.00262210566497633008539724919
Illinois,4 wk ahead,Bin,percent,3.7,3.8, 0.00311018942936375610355814736
Illinois,4 wk ahead,Bin,percent,3.8,3.9, 0.00613875674275892856818215293
Illinois,4 wk ahead,Bin,percent,3.9,4, 0.01207114774118652963941222822
Illinois,4 wk ahead,Bin,percent,4,4.1, 0.02027459823298915012057541674
Illinois,4 wk ahead,Bin,percent,4.1,4.2, 0.02841631602226386485443576646
Illinois,4 wk ahead,Bin,percent,4.2,4.3, 0.03313392860795864869327687074
Illinois,4 wk ahead,Bin,percent,4.3,4.4, 0.03212606625647002056567202999
Illinois,4 wk ahead,Bin,percent,4.4,4.5, 0.02590292719267766816115816653
Illinois,4 wk ahead,Bin,percent,4.5,4.6, 0.01736610557884636987791004969
Illinois,4 wk ahead,Bin,percent,4.6,4.7, 0.00968063963588007038441052288
Illinois,4 wk ahead,Bin,percent,4.7,4.8, 0.00448757980615259455259291599
Illinois,4 wk ahead,Bin,percent,4.8,4.9, 0.00172925362968903381134799790
Illinois,4 wk ahead,Bin,percent,4.9,5, 0.00056788134978446279388375473
Illinois,4 wk ahead,Bin,percent,5,5.1, 0.00037943203278547428178302248
Illinois,4 wk ahead,Bin,percent,5.1,5.2, 0.00037943203278547428178302248
Illinois,4 wk ahead,Bin,percent,5.2,5.3, 0.00037943203278547428178302248
Illinois,4 wk ahead,Bin,percent,5.3,5.4, 0.00037943203278547428178302248
Illinois,4 wk ahead,Bin,percent,5.4,5.5, 0.00037943203278547428178302248
Illinois,4 wk ahead,Bin,percent,5.5,5.6, 0.00037943203278547428178302248
Illinois,4 wk ahead,Bin,percent,5.6,5.7, 0.00037943203278547428178302248
Illinois,4 wk ahead,Bin,percent,5.7,5.8, 0.00037943203278547428178302248
Illinois,4 wk ahead,Bin,percent,5.8,5.9, 0.00037943203278547428178302248
Illinois,4 wk ahead,Bin,percent,5.9,6, 0.00037943203278547428178302248
Illinois,4 wk ahead,Bin,percent,6,6.1, 0.00037943203278547428178302248
Illinois,4 wk ahead,Bin,percent,6.1,6.2, 0.00037943203278547428178302248
Illinois,4 wk ahead,Bin,percent,6.2,6.3, 0.00037943203278547428178302248
Illinois,4 wk ahead,Bin,percent,6.3,6.4, 0.00037943203278547428178302248
Illinois,4 wk ahead,Bin,percent,6.4,6.5, 0.00037943203278547428178302248
Illinois,4 wk ahead,Bin,percent,6.5,6.6, 0.00037943203278547428178302248
Illinois,4 wk ahead,Bin,percent,6.6,6.7, 0.00037943203278547428178302248
Illinois,4 wk ahead,Bin,percent,6.7,6.8, 0.00037943203278547428178302248
Illinois,4 wk ahead,Bin,percent,6.8,6.9, 0.00037943203278547428178302248
Illinois,4 wk ahead,Bin,percent,6.9,7, 0.00037943203278547428178302248
Illinois,4 wk ahead,Bin,percent,7,7.1, 0.00037943203278547428178302248
Illinois,4 wk ahead,Bin,percent,7.1,7.2, 0.00037943203278547428178302248
Illinois,4 wk ahead,Bin,percent,7.2,7.3, 0.00037943203278547428178302248
Illinois,4 wk ahead,Bin,percent,7.3,7.4, 0.00037943203278547428178302248
Illinois,4 wk ahead,Bin,percent,7.4,7.5, 0.00037943203278547428178302248
Illinois,4 wk ahead,Bin,percent,7.5,7.6, 0.00037943203278547428178302248
Illinois,4 wk ahead,Bin,percent,7.6,7.7, 0.00037943203278547428178302248
Illinois,4 wk ahead,Bin,percent,7.7,7.8, 0.00037943203278547428178302248
Illinois,4 wk ahead,Bin,percent,7.8,7.9, 0.00037943203278547428178302248
Illinois,4 wk ahead,Bin,percent,7.9,8, 0.00037943203278547428178302248
Illinois,4 wk ahead,Bin,percent,8,8.1, 0.00037943203278547758859964856
Illinois,4 wk ahead,Bin,percent,8.1,8.2, 0.00037943203278548100383649189
Illinois,4 wk ahead,Bin,percent,8.2,8.3, 0.00037943203278548100383649189
Illinois,4 wk ahead,Bin,percent,8.3,8.4, 0.00037943203278548100383649189
Illinois,4 wk ahead,Bin,percent,8.4,8.5, 0.00037943203278548100383649189
Illinois,4 wk ahead,Bin,percent,8.5,8.6, 0.00037943203278548100383649189
Illinois,4 wk ahead,Bin,percent,8.6,8.7, 0.00037943203278548100383649189
Illinois,4 wk ahead,Bin,percent,8.7,8.8, 0.00037943203278548100383649189
Illinois,4 wk ahead,Bin,percent,8.8,8.9, 0.00037943203278548100383649189
Illinois,4 wk ahead,Bin,percent,8.9,9, 0.00037943203278548100383649189
Illinois,4 wk ahead,Bin,percent,9,9.1, 0.00037943203278548100383649189
Illinois,4 wk ahead,Bin,percent,9.1,9.2, 0.00037943203278548100383649189
Illinois,4 wk ahead,Bin,percent,9.2,9.3, 0.00037943203278548100383649189
Illinois,4 wk ahead,Bin,percent,9.3,9.4, 0.00037943203278548100383649189
Illinois,4 wk ahead,Bin,percent,9.4,9.5, 0.00037943203278548100383649189
Illinois,4 wk ahead,Bin,percent,9.5,9.6, 0.00037943203278548100383649189
Illinois,4 wk ahead,Bin,percent,9.6,9.7, 0.00037943203278548100383649189
Illinois,4 wk ahead,Bin,percent,9.7,9.8, 0.00037943203278548100383649189
Illinois,4 wk ahead,Bin,percent,9.8,9.9, 0.00037943203278548100383649189
Illinois,4 wk ahead,Bin,percent,9.9,10, 0.00037943203278548100383649189
Illinois,4 wk ahead,Bin,percent,10,10.1, 0.00037943203278548100383649189
Illinois,4 wk ahead,Bin,percent,10.1,10.2, 0.00037943203278548100383649189
Illinois,4 wk ahead,Bin,percent,10.2,10.3, 0.00037943203278548100383649189
Illinois,4 wk ahead,Bin,percent,10.3,10.4, 0.00037943203278548100383649189
Illinois,4 wk ahead,Bin,percent,10.4,10.5, 0.00037943203278548100383649189
Illinois,4 wk ahead,Bin,percent,10.5,10.6, 0.00037943203278548100383649189
Illinois,4 wk ahead,Bin,percent,10.6,10.7, 0.00037943203278548100383649189
Illinois,4 wk ahead,Bin,percent,10.7,10.8, 0.00037943203278548100383649189
Illinois,4 wk ahead,Bin,percent,10.8,10.9, 0.00037943203278548100383649189
Illinois,4 wk ahead,Bin,percent,10.9,11, 0.00037943203278548100383649189
Illinois,4 wk ahead,Bin,percent,11,11.1, 0.00037943203278548100383649189
Illinois,4 wk ahead,Bin,percent,11.1,11.2, 0.00037943203278548100383649189
Illinois,4 wk ahead,Bin,percent,11.2,11.3, 0.00037943203278548100383649189
Illinois,4 wk ahead,Bin,percent,11.3,11.4, 0.00037943203278548100383649189
Illinois,4 wk ahead,Bin,percent,11.4,11.5, 0.00037943203278548100383649189
Illinois,4 wk ahead,Bin,percent,11.5,11.6, 0.00037943203278548100383649189
Illinois,4 wk ahead,Bin,percent,11.6,11.7, 0.00037943203278548100383649189
Illinois,4 wk ahead,Bin,percent,11.7,11.8, 0.00037943203278548100383649189
Illinois,4 wk ahead,Bin,percent,11.8,11.9, 0.00037943203278548100383649189
Illinois,4 wk ahead,Bin,percent,11.9,12, 0.00037943203278548100383649189
Illinois,4 wk ahead,Bin,percent,12,12.1, 0.00037943203278548100383649189
Illinois,4 wk ahead,Bin,percent,12.1,12.2, 0.00037943203278548100383649189
Illinois,4 wk ahead,Bin,percent,12.2,12.3, 0.00037943203278548100383649189
Illinois,4 wk ahead,Bin,percent,12.3,12.4, 0.00037943203278548100383649189
Illinois,4 wk ahead,Bin,percent,12.4,12.5, 0.00037943203278548100383649189
Illinois,4 wk ahead,Bin,percent,12.5,12.6, 0.00037943203278548100383649189
Illinois,4 wk ahead,Bin,percent,12.6,12.7, 0.00037943203278548100383649189
Illinois,4 wk ahead,Bin,percent,12.7,12.8, 0.00037943203278548100383649189
Illinois,4 wk ahead,Bin,percent,12.8,12.9, 0.00037943203278548100383649189
Illinois,4 wk ahead,Bin,percent,12.9,13, 0.00037943203278548100383649189
Illinois,4 wk ahead,Bin,percent,13,100, 0.00037943203278548100383649189
Idaho,Season peak week,Bin,week,40,41, 0.00087920362097497039687715725
Idaho,Season peak week,Bin,week,41,42, 0.00087920362097497039687715725
Idaho,Season peak week,Bin,week,42,43, 0.00087920362097497039687715725
Idaho,Season peak week,Bin,week,43,44, 0.00087920362097497039687715725
Idaho,Season peak week,Bin,week,44,45, 0.00087920362097497039687715725
Idaho,Season peak week,Bin,week,45,46, 0.00087920362097497039687715725
Idaho,Season peak week,Bin,week,46,47, 0.00087920362097497039687715725
Idaho,Season peak week,Bin,week,47,48, 0.00088476748688654416503951428
Idaho,Season peak week,Bin,week,48,49, 0.00295736223443050305972890079
Idaho,Season peak week,Bin,week,49,50, 0.01380552155868523984960649642
Idaho,Season peak week,Bin,week,50,51, 0.04400904794343252907085073389
Idaho,Season peak week,Bin,week,51,52, 0.09639921797724111673932867461
Idaho,Season peak week,Bin,week,52,53, 0.14562705610133974687414593063
Idaho,Season peak week,Bin,week,1,2, 0.15175368888135423728336093063
Idaho,Season peak week,Bin,week,2,3, 0.10872879475192172293862569177
Idaho,Season peak week,Bin,week,3,4, 0.05325457658755530787608734045
Idaho,Season peak week,Bin,week,4,5, 0.01773282099217581009309441242
Idaho,Season peak week,Bin,week,5,6, 0.00424727693171021887519334115
Idaho,Season peak week,Bin,week,6,7, 0.00241110460834053881920557849
Idaho,Season peak week,Bin,week,7,8, 0.00791734671440878778891914180
Idaho,Season peak week,Bin,week,8,9, 0.02295198609486340593499598128
Idaho,Season peak week,Bin,week,9,10, 0.04628924420158557484494821210
Idaho,Season peak week,Bin,week,10,11, 0.06710892070587466673448062693
Idaho,Season peak week,Bin,week,11,12, 0.07352530099506955629795612595
Idaho,Season peak week,Bin,week,12,13, 0.06284376925403423186367035669
Idaho,Season peak week,Bin,week,13,14, 0.04130303652843923117865543304
Idaho,Season peak week,Bin,week,14,15, 0.01990999385796617462962565526
Idaho,Season peak week,Bin,week,15,16, 0.00672261895562317659397200131
Idaho,Season peak week,Bin,week,16,17, 0.00154317198897106050946292921
Idaho,Season peak week,Bin,week,17,18, 0.00048194635612762621885291070
Idaho,Season peak week,Bin,week,18,19, 0.00047900098171272211585586254
Idaho,Season peak week,Bin,week,19,20, 0.00047900098171272211585586254
Idaho,Season peak week,Bin,week,20,21, 0.00047900098171272211585586254
Idaho,Season peak percentage,Bin,percent,0,0.1, 0.00018658469917082849340306261
Idaho,Season peak percentage,Bin,percent,0.1,0.2, 0.00041656545775621740563404716
Idaho,Season peak percentage,Bin,percent,0.2,0.3, 0.00048059821814322407429811990
Idaho,Season peak percentage,Bin,percent,0.3,0.4, 0.00055247606135269071003096597
Idaho,Season peak percentage,Bin,percent,0.4,0.5, 0.00063288268278555626002862544
Idaho,Season peak percentage,Bin,percent,0.5,0.6, 0.00072246296501326579854451726
Idaho,Season peak percentage,Bin,percent,0.6,0.7, 0.00082186981106217740864622323
Idaho,Season peak percentage,Bin,percent,0.7,0.8, 0.00093187644031508711905259501
Idaho,Season peak percentage,Bin,percent,0.8,0.9, 0.00105297805392610185210022777
Idaho,Season peak percentage,Bin,percent,0.9,1, 0.00118576335294606088378854825
Idaho,Season peak percentage,Bin,percent,1,1.1, 0.00133080430567925761531355988
Idaho,Season peak percentage,Bin,percent,1.1,1.2, 0.00148878353277420824758714435
Idaho,Season peak percentage,Bin,percent,1.2,1.3, 0.00166002242514350605018247364
Idaho,Season peak percentage,Bin,percent,1.3,1.4, 0.00184492739552567092120582970
Idaho,Season peak percentage,Bin,percent,1.4,1.5, 0.00204381815509640510017397297
Idaho,Season peak percentage,Bin,percent,1.5,1.6, 0.00225686468532431761327416986
Idaho,Season peak percentage,Bin,percent,1.6,1.7, 0.00248443492201513111902744235
Idaho,Season peak percentage,Bin,percent,1.7,1.8, 0.00272643187995002785409259793
Idaho,Season peak percentage,Bin,percent,1.8,1.9, 0.00298272426783529167118591552
Idaho,Season peak percentage,Bin,percent,1.9,2, 0.00325312873657671378091471581
Idaho,Season peak percentage,Bin,percent,2,2.1, 0.00353745739586043550506389010
Idaho,Season peak percentage,Bin,percent,2.1,2.2, 0.00383527385163211914642644729
Idaho,Season peak percentage,Bin,percent,2.2,2.3, 0.00414598388645747578662437149
Idaho,Season peak percentage,Bin,percent,2.3,2.4, 0.00446892290930670649240497028
Idaho,Season peak percentage,Bin,percent,2.4,2.5, 0.00480325845344954822924155025
Idaho,Season peak percentage,Bin,percent,2.5,2.6, 0.00514820040587598594383766937
Idaho,Season peak percentage,Bin,percent,2.6,2.7, 0.00550277864872954994984732835
Idaho,Season peak percentage,Bin,percent,2.7,2.8, 0.00586578069838981225325724722
Idaho,Season peak percentage,Bin,percent,2.8,2.9, 0.00623602454278280021043867620
Idaho,Season peak percentage,Bin,percent,2.9,3, 0.00661228807354580314786796080
Idaho,Season peak percentage,Bin,percent,3,3.1, 0.00699323589590523150144596443
Idaho,Season peak percentage,Bin,percent,3.1,3.2, 0.00737747702590035771968990375
Idaho,Season peak percentage,Bin,percent,3.2,3.3, 0.00776357164655447525014597687
Idaho,Season peak percentage,Bin,percent,3.3,3.4, 0.00815007995476443869442562118
Idaho,Season peak percentage,Bin,percent,3.4,3.5, 0.00853556452809721769026118920
Idaho,Season peak percentage,Bin,percent,3.5,3.6, 0.00891854098048627634554019750
Idaho,Season peak percentage,Bin,percent,3.6,3.7, 0.00929761060113339261878895314
Idaho,Season peak percentage,Bin,percent,3.7,3.8, 0.00967143132504144457939343482
Idaho,Season peak percentage,Bin,percent,3.8,3.9, 0.01003866130558912425629891629
Idaho,Season peak percentage,Bin,percent,3.9,4, 0.01039804298153045557240314878
Idaho,Season peak percentage,Bin,percent,4,4.1, 0.01074837900528534916089196116
Idaho,Season peak percentage,Bin,percent,4.1,4.2, 0.01108862340447819110067495529
Idaho,Season peak percentage,Bin,percent,4.2,4.3, 0.01141788503834778416290429703
Idaho,Season peak percentage,Bin,percent,4.3,4.4, 0.01173532267273640940230539087
Idaho,Season peak percentage,Bin,percent,4.4,4.5, 0.01204006687655216102650346244
Idaho,Season peak percentage,Bin,percent,4.5,4.6, 0.01233156532066660704405336446
Idaho,Season peak percentage,Bin,percent,4.6,4.7, 0.01260948551051581378867894045
Idaho,Season peak percentage,Bin,percent,4.7,4.8, 0.01287341983758539393223330194
Idaho,Season peak percentage,Bin,percent,4.8,4.9, 0.01312316991939729143856752103
Idaho,Season peak percentage,Bin,percent,4.9,5, 0.01335857366491360193050397243
Idaho,Season peak percentage,Bin,percent,5,5.1, 0.01357963430953474694151683622
Idaho,Season peak percentage,Bin,percent,5.1,5.2, 0.01378659667199086738542668229
Idaho,Season peak percentage,Bin,percent,5.2,5.3, 0.01397965394385419259093428224
Idaho,Season peak percentage,Bin,percent,5.3,5.4, 0.01415901978844856697048459893
Idaho,Season peak percentage,Bin,percent,5.4,5.5, 0.01432489885804445750583369090
Idaho,Season peak percentage,Bin,percent,5.5,5.6, 0.01447785721013875731566500349
Idaho,Season peak percentage,Bin,percent,5.6,5.7, 0.01461820232458723931023847342
Idaho,Season peak percentage,Bin,percent,5.7,5.8, 0.01474630926218798224192063628
Idaho,Season peak percentage,Bin,percent,5.8,5.9, 0.01486251583492934416619313254
Idaho,Season peak percentage,Bin,percent,5.9,6, 0.01496696960411950973190986502
Idaho,Season peak percentage,Bin,percent,6,6.1, 0.01506004367867773245659446246
Idaho,Season peak percentage,Bin,percent,6.1,6.2, 0.01514186867856191082148953342
Idaho,Season peak percentage,Bin,percent,6.2,6.3, 0.01521246691342192751406070528
Idaho,Season peak percentage,Bin,percent,6.3,6.4, 0.01527159401036722562172709416
Idaho,Season peak percentage,Bin,percent,6.4,6.5, 0.01531917289037778087679164685
Idaho,Season peak percentage,Bin,percent,6.5,6.6, 0.01535484772404008789459251005
Idaho,Season peak percentage,Bin,percent,6.6,6.7, 0.01537813797374449134580665088
Idaho,Season peak percentage,Bin,percent,6.7,6.8, 0.01538850308907820270409860797
Idaho,Season peak percentage,Bin,percent,6.8,6.9, 0.01538500678516532826911600296
Idaho,Season peak percentage,Bin,percent,6.9,7, 0.01536693513253590930023317895
Idaho,Season peak percentage,Bin,percent,7,7.1, 0.01533343089444622747707924759
Idaho,Season peak percentage,Bin,percent,7.1,7.2, 0.01528352226839874324071377742
Idaho,Season peak percentage,Bin,percent,7.2,7.3, 0.01521601706515736743274835874
Idaho,Season peak percentage,Bin,percent,7.3,7.4, 0.01512986942625780574511740184
Idaho,Season peak percentage,Bin,percent,7.4,7.5, 0.01502413229322367878293409404
Idaho,Season peak percentage,Bin,percent,7.5,7.6, 0.01489779356981763523692929851
Idaho,Season peak percentage,Bin,percent,7.6,7.7, 0.01475006218620316354728227992
Idaho,Season peak percentage,Bin,percent,7.7,7.8, 0.01457992797480035969404088547
Idaho,Season peak percentage,Bin,percent,7.8,7.9, 0.01438663641761214750935948814
Idaho,Season peak percentage,Bin,percent,7.9,8, 0.01416997571878336227568784267
Idaho,Season peak percentage,Bin,percent,8,8.1, 0.01392969078290480847148735677
Idaho,Season peak percentage,Bin,percent,8.1,8.2, 0.01366558280890025137144228040
Idaho,Season peak percentage,Bin,percent,8.2,8.3, 0.01337776425179691870692710864
Idaho,Season peak percentage,Bin,percent,8.3,8.4, 0.01306676781585754641701324630
Idaho,Season peak percentage,Bin,percent,8.4,8.5, 0.01273331746603611168422443001
Idaho,Season peak percentage,Bin,percent,8.5,8.6, 0.01237849883356989880156540096
Idaho,Season peak percentage,Bin,percent,8.6,8.7, 0.01200344315472766029695428358
Idaho,Season peak percentage,Bin,percent,8.7,8.8, 0.01160942058329709515585026480
Idaho,Season peak percentage,Bin,percent,8.8,8.9, 0.01119839434728557396592218964
Idaho,Season peak percentage,Bin,percent,8.9,9, 0.01077232915200564654367720863
Idaho,Season peak percentage,Bin,percent,9,9.1, 0.01033325223718076224521666973
Idaho,Season peak percentage,Bin,percent,9.1,9.2, 0.00988341610207823031974960770
Idaho,Season peak percentage,Bin,percent,9.2,9.3, 0.00942521114702632965831607947
Idaho,Season peak percentage,Bin,percent,9.3,9.4, 0.00896114465379112094811642208
Idaho,Season peak percentage,Bin,percent,9.4,9.5, 0.00849375917723357333477540720
Idaho,Season peak percentage,Bin,percent,9.5,9.6, 0.00802555076278783918741766001
Idaho,Season peak percentage,Bin,percent,9.6,9.7, 0.00755904823425285719851185462
Idaho,Season peak percentage,Bin,percent,9.7,9.8, 0.00709671489572210115182038237
Idaho,Season peak percentage,Bin,percent,9.8,9.9, 0.00664083321137090478586406661
Idaho,Season peak percentage,Bin,percent,9.9,10, 0.00619362945315098979703893889
Idaho,Season peak percentage,Bin,percent,10,10.1, 0.00575715898580076747281797367
Idaho,Season peak percentage,Bin,percent,10.1,10.2, 0.00533333964054149428646312003
Idaho,Season peak percentage,Bin,percent,10.2,10.3, 0.00492386745435147241828355291
Idaho,Season peak percentage,Bin,percent,10.3,10.4, 0.00453007925448781732791214694
Idaho,Season peak percentage,Bin,percent,10.4,10.5, 0.00415319261761869056026608149
Idaho,Season peak percentage,Bin,percent,10.5,10.6, 0.00379428055702131809476251867
Idaho,Season peak percentage,Bin,percent,10.6,10.7, 0.00345429995199007973394333959
Idaho,Season peak percentage,Bin,percent,10.7,10.8, 0.00313349716659108538940881061
Idaho,Season peak percentage,Bin,percent,10.8,10.9, 0.00283228013043573291496191047
Idaho,Season peak percentage,Bin,percent,10.9,11, 0.00255076796133983348460749774
Idaho,Season peak percentage,Bin,percent,11,11.1, 0.00228886904309030065826635614
Idaho,Season peak percentage,Bin,percent,11.1,11.2, 0.00204654611158495156400527470
Idaho,Season peak percentage,Bin,percent,11.2,11.3, 0.00182314355753776893322160024
Idaho,Season peak percentage,Bin,percent,11.3,11.4, 0.00161809693848179495488659452
Idaho,Season peak percentage,Bin,percent,11.4,11.5, 0.00143075469049101420236647098
Idaho,Season peak percentage,Bin,percent,11.5,11.6, 0.00126056563218647087361301562
Idaho,Season peak percentage,Bin,percent,11.6,11.7, 0.00110647681461922744311499045
Idaho,Season peak percentage,Bin,percent,11.7,11.8, 0.00096758327394549871382917194
Idaho,Season peak percentage,Bin,percent,11.8,11.9, 0.00084295467864912022436935102
Idaho,Season peak percentage,Bin,percent,11.9,12, 0.00073156015862980972291190751
Idaho,Season peak percentage,Bin,percent,12,12.1, 0.00063260309520791514759086027
Idaho,Season peak percentage,Bin,percent,12.1,12.2, 0.00054498490180233895210232253
Idaho,Season peak percentage,Bin,percent,12.2,12.3, 0.00046769520511115078836156256
Idaho,Season peak percentage,Bin,percent,12.3,12.4, 0.00039981273917240333932304752
Idaho,Season peak percentage,Bin,percent,12.4,12.5, 0.00034052081487430580809816494
Idaho,Season peak percentage,Bin,percent,12.5,12.6, 0.00028894738912036961684531855
Idaho,Season peak percentage,Bin,percent,12.6,12.7, 0.00024424092303588340992573369
Idaho,Season peak percentage,Bin,percent,12.7,12.8, 0.00020566542729322524730127542
Idaho,Season peak percentage,Bin,percent,12.8,12.9, 0.00017249353780026524854927794
Idaho,Season peak percentage,Bin,percent,12.9,13, 0.00014413756363697633106936424
Idaho,Season peak percentage,Bin,percent,13,100, 0.00179753780416491812550738860
Idaho,1 wk ahead,Bin,percent,0,0.1, 0.00006860483554767161527756375
Idaho,1 wk ahead,Bin,percent,0.1,0.2, 0.00019989056627140814052963347
Idaho,1 wk ahead,Bin,percent,0.2,0.3, 0.00031960580667386294818205217
Idaho,1 wk ahead,Bin,percent,0.3,0.4, 0.00049632846491305757791190345
Idaho,1 wk ahead,Bin,percent,0.4,0.5, 0.00074884542906161147973742587
Idaho,1 wk ahead,Bin,percent,0.5,0.6, 0.00109745948082393953923463492
Idaho,1 wk ahead,Bin,percent,0.6,0.7, 0.00156278104156945042181592331
Idaho,1 wk ahead,Bin,percent,0.7,0.8, 0.00216218646250261993871366606
Idaho,1 wk ahead,Bin,percent,0.8,0.9, 0.00290749034724187586584132070
Idaho,1 wk ahead,Bin,percent,0.9,1, 0.00380054115824226103684257971
Idaho,1 wk ahead,Bin,percent,1,1.1, 0.00483118839628147566517268885
Idaho,1 wk ahead,Bin,percent,1.1,1.2, 0.00597502529825058928403258562
Idaho,1 wk ahead,Bin,percent,1.2,1.3, 0.00719488651757433945316266843
Idaho,1 wk ahead,Bin,percent,1.3,1.4, 0.00844352413601632753592518554
Idaho,1 wk ahead,Bin,percent,1.4,1.5, 0.00966993516360200103254562976
Idaho,1 wk ahead,Bin,percent,1.5,1.6, 0.01082714793902846660278438407
Idaho,1 wk ahead,Bin,percent,1.6,1.7, 0.01188060284732754892655925971
Idaho,1 wk ahead,Bin,percent,1.7,1.8, 0.01281589722008191420399292326
Idaho,1 wk ahead,Bin,percent,1.8,1.9, 0.01364276971066310899238782639
Idaho,1 wk ahead,Bin,percent,1.9,2, 0.01439596637752576548108240928
Idaho,1 wk ahead,Bin,percent,2,2.1, 0.01512999542946383800534615460
Idaho,1 wk ahead,Bin,percent,2.1,2.2, 0.01591031472587455669609468600
Idaho,1 wk ahead,Bin,percent,2.2,2.3, 0.01680157295569009029412299583
Idaho,1 wk ahead,Bin,percent,2.3,2.4, 0.01785481949800638012959552725
Idaho,1 wk ahead,Bin,percent,2.4,2.5, 0.01909739862442758062677228281
Idaho,1 wk ahead,Bin,percent,2.5,2.6, 0.02052642546757035141302694115
Idaho,1 wk ahead,Bin,percent,2.6,2.7, 0.02210848115633275157154713497
Idaho,1 wk ahead,Bin,percent,2.7,2.8, 0.02378393294990260517507429938
Idaho,1 wk ahead,Bin,percent,2.8,2.9, 0.02547632716479353992555800801
Idaho,1 wk ahead,Bin,percent,2.9,3, 0.02710347621212682786562275794
Idaho,1 wk ahead,Bin,percent,3,3.1, 0.02858822611132341706685622285
Idaho,1 wk ahead,Bin,percent,3.1,3.2, 0.02986679566944283603646681513
Idaho,1 wk ahead,Bin,percent,3.2,3.3, 0.03089329170814907737918630914
Idaho,1 wk ahead,Bin,percent,3.3,3.4, 0.03163920989588341059484122297
Idaho,1 wk ahead,Bin,percent,3.4,3.5, 0.03209058858382719120472259533
Idaho,1 wk ahead,Bin,percent,3.5,3.6, 0.03224231410875947473337888027
Idaho,1 wk ahead,Bin,percent,3.6,3.7, 0.03209203527373837017133695326
Idaho,1 wk ahead,Bin,percent,3.7,3.8, 0.03163781181021860927637945338
Idaho,1 wk ahead,Bin,percent,3.8,3.9, 0.03087593730671195010883955945
Idaho,1 wk ahead,Bin,percent,3.9,4, 0.02980366157223458128955329016
Idaho,1 wk ahead,Bin,percent,4,4.1, 0.02842409283729364563586550219
Idaho,1 wk ahead,Bin,percent,4.1,4.2, 0.02675126200095108777721186755
Idaho,1 wk ahead,Bin,percent,4.2,4.3, 0.02481687052119700004348956668
Idaho,1 wk ahead,Bin,percent,4.3,4.4, 0.02267248720078321455595471434
Idaho,1 wk ahead,Bin,percent,4.4,4.5, 0.02039054564419719856038781813
Idaho,1 wk ahead,Bin,percent,4.5,4.6, 0.01806118867310346765009398950
Idaho,1 wk ahead,Bin,percent,4.6,4.7, 0.01578566856114303751379424057
Idaho,1 wk ahead,Bin,percent,4.7,4.8, 0.01366775693273715105990895324
Idaho,1 wk ahead,Bin,percent,4.8,4.9, 0.01180315772834931650758782951
Idaho,1 wk ahead,Bin,percent,4.9,5, 0.01027161685896938771167530291
Idaho,1 wk ahead,Bin,percent,5,5.1, 0.00912676151268097812785384804
Idaho,1 wk ahead,Bin,percent,5.1,5.2, 0.00839260129547388100679228273
Idaho,1 wk ahead,Bin,percent,5.2,5.3, 0.00805932585642978906170785791
Idaho,1 wk ahead,Bin,percent,5.3,5.4, 0.00808532927245028676388471922
Idaho,1 wk ahead,Bin,percent,5.4,5.5, 0.00839995330598702905078312142
Idaho,1 wk ahead,Bin,percent,5.5,5.6, 0.00891096884905334500615037285
Idaho,1 wk ahead,Bin,percent,5.6,5.7, 0.00951271770441399280859862131
Idaho,1 wk ahead,Bin,percent,5.7,5.8, 0.01009747136668339047294029598
Idaho,1 wk ahead,Bin,percent,5.8,5.9, 0.01056568037067066520573455080
Idaho,1 wk ahead,Bin,percent,5.9,6, 0.01083583801080006264738742061
Idaho,1 wk ahead,Bin,percent,6,6.1, 0.01085309714546303129500959272
Idaho,1 wk ahead,Bin,percent,6.1,6.2, 0.01059247111589113263252492914
Idaho,1 wk ahead,Bin,percent,6.2,6.3, 0.01006077592323207162139375725
Idaho,1 wk ahead,Bin,percent,6.3,6.4, 0.00929157289309970324531207098
Idaho,1 wk ahead,Bin,percent,6.4,6.5, 0.00834047133370795744367054425
Idaho,1 wk ahead,Bin,percent,6.5,6.6, 0.00727440934324468345406611292
Idaho,1 wk ahead,Bin,percent,6.6,6.7, 0.00616377152262987185182829819
Idaho,1 wk ahead,Bin,percent,6.7,6.8, 0.00507334808486250947445750370
Idaho,1 wk ahead,Bin,percent,6.8,6.9, 0.00405614606050662407366047546
Idaho,1 wk ahead,Bin,percent,6.9,7, 0.00314995420630650828364149874
Idaho,1 wk ahead,Bin,percent,7,7.1, 0.00237587045510217033730815395
Idaho,1 wk ahead,Bin,percent,7.1,7.2, 0.00174064571185272550304934391
Idaho,1 wk ahead,Bin,percent,7.2,7.3, 0.00123855745085676895861359625
Idaho,1 wk ahead,Bin,percent,7.3,7.4, 0.00085603247412726669613586283
Idaho,1 wk ahead,Bin,percent,7.4,7.5, 0.00057460523915668561701491912
Idaho,1 wk ahead,Bin,percent,7.5,7.6, 0.00037464219139194147520366407
Idaho,1 wk ahead,Bin,percent,7.6,7.7, 0.00023723132553885527794290677
Idaho,1 wk ahead,Bin,percent,7.7,7.8, 0.00014657678000354982801416159
Idaho,1 wk ahead,Bin,percent,7.8,7.9, 0.00012085344935813706129194151
Idaho,1 wk ahead,Bin,percent,7.9,8, 0.00012085344935813706129194151
Idaho,1 wk ahead,Bin,percent,8,8.1, 0.00012085344935813811838905968
Idaho,1 wk ahead,Bin,percent,8.1,8.2, 0.00012085344935813920259123216
Idaho,1 wk ahead,Bin,percent,8.2,8.3, 0.00012085344935813920259123216
Idaho,1 wk ahead,Bin,percent,8.3,8.4, 0.00012085344935813920259123216
Idaho,1 wk ahead,Bin,percent,8.4,8.5, 0.00012085344935813920259123216
Idaho,1 wk ahead,Bin,percent,8.5,8.6, 0.00012085344935813920259123216
Idaho,1 wk ahead,Bin,percent,8.6,8.7, 0.00012085344935813920259123216
Idaho,1 wk ahead,Bin,percent,8.7,8.8, 0.00012085344935813920259123216
Idaho,1 wk ahead,Bin,percent,8.8,8.9, 0.00012085344935813920259123216
Idaho,1 wk ahead,Bin,percent,8.9,9, 0.00012085344935813920259123216
Idaho,1 wk ahead,Bin,percent,9,9.1, 0.00012085344935813920259123216
Idaho,1 wk ahead,Bin,percent,9.1,9.2, 0.00012085344935813920259123216
Idaho,1 wk ahead,Bin,percent,9.2,9.3, 0.00012085344935813920259123216
Idaho,1 wk ahead,Bin,percent,9.3,9.4, 0.00012085344935813920259123216
Idaho,1 wk ahead,Bin,percent,9.4,9.5, 0.00012085344935813920259123216
Idaho,1 wk ahead,Bin,percent,9.5,9.6, 0.00012085344935813920259123216
Idaho,1 wk ahead,Bin,percent,9.6,9.7, 0.00012085344935813920259123216
Idaho,1 wk ahead,Bin,percent,9.7,9.8, 0.00012085344935813920259123216
Idaho,1 wk ahead,Bin,percent,9.8,9.9, 0.00012085344935813920259123216
Idaho,1 wk ahead,Bin,percent,9.9,10, 0.00012085344935813920259123216
Idaho,1 wk ahead,Bin,percent,10,10.1, 0.00012085344935813920259123216
Idaho,1 wk ahead,Bin,percent,10.1,10.2, 0.00012085344935813920259123216
Idaho,1 wk ahead,Bin,percent,10.2,10.3, 0.00012085344935813920259123216
Idaho,1 wk ahead,Bin,percent,10.3,10.4, 0.00012085344935813920259123216
Idaho,1 wk ahead,Bin,percent,10.4,10.5, 0.00012085344935813920259123216
Idaho,1 wk ahead,Bin,percent,10.5,10.6, 0.00012085344935813920259123216
Idaho,1 wk ahead,Bin,percent,10.6,10.7, 0.00012085344935813920259123216
Idaho,1 wk ahead,Bin,percent,10.7,10.8, 0.00012085344935813920259123216
Idaho,1 wk ahead,Bin,percent,10.8,10.9, 0.00012085344935813920259123216
Idaho,1 wk ahead,Bin,percent,10.9,11, 0.00012085344935813920259123216
Idaho,1 wk ahead,Bin,percent,11,11.1, 0.00012085344935813920259123216
Idaho,1 wk ahead,Bin,percent,11.1,11.2, 0.00012085344935813920259123216
Idaho,1 wk ahead,Bin,percent,11.2,11.3, 0.00012085344935813920259123216
Idaho,1 wk ahead,Bin,percent,11.3,11.4, 0.00012085344935813920259123216
Idaho,1 wk ahead,Bin,percent,11.4,11.5, 0.00012085344935813920259123216
Idaho,1 wk ahead,Bin,percent,11.5,11.6, 0.00012085344935813920259123216
Idaho,1 wk ahead,Bin,percent,11.6,11.7, 0.00012085344935813920259123216
Idaho,1 wk ahead,Bin,percent,11.7,11.8, 0.00012085344935813920259123216
Idaho,1 wk ahead,Bin,percent,11.8,11.9, 0.00012085344935813920259123216
Idaho,1 wk ahead,Bin,percent,11.9,12, 0.00012085344935813920259123216
Idaho,1 wk ahead,Bin,percent,12,12.1, 0.00012085344935813920259123216
Idaho,1 wk ahead,Bin,percent,12.1,12.2, 0.00012085344935813920259123216
Idaho,1 wk ahead,Bin,percent,12.2,12.3, 0.00012085344935813920259123216
Idaho,1 wk ahead,Bin,percent,12.3,12.4, 0.00012085344935813920259123216
Idaho,1 wk ahead,Bin,percent,12.4,12.5, 0.00012085344935813920259123216
Idaho,1 wk ahead,Bin,percent,12.5,12.6, 0.00012085344935813920259123216
Idaho,1 wk ahead,Bin,percent,12.6,12.7, 0.00012085344935813920259123216
Idaho,1 wk ahead,Bin,percent,12.7,12.8, 0.00012085344935813920259123216
Idaho,1 wk ahead,Bin,percent,12.8,12.9, 0.00012085344935813920259123216
Idaho,1 wk ahead,Bin,percent,12.9,13, 0.00012085344935813920259123216
Idaho,1 wk ahead,Bin,percent,13,100, 0.00012085344935813920259123216
Idaho,2 wk ahead,Bin,percent,0,0.1, 0.00010234285232751610494709993
Idaho,2 wk ahead,Bin,percent,0.1,0.2, 0.00020468570465503220989419986
Idaho,2 wk ahead,Bin,percent,0.2,0.3, 0.00020468570465503215568409123
Idaho,2 wk ahead,Bin,percent,0.3,0.4, 0.00020468570465503215568409123
Idaho,2 wk ahead,Bin,percent,0.4,0.5, 0.00020468570465503215568409123
Idaho,2 wk ahead,Bin,percent,0.5,0.6, 0.00020468570465503226410430848
Idaho,2 wk ahead,Bin,percent,0.6,0.7, 0.00020468570465503237252452573
Idaho,2 wk ahead,Bin,percent,0.7,0.8, 0.00020468570465503237252452573
Idaho,2 wk ahead,Bin,percent,0.8,0.9, 0.00020468570465503237252452573
Idaho,2 wk ahead,Bin,percent,0.9,1, 0.00020468570465503237252452573
Idaho,2 wk ahead,Bin,percent,1,1.1, 0.00030543769608405496249203814
Idaho,2 wk ahead,Bin,percent,1.1,1.2, 0.00065875693851396330096015230
Idaho,2 wk ahead,Bin,percent,1.2,1.3, 0.00131238407246438300822466427
Idaho,2 wk ahead,Bin,percent,1.3,1.4, 0.00241321524052792290432334354
Idaho,2 wk ahead,Bin,percent,1.4,1.5, 0.00409625417082475767882598916
Idaho,2 wk ahead,Bin,percent,1.5,1.6, 0.00641999561687501153067758608
Idaho,2 wk ahead,Bin,percent,1.6,1.7, 0.00929357216668589593278060335
Idaho,2 wk ahead,Bin,percent,1.7,1.8, 0.01243682553119304992628180173
Idaho,2 wk ahead,Bin,percent,1.8,1.9, 0.01541117665876682273073949858
Idaho,2 wk ahead,Bin,percent,1.9,2, 0.01774159181095083179235949444
Idaho,2 wk ahead,Bin,percent,2,2.1, 0.01910201772214195625743116125
Idaho,2 wk ahead,Bin,percent,2.1,2.2, 0.01947516701160957944272134057
Idaho,2 wk ahead,Bin,percent,2.2,2.3, 0.01921578681282491360415853876
Idaho,2 wk ahead,Bin,percent,2.3,2.4, 0.01894993841455293662190406678
Idaho,2 wk ahead,Bin,percent,2.4,2.5, 0.01935292474618971123034860682
Idaho,2 wk ahead,Bin,percent,2.5,2.6, 0.02089005943571015100346244253
Idaho,2 wk ahead,Bin,percent,2.6,2.7, 0.02365565508820755002972191505
Idaho,2 wk ahead,Bin,percent,2.7,2.8, 0.02737250280542389072047093634
Idaho,2 wk ahead,Bin,percent,2.8,2.9, 0.03156534111991655261464373439
Idaho,2 wk ahead,Bin,percent,2.9,3, 0.03579400211135284198826767010
Idaho,2 wk ahead,Bin,percent,3,3.1, 0.03981856271076626707650092385
Idaho,2 wk ahead,Bin,percent,3.1,3.2, 0.04359439807311218245677864047
Idaho,2 wk ahead,Bin,percent,3.2,3.3, 0.04710290760787317482227720689
Idaho,2 wk ahead,Bin,percent,3.3,3.4, 0.05014099491213287740354331845
Idaho,2 wk ahead,Bin,percent,3.4,3.5, 0.05221956086371434130333213375
Idaho,2 wk ahead,Bin,percent,3.5,3.6, 0.05266357260781340948740947283
Idaho,2 wk ahead,Bin,percent,3.6,3.7, 0.05088690296179143590649118778
Idaho,2 wk ahead,Bin,percent,3.7,3.8, 0.04667342975035154717389218604
Idaho,2 wk ahead,Bin,percent,3.8,3.9, 0.04035068268314277034614079298
Idaho,2 wk ahead,Bin,percent,3.9,4, 0.03270995904622810146467060122
Idaho,2 wk ahead,Bin,percent,4,4.1, 0.02477423962746795257916510025
Idaho,2 wk ahead,Bin,percent,4.1,4.2, 0.01748621229412050323559491005
Idaho,2 wk ahead,Bin,percent,4.2,4.3, 0.01148046615237520093333323246
Idaho,2 wk ahead,Bin,percent,4.3,4.4, 0.00700139104498726135006325677
Idaho,2 wk ahead,Bin,percent,4.4,4.5, 0.00396221499768108914585340585
Idaho,2 wk ahead,Bin,percent,4.5,4.6, 0.00207883907849603505324509456
Idaho,2 wk ahead,Bin,percent,4.6,4.7, 0.00101164589004408144064239838
Idaho,2 wk ahead,Bin,percent,4.7,4.8, 0.00045905957712237739111460488
Idaho,2 wk ahead,Bin,percent,4.8,4.9, 0.00020315683733237717249753285
Idaho,2 wk ahead,Bin,percent,4.9,5, 0.00011167573781233038684047171
Idaho,2 wk ahead,Bin,percent,5,5.1, 0.00012636995511872470667261159
Idaho,2 wk ahead,Bin,percent,5.1,5.2, 0.00024825453421208618694920878
Idaho,2 wk ahead,Bin,percent,5.2,5.3, 0.00053099964910324520990514419
Idaho,2 wk ahead,Bin,percent,5.3,5.4, 0.00107567430431628179715586313
Idaho,2 wk ahead,Bin,percent,5.4,5.5, 0.00201828621705894698315497671
Idaho,2 wk ahead,Bin,percent,5.5,5.6, 0.00349744677356303174803331402
Idaho,2 wk ahead,Bin,percent,5.6,5.7, 0.00559314175085864982023275971
Idaho,2 wk ahead,Bin,percent,5.7,5.8, 0.00825624675061634866191084825
Idaho,2 wk ahead,Bin,percent,5.8,5.9, 0.01124789361355275386922247804
Idaho,2 wk ahead,Bin,percent,5.9,6, 0.01414291249921591567262346700
Idaho,2 wk ahead,Bin,percent,6,6.1, 0.01641317703298777672116237625
Idaho,2 wk ahead,Bin,percent,6.1,6.2, 0.01757977743031691186814668981
Idaho,2 wk ahead,Bin,percent,6.2,6.3, 0.01737908334229002968451816002
Idaho,2 wk ahead,Bin,percent,6.3,6.4, 0.01585653718668170175654097420
Idaho,2 wk ahead,Bin,percent,6.4,6.5, 0.01335284194356656239932590324
Idaho,2 wk ahead,Bin,percent,6.5,6.6, 0.01037803244827226016588905821
Idaho,2 wk ahead,Bin,percent,6.6,6.7, 0.00744461449070971635622040452
Idaho,2 wk ahead,Bin,percent,6.7,6.8, 0.00492858343856638833613281747
Idaho,2 wk ahead,Bin,percent,6.8,6.9, 0.00301185049205623380993990246
Idaho,2 wk ahead,Bin,percent,6.9,7, 0.00169833528717265092901345103
Idaho,2 wk ahead,Bin,percent,7,7.1, 0.00088414773443340336552681569
Idaho,2 wk ahead,Bin,percent,7.1,7.2, 0.00042466083117162928836987867
Idaho,2 wk ahead,Bin,percent,7.2,7.3, 0.00021449592302989794242312760
Idaho,2 wk ahead,Bin,percent,7.3,7.4, 0.00019930421640903132137097320
Idaho,2 wk ahead,Bin,percent,7.4,7.5, 0.00019930421640903132137097320
Idaho,2 wk ahead,Bin,percent,7.5,7.6, 0.00019930421640903132137097320
Idaho,2 wk ahead,Bin,percent,7.6,7.7, 0.00019930421640903132137097320
Idaho,2 wk ahead,Bin,percent,7.7,7.8, 0.00019930421640903132137097320
Idaho,2 wk ahead,Bin,percent,7.8,7.9, 0.00019930421640903132137097320
Idaho,2 wk ahead,Bin,percent,7.9,8, 0.00019930421640903132137097320
Idaho,2 wk ahead,Bin,percent,8,8.1, 0.00019930421640903308319950349
Idaho,2 wk ahead,Bin,percent,8.1,8.2, 0.00019930421640903489923814240
Idaho,2 wk ahead,Bin,percent,8.2,8.3, 0.00019930421640903489923814240
Idaho,2 wk ahead,Bin,percent,8.3,8.4, 0.00019930421640903489923814240
Idaho,2 wk ahead,Bin,percent,8.4,8.5, 0.00019930421640903489923814240
Idaho,2 wk ahead,Bin,percent,8.5,8.6, 0.00019930421640903489923814240
Idaho,2 wk ahead,Bin,percent,8.6,8.7, 0.00019930421640903489923814240
Idaho,2 wk ahead,Bin,percent,8.7,8.8, 0.00019930421640903489923814240
Idaho,2 wk ahead,Bin,percent,8.8,8.9, 0.00019930421640903489923814240
Idaho,2 wk ahead,Bin,percent,8.9,9, 0.00019930421640903489923814240
Idaho,2 wk ahead,Bin,percent,9,9.1, 0.00019930421640903489923814240
Idaho,2 wk ahead,Bin,percent,9.1,9.2, 0.00019930421640903489923814240
Idaho,2 wk ahead,Bin,percent,9.2,9.3, 0.00019930421640903489923814240
Idaho,2 wk ahead,Bin,percent,9.3,9.4, 0.00019930421640903489923814240
Idaho,2 wk ahead,Bin,percent,9.4,9.5, 0.00019930421640903489923814240
Idaho,2 wk ahead,Bin,percent,9.5,9.6, 0.00019930421640903489923814240
Idaho,2 wk ahead,Bin,percent,9.6,9.7, 0.00019930421640903489923814240
Idaho,2 wk ahead,Bin,percent,9.7,9.8, 0.00019930421640903489923814240
Idaho,2 wk ahead,Bin,percent,9.8,9.9, 0.00019930421640903489923814240
Idaho,2 wk ahead,Bin,percent,9.9,10, 0.00019930421640903489923814240
Idaho,2 wk ahead,Bin,percent,10,10.1, 0.00019930421640903489923814240
Idaho,2 wk ahead,Bin,percent,10.1,10.2, 0.00019930421640903489923814240
Idaho,2 wk ahead,Bin,percent,10.2,10.3, 0.00019930421640903489923814240
Idaho,2 wk ahead,Bin,percent,10.3,10.4, 0.00019930421640903489923814240
Idaho,2 wk ahead,Bin,percent,10.4,10.5, 0.00019930421640903489923814240
Idaho,2 wk ahead,Bin,percent,10.5,10.6, 0.00019930421640903489923814240
Idaho,2 wk ahead,Bin,percent,10.6,10.7, 0.00019930421640903489923814240
Idaho,2 wk ahead,Bin,percent,10.7,10.8, 0.00019930421640903489923814240
Idaho,2 wk ahead,Bin,percent,10.8,10.9, 0.00019930421640903489923814240
Idaho,2 wk ahead,Bin,percent,10.9,11, 0.00019930421640903489923814240
Idaho,2 wk ahead,Bin,percent,11,11.1, 0.00019930421640903489923814240
Idaho,2 wk ahead,Bin,percent,11.1,11.2, 0.00019930421640903489923814240
Idaho,2 wk ahead,Bin,percent,11.2,11.3, 0.00019930421640903489923814240
Idaho,2 wk ahead,Bin,percent,11.3,11.4, 0.00019930421640903489923814240
Idaho,2 wk ahead,Bin,percent,11.4,11.5, 0.00019930421640903489923814240
Idaho,2 wk ahead,Bin,percent,11.5,11.6, 0.00019930421640903489923814240
Idaho,2 wk ahead,Bin,percent,11.6,11.7, 0.00019930421640903489923814240
Idaho,2 wk ahead,Bin,percent,11.7,11.8, 0.00019930421640903489923814240
Idaho,2 wk ahead,Bin,percent,11.8,11.9, 0.00019930421640903489923814240
Idaho,2 wk ahead,Bin,percent,11.9,12, 0.00019930421640903489923814240
Idaho,2 wk ahead,Bin,percent,12,12.1, 0.00019930421640903489923814240
Idaho,2 wk ahead,Bin,percent,12.1,12.2, 0.00019930421640903489923814240
Idaho,2 wk ahead,Bin,percent,12.2,12.3, 0.00019930421640903489923814240
Idaho,2 wk ahead,Bin,percent,12.3,12.4, 0.00019930421640903489923814240
Idaho,2 wk ahead,Bin,percent,12.4,12.5, 0.00019930421640903489923814240
Idaho,2 wk ahead,Bin,percent,12.5,12.6, 0.00019930421640903489923814240
Idaho,2 wk ahead,Bin,percent,12.6,12.7, 0.00019930421640903489923814240
Idaho,2 wk ahead,Bin,percent,12.7,12.8, 0.00019930421640903489923814240
Idaho,2 wk ahead,Bin,percent,12.8,12.9, 0.00019930421640903489923814240
Idaho,2 wk ahead,Bin,percent,12.9,13, 0.00019930421640903489923814240
Idaho,2 wk ahead,Bin,percent,13,100, 0.00019930421640903489923814240
Idaho,3 wk ahead,Bin,percent,0,0.1, 0.00010368589069083884062535267
Idaho,3 wk ahead,Bin,percent,0.1,0.2, 0.00020737178138167770835575965
Idaho,3 wk ahead,Bin,percent,0.2,0.3, 0.00020737178138167765414565102
Idaho,3 wk ahead,Bin,percent,0.3,0.4, 0.00020737178138167765414565102
Idaho,3 wk ahead,Bin,percent,0.4,0.5, 0.00020737178138167765414565102
Idaho,3 wk ahead,Bin,percent,0.5,0.6, 0.00020737178138167773546081396
Idaho,3 wk ahead,Bin,percent,0.6,0.7, 0.00020737178138167787098608552
Idaho,3 wk ahead,Bin,percent,0.7,0.8, 0.00020737178138167787098608552
Idaho,3 wk ahead,Bin,percent,0.8,0.9, 0.00020737178138167787098608552
Idaho,3 wk ahead,Bin,percent,0.9,1, 0.00020737178138167787098608552
Idaho,3 wk ahead,Bin,percent,1,1.1, 0.00023907256779165652347055038
Idaho,3 wk ahead,Bin,percent,1.1,1.2, 0.00043636611174475417249118969
Idaho,3 wk ahead,Bin,percent,1.2,1.3, 0.00079161588717099483272082727
Idaho,3 wk ahead,Bin,percent,1.3,1.4, 0.00137614463015554942121321247
Idaho,3 wk ahead,Bin,percent,1.4,1.5, 0.00229343017102216989791529933
Idaho,3 wk ahead,Bin,percent,1.5,1.6, 0.00366532595014457032028820649
Idaho,3 wk ahead,Bin,percent,1.6,1.7, 0.00562033082821210890761554069
Idaho,3 wk ahead,Bin,percent,1.7,1.8, 0.00827245459961748440258499926
Idaho,3 wk ahead,Bin,percent,1.8,1.9, 0.01169461965365586539333797589
Idaho,3 wk ahead,Bin,percent,1.9,2, 0.01588868893835543652515163160
Idaho,3 wk ahead,Bin,percent,2,2.1, 0.02076065251683444079500162616
Idaho,3 wk ahead,Bin,percent,2.1,2.2, 0.02610807604743983767470183466
Idaho,3 wk ahead,Bin,percent,2.2,2.3, 0.03162557969008260999599357888
Idaho,3 wk ahead,Bin,percent,2.3,2.4, 0.03693189794966246497498474355
Idaho,3 wk ahead,Bin,percent,2.4,2.5, 0.04161527653544933730289656637
Idaho,3 wk ahead,Bin,percent,2.5,2.6, 0.04529047758880178770057867155
Idaho,3 wk ahead,Bin,percent,2.6,2.7, 0.04765538995501289454281845792
Idaho,3 wk ahead,Bin,percent,2.7,2.8, 0.04853924917262521232519389969
Idaho,3 wk ahead,Bin,percent,2.8,2.9, 0.04793077743536746510022439338
Idaho,3 wk ahead,Bin,percent,2.9,3, 0.04598189898781300521957149385
Idaho,3 wk ahead,Bin,percent,3,3.1, 0.04298681486371818544212075608
Idaho,3 wk ahead,Bin,percent,3.1,3.2, 0.03933598195568642486019683702
Idaho,3 wk ahead,Bin,percent,3.2,3.3, 0.03545469530675143116082992378
Idaho,3 wk ahead,Bin,percent,3.3,3.4, 0.03173434221096839424891555836
Idaho,3 wk ahead,Bin,percent,3.4,3.5, 0.02847046400001156454817596853
Idaho,3 wk ahead,Bin,percent,3.5,3.6, 0.02581979275142800428488598641
Idaho,3 wk ahead,Bin,percent,3.6,3.7, 0.02378697260521623127460522085
Idaho,3 wk ahead,Bin,percent,3.7,3.8, 0.02224377551188367468926188053
Idaho,3 wk ahead,Bin,percent,3.8,3.9, 0.02097667297815113823800103887
Idaho,3 wk ahead,Bin,percent,3.9,4, 0.01974960382287207008578100442
Idaho,3 wk ahead,Bin,percent,4,4.1, 0.01836568770085543131354022250
Idaho,3 wk ahead,Bin,percent,4.1,4.2, 0.01671206621177652798526658273
Idaho,3 wk ahead,Bin,percent,4.2,4.3, 0.01477862079852041050920252729
Idaho,3 wk ahead,Bin,percent,4.3,4.4, 0.01264913413476015553726927720
Idaho,3 wk ahead,Bin,percent,4.4,4.5, 0.01047220342854690913747539582
Idaho,3 wk ahead,Bin,percent,4.5,4.6, 0.00842330860503949854778404926
Idaho,3 wk ahead,Bin,percent,4.6,4.7, 0.00666975171974137047425923441
Idaho,3 wk ahead,Bin,percent,4.7,4.8, 0.00534607122642647304006091602
Idaho,3 wk ahead,Bin,percent,4.8,4.9, 0.00454141031939768631542353461
Idaho,3 wk ahead,Bin,percent,4.9,5, 0.00429729328992608725079627163
Idaho,3 wk ahead,Bin,percent,5,5.1, 0.00460834452854052677855944964
Idaho,3 wk ahead,Bin,percent,5.1,5.2, 0.00542477214542883435371978251
Idaho,3 wk ahead,Bin,percent,5.2,5.3, 0.00665194045404756285205793986
Idaho,3 wk ahead,Bin,percent,5.3,5.4, 0.00815211783182494612032265024
Idaho,3 wk ahead,Bin,percent,5.4,5.5, 0.00975027953748380110665650022
Idaho,3 wk ahead,Bin,percent,5.5,5.6, 0.01124869849826446929763612559
Idaho,3 wk ahead,Bin,percent,5.6,5.7, 0.01245087886264112028711359415
Idaho,3 wk ahead,Bin,percent,5.7,5.8, 0.01319090198086150626799462060
Idaho,3 wk ahead,Bin,percent,5.8,5.9, 0.01336226785576667512589477127
Idaho,3 wk ahead,Bin,percent,5.9,6, 0.01293633966016077482819035538
Idaho,3 wk ahead,Bin,percent,6,6.1, 0.01196721083183308227682051239
Idaho,3 wk ahead,Bin,percent,6.1,6.2, 0.01057744731117386295660143247
Idaho,3 wk ahead,Bin,percent,6.2,6.3, 0.00893227970995247658181348527
Idaho,3 wk ahead,Bin,percent,6.3,6.4, 0.00720659324461635480280063959
Idaho,3 wk ahead,Bin,percent,6.4,6.5, 0.00555497208647177942442141330
Idaho,3 wk ahead,Bin,percent,6.5,6.6, 0.00409087637994129046936642169
Idaho,3 wk ahead,Bin,percent,6.6,6.7, 0.00287824084410330050323723050
Idaho,3 wk ahead,Bin,percent,6.7,6.8, 0.00193476490483357119187779460
Idaho,3 wk ahead,Bin,percent,6.8,6.9, 0.00124249046677235141372674931
Idaho,3 wk ahead,Bin,percent,6.9,7, 0.00076234820018428498759194278
Idaho,3 wk ahead,Bin,percent,7,7.1, 0.00044686230906004927292823892
Idaho,3 wk ahead,Bin,percent,7.1,7.2, 0.00025027079762163472994099256
Idaho,3 wk ahead,Bin,percent,7.2,7.3, 0.00015486158795641674157730905
Idaho,3 wk ahead,Bin,percent,7.3,7.4, 0.00015038309290855178296415773
Idaho,3 wk ahead,Bin,percent,7.4,7.5, 0.00015038309290855178296415773
Idaho,3 wk ahead,Bin,percent,7.5,7.6, 0.00015038309290855178296415773
Idaho,3 wk ahead,Bin,percent,7.6,7.7, 0.00015038309290855178296415773
Idaho,3 wk ahead,Bin,percent,7.7,7.8, 0.00015038309290855178296415773
Idaho,3 wk ahead,Bin,percent,7.8,7.9, 0.00015038309290855178296415773
Idaho,3 wk ahead,Bin,percent,7.9,8, 0.00015038309290855178296415773
Idaho,3 wk ahead,Bin,percent,8,8.1, 0.00015038309290855313821687333
Idaho,3 wk ahead,Bin,percent,8.1,8.2, 0.00015038309290855446636453463
Idaho,3 wk ahead,Bin,percent,8.2,8.3, 0.00015038309290855446636453463
Idaho,3 wk ahead,Bin,percent,8.3,8.4, 0.00015038309290855446636453463
Idaho,3 wk ahead,Bin,percent,8.4,8.5, 0.00015038309290855446636453463
Idaho,3 wk ahead,Bin,percent,8.5,8.6, 0.00015038309290855446636453463
Idaho,3 wk ahead,Bin,percent,8.6,8.7, 0.00015038309290855446636453463
Idaho,3 wk ahead,Bin,percent,8.7,8.8, 0.00015038309290855446636453463
Idaho,3 wk ahead,Bin,percent,8.8,8.9, 0.00015038309290855446636453463
Idaho,3 wk ahead,Bin,percent,8.9,9, 0.00015038309290855446636453463
Idaho,3 wk ahead,Bin,percent,9,9.1, 0.00015038309290855446636453463
Idaho,3 wk ahead,Bin,percent,9.1,9.2, 0.00015038309290855446636453463
Idaho,3 wk ahead,Bin,percent,9.2,9.3, 0.00015038309290855446636453463
Idaho,3 wk ahead,Bin,percent,9.3,9.4, 0.00015038309290855446636453463
Idaho,3 wk ahead,Bin,percent,9.4,9.5, 0.00015038309290855446636453463
Idaho,3 wk ahead,Bin,percent,9.5,9.6, 0.00015038309290855446636453463
Idaho,3 wk ahead,Bin,percent,9.6,9.7, 0.00015038309290855446636453463
Idaho,3 wk ahead,Bin,percent,9.7,9.8, 0.00015038309290855446636453463
Idaho,3 wk ahead,Bin,percent,9.8,9.9, 0.00015038309290855446636453463
Idaho,3 wk ahead,Bin,percent,9.9,10, 0.00015038309290855446636453463
Idaho,3 wk ahead,Bin,percent,10,10.1, 0.00015038309290855446636453463
Idaho,3 wk ahead,Bin,percent,10.1,10.2, 0.00015038309290855446636453463
Idaho,3 wk ahead,Bin,percent,10.2,10.3, 0.00015038309290855446636453463
Idaho,3 wk ahead,Bin,percent,10.3,10.4, 0.00015038309290855446636453463
Idaho,3 wk ahead,Bin,percent,10.4,10.5, 0.00015038309290855446636453463
Idaho,3 wk ahead,Bin,percent,10.5,10.6, 0.00015038309290855446636453463
Idaho,3 wk ahead,Bin,percent,10.6,10.7, 0.00015038309290855446636453463
Idaho,3 wk ahead,Bin,percent,10.7,10.8, 0.00015038309290855446636453463
Idaho,3 wk ahead,Bin,percent,10.8,10.9, 0.00015038309290855446636453463
Idaho,3 wk ahead,Bin,percent,10.9,11, 0.00015038309290855446636453463
Idaho,3 wk ahead,Bin,percent,11,11.1, 0.00015038309290855446636453463
Idaho,3 wk ahead,Bin,percent,11.1,11.2, 0.00015038309290855446636453463
Idaho,3 wk ahead,Bin,percent,11.2,11.3, 0.00015038309290855446636453463
Idaho,3 wk ahead,Bin,percent,11.3,11.4, 0.00015038309290855446636453463
Idaho,3 wk ahead,Bin,percent,11.4,11.5, 0.00015038309290855446636453463
Idaho,3 wk ahead,Bin,percent,11.5,11.6, 0.00015038309290855446636453463
Idaho,3 wk ahead,Bin,percent,11.6,11.7, 0.00015038309290855446636453463
Idaho,3 wk ahead,Bin,percent,11.7,11.8, 0.00015038309290855446636453463
Idaho,3 wk ahead,Bin,percent,11.8,11.9, 0.00015038309290855446636453463
Idaho,3 wk ahead,Bin,percent,11.9,12, 0.00015038309290855446636453463
Idaho,3 wk ahead,Bin,percent,12,12.1, 0.00015038309290855446636453463
Idaho,3 wk ahead,Bin,percent,12.1,12.2, 0.00015038309290855446636453463
Idaho,3 wk ahead,Bin,percent,12.2,12.3, 0.00015038309290855446636453463
Idaho,3 wk ahead,Bin,percent,12.3,12.4, 0.00015038309290855446636453463
Idaho,3 wk ahead,Bin,percent,12.4,12.5, 0.00015038309290855446636453463
Idaho,3 wk ahead,Bin,percent,12.5,12.6, 0.00015038309290855446636453463
Idaho,3 wk ahead,Bin,percent,12.6,12.7, 0.00015038309290855446636453463
Idaho,3 wk ahead,Bin,percent,12.7,12.8, 0.00015038309290855446636453463
Idaho,3 wk ahead,Bin,percent,12.8,12.9, 0.00015038309290855446636453463
Idaho,3 wk ahead,Bin,percent,12.9,13, 0.00015038309290855446636453463
Idaho,3 wk ahead,Bin,percent,13,100, 0.00015038309290855446636453463
Idaho,4 wk ahead,Bin,percent,0,0.1, 0.00010996274613088071467944390
Idaho,4 wk ahead,Bin,percent,0.1,0.2, 0.00021992549226176151067405073
Idaho,4 wk ahead,Bin,percent,0.2,0.3, 0.00021992549226176140225383349
Idaho,4 wk ahead,Bin,percent,0.3,0.4, 0.00025001538689978691819629231
Idaho,4 wk ahead,Bin,percent,0.4,0.5, 0.00041184754749071049830314029
Idaho,4 wk ahead,Bin,percent,0.5,0.6, 0.00067463513689483198525892460
Idaho,4 wk ahead,Bin,percent,0.6,0.7, 0.00107146308713428387547617060
Idaho,4 wk ahead,Bin,percent,0.7,0.8, 0.00164989808778927206540931838
Idaho,4 wk ahead,Bin,percent,0.8,0.9, 0.00246314316465527432739590630
Idaho,4 wk ahead,Bin,percent,0.9,1, 0.00356560694764774610901469920
Idaho,4 wk ahead,Bin,percent,1,1.1, 0.00500418341771262029094025081
Idaho,4 wk ahead,Bin,percent,1.1,1.2, 0.00680975241463564924526696842
Idaho,4 wk ahead,Bin,percent,1.2,1.3, 0.00898515056391191793694339651
Idaho,4 wk ahead,Bin,percent,1.3,1.4, 0.01149592101298716612101102896
Idaho,4 wk ahead,Bin,percent,1.4,1.5, 0.01426266071401935224549628600
Idaho,4 wk ahead,Bin,percent,1.5,1.6, 0.01716111442669160380702919610
Idaho,4 wk ahead,Bin,percent,1.6,1.7, 0.02002824458497544021784442236
Idaho,4 wk ahead,Bin,percent,1.7,1.8, 0.02267777146596904741526756766
Idaho,4 wk ahead,Bin,percent,1.8,1.9, 0.02492157647115281551841725616
Idaho,4 wk ahead,Bin,percent,1.9,2, 0.02659690780443945551381190739
Idaho,4 wk ahead,Bin,percent,2,2.1, 0.02759049903897809949415709241
Idaho,4 wk ahead,Bin,percent,2.1,2.2, 0.02785994215932724102358086782
Idaho,4 wk ahead,Bin,percent,2.2,2.3, 0.02744170605984487185113884777
Idaho,4 wk ahead,Bin,percent,2.3,2.4, 0.02645095316258646786500285941
Idaho,4 wk ahead,Bin,percent,2.4,2.5, 0.02506439739253625564874283782
Idaho,4 wk ahead,Bin,percent,2.5,2.6, 0.02349495262918903371041068340
Idaho,4 wk ahead,Bin,percent,2.6,2.7, 0.02196089729397970868873812833
Idaho,4 wk ahead,Bin,percent,2.7,2.8, 0.02065362561900802029768442480
Idaho,4 wk ahead,Bin,percent,2.8,2.9, 0.01971179216240073750476824443
Idaho,4 wk ahead,Bin,percent,2.9,3, 0.01920575902192943676394243369
Idaho,4 wk ahead,Bin,percent,3,3.1, 0.01913372317928958843413766999
Idaho,4 wk ahead,Bin,percent,3.1,3.2, 0.01943168952762507756260035308
Idaho,4 wk ahead,Bin,percent,3.2,3.3, 0.01999296468782598909519343522
Idaho,4 wk ahead,Bin,percent,3.3,3.4, 0.02069366881622533571594146906
Idaho,4 wk ahead,Bin,percent,3.4,3.5, 0.02141953693151791779381021286
Idaho,4 wk ahead,Bin,percent,3.5,3.6, 0.02208706685759894219889254430
Idaho,4 wk ahead,Bin,percent,3.6,3.7, 0.02265611567748396920629616602
Idaho,4 wk ahead,Bin,percent,3.7,3.8, 0.02313085177895340266429613507
Idaho,4 wk ahead,Bin,percent,3.8,3.9, 0.02354936988506675654697630762
Idaho,4 wk ahead,Bin,percent,3.9,4, 0.02396522238256953638013690977
Idaho,4 wk ahead,Bin,percent,4,4.1, 0.02442489156070693639977164935
Idaho,4 wk ahead,Bin,percent,4.1,4.2, 0.02494743263480905456908054418
Idaho,4 wk ahead,Bin,percent,4.2,4.3, 0.02551104925615322455145772551
Idaho,4 wk ahead,Bin,percent,4.3,4.4, 0.02604998258629380794570984392
Idaho,4 wk ahead,Bin,percent,4.4,4.5, 0.02646269418377282522936155829
Idaho,4 wk ahead,Bin,percent,4.5,4.6, 0.02662914298440092683573077181
Idaho,4 wk ahead,Bin,percent,4.6,4.7, 0.02643397309913324971786252604
Idaho,4 wk ahead,Bin,percent,4.7,4.8, 0.02578818603238926601695091279
Idaho,4 wk ahead,Bin,percent,4.8,4.9, 0.02464841314389456736200223474
Idaho,4 wk ahead,Bin,percent,4.9,5, 0.02302468519612736047585954680
Idaho,4 wk ahead,Bin,percent,5,5.1, 0.02098100237004778614857691821
Idaho,4 wk ahead,Bin,percent,5.1,5.2, 0.01862392662074121435500373423
Idaho,4 wk ahead,Bin,percent,5.2,5.3, 0.01608761429476186083364908086
Idaho,4 wk ahead,Bin,percent,5.3,5.4, 0.01351331752294088542343253323
Idaho,4 wk ahead,Bin,percent,5.4,5.5, 0.01103200341585264775134955784
Idaho,4 wk ahead,Bin,percent,5.5,5.6, 0.00874974018172874727639065640
Idaho,4 wk ahead,Bin,percent,5.6,5.7, 0.00674013431965087006503267730
Idaho,4 wk ahead,Bin,percent,5.7,5.8, 0.00504168260685852048785804413
Idaho,4 wk ahead,Bin,percent,5.8,5.9, 0.00366152396666705789302076468
Idaho,4 wk ahead,Bin,percent,5.9,6, 0.00258141797443054875002554915
Idaho,4 wk ahead,Bin,percent,6,6.1, 0.00176655905965367415570710374
Idaho,4 wk ahead,Bin,percent,6.1,6.2, 0.00117342677172218396927649842
Idaho,4 wk ahead,Bin,percent,6.2,6.3, 0.00075641255596516489105585190
Idaho,4 wk ahead,Bin,percent,6.3,6.4, 0.00047321288869940544277378769
Idaho,4 wk ahead,Bin,percent,6.4,6.5, 0.00028727996273902157249244271
Idaho,4 wk ahead,Bin,percent,6.5,6.6, 0.00017612041683039494910367750
Idaho,4 wk ahead,Bin,percent,6.6,6.7, 0.00015938052559124317127982329
Idaho,4 wk ahead,Bin,percent,6.7,6.8, 0.00015938052559124317127982329
Idaho,4 wk ahead,Bin,percent,6.8,6.9, 0.00015938052559124317127982329
Idaho,4 wk ahead,Bin,percent,6.9,7, 0.00015938052559124317127982329
Idaho,4 wk ahead,Bin,percent,7,7.1, 0.00015938052559124317127982329
Idaho,4 wk ahead,Bin,percent,7.1,7.2, 0.00015938052559124317127982329
Idaho,4 wk ahead,Bin,percent,7.2,7.3, 0.00015938052559124317127982329
Idaho,4 wk ahead,Bin,percent,7.3,7.4, 0.00015938052559124317127982329
Idaho,4 wk ahead,Bin,percent,7.4,7.5, 0.00015938052559124317127982329
Idaho,4 wk ahead,Bin,percent,7.5,7.6, 0.00015938052559124317127982329
Idaho,4 wk ahead,Bin,percent,7.6,7.7, 0.00015938052559124317127982329
Idaho,4 wk ahead,Bin,percent,7.7,7.8, 0.00015938052559124317127982329
Idaho,4 wk ahead,Bin,percent,7.8,7.9, 0.00015938052559124317127982329
Idaho,4 wk ahead,Bin,percent,7.9,8, 0.00015938052559124317127982329
Idaho,4 wk ahead,Bin,percent,8,8.1, 0.00015938052559124460784770183
Idaho,4 wk ahead,Bin,percent,8.1,8.2, 0.00015938052559124599020547175
Idaho,4 wk ahead,Bin,percent,8.2,8.3, 0.00015938052559124599020547175
Idaho,4 wk ahead,Bin,percent,8.3,8.4, 0.00015938052559124599020547175
Idaho,4 wk ahead,Bin,percent,8.4,8.5, 0.00015938052559124599020547175
Idaho,4 wk ahead,Bin,percent,8.5,8.6, 0.00015938052559124599020547175
Idaho,4 wk ahead,Bin,percent,8.6,8.7, 0.00015938052559124599020547175
Idaho,4 wk ahead,Bin,percent,8.7,8.8, 0.00015938052559124599020547175
Idaho,4 wk ahead,Bin,percent,8.8,8.9, 0.00015938052559124599020547175
Idaho,4 wk ahead,Bin,percent,8.9,9, 0.00015938052559124599020547175
Idaho,4 wk ahead,Bin,percent,9,9.1, 0.00015938052559124599020547175
Idaho,4 wk ahead,Bin,percent,9.1,9.2, 0.00015938052559124599020547175
Idaho,4 wk ahead,Bin,percent,9.2,9.3, 0.00015938052559124599020547175
Idaho,4 wk ahead,Bin,percent,9.3,9.4, 0.00015938052559124599020547175
Idaho,4 wk ahead,Bin,percent,9.4,9.5, 0.00015938052559124599020547175
Idaho,4 wk ahead,Bin,percent,9.5,9.6, 0.00015938052559124599020547175
Idaho,4 wk ahead,Bin,percent,9.6,9.7, 0.00015938052559124599020547175
Idaho,4 wk ahead,Bin,percent,9.7,9.8, 0.00015938052559124599020547175
Idaho,4 wk ahead,Bin,percent,9.8,9.9, 0.00015938052559124599020547175
Idaho,4 wk ahead,Bin,percent,9.9,10, 0.00015938052559124599020547175
Idaho,4 wk ahead,Bin,percent,10,10.1, 0.00015938052559124599020547175
Idaho,4 wk ahead,Bin,percent,10.1,10.2, 0.00015938052559124599020547175
Idaho,4 wk ahead,Bin,percent,10.2,10.3, 0.00015938052559124599020547175
Idaho,4 wk ahead,Bin,percent,10.3,10.4, 0.00015938052559124599020547175
Idaho,4 wk ahead,Bin,percent,10.4,10.5, 0.00015938052559124599020547175
Idaho,4 wk ahead,Bin,percent,10.5,10.6, 0.00015938052559124599020547175
Idaho,4 wk ahead,Bin,percent,10.6,10.7, 0.00015938052559124599020547175
Idaho,4 wk ahead,Bin,percent,10.7,10.8, 0.00015938052559124599020547175
Idaho,4 wk ahead,Bin,percent,10.8,10.9, 0.00015938052559124599020547175
Idaho,4 wk ahead,Bin,percent,10.9,11, 0.00015938052559124599020547175
Idaho,4 wk ahead,Bin,percent,11,11.1, 0.00015938052559124599020547175
Idaho,4 wk ahead,Bin,percent,11.1,11.2, 0.00015938052559124599020547175
Idaho,4 wk ahead,Bin,percent,11.2,11.3, 0.00015938052559124599020547175
Idaho,4 wk ahead,Bin,percent,11.3,11.4, 0.00015938052559124599020547175
Idaho,4 wk ahead,Bin,percent,11.4,11.5, 0.00015938052559124599020547175
Idaho,4 wk ahead,Bin,percent,11.5,11.6, 0.00015938052559124599020547175
Idaho,4 wk ahead,Bin,percent,11.6,11.7, 0.00015938052559124599020547175
Idaho,4 wk ahead,Bin,percent,11.7,11.8, 0.00015938052559124599020547175
Idaho,4 wk ahead,Bin,percent,11.8,11.9, 0.00015938052559124599020547175
Idaho,4 wk ahead,Bin,percent,11.9,12, 0.00015938052559124599020547175
Idaho,4 wk ahead,Bin,percent,12,12.1, 0.00015938052559124599020547175
Idaho,4 wk ahead,Bin,percent,12.1,12.2, 0.00015938052559124599020547175
Idaho,4 wk ahead,Bin,percent,12.2,12.3, 0.00015938052559124599020547175
Idaho,4 wk ahead,Bin,percent,12.3,12.4, 0.00015938052559124599020547175
Idaho,4 wk ahead,Bin,percent,12.4,12.5, 0.00015938052559124599020547175
Idaho,4 wk ahead,Bin,percent,12.5,12.6, 0.00015938052559124599020547175
Idaho,4 wk ahead,Bin,percent,12.6,12.7, 0.00015938052559124599020547175
Idaho,4 wk ahead,Bin,percent,12.7,12.8, 0.00015938052559124599020547175
Idaho,4 wk ahead,Bin,percent,12.8,12.9, 0.00015938052559124599020547175
Idaho,4 wk ahead,Bin,percent,12.9,13, 0.00015938052559124599020547175
Idaho,4 wk ahead,Bin,percent,13,100, 0.00015938052559124599020547175
Iowa,Season peak week,Bin,week,40,41, 0.00041561749338906182676608991
Iowa,Season peak week,Bin,week,41,42, 0.00041561749338906182676608991
Iowa,Season peak week,Bin,week,42,43, 0.00041561749338906182676608991
Iowa,Season peak week,Bin,week,43,44, 0.00041561749338906182676608991
Iowa,Season peak week,Bin,week,44,45, 0.00041561749338906182676608991
Iowa,Season peak week,Bin,week,45,46, 0.00041561749338906182676608991
Iowa,Season peak week,Bin,week,46,47, 0.00073265416980197327258966800
Iowa,Season peak week,Bin,week,47,48, 0.00318158640860306818343161694
Iowa,Season peak week,Bin,week,48,49, 0.01066197848826661020993356033
Iowa,Season peak week,Bin,week,49,50, 0.02727624201598991687811590623
Iowa,Season peak week,Bin,week,50,51, 0.05456723238030144335075632966
Iowa,Season peak week,Bin,week,51,52, 0.08820792694099398312257420685
Iowa,Season peak week,Bin,week,52,53, 0.11962587767631532864598398191
Iowa,Season peak week,Bin,week,1,2, 0.14055599432151033578719534489
Iowa,Season peak week,Bin,week,2,3, 0.14572191804845399665246929999
Iowa,Season peak week,Bin,week,3,4, 0.13412943956795572719720155419
Iowa,Season peak week,Bin,week,4,5, 0.10937884042628463754365242266
Iowa,Season peak week,Bin,week,5,6, 0.07787700632173620574061345678
Iowa,Season peak week,Bin,week,6,7, 0.04695308089848149873946070443
Iowa,Season peak week,Bin,week,7,8, 0.02306210024888635107265244528
Iowa,Season peak week,Bin,week,8,9, 0.00891022191981400736582319411
Iowa,Season peak week,Bin,week,9,10, 0.00263811283676355923244472024
Iowa,Season peak week,Bin,week,10,11, 0.00060424005727532632912396560
Iowa,Season peak week,Bin,week,11,12, 0.00034218423122316446449708849
Iowa,Season peak week,Bin,week,12,13, 0.00034218423122316446449708849
Iowa,Season peak week,Bin,week,13,14, 0.00034218423122316446449708849
Iowa,Season peak week,Bin,week,14,15, 0.00034218423122316446449708849
Iowa,Season peak week,Bin,week,15,16, 0.00034218423122316446449708849
Iowa,Season peak week,Bin,week,16,17, 0.00034218423122316446449708849
Iowa,Season peak week,Bin,week,17,18, 0.00034218423122316446449708849
Iowa,Season peak week,Bin,week,18,19, 0.00034218423122316446449708849
Iowa,Season peak week,Bin,week,19,20, 0.00034218423122316446449708849
Iowa,Season peak week,Bin,week,20,21, 0.00034218423122316446449708849
Iowa,Season peak percentage,Bin,percent,0,0.1, 0.00644105125496693790843050209
Iowa,Season peak percentage,Bin,percent,0.1,0.2, 0.01335543990681342489679206409
Iowa,Season peak percentage,Bin,percent,0.2,0.3, 0.01397242717308003548404293781
Iowa,Season peak percentage,Bin,percent,0.3,0.4, 0.01456891901816288747983918483
Iowa,Season peak percentage,Bin,percent,0.4,0.5, 0.01514116204501668970505701139
Iowa,Season peak percentage,Bin,percent,0.5,0.6, 0.01568557844588181621192646276
Iowa,Season peak percentage,Bin,percent,0.6,0.7, 0.01619892061758028758977623340
Iowa,Season peak percentage,Bin,percent,0.7,0.8, 0.01667796335428439399861666459
Iowa,Season peak percentage,Bin,percent,0.8,0.9, 0.01712051441286433287047863416
Iowa,Season peak percentage,Bin,percent,0.9,1, 0.01752470152159683186576799585
Iowa,Season peak percentage,Bin,percent,1,1.1, 0.01788906115378299799267836079
Iowa,Season peak percentage,Bin,percent,1.1,1.2, 0.01821253529504054599619244925
Iowa,Season peak percentage,Bin,percent,1.2,1.3, 0.01849432048323652530430472041
Iowa,Season peak percentage,Bin,percent,1.3,1.4, 0.01873476184536753200160497101
Iowa,Season peak percentage,Bin,percent,1.4,1.5, 0.01893440947047679567827316305
Iowa,Season peak percentage,Bin,percent,1.5,1.6, 0.01909420017779706740812528665
Iowa,Season peak percentage,Bin,percent,1.6,1.7, 0.01921531896132886926831240260
Iowa,Season peak percentage,Bin,percent,1.7,1.8, 0.01929930765596457598043400594
Iowa,Season peak percentage,Bin,percent,1.8,1.9, 0.01934840996785740924179819444
Iowa,Season peak percentage,Bin,percent,1.9,2, 0.01936485300035068607416022246
Iowa,Season peak percentage,Bin,percent,2,2.1, 0.01935101163034384438854651478
Iowa,Season peak percentage,Bin,percent,2.1,2.2, 0.01930915853204635476703110442
Iowa,Season peak percentage,Bin,percent,2.2,2.3, 0.01924195135402490680620601893
Iowa,Season peak percentage,Bin,percent,2.3,2.4, 0.01915199548237894733304642614
Iowa,Season peak percentage,Bin,percent,2.4,2.5, 0.01904168985048581078101115338
Iowa,Season peak percentage,Bin,percent,2.5,2.6, 0.01891326763848130004808112403
Iowa,Season peak percentage,Bin,percent,2.6,2.7, 0.01876869323850529833186406847
Iowa,Season peak percentage,Bin,percent,2.7,2.8, 0.01860993415629206421124663962
Iowa,Season peak percentage,Bin,percent,2.8,2.9, 0.01843859013730683379939101485
Iowa,Season peak percentage,Bin,percent,2.9,3, 0.01825593392471993106629390979
Iowa,Season peak percentage,Bin,percent,3,3.1, 0.01806291175599758491721047449
Iowa,Season peak percentage,Bin,percent,3.1,3.2, 0.01786012051169524883498240797
Iowa,Season peak percentage,Bin,percent,3.2,3.3, 0.01764799274335798404123032412
Iowa,Season peak percentage,Bin,percent,3.3,3.4, 0.01742660398878444552583921734
Iowa,Season peak percentage,Bin,percent,3.4,3.5, 0.01719575024246304886799130429
Iowa,Season peak percentage,Bin,percent,3.5,3.6, 0.01695494934049908072881684973
Iowa,Season peak percentage,Bin,percent,3.6,3.7, 0.01670351962262070499853905403
Iowa,Season peak percentage,Bin,percent,3.7,3.8, 0.01644075346762891715046706054
Iowa,Season peak percentage,Bin,percent,3.8,3.9, 0.01616576429548920168510761641
Iowa,Season peak percentage,Bin,percent,3.9,4, 0.01587760728189676479038539014
Iowa,Season peak percentage,Bin,percent,4,4.1, 0.01557524301400491605062992306
Iowa,Season peak percentage,Bin,percent,4.1,4.2, 0.01525784268018145518885919643
Iowa,Season peak percentage,Bin,percent,4.2,4.3, 0.01492468887133880511841610428
Iowa,Season peak percentage,Bin,percent,4.3,4.4, 0.01457515959428179637413780512
Iowa,Season peak percentage,Bin,percent,4.4,4.5, 0.01420880578628656160100618422
Iowa,Season peak percentage,Bin,percent,4.5,4.6, 0.01382529789168608115590419771
Iowa,Season peak percentage,Bin,percent,4.6,4.7, 0.01342483721900737322907382065
Iowa,Season peak percentage,Bin,percent,4.7,4.8, 0.01300780494427991249017928510
Iowa,Season peak percentage,Bin,percent,4.8,4.9, 0.01257483432078786676766579689
Iowa,Season peak percentage,Bin,percent,4.9,5, 0.01212682094829336566788047236
Iowa,Season peak percentage,Bin,percent,5,5.1, 0.01166489496623676104525291208
Iowa,Season peak percentage,Bin,percent,5.1,5.2, 0.01119070774251048824843302043
Iowa,Season peak percentage,Bin,percent,5.2,5.3, 0.01070601328941810440054105413
Iowa,Season peak percentage,Bin,percent,5.3,5.4, 0.01021278757929306585383599781
Iowa,Season peak percentage,Bin,percent,5.4,5.5, 0.00971317071943032621372804414
Iowa,Season peak percentage,Bin,percent,5.5,5.6, 0.00920950472687898438750586649
Iowa,Season peak percentage,Bin,percent,5.6,5.7, 0.00870426222210858753502993324
Iowa,Season peak percentage,Bin,percent,5.7,5.8, 0.00819993045376606229102112167
Iowa,Season peak percentage,Bin,percent,5.8,5.9, 0.00769901955830524457186081477
Iowa,Season peak percentage,Bin,percent,5.9,6, 0.00720406357412840120391095411
Iowa,Season peak percentage,Bin,percent,6,6.1, 0.00671746413812393961678681720
Iowa,Season peak percentage,Bin,percent,6.1,6.2, 0.00624148717157703078473041103
Iowa,Season peak percentage,Bin,percent,6.2,6.3, 0.00577826765285641402031258096
Iowa,Season peak percentage,Bin,percent,6.3,6.4, 0.00532979842929887700359037339
Iowa,Season peak percentage,Bin,percent,6.4,6.5, 0.00489796151417092474195102980
Iowa,Season peak percentage,Bin,percent,6.5,6.6, 0.00448414018826171802134528122
Iowa,Season peak percentage,Bin,percent,6.6,6.7, 0.00408957921095029399566334050
Iowa,Season peak percentage,Bin,percent,6.7,6.8, 0.00371528666701693511056903141
Iowa,Season peak percentage,Bin,percent,6.8,6.9, 0.00336210996599533131282133702
Iowa,Season peak percentage,Bin,percent,6.9,7, 0.00303066987221881078973240164
Iowa,Season peak percentage,Bin,percent,7,7.1, 0.00272102265700127502259797474
Iowa,Season peak percentage,Bin,percent,7.1,7.2, 0.00243318261618254844114161983
Iowa,Season peak percentage,Bin,percent,7.2,7.3, 0.00216696930105194371721233360
Iowa,Season peak percentage,Bin,percent,7.3,7.4, 0.00192209397934134146486429007
Iowa,Season peak percentage,Bin,percent,7.4,7.5, 0.00169800456920028036179870501
Iowa,Season peak percentage,Bin,percent,7.5,7.6, 0.00149383642354915832477224580
Iowa,Season peak percentage,Bin,percent,7.6,7.7, 0.00130874418301838357434063731
Iowa,Season peak percentage,Bin,percent,7.7,7.8, 0.00114178948005038403447353179
Iowa,Season peak percentage,Bin,percent,7.8,7.9, 0.00099204937894861950145597440
Iowa,Season peak percentage,Bin,percent,7.9,8, 0.00085833995951921208695384324
Iowa,Season peak percentage,Bin,percent,8,8.1, 0.00073949257301620264365427104
Iowa,Season peak percentage,Bin,percent,8.1,8.2, 0.00063437541715060156120864487
Iowa,Season peak percentage,Bin,percent,8.2,8.3, 0.00054188672749137160953442072
Iowa,Season peak percentage,Bin,percent,8.3,8.4, 0.00046097786198028771302570572
Iowa,Season peak percentage,Bin,percent,8.4,8.5, 0.00039045472243064469715020937
Iowa,Season peak percentage,Bin,percent,8.5,8.6, 0.00032928238437756566104469558
Iowa,Season peak percentage,Bin,percent,8.6,8.7, 0.00027647854418051768252487244
Iowa,Season peak percentage,Bin,percent,8.7,8.8, 0.00023115282015888290482671930
Iowa,Season peak percentage,Bin,percent,8.8,8.9, 0.00019245233005995139542385064
Iowa,Season peak percentage,Bin,percent,8.9,9, 0.00015952570161116737257334108
Iowa,Season peak percentage,Bin,percent,9,9.1, 0.00013164628809717200674800353
Iowa,Season peak percentage,Bin,percent,9.1,9.2, 0.00010815501294900018618497239
Iowa,Season peak percentage,Bin,percent,9.2,9.3, 0.00008848018876732092715450134
Iowa,Season peak percentage,Bin,percent,9.3,9.4, 0.00007278256393305220135498540
Iowa,Season peak percentage,Bin,percent,9.4,9.5, 0.00006925174180458968330436481
Iowa,Season peak percentage,Bin,percent,9.5,9.6, 0.00006925174180458968330436481
Iowa,Season peak percentage,Bin,percent,9.6,9.7, 0.00006925174180458968330436481
Iowa,Season peak percentage,Bin,percent,9.7,9.8, 0.00006925174180458968330436481
Iowa,Season peak percentage,Bin,percent,9.8,9.9, 0.00006925174180458968330436481
Iowa,Season peak percentage,Bin,percent,9.9,10, 0.00006925174180458968330436481
Iowa,Season peak percentage,Bin,percent,10,10.1, 0.00006925174180458968330436481
Iowa,Season peak percentage,Bin,percent,10.1,10.2, 0.00006925174180458968330436481
Iowa,Season peak percentage,Bin,percent,10.2,10.3, 0.00006925174180458968330436481
Iowa,Season peak percentage,Bin,percent,10.3,10.4, 0.00006925174180458968330436481
Iowa,Season peak percentage,Bin,percent,10.4,10.5, 0.00006925174180458968330436481
Iowa,Season peak percentage,Bin,percent,10.5,10.6, 0.00006925174180458968330436481
Iowa,Season peak percentage,Bin,percent,10.6,10.7, 0.00006925174180458968330436481
Iowa,Season peak percentage,Bin,percent,10.7,10.8, 0.00006925174180458968330436481
Iowa,Season peak percentage,Bin,percent,10.8,10.9, 0.00006925174180458968330436481
Iowa,Season peak percentage,Bin,percent,10.9,11, 0.00006925174180458968330436481
Iowa,Season peak percentage,Bin,percent,11,11.1, 0.00006925174180458968330436481
Iowa,Season peak percentage,Bin,percent,11.1,11.2, 0.00006925174180458968330436481
Iowa,Season peak percentage,Bin,percent,11.2,11.3, 0.00006925174180458968330436481
Iowa,Season peak percentage,Bin,percent,11.3,11.4, 0.00006925174180458968330436481
Iowa,Season peak percentage,Bin,percent,11.4,11.5, 0.00006925174180458968330436481
Iowa,Season peak percentage,Bin,percent,11.5,11.6, 0.00006925174180458968330436481
Iowa,Season peak percentage,Bin,percent,11.6,11.7, 0.00006925174180458968330436481
Iowa,Season peak percentage,Bin,percent,11.7,11.8, 0.00006925174180458968330436481
Iowa,Season peak percentage,Bin,percent,11.8,11.9, 0.00006925174180458968330436481
Iowa,Season peak percentage,Bin,percent,11.9,12, 0.00006925174180458968330436481
Iowa,Season peak percentage,Bin,percent,12,12.1, 0.00006925174180458968330436481
Iowa,Season peak percentage,Bin,percent,12.1,12.2, 0.00006925174180458968330436481
Iowa,Season peak percentage,Bin,percent,12.2,12.3, 0.00006925174180458968330436481
Iowa,Season peak percentage,Bin,percent,12.3,12.4, 0.00006925174180458968330436481
Iowa,Season peak percentage,Bin,percent,12.4,12.5, 0.00006925174180458968330436481
Iowa,Season peak percentage,Bin,percent,12.5,12.6, 0.00006925174180458968330436481
Iowa,Season peak percentage,Bin,percent,12.6,12.7, 0.00006925174180458968330436481
Iowa,Season peak percentage,Bin,percent,12.7,12.8, 0.00006925174180458968330436481
Iowa,Season peak percentage,Bin,percent,12.8,12.9, 0.00006925174180458968330436481
Iowa,Season peak percentage,Bin,percent,12.9,13, 0.00006925174180458968330436481
Iowa,Season peak percentage,Bin,percent,13,100, 0.00006925174180458968330436481
Iowa,1 wk ahead,Bin,percent,0,0.1, 0.00548475211891619098686367906
Iowa,1 wk ahead,Bin,percent,0.1,0.2, 0.01542600502752167895836876710
Iowa,1 wk ahead,Bin,percent,0.2,0.3, 0.02281315292876039818592559527
Iowa,1 wk ahead,Bin,percent,0.3,0.4, 0.03164201421931479157878541741
Iowa,1 wk ahead,Bin,percent,0.4,0.5, 0.04119005439976588384132227816
Iowa,1 wk ahead,Bin,percent,0.5,0.6, 0.05036304216383209048091273985
Iowa,1 wk ahead,Bin,percent,0.6,0.7, 0.05788631447830589610292761904
Iowa,1 wk ahead,Bin,percent,0.7,0.8, 0.06259458679850544993161776119
Iowa,1 wk ahead,Bin,percent,0.8,0.9, 0.06372927020287730281999927229
Iowa,1 wk ahead,Bin,percent,0.9,1, 0.06113734688464786404260564723
Iowa,1 wk ahead,Bin,percent,1,1.1, 0.05530201223461813503368134093
Iowa,1 wk ahead,Bin,percent,1.1,1.2, 0.04720341993736130309367027280
Iowa,1 wk ahead,Bin,percent,1.2,1.3, 0.03806430064958756659398986244
Iowa,1 wk ahead,Bin,percent,1.3,1.4, 0.02907737791168139157571559394
Iowa,1 wk ahead,Bin,percent,1.4,1.5, 0.02119694571195482324377223904
Iowa,1 wk ahead,Bin,percent,1.5,1.6, 0.01503589203819672391604367334
Iowa,1 wk ahead,Bin,percent,1.6,1.7, 0.01086603694746536910575862578
Iowa,1 wk ahead,Bin,percent,1.7,1.8, 0.00868313357500288124368736931
Iowa,1 wk ahead,Bin,percent,1.8,1.9, 0.00828299789301773295435715738
Iowa,1 wk ahead,Bin,percent,1.9,2, 0.00931842515510701921432890060
Iowa,1 wk ahead,Bin,percent,2,2.1, 0.01132960796430490003905422469
Iowa,1 wk ahead,Bin,percent,2.1,2.2, 0.01377450786983307542965526693
Iowa,1 wk ahead,Bin,percent,2.2,2.3, 0.01608227666944832615070204440
Iowa,1 wk ahead,Bin,percent,2.3,2.4, 0.01774552151162278948448580707
Iowa,1 wk ahead,Bin,percent,2.4,2.5, 0.01843335306497719330853790609
Iowa,1 wk ahead,Bin,percent,2.5,2.6, 0.01808288247391100223016024984
Iowa,1 wk ahead,Bin,percent,2.6,2.7, 0.01692371381808395122692267876
Iowa,1 wk ahead,Bin,percent,2.7,2.8, 0.01541438509565314952942660653
Iowa,1 wk ahead,Bin,percent,2.8,2.9, 0.01410196727442621436598990670
Iowa,1 wk ahead,Bin,percent,2.9,3, 0.01345079583769486462896391998
Iowa,1 wk ahead,Bin,percent,3,3.1, 0.01369644971743161354638118610
Iowa,1 wk ahead,Bin,percent,3.1,3.2, 0.01476941192703109216599610676
Iowa,1 wk ahead,Bin,percent,3.2,3.3, 0.01631577019823493915340328897
Iowa,1 wk ahead,Bin,percent,3.3,3.4, 0.01780698836763188602771990077
Iowa,1 wk ahead,Bin,percent,3.4,3.5, 0.01870294235105120217443896991
Iowa,1 wk ahead,Bin,percent,3.5,3.6, 0.01861526070020906586943709726
Iowa,1 wk ahead,Bin,percent,3.6,3.7, 0.01741640193429646113476572111
Iowa,1 wk ahead,Bin,percent,3.7,3.8, 0.01525517587874400567138355456
Iowa,1 wk ahead,Bin,percent,3.8,3.9, 0.01248517463781250412535595018
Iowa,1 wk ahead,Bin,percent,3.9,4, 0.00953849080994272069400352621
Iowa,1 wk ahead,Bin,percent,4,4.1, 0.00679954723708127949099999654
Iowa,1 wk ahead,Bin,percent,4.1,4.2, 0.00452166571203070633000464795
Iowa,1 wk ahead,Bin,percent,4.2,4.3, 0.00280480179261448055519356792
Iowa,1 wk ahead,Bin,percent,4.3,4.4, 0.00162275271238572927484655750
Iowa,1 wk ahead,Bin,percent,4.4,4.5, 0.00087567863953063262115461551
Iowa,1 wk ahead,Bin,percent,4.5,4.6, 0.00044072133900887656456080155
Iowa,1 wk ahead,Bin,percent,4.6,4.7, 0.00022785515141120985666001175
Iowa,1 wk ahead,Bin,percent,4.7,4.8, 0.00020796211948994673093978058
Iowa,1 wk ahead,Bin,percent,4.8,4.9, 0.00020796211948994673093978058
Iowa,1 wk ahead,Bin,percent,4.9,5, 0.00020796211948994673093978058
Iowa,1 wk ahead,Bin,percent,5,5.1, 0.00020796211948994673093978058
Iowa,1 wk ahead,Bin,percent,5.1,5.2, 0.00020796211948994673093978058
Iowa,1 wk ahead,Bin,percent,5.2,5.3, 0.00020796211948994673093978058
Iowa,1 wk ahead,Bin,percent,5.3,5.4, 0.00020796211948994673093978058
Iowa,1 wk ahead,Bin,percent,5.4,5.5, 0.00020796211948994673093978058
Iowa,1 wk ahead,Bin,percent,5.5,5.6, 0.00020796211948994673093978058
Iowa,1 wk ahead,Bin,percent,5.6,5.7, 0.00020796211948994673093978058
Iowa,1 wk ahead,Bin,percent,5.7,5.8, 0.00020796211948994673093978058
Iowa,1 wk ahead,Bin,percent,5.8,5.9, 0.00020796211948994673093978058
Iowa,1 wk ahead,Bin,percent,5.9,6, 0.00020796211948994673093978058
Iowa,1 wk ahead,Bin,percent,6,6.1, 0.00020796211948994673093978058
Iowa,1 wk ahead,Bin,percent,6.1,6.2, 0.00020796211948994673093978058
Iowa,1 wk ahead,Bin,percent,6.2,6.3, 0.00020796211948994673093978058
Iowa,1 wk ahead,Bin,percent,6.3,6.4, 0.00020796211948994673093978058
Iowa,1 wk ahead,Bin,percent,6.4,6.5, 0.00020796211948994673093978058
Iowa,1 wk ahead,Bin,percent,6.5,6.6, 0.00020796211948994673093978058
Iowa,1 wk ahead,Bin,percent,6.6,6.7, 0.00020796211948994673093978058
Iowa,1 wk ahead,Bin,percent,6.7,6.8, 0.00020796211948994673093978058
Iowa,1 wk ahead,Bin,percent,6.8,6.9, 0.00020796211948994673093978058
Iowa,1 wk ahead,Bin,percent,6.9,7, 0.00020796211948994673093978058
Iowa,1 wk ahead,Bin,percent,7,7.1, 0.00020796211948994673093978058
Iowa,1 wk ahead,Bin,percent,7.1,7.2, 0.00020796211948994673093978058
Iowa,1 wk ahead,Bin,percent,7.2,7.3, 0.00020796211948994673093978058
Iowa,1 wk ahead,Bin,percent,7.3,7.4, 0.00020796211948994673093978058
Iowa,1 wk ahead,Bin,percent,7.4,7.5, 0.00020796211948994673093978058
Iowa,1 wk ahead,Bin,percent,7.5,7.6, 0.00020796211948994673093978058
Iowa,1 wk ahead,Bin,percent,7.6,7.7, 0.00020796211948994673093978058
Iowa,1 wk ahead,Bin,percent,7.7,7.8, 0.00020796211948994673093978058
Iowa,1 wk ahead,Bin,percent,7.8,7.9, 0.00020796211948994673093978058
Iowa,1 wk ahead,Bin,percent,7.9,8, 0.00020796211948994673093978058
Iowa,1 wk ahead,Bin,percent,8,8.1, 0.00020796211948994857408347381
Iowa,1 wk ahead,Bin,percent,8.1,8.2, 0.00020796211948995044433222135
Iowa,1 wk ahead,Bin,percent,8.2,8.3, 0.00020796211948995044433222135
Iowa,1 wk ahead,Bin,percent,8.3,8.4, 0.00020796211948995044433222135
Iowa,1 wk ahead,Bin,percent,8.4,8.5, 0.00020796211948995044433222135
Iowa,1 wk ahead,Bin,percent,8.5,8.6, 0.00020796211948995044433222135
Iowa,1 wk ahead,Bin,percent,8.6,8.7, 0.00020796211948995044433222135
Iowa,1 wk ahead,Bin,percent,8.7,8.8, 0.00020796211948995044433222135
Iowa,1 wk ahead,Bin,percent,8.8,8.9, 0.00020796211948995044433222135
Iowa,1 wk ahead,Bin,percent,8.9,9, 0.00020796211948995044433222135
Iowa,1 wk ahead,Bin,percent,9,9.1, 0.00020796211948995044433222135
Iowa,1 wk ahead,Bin,percent,9.1,9.2, 0.00020796211948995044433222135
Iowa,1 wk ahead,Bin,percent,9.2,9.3, 0.00020796211948995044433222135
Iowa,1 wk ahead,Bin,percent,9.3,9.4, 0.00020796211948995044433222135
Iowa,1 wk ahead,Bin,percent,9.4,9.5, 0.00020796211948995044433222135
Iowa,1 wk ahead,Bin,percent,9.5,9.6, 0.00020796211948995044433222135
Iowa,1 wk ahead,Bin,percent,9.6,9.7, 0.00020796211948995044433222135
Iowa,1 wk ahead,Bin,percent,9.7,9.8, 0.00020796211948995044433222135
Iowa,1 wk ahead,Bin,percent,9.8,9.9, 0.00020796211948995044433222135
Iowa,1 wk ahead,Bin,percent,9.9,10, 0.00020796211948995044433222135
Iowa,1 wk ahead,Bin,percent,10,10.1, 0.00020796211948995044433222135
Iowa,1 wk ahead,Bin,percent,10.1,10.2, 0.00020796211948995044433222135
Iowa,1 wk ahead,Bin,percent,10.2,10.3, 0.00020796211948995044433222135
Iowa,1 wk ahead,Bin,percent,10.3,10.4, 0.00020796211948995044433222135
Iowa,1 wk ahead,Bin,percent,10.4,10.5, 0.00020796211948995044433222135
Iowa,1 wk ahead,Bin,percent,10.5,10.6, 0.00020796211948995044433222135
Iowa,1 wk ahead,Bin,percent,10.6,10.7, 0.00020796211948995044433222135
Iowa,1 wk ahead,Bin,percent,10.7,10.8, 0.00020796211948995044433222135
Iowa,1 wk ahead,Bin,percent,10.8,10.9, 0.00020796211948995044433222135
Iowa,1 wk ahead,Bin,percent,10.9,11, 0.00020796211948995044433222135
Iowa,1 wk ahead,Bin,percent,11,11.1, 0.00020796211948995044433222135
Iowa,1 wk ahead,Bin,percent,11.1,11.2, 0.00020796211948995044433222135
Iowa,1 wk ahead,Bin,percent,11.2,11.3, 0.00020796211948995044433222135
Iowa,1 wk ahead,Bin,percent,11.3,11.4, 0.00020796211948995044433222135
Iowa,1 wk ahead,Bin,percent,11.4,11.5, 0.00020796211948995044433222135
Iowa,1 wk ahead,Bin,percent,11.5,11.6, 0.00020796211948995044433222135
Iowa,1 wk ahead,Bin,percent,11.6,11.7, 0.00020796211948995044433222135
Iowa,1 wk ahead,Bin,percent,11.7,11.8, 0.00020796211948995044433222135
Iowa,1 wk ahead,Bin,percent,11.8,11.9, 0.00020796211948995044433222135
Iowa,1 wk ahead,Bin,percent,11.9,12, 0.00020796211948995044433222135
Iowa,1 wk ahead,Bin,percent,12,12.1, 0.00020796211948995044433222135
Iowa,1 wk ahead,Bin,percent,12.1,12.2, 0.00020796211948995044433222135
Iowa,1 wk ahead,Bin,percent,12.2,12.3, 0.00020796211948995044433222135
Iowa,1 wk ahead,Bin,percent,12.3,12.4, 0.00020796211948995044433222135
Iowa,1 wk ahead,Bin,percent,12.4,12.5, 0.00020796211948995044433222135
Iowa,1 wk ahead,Bin,percent,12.5,12.6, 0.00020796211948995044433222135
Iowa,1 wk ahead,Bin,percent,12.6,12.7, 0.00020796211948995044433222135
Iowa,1 wk ahead,Bin,percent,12.7,12.8, 0.00020796211948995044433222135
Iowa,1 wk ahead,Bin,percent,12.8,12.9, 0.00020796211948995044433222135
Iowa,1 wk ahead,Bin,percent,12.9,13, 0.00020796211948995044433222135
Iowa,1 wk ahead,Bin,percent,13,100, 0.00020796211948995044433222135
Iowa,2 wk ahead,Bin,percent,0,0.1, 0.00910615823979761193629478555
Iowa,2 wk ahead,Bin,percent,0.1,0.2, 0.01932085990330141556103882294
Iowa,2 wk ahead,Bin,percent,0.2,0.3, 0.02073110411061393487663906399
Iowa,2 wk ahead,Bin,percent,0.3,0.4, 0.02203610332739612542862772671
Iowa,2 wk ahead,Bin,percent,0.4,0.5, 0.02321327269123508660331189901
Iowa,2 wk ahead,Bin,percent,0.5,0.6, 0.02424463112716575621807812979
Iowa,2 wk ahead,Bin,percent,0.6,0.7, 0.02511794603529296857069574855
Iowa,2 wk ahead,Bin,percent,0.7,0.8, 0.02582885733575550346596827467
Iowa,2 wk ahead,Bin,percent,0.8,0.9, 0.02637782057079412698086251510
Iowa,2 wk ahead,Bin,percent,0.9,1, 0.02677343532741019091480971781
Iowa,2 wk ahead,Bin,percent,1,1.1, 0.02702862463857779937170811024
Iowa,2 wk ahead,Bin,percent,1.1,1.2, 0.02716112130608824837274539732
Iowa,2 wk ahead,Bin,percent,1.2,1.3, 0.02719184412523358365665337999
Iowa,2 wk ahead,Bin,percent,1.3,1.4, 0.02714203048833138676165788183
Iowa,2 wk ahead,Bin,percent,1.4,1.5, 0.02703348533073462317544155553
Iowa,2 wk ahead,Bin,percent,1.5,1.6, 0.02688540409796129349029314426
Iowa,2 wk ahead,Bin,percent,1.6,1.7, 0.02671410206561026373650591381
Iowa,2 wk ahead,Bin,percent,1.7,1.8, 0.02653163407034227899705669529
Iowa,2 wk ahead,Bin,percent,1.8,1.9, 0.02634531524127082038888580939
Iowa,2 wk ahead,Bin,percent,1.9,2, 0.02615768818645769835939951520
Iowa,2 wk ahead,Bin,percent,2,2.1, 0.02596668052711046184577448059
Iowa,2 wk ahead,Bin,percent,2.1,2.2, 0.02576630991722313190894766421
Iowa,2 wk ahead,Bin,percent,2.2,2.3, 0.02554748699690202393131066572
Iowa,2 wk ahead,Bin,percent,2.3,2.4, 0.02529898574951318021564183880
Iowa,2 wk ahead,Bin,percent,2.4,2.5, 0.02500888470712194985856591245
Iowa,2 wk ahead,Bin,percent,2.5,2.6, 0.02466487840814849188952884163
Iowa,2 wk ahead,Bin,percent,2.6,2.7, 0.02425637174168356405279389776
Iowa,2 wk ahead,Bin,percent,2.7,2.8, 0.02377408188472601713314702465
Iowa,2 wk ahead,Bin,percent,2.8,2.9, 0.02321124225986519878928149296
Iowa,2 wk ahead,Bin,percent,2.9,3, 0.02256428102238672642187999884
Iowa,2 wk ahead,Bin,percent,3,3.1, 0.02183174170000064598373690217
Iowa,2 wk ahead,Bin,percent,3.1,3.2, 0.02101610327017522372727853508
Iowa,2 wk ahead,Bin,percent,3.2,3.3, 0.02012166453294909895799236210
Iowa,2 wk ahead,Bin,percent,3.3,3.4, 0.01915565238102887729576551124
Iowa,2 wk ahead,Bin,percent,3.4,3.5, 0.01812738868540022738051753493
Iowa,2 wk ahead,Bin,percent,3.5,3.6, 0.01704751752090985852938764822
Iowa,2 wk ahead,Bin,percent,3.6,3.7, 0.01592846959961805031191772741
Iowa,2 wk ahead,Bin,percent,3.7,3.8, 0.01478304361187025850465914800
Iowa,2 wk ahead,Bin,percent,3.8,3.9, 0.01362475440703149118237824666
Iowa,2 wk ahead,Bin,percent,3.9,4, 0.01246706205023229672990137118
Iowa,2 wk ahead,Bin,percent,4,4.1, 0.01132314301999377652296896457
Iowa,2 wk ahead,Bin,percent,4.1,4.2, 0.01020535570906642118538254493
Iowa,2 wk ahead,Bin,percent,4.2,4.3, 0.00912537759888559438237187749
Iowa,2 wk ahead,Bin,percent,4.3,4.4, 0.00809321308129034786005284730
Iowa,2 wk ahead,Bin,percent,4.4,4.5, 0.00711774946342720073177989804
Iowa,2 wk ahead,Bin,percent,4.5,4.6, 0.00620608610590449652488764798
Iowa,2 wk ahead,Bin,percent,4.6,4.7, 0.00536328447020913232773375867
Iowa,2 wk ahead,Bin,percent,4.7,4.8, 0.00459322208264528047960695289
Iowa,2 wk ahead,Bin,percent,4.8,4.9, 0.00389716089531057978748163073
Iowa,2 wk ahead,Bin,percent,4.9,5, 0.00327548370199661062138196677
Iowa,2 wk ahead,Bin,percent,5,5.1, 0.00272646399612546351531872091
Iowa,2 wk ahead,Bin,percent,5.1,5.2, 0.00224711521487910024022505162
Iowa,2 wk ahead,Bin,percent,5.2,5.3, 0.00183374372724029758782715582
Iowa,2 wk ahead,Bin,percent,5.3,5.4, 0.00148111565753353767969924260
Iowa,2 wk ahead,Bin,percent,5.4,5.5, 0.00118415637109433214031739556
Iowa,2 wk ahead,Bin,percent,5.5,5.6, 0.00093686408873363885216334346
Iowa,2 wk ahead,Bin,percent,5.6,5.7, 0.00073341346917323165747332192
Iowa,2 wk ahead,Bin,percent,5.7,5.8, 0.00056811806586083213928967117
Iowa,2 wk ahead,Bin,percent,5.8,5.9, 0.00043528983713239378624051956
Iowa,2 wk ahead,Bin,percent,5.9,6, 0.00032998683396941771561045043
Iowa,2 wk ahead,Bin,percent,6,6.1, 0.00024740415227610351549258905
Iowa,2 wk ahead,Bin,percent,6.1,6.2, 0.00018346900955942170986616435
Iowa,2 wk ahead,Bin,percent,6.2,6.3, 0.00013457249517440035601126280
Iowa,2 wk ahead,Bin,percent,6.3,6.4, 0.00010168251387229629767103289
Iowa,2 wk ahead,Bin,percent,6.4,6.5, 0.00009779834694594810053352302
Iowa,2 wk ahead,Bin,percent,6.5,6.6, 0.00009779834694594810053352302
Iowa,2 wk ahead,Bin,percent,6.6,6.7, 0.00009779834694594810053352302
Iowa,2 wk ahead,Bin,percent,6.7,6.8, 0.00009779834694594810053352302
Iowa,2 wk ahead,Bin,percent,6.8,6.9, 0.00009779834694594810053352302
Iowa,2 wk ahead,Bin,percent,6.9,7, 0.00009779834694594810053352302
Iowa,2 wk ahead,Bin,percent,7,7.1, 0.00009779834694594810053352302
Iowa,2 wk ahead,Bin,percent,7.1,7.2, 0.00009779834694594810053352302
Iowa,2 wk ahead,Bin,percent,7.2,7.3, 0.00009779834694594810053352302
Iowa,2 wk ahead,Bin,percent,7.3,7.4, 0.00009779834694594810053352302
Iowa,2 wk ahead,Bin,percent,7.4,7.5, 0.00009779834694594810053352302
Iowa,2 wk ahead,Bin,percent,7.5,7.6, 0.00009779834694594810053352302
Iowa,2 wk ahead,Bin,percent,7.6,7.7, 0.00009779834694594810053352302
Iowa,2 wk ahead,Bin,percent,7.7,7.8, 0.00009779834694594810053352302
Iowa,2 wk ahead,Bin,percent,7.8,7.9, 0.00009779834694594810053352302
Iowa,2 wk ahead,Bin,percent,7.9,8, 0.00009779834694594810053352302
Iowa,2 wk ahead,Bin,percent,8,8.1, 0.00009779834694594898144778816
Iowa,2 wk ahead,Bin,percent,8.1,8.2, 0.00009779834694594986236205331
Iowa,2 wk ahead,Bin,percent,8.2,8.3, 0.00009779834694594986236205331
Iowa,2 wk ahead,Bin,percent,8.3,8.4, 0.00009779834694594986236205331
Iowa,2 wk ahead,Bin,percent,8.4,8.5, 0.00009779834694594986236205331
Iowa,2 wk ahead,Bin,percent,8.5,8.6, 0.00009779834694594986236205331
Iowa,2 wk ahead,Bin,percent,8.6,8.7, 0.00009779834694594986236205331
Iowa,2 wk ahead,Bin,percent,8.7,8.8, 0.00009779834694594986236205331
Iowa,2 wk ahead,Bin,percent,8.8,8.9, 0.00009779834694594986236205331
Iowa,2 wk ahead,Bin,percent,8.9,9, 0.00009779834694594986236205331
Iowa,2 wk ahead,Bin,percent,9,9.1, 0.00009779834694594986236205331
Iowa,2 wk ahead,Bin,percent,9.1,9.2, 0.00009779834694594986236205331
Iowa,2 wk ahead,Bin,percent,9.2,9.3, 0.00009779834694594986236205331
Iowa,2 wk ahead,Bin,percent,9.3,9.4, 0.00009779834694594986236205331
Iowa,2 wk ahead,Bin,percent,9.4,9.5, 0.00009779834694594986236205331
Iowa,2 wk ahead,Bin,percent,9.5,9.6, 0.00009779834694594986236205331
Iowa,2 wk ahead,Bin,percent,9.6,9.7, 0.00009779834694594986236205331
Iowa,2 wk ahead,Bin,percent,9.7,9.8, 0.00009779834694594986236205331
Iowa,2 wk ahead,Bin,percent,9.8,9.9, 0.00009779834694594986236205331
Iowa,2 wk ahead,Bin,percent,9.9,10, 0.00009779834694594986236205331
Iowa,2 wk ahead,Bin,percent,10,10.1, 0.00009779834694594986236205331
Iowa,2 wk ahead,Bin,percent,10.1,10.2, 0.00009779834694594986236205331
Iowa,2 wk ahead,Bin,percent,10.2,10.3, 0.00009779834694594986236205331
Iowa,2 wk ahead,Bin,percent,10.3,10.4, 0.00009779834694594986236205331
Iowa,2 wk ahead,Bin,percent,10.4,10.5, 0.00009779834694594986236205331
Iowa,2 wk ahead,Bin,percent,10.5,10.6, 0.00009779834694594986236205331
Iowa,2 wk ahead,Bin,percent,10.6,10.7, 0.00009779834694594986236205331
Iowa,2 wk ahead,Bin,percent,10.7,10.8, 0.00009779834694594986236205331
Iowa,2 wk ahead,Bin,percent,10.8,10.9, 0.00009779834694594986236205331
Iowa,2 wk ahead,Bin,percent,10.9,11, 0.00009779834694594986236205331
Iowa,2 wk ahead,Bin,percent,11,11.1, 0.00009779834694594986236205331
Iowa,2 wk ahead,Bin,percent,11.1,11.2, 0.00009779834694594986236205331
Iowa,2 wk ahead,Bin,percent,11.2,11.3, 0.00009779834694594986236205331
Iowa,2 wk ahead,Bin,percent,11.3,11.4, 0.00009779834694594986236205331
Iowa,2 wk ahead,Bin,percent,11.4,11.5, 0.00009779834694594986236205331
Iowa,2 wk ahead,Bin,percent,11.5,11.6, 0.00009779834694594986236205331
Iowa,2 wk ahead,Bin,percent,11.6,11.7, 0.00009779834694594986236205331
Iowa,2 wk ahead,Bin,percent,11.7,11.8, 0.00009779834694594986236205331
Iowa,2 wk ahead,Bin,percent,11.8,11.9, 0.00009779834694594986236205331
Iowa,2 wk ahead,Bin,percent,11.9,12, 0.00009779834694594986236205331
Iowa,2 wk ahead,Bin,percent,12,12.1, 0.00009779834694594986236205331
Iowa,2 wk ahead,Bin,percent,12.1,12.2, 0.00009779834694594986236205331
Iowa,2 wk ahead,Bin,percent,12.2,12.3, 0.00009779834694594986236205331
Iowa,2 wk ahead,Bin,percent,12.3,12.4, 0.00009779834694594986236205331
Iowa,2 wk ahead,Bin,percent,12.4,12.5, 0.00009779834694594986236205331
Iowa,2 wk ahead,Bin,percent,12.5,12.6, 0.00009779834694594986236205331
Iowa,2 wk ahead,Bin,percent,12.6,12.7, 0.00009779834694594986236205331
Iowa,2 wk ahead,Bin,percent,12.7,12.8, 0.00009779834694594986236205331
Iowa,2 wk ahead,Bin,percent,12.8,12.9, 0.00009779834694594986236205331
Iowa,2 wk ahead,Bin,percent,12.9,13, 0.00009779834694594986236205331
Iowa,2 wk ahead,Bin,percent,13,100, 0.00009779834694594986236205331
Iowa,3 wk ahead,Bin,percent,0,0.1, 0.00352013559359667027245932580
Iowa,3 wk ahead,Bin,percent,0.1,0.2, 0.01121039404818529802709825560
Iowa,3 wk ahead,Bin,percent,0.2,0.3, 0.01863144481794874740554490700
Iowa,3 wk ahead,Bin,percent,0.3,0.4, 0.02774209558217130902613156707
Iowa,3 wk ahead,Bin,percent,0.4,0.5, 0.03721418076752066456114320658
Iowa,3 wk ahead,Bin,percent,0.5,0.6, 0.04529278174477490565008608314
Iowa,3 wk ahead,Bin,percent,0.6,0.7, 0.05042718283109980104139680179
Iowa,3 wk ahead,Bin,percent,0.7,0.8, 0.05178147898262408510561272124
Iowa,3 wk ahead,Bin,percent,0.8,0.9, 0.04934684758079082439463647347
Iowa,3 wk ahead,Bin,percent,0.9,1, 0.04374491482853034435285266568
Iowa,3 wk ahead,Bin,percent,1,1.1, 0.03598897414142292888739049772
Iowa,3 wk ahead,Bin,percent,1.1,1.2, 0.02730855741521800994497937154
Iowa,3 wk ahead,Bin,percent,1.2,1.3, 0.01896328700012395174212542770
Iowa,3 wk ahead,Bin,percent,1.3,1.4, 0.01197762069979201558778125758
Iowa,3 wk ahead,Bin,percent,1.4,1.5, 0.00691521570231158014957495439
Iowa,3 wk ahead,Bin,percent,1.5,1.6, 0.00387612080036597948101695366
Iowa,3 wk ahead,Bin,percent,1.6,1.7, 0.00272132382700256440430375271
Iowa,3 wk ahead,Bin,percent,1.7,1.8, 0.00339879608526857512201813094
Iowa,3 wk ahead,Bin,percent,1.8,1.9, 0.00614404862184563752697252781
Iowa,3 wk ahead,Bin,percent,1.9,2, 0.01143333699549293688835227556
Iowa,3 wk ahead,Bin,percent,2,2.1, 0.01965590431352298370071274292
Iowa,3 wk ahead,Bin,percent,2.1,2.2, 0.03061966493541137118716832788
Iowa,3 wk ahead,Bin,percent,2.2,2.3, 0.04313680526510787344163233570
Iowa,3 wk ahead,Bin,percent,2.3,2.4, 0.05498360017060714005632249268
Iowa,3 wk ahead,Bin,percent,2.4,2.5, 0.06342059246155809515421708511
Iowa,3 wk ahead,Bin,percent,2.5,2.6, 0.06616853139420775242740546673
Iowa,3 wk ahead,Bin,percent,2.6,2.7, 0.06236341570649320265040671529
Iowa,3 wk ahead,Bin,percent,2.7,2.8, 0.05300858853559815148104306104
Iowa,3 wk ahead,Bin,percent,2.8,2.9, 0.04055027070248443804567628490
Iowa,3 wk ahead,Bin,percent,2.9,3, 0.02785773038023273140417757077
Iowa,3 wk ahead,Bin,percent,3,3.1, 0.01715153061570326778473294382
Iowa,3 wk ahead,Bin,percent,3.1,3.2, 0.00944583948677795055826056370
Iowa,3 wk ahead,Bin,percent,3.2,3.3, 0.00464526917757196282365850237
Iowa,3 wk ahead,Bin,percent,3.3,3.4, 0.00203736883354806077445209311
Iowa,3 wk ahead,Bin,percent,3.4,3.5, 0.00079567717664524048679780543
Iowa,3 wk ahead,Bin,percent,3.5,3.6, 0.00038664480836472721369048711
Iowa,3 wk ahead,Bin,percent,3.6,3.7, 0.00038035608389555601799650320
Iowa,3 wk ahead,Bin,percent,3.7,3.8, 0.00038035608389555601799650320
Iowa,3 wk ahead,Bin,percent,3.8,3.9, 0.00038035608389555601799650320
Iowa,3 wk ahead,Bin,percent,3.9,4, 0.00038035608389555601799650320
Iowa,3 wk ahead,Bin,percent,4,4.1, 0.00038035608389555601799650320
Iowa,3 wk ahead,Bin,percent,4.1,4.2, 0.00038035608389555601799650320
Iowa,3 wk ahead,Bin,percent,4.2,4.3, 0.00038035608389555601799650320
Iowa,3 wk ahead,Bin,percent,4.3,4.4, 0.00038035608389555601799650320
Iowa,3 wk ahead,Bin,percent,4.4,4.5, 0.00038035608389555601799650320
Iowa,3 wk ahead,Bin,percent,4.5,4.6, 0.00038035608389555601799650320
Iowa,3 wk ahead,Bin,percent,4.6,4.7, 0.00038035608389555601799650320
Iowa,3 wk ahead,Bin,percent,4.7,4.8, 0.00038035608389555601799650320
Iowa,3 wk ahead,Bin,percent,4.8,4.9, 0.00038035608389555601799650320
Iowa,3 wk ahead,Bin,percent,4.9,5, 0.00038035608389555601799650320
Iowa,3 wk ahead,Bin,percent,5,5.1, 0.00038035608389555601799650320
Iowa,3 wk ahead,Bin,percent,5.1,5.2, 0.00038035608389555601799650320
Iowa,3 wk ahead,Bin,percent,5.2,5.3, 0.00038035608389555601799650320
Iowa,3 wk ahead,Bin,percent,5.3,5.4, 0.00038035608389555601799650320
Iowa,3 wk ahead,Bin,percent,5.4,5.5, 0.00038035608389555601799650320
Iowa,3 wk ahead,Bin,percent,5.5,5.6, 0.00038035608389555601799650320
Iowa,3 wk ahead,Bin,percent,5.6,5.7, 0.00038035608389555601799650320
Iowa,3 wk ahead,Bin,percent,5.7,5.8, 0.00038035608389555601799650320
Iowa,3 wk ahead,Bin,percent,5.8,5.9, 0.00038035608389555601799650320
Iowa,3 wk ahead,Bin,percent,5.9,6, 0.00038035608389555601799650320
Iowa,3 wk ahead,Bin,percent,6,6.1, 0.00038035608389555601799650320
Iowa,3 wk ahead,Bin,percent,6.1,6.2, 0.00038035608389555601799650320
Iowa,3 wk ahead,Bin,percent,6.2,6.3, 0.00038035608389555601799650320
Iowa,3 wk ahead,Bin,percent,6.3,6.4, 0.00038035608389555601799650320
Iowa,3 wk ahead,Bin,percent,6.4,6.5, 0.00038035608389555601799650320
Iowa,3 wk ahead,Bin,percent,6.5,6.6, 0.00038035608389555601799650320
Iowa,3 wk ahead,Bin,percent,6.6,6.7, 0.00038035608389555601799650320
Iowa,3 wk ahead,Bin,percent,6.7,6.8, 0.00038035608389555601799650320
Iowa,3 wk ahead,Bin,percent,6.8,6.9, 0.00038035608389555601799650320
Iowa,3 wk ahead,Bin,percent,6.9,7, 0.00038035608389555601799650320
Iowa,3 wk ahead,Bin,percent,7,7.1, 0.00038035608389555601799650320
Iowa,3 wk ahead,Bin,percent,7.1,7.2, 0.00038035608389555601799650320
Iowa,3 wk ahead,Bin,percent,7.2,7.3, 0.00038035608389555601799650320
Iowa,3 wk ahead,Bin,percent,7.3,7.4, 0.00038035608389555601799650320
Iowa,3 wk ahead,Bin,percent,7.4,7.5, 0.00038035608389555601799650320
Iowa,3 wk ahead,Bin,percent,7.5,7.6, 0.00038035608389555601799650320
Iowa,3 wk ahead,Bin,percent,7.6,7.7, 0.00038035608389555601799650320
Iowa,3 wk ahead,Bin,percent,7.7,7.8, 0.00038035608389555601799650320
Iowa,3 wk ahead,Bin,percent,7.8,7.9, 0.00038035608389555601799650320
Iowa,3 wk ahead,Bin,percent,7.9,8, 0.00038035608389555601799650320
Iowa,3 wk ahead,Bin,percent,8,8.1, 0.00038035608389555937902323790
Iowa,3 wk ahead,Bin,percent,8.1,8.2, 0.00038035608389556279426008123
Iowa,3 wk ahead,Bin,percent,8.2,8.3, 0.00038035608389556279426008123
Iowa,3 wk ahead,Bin,percent,8.3,8.4, 0.00038035608389556279426008123
Iowa,3 wk ahead,Bin,percent,8.4,8.5, 0.00038035608389556279426008123
Iowa,3 wk ahead,Bin,percent,8.5,8.6, 0.00038035608389556279426008123
Iowa,3 wk ahead,Bin,percent,8.6,8.7, 0.00038035608389556279426008123
Iowa,3 wk ahead,Bin,percent,8.7,8.8, 0.00038035608389556279426008123
Iowa,3 wk ahead,Bin,percent,8.8,8.9, 0.00038035608389556279426008123
Iowa,3 wk ahead,Bin,percent,8.9,9, 0.00038035608389556279426008123
Iowa,3 wk ahead,Bin,percent,9,9.1, 0.00038035608389556279426008123
Iowa,3 wk ahead,Bin,percent,9.1,9.2, 0.00038035608389556279426008123
Iowa,3 wk ahead,Bin,percent,9.2,9.3, 0.00038035608389556279426008123
Iowa,3 wk ahead,Bin,percent,9.3,9.4, 0.00038035608389556279426008123
Iowa,3 wk ahead,Bin,percent,9.4,9.5, 0.00038035608389556279426008123
Iowa,3 wk ahead,Bin,percent,9.5,9.6, 0.00038035608389556279426008123
Iowa,3 wk ahead,Bin,percent,9.6,9.7, 0.00038035608389556279426008123
Iowa,3 wk ahead,Bin,percent,9.7,9.8, 0.00038035608389556279426008123
Iowa,3 wk ahead,Bin,percent,9.8,9.9, 0.00038035608389556279426008123
Iowa,3 wk ahead,Bin,percent,9.9,10, 0.00038035608389556279426008123
Iowa,3 wk ahead,Bin,percent,10,10.1, 0.00038035608389556279426008123
Iowa,3 wk ahead,Bin,percent,10.1,10.2, 0.00038035608389556279426008123
Iowa,3 wk ahead,Bin,percent,10.2,10.3, 0.00038035608389556279426008123
Iowa,3 wk ahead,Bin,percent,10.3,10.4, 0.00038035608389556279426008123
Iowa,3 wk ahead,Bin,percent,10.4,10.5, 0.00038035608389556279426008123
Iowa,3 wk ahead,Bin,percent,10.5,10.6, 0.00038035608389556279426008123
Iowa,3 wk ahead,Bin,percent,10.6,10.7, 0.00038035608389556279426008123
Iowa,3 wk ahead,Bin,percent,10.7,10.8, 0.00038035608389556279426008123
Iowa,3 wk ahead,Bin,percent,10.8,10.9, 0.00038035608389556279426008123
Iowa,3 wk ahead,Bin,percent,10.9,11, 0.00038035608389556279426008123
Iowa,3 wk ahead,Bin,percent,11,11.1, 0.00038035608389556279426008123
Iowa,3 wk ahead,Bin,percent,11.1,11.2, 0.00038035608389556279426008123
Iowa,3 wk ahead,Bin,percent,11.2,11.3, 0.00038035608389556279426008123
Iowa,3 wk ahead,Bin,percent,11.3,11.4, 0.00038035608389556279426008123
Iowa,3 wk ahead,Bin,percent,11.4,11.5, 0.00038035608389556279426008123
Iowa,3 wk ahead,Bin,percent,11.5,11.6, 0.00038035608389556279426008123
Iowa,3 wk ahead,Bin,percent,11.6,11.7, 0.00038035608389556279426008123
Iowa,3 wk ahead,Bin,percent,11.7,11.8, 0.00038035608389556279426008123
Iowa,3 wk ahead,Bin,percent,11.8,11.9, 0.00038035608389556279426008123
Iowa,3 wk ahead,Bin,percent,11.9,12, 0.00038035608389556279426008123
Iowa,3 wk ahead,Bin,percent,12,12.1, 0.00038035608389556279426008123
Iowa,3 wk ahead,Bin,percent,12.1,12.2, 0.00038035608389556279426008123
Iowa,3 wk ahead,Bin,percent,12.2,12.3, 0.00038035608389556279426008123
Iowa,3 wk ahead,Bin,percent,12.3,12.4, 0.00038035608389556279426008123
Iowa,3 wk ahead,Bin,percent,12.4,12.5, 0.00038035608389556279426008123
Iowa,3 wk ahead,Bin,percent,12.5,12.6, 0.00038035608389556279426008123
Iowa,3 wk ahead,Bin,percent,12.6,12.7, 0.00038035608389556279426008123
Iowa,3 wk ahead,Bin,percent,12.7,12.8, 0.00038035608389556279426008123
Iowa,3 wk ahead,Bin,percent,12.8,12.9, 0.00038035608389556279426008123
Iowa,3 wk ahead,Bin,percent,12.9,13, 0.00038035608389556279426008123
Iowa,3 wk ahead,Bin,percent,13,100, 0.00038035608389556279426008123
Iowa,4 wk ahead,Bin,percent,0,0.1, 0.00731965067140922642091593886
Iowa,4 wk ahead,Bin,percent,0.1,0.2, 0.01868735601244167141010699140
Iowa,4 wk ahead,Bin,percent,0.2,0.3, 0.02421830049029928544346290664
Iowa,4 wk ahead,Bin,percent,0.3,0.4, 0.02926813261546407085589294184
Iowa,4 wk ahead,Bin,percent,0.4,0.5, 0.03318176527249916407669161345
Iowa,4 wk ahead,Bin,percent,0.5,0.6, 0.03561285653653935984186418295
Iowa,4 wk ahead,Bin,percent,0.6,0.7, 0.03665737610909637622658152623
Iowa,4 wk ahead,Bin,percent,0.7,0.8, 0.03680299988770697333650971927
Iowa,4 wk ahead,Bin,percent,0.8,0.9, 0.03672217166955098893721398667
Iowa,4 wk ahead,Bin,percent,0.9,1, 0.03702891131498890764373044249
Iowa,4 wk ahead,Bin,percent,1,1.1, 0.03812076784967565606931927391
Iowa,4 wk ahead,Bin,percent,1.1,1.2, 0.04015151748889942556752785663
Iowa,4 wk ahead,Bin,percent,1.2,1.3, 0.04307918679660307365031357563
Iowa,4 wk ahead,Bin,percent,1.3,1.4, 0.04670040911610233436146444319
Iowa,4 wk ahead,Bin,percent,1.4,1.5, 0.05063423594582820708165371570
Iowa,4 wk ahead,Bin,percent,1.5,1.6, 0.05429777866289628440732428771
Iowa,4 wk ahead,Bin,percent,1.6,1.7, 0.05695350210533741547314079412
Iowa,4 wk ahead,Bin,percent,1.7,1.8, 0.05786113273321633054813162289
Iowa,4 wk ahead,Bin,percent,1.8,1.9, 0.05648962972195983867074176032
Iowa,4 wk ahead,Bin,percent,1.9,2, 0.05269220004013081687377351159
Iowa,4 wk ahead,Bin,percent,2,2.1, 0.04676510174455876522880970469
Iowa,4 wk ahead,Bin,percent,2.1,2.2, 0.03937051171885327244259755730
Iowa,4 wk ahead,Bin,percent,2.2,2.3, 0.03136208113596977709036650594
Iowa,4 wk ahead,Bin,percent,2.3,2.4, 0.02358295376889552388832704821
Iowa,4 wk ahead,Bin,percent,2.4,2.5, 0.01669981401187899117122270809
Iowa,4 wk ahead,Bin,percent,2.5,2.6, 0.01110912415264538044556985597
Iowa,4 wk ahead,Bin,percent,2.6,2.7, 0.00692566270064842639392344026
Iowa,4 wk ahead,Bin,percent,2.7,2.8, 0.00403694382456219399979424622
Iowa,4 wk ahead,Bin,percent,2.8,2.9, 0.00219540982525989313706160644
Iowa,4 wk ahead,Bin,percent,2.9,3, 0.00111174948632162878467410927
Iowa,4 wk ahead,Bin,percent,3,3.1, 0.00052339227000307156963815336
Iowa,4 wk ahead,Bin,percent,3.1,3.2, 0.00025855681479663652913916772
Iowa,4 wk ahead,Bin,percent,3.2,3.3, 0.00023816987378748281510738860
Iowa,4 wk ahead,Bin,percent,3.3,3.4, 0.00023816987378748281510738860
Iowa,4 wk ahead,Bin,percent,3.4,3.5, 0.00023816987378748281510738860
Iowa,4 wk ahead,Bin,percent,3.5,3.6, 0.00023816987378748281510738860
Iowa,4 wk ahead,Bin,percent,3.6,3.7, 0.00023816987378748281510738860
Iowa,4 wk ahead,Bin,percent,3.7,3.8, 0.00023816987378748281510738860
Iowa,4 wk ahead,Bin,percent,3.8,3.9, 0.00023816987378748281510738860
Iowa,4 wk ahead,Bin,percent,3.9,4, 0.00023816987378748281510738860
Iowa,4 wk ahead,Bin,percent,4,4.1, 0.00023816987378748281510738860
Iowa,4 wk ahead,Bin,percent,4.1,4.2, 0.00023816987378748281510738860
Iowa,4 wk ahead,Bin,percent,4.2,4.3, 0.00023816987378748281510738860
Iowa,4 wk ahead,Bin,percent,4.3,4.4, 0.00023816987378748281510738860
Iowa,4 wk ahead,Bin,percent,4.4,4.5, 0.00023816987378748281510738860
Iowa,4 wk ahead,Bin,percent,4.5,4.6, 0.00023816987378748281510738860
Iowa,4 wk ahead,Bin,percent,4.6,4.7, 0.00023816987378748281510738860
Iowa,4 wk ahead,Bin,percent,4.7,4.8, 0.00023816987378748281510738860
Iowa,4 wk ahead,Bin,percent,4.8,4.9, 0.00023816987378748281510738860
Iowa,4 wk ahead,Bin,percent,4.9,5, 0.00023816987378748281510738860
Iowa,4 wk ahead,Bin,percent,5,5.1, 0.00023816987378748281510738860
Iowa,4 wk ahead,Bin,percent,5.1,5.2, 0.00023816987378748281510738860
Iowa,4 wk ahead,Bin,percent,5.2,5.3, 0.00023816987378748281510738860
Iowa,4 wk ahead,Bin,percent,5.3,5.4, 0.00023816987378748281510738860
Iowa,4 wk ahead,Bin,percent,5.4,5.5, 0.00023816987378748281510738860
Iowa,4 wk ahead,Bin,percent,5.5,5.6, 0.00023816987378748281510738860
Iowa,4 wk ahead,Bin,percent,5.6,5.7, 0.00023816987378748281510738860
Iowa,4 wk ahead,Bin,percent,5.7,5.8, 0.00023816987378748281510738860
Iowa,4 wk ahead,Bin,percent,5.8,5.9, 0.00023816987378748281510738860
Iowa,4 wk ahead,Bin,percent,5.9,6, 0.00023816987378748281510738860
Iowa,4 wk ahead,Bin,percent,6,6.1, 0.00023816987378748281510738860
Iowa,4 wk ahead,Bin,percent,6.1,6.2, 0.00023816987378748281510738860
Iowa,4 wk ahead,Bin,percent,6.2,6.3, 0.00023816987378748281510738860
Iowa,4 wk ahead,Bin,percent,6.3,6.4, 0.00023816987378748281510738860
Iowa,4 wk ahead,Bin,percent,6.4,6.5, 0.00023816987378748281510738860
Iowa,4 wk ahead,Bin,percent,6.5,6.6, 0.00023816987378748281510738860
Iowa,4 wk ahead,Bin,percent,6.6,6.7, 0.00023816987378748281510738860
Iowa,4 wk ahead,Bin,percent,6.7,6.8, 0.00023816987378748281510738860
Iowa,4 wk ahead,Bin,percent,6.8,6.9, 0.00023816987378748281510738860
Iowa,4 wk ahead,Bin,percent,6.9,7, 0.00023816987378748281510738860
Iowa,4 wk ahead,Bin,percent,7,7.1, 0.00023816987378748281510738860
Iowa,4 wk ahead,Bin,percent,7.1,7.2, 0.00023816987378748281510738860
Iowa,4 wk ahead,Bin,percent,7.2,7.3, 0.00023816987378748281510738860
Iowa,4 wk ahead,Bin,percent,7.3,7.4, 0.00023816987378748281510738860
Iowa,4 wk ahead,Bin,percent,7.4,7.5, 0.00023816987378748281510738860
Iowa,4 wk ahead,Bin,percent,7.5,7.6, 0.00023816987378748281510738860
Iowa,4 wk ahead,Bin,percent,7.6,7.7, 0.00023816987378748281510738860
Iowa,4 wk ahead,Bin,percent,7.7,7.8, 0.00023816987378748281510738860
Iowa,4 wk ahead,Bin,percent,7.8,7.9, 0.00023816987378748281510738860
Iowa,4 wk ahead,Bin,percent,7.9,8, 0.00023816987378748281510738860
Iowa,4 wk ahead,Bin,percent,8,8.1, 0.00023816987378748495640667926
Iowa,4 wk ahead,Bin,percent,8.1,8.2, 0.00023816987378748707060091561
Iowa,4 wk ahead,Bin,percent,8.2,8.3, 0.00023816987378748707060091561
Iowa,4 wk ahead,Bin,percent,8.3,8.4, 0.00023816987378748707060091561
Iowa,4 wk ahead,Bin,percent,8.4,8.5, 0.00023816987378748707060091561
Iowa,4 wk ahead,Bin,percent,8.5,8.6, 0.00023816987378748707060091561
Iowa,4 wk ahead,Bin,percent,8.6,8.7, 0.00023816987378748707060091561
Iowa,4 wk ahead,Bin,percent,8.7,8.8, 0.00023816987378748707060091561
Iowa,4 wk ahead,Bin,percent,8.8,8.9, 0.00023816987378748707060091561
Iowa,4 wk ahead,Bin,percent,8.9,9, 0.00023816987378748707060091561
Iowa,4 wk ahead,Bin,percent,9,9.1, 0.00023816987378748707060091561
Iowa,4 wk ahead,Bin,percent,9.1,9.2, 0.00023816987378748707060091561
Iowa,4 wk ahead,Bin,percent,9.2,9.3, 0.00023816987378748707060091561
Iowa,4 wk ahead,Bin,percent,9.3,9.4, 0.00023816987378748707060091561
Iowa,4 wk ahead,Bin,percent,9.4,9.5, 0.00023816987378748707060091561
Iowa,4 wk ahead,Bin,percent,9.5,9.6, 0.00023816987378748707060091561
Iowa,4 wk ahead,Bin,percent,9.6,9.7, 0.00023816987378748707060091561
Iowa,4 wk ahead,Bin,percent,9.7,9.8, 0.00023816987378748707060091561
Iowa,4 wk ahead,Bin,percent,9.8,9.9, 0.00023816987378748707060091561
Iowa,4 wk ahead,Bin,percent,9.9,10, 0.00023816987378748707060091561
Iowa,4 wk ahead,Bin,percent,10,10.1, 0.00023816987378748707060091561
Iowa,4 wk ahead,Bin,percent,10.1,10.2, 0.00023816987378748707060091561
Iowa,4 wk ahead,Bin,percent,10.2,10.3, 0.00023816987378748707060091561
Iowa,4 wk ahead,Bin,percent,10.3,10.4, 0.00023816987378748707060091561
Iowa,4 wk ahead,Bin,percent,10.4,10.5, 0.00023816987378748707060091561
Iowa,4 wk ahead,Bin,percent,10.5,10.6, 0.00023816987378748707060091561
Iowa,4 wk ahead,Bin,percent,10.6,10.7, 0.00023816987378748707060091561
Iowa,4 wk ahead,Bin,percent,10.7,10.8, 0.00023816987378748707060091561
Iowa,4 wk ahead,Bin,percent,10.8,10.9, 0.00023816987378748707060091561
Iowa,4 wk ahead,Bin,percent,10.9,11, 0.00023816987378748707060091561
Iowa,4 wk ahead,Bin,percent,11,11.1, 0.00023816987378748707060091561
Iowa,4 wk ahead,Bin,percent,11.1,11.2, 0.00023816987378748707060091561
Iowa,4 wk ahead,Bin,percent,11.2,11.3, 0.00023816987378748707060091561
Iowa,4 wk ahead,Bin,percent,11.3,11.4, 0.00023816987378748707060091561
Iowa,4 wk ahead,Bin,percent,11.4,11.5, 0.00023816987378748707060091561
Iowa,4 wk ahead,Bin,percent,11.5,11.6, 0.00023816987378748707060091561
Iowa,4 wk ahead,Bin,percent,11.6,11.7, 0.00023816987378748707060091561
Iowa,4 wk ahead,Bin,percent,11.7,11.8, 0.00023816987378748707060091561
Iowa,4 wk ahead,Bin,percent,11.8,11.9, 0.00023816987378748707060091561
Iowa,4 wk ahead,Bin,percent,11.9,12, 0.00023816987378748707060091561
Iowa,4 wk ahead,Bin,percent,12,12.1, 0.00023816987378748707060091561
Iowa,4 wk ahead,Bin,percent,12.1,12.2, 0.00023816987378748707060091561
Iowa,4 wk ahead,Bin,percent,12.2,12.3, 0.00023816987378748707060091561
Iowa,4 wk ahead,Bin,percent,12.3,12.4, 0.00023816987378748707060091561
Iowa,4 wk ahead,Bin,percent,12.4,12.5, 0.00023816987378748707060091561
Iowa,4 wk ahead,Bin,percent,12.5,12.6, 0.00023816987378748707060091561
Iowa,4 wk ahead,Bin,percent,12.6,12.7, 0.00023816987378748707060091561
Iowa,4 wk ahead,Bin,percent,12.7,12.8, 0.00023816987378748707060091561
Iowa,4 wk ahead,Bin,percent,12.8,12.9, 0.00023816987378748707060091561
Iowa,4 wk ahead,Bin,percent,12.9,13, 0.00023816987378748707060091561
Iowa,4 wk ahead,Bin,percent,13,100, 0.00023816987378748707060091561
Hawaii,Season peak week,Bin,week,40,41, 0.00021923883704826028508659552
Hawaii,Season peak week,Bin,week,41,42, 0.00021923883704826028508659552
Hawaii,Season peak week,Bin,week,42,43, 0.00021923883704826028508659552
Hawaii,Season peak week,Bin,week,43,44, 0.00021923883704826028508659552
Hawaii,Season peak week,Bin,week,44,45, 0.00021923883704826028508659552
Hawaii,Season peak week,Bin,week,45,46, 0.00021923883704826028508659552
Hawaii,Season peak week,Bin,week,46,47, 0.00021923883704826028508659552
Hawaii,Season peak week,Bin,week,47,48, 0.00022364327511734924435263250
Hawaii,Season peak week,Bin,week,48,49, 0.00050387301638168133580131247
Hawaii,Season peak week,Bin,week,49,50, 0.00141189418464892973634206008
Hawaii,Season peak week,Bin,week,50,51, 0.00344137841424524242028848420
Hawaii,Season peak week,Bin,week,51,52, 0.00733052105532577651103576244
Hawaii,Season peak week,Bin,week,52,53, 0.01374797864729679873485590491
Hawaii,Season peak week,Bin,week,1,2, 0.02295298956016138605673582163
Hawaii,Season peak week,Bin,week,2,3, 0.03462807893821844701376377884
Hawaii,Season peak week,Bin,week,3,4, 0.04801541072097129103646295789
Hawaii,Season peak week,Bin,week,4,5, 0.06206591200172933975309774723
Hawaii,Season peak week,Bin,week,5,6, 0.07519912436222021823173378152
Hawaii,Season peak week,Bin,week,6,7, 0.08494385793886094493387872717
Hawaii,Season peak week,Bin,week,7,8, 0.08842215791679799985480769919
Hawaii,Season peak week,Bin,week,8,9, 0.08405339832680620848481822804
Hawaii,Season peak week,Bin,week,9,10, 0.07324388824021066390912437782
Hawaii,Season peak week,Bin,week,10,11, 0.06022448724445271517335953604
Hawaii,Season peak week,Bin,week,11,12, 0.04975420594647338157212601573
Hawaii,Season peak week,Bin,week,12,13, 0.04442316583798604917587837804
Hawaii,Season peak week,Bin,week,13,14, 0.04355652402331648687106024909
Hawaii,Season peak week,Bin,week,14,15, 0.04420027615888275779321148207
Hawaii,Season peak week,Bin,week,15,16, 0.04314884733490603058170265172
Hawaii,Season peak week,Bin,week,16,17, 0.03865506856245888578360592192
Hawaii,Season peak week,Bin,week,17,18, 0.03102359274325846433262299229
Hawaii,Season peak week,Bin,week,18,19, 0.02203499214817425042034493288
Hawaii,Season peak week,Bin,week,19,20, 0.01375288729458634673363803813
Hawaii,Season peak week,Bin,week,20,21, 0.00750717424717457348232185765
Hawaii,Season peak percentage,Bin,percent,0,0.1, 0.00062254050552936206382181883
Hawaii,Season peak percentage,Bin,percent,0.1,0.2, 0.00133080013023457620000011836
Hawaii,Season peak percentage,Bin,percent,0.2,0.3, 0.00145146242166701504132386713
Hawaii,Season peak percentage,Bin,percent,0.3,0.4, 0.00157964424948066730139406566
Hawaii,Season peak percentage,Bin,percent,0.4,0.5, 0.00171563905078261891810897932
Hawaii,Season peak percentage,Bin,percent,0.5,0.6, 0.00185957531646402341937718283
Hawaii,Season peak percentage,Bin,percent,0.6,0.7, 0.00201146103598913005700010714
Hawaii,Season peak percentage,Bin,percent,0.7,0.8, 0.00217159846615702168196038180
Hawaii,Season peak percentage,Bin,percent,0.8,0.9, 0.00233979680461064883101318657
Hawaii,Season peak percentage,Bin,percent,0.9,1, 0.00251626589977713187654129179
Hawaii,Season peak percentage,Bin,percent,1,1.1, 0.00270091121797288525110958268
Hawaii,Season peak percentage,Bin,percent,1.1,1.2, 0.00289365972704863335177027928
Hawaii,Season peak percentage,Bin,percent,1.2,1.3, 0.00309461598636748746668501120
Hawaii,Season peak percentage,Bin,percent,1.3,1.4, 0.00330341958980126396486221019
Hawaii,Season peak percentage,Bin,percent,1.4,1.5, 0.00352017750988799140582363734
Hawaii,Season peak percentage,Bin,percent,1.5,1.6, 0.00374458251484281572085688339
Hawaii,Season peak percentage,Bin,percent,1.6,1.7, 0.00397638846458135599565286711
Hawaii,Season peak percentage,Bin,percent,1.7,1.8, 0.00421553456241821177669093501
Hawaii,Season peak percentage,Bin,percent,1.8,1.9, 0.00446148643810255051550539562
Hawaii,Season peak percentage,Bin,percent,1.9,2, 0.00471415292893007098484758899
Hawaii,Season peak percentage,Bin,percent,2,2.1, 0.00497309488531130858973705600
Hawaii,Season peak percentage,Bin,percent,2.1,2.2, 0.00523782754616398515262742919
Hawaii,Season peak percentage,Bin,percent,2.2,2.3, 0.00550811689725441092774227414
Hawaii,Season peak percentage,Bin,percent,2.3,2.4, 0.00578329929717454494647599361
Hawaii,Season peak percentage,Bin,percent,2.4,2.5, 0.00606299081107679153912481951
Hawaii,Season peak percentage,Bin,percent,2.5,2.6, 0.00634666627208871694798553165
Hawaii,Season peak percentage,Bin,percent,2.6,2.7, 0.00663363376299414258391307087
Hawaii,Season peak percentage,Bin,percent,2.7,2.8, 0.00692340118360207108089143802
Hawaii,Season peak percentage,Bin,percent,2.8,2.9, 0.00721524121009339044346964087
Hawaii,Season peak percentage,Bin,percent,2.9,3, 0.00750849080014856767179010077
Hawaii,Season peak percentage,Bin,percent,3,3.1, 0.00780245193788654291255912909
Hawaii,Season peak percentage,Bin,percent,3.1,3.2, 0.00809635493366465952558286290
Hawaii,Season peak percentage,Bin,percent,3.2,3.3, 0.00838941565818144066590811292
Hawaii,Season peak percentage,Bin,percent,3.3,3.4, 0.00868084865566876029419063343
Hawaii,Season peak percentage,Bin,percent,3.4,3.5, 0.00896982631418445815196793802
Hawaii,Season peak percentage,Bin,percent,3.5,3.6, 0.00925544435364177714431477284
Hawaii,Season peak percentage,Bin,percent,3.6,3.7, 0.00953694318665105657262248684
Hawaii,Season peak percentage,Bin,percent,3.7,3.8, 0.00981331400529616461325677079
Hawaii,Season peak percentage,Bin,percent,3.8,3.9, 0.01008377475018194455169684431
Hawaii,Season peak percentage,Bin,percent,3.9,4, 0.01034742674650090607513241991
Hawaii,Season peak percentage,Bin,percent,4,4.1, 0.01060330136649541808713248514
Hawaii,Season peak percentage,Bin,percent,4.1,4.2, 0.01085071185596754063384938860
Hawaii,Season peak percentage,Bin,percent,4.2,4.3, 0.01108852962654131336928120533
Hawaii,Season peak percentage,Bin,percent,4.3,4.4, 0.01131619766360996565124352742
Hawaii,Season peak percentage,Bin,percent,4.4,4.5, 0.01153277442767202190521125260
Hawaii,Season peak percentage,Bin,percent,4.5,4.6, 0.01173747406230010725813883710
Hawaii,Season peak percentage,Bin,percent,4.6,4.7, 0.01192980807649809092685355694
Hawaii,Season peak percentage,Bin,percent,4.7,4.8, 0.01210862531786673253197950118
Hawaii,Season peak percentage,Bin,percent,4.8,4.9, 0.01227383473023806181867456644
Hawaii,Season peak percentage,Bin,percent,4.9,5, 0.01242453993879914959930221841
Hawaii,Season peak percentage,Bin,percent,5,5.1, 0.01256033744813347952096194149
Hawaii,Season peak percentage,Bin,percent,5.1,5.2, 0.01268099208304547184655852732
Hawaii,Season peak percentage,Bin,percent,5.2,5.3, 0.01278564839465935396023432702
Hawaii,Season peak percentage,Bin,percent,5.3,5.4, 0.01287459879586093369763233341
Hawaii,Season peak percentage,Bin,percent,5.4,5.5, 0.01294719026137069670112644815
Hawaii,Season peak percentage,Bin,percent,5.5,5.6, 0.01300346858022079048200492224
Hawaii,Season peak percentage,Bin,percent,5.6,5.7, 0.01304347027258829193330225138
Hawaii,Season peak percentage,Bin,percent,5.7,5.8, 0.01306680459310256316174392310
Hawaii,Season peak percentage,Bin,percent,5.8,5.9, 0.01307403925408492754989264739
Hawaii,Season peak percentage,Bin,percent,5.9,6, 0.01306484260299627456203275244
Hawaii,Season peak percentage,Bin,percent,6,6.1, 0.01303968597787371307139547838
Hawaii,Season peak percentage,Bin,percent,6.1,6.2, 0.01299879356231579095870554141
Hawaii,Season peak percentage,Bin,percent,6.2,6.3, 0.01294226681367474998674005349
Hawaii,Season peak percentage,Bin,percent,6.3,6.4, 0.01287079773986962542842160673
Hawaii,Season peak percentage,Bin,percent,6.4,6.5, 0.01278433140586756472378837657
Hawaii,Season peak percentage,Bin,percent,6.5,6.6, 0.01268367598323920548974985678
Hawaii,Season peak percentage,Bin,percent,6.6,6.7, 0.01256912560682728503824723276
Hawaii,Season peak percentage,Bin,percent,6.7,6.8, 0.01244112144887719179076057685
Hawaii,Season peak percentage,Bin,percent,6.8,6.9, 0.01230044261320982143526059360
Hawaii,Season peak percentage,Bin,percent,6.9,7, 0.01214717526549323987905548705
Hawaii,Season peak percentage,Bin,percent,7,7.1, 0.01198230196714589711193266197
Hawaii,Season peak percentage,Bin,percent,7.1,7.2, 0.01180618985498208331486047484
Hawaii,Season peak percentage,Bin,percent,7.2,7.3, 0.01161940483254099952536986251
Hawaii,Season peak percentage,Bin,percent,7.3,7.4, 0.01142279039292169555419587113
Hawaii,Season peak percentage,Bin,percent,7.4,7.5, 0.01121659217627797924810018060
Hawaii,Season peak percentage,Bin,percent,7.5,7.6, 0.01100174888503479067591861451
Hawaii,Season peak percentage,Bin,percent,7.6,7.7, 0.01077880056525259110100645188
Hawaii,Season peak percentage,Bin,percent,7.7,7.8, 0.01054832112683543390851959032
Hawaii,Season peak percentage,Bin,percent,7.8,7.9, 0.01031121021980939064799365212
Hawaii,Season peak percentage,Bin,percent,7.9,8, 0.01006791743161746140178269826
Hawaii,Season peak percentage,Bin,percent,8,8.1, 0.00981930460553519582345138872
Hawaii,Season peak percentage,Bin,percent,8.1,8.2, 0.00956610384276238186196383850
Hawaii,Season peak percentage,Bin,percent,8.2,8.3, 0.00930895736785162380977354246
Hawaii,Season peak percentage,Bin,percent,8.3,8.4, 0.00904877745903943930816382135
Hawaii,Season peak percentage,Bin,percent,8.4,8.5, 0.00878626495519995581728878165
Hawaii,Season peak percentage,Bin,percent,8.5,8.6, 0.00852225333555239536464931405
Hawaii,Season peak percentage,Bin,percent,8.6,8.7, 0.00825758555123173171308437190
Hawaii,Season peak percentage,Bin,percent,8.7,8.8, 0.00799309167811082521559740144
Hawaii,Season peak percentage,Bin,percent,8.8,8.9, 0.00772961250196118904859376997
Hawaii,Season peak percentage,Bin,percent,8.9,9, 0.00746803210519341072182175623
Hawaii,Season peak percentage,Bin,percent,9,9.1, 0.00720920881393404162917892819
Hawaii,Season peak percentage,Bin,percent,9.1,9.2, 0.00695394589946844027261718679
Hawaii,Season peak percentage,Bin,percent,9.2,9.3, 0.00670323113066942539994830241
Hawaii,Season peak percentage,Bin,percent,9.3,9.4, 0.00645773305262374325980134770
Hawaii,Season peak percentage,Bin,percent,9.4,9.5, 0.00621836850838903849175709482
Hawaii,Season peak percentage,Bin,percent,9.5,9.6, 0.00598589190234237716187193357
Hawaii,Season peak percentage,Bin,percent,9.6,9.7, 0.00576095567051300178756934045
Hawaii,Season peak percentage,Bin,percent,9.7,9.8, 0.00554445882780479210039104032
Hawaii,Season peak percentage,Bin,percent,9.8,9.9, 0.00533678481477756552764368791
Hawaii,Season peak percentage,Bin,percent,9.9,10, 0.00513871365278223326406026317
Hawaii,Season peak percentage,Bin,percent,10,10.1, 0.00495062635699124783256186433
Hawaii,Season peak percentage,Bin,percent,10.1,10.2, 0.00477293476676348554788020806
Hawaii,Season peak percentage,Bin,percent,10.2,10.3, 0.00460617098519097017961243523
Hawaii,Season peak percentage,Bin,percent,10.3,10.4, 0.00445028475475084134976855310
Hawaii,Season peak percentage,Bin,percent,10.4,10.5, 0.00430578555669087429530472733
Hawaii,Season peak percentage,Bin,percent,10.5,10.6, 0.00417248209765060454334850704
Hawaii,Season peak percentage,Bin,percent,10.6,10.7, 0.00405042786752330893906837161
Hawaii,Season peak percentage,Bin,percent,10.7,10.8, 0.00393963632514003018331161243
Hawaii,Season peak percentage,Bin,percent,10.8,10.9, 0.00383959607567472844397160614
Hawaii,Season peak percentage,Bin,percent,10.9,11, 0.00375039673316032414265852601
Hawaii,Season peak percentage,Bin,percent,11,11.1, 0.00367130797922130295771192543
Hawaii,Season peak percentage,Bin,percent,11.1,11.2, 0.00360198044929213459855454893
Hawaii,Season peak percentage,Bin,percent,11.2,11.3, 0.00354191172167972164255833611
Hawaii,Season peak percentage,Bin,percent,11.3,11.4, 0.00349026024055421263750376148
Hawaii,Season peak percentage,Bin,percent,11.4,11.5, 0.00344664556178189912874487710
Hawaii,Season peak percentage,Bin,percent,11.5,11.6, 0.00341003212216924381228189134
Hawaii,Season peak percentage,Bin,percent,11.6,11.7, 0.00337975071699356038532058299
Hawaii,Season peak percentage,Bin,percent,11.7,11.8, 0.00335495095364240917060194569
Hawaii,Season peak percentage,Bin,percent,11.8,11.9, 0.00333470566975152538091720089
Hawaii,Season peak percentage,Bin,percent,11.9,12, 0.00331824760582037072906280706
Hawaii,Season peak percentage,Bin,percent,12,12.1, 0.00330459108575321828041304606
Hawaii,Season peak percentage,Bin,percent,12.1,12.2, 0.00329291121460156864866886117
Hawaii,Season peak percentage,Bin,percent,12.2,12.3, 0.00328233006825540520393080790
Hawaii,Season peak percentage,Bin,percent,12.3,12.4, 0.00327201368184651094142556538
Hawaii,Season peak percentage,Bin,percent,12.4,12.5, 0.00326115444615971122183095687
Hawaii,Season peak percentage,Bin,percent,12.5,12.6, 0.00324903123715052869618924447
Hawaii,Season peak percentage,Bin,percent,12.6,12.7, 0.00323488663029691684083766212
Hawaii,Season peak percentage,Bin,percent,12.7,12.8, 0.00321812841062787307125359071
Hawaii,Season peak percentage,Bin,percent,12.8,12.9, 0.00319818543743476731838759619
Hawaii,Season peak percentage,Bin,percent,12.9,13, 0.00317447890407063313539248739
Hawaii,Season peak percentage,Bin,percent,13,100, 0.05242271941748848085307344036
Hawaii,1 wk ahead,Bin,percent,0,0.1, 0.00085069986499005940516066060
Hawaii,1 wk ahead,Bin,percent,0.1,0.2, 0.00170139972998011902716175570
Hawaii,1 wk ahead,Bin,percent,0.2,0.3, 0.00170139972998011837664045220
Hawaii,1 wk ahead,Bin,percent,0.3,0.4, 0.00170139972998011837664045220
Hawaii,1 wk ahead,Bin,percent,0.4,0.5, 0.00170139972998011837664045220
Hawaii,1 wk ahead,Bin,percent,0.5,0.6, 0.00170139972998011946084262469
Hawaii,1 wk ahead,Bin,percent,0.6,0.7, 0.00170139972998012011136392818
Hawaii,1 wk ahead,Bin,percent,0.7,0.8, 0.00170139972998012011136392818
Hawaii,1 wk ahead,Bin,percent,0.8,0.9, 0.00170139972998012011136392818
Hawaii,1 wk ahead,Bin,percent,0.9,1, 0.00170139972998012011136392818
Hawaii,1 wk ahead,Bin,percent,1,1.1, 0.00170139972998012011136392818
Hawaii,1 wk ahead,Bin,percent,1.1,1.2, 0.00580008977338347751079306036
Hawaii,1 wk ahead,Bin,percent,1.2,1.3, 0.05275474768616581627833639345
Hawaii,1 wk ahead,Bin,percent,1.3,1.4, 0.08391685091715235522702442950
Hawaii,1 wk ahead,Bin,percent,1.4,1.5, 0.02158763730206115019627510776
Hawaii,1 wk ahead,Bin,percent,1.5,1.6, 0.00083311664159923756213521617
Hawaii,1 wk ahead,Bin,percent,1.6,1.7, 0.00000484789640990655203676984
Hawaii,1 wk ahead,Bin,percent,1.7,1.8, 0.00000000353034915553321920748
Hawaii,1 wk ahead,Bin,percent,1.8,1.9, 0.00000000000034316357308629238
Hawaii,1 wk ahead,Bin,percent,1.9,2, 0.00000000000000000511046134390
Hawaii,1 wk ahead,Bin,percent,2,2.1, 0.00000000000000000012910278642
Hawaii,1 wk ahead,Bin,percent,2.1,2.2, 0.00000000000000000007070679462
Hawaii,1 wk ahead,Bin,percent,2.2,2.3, 0.00000000000000000008110264649
Hawaii,1 wk ahead,Bin,percent,2.3,2.4, 0.00000000000000000148491900725
Hawaii,1 wk ahead,Bin,percent,2.4,2.5, 0.00000000000000000159550127431
Hawaii,1 wk ahead,Bin,percent,2.5,2.6, 0.00000000000000000207329328499
Hawaii,1 wk ahead,Bin,percent,2.6,2.7, 0.00000000000000001293649316141
Hawaii,1 wk ahead,Bin,percent,2.7,2.8, 0.00000000000138111326685435935
Hawaii,1 wk ahead,Bin,percent,2.8,2.9, 0.00000001594606360309209020857
Hawaii,1 wk ahead,Bin,percent,2.9,3, 0.00001973167517447466313062696
Hawaii,1 wk ahead,Bin,percent,3,3.1, 0.00263767119594217162859006720
Hawaii,1 wk ahead,Bin,percent,3.1,3.2, 0.05368559269443391734899506673
Hawaii,1 wk ahead,Bin,percent,3.2,3.3, 0.19538469618429654683922080949
Hawaii,1 wk ahead,Bin,percent,3.3,3.4, 0.25690308929325506026586367625
Hawaii,1 wk ahead,Bin,percent,3.4,3.5, 0.24581961382946707073138270516
Hawaii,1 wk ahead,Bin,percent,3.5,3.6, 0.06032709155192967492853384215
Hawaii,1 wk ahead,Bin,percent,3.6,3.7, 0.00244720837866676393934639577
Hawaii,1 wk ahead,Bin,percent,3.7,3.8, 0.00001328930456843577857003590
Hawaii,1 wk ahead,Bin,percent,3.8,3.9, 0.00000000903206937938392450816
Hawaii,1 wk ahead,Bin,percent,3.9,4, 0.00000000000049606762702384072
Hawaii,1 wk ahead,Bin,percent,4,4.1, 0.00000000000000000096656571356
Hawaii,1 wk ahead,Bin,percent,4.1,4.2, 0.00000000000000000002507356061
Hawaii,1 wk ahead,Bin,percent,4.2,4.3, 0.00000000000000000000000000000
Hawaii,1 wk ahead,Bin,percent,4.3,4.4, 0.00000000000000000043029080475
Hawaii,1 wk ahead,Bin,percent,4.4,4.5, 0.00000000000000000137232706691
Hawaii,1 wk ahead,Bin,percent,4.5,4.6, 0.00000000000000000000000000000
Hawaii,1 wk ahead,Bin,percent,4.6,4.7, 0.00000000000000000195289819387
Hawaii,1 wk ahead,Bin,percent,4.7,4.8, 0.00000000000000001080808824132
Hawaii,1 wk ahead,Bin,percent,4.8,4.9, 0.00000000000000000224147606100
Hawaii,1 wk ahead,Bin,percent,4.9,5, 0.00000000000000000221950800201
Hawaii,1 wk ahead,Bin,percent,5,5.1, 0.00000000000000000167172415731
Hawaii,1 wk ahead,Bin,percent,5.1,5.2, 0.00000000000000000072109286954
Hawaii,1 wk ahead,Bin,percent,5.2,5.3, 0.00000000000000000043221458270
Hawaii,1 wk ahead,Bin,percent,5.3,5.4, 0.00000000000000000282125801320
Hawaii,1 wk ahead,Bin,percent,5.4,5.5, 0.00000000000000000085126395374
Hawaii,1 wk ahead,Bin,percent,5.5,5.6, 0.00000000000000000000000000000
Hawaii,1 wk ahead,Bin,percent,5.6,5.7, 0.00000000000000000007825513544
Hawaii,1 wk ahead,Bin,percent,5.7,5.8, 0.00000000000000000350701324842
Hawaii,1 wk ahead,Bin,percent,5.8,5.9, 0.00000000000000000174821373746
Hawaii,1 wk ahead,Bin,percent,5.9,6, 0.00000000000000000135466880192
Hawaii,1 wk ahead,Bin,percent,6,6.1, 0.00000000000000000066830904387
Hawaii,1 wk ahead,Bin,percent,6.1,6.2, 0.00000000000000000008080838242
Hawaii,1 wk ahead,Bin,percent,6.2,6.3, 0.00000000000000000003926372743
Hawaii,1 wk ahead,Bin,percent,6.3,6.4, 0.00000000000000000192331958523
Hawaii,1 wk ahead,Bin,percent,6.4,6.5, 0.00000000000000000027703565900
Hawaii,1 wk ahead,Bin,percent,6.5,6.6, 0.00000000000000000047433268303
Hawaii,1 wk ahead,Bin,percent,6.6,6.7, 0.00000000000000000167933521178
Hawaii,1 wk ahead,Bin,percent,6.7,6.8, 0.00000000000000000501766256115
Hawaii,1 wk ahead,Bin,percent,6.8,6.9, 0.00000000000000000125780089896
Hawaii,1 wk ahead,Bin,percent,6.9,7, 0.00000000000000000212390113322
Hawaii,1 wk ahead,Bin,percent,7,7.1, 0.00000000000000000240904162561
Hawaii,1 wk ahead,Bin,percent,7.1,7.2, 0.00000000000000000350100931254
Hawaii,1 wk ahead,Bin,percent,7.2,7.3, 0.00000000000000000748834719634
Hawaii,1 wk ahead,Bin,percent,7.3,7.4, 0.00000000000000000261889573616
Hawaii,1 wk ahead,Bin,percent,7.4,7.5, 0.00000000000000000127006457704
Hawaii,1 wk ahead,Bin,percent,7.5,7.6, 0.00000000000000000003884802433
Hawaii,1 wk ahead,Bin,percent,7.6,7.7, 0.00000000000000000126267772298
Hawaii,1 wk ahead,Bin,percent,7.7,7.8, 0.00000000000000000031392059955
Hawaii,1 wk ahead,Bin,percent,7.8,7.9, 0.00000000000000000003503202730
Hawaii,1 wk ahead,Bin,percent,7.9,8, 0.00000000000000000000969350647
Hawaii,1 wk ahead,Bin,percent,8,8.1, 0.00000000000000000167899951740
Hawaii,1 wk ahead,Bin,percent,8.1,8.2, 0.00000000000000000063643714408
Hawaii,1 wk ahead,Bin,percent,8.2,8.3, 0.00000000000000000037018673999
Hawaii,1 wk ahead,Bin,percent,8.3,8.4, 0.00000000000000000198693498227
Hawaii,1 wk ahead,Bin,percent,8.4,8.5, 0.00000000000000000084449555921
Hawaii,1 wk ahead,Bin,percent,8.5,8.6, 0.00000000000000000044888829937
Hawaii,1 wk ahead,Bin,percent,8.6,8.7, 0.00000000000000000097326789291
Hawaii,1 wk ahead,Bin,percent,8.7,8.8, 0.00000000000000000295610082319
Hawaii,1 wk ahead,Bin,percent,8.8,8.9, 0.00000000000000000000043077051
Hawaii,1 wk ahead,Bin,percent,8.9,9, 0.00000000000000000095226161948
Hawaii,1 wk ahead,Bin,percent,9,9.1, 0.00000000000000000113641414935
Hawaii,1 wk ahead,Bin,percent,9.1,9.2, 0.00000000000000000327276726430
Hawaii,1 wk ahead,Bin,percent,9.2,9.3, 0.00000000000000000595457887182
Hawaii,1 wk ahead,Bin,percent,9.3,9.4, 0.00000000000000000407647442572
Hawaii,1 wk ahead,Bin,percent,9.4,9.5, 0.00000000000000000228682001116
Hawaii,1 wk ahead,Bin,percent,9.5,9.6, 0.00000000000000000198135371537
Hawaii,1 wk ahead,Bin,percent,9.6,9.7, 0.00000000000000000320919480373
Hawaii,1 wk ahead,Bin,percent,9.7,9.8, 0.00000000000000000235373436815
Hawaii,1 wk ahead,Bin,percent,9.8,9.9, 0.00000000000000000107886524853
Hawaii,1 wk ahead,Bin,percent,9.9,10, 0.00000000000000000233580572942
Hawaii,1 wk ahead,Bin,percent,10,10.1, 0.00000000000000000134116318847
Hawaii,1 wk ahead,Bin,percent,10.1,10.2, 0.00000000000000000078881258870
Hawaii,1 wk ahead,Bin,percent,10.2,10.3, 0.00000000000000000047287394109
Hawaii,1 wk ahead,Bin,percent,10.3,10.4, 0.00000000000000000020790451251
Hawaii,1 wk ahead,Bin,percent,10.4,10.5, 0.00000000000000000111028095837
Hawaii,1 wk ahead,Bin,percent,10.5,10.6, 0.00000000000000000143390156737
Hawaii,1 wk ahead,Bin,percent,10.6,10.7, 0.00000000000000000546920931467
Hawaii,1 wk ahead,Bin,percent,10.7,10.8, 0.00000000000000000438877714553
Hawaii,1 wk ahead,Bin,percent,10.8,10.9, 0.00000000000000000111559222829
Hawaii,1 wk ahead,Bin,percent,10.9,11, 0.00000000000000000109782086540
Hawaii,1 wk ahead,Bin,percent,11,11.1, 0.00000000000000000207969087555
Hawaii,1 wk ahead,Bin,percent,11.1,11.2, 0.00000000000000000984688805270
Hawaii,1 wk ahead,Bin,percent,11.2,11.3, 0.00000000000000000644555272061
Hawaii,1 wk ahead,Bin,percent,11.3,11.4, 0.00000000000000000154992920592
Hawaii,1 wk ahead,Bin,percent,11.4,11.5, 0.00000000000000000002552603213
Hawaii,1 wk ahead,Bin,percent,11.5,11.6, 0.00000000000000000146360620697
Hawaii,1 wk ahead,Bin,percent,11.6,11.7, 0.00000000000000000341838434759
Hawaii,1 wk ahead,Bin,percent,11.7,11.8, 0.00000000000000000353452465826
Hawaii,1 wk ahead,Bin,percent,11.8,11.9, 0.00000000000000000116261917207
Hawaii,1 wk ahead,Bin,percent,11.9,12, 0.00000000000000000043227396252
Hawaii,1 wk ahead,Bin,percent,12,12.1, 0.00000000000000000073097198222
Hawaii,1 wk ahead,Bin,percent,12.1,12.2, 0.00000000000000000015380191262
Hawaii,1 wk ahead,Bin,percent,12.2,12.3, 0.00000000000000000036837550018
Hawaii,1 wk ahead,Bin,percent,12.3,12.4, 0.00000000000000000187358437990
Hawaii,1 wk ahead,Bin,percent,12.4,12.5, 0.00000000000000000341087232360
Hawaii,1 wk ahead,Bin,percent,12.5,12.6, 0.00000000000000000196466913135
Hawaii,1 wk ahead,Bin,percent,12.6,12.7, 0.00000000000000000212334214819
Hawaii,1 wk ahead,Bin,percent,12.7,12.8, 0.00000000000000000038592206607
Hawaii,1 wk ahead,Bin,percent,12.8,12.9, 0.00000000000000000001843038758
Hawaii,1 wk ahead,Bin,percent,12.9,13, 0.00000000000000000000000000000
Hawaii,1 wk ahead,Bin,percent,13,100, 0.00000000000000002883578819775
Hawaii,2 wk ahead,Bin,percent,0,0.1, 0.00151345473903515687075227447
Hawaii,2 wk ahead,Bin,percent,0.1,0.2, 0.00363468710589433426083605383
Hawaii,2 wk ahead,Bin,percent,0.2,0.3, 0.00452896507330489798970329929
Hawaii,2 wk ahead,Bin,percent,0.3,0.4, 0.00550294957353320447063227405
Hawaii,2 wk ahead,Bin,percent,0.4,0.5, 0.00651860327576277934907844624
Hawaii,2 wk ahead,Bin,percent,0.5,0.6, 0.00752846370260316054279225995
Hawaii,2 wk ahead,Bin,percent,0.6,0.7, 0.00847805578251055284855208782
Hawaii,2 wk ahead,Bin,percent,0.7,0.8, 0.00930859906632570954787553319
Hawaii,2 wk ahead,Bin,percent,0.8,0.9, 0.00996365528172869947820533554
Hawaii,2 wk ahead,Bin,percent,0.9,1, 0.01040095224560312441031140196
Hawaii,2 wk ahead,Bin,percent,1,1.1, 0.01058186099006963934443525943
Hawaii,2 wk ahead,Bin,percent,1.1,1.2, 0.01050165969131726904917112364
Hawaii,2 wk ahead,Bin,percent,1.2,1.3, 0.01015854952484935951051436831
Hawaii,2 wk ahead,Bin,percent,1.3,1.4, 0.00958283228218248690766234432
Hawaii,2 wk ahead,Bin,percent,1.4,1.5, 0.00881604948102538039933495639
Hawaii,2 wk ahead,Bin,percent,1.5,1.6, 0.00790942855029295489865948099
Hawaii,2 wk ahead,Bin,percent,1.6,1.7, 0.00692519237673029208063324447
Hawaii,2 wk ahead,Bin,percent,1.7,1.8, 0.00592136761705291773949522138
Hawaii,2 wk ahead,Bin,percent,1.8,1.9, 0.00495374543607844056852806958
Hawaii,2 wk ahead,Bin,percent,1.9,2, 0.00406933577449243404078327302
Hawaii,2 wk ahead,Bin,percent,2,2.1, 0.00330884067189316259313680568
Hawaii,2 wk ahead,Bin,percent,2.1,2.2, 0.00269827159214071398210532671
Hawaii,2 wk ahead,Bin,percent,2.2,2.3, 0.00226592135512101219146918751
Hawaii,2 wk ahead,Bin,percent,2.3,2.4, 0.00202458182650657771139979246
Hawaii,2 wk ahead,Bin,percent,2.4,2.5, 0.00199574836577665884126964180
Hawaii,2 wk ahead,Bin,percent,2.5,2.6, 0.00219609876138251048499627771
Hawaii,2 wk ahead,Bin,percent,2.6,2.7, 0.00264033867509864614286918538
Hawaii,2 wk ahead,Bin,percent,2.7,2.8, 0.00335379797328923777433029585
Hawaii,2 wk ahead,Bin,percent,2.8,2.9, 0.00434427684221290726779285407
Hawaii,2 wk ahead,Bin,percent,2.9,3, 0.00563080750837842338579752877
Hawaii,2 wk ahead,Bin,percent,3,3.1, 0.00720797077995626121055261493
Hawaii,2 wk ahead,Bin,percent,3.1,3.2, 0.00906131804200278195837725548
Hawaii,2 wk ahead,Bin,percent,3.2,3.3, 0.01116222530863204658035936490
Hawaii,2 wk ahead,Bin,percent,3.3,3.4, 0.01345269986062332633058868936
Hawaii,2 wk ahead,Bin,percent,3.4,3.5, 0.01586841021416733957249967091
Hawaii,2 wk ahead,Bin,percent,3.5,3.6, 0.01832425241170434343507267272
Hawaii,2 wk ahead,Bin,percent,3.6,3.7, 0.02073576997032454058422779042
Hawaii,2 wk ahead,Bin,percent,3.7,3.8, 0.02301745259448358810194790181
Hawaii,2 wk ahead,Bin,percent,3.8,3.9, 0.02510534447448282968640143054
Hawaii,2 wk ahead,Bin,percent,3.9,4, 0.02694546473416159493297072913
Hawaii,2 wk ahead,Bin,percent,4,4.1, 0.02852415853642691762059868665
Hawaii,2 wk ahead,Bin,percent,4.1,4.2, 0.02983820808241733485433044848
Hawaii,2 wk ahead,Bin,percent,4.2,4.3, 0.03091535112244442329298976802
Hawaii,2 wk ahead,Bin,percent,4.3,4.4, 0.03179369294689936287223730460
Hawaii,2 wk ahead,Bin,percent,4.4,4.5, 0.03250783403368889823426002295
Hawaii,2 wk ahead,Bin,percent,4.5,4.6, 0.03309047180521150488541337609
Hawaii,2 wk ahead,Bin,percent,4.6,4.7, 0.03354733024448458555966112726
Hawaii,2 wk ahead,Bin,percent,4.7,4.8, 0.03386720130186921667858612750
Hawaii,2 wk ahead,Bin,percent,4.8,4.9, 0.03401341395532209849195126594
Hawaii,2 wk ahead,Bin,percent,4.9,5, 0.03392753328339338098063038274
Hawaii,2 wk ahead,Bin,percent,5,5.1, 0.03355509582231486903625139462
Hawaii,2 wk ahead,Bin,percent,5.1,5.2, 0.03282781040481390355534330183
Hawaii,2 wk ahead,Bin,percent,5.2,5.3, 0.03171395750631453985812768792
Hawaii,2 wk ahead,Bin,percent,5.3,5.4, 0.03018957706403598006961175315
Hawaii,2 wk ahead,Bin,percent,5.4,5.5, 0.02826949703432114074930225911
Hawaii,2 wk ahead,Bin,percent,5.5,5.6, 0.02600717955669440417665327914
Hawaii,2 wk ahead,Bin,percent,5.6,5.7, 0.02347064132670673153313600778
Hawaii,2 wk ahead,Bin,percent,5.7,5.8, 0.02076274631091049038822404782
Hawaii,2 wk ahead,Bin,percent,5.8,5.9, 0.01798563415307928223252353916
Hawaii,2 wk ahead,Bin,percent,5.9,6, 0.01524826510072844337750908039
Hawaii,2 wk ahead,Bin,percent,6,6.1, 0.01264268437339907333316624261
Hawaii,2 wk ahead,Bin,percent,6.1,6.2, 0.01025104892266654431354222510
Hawaii,2 wk ahead,Bin,percent,6.2,6.3, 0.00811962776990126505749501007
Hawaii,2 wk ahead,Bin,percent,6.3,6.4, 0.00628688660507794021964356190
Hawaii,2 wk ahead,Bin,percent,6.4,6.5, 0.00475230759217193290261382899
Hawaii,2 wk ahead,Bin,percent,6.5,6.6, 0.00350816267391297577013520304
Hawaii,2 wk ahead,Bin,percent,6.6,6.7, 0.00253035746376516039457538199
Hawaii,2 wk ahead,Bin,percent,6.7,6.8, 0.00177942634869072469940010084
Hawaii,2 wk ahead,Bin,percent,6.8,6.9, 0.00122338288560000637769653586
Hawaii,2 wk ahead,Bin,percent,6.9,7, 0.00081928490232136658936307194
Hawaii,2 wk ahead,Bin,percent,7,7.1, 0.00053613271586931872132036903
Hawaii,2 wk ahead,Bin,percent,7.1,7.2, 0.00034244017866008385955062243
Hawaii,2 wk ahead,Bin,percent,7.2,7.3, 0.00021302069762057501277514870
Hawaii,2 wk ahead,Bin,percent,7.3,7.4, 0.00012966683245080592111996010
Hawaii,2 wk ahead,Bin,percent,7.4,7.5, 0.00007670016816232069171033886
Hawaii,2 wk ahead,Bin,percent,7.5,7.6, 0.00004441862002100919868839354
Hawaii,2 wk ahead,Bin,percent,7.6,7.7, 0.00002503521089782144033709065
Hawaii,2 wk ahead,Bin,percent,7.7,7.8, 0.00001376191059745644626943414
Hawaii,2 wk ahead,Bin,percent,7.8,7.9, 0.00000740406376499213501424191
Hawaii,2 wk ahead,Bin,percent,7.9,8, 0.00000386239526218237512190630
Hawaii,2 wk ahead,Bin,percent,8,8.1, 0.00000197762991115634672025458
Hawaii,2 wk ahead,Bin,percent,8.1,8.2, 0.00000098124848046038857928713
Hawaii,2 wk ahead,Bin,percent,8.2,8.3, 0.00000047675112408366909902535
Hawaii,2 wk ahead,Bin,percent,8.3,8.4, 0.00000022629102793346809665403
Hawaii,2 wk ahead,Bin,percent,8.4,8.5, 0.00000010404200478305256582945
Hawaii,2 wk ahead,Bin,percent,8.5,8.6, 0.00000004705768800260192313701
Hawaii,2 wk ahead,Bin,percent,8.6,8.7, 0.00000002054073646011513970458
Hawaii,2 wk ahead,Bin,percent,8.7,8.8, 0.00000000882775343992188422995
Hawaii,2 wk ahead,Bin,percent,8.8,8.9, 0.00000000368498162636384580697
Hawaii,2 wk ahead,Bin,percent,8.9,9, 0.00000000149411688543719006450
Hawaii,2 wk ahead,Bin,percent,9,9.1, 0.00000000059695537696851268450
Hawaii,2 wk ahead,Bin,percent,9.1,9.2, 0.00000000022921930098608409650
Hawaii,2 wk ahead,Bin,percent,9.2,9.3, 0.00000000008713365690695193763
Hawaii,2 wk ahead,Bin,percent,9.3,9.4, 0.00000000003185529560590440761
Hawaii,2 wk ahead,Bin,percent,9.4,9.5, 0.00000000001143865474673295995
Hawaii,2 wk ahead,Bin,percent,9.5,9.6, 0.00000000000402742452996500946
Hawaii,2 wk ahead,Bin,percent,9.6,9.7, 0.00000000000136169591000272962
Hawaii,2 wk ahead,Bin,percent,9.7,9.8, 0.00000000000045714494054025825
Hawaii,2 wk ahead,Bin,percent,9.8,9.9, 0.00000000000014652450499185124
Hawaii,2 wk ahead,Bin,percent,9.9,10, 0.00000000000004664716485307334
Hawaii,2 wk ahead,Bin,percent,10,10.1, 0.00000000000001442784331417500
Hawaii,2 wk ahead,Bin,percent,10.1,10.2, 0.00000000000000429784073671584
Hawaii,2 wk ahead,Bin,percent,10.2,10.3, 0.00000000000000127497462807878
Hawaii,2 wk ahead,Bin,percent,10.3,10.4, 0.00000000000000036069461768488
Hawaii,2 wk ahead,Bin,percent,10.4,10.5, 0.00000000000000010362391430180
Hawaii,2 wk ahead,Bin,percent,10.5,10.6, 0.00000000000000003459756107142
Hawaii,2 wk ahead,Bin,percent,10.6,10.7, 0.00000000000000002517052645146
Hawaii,2 wk ahead,Bin,percent,10.7,10.8, 0.00000000000000006211777517225
Hawaii,2 wk ahead,Bin,percent,10.8,10.9, 0.00000000000000021334778943267
Hawaii,2 wk ahead,Bin,percent,10.9,11, 0.00000000000000074916762275946
Hawaii,2 wk ahead,Bin,percent,11,11.1, 0.00000000000000255123214129482
Hawaii,2 wk ahead,Bin,percent,11.1,11.2, 0.00000000000000838758993537428
Hawaii,2 wk ahead,Bin,percent,11.2,11.3, 0.00000000000002748127664626898
Hawaii,2 wk ahead,Bin,percent,11.3,11.4, 0.00000000000008572619873582870
Hawaii,2 wk ahead,Bin,percent,11.4,11.5, 0.00000000000026542607238795115
Hawaii,2 wk ahead,Bin,percent,11.5,11.6, 0.00000000000079183336903337701
Hawaii,2 wk ahead,Bin,percent,11.6,11.7, 0.00000000000231037167725287864
Hawaii,2 wk ahead,Bin,percent,11.7,11.8, 0.00000000000663814926331805650
Hawaii,2 wk ahead,Bin,percent,11.8,11.9, 0.00000000001826968163456633882
Hawaii,2 wk ahead,Bin,percent,11.9,12, 0.00000000004988074637040617675
Hawaii,2 wk ahead,Bin,percent,12,12.1, 0.00000000013091463375600613709
Hawaii,2 wk ahead,Bin,percent,12.1,12.2, 0.00000000033801294996989146695
Hawaii,2 wk ahead,Bin,percent,12.2,12.3, 0.00000000085023430477164926110
Hawaii,2 wk ahead,Bin,percent,12.3,12.4, 0.00000000206992828443873129558
Hawaii,2 wk ahead,Bin,percent,12.4,12.5, 0.00000000497225532026830160377
Hawaii,2 wk ahead,Bin,percent,12.5,12.6, 0.00000001151024772223522338538
Hawaii,2 wk ahead,Bin,percent,12.6,12.7, 0.00000002620020539781692046004
Hawaii,2 wk ahead,Bin,percent,12.7,12.8, 0.00000005786922828647288901802
Hawaii,2 wk ahead,Bin,percent,12.8,12.9, 0.00000012458813341391809118242
Hawaii,2 wk ahead,Bin,percent,12.9,13, 0.00000026316460457962115893510
Hawaii,2 wk ahead,Bin,percent,13,100, 0.01649644824184422556290208206
Hawaii,3 wk ahead,Bin,percent,0,0.1, 0.00011074674510827667338677682
Hawaii,3 wk ahead,Bin,percent,0.1,0.2, 0.00026902630604992570006669950
Hawaii,3 wk ahead,Bin,percent,0.2,0.3, 0.00058677304864009083035930603
Hawaii,3 wk ahead,Bin,percent,0.3,0.4, 0.00121608124673393660011844197
Hawaii,3 wk ahead,Bin,percent,0.4,0.5, 0.00232573716288720895931096955
Hawaii,3 wk ahead,Bin,percent,0.5,0.6, 0.00407312550895254973232217921
Hawaii,3 wk ahead,Bin,percent,0.6,0.7, 0.00654857678267036381197785389
Hawaii,3 wk ahead,Bin,percent,0.7,0.8, 0.00967033581768220185104212305
Hawaii,3 wk ahead,Bin,percent,0.8,0.9, 0.01310191328865118257085420339
Hawaii,3 wk ahead,Bin,percent,0.9,1, 0.01629024107005026464345398551
Hawaii,3 wk ahead,Bin,percent,1,1.1, 0.01860880475920838675318869093
Hawaii,3 wk ahead,Bin,percent,1.1,1.2, 0.01948840102441351529449775626
Hawaii,3 wk ahead,Bin,percent,1.2,1.3, 0.01875246434541062365286556712
Hawaii,3 wk ahead,Bin,percent,1.3,1.4, 0.01655662200067583092466527717
Hawaii,3 wk ahead,Bin,percent,1.4,1.5, 0.01341602164959948204070450117
Hawaii,3 wk ahead,Bin,percent,1.5,1.6, 0.00998044855960713434006592593
Hawaii,3 wk ahead,Bin,percent,1.6,1.7, 0.00681861863711975910856688543
Hawaii,3 wk ahead,Bin,percent,1.7,1.8, 0.00426837093702730693833835574
Hawaii,3 wk ahead,Bin,percent,1.8,1.9, 0.00246068643363256140538242178
Hawaii,3 wk ahead,Bin,percent,1.9,2, 0.00129684516401782821103105814
Hawaii,3 wk ahead,Bin,percent,2,2.1, 0.00062977091209520186590453683
Hawaii,3 wk ahead,Bin,percent,2.1,2.2, 0.00028078746530311966345463959
Hawaii,3 wk ahead,Bin,percent,2.2,2.3, 0.00011615866672637553322616072
Hawaii,3 wk ahead,Bin,percent,2.3,2.4, 0.00005063031635733467831095994
Hawaii,3 wk ahead,Bin,percent,2.4,2.5, 0.00003955981083402778731086813
Hawaii,3 wk ahead,Bin,percent,2.5,2.6, 0.00008115079535090516577901243
Hawaii,3 wk ahead,Bin,percent,2.6,2.7, 0.00021294384212763953776251236
Hawaii,3 wk ahead,Bin,percent,2.7,2.8, 0.00054614717775813598384104797
Hawaii,3 wk ahead,Bin,percent,2.8,2.9, 0.00128004089664078362330312810
Hawaii,3 wk ahead,Bin,percent,2.9,3, 0.00276618668800387686526609521
Hawaii,3 wk ahead,Bin,percent,3,3.1, 0.00548895964058037245242305247
Hawaii,3 wk ahead,Bin,percent,3.1,3.2, 0.00997258192855890283901043603
Hawaii,3 wk ahead,Bin,percent,3.2,3.3, 0.01668612727485028687790524771
Hawaii,3 wk ahead,Bin,percent,3.3,3.4, 0.02557142629091015834097433412
Hawaii,3 wk ahead,Bin,percent,3.4,3.5, 0.03601853043974088258716292898
Hawaii,3 wk ahead,Bin,percent,3.5,3.6, 0.04657015693463862487933013767
Hawaii,3 wk ahead,Bin,percent,3.6,3.7, 0.05525943508330819625706809006
Hawaii,3 wk ahead,Bin,percent,3.7,3.8, 0.06022244394942777995227700671
Hawaii,3 wk ahead,Bin,percent,3.8,3.9, 0.06030763967136169162452929982
Hawaii,3 wk ahead,Bin,percent,3.9,4, 0.05548736020124275802878344166
Hawaii,3 wk ahead,Bin,percent,4,4.1, 0.04713716196401496194567926068
Hawaii,3 wk ahead,Bin,percent,4.1,4.2, 0.03724158489271895550176694201
Hawaii,3 wk ahead,Bin,percent,4.2,4.3, 0.02801839743981427918728677184
Hawaii,3 wk ahead,Bin,percent,4.3,4.4, 0.02126503825275421685758736601
Hawaii,3 wk ahead,Bin,percent,4.4,4.5, 0.01788047614155429537730057632
Hawaii,3 wk ahead,Bin,percent,4.5,4.6, 0.01803286266679873448004478576
Hawaii,3 wk ahead,Bin,percent,4.6,4.7, 0.02110426662849990489534413030
Hawaii,3 wk ahead,Bin,percent,4.7,4.8, 0.02586659628518449965950409819
Hawaii,3 wk ahead,Bin,percent,4.8,4.9, 0.03081944261951686039879838575
Hawaii,3 wk ahead,Bin,percent,4.9,5, 0.03446375300578213146662776012
Hawaii,3 wk ahead,Bin,percent,5,5.1, 0.03560885166523571065955167114
Hawaii,3 wk ahead,Bin,percent,5.1,5.2, 0.03390443154791655810953443506
Hawaii,3 wk ahead,Bin,percent,5.2,5.3, 0.02964595514980668256033169428
Hawaii,3 wk ahead,Bin,percent,5.3,5.4, 0.02380776949641781256583605852
Hawaii,3 wk ahead,Bin,percent,5.4,5.5, 0.01755537044011129532705695055
Hawaii,3 wk ahead,Bin,percent,5.5,5.6, 0.01188974285316049712968311525
Hawaii,3 wk ahead,Bin,percent,5.6,5.7, 0.00738016883962442239025536495
Hawaii,3 wk ahead,Bin,percent,5.7,5.8, 0.00421955890359318550736356102
Hawaii,3 wk ahead,Bin,percent,5.8,5.9, 0.00220498021675763922894164537
Hawaii,3 wk ahead,Bin,percent,5.9,6, 0.00106278319337233927849295512
Hawaii,3 wk ahead,Bin,percent,6,6.1, 0.00046887645402375990096727199
Hawaii,3 wk ahead,Bin,percent,6.1,6.2, 0.00018959845316724125026917880
Hawaii,3 wk ahead,Bin,percent,6.2,6.3, 0.00007091864576031311649326194
Hawaii,3 wk ahead,Bin,percent,6.3,6.4, 0.00002399022580118416971190799
Hawaii,3 wk ahead,Bin,percent,6.4,6.5, 0.00000761172553948221321392601
Hawaii,3 wk ahead,Bin,percent,6.5,6.6, 0.00000216328357567529058888209
Hawaii,3 wk ahead,Bin,percent,6.6,6.7, 0.00000057848860979388472402661
Hawaii,3 wk ahead,Bin,percent,6.7,6.8, 0.00000013946507599729330244327
Hawaii,3 wk ahead,Bin,percent,6.8,6.9, 0.00000003101668561854710137194
Hawaii,3 wk ahead,Bin,percent,6.9,7, 0.00000000640830471193469147311
Hawaii,3 wk ahead,Bin,percent,7,7.1, 0.00000000117476238623314468567
Hawaii,3 wk ahead,Bin,percent,7.1,7.2, 0.00000000020855137372121676374
Hawaii,3 wk ahead,Bin,percent,7.2,7.3, 0.00000000003191948160003098952
Hawaii,3 wk ahead,Bin,percent,7.3,7.4, 0.00000000000478404491878176738
Hawaii,3 wk ahead,Bin,percent,7.4,7.5, 0.00000000000062204240481611646
Hawaii,3 wk ahead,Bin,percent,7.5,7.6, 0.00000000000007689482620973103
Hawaii,3 wk ahead,Bin,percent,7.6,7.7, 0.00000000000000866611339815029
Hawaii,3 wk ahead,Bin,percent,7.7,7.8, 0.00000000000000086160581093997
Hawaii,3 wk ahead,Bin,percent,7.8,7.9, 0.00000000000000008208796974669
Hawaii,3 wk ahead,Bin,percent,7.9,8, 0.00000000000000000417966069821
Hawaii,3 wk ahead,Bin,percent,8,8.1, 0.00000000000000000032942679902
Hawaii,3 wk ahead,Bin,percent,8.1,8.2, 0.00000000000000000013924229447
Hawaii,3 wk ahead,Bin,percent,8.2,8.3, 0.00000000000000000071535588146
Hawaii,3 wk ahead,Bin,percent,8.3,8.4, 0.00000000000000000184628867052
Hawaii,3 wk ahead,Bin,percent,8.4,8.5, 0.00000000000000000189767065979
Hawaii,3 wk ahead,Bin,percent,8.5,8.6, 0.00000000000000000205829150315
Hawaii,3 wk ahead,Bin,percent,8.6,8.7, 0.00000000000000000134983245613
Hawaii,3 wk ahead,Bin,percent,8.7,8.8, 0.00000000000000000096720519923
Hawaii,3 wk ahead,Bin,percent,8.8,8.9, 0.00000000000000000082874911259
Hawaii,3 wk ahead,Bin,percent,8.9,9, 0.00000000000000000036484075508
Hawaii,3 wk ahead,Bin,percent,9,9.1, 0.00000000000000000006596323027
Hawaii,3 wk ahead,Bin,percent,9.1,9.2, 0.00000000000000000001702983297
Hawaii,3 wk ahead,Bin,percent,9.2,9.3, 0.00000000000000000000130787004
Hawaii,3 wk ahead,Bin,percent,9.3,9.4, 0.00000000000000000000000000000
Hawaii,3 wk ahead,Bin,percent,9.4,9.5, 0.00000000000000000000000000000
Hawaii,3 wk ahead,Bin,percent,9.5,9.6, 0.00000000000000000029503721154
Hawaii,3 wk ahead,Bin,percent,9.6,9.7, 0.00000000000000000007228756037
Hawaii,3 wk ahead,Bin,percent,9.7,9.8, 0.00000000000000000002267276865
Hawaii,3 wk ahead,Bin,percent,9.8,9.9, 0.00000000000000000005608131804
Hawaii,3 wk ahead,Bin,percent,9.9,10, 0.00000000000000000005384932857
Hawaii,3 wk ahead,Bin,percent,10,10.1, 0.00000000000000000013159878274
Hawaii,3 wk ahead,Bin,percent,10.1,10.2, 0.00000000000000000001493110516
Hawaii,3 wk ahead,Bin,percent,10.2,10.3, 0.00000000000000000000000000000
Hawaii,3 wk ahead,Bin,percent,10.3,10.4, 0.00000000000000000000601487929
Hawaii,3 wk ahead,Bin,percent,10.4,10.5, 0.00000000000000000004906929977
Hawaii,3 wk ahead,Bin,percent,10.5,10.6, 0.00000000000000000036273771488
Hawaii,3 wk ahead,Bin,percent,10.6,10.7, 0.00000000000000000033546596153
Hawaii,3 wk ahead,Bin,percent,10.7,10.8, 0.00000000000000000057494349084
Hawaii,3 wk ahead,Bin,percent,10.8,10.9, 0.00000000000000000099997944693
Hawaii,3 wk ahead,Bin,percent,10.9,11, 0.00000000000000000136734877176
Hawaii,3 wk ahead,Bin,percent,11,11.1, 0.00000000000000000169404729307
Hawaii,3 wk ahead,Bin,percent,11.1,11.2, 0.00000000000000000145355900989
Hawaii,3 wk ahead,Bin,percent,11.2,11.3, 0.00000000000000000141193845050
Hawaii,3 wk ahead,Bin,percent,11.3,11.4, 0.00000000000000000119232009398
Hawaii,3 wk ahead,Bin,percent,11.4,11.5, 0.00000000000000000025165031162
Hawaii,3 wk ahead,Bin,percent,11.5,11.6, 0.00000000000000000018157758811
Hawaii,3 wk ahead,Bin,percent,11.6,11.7, 0.00000000000000000007984431470
Hawaii,3 wk ahead,Bin,percent,11.7,11.8, 0.00000000000000000003994861775
Hawaii,3 wk ahead,Bin,percent,11.8,11.9, 0.00000000000000000011274065910
Hawaii,3 wk ahead,Bin,percent,11.9,12, 0.00000000000000000000002998049
Hawaii,3 wk ahead,Bin,percent,12,12.1, 0.00000000000000000000000000000
Hawaii,3 wk ahead,Bin,percent,12.1,12.2, 0.00000000000000000000098262088
Hawaii,3 wk ahead,Bin,percent,12.2,12.3, 0.00000000000000000016746478212
Hawaii,3 wk ahead,Bin,percent,12.3,12.4, 0.00000000000000000000783926539
Hawaii,3 wk ahead,Bin,percent,12.4,12.5, 0.00000000000000000026879009748
Hawaii,3 wk ahead,Bin,percent,12.5,12.6, 0.00000000000000000044675832323
Hawaii,3 wk ahead,Bin,percent,12.6,12.7, 0.00000000000000000013853320425
Hawaii,3 wk ahead,Bin,percent,12.7,12.8, 0.00000000000000000402476347247
Hawaii,3 wk ahead,Bin,percent,12.8,12.9, 0.00000000000000006767375765204
Hawaii,3 wk ahead,Bin,percent,12.9,13, 0.00000000000000068355518733236
Hawaii,3 wk ahead,Bin,percent,13,100, 0.00669901373613908130560945509
Hawaii,4 wk ahead,Bin,percent,0,0.1, 0.00189600593493323833597929973
Hawaii,4 wk ahead,Bin,percent,0.1,0.2, 0.00427977516089170489238524553
Hawaii,4 wk ahead,Bin,percent,0.2,0.3, 0.00494511248468772028619167003
Hawaii,4 wk ahead,Bin,percent,0.3,0.4, 0.00560877465834311045994597933
Hawaii,4 wk ahead,Bin,percent,0.4,0.5, 0.00624423029952870731196234999
Hawaii,4 wk ahead,Bin,percent,0.5,0.6, 0.00682308867224367537884788248
Hawaii,4 wk ahead,Bin,percent,0.6,0.7, 0.00731859886886357651619716691
Hawaii,4 wk ahead,Bin,percent,0.7,0.8, 0.00770574270284017995291669934
Hawaii,4 wk ahead,Bin,percent,0.8,0.9, 0.00796343163893974831379907187
Hawaii,4 wk ahead,Bin,percent,0.9,1, 0.00807770433189347603075702864
Hawaii,4 wk ahead,Bin,percent,1,1.1, 0.00804369666417319162388110954
Hawaii,4 wk ahead,Bin,percent,1.1,1.2, 0.00786291291531834163341940780
Hawaii,4 wk ahead,Bin,percent,1.2,1.3, 0.00754496795237082767959790885
Hawaii,4 wk ahead,Bin,percent,1.3,1.4, 0.00710797575865366668135258976
Hawaii,4 wk ahead,Bin,percent,1.4,1.5, 0.00657614959485267915051398546
Hawaii,4 wk ahead,Bin,percent,1.5,1.6, 0.00597656663430588819263533651
Hawaii,4 wk ahead,Bin,percent,1.6,1.7, 0.00533869249936361200958856443
Hawaii,4 wk ahead,Bin,percent,1.7,1.8, 0.00469273582737951902577044905
Hawaii,4 wk ahead,Bin,percent,1.8,1.9, 0.00406679574866142083677811314
Hawaii,4 wk ahead,Bin,percent,1.9,2, 0.00348606703767102149571499581
Hawaii,4 wk ahead,Bin,percent,2,2.1, 0.00297314019788610158639974301
Hawaii,4 wk ahead,Bin,percent,2.1,2.2, 0.00254660826854256807511012184
Hawaii,4 wk ahead,Bin,percent,2.2,2.3, 0.00222096287137117610541170443
Hawaii,4 wk ahead,Bin,percent,2.3,2.4, 0.00200866889573902453192122408
Hawaii,4 wk ahead,Bin,percent,2.4,2.5, 0.00192114377242242262075477832
Hawaii,4 wk ahead,Bin,percent,2.5,2.6, 0.00196752690500668313278165300
Hawaii,4 wk ahead,Bin,percent,2.6,2.7, 0.00215516371200089691326229335
Hawaii,4 wk ahead,Bin,percent,2.7,2.8, 0.00249270433539964739177996478
Hawaii,4 wk ahead,Bin,percent,2.8,2.9, 0.00298874884167957353270361764
Hawaii,4 wk ahead,Bin,percent,2.9,3, 0.00365008588968251512091311994
Hawaii,4 wk ahead,Bin,percent,3,3.1, 0.00447983930937485581164070325
Hawaii,4 wk ahead,Bin,percent,3.1,3.2, 0.00548206651480252424302186398
Hawaii,4 wk ahead,Bin,percent,3.2,3.3, 0.00665628227036172900876742631
Hawaii,4 wk ahead,Bin,percent,3.3,3.4, 0.00799633754737220231456618080
Hawaii,4 wk ahead,Bin,percent,3.4,3.5, 0.00948966079795924774553661507
Hawaii,4 wk ahead,Bin,percent,3.5,3.6, 0.01112041139734047841269859447
Hawaii,4 wk ahead,Bin,percent,3.6,3.7, 0.01286536922318064733727904780
Hawaii,4 wk ahead,Bin,percent,3.7,3.8, 0.01469459388720405906836319332
Hawaii,4 wk ahead,Bin,percent,3.8,3.9, 0.01657349001913932529106432412
Hawaii,4 wk ahead,Bin,percent,3.9,4, 0.01846423562041375754372296569
Hawaii,4 wk ahead,Bin,percent,4,4.1, 0.02032547487671497454808644534
Hawaii,4 wk ahead,Bin,percent,4.1,4.2, 0.02211526983605353879891453062
Hawaii,4 wk ahead,Bin,percent,4.2,4.3, 0.02379373126946983385554545976
Hawaii,4 wk ahead,Bin,percent,4.3,4.4, 0.02532255115308326698375651631
Hawaii,4 wk ahead,Bin,percent,4.4,4.5, 0.02666667012330625058380562109
Hawaii,4 wk ahead,Bin,percent,4.5,4.6, 0.02779804407340430091877259144
Hawaii,4 wk ahead,Bin,percent,4.6,4.7, 0.02869505577594431977583866455
Hawaii,4 wk ahead,Bin,percent,4.7,4.8, 0.02934000359924002210298965565
Hawaii,4 wk ahead,Bin,percent,4.8,4.9, 0.02972096298787781087913373312
Hawaii,4 wk ahead,Bin,percent,4.9,5, 0.02983392640204506063295042395
Hawaii,4 wk ahead,Bin,percent,5,5.1, 0.02968033705169395575218516115
Hawaii,4 wk ahead,Bin,percent,5.1,5.2, 0.02926306869543992411619726113
Hawaii,4 wk ahead,Bin,percent,5.2,5.3, 0.02858992337221769736155252417
Hawaii,4 wk ahead,Bin,percent,5.3,5.4, 0.02767452737054262174032359667
Hawaii,4 wk ahead,Bin,percent,5.4,5.5, 0.02653530540532684361965110043
Hawaii,4 wk ahead,Bin,percent,5.5,5.6, 0.02519121767333394254495537723
Hawaii,4 wk ahead,Bin,percent,5.6,5.7, 0.02366742630601453845073933735
Hawaii,4 wk ahead,Bin,percent,5.7,5.8, 0.02199478879397188946231977980
Hawaii,4 wk ahead,Bin,percent,5.8,5.9, 0.02020827798014935422488136396
Hawaii,4 wk ahead,Bin,percent,5.9,6, 0.01834401194845105415032193719
Hawaii,4 wk ahead,Bin,percent,6,6.1, 0.01644242717841758530394891125
Hawaii,4 wk ahead,Bin,percent,6.1,6.2, 0.01454468771123223862218321045
Hawaii,4 wk ahead,Bin,percent,6.2,6.3, 0.01268935447186743392666841146
Hawaii,4 wk ahead,Bin,percent,6.3,6.4, 0.01091308925079215348674654962
Hawaii,4 wk ahead,Bin,percent,6.4,6.5, 0.00924781192732362054831352083
Hawaii,4 wk ahead,Bin,percent,6.5,6.6, 0.00771780955554630075654554133
Hawaii,4 wk ahead,Bin,percent,6.6,6.7, 0.00633982724154108067543544891
Hawaii,4 wk ahead,Bin,percent,6.7,6.8, 0.00512494639606205035914365808
Hawaii,4 wk ahead,Bin,percent,6.8,6.9, 0.00407602694417405226473549718
Hawaii,4 wk ahead,Bin,percent,6.9,7, 0.00318781468537952892422504547
Hawaii,4 wk ahead,Bin,percent,7,7.1, 0.00245070166038719935985845666
Hawaii,4 wk ahead,Bin,percent,7.1,7.2, 0.00185208818446586011979837494
Hawaii,4 wk ahead,Bin,percent,7.2,7.3, 0.00137592545089898531454619679
Hawaii,4 wk ahead,Bin,percent,7.3,7.4, 0.00100418511381506164563404138
Hawaii,4 wk ahead,Bin,percent,7.4,7.5, 0.00071976448064786765958927850
Hawaii,4 wk ahead,Bin,percent,7.5,7.6, 0.00050689712709544709062781109
Hawaii,4 wk ahead,Bin,percent,7.6,7.7, 0.00035077744118971185879191088
Hawaii,4 wk ahead,Bin,percent,7.7,7.8, 0.00023832903208906224359377168
Hawaii,4 wk ahead,Bin,percent,7.8,7.9, 0.00015891067855747250769753165
Hawaii,4 wk ahead,Bin,percent,7.9,8, 0.00010410665924264130715887894
Hawaii,4 wk ahead,Bin,percent,8,8.1, 0.00006700537637180814954512842
Hawaii,4 wk ahead,Bin,percent,8.1,8.2, 0.00004232593118567185708081904
Hawaii,4 wk ahead,Bin,percent,8.2,8.3, 0.00002622127158485487756966678
Hawaii,4 wk ahead,Bin,percent,8.3,8.4, 0.00001596375423616059740106882
Hawaii,4 wk ahead,Bin,percent,8.4,8.5, 0.00000954929378230314619788611
Hawaii,4 wk ahead,Bin,percent,8.5,8.6, 0.00000560347816623481913674227
Hawaii,4 wk ahead,Bin,percent,8.6,8.7, 0.00000322304003441503773161000
Hawaii,4 wk ahead,Bin,percent,8.7,8.8, 0.00000182275924822501083135144
Hawaii,4 wk ahead,Bin,percent,8.8,8.9, 0.00000101308755052593126139127
Hawaii,4 wk ahead,Bin,percent,8.9,9, 0.00000055177588575202955667660
Hawaii,4 wk ahead,Bin,percent,9,9.1, 0.00000029467321195205272965544
Hawaii,4 wk ahead,Bin,percent,9.1,9.2, 0.00000015480803811471025526643
Hawaii,4 wk ahead,Bin,percent,9.2,9.3, 0.00000007994885734333716285065
Hawaii,4 wk ahead,Bin,percent,9.3,9.4, 0.00000004043241284676357090907
Hawaii,4 wk ahead,Bin,percent,9.4,9.5, 0.00000002012273271732827586927
Hawaii,4 wk ahead,Bin,percent,9.5,9.6, 0.00000000997813878041028983623
Hawaii,4 wk ahead,Bin,percent,9.6,9.7, 0.00000000514220105992314091388
Hawaii,4 wk ahead,Bin,percent,9.7,9.8, 0.00000000319162649013245927242
Hawaii,4 wk ahead,Bin,percent,9.8,9.9, 0.00000000313136542402177982910
Hawaii,4 wk ahead,Bin,percent,9.9,10, 0.00000000489927722967101944215
Hawaii,4 wk ahead,Bin,percent,10,10.1, 0.00000000935768687573721232469
Hawaii,4 wk ahead,Bin,percent,10.1,10.2, 0.00000001857608156722368944381
Hawaii,4 wk ahead,Bin,percent,10.2,10.3, 0.00000003663588781822497125910
Hawaii,4 wk ahead,Bin,percent,10.3,10.4, 0.00000007120871354455166215804
Hawaii,4 wk ahead,Bin,percent,10.4,10.5, 0.00000013614623562159148787321
Hawaii,4 wk ahead,Bin,percent,10.5,10.6, 0.00000025526597601354246519921
Hawaii,4 wk ahead,Bin,percent,10.6,10.7, 0.00000046913696668758353099633
Hawaii,4 wk ahead,Bin,percent,10.7,10.8, 0.00000084727125024329954418046
Hawaii,4 wk ahead,Bin,percent,10.8,10.9, 0.00000150358466902959688362275
Hawaii,4 wk ahead,Bin,percent,10.9,11, 0.00000261688582563384240260848
Hawaii,4 wk ahead,Bin,percent,11,11.1, 0.00000446546432849053885009299
Hawaii,4 wk ahead,Bin,percent,11.1,11.2, 0.00000748686748821587911721437
Hawaii,4 wk ahead,Bin,percent,11.2,11.3, 0.00001233140842533520795999431
Hawaii,4 wk ahead,Bin,percent,11.3,11.4, 0.00001991884523819488340512333
Hawaii,4 wk ahead,Bin,percent,11.4,11.5, 0.00003155896634932820615532939
Hawaii,4 wk ahead,Bin,percent,11.5,11.6, 0.00004911769727550417203231978
Hawaii,4 wk ahead,Bin,percent,11.6,11.7, 0.00007509013623124515782354671
Hawaii,4 wk ahead,Bin,percent,11.7,11.8, 0.00011257091306042583847384086
Hawaii,4 wk ahead,Bin,percent,11.8,11.9, 0.00016560383418670371509506811
Hawaii,4 wk ahead,Bin,percent,11.9,12, 0.00023928312623932502969763270
Hawaii,4 wk ahead,Bin,percent,12,12.1, 0.00033950989976663234004919389
Hawaii,4 wk ahead,Bin,percent,12.1,12.2, 0.00047246838107046183752313340
Hawaii,4 wk ahead,Bin,percent,12.2,12.3, 0.00064539484764701180678075909
Hawaii,4 wk ahead,Bin,percent,12.3,12.4, 0.00086562522928242179118957234
Hawaii,4 wk ahead,Bin,percent,12.4,12.5, 0.00113976066992342258722692439
Hawaii,4 wk ahead,Bin,percent,12.5,12.6, 0.00147249771392758709888382018
Hawaii,4 wk ahead,Bin,percent,12.6,12.7, 0.00186739632729334553706834754
Hawaii,4 wk ahead,Bin,percent,12.7,12.8, 0.00232486815057962072084141170
Hawaii,4 wk ahead,Bin,percent,12.8,12.9, 0.00284103640677796451946557355
Hawaii,4 wk ahead,Bin,percent,12.9,13, 0.00340744243174695036688315319
Hawaii,4 wk ahead,Bin,percent,13,100, 0.11561459097015962249610510071
Georgia,Season peak week,Bin,week,40,41, 0.00876200123459955175497793078
Georgia,Season peak week,Bin,week,41,42, 0.00876200123459955175497793078
Georgia,Season peak week,Bin,week,42,43, 0.00876200123459955175497793078
Georgia,Season peak week,Bin,week,43,44, 0.00876200123459955175497793078
Georgia,Season peak week,Bin,week,44,45, 0.00876200123459955175497793078
Georgia,Season peak week,Bin,week,45,46, 0.00876200123459955175497793078
Georgia,Season peak week,Bin,week,46,47, 0.00876200123459955175497793078
Georgia,Season peak week,Bin,week,47,48, 0.00876200123459955175497793078
Georgia,Season peak week,Bin,week,48,49, 0.00876200123459955175497793078
Georgia,Season peak week,Bin,week,49,50, 0.00876200123459955175497793078
Georgia,Season peak week,Bin,week,50,51, 0.00876200123459955175497793078
Georgia,Season peak week,Bin,week,51,52, 0.18818349693614713769029833657
Georgia,Season peak week,Bin,week,52,53, 0.37045657826684708080478003467
Georgia,Season peak week,Bin,week,1,2, 0.01724889556082053257424213655
Georgia,Season peak week,Bin,week,2,3, 0.01724889556082053257424213655
Georgia,Season peak week,Bin,week,3,4, 0.01724889556082053257424213655
Georgia,Season peak week,Bin,week,4,5, 0.01724889556082053257424213655
Georgia,Season peak week,Bin,week,5,6, 0.01724889556082053257424213655
Georgia,Season peak week,Bin,week,6,7, 0.01724889556082053257424213655
Georgia,Season peak week,Bin,week,7,8, 0.01724889556082053257424213655
Georgia,Season peak week,Bin,week,8,9, 0.01724889556082053257424213655
Georgia,Season peak week,Bin,week,9,10, 0.01724889556082053257424213655
Georgia,Season peak week,Bin,week,10,11, 0.01724889556082053257424213655
Georgia,Season peak week,Bin,week,11,12, 0.01724889556082053257424213655
Georgia,Season peak week,Bin,week,12,13, 0.01724889556082053257424213655
Georgia,Season peak week,Bin,week,13,14, 0.01724889556082053257424213655
Georgia,Season peak week,Bin,week,14,15, 0.01724889556082053257424213655
Georgia,Season peak week,Bin,week,15,16, 0.01724889556082053257424213655
Georgia,Season peak week,Bin,week,16,17, 0.01724889556082053257424213655
Georgia,Season peak week,Bin,week,17,18, 0.01724889556082053257424213655
Georgia,Season peak week,Bin,week,18,19, 0.01724889556082053257424213655
Georgia,Season peak week,Bin,week,19,20, 0.01724889556082053257424213655
Georgia,Season peak week,Bin,week,20,21, 0.01724889556082053257424213655
Georgia,Season peak percentage,Bin,percent,0,0.1, 0.00007984166830049999226404100
Georgia,Season peak percentage,Bin,percent,0.1,0.2, 0.00018661365213230946750837258
Georgia,Season peak percentage,Bin,percent,0.2,0.3, 0.00022827774523185814011666528
Georgia,Season peak percentage,Bin,percent,0.3,0.4, 0.00027767705645122367800678442
Georgia,Season peak percentage,Bin,percent,0.4,0.5, 0.00033591044312013029803434816
Georgia,Season peak percentage,Bin,percent,0.5,0.6, 0.00040425164645239069832402534
Georgia,Season peak percentage,Bin,percent,0.6,0.7, 0.00048386408878527749789083545
Georgia,Season peak percentage,Bin,percent,0.7,0.8, 0.00057601501744536658285167352
Georgia,Season peak percentage,Bin,percent,0.8,0.9, 0.00068215970616297260525895396
Georgia,Season peak percentage,Bin,percent,0.9,1, 0.00080366780331763299632941155
Georgia,Season peak percentage,Bin,percent,1,1.1, 0.00094183232153338485546922865
Georgia,Season peak percentage,Bin,percent,1.1,1.2, 0.00109806256316151039029160863
Georgia,Season peak percentage,Bin,percent,1.2,1.3, 0.00127382354893453681420056878
Georgia,Season peak percentage,Bin,percent,1.3,1.4, 0.00147020115054049952708903337
Georgia,Season peak percentage,Bin,percent,1.4,1.5, 0.00168834112112136737991752167
Georgia,Season peak percentage,Bin,percent,1.5,1.6, 0.00192950217091082849851790826
Georgia,Season peak percentage,Bin,percent,1.6,1.7, 0.00219441261174815275408755966
Georgia,Season peak percentage,Bin,percent,1.7,1.8, 0.00248371093942857668057655474
Georgia,Season peak percentage,Bin,percent,1.8,1.9, 0.00279803610597559142270096544
Georgia,Season peak percentage,Bin,percent,1.9,2, 0.00313772878002266993741065093
Georgia,Season peak percentage,Bin,percent,2,2.1, 0.00350265447283188997157354905
Georgia,Season peak percentage,Bin,percent,2.1,2.2, 0.00389266298859402941345830840
Georgia,Season peak percentage,Bin,percent,2.2,2.3, 0.00430749939453772563019429143
Georgia,Season peak percentage,Bin,percent,2.3,2.4, 0.00474624760572990231355383628
Georgia,Season peak percentage,Bin,percent,2.4,2.5, 0.00520792634099637771066815262
Georgia,Season peak percentage,Bin,percent,2.5,2.6, 0.00569150779177137692427246307
Georgia,Season peak percentage,Bin,percent,2.6,2.7, 0.00619549605397147918478539808
Georgia,Season peak percentage,Bin,percent,2.7,2.8, 0.00671809367847288688158080561
Georgia,Season peak percentage,Bin,percent,2.8,2.9, 0.00725748994936135146532896201
Georgia,Season peak percentage,Bin,percent,2.9,3, 0.00781174548241123957448284187
Georgia,Season peak percentage,Bin,percent,3,3.1, 0.00837844895892230802358913166
Georgia,Season peak percentage,Bin,percent,3.1,3.2, 0.00895519775841244723701972674
Georgia,Season peak percentage,Bin,percent,3.2,3.3, 0.00953950931547188803183434658
Georgia,Season peak percentage,Bin,percent,3.3,3.4, 0.01012865711669865866062512083
Georgia,Season peak percentage,Bin,percent,3.4,3.5, 0.01071980688474415827071695162
Georgia,Season peak percentage,Bin,percent,3.5,3.6, 0.01131005942827821228457985114
Georgia,Season peak percentage,Bin,percent,3.6,3.7, 0.01189637260110777521038283311
Georgia,Season peak percentage,Bin,percent,3.7,3.8, 0.01247568906197663897439387171
Georgia,Season peak percentage,Bin,percent,3.8,3.9, 0.01304489693362400823395397254
Georgia,Season peak percentage,Bin,percent,3.9,4, 0.01360069395579913999194676677
Georgia,Season peak percentage,Bin,percent,4,4.1, 0.01413997162609601822291782725
Georgia,Season peak percentage,Bin,percent,4.1,4.2, 0.01465964160922676208509418672
Georgia,Season peak percentage,Bin,percent,4.2,4.3, 0.01515651146188976006179416345
Georgia,Season peak percentage,Bin,percent,4.3,4.4, 0.01562751148995212072123628388
Georgia,Season peak percentage,Bin,percent,4.4,4.5, 0.01607002593734615375486995958
Georgia,Season peak percentage,Bin,percent,4.5,4.6, 0.01648141660216374468350686300
Georgia,Season peak percentage,Bin,percent,4.6,4.7, 0.01685907562571013068586367467
Georgia,Season peak percentage,Bin,percent,4.7,4.8, 0.01720125901906339668800960396
Georgia,Season peak percentage,Bin,percent,4.8,4.9, 0.01750639393991280934326226770
Georgia,Season peak percentage,Bin,percent,4.9,5, 0.01777294661171751471995250427
Georgia,Season peak percentage,Bin,percent,5,5.1, 0.01800028435556153688645864008
Georgia,Season peak percentage,Bin,percent,5.1,5.2, 0.01818829537064712426053247896
Georgia,Season peak percentage,Bin,percent,5.2,5.3, 0.01833703340000982645596749876
Georgia,Season peak percentage,Bin,percent,5.3,5.4, 0.01844690275291117897982218210
Georgia,Season peak percentage,Bin,percent,5.4,5.5, 0.01851938663804049770011950216
Georgia,Season peak percentage,Bin,percent,5.5,5.6, 0.01855596880969375903069895628
Georgia,Season peak percentage,Bin,percent,5.6,5.7, 0.01855813658572989452433255053
Georgia,Season peak percentage,Bin,percent,5.7,5.8, 0.01852818119263872909119328369
Georgia,Season peak percentage,Bin,percent,5.8,5.9, 0.01846850965820391599070404709
Georgia,Season peak percentage,Bin,percent,5.9,6, 0.01838127564284396456284476074
Georgia,Season peak percentage,Bin,percent,6,6.1, 0.01826863410532054629586973249
Georgia,Season peak percentage,Bin,percent,6.1,6.2, 0.01813299984703098041705082721
Georgia,Season peak percentage,Bin,percent,6.2,6.3, 0.01797629697302598889008251604
Georgia,Season peak percentage,Bin,percent,6.3,6.4, 0.01779997861540558515280885388
Georgia,Season peak percentage,Bin,percent,6.4,6.5, 0.01760547169463248795562293481
Georgia,Season peak percentage,Bin,percent,6.5,6.6, 0.01739372670929585987242838030
Georgia,Season peak percentage,Bin,percent,6.6,6.7, 0.01716514191651443213548766664
Georgia,Season peak percentage,Bin,percent,6.7,6.8, 0.01691972615290707540602888059
Georgia,Season peak percentage,Bin,percent,6.8,6.9, 0.01665730518550754754580900396
Georgia,Season peak percentage,Bin,percent,6.9,7, 0.01637721781621478273072156640
Georgia,Season peak percentage,Bin,percent,7,7.1, 0.01607841786982759299529099906
Georgia,Season peak percentage,Bin,percent,7.1,7.2, 0.01575999069194512769431781862
Georgia,Season peak percentage,Bin,percent,7.2,7.3, 0.01542085074688381678142956588
Georgia,Season peak percentage,Bin,percent,7.3,7.4, 0.01505974347579676526909242540
Georgia,Season peak percentage,Bin,percent,7.4,7.5, 0.01467579063022458017717664092
Georgia,Season peak percentage,Bin,percent,7.5,7.6, 0.01426842320103966291200414673
Georgia,Season peak percentage,Bin,percent,7.6,7.7, 0.01383722674631909788089956237
Georgia,Season peak percentage,Bin,percent,7.7,7.8, 0.01338212728917196128741728955
Georgia,Season peak percentage,Bin,percent,7.8,7.9, 0.01290390836444411590266945211
Georgia,Season peak percentage,Bin,percent,7.9,8, 0.01240361985084735031714675557
Georgia,Season peak percentage,Bin,percent,8,8.1, 0.01188269657726734665481593822
Georgia,Season peak percentage,Bin,percent,8.1,8.2, 0.01134340746152658063738982719
Georgia,Season peak percentage,Bin,percent,8.2,8.3, 0.01078842645383223247668169620
Georgia,Season peak percentage,Bin,percent,8.3,8.4, 0.01022071701440103487501520618
Georgia,Season peak percentage,Bin,percent,8.4,8.5, 0.00964371828773073411222860329
Georgia,Season peak percentage,Bin,percent,8.5,8.6, 0.00906122129657034591776465504
Georgia,Season peak percentage,Bin,percent,8.6,8.7, 0.00847709502528343900040752601
Georgia,Season peak percentage,Bin,percent,8.7,8.8, 0.00789537441052669784757878091
Georgia,Season peak percentage,Bin,percent,8.8,8.9, 0.00732004451391062623683003707
Georgia,Season peak percentage,Bin,percent,8.9,9, 0.00675493789829765059473665190
Georgia,Season peak percentage,Bin,percent,9,9.1, 0.00620381681926957233991215546
Georgia,Season peak percentage,Bin,percent,9.1,9.2, 0.00567014092586745968582739863
Georgia,Season peak percentage,Bin,percent,9.2,9.3, 0.00515681999720440757684070121
Georgia,Season peak percentage,Bin,percent,9.3,9.4, 0.00466650719891423433616228778
Georgia,Season peak percentage,Bin,percent,9.4,9.5, 0.00420161936322895491341400387
Georgia,Season peak percentage,Bin,percent,9.5,9.6, 0.00376369222821893280664373727
Georgia,Season peak percentage,Bin,percent,9.6,9.7, 0.00335392414785914234551245094
Georgia,Season peak percentage,Bin,percent,9.7,9.8, 0.00297331110775216327785086534
Georgia,Season peak percentage,Bin,percent,9.8,9.9, 0.00262212756916271362561676739
Georgia,Season peak percentage,Bin,percent,9.9,10, 0.00230012818918269622628369753
Georgia,Season peak percentage,Bin,percent,10,10.1, 0.00200692356110245256201052300
Georgia,Season peak percentage,Bin,percent,10.1,10.2, 0.00174189914073630811898463211
Georgia,Season peak percentage,Bin,percent,10.2,10.3, 0.00150368994065776858531924276
Georgia,Season peak percentage,Bin,percent,10.3,10.4, 0.00129098708495912670689287349
Georgia,Season peak percentage,Bin,percent,10.4,10.5, 0.00110249532547046415892344484
Georgia,Season peak percentage,Bin,percent,10.5,10.6, 0.00093640395326730747026233725
Georgia,Season peak percentage,Bin,percent,10.6,10.7, 0.00079094036415035858921668277
Georgia,Season peak percentage,Bin,percent,10.7,10.8, 0.00066445669660735557585790056
Georgia,Season peak percentage,Bin,percent,10.8,10.9, 0.00055520073212261247721371893
Georgia,Season peak percentage,Bin,percent,10.9,11, 0.00046131411683825168787084769
Georgia,Season peak percentage,Bin,percent,11,11.1, 0.00038117425386701065835245994
Georgia,Season peak percentage,Bin,percent,11.1,11.2, 0.00031329261294588524539364571
Georgia,Season peak percentage,Bin,percent,11.2,11.3, 0.00025605889863538277510107699
Georgia,Season peak percentage,Bin,percent,11.3,11.4, 0.00020808847238685772968423693
Georgia,Season peak percentage,Bin,percent,11.4,11.5, 0.00016819986477851413156185678
Georgia,Season peak percentage,Bin,percent,11.5,11.6, 0.00013522095905279233772275371
Georgia,Season peak percentage,Bin,percent,11.6,11.7, 0.00010808374316005634949416220
Georgia,Season peak percentage,Bin,percent,11.7,11.8, 0.00008590621039104302098226434
Georgia,Season peak percentage,Bin,percent,11.8,11.9, 0.00007615597214333919527662342
Georgia,Season peak percentage,Bin,percent,11.9,12, 0.00007615579037630238910458469
Georgia,Season peak percentage,Bin,percent,12,12.1, 0.00007615579037630238910458469
Georgia,Season peak percentage,Bin,percent,12.1,12.2, 0.00007615579037630238910458469
Georgia,Season peak percentage,Bin,percent,12.2,12.3, 0.00007615579037630238910458469
Georgia,Season peak percentage,Bin,percent,12.3,12.4, 0.00007615579037630238910458469
Georgia,Season peak percentage,Bin,percent,12.4,12.5, 0.00007615579037630238910458469
Georgia,Season peak percentage,Bin,percent,12.5,12.6, 0.00007615579037630238910458469
Georgia,Season peak percentage,Bin,percent,12.6,12.7, 0.00007615579037630238910458469
Georgia,Season peak percentage,Bin,percent,12.7,12.8, 0.00007615579037630238910458469
Georgia,Season peak percentage,Bin,percent,12.8,12.9, 0.00007615579037630238910458469
Georgia,Season peak percentage,Bin,percent,12.9,13, 0.00007615579037630238910458469
Georgia,Season peak percentage,Bin,percent,13,100, 0.00007615579037630238910458469
Georgia,1 wk ahead,Bin,percent,0,0.1, 0.00028907109263761498378977888
Georgia,1 wk ahead,Bin,percent,0.1,0.2, 0.00057814218527522996757955775
Georgia,1 wk ahead,Bin,percent,0.2,0.3, 0.00057814218527522975073912326
Georgia,1 wk ahead,Bin,percent,0.3,0.4, 0.00057814218527522975073912326
Georgia,1 wk ahead,Bin,percent,0.4,0.5, 0.00057814218527522975073912326
Georgia,1 wk ahead,Bin,percent,0.5,0.6, 0.00057814218527522996757955775
Georgia,1 wk ahead,Bin,percent,0.6,0.7, 0.00057814218527523029284020950
Georgia,1 wk ahead,Bin,percent,0.7,0.8, 0.00057814218527523029284020950
Georgia,1 wk ahead,Bin,percent,0.8,0.9, 0.00057814218527523029284020950
Georgia,1 wk ahead,Bin,percent,0.9,1, 0.00057814218527523029284020950
Georgia,1 wk ahead,Bin,percent,1,1.1, 0.00057814218527523029284020950
Georgia,1 wk ahead,Bin,percent,1.1,1.2, 0.00057814218527523029284020950
Georgia,1 wk ahead,Bin,percent,1.2,1.3, 0.00057814218527523029284020950
Georgia,1 wk ahead,Bin,percent,1.3,1.4, 0.00086368675883643413002804801
Georgia,1 wk ahead,Bin,percent,1.4,1.5, 0.00299002041441630370816051609
Georgia,1 wk ahead,Bin,percent,1.5,1.6, 0.00878724553982565374787849777
Georgia,1 wk ahead,Bin,percent,1.6,1.7, 0.02115393187869071822682087713
Georgia,1 wk ahead,Bin,percent,1.7,1.8, 0.04180867004448975826624845809
Georgia,1 wk ahead,Bin,percent,1.8,1.9, 0.06802736728019907752607053908
Georgia,1 wk ahead,Bin,percent,1.9,2, 0.09140042238261956997202872799
Georgia,1 wk ahead,Bin,percent,2,2.1, 0.10171600490151355700163549045
Georgia,1 wk ahead,Bin,percent,2.1,2.2, 0.09403306679317299798803730937
Georgia,1 wk ahead,Bin,percent,2.2,2.3, 0.07244267048314374790596303910
Georgia,1 wk ahead,Bin,percent,2.3,2.4, 0.04686833013308019241227597718
Georgia,1 wk ahead,Bin,percent,2.4,2.5, 0.02648463256025584272590478463
Georgia,1 wk ahead,Bin,percent,2.5,2.6, 0.01572502106760223505865781135
Georgia,1 wk ahead,Bin,percent,2.6,2.7, 0.01450842997682469208420297235
Georgia,1 wk ahead,Bin,percent,2.7,2.8, 0.01994821598564125442187844328
Georgia,1 wk ahead,Bin,percent,2.8,2.9, 0.02748005916903999146239101492
Georgia,1 wk ahead,Bin,percent,2.9,3, 0.03229002981220849277654849629
Georgia,1 wk ahead,Bin,percent,3,3.1, 0.03196508966389936118313030988
Georgia,1 wk ahead,Bin,percent,3.1,3.2, 0.02838537681905188569952969146
Georgia,1 wk ahead,Bin,percent,3.2,3.3, 0.02615230287694305863488430930
Georgia,1 wk ahead,Bin,percent,3.3,3.4, 0.02830127388549042583010262319
Georgia,1 wk ahead,Bin,percent,3.4,3.5, 0.03328609790557475467398518276
Georgia,1 wk ahead,Bin,percent,3.5,3.6, 0.03625573388291914583847486142
Georgia,1 wk ahead,Bin,percent,3.6,3.7, 0.03343712295863837669074314363
Georgia,1 wk ahead,Bin,percent,3.7,3.8, 0.02529117566124687924156155816
Georgia,1 wk ahead,Bin,percent,3.8,3.9, 0.01553798238220147759358624739
Georgia,1 wk ahead,Bin,percent,3.9,4, 0.00773152481801220748530711901
Georgia,1 wk ahead,Bin,percent,4,4.1, 0.00311348588958045274094343924
Georgia,1 wk ahead,Bin,percent,4.1,4.2, 0.00101429077894238666053550180
Georgia,1 wk ahead,Bin,percent,4.2,4.3, 0.00040951120847072976357758356
Georgia,1 wk ahead,Bin,percent,4.3,4.4, 0.00040186873604008629696365817
Georgia,1 wk ahead,Bin,percent,4.4,4.5, 0.00040186873604008629696365817
Georgia,1 wk ahead,Bin,percent,4.5,4.6, 0.00040186873604008629696365817
Georgia,1 wk ahead,Bin,percent,4.6,4.7, 0.00040186873604008629696365817
Georgia,1 wk ahead,Bin,percent,4.7,4.8, 0.00040186873604008629696365817
Georgia,1 wk ahead,Bin,percent,4.8,4.9, 0.00040186873604008629696365817
Georgia,1 wk ahead,Bin,percent,4.9,5, 0.00040186873604008629696365817
Georgia,1 wk ahead,Bin,percent,5,5.1, 0.00040186873604008629696365817
Georgia,1 wk ahead,Bin,percent,5.1,5.2, 0.00040186873604008629696365817
Georgia,1 wk ahead,Bin,percent,5.2,5.3, 0.00040186873604008629696365817
Georgia,1 wk ahead,Bin,percent,5.3,5.4, 0.00040186873604008629696365817
Georgia,1 wk ahead,Bin,percent,5.4,5.5, 0.00040186873604008629696365817
Georgia,1 wk ahead,Bin,percent,5.5,5.6, 0.00040186873604008629696365817
Georgia,1 wk ahead,Bin,percent,5.6,5.7, 0.00040186873604008629696365817
Georgia,1 wk ahead,Bin,percent,5.7,5.8, 0.00040186873604008629696365817
Georgia,1 wk ahead,Bin,percent,5.8,5.9, 0.00040186873604008629696365817
Georgia,1 wk ahead,Bin,percent,5.9,6, 0.00040186873604008629696365817
Georgia,1 wk ahead,Bin,percent,6,6.1, 0.00040186873604008629696365817
Georgia,1 wk ahead,Bin,percent,6.1,6.2, 0.00040186873604008629696365817
Georgia,1 wk ahead,Bin,percent,6.2,6.3, 0.00040186873604008629696365817
Georgia,1 wk ahead,Bin,percent,6.3,6.4, 0.00040186873604008629696365817
Georgia,1 wk ahead,Bin,percent,6.4,6.5, 0.00040186873604008629696365817
Georgia,1 wk ahead,Bin,percent,6.5,6.6, 0.00040186873604008629696365817
Georgia,1 wk ahead,Bin,percent,6.6,6.7, 0.00040186873604008629696365817
Georgia,1 wk ahead,Bin,percent,6.7,6.8, 0.00040186873604008629696365817
Georgia,1 wk ahead,Bin,percent,6.8,6.9, 0.00040186873604008629696365817
Georgia,1 wk ahead,Bin,percent,6.9,7, 0.00040186873604008629696365817
Georgia,1 wk ahead,Bin,percent,7,7.1, 0.00040186873604008629696365817
Georgia,1 wk ahead,Bin,percent,7.1,7.2, 0.00040186873604008629696365817
Georgia,1 wk ahead,Bin,percent,7.2,7.3, 0.00040186873604008629696365817
Georgia,1 wk ahead,Bin,percent,7.3,7.4, 0.00040186873604008629696365817
Georgia,1 wk ahead,Bin,percent,7.4,7.5, 0.00040186873604008629696365817
Georgia,1 wk ahead,Bin,percent,7.5,7.6, 0.00040186873604008629696365817
Georgia,1 wk ahead,Bin,percent,7.6,7.7, 0.00040186873604008629696365817
Georgia,1 wk ahead,Bin,percent,7.7,7.8, 0.00040186873604008629696365817
Georgia,1 wk ahead,Bin,percent,7.8,7.9, 0.00040186873604008629696365817
Georgia,1 wk ahead,Bin,percent,7.9,8, 0.00040186873604008629696365817
Georgia,1 wk ahead,Bin,percent,8,8.1, 0.00040186873604008982062071875
Georgia,1 wk ahead,Bin,percent,8.1,8.2, 0.00040186873604009345269799658
Georgia,1 wk ahead,Bin,percent,8.2,8.3, 0.00040186873604009345269799658
Georgia,1 wk ahead,Bin,percent,8.3,8.4, 0.00040186873604009345269799658
Georgia,1 wk ahead,Bin,percent,8.4,8.5, 0.00040186873604009345269799658
Georgia,1 wk ahead,Bin,percent,8.5,8.6, 0.00040186873604009345269799658
Georgia,1 wk ahead,Bin,percent,8.6,8.7, 0.00040186873604009345269799658
Georgia,1 wk ahead,Bin,percent,8.7,8.8, 0.00040186873604009345269799658
Georgia,1 wk ahead,Bin,percent,8.8,8.9, 0.00040186873604009345269799658
Georgia,1 wk ahead,Bin,percent,8.9,9, 0.00040186873604009345269799658
Georgia,1 wk ahead,Bin,percent,9,9.1, 0.00040186873604009345269799658
Georgia,1 wk ahead,Bin,percent,9.1,9.2, 0.00040186873604009345269799658
Georgia,1 wk ahead,Bin,percent,9.2,9.3, 0.00040186873604009345269799658
Georgia,1 wk ahead,Bin,percent,9.3,9.4, 0.00040186873604009345269799658
Georgia,1 wk ahead,Bin,percent,9.4,9.5, 0.00040186873604009345269799658
Georgia,1 wk ahead,Bin,percent,9.5,9.6, 0.00040186873604009345269799658
Georgia,1 wk ahead,Bin,percent,9.6,9.7, 0.00040186873604009345269799658
Georgia,1 wk ahead,Bin,percent,9.7,9.8, 0.00040186873604009345269799658
Georgia,1 wk ahead,Bin,percent,9.8,9.9, 0.00040186873604009345269799658
Georgia,1 wk ahead,Bin,percent,9.9,10, 0.00040186873604009345269799658
Georgia,1 wk ahead,Bin,percent,10,10.1, 0.00040186873604009345269799658
Georgia,1 wk ahead,Bin,percent,10.1,10.2, 0.00040186873604009345269799658
Georgia,1 wk ahead,Bin,percent,10.2,10.3, 0.00040186873604009345269799658
Georgia,1 wk ahead,Bin,percent,10.3,10.4, 0.00040186873604009345269799658
Georgia,1 wk ahead,Bin,percent,10.4,10.5, 0.00040186873604009345269799658
Georgia,1 wk ahead,Bin,percent,10.5,10.6, 0.00040186873604009345269799658
Georgia,1 wk ahead,Bin,percent,10.6,10.7, 0.00040186873604009345269799658
Georgia,1 wk ahead,Bin,percent,10.7,10.8, 0.00040186873604009345269799658
Georgia,1 wk ahead,Bin,percent,10.8,10.9, 0.00040186873604009345269799658
Georgia,1 wk ahead,Bin,percent,10.9,11, 0.00040186873604009345269799658
Georgia,1 wk ahead,Bin,percent,11,11.1, 0.00040186873604009345269799658
Georgia,1 wk ahead,Bin,percent,11.1,11.2, 0.00040186873604009345269799658
Georgia,1 wk ahead,Bin,percent,11.2,11.3, 0.00040186873604009345269799658
Georgia,1 wk ahead,Bin,percent,11.3,11.4, 0.00040186873604009345269799658
Georgia,1 wk ahead,Bin,percent,11.4,11.5, 0.00040186873604009345269799658
Georgia,1 wk ahead,Bin,percent,11.5,11.6, 0.00040186873604009345269799658
Georgia,1 wk ahead,Bin,percent,11.6,11.7, 0.00040186873604009345269799658
Georgia,1 wk ahead,Bin,percent,11.7,11.8, 0.00040186873604009345269799658
Georgia,1 wk ahead,Bin,percent,11.8,11.9, 0.00040186873604009345269799658
Georgia,1 wk ahead,Bin,percent,11.9,12, 0.00040186873604009345269799658
Georgia,1 wk ahead,Bin,percent,12,12.1, 0.00040186873604009345269799658
Georgia,1 wk ahead,Bin,percent,12.1,12.2, 0.00040186873604009345269799658
Georgia,1 wk ahead,Bin,percent,12.2,12.3, 0.00040186873604009345269799658
Georgia,1 wk ahead,Bin,percent,12.3,12.4, 0.00040186873604009345269799658
Georgia,1 wk ahead,Bin,percent,12.4,12.5, 0.00040186873604009345269799658
Georgia,1 wk ahead,Bin,percent,12.5,12.6, 0.00040186873604009345269799658
Georgia,1 wk ahead,Bin,percent,12.6,12.7, 0.00040186873604009345269799658
Georgia,1 wk ahead,Bin,percent,12.7,12.8, 0.00040186873604009345269799658
Georgia,1 wk ahead,Bin,percent,12.8,12.9, 0.00040186873604009345269799658
Georgia,1 wk ahead,Bin,percent,12.9,13, 0.00040186873604009345269799658
Georgia,1 wk ahead,Bin,percent,13,100, 0.00040186873604009345269799658
Georgia,2 wk ahead,Bin,percent,0,0.1, 0.00064375795184336769786531685
Georgia,2 wk ahead,Bin,percent,0.1,0.2, 0.00128751590368673539573063369
Georgia,2 wk ahead,Bin,percent,0.2,0.3, 0.00128751590368673474520933020
Georgia,2 wk ahead,Bin,percent,0.3,0.4, 0.00128751590368673474520933020
Georgia,2 wk ahead,Bin,percent,0.4,0.5, 0.00128751590368673474520933020
Georgia,2 wk ahead,Bin,percent,0.5,0.6, 0.00128751590368673539573063369
Georgia,2 wk ahead,Bin,percent,0.6,0.7, 0.00128751590368673626309237168
Georgia,2 wk ahead,Bin,percent,0.7,0.8, 0.00128751590368673626309237168
Georgia,2 wk ahead,Bin,percent,0.8,0.9, 0.00128751590368673626309237168
Georgia,2 wk ahead,Bin,percent,0.9,1, 0.00128751590368673626309237168
Georgia,2 wk ahead,Bin,percent,1,1.1, 0.00128751590368673626309237168
Georgia,2 wk ahead,Bin,percent,1.1,1.2, 0.00128751590368673626309237168
Georgia,2 wk ahead,Bin,percent,1.2,1.3, 0.00128751590368673626309237168
Georgia,2 wk ahead,Bin,percent,1.3,1.4, 0.00128751590368673626309237168
Georgia,2 wk ahead,Bin,percent,1.4,1.5, 0.00128751590368673626309237168
Georgia,2 wk ahead,Bin,percent,1.5,1.6, 0.00218133080517142821652676332
Georgia,2 wk ahead,Bin,percent,1.6,1.7, 0.01519436827243692694766608042
Georgia,2 wk ahead,Bin,percent,1.7,1.8, 0.06007095308788729798310512820
Georgia,2 wk ahead,Bin,percent,1.8,1.9, 0.12212421051353562762020743548
Georgia,2 wk ahead,Bin,percent,1.9,2, 0.12806635026361476437095632264
Georgia,2 wk ahead,Bin,percent,2,2.1, 0.07123275549934772465920929108
Georgia,2 wk ahead,Bin,percent,2.1,2.2, 0.03410655805057952183467762097
Georgia,2 wk ahead,Bin,percent,2.2,2.3, 0.05509296249822446395194575075
Georgia,2 wk ahead,Bin,percent,2.3,2.4, 0.09612017424138960541846188335
Georgia,2 wk ahead,Bin,percent,2.4,2.5, 0.09214527345803993907402684727
Georgia,2 wk ahead,Bin,percent,2.5,2.6, 0.04640864661127762358372450535
Georgia,2 wk ahead,Bin,percent,2.6,2.7, 0.01222733852283053486431629864
Georgia,2 wk ahead,Bin,percent,2.7,2.8, 0.00167723609826909720449394925
Georgia,2 wk ahead,Bin,percent,2.8,2.9, 0.00011912389034635374979002875
Georgia,2 wk ahead,Bin,percent,2.9,3, 0.00000434158921903681970861288
Georgia,2 wk ahead,Bin,percent,3,3.1, 0.00000008091345341161431750925
Georgia,2 wk ahead,Bin,percent,3.1,3.2, 0.00000000076166468470810452468
Georgia,2 wk ahead,Bin,percent,3.2,3.3, 0.00000000000363782549524157960
Georgia,2 wk ahead,Bin,percent,3.3,3.4, 0.00000000000000873638924957149
Georgia,2 wk ahead,Bin,percent,3.4,3.5, 0.00000000000000113961099895275
Georgia,2 wk ahead,Bin,percent,3.5,3.6, 0.00000000000058680142098556243
Georgia,2 wk ahead,Bin,percent,3.6,3.7, 0.00000000015143309390314082412
Georgia,2 wk ahead,Bin,percent,3.7,3.8, 0.00000001950407753852062027893
Georgia,2 wk ahead,Bin,percent,3.8,3.9, 0.00000126193122207410131129033
Georgia,2 wk ahead,Bin,percent,3.9,4, 0.00004100819996119415942895450
Georgia,2 wk ahead,Bin,percent,4,4.1, 0.00067449936364362428082436240
Georgia,2 wk ahead,Bin,percent,4.1,4.2, 0.00563341880631106160098875435
Georgia,2 wk ahead,Bin,percent,4.2,4.3, 0.02399905468865789689991707689
Georgia,2 wk ahead,Bin,percent,4.3,4.4, 0.05231685161370960845950150997
Georgia,2 wk ahead,Bin,percent,4.4,4.5, 0.05848867463850707798522776670
Georgia,2 wk ahead,Bin,percent,4.5,4.6, 0.03354423383340239539496252519
Georgia,2 wk ahead,Bin,percent,4.6,4.7, 0.00985339439344301397383230068
Georgia,2 wk ahead,Bin,percent,4.7,4.8, 0.00153277976301075457774003574
Georgia,2 wk ahead,Bin,percent,4.8,4.9, 0.00070450743888722630776932920
Georgia,2 wk ahead,Bin,percent,4.9,5, 0.00070450743888722630776932920
Georgia,2 wk ahead,Bin,percent,5,5.1, 0.00070450743888722630776932920
Georgia,2 wk ahead,Bin,percent,5.1,5.2, 0.00070450743888722630776932920
Georgia,2 wk ahead,Bin,percent,5.2,5.3, 0.00070450743888722630776932920
Georgia,2 wk ahead,Bin,percent,5.3,5.4, 0.00070450743888722630776932920
Georgia,2 wk ahead,Bin,percent,5.4,5.5, 0.00070450743888722630776932920
Georgia,2 wk ahead,Bin,percent,5.5,5.6, 0.00070450743888722630776932920
Georgia,2 wk ahead,Bin,percent,5.6,5.7, 0.00070450743888722630776932920
Georgia,2 wk ahead,Bin,percent,5.7,5.8, 0.00070450743888722630776932920
Georgia,2 wk ahead,Bin,percent,5.8,5.9, 0.00070450743888722630776932920
Georgia,2 wk ahead,Bin,percent,5.9,6, 0.00070450743888722630776932920
Georgia,2 wk ahead,Bin,percent,6,6.1, 0.00070450743888722630776932920
Georgia,2 wk ahead,Bin,percent,6.1,6.2, 0.00070450743888722630776932920
Georgia,2 wk ahead,Bin,percent,6.2,6.3, 0.00070450743888722630776932920
Georgia,2 wk ahead,Bin,percent,6.3,6.4, 0.00070450743888722630776932920
Georgia,2 wk ahead,Bin,percent,6.4,6.5, 0.00070450743888722630776932920
Georgia,2 wk ahead,Bin,percent,6.5,6.6, 0.00070450743888722630776932920
Georgia,2 wk ahead,Bin,percent,6.6,6.7, 0.00070450743888722630776932920
Georgia,2 wk ahead,Bin,percent,6.7,6.8, 0.00070450743888722630776932920
Georgia,2 wk ahead,Bin,percent,6.8,6.9, 0.00070450743888722630776932920
Georgia,2 wk ahead,Bin,percent,6.9,7, 0.00070450743888722630776932920
Georgia,2 wk ahead,Bin,percent,7,7.1, 0.00070450743888722630776932920
Georgia,2 wk ahead,Bin,percent,7.1,7.2, 0.00070450743888722630776932920
Georgia,2 wk ahead,Bin,percent,7.2,7.3, 0.00070450743888722630776932920
Georgia,2 wk ahead,Bin,percent,7.3,7.4, 0.00070450743888722630776932920
Georgia,2 wk ahead,Bin,percent,7.4,7.5, 0.00070450743888722630776932920
Georgia,2 wk ahead,Bin,percent,7.5,7.6, 0.00070450743888722630776932920
Georgia,2 wk ahead,Bin,percent,7.6,7.7, 0.00070450743888722630776932920
Georgia,2 wk ahead,Bin,percent,7.7,7.8, 0.00070450743888722630776932920
Georgia,2 wk ahead,Bin,percent,7.8,7.9, 0.00070450743888722630776932920
Georgia,2 wk ahead,Bin,percent,7.9,8, 0.00070450743888722630776932920
Georgia,2 wk ahead,Bin,percent,8,8.1, 0.00070450743888723248772171237
Georgia,2 wk ahead,Bin,percent,8.1,8.2, 0.00070450743888723877609431279
Georgia,2 wk ahead,Bin,percent,8.2,8.3, 0.00070450743888723877609431279
Georgia,2 wk ahead,Bin,percent,8.3,8.4, 0.00070450743888723877609431279
Georgia,2 wk ahead,Bin,percent,8.4,8.5, 0.00070450743888723877609431279
Georgia,2 wk ahead,Bin,percent,8.5,8.6, 0.00070450743888723877609431279
Georgia,2 wk ahead,Bin,percent,8.6,8.7, 0.00070450743888723877609431279
Georgia,2 wk ahead,Bin,percent,8.7,8.8, 0.00070450743888723877609431279
Georgia,2 wk ahead,Bin,percent,8.8,8.9, 0.00070450743888723877609431279
Georgia,2 wk ahead,Bin,percent,8.9,9, 0.00070450743888723877609431279
Georgia,2 wk ahead,Bin,percent,9,9.1, 0.00070450743888723877609431279
Georgia,2 wk ahead,Bin,percent,9.1,9.2, 0.00070450743888723877609431279
Georgia,2 wk ahead,Bin,percent,9.2,9.3, 0.00070450743888723877609431279
Georgia,2 wk ahead,Bin,percent,9.3,9.4, 0.00070450743888723877609431279
Georgia,2 wk ahead,Bin,percent,9.4,9.5, 0.00070450743888723877609431279
Georgia,2 wk ahead,Bin,percent,9.5,9.6, 0.00070450743888723877609431279
Georgia,2 wk ahead,Bin,percent,9.6,9.7, 0.00070450743888723877609431279
Georgia,2 wk ahead,Bin,percent,9.7,9.8, 0.00070450743888723877609431279
Georgia,2 wk ahead,Bin,percent,9.8,9.9, 0.00070450743888723877609431279
Georgia,2 wk ahead,Bin,percent,9.9,10, 0.00070450743888723877609431279
Georgia,2 wk ahead,Bin,percent,10,10.1, 0.00070450743888723877609431279
Georgia,2 wk ahead,Bin,percent,10.1,10.2, 0.00070450743888723877609431279
Georgia,2 wk ahead,Bin,percent,10.2,10.3, 0.00070450743888723877609431279
Georgia,2 wk ahead,Bin,percent,10.3,10.4, 0.00070450743888723877609431279
Georgia,2 wk ahead,Bin,percent,10.4,10.5, 0.00070450743888723877609431279
Georgia,2 wk ahead,Bin,percent,10.5,10.6, 0.00070450743888723877609431279
Georgia,2 wk ahead,Bin,percent,10.6,10.7, 0.00070450743888723877609431279
Georgia,2 wk ahead,Bin,percent,10.7,10.8, 0.00070450743888723877609431279
Georgia,2 wk ahead,Bin,percent,10.8,10.9, 0.00070450743888723877609431279
Georgia,2 wk ahead,Bin,percent,10.9,11, 0.00070450743888723877609431279
Georgia,2 wk ahead,Bin,percent,11,11.1, 0.00070450743888723877609431279
Georgia,2 wk ahead,Bin,percent,11.1,11.2, 0.00070450743888723877609431279
Georgia,2 wk ahead,Bin,percent,11.2,11.3, 0.00070450743888723877609431279
Georgia,2 wk ahead,Bin,percent,11.3,11.4, 0.00070450743888723877609431279
Georgia,2 wk ahead,Bin,percent,11.4,11.5, 0.00070450743888723877609431279
Georgia,2 wk ahead,Bin,percent,11.5,11.6, 0.00070450743888723877609431279
Georgia,2 wk ahead,Bin,percent,11.6,11.7, 0.00070450743888723877609431279
Georgia,2 wk ahead,Bin,percent,11.7,11.8, 0.00070450743888723877609431279
Georgia,2 wk ahead,Bin,percent,11.8,11.9, 0.00070450743888723877609431279
Georgia,2 wk ahead,Bin,percent,11.9,12, 0.00070450743888723877609431279
Georgia,2 wk ahead,Bin,percent,12,12.1, 0.00070450743888723877609431279
Georgia,2 wk ahead,Bin,percent,12.1,12.2, 0.00070450743888723877609431279
Georgia,2 wk ahead,Bin,percent,12.2,12.3, 0.00070450743888723877609431279
Georgia,2 wk ahead,Bin,percent,12.3,12.4, 0.00070450743888723877609431279
Georgia,2 wk ahead,Bin,percent,12.4,12.5, 0.00070450743888723877609431279
Georgia,2 wk ahead,Bin,percent,12.5,12.6, 0.00070450743888723877609431279
Georgia,2 wk ahead,Bin,percent,12.6,12.7, 0.00070450743888723877609431279
Georgia,2 wk ahead,Bin,percent,12.7,12.8, 0.00070450743888723877609431279
Georgia,2 wk ahead,Bin,percent,12.8,12.9, 0.00070450743888723877609431279
Georgia,2 wk ahead,Bin,percent,12.9,13, 0.00070450743888723877609431279
Georgia,2 wk ahead,Bin,percent,13,100, 0.00070450743888723877609431279
Georgia,3 wk ahead,Bin,percent,0,0.1, 0.00025272877996829087822103221
Georgia,3 wk ahead,Bin,percent,0.1,0.2, 0.00050545755993658175644206443
Georgia,3 wk ahead,Bin,percent,0.2,0.3, 0.00050545755993658164802184718
Georgia,3 wk ahead,Bin,percent,0.3,0.4, 0.00050545755993658164802184718
Georgia,3 wk ahead,Bin,percent,0.4,0.5, 0.00050545755993658164802184718
Georgia,3 wk ahead,Bin,percent,0.5,0.6, 0.00050545755993658186486228168
Georgia,3 wk ahead,Bin,percent,0.6,0.7, 0.00050545755993658219012293342
Georgia,3 wk ahead,Bin,percent,0.7,0.8, 0.00050545755993658219012293342
Georgia,3 wk ahead,Bin,percent,0.8,0.9, 0.00050545755993658219012293342
Georgia,3 wk ahead,Bin,percent,0.9,1, 0.00050545755993658219012293342
Georgia,3 wk ahead,Bin,percent,1,1.1, 0.00050545755993658219012293342
Georgia,3 wk ahead,Bin,percent,1.1,1.2, 0.00050545755993658219012293342
Georgia,3 wk ahead,Bin,percent,1.2,1.3, 0.00052926322249077870779609967
Georgia,3 wk ahead,Bin,percent,1.3,1.4, 0.00141134160270683234328359390
Georgia,3 wk ahead,Bin,percent,1.4,1.5, 0.00428226176180807396876026871
Georgia,3 wk ahead,Bin,percent,1.5,1.6, 0.01073468430099312927172849896
Georgia,3 wk ahead,Bin,percent,1.6,1.7, 0.02240158436131071614805243541
Georgia,3 wk ahead,Bin,percent,1.7,1.8, 0.03936596756797101220870516158
Georgia,3 wk ahead,Bin,percent,1.8,1.9, 0.05916276809294689076335060918
Georgia,3 wk ahead,Bin,percent,1.9,2, 0.07751059371812339671148350817
Georgia,3 wk ahead,Bin,percent,2,2.1, 0.09033586768930922106246583780
Georgia,3 wk ahead,Bin,percent,2.1,2.2, 0.09535988278793369743446817210
Georgia,3 wk ahead,Bin,percent,2.2,2.3, 0.09239142090235415161192378264
Georgia,3 wk ahead,Bin,percent,2.3,2.4, 0.08275704850845032323203298574
Georgia,3 wk ahead,Bin,percent,2.4,2.5, 0.06849732055533934438340537554
Georgia,3 wk ahead,Bin,percent,2.5,2.6, 0.05182967847613956235974796982
Georgia,3 wk ahead,Bin,percent,2.6,2.7, 0.03513558463123345187995028027
Georgia,3 wk ahead,Bin,percent,2.7,2.8, 0.02082587120687457923895458123
Georgia,3 wk ahead,Bin,percent,2.8,2.9, 0.01055519106129545678363079730
Georgia,3 wk ahead,Bin,percent,2.9,3, 0.00449631798704354119361470410
Georgia,3 wk ahead,Bin,percent,3,3.1, 0.00159124175474880638798957921
Georgia,3 wk ahead,Bin,percent,3.1,3.2, 0.00046421804136732738952503263
Georgia,3 wk ahead,Bin,percent,3.2,3.3, 0.00011116256945678580723285700
Georgia,3 wk ahead,Bin,percent,3.3,3.4, 0.00002177607110863147109455426
Georgia,3 wk ahead,Bin,percent,3.4,3.5, 0.00000348632443641761233398446
Georgia,3 wk ahead,Bin,percent,3.5,3.6, 0.00000045651288993249179602314
Georgia,3 wk ahead,Bin,percent,3.6,3.7, 0.00000006443713144895146546382
Georgia,3 wk ahead,Bin,percent,3.7,3.8, 0.00000017011933371809439559607
Georgia,3 wk ahead,Bin,percent,3.8,3.9, 0.00000140632505145846729099717
Georgia,3 wk ahead,Bin,percent,3.9,4, 0.00000971647237213769897064101
Georgia,3 wk ahead,Bin,percent,4,4.1, 0.00005467722408736437871706881
Georgia,3 wk ahead,Bin,percent,4.1,4.2, 0.00025087583778367420752827832
Georgia,3 wk ahead,Bin,percent,4.2,4.3, 0.00093783240502088335670272112
Georgia,3 wk ahead,Bin,percent,4.3,4.4, 0.00285797445509651569864328913
Georgia,3 wk ahead,Bin,percent,4.4,4.5, 0.00709914086178980476005140332
Georgia,3 wk ahead,Bin,percent,4.5,4.6, 0.01437643229394797508846615131
Georgia,3 wk ahead,Bin,percent,4.6,4.7, 0.02373474859724864632903873485
Georgia,3 wk ahead,Bin,percent,4.7,4.8, 0.03194680932423400732123042189
Georgia,3 wk ahead,Bin,percent,4.8,4.9, 0.03505785275188331995277479791
Georgia,3 wk ahead,Bin,percent,4.9,5, 0.03136638937193818310600335053
Georgia,3 wk ahead,Bin,percent,5,5.1, 0.02288005936571129231293930673
Georgia,3 wk ahead,Bin,percent,5.1,5.2, 0.01360682005624292735534996979
Georgia,3 wk ahead,Bin,percent,5.2,5.3, 0.00659731141225775724601376737
Georgia,3 wk ahead,Bin,percent,5.3,5.4, 0.00260744349540412622898144512
Georgia,3 wk ahead,Bin,percent,5.4,5.5, 0.00084008774662766257709106688
Georgia,3 wk ahead,Bin,percent,5.5,5.6, 0.00039741152659583412485103104
Georgia,3 wk ahead,Bin,percent,5.6,5.7, 0.00039718699030184335171250742
Georgia,3 wk ahead,Bin,percent,5.7,5.8, 0.00039718699030184335171250742
Georgia,3 wk ahead,Bin,percent,5.8,5.9, 0.00039718699030184335171250742
Georgia,3 wk ahead,Bin,percent,5.9,6, 0.00039718699030184335171250742
Georgia,3 wk ahead,Bin,percent,6,6.1, 0.00039718699030184335171250742
Georgia,3 wk ahead,Bin,percent,6.1,6.2, 0.00039718699030184335171250742
Georgia,3 wk ahead,Bin,percent,6.2,6.3, 0.00039718699030184335171250742
Georgia,3 wk ahead,Bin,percent,6.3,6.4, 0.00039718699030184335171250742
Georgia,3 wk ahead,Bin,percent,6.4,6.5, 0.00039718699030184335171250742
Georgia,3 wk ahead,Bin,percent,6.5,6.6, 0.00039718699030184335171250742
Georgia,3 wk ahead,Bin,percent,6.6,6.7, 0.00039718699030184335171250742
Georgia,3 wk ahead,Bin,percent,6.7,6.8, 0.00039718699030184335171250742
Georgia,3 wk ahead,Bin,percent,6.8,6.9, 0.00039718699030184335171250742
Georgia,3 wk ahead,Bin,percent,6.9,7, 0.00039718699030184335171250742
Georgia,3 wk ahead,Bin,percent,7,7.1, 0.00039718699030184335171250742
Georgia,3 wk ahead,Bin,percent,7.1,7.2, 0.00039718699030184335171250742
Georgia,3 wk ahead,Bin,percent,7.2,7.3, 0.00039718699030184335171250742
Georgia,3 wk ahead,Bin,percent,7.3,7.4, 0.00039718699030184335171250742
Georgia,3 wk ahead,Bin,percent,7.4,7.5, 0.00039718699030184335171250742
Georgia,3 wk ahead,Bin,percent,7.5,7.6, 0.00039718699030184335171250742
Georgia,3 wk ahead,Bin,percent,7.6,7.7, 0.00039718699030184335171250742
Georgia,3 wk ahead,Bin,percent,7.7,7.8, 0.00039718699030184335171250742
Georgia,3 wk ahead,Bin,percent,7.8,7.9, 0.00039718699030184335171250742
Georgia,3 wk ahead,Bin,percent,7.9,8, 0.00039718699030184335171250742
Georgia,3 wk ahead,Bin,percent,8,8.1, 0.00039718699030184687536956800
Georgia,3 wk ahead,Bin,percent,8.1,8.2, 0.00039718699030185034481651996
Georgia,3 wk ahead,Bin,percent,8.2,8.3, 0.00039718699030185034481651996
Georgia,3 wk ahead,Bin,percent,8.3,8.4, 0.00039718699030185034481651996
Georgia,3 wk ahead,Bin,percent,8.4,8.5, 0.00039718699030185034481651996
Georgia,3 wk ahead,Bin,percent,8.5,8.6, 0.00039718699030185034481651996
Georgia,3 wk ahead,Bin,percent,8.6,8.7, 0.00039718699030185034481651996
Georgia,3 wk ahead,Bin,percent,8.7,8.8, 0.00039718699030185034481651996
Georgia,3 wk ahead,Bin,percent,8.8,8.9, 0.00039718699030185034481651996
Georgia,3 wk ahead,Bin,percent,8.9,9, 0.00039718699030185034481651996
Georgia,3 wk ahead,Bin,percent,9,9.1, 0.00039718699030185034481651996
Georgia,3 wk ahead,Bin,percent,9.1,9.2, 0.00039718699030185034481651996
Georgia,3 wk ahead,Bin,percent,9.2,9.3, 0.00039718699030185034481651996
Georgia,3 wk ahead,Bin,percent,9.3,9.4, 0.00039718699030185034481651996
Georgia,3 wk ahead,Bin,percent,9.4,9.5, 0.00039718699030185034481651996
Georgia,3 wk ahead,Bin,percent,9.5,9.6, 0.00039718699030185034481651996
Georgia,3 wk ahead,Bin,percent,9.6,9.7, 0.00039718699030185034481651996
Georgia,3 wk ahead,Bin,percent,9.7,9.8, 0.00039718699030185034481651996
Georgia,3 wk ahead,Bin,percent,9.8,9.9, 0.00039718699030185034481651996
Georgia,3 wk ahead,Bin,percent,9.9,10, 0.00039718699030185034481651996
Georgia,3 wk ahead,Bin,percent,10,10.1, 0.00039718699030185034481651996
Georgia,3 wk ahead,Bin,percent,10.1,10.2, 0.00039718699030185034481651996
Georgia,3 wk ahead,Bin,percent,10.2,10.3, 0.00039718699030185034481651996
Georgia,3 wk ahead,Bin,percent,10.3,10.4, 0.00039718699030185034481651996
Georgia,3 wk ahead,Bin,percent,10.4,10.5, 0.00039718699030185034481651996
Georgia,3 wk ahead,Bin,percent,10.5,10.6, 0.00039718699030185034481651996
Georgia,3 wk ahead,Bin,percent,10.6,10.7, 0.00039718699030185034481651996
Georgia,3 wk ahead,Bin,percent,10.7,10.8, 0.00039718699030185034481651996
Georgia,3 wk ahead,Bin,percent,10.8,10.9, 0.00039718699030185034481651996
Georgia,3 wk ahead,Bin,percent,10.9,11, 0.00039718699030185034481651996
Georgia,3 wk ahead,Bin,percent,11,11.1, 0.00039718699030185034481651996
Georgia,3 wk ahead,Bin,percent,11.1,11.2, 0.00039718699030185034481651996
Georgia,3 wk ahead,Bin,percent,11.2,11.3, 0.00039718699030185034481651996
Georgia,3 wk ahead,Bin,percent,11.3,11.4, 0.00039718699030185034481651996
Georgia,3 wk ahead,Bin,percent,11.4,11.5, 0.00039718699030185034481651996
Georgia,3 wk ahead,Bin,percent,11.5,11.6, 0.00039718699030185034481651996
Georgia,3 wk ahead,Bin,percent,11.6,11.7, 0.00039718699030185034481651996
Georgia,3 wk ahead,Bin,percent,11.7,11.8, 0.00039718699030185034481651996
Georgia,3 wk ahead,Bin,percent,11.8,11.9, 0.00039718699030185034481651996
Georgia,3 wk ahead,Bin,percent,11.9,12, 0.00039718699030185034481651996
Georgia,3 wk ahead,Bin,percent,12,12.1, 0.00039718699030185034481651996
Georgia,3 wk ahead,Bin,percent,12.1,12.2, 0.00039718699030185034481651996
Georgia,3 wk ahead,Bin,percent,12.2,12.3, 0.00039718699030185034481651996
Georgia,3 wk ahead,Bin,percent,12.3,12.4, 0.00039718699030185034481651996
Georgia,3 wk ahead,Bin,percent,12.4,12.5, 0.00039718699030185034481651996
Georgia,3 wk ahead,Bin,percent,12.5,12.6, 0.00039718699030185034481651996
Georgia,3 wk ahead,Bin,percent,12.6,12.7, 0.00039718699030185034481651996
Georgia,3 wk ahead,Bin,percent,12.7,12.8, 0.00039718699030185034481651996
Georgia,3 wk ahead,Bin,percent,12.8,12.9, 0.00039718699030185034481651996
Georgia,3 wk ahead,Bin,percent,12.9,13, 0.00039718699030185034481651996
Georgia,3 wk ahead,Bin,percent,13,100, 0.00039718699030185034481651996
Georgia,4 wk ahead,Bin,percent,0,0.1, 0.00045123707247598799632490318
Georgia,4 wk ahead,Bin,percent,0.1,0.2, 0.00090247414495197610107002362
Georgia,4 wk ahead,Bin,percent,0.2,0.3, 0.00090247414495197577580937187
Georgia,4 wk ahead,Bin,percent,0.3,0.4, 0.00090247414495197577580937187
Georgia,4 wk ahead,Bin,percent,0.4,0.5, 0.00090247414495197577580937187
Georgia,4 wk ahead,Bin,percent,0.5,0.6, 0.00090247414495197653475089261
Georgia,4 wk ahead,Bin,percent,0.6,0.7, 0.00090247414495197686001154436
Georgia,4 wk ahead,Bin,percent,0.7,0.8, 0.00090247414495197686001154436
Georgia,4 wk ahead,Bin,percent,0.8,0.9, 0.00090247414495197686001154436
Georgia,4 wk ahead,Bin,percent,0.9,1, 0.00090247414495197686001154436
Georgia,4 wk ahead,Bin,percent,1,1.1, 0.00185645039396483053396880170
Georgia,4 wk ahead,Bin,percent,1.1,1.2, 0.01225617868583754252465034540
Georgia,4 wk ahead,Bin,percent,1.2,1.3, 0.04261853773923498372999674189
Georgia,4 wk ahead,Bin,percent,1.3,1.4, 0.07466780640486504749819829385
Georgia,4 wk ahead,Bin,percent,1.4,1.5, 0.06602090134648000430139802575
Georgia,4 wk ahead,Bin,percent,1.5,1.6, 0.02945643982348044101482464896
Georgia,4 wk ahead,Bin,percent,1.6,1.7, 0.00687891970729553881014339822
Georgia,4 wk ahead,Bin,percent,1.7,1.8, 0.00411453291195056341383873288
Georgia,4 wk ahead,Bin,percent,1.8,1.9, 0.02131541696514585235155969656
Georgia,4 wk ahead,Bin,percent,1.9,2, 0.06801590811048804918748089676
Georgia,4 wk ahead,Bin,percent,2,2.1, 0.11057349681104000627129835266
Georgia,4 wk ahead,Bin,percent,2.1,2.2, 0.09177590066273050295464486226
Georgia,4 wk ahead,Bin,percent,2.2,2.3, 0.04139411546035259847897691543
Georgia,4 wk ahead,Bin,percent,2.3,2.4, 0.02346458025150439594130880039
Georgia,4 wk ahead,Bin,percent,2.4,2.5, 0.04190956631776642654640951946
Georgia,4 wk ahead,Bin,percent,2.5,2.6, 0.05583520917473550754239752791
Georgia,4 wk ahead,Bin,percent,2.6,2.7, 0.03831065177491199680304134745
Georgia,4 wk ahead,Bin,percent,2.7,2.8, 0.01326845180660650262705058111
Georgia,4 wk ahead,Bin,percent,2.8,2.9, 0.00231135156253207095511381652
Georgia,4 wk ahead,Bin,percent,2.9,3, 0.00020156228678841877017050011
Georgia,4 wk ahead,Bin,percent,3,3.1, 0.00000875162970204577085543869
Georgia,4 wk ahead,Bin,percent,3.1,3.2, 0.00000018848573385977025357408
Georgia,4 wk ahead,Bin,percent,3.2,3.3, 0.00000000201375327668342980893
Georgia,4 wk ahead,Bin,percent,3.3,3.4, 0.00000000001060725671682709679
Georgia,4 wk ahead,Bin,percent,3.4,3.5, 0.00000000000002728632355642001
Georgia,4 wk ahead,Bin,percent,3.5,3.6, 0.00000000000000002994425903009
Georgia,4 wk ahead,Bin,percent,3.6,3.7, 0.00000000000000000044819437130
Georgia,4 wk ahead,Bin,percent,3.7,3.8, 0.00000000000000000104795317991
Georgia,4 wk ahead,Bin,percent,3.8,3.9, 0.00000000000000000036752538410
Georgia,4 wk ahead,Bin,percent,3.9,4, 0.00000000000000036130668020319
Georgia,4 wk ahead,Bin,percent,4,4.1, 0.00000000000023157684840786797
Georgia,4 wk ahead,Bin,percent,4.1,4.2, 0.00000000007131417271130927028
Georgia,4 wk ahead,Bin,percent,4.2,4.3, 0.00000001074991705294144714895
Georgia,4 wk ahead,Bin,percent,4.3,4.4, 0.00000080046402773198380276558
Georgia,4 wk ahead,Bin,percent,4.4,4.5, 0.00002954971909414875019090317
Georgia,4 wk ahead,Bin,percent,4.5,4.6, 0.00054138100149416390916706776
Georgia,4 wk ahead,Bin,percent,4.6,4.7, 0.00494515420235132775045316933
Georgia,4 wk ahead,Bin,percent,4.7,4.8, 0.02263587908419499583612122251
Georgia,4 wk ahead,Bin,percent,4.8,4.9, 0.05214481216705880994854993560
Georgia,4 wk ahead,Bin,percent,4.9,5, 0.06058543257917699265124866770
Georgia,4 wk ahead,Bin,percent,5,5.1, 0.03552410157458527756313415580
Georgia,4 wk ahead,Bin,percent,5.1,5.2, 0.01049640293745134761449477878
Georgia,4 wk ahead,Bin,percent,5.2,5.3, 0.00161211837893714409093715023
Georgia,4 wk ahead,Bin,percent,5.3,5.4, 0.00072635810712289136832631176
Georgia,4 wk ahead,Bin,percent,5.4,5.5, 0.00072635810712289136832631176
Georgia,4 wk ahead,Bin,percent,5.5,5.6, 0.00072635810712289136832631176
Georgia,4 wk ahead,Bin,percent,5.6,5.7, 0.00072635810712289136832631176
Georgia,4 wk ahead,Bin,percent,5.7,5.8, 0.00072635810712289136832631176
Georgia,4 wk ahead,Bin,percent,5.8,5.9, 0.00072635810712289136832631176
Georgia,4 wk ahead,Bin,percent,5.9,6, 0.00072635810712289136832631176
Georgia,4 wk ahead,Bin,percent,6,6.1, 0.00072635810712289136832631176
Georgia,4 wk ahead,Bin,percent,6.1,6.2, 0.00072635810712289136832631176
Georgia,4 wk ahead,Bin,percent,6.2,6.3, 0.00072635810712289136832631176
Georgia,4 wk ahead,Bin,percent,6.3,6.4, 0.00072635810712289136832631176
Georgia,4 wk ahead,Bin,percent,6.4,6.5, 0.00072635810712289136832631176
Georgia,4 wk ahead,Bin,percent,6.5,6.6, 0.00072635810712289136832631176
Georgia,4 wk ahead,Bin,percent,6.6,6.7, 0.00072635810712289136832631176
Georgia,4 wk ahead,Bin,percent,6.7,6.8, 0.00072635810712289136832631176
Georgia,4 wk ahead,Bin,percent,6.8,6.9, 0.00072635810712289136832631176
Georgia,4 wk ahead,Bin,percent,6.9,7, 0.00072635810712289136832631176
Georgia,4 wk ahead,Bin,percent,7,7.1, 0.00072635810712289136832631176
Georgia,4 wk ahead,Bin,percent,7.1,7.2, 0.00072635810712289136832631176
Georgia,4 wk ahead,Bin,percent,7.2,7.3, 0.00072635810712289136832631176
Georgia,4 wk ahead,Bin,percent,7.3,7.4, 0.00072635810712289136832631176
Georgia,4 wk ahead,Bin,percent,7.4,7.5, 0.00072635810712289136832631176
Georgia,4 wk ahead,Bin,percent,7.5,7.6, 0.00072635810712289136832631176
Georgia,4 wk ahead,Bin,percent,7.6,7.7, 0.00072635810712289136832631176
Georgia,4 wk ahead,Bin,percent,7.7,7.8, 0.00072635810712289136832631176
Georgia,4 wk ahead,Bin,percent,7.8,7.9, 0.00072635810712289136832631176
Georgia,4 wk ahead,Bin,percent,7.9,8, 0.00072635810712289136832631176
Georgia,4 wk ahead,Bin,percent,8,8.1, 0.00072635810712289776511912942
Georgia,4 wk ahead,Bin,percent,8.1,8.2, 0.00072635810712290427033216433
Georgia,4 wk ahead,Bin,percent,8.2,8.3, 0.00072635810712290427033216433
Georgia,4 wk ahead,Bin,percent,8.3,8.4, 0.00072635810712290427033216433
Georgia,4 wk ahead,Bin,percent,8.4,8.5, 0.00072635810712290427033216433
Georgia,4 wk ahead,Bin,percent,8.5,8.6, 0.00072635810712290427033216433
Georgia,4 wk ahead,Bin,percent,8.6,8.7, 0.00072635810712290427033216433
Georgia,4 wk ahead,Bin,percent,8.7,8.8, 0.00072635810712290427033216433
Georgia,4 wk ahead,Bin,percent,8.8,8.9, 0.00072635810712290427033216433
Georgia,4 wk ahead,Bin,percent,8.9,9, 0.00072635810712290427033216433
Georgia,4 wk ahead,Bin,percent,9,9.1, 0.00072635810712290427033216433
Georgia,4 wk ahead,Bin,percent,9.1,9.2, 0.00072635810712290427033216433
Georgia,4 wk ahead,Bin,percent,9.2,9.3, 0.00072635810712290427033216433
Georgia,4 wk ahead,Bin,percent,9.3,9.4, 0.00072635810712290427033216433
Georgia,4 wk ahead,Bin,percent,9.4,9.5, 0.00072635810712290427033216433
Georgia,4 wk ahead,Bin,percent,9.5,9.6, 0.00072635810712290427033216433
Georgia,4 wk ahead,Bin,percent,9.6,9.7, 0.00072635810712290427033216433
Georgia,4 wk ahead,Bin,percent,9.7,9.8, 0.00072635810712290427033216433
Georgia,4 wk ahead,Bin,percent,9.8,9.9, 0.00072635810712290427033216433
Georgia,4 wk ahead,Bin,percent,9.9,10, 0.00072635810712290427033216433
Georgia,4 wk ahead,Bin,percent,10,10.1, 0.00072635810712290427033216433
Georgia,4 wk ahead,Bin,percent,10.1,10.2, 0.00072635810712290427033216433
Georgia,4 wk ahead,Bin,percent,10.2,10.3, 0.00072635810712290427033216433
Georgia,4 wk ahead,Bin,percent,10.3,10.4, 0.00072635810712290427033216433
Georgia,4 wk ahead,Bin,percent,10.4,10.5, 0.00072635810712290427033216433
Georgia,4 wk ahead,Bin,percent,10.5,10.6, 0.00072635810712290427033216433
Georgia,4 wk ahead,Bin,percent,10.6,10.7, 0.00072635810712290427033216433
Georgia,4 wk ahead,Bin,percent,10.7,10.8, 0.00072635810712290427033216433
Georgia,4 wk ahead,Bin,percent,10.8,10.9, 0.00072635810712290427033216433
Georgia,4 wk ahead,Bin,percent,10.9,11, 0.00072635810712290427033216433
Georgia,4 wk ahead,Bin,percent,11,11.1, 0.00072635810712290427033216433
Georgia,4 wk ahead,Bin,percent,11.1,11.2, 0.00072635810712290427033216433
Georgia,4 wk ahead,Bin,percent,11.2,11.3, 0.00072635810712290427033216433
Georgia,4 wk ahead,Bin,percent,11.3,11.4, 0.00072635810712290427033216433
Georgia,4 wk ahead,Bin,percent,11.4,11.5, 0.00072635810712290427033216433
Georgia,4 wk ahead,Bin,percent,11.5,11.6, 0.00072635810712290427033216433
Georgia,4 wk ahead,Bin,percent,11.6,11.7, 0.00072635810712290427033216433
Georgia,4 wk ahead,Bin,percent,11.7,11.8, 0.00072635810712290427033216433
Georgia,4 wk ahead,Bin,percent,11.8,11.9, 0.00072635810712290427033216433
Georgia,4 wk ahead,Bin,percent,11.9,12, 0.00072635810712290427033216433
Georgia,4 wk ahead,Bin,percent,12,12.1, 0.00072635810712290427033216433
Georgia,4 wk ahead,Bin,percent,12.1,12.2, 0.00072635810712290427033216433
Georgia,4 wk ahead,Bin,percent,12.2,12.3, 0.00072635810712290427033216433
Georgia,4 wk ahead,Bin,percent,12.3,12.4, 0.00072635810712290427033216433
Georgia,4 wk ahead,Bin,percent,12.4,12.5, 0.00072635810712290427033216433
Georgia,4 wk ahead,Bin,percent,12.5,12.6, 0.00072635810712290427033216433
Georgia,4 wk ahead,Bin,percent,12.6,12.7, 0.00072635810712290427033216433
Georgia,4 wk ahead,Bin,percent,12.7,12.8, 0.00072635810712290427033216433
Georgia,4 wk ahead,Bin,percent,12.8,12.9, 0.00072635810712290427033216433
Georgia,4 wk ahead,Bin,percent,12.9,13, 0.00072635810712290427033216433
Georgia,4 wk ahead,Bin,percent,13,100, 0.00072635810712290427033216433
Delaware,Season peak week,Bin,week,40,41, 0.00231073798775121522913744698
Delaware,Season peak week,Bin,week,41,42, 0.00231073798775121522913744698
Delaware,Season peak week,Bin,week,42,43, 0.00231073798775121522913744698
Delaware,Season peak week,Bin,week,43,44, 0.00231073798775121522913744698
Delaware,Season peak week,Bin,week,44,45, 0.00231073798775121522913744698
Delaware,Season peak week,Bin,week,45,46, 0.00231073798775121522913744698
Delaware,Season peak week,Bin,week,46,47, 0.00231073798775121522913744698
Delaware,Season peak week,Bin,week,47,48, 0.00231073798775121522913744698
Delaware,Season peak week,Bin,week,48,49, 0.00603221742208654137379353344
Delaware,Season peak week,Bin,week,49,50, 0.12901221711093949218174259386
Delaware,Season peak week,Bin,week,50,51, 0.00464569027884789275545385223
Delaware,Season peak week,Bin,week,51,52, 0.00000000275155681055364399358
Delaware,Season peak week,Bin,week,52,53, 0.00000000000000002763758051636
Delaware,Season peak week,Bin,week,1,2, 0.00000000522260868579389761022
Delaware,Season peak week,Bin,week,2,3, 0.00882613470076054965063327984
Delaware,Season peak week,Bin,week,3,4, 0.25521244976900092638061323669
Delaware,Season peak week,Bin,week,4,5, 0.28942376779308326417705643507
Delaware,Season peak week,Bin,week,5,6, 0.01010587416151413099607569990
Delaware,Season peak week,Bin,week,6,7, 0.00772108617850346835159713876
Delaware,Season peak week,Bin,week,7,8, 0.21442263911130574061125741991
Delaware,Season peak week,Bin,week,8,9, 0.01002572327008480548848901037
Delaware,Season peak week,Bin,week,9,10, 0.00384052402730815584455670297
Delaware,Season peak week,Bin,week,10,11, 0.00384052402730815584455670297
Delaware,Season peak week,Bin,week,11,12, 0.00384052402730815584455670297
Delaware,Season peak week,Bin,week,12,13, 0.00384052402730815584455670297
Delaware,Season peak week,Bin,week,13,14, 0.00384052402730815584455670297
Delaware,Season peak week,Bin,week,14,15, 0.00384052402730815584455670297
Delaware,Season peak week,Bin,week,15,16, 0.00384052402730815584455670297
Delaware,Season peak week,Bin,week,16,17, 0.00384052402730815584455670297
Delaware,Season peak week,Bin,week,17,18, 0.00384052402730815584455670297
Delaware,Season peak week,Bin,week,18,19, 0.00384052402730815584455670297
Delaware,Season peak week,Bin,week,19,20, 0.00384052402730815584455670297
Delaware,Season peak week,Bin,week,20,21, 0.00384052402730815584455670297
Delaware,Season peak percentage,Bin,percent,0,0.1, 0.00169829741118504768705721464
Delaware,Season peak percentage,Bin,percent,0.1,0.2, 0.00465331544366059512291000644
Delaware,Season peak percentage,Bin,percent,0.2,0.3, 0.00665323060487234708287873630
Delaware,Season peak percentage,Bin,percent,0.3,0.4, 0.00891405545750952391093058225
Delaware,Season peak percentage,Bin,percent,0.4,0.5, 0.01119143122597771218551532257
Delaware,Season peak percentage,Bin,percent,0.5,0.6, 0.01316626133282697286297491246
Delaware,Season peak percentage,Bin,percent,0.6,0.7, 0.01451463514026338046114528169
Delaware,Season peak percentage,Bin,percent,0.7,0.8, 0.01499412309410326320235906650
Delaware,Season peak percentage,Bin,percent,0.8,0.9, 0.01451508319579067514404346895
Delaware,Season peak percentage,Bin,percent,0.9,1, 0.01316690590787033578179521243
Delaware,Season peak percentage,Bin,percent,1,1.1, 0.01119333198141412438753050651
Delaware,Season peak percentage,Bin,percent,1.1,1.2, 0.00892010156836698687998765678
Delaware,Season peak percentage,Bin,percent,1.2,1.3, 0.00666994263274075984554434271
Delaware,Season peak percentage,Bin,percent,1.3,1.4, 0.00469610003210676855978089606
Delaware,Season peak percentage,Bin,percent,1.4,1.5, 0.00315240653354298969515689954
Delaware,Season peak percentage,Bin,percent,1.5,1.6, 0.00210452438485674931181734770
Delaware,Season peak percentage,Bin,percent,1.6,1.7, 0.00156685905822900308978495865
Delaware,Season peak percentage,Bin,percent,1.7,1.8, 0.00154865066812886944397353872
Delaware,Season peak percentage,Bin,percent,1.8,1.9, 0.00208716026242505630836077124
Delaware,Season peak percentage,Bin,percent,1.9,2, 0.00325505561470869776014014363
Delaware,Season peak percentage,Bin,percent,2,2.1, 0.00513578737589618413567071897
Delaware,Season peak percentage,Bin,percent,2.1,2.2, 0.00777005040577969079834685928
Delaware,Season peak percentage,Bin,percent,2.2,2.3, 0.01109165645447303220894053055
Delaware,Season peak percentage,Bin,percent,2.3,2.4, 0.01487605982992977991796745840
Delaware,Season peak percentage,Bin,percent,2.4,2.5, 0.01873706699093205529926819963
Delaware,Season peak percentage,Bin,percent,2.5,2.6, 0.02218985807882639313404204984
Delaware,Season peak percentage,Bin,percent,2.6,2.7, 0.02477723657788833203086120704
Delaware,Season peak percentage,Bin,percent,2.7,2.8, 0.02622626590487151312935942826
Delaware,Season peak percentage,Bin,percent,2.8,2.9, 0.02656755508399701384836255613
Delaware,Season peak percentage,Bin,percent,2.9,3, 0.02617203559512458130309475735
Delaware,Season peak percentage,Bin,percent,3,3.1, 0.02566350693135863517135852874
Delaware,Season peak percentage,Bin,percent,3.1,3.2, 0.02573409509955742677234091786
Delaware,Season peak percentage,Bin,percent,3.2,3.3, 0.02691285477961232949772885092
Delaware,Season peak percentage,Bin,percent,3.3,3.4, 0.02937238328832125766609806305
Delaware,Season peak percentage,Bin,percent,3.4,3.5, 0.03283923741077819646871915893
Delaware,Season peak percentage,Bin,percent,3.5,3.6, 0.03664900032006462859968110024
Delaware,Season peak percentage,Bin,percent,3.6,3.7, 0.03992305701172917109520454915
Delaware,Season peak percentage,Bin,percent,3.7,3.8, 0.04181725890900637315761301238
Delaware,Season peak percentage,Bin,percent,3.8,3.9, 0.04175190176499345845462229931
Delaware,Season peak percentage,Bin,percent,3.9,4, 0.03955828024482044985576933982
Delaware,Season peak percentage,Bin,percent,4,4.1, 0.03549775309482058188725872583
Delaware,Season peak percentage,Bin,percent,4.1,4.2, 0.03015211879789339924351487809
Delaware,Season peak percentage,Bin,percent,4.2,4.3, 0.02425976413384595131716992000
Delaware,Season peak percentage,Bin,percent,4.3,4.4, 0.01853594242654210341725296018
Delaware,Season peak percentage,Bin,percent,4.4,4.5, 0.01354713905950123004062746190
Delaware,Season peak percentage,Bin,percent,4.5,4.6, 0.00965553229283547427563849652
Delaware,Season peak percentage,Bin,percent,4.6,4.7, 0.00702957838401513900039585536
Delaware,Season peak percentage,Bin,percent,4.7,4.8, 0.00569202096204133450862983068
Delaware,Season peak percentage,Bin,percent,4.8,4.9, 0.00556752207332685249835391161
Delaware,Season peak percentage,Bin,percent,4.9,5, 0.00651033324440801388494071134
Delaware,Season peak percentage,Bin,percent,5,5.1, 0.00830196329299099852749854733
Delaware,Season peak percentage,Bin,percent,5.1,5.2, 0.01064094979980354828408284362
Delaware,Season peak percentage,Bin,percent,5.2,5.3, 0.01314156433951754916755749747
Delaware,Season peak percentage,Bin,percent,5.3,5.4, 0.01536783759751579082897254835
Delaware,Season peak percentage,Bin,percent,5.4,5.5, 0.01690462525310209088158508450
Delaware,Season peak percentage,Bin,percent,5.5,5.6, 0.01744863335315305352679615680
Delaware,Season peak percentage,Bin,percent,5.6,5.7, 0.01688566510884617621890413375
Delaware,Season peak percentage,Bin,percent,5.7,5.8, 0.01531535208692380058137505472
Delaware,Season peak percentage,Bin,percent,5.8,5.9, 0.01301764697433967221673611903
Delaware,Season peak percentage,Bin,percent,5.9,6, 0.01036849251377523067896291309
Delaware,Season peak percentage,Bin,percent,6,6.1, 0.00773874277352884932384968764
Delaware,Season peak percentage,Bin,percent,6.1,6.2, 0.00541251872596139847748641927
Delaware,Season peak percentage,Bin,percent,6.2,6.3, 0.00354736030430316193196027541
Delaware,Season peak percentage,Bin,percent,6.3,6.4, 0.00217852435461096975363726180
Delaware,Season peak percentage,Bin,percent,6.4,6.5, 0.00125357441089422524949092974
Delaware,Season peak percentage,Bin,percent,6.5,6.6, 0.00067606440411873791433705616
Delaware,Season peak percentage,Bin,percent,6.6,6.7, 0.00034163534535341867799662641
Delaware,Season peak percentage,Bin,percent,6.7,6.8, 0.00020039554957264135042795117
Delaware,Season peak percentage,Bin,percent,6.8,6.9, 0.00019657348783996768490540952
Delaware,Season peak percentage,Bin,percent,6.9,7, 0.00019657348783996768490540952
Delaware,Season peak percentage,Bin,percent,7,7.1, 0.00019657348783996768490540952
Delaware,Season peak percentage,Bin,percent,7.1,7.2, 0.00019657348783996768490540952
Delaware,Season peak percentage,Bin,percent,7.2,7.3, 0.00019657348783996768490540952
Delaware,Season peak percentage,Bin,percent,7.3,7.4, 0.00019657348783996768490540952
Delaware,Season peak percentage,Bin,percent,7.4,7.5, 0.00019657348783996768490540952
Delaware,Season peak percentage,Bin,percent,7.5,7.6, 0.00019657348783996768490540952
Delaware,Season peak percentage,Bin,percent,7.6,7.7, 0.00019657348783996768490540952
Delaware,Season peak percentage,Bin,percent,7.7,7.8, 0.00019657348783996768490540952
Delaware,Season peak percentage,Bin,percent,7.8,7.9, 0.00019657348783996768490540952
Delaware,Season peak percentage,Bin,percent,7.9,8, 0.00019657348783996768490540952
Delaware,Season peak percentage,Bin,percent,8,8.1, 0.00019657348783996944673393981
Delaware,Season peak percentage,Bin,percent,8.1,8.2, 0.00019657348783997118145741578
Delaware,Season peak percentage,Bin,percent,8.2,8.3, 0.00019657348783997118145741578
Delaware,Season peak percentage,Bin,percent,8.3,8.4, 0.00019657348783997118145741578
Delaware,Season peak percentage,Bin,percent,8.4,8.5, 0.00019657348783997118145741578
Delaware,Season peak percentage,Bin,percent,8.5,8.6, 0.00019657348783997118145741578
Delaware,Season peak percentage,Bin,percent,8.6,8.7, 0.00019657348783997118145741578
Delaware,Season peak percentage,Bin,percent,8.7,8.8, 0.00019657348783997118145741578
Delaware,Season peak percentage,Bin,percent,8.8,8.9, 0.00019657348783997118145741578
Delaware,Season peak percentage,Bin,percent,8.9,9, 0.00019657348783997118145741578
Delaware,Season peak percentage,Bin,percent,9,9.1, 0.00019657348783997118145741578
Delaware,Season peak percentage,Bin,percent,9.1,9.2, 0.00019657348783997118145741578
Delaware,Season peak percentage,Bin,percent,9.2,9.3, 0.00019657348783997118145741578
Delaware,Season peak percentage,Bin,percent,9.3,9.4, 0.00019657348783997118145741578
Delaware,Season peak percentage,Bin,percent,9.4,9.5, 0.00019657348783997118145741578
Delaware,Season peak percentage,Bin,percent,9.5,9.6, 0.00019657348783997118145741578
Delaware,Season peak percentage,Bin,percent,9.6,9.7, 0.00019657348783997118145741578
Delaware,Season peak percentage,Bin,percent,9.7,9.8, 0.00019657348783997118145741578
Delaware,Season peak percentage,Bin,percent,9.8,9.9, 0.00019657348783997118145741578
Delaware,Season peak percentage,Bin,percent,9.9,10, 0.00019657348783997118145741578
Delaware,Season peak percentage,Bin,percent,10,10.1, 0.00019657348783997118145741578
Delaware,Season peak percentage,Bin,percent,10.1,10.2, 0.00019657348783997118145741578
Delaware,Season peak percentage,Bin,percent,10.2,10.3, 0.00019657348783997118145741578
Delaware,Season peak percentage,Bin,percent,10.3,10.4, 0.00019657348783997118145741578
Delaware,Season peak percentage,Bin,percent,10.4,10.5, 0.00019657348783997118145741578
Delaware,Season peak percentage,Bin,percent,10.5,10.6, 0.00019657348783997118145741578
Delaware,Season peak percentage,Bin,percent,10.6,10.7, 0.00019657348783997118145741578
Delaware,Season peak percentage,Bin,percent,10.7,10.8, 0.00019657348783997118145741578
Delaware,Season peak percentage,Bin,percent,10.8,10.9, 0.00019657348783997118145741578
Delaware,Season peak percentage,Bin,percent,10.9,11, 0.00019657348783997118145741578
Delaware,Season peak percentage,Bin,percent,11,11.1, 0.00019657348783997118145741578
Delaware,Season peak percentage,Bin,percent,11.1,11.2, 0.00019657348783997118145741578
Delaware,Season peak percentage,Bin,percent,11.2,11.3, 0.00019657348783997118145741578
Delaware,Season peak percentage,Bin,percent,11.3,11.4, 0.00019657348783997118145741578
Delaware,Season peak percentage,Bin,percent,11.4,11.5, 0.00019657348783997118145741578
Delaware,Season peak percentage,Bin,percent,11.5,11.6, 0.00019657348783997118145741578
Delaware,Season peak percentage,Bin,percent,11.6,11.7, 0.00019657348783997118145741578
Delaware,Season peak percentage,Bin,percent,11.7,11.8, 0.00019657348783997118145741578
Delaware,Season peak percentage,Bin,percent,11.8,11.9, 0.00019657348783997118145741578
Delaware,Season peak percentage,Bin,percent,11.9,12, 0.00019657348783997118145741578
Delaware,Season peak percentage,Bin,percent,12,12.1, 0.00019657348783997118145741578
Delaware,Season peak percentage,Bin,percent,12.1,12.2, 0.00019657348783997118145741578
Delaware,Season peak percentage,Bin,percent,12.2,12.3, 0.00019657348783997118145741578
Delaware,Season peak percentage,Bin,percent,12.3,12.4, 0.00019657348783997118145741578
Delaware,Season peak percentage,Bin,percent,12.4,12.5, 0.00019657348783997118145741578
Delaware,Season peak percentage,Bin,percent,12.5,12.6, 0.00019657348783997118145741578
Delaware,Season peak percentage,Bin,percent,12.6,12.7, 0.00019657348783997118145741578
Delaware,Season peak percentage,Bin,percent,12.7,12.8, 0.00019657348783997118145741578
Delaware,Season peak percentage,Bin,percent,12.8,12.9, 0.00019657348783997118145741578
Delaware,Season peak percentage,Bin,percent,12.9,13, 0.00019657348783997118145741578
Delaware,Season peak percentage,Bin,percent,13,100, 0.00019657348783997118145741578
Delaware,1 wk ahead,Bin,percent,0,0.1, 0.00535482948002718832369861701
Delaware,1 wk ahead,Bin,percent,0.1,0.2, 0.01113390406410606423004416854
Delaware,1 wk ahead,Bin,percent,0.2,0.3, 0.01170267409366787698943301876
Delaware,1 wk ahead,Bin,percent,0.3,0.4, 0.01227305877173008596958680982
Delaware,1 wk ahead,Bin,percent,0.4,0.5, 0.01284245226803070946686169407
Delaware,1 wk ahead,Bin,percent,0.5,0.6, 0.01340801345707819287877970993
Delaware,1 wk ahead,Bin,percent,0.6,0.7, 0.01396684206475538002345526678
Delaware,1 wk ahead,Bin,percent,0.7,0.8, 0.01451600928106300605890943700
Delaware,1 wk ahead,Bin,percent,0.8,0.9, 0.01505244272192244117669623904
Delaware,1 wk ahead,Bin,percent,0.9,1, 0.01557305398617276487316374300
Delaware,1 wk ahead,Bin,percent,1,1.1, 0.01607438265197541280016046983
Delaware,1 wk ahead,Bin,percent,1.1,1.2, 0.01655378522476747341074521103
Delaware,1 wk ahead,Bin,percent,1.2,1.3, 0.01700806740062025396165168445
Delaware,1 wk ahead,Bin,percent,1.3,1.4, 0.01743459892929028268171443017
Delaware,1 wk ahead,Bin,percent,1.4,1.5, 0.01782994857545657299557895215
Delaware,1 wk ahead,Bin,percent,1.5,1.6, 0.01819197192323724482365676636
Delaware,1 wk ahead,Bin,percent,1.6,1.7, 0.01851851894801046991001491904
Delaware,1 wk ahead,Bin,percent,1.7,1.8, 0.01880737117852103804094276995
Delaware,1 wk ahead,Bin,percent,1.8,1.9, 0.01905676223376298258904704142
Delaware,1 wk ahead,Bin,percent,1.9,2, 0.01926467575368218804188202853
Delaware,1 wk ahead,Bin,percent,2,2.1, 0.01943085013845657210707074114
Delaware,1 wk ahead,Bin,percent,2.1,2.2, 0.01955418427234583214624485947
Delaware,1 wk ahead,Bin,percent,2.2,2.3, 0.01963460946641452584127129910
Delaware,1 wk ahead,Bin,percent,2.3,2.4, 0.01967135681077453873699667497
Delaware,1 wk ahead,Bin,percent,2.4,2.5, 0.01966537007897951536139480311
Delaware,1 wk ahead,Bin,percent,2.5,2.6, 0.01961765507928549256977390769
Delaware,1 wk ahead,Bin,percent,2.6,2.7, 0.01952907511979632901311099147
Delaware,1 wk ahead,Bin,percent,2.7,2.8, 0.01940107950742944731281625081
Delaware,1 wk ahead,Bin,percent,2.8,2.9, 0.01923510758173574419771512112
Delaware,1 wk ahead,Bin,percent,2.9,3, 0.01903383029056075412266402225
Delaware,1 wk ahead,Bin,percent,3,3.1, 0.01879926243559018259055015676
Delaware,1 wk ahead,Bin,percent,3.1,3.2, 0.01853399996446989522747017531
Delaware,1 wk ahead,Bin,percent,3.2,3.3, 0.01824022516671562274548357152
Delaware,1 wk ahead,Bin,percent,3.3,3.4, 0.01792107163976287484419280815
Delaware,1 wk ahead,Bin,percent,3.4,3.5, 0.01757941255330695493053205780
Delaware,1 wk ahead,Bin,percent,3.5,3.6, 0.01721785493203339956203024030
Delaware,1 wk ahead,Bin,percent,3.6,3.7, 0.01683922223159058442765179109
Delaware,1 wk ahead,Bin,percent,3.7,3.8, 0.01644614941660554885416445359
Delaware,1 wk ahead,Bin,percent,3.8,3.9, 0.01604142750427648908551070406
Delaware,1 wk ahead,Bin,percent,3.9,4, 0.01562744841661695485712790799
Delaware,1 wk ahead,Bin,percent,4,4.1, 0.01520651365914994779249269641
Delaware,1 wk ahead,Bin,percent,4.1,4.2, 0.01478069202419715275076406158
Delaware,1 wk ahead,Bin,percent,4.2,4.3, 0.01435196905919767368375872252
Delaware,1 wk ahead,Bin,percent,4.3,4.4, 0.01392202900808291003709182831
Delaware,1 wk ahead,Bin,percent,4.4,4.5, 0.01349234663928017101397482946
Delaware,1 wk ahead,Bin,percent,4.5,4.6, 0.01306419152735801246512092888
Delaware,1 wk ahead,Bin,percent,4.6,4.7, 0.01263863306789303128652157682
Delaware,1 wk ahead,Bin,percent,4.7,4.8, 0.01221649002058627052347272723
Delaware,1 wk ahead,Bin,percent,4.8,4.9, 0.01179844370338347693538683103
Delaware,1 wk ahead,Bin,percent,4.9,5, 0.01138501926477704026541282190
Delaware,1 wk ahead,Bin,percent,5,5.1, 0.01097658913088683449443827556
Delaware,1 wk ahead,Bin,percent,5.1,5.2, 0.01057334955750142448105410864
Delaware,1 wk ahead,Bin,percent,5.2,5.3, 0.01017541807510284612714457353
Delaware,1 wk ahead,Bin,percent,5.3,5.4, 0.00978291447626834960449304646
Delaware,1 wk ahead,Bin,percent,5.4,5.5, 0.00939583838849288380257185338
Delaware,1 wk ahead,Bin,percent,5.5,5.6, 0.00901417921719262216218027106
Delaware,1 wk ahead,Bin,percent,5.6,5.7, 0.00863785978326975061036829828
Delaware,1 wk ahead,Bin,percent,5.7,5.8, 0.00826689391664315285923603227
Delaware,1 wk ahead,Bin,percent,5.8,5.9, 0.00790132963968894277972943030
Delaware,1 wk ahead,Bin,percent,5.9,6, 0.00754119408576065398258636563
Delaware,1 wk ahead,Bin,percent,6,6.1, 0.00718656048461850747305357245
Delaware,1 wk ahead,Bin,percent,6.1,6.2, 0.00683754872551613126357983319
Delaware,1 wk ahead,Bin,percent,6.2,6.3, 0.00649444631615369270816184866
Delaware,1 wk ahead,Bin,percent,6.3,6.4, 0.00615746649758056301821040890
Delaware,1 wk ahead,Bin,percent,6.4,6.5, 0.00582693941766398819381844731
Delaware,1 wk ahead,Bin,percent,6.5,6.6, 0.00550316207965152130038299916
Delaware,1 wk ahead,Bin,percent,6.6,6.7, 0.00518656741810514642504470473
Delaware,1 wk ahead,Bin,percent,6.7,6.8, 0.00487766704419275928805710407
Delaware,1 wk ahead,Bin,percent,6.8,6.9, 0.00457682696696235652433770724
Delaware,1 wk ahead,Bin,percent,6.9,7, 0.00428450821357111329146238887
Delaware,1 wk ahead,Bin,percent,7,7.1, 0.00400112544551259156910827386
Delaware,1 wk ahead,Bin,percent,7.1,7.2, 0.00372727315555215201955951976
Delaware,1 wk ahead,Bin,percent,7.2,7.3, 0.00346326668270073578792533908
Delaware,1 wk ahead,Bin,percent,7.3,7.4, 0.00320953418503477265824597175
Delaware,1 wk ahead,Bin,percent,7.4,7.5, 0.00296631629406219048811221839
Delaware,1 wk ahead,Bin,percent,7.5,7.6, 0.00273397532799621225535480207
Delaware,1 wk ahead,Bin,percent,7.6,7.7, 0.00251287620143798113778177417
Delaware,1 wk ahead,Bin,percent,7.7,7.8, 0.00230300427196899202067492674
Delaware,1 wk ahead,Bin,percent,7.8,7.9, 0.00210451071651417392222027658
Delaware,1 wk ahead,Bin,percent,7.9,8, 0.00191735842830434736680511598
Delaware,1 wk ahead,Bin,percent,8,8.1, 0.00174173281388001325621639470
Delaware,1 wk ahead,Bin,percent,8.1,8.2, 0.00157736870768287887681347037
Delaware,1 wk ahead,Bin,percent,8.2,8.3, 0.00142412615167958659344316086
Delaware,1 wk ahead,Bin,percent,8.3,8.4, 0.00128170003044220819944654099
Delaware,1 wk ahead,Bin,percent,8.4,8.5, 0.00114989541206628035664716325
Delaware,1 wk ahead,Bin,percent,8.5,8.6, 0.00102848158171128345288181105
Delaware,1 wk ahead,Bin,percent,8.6,8.7, 0.00091688239555105907792331710
Delaware,1 wk ahead,Bin,percent,8.7,8.8, 0.00081475619252149378626826071
Delaware,1 wk ahead,Bin,percent,8.8,8.9, 0.00072158057486167398279774954
Delaware,1 wk ahead,Bin,percent,8.9,9, 0.00063707731181726883623595015
Delaware,1 wk ahead,Bin,percent,9,9.1, 0.00056059468128527405184069465
Delaware,1 wk ahead,Bin,percent,9.1,9.2, 0.00049165576557194938956546482
Delaware,1 wk ahead,Bin,percent,9.2,9.3, 0.00042971886993515884299935093
Delaware,1 wk ahead,Bin,percent,9.3,9.4, 0.00037433404551591366749702106
Delaware,1 wk ahead,Bin,percent,9.4,9.5, 0.00032505423202153595815117049
Delaware,1 wk ahead,Bin,percent,9.5,9.6, 0.00028127008768169753719079473
Delaware,1 wk ahead,Bin,percent,9.6,9.7, 0.00024255959154386306695326547
Delaware,1 wk ahead,Bin,percent,9.7,9.8, 0.00020843394458334876893218501
Delaware,1 wk ahead,Bin,percent,9.8,9.9, 0.00017854954396951744832397480
Delaware,1 wk ahead,Bin,percent,9.9,10, 0.00015241467401522757721572809
Delaware,1 wk ahead,Bin,percent,10,10.1, 0.00012965416097028564660145755
Delaware,1 wk ahead,Bin,percent,10.1,10.2, 0.00010989669861198749336098079
Delaware,1 wk ahead,Bin,percent,10.2,10.3, 0.00009283730785402623979837150
Delaware,1 wk ahead,Bin,percent,10.3,10.4, 0.00007817362225579514766003048
Delaware,1 wk ahead,Bin,percent,10.4,10.5, 0.00006558273163734682702045997
Delaware,1 wk ahead,Bin,percent,10.5,10.6, 0.00005576254668431219823580142
Delaware,1 wk ahead,Bin,percent,10.6,10.7, 0.00005418090364844459872828777
Delaware,1 wk ahead,Bin,percent,10.7,10.8, 0.00005418090364844459872828777
Delaware,1 wk ahead,Bin,percent,10.8,10.9, 0.00005418090364844459872828777
Delaware,1 wk ahead,Bin,percent,10.9,11, 0.00005418090364844459872828777
Delaware,1 wk ahead,Bin,percent,11,11.1, 0.00005418090364844459872828777
Delaware,1 wk ahead,Bin,percent,11.1,11.2, 0.00005418090364844459872828777
Delaware,1 wk ahead,Bin,percent,11.2,11.3, 0.00005418090364844459872828777
Delaware,1 wk ahead,Bin,percent,11.3,11.4, 0.00005418090364844459872828777
Delaware,1 wk ahead,Bin,percent,11.4,11.5, 0.00005418090364844459872828777
Delaware,1 wk ahead,Bin,percent,11.5,11.6, 0.00005418090364844459872828777
Delaware,1 wk ahead,Bin,percent,11.6,11.7, 0.00005418090364844459872828777
Delaware,1 wk ahead,Bin,percent,11.7,11.8, 0.00005418090364844459872828777
Delaware,1 wk ahead,Bin,percent,11.8,11.9, 0.00005418090364844459872828777
Delaware,1 wk ahead,Bin,percent,11.9,12, 0.00005418090364844459872828777
Delaware,1 wk ahead,Bin,percent,12,12.1, 0.00005418090364844459872828777
Delaware,1 wk ahead,Bin,percent,12.1,12.2, 0.00005418090364844459872828777
Delaware,1 wk ahead,Bin,percent,12.2,12.3, 0.00005418090364844459872828777
Delaware,1 wk ahead,Bin,percent,12.3,12.4, 0.00005418090364844459872828777
Delaware,1 wk ahead,Bin,percent,12.4,12.5, 0.00005418090364844459872828777
Delaware,1 wk ahead,Bin,percent,12.5,12.6, 0.00005418090364844459872828777
Delaware,1 wk ahead,Bin,percent,12.6,12.7, 0.00005418090364844459872828777
Delaware,1 wk ahead,Bin,percent,12.7,12.8, 0.00005418090364844459872828777
Delaware,1 wk ahead,Bin,percent,12.8,12.9, 0.00005418090364844459872828777
Delaware,1 wk ahead,Bin,percent,12.9,13, 0.00005418090364844459872828777
Delaware,1 wk ahead,Bin,percent,13,100, 0.00005418090364844459872828777
Delaware,2 wk ahead,Bin,percent,0,0.1, 0.00384514693061034987242585714
Delaware,2 wk ahead,Bin,percent,0.1,0.2, 0.00801951247491107174769631172
Delaware,2 wk ahead,Bin,percent,0.2,0.3, 0.00846005626199339451354308750
Delaware,2 wk ahead,Bin,percent,0.3,0.4, 0.00890218164579911243328158577
Delaware,2 wk ahead,Bin,percent,0.4,0.5, 0.00934571861668939338207984235
Delaware,2 wk ahead,Bin,percent,0.5,0.6, 0.00979068543598400099770007188
Delaware,2 wk ahead,Bin,percent,0.6,0.7, 0.01023731384717862201438887126
Delaware,2 wk ahead,Bin,percent,0.7,0.8, 0.01068594980946733878635068749
Delaware,2 wk ahead,Bin,percent,0.8,0.9, 0.01113709489018366999291131947
Delaware,2 wk ahead,Bin,percent,0.9,1, 0.01159125643999820050311644337
Delaware,2 wk ahead,Bin,percent,1,1.1, 0.01204902391460403211775886945
Delaware,2 wk ahead,Bin,percent,1.1,1.2, 0.01251091376989729199442624719
Delaware,2 wk ahead,Bin,percent,1.2,1.3, 0.01297735778765497088871327946
Delaware,2 wk ahead,Bin,percent,1.3,1.4, 0.01344872039464070981318322140
Delaware,2 wk ahead,Bin,percent,1.4,1.5, 0.01392509980535677066582067596
Delaware,2 wk ahead,Bin,percent,1.5,1.6, 0.01440648160926999606090692652
Delaware,2 wk ahead,Bin,percent,1.6,1.7, 0.01489248177953046876897946760
Delaware,2 wk ahead,Bin,percent,1.7,1.8, 0.01538251147051889096417642833
Delaware,2 wk ahead,Bin,percent,1.8,1.9, 0.01587556642622905272999034310
Delaware,2 wk ahead,Bin,percent,1.9,2, 0.01637030957632581648630853977
Delaware,2 wk ahead,Bin,percent,2,2.1, 0.01686499317111282356118628911
Delaware,2 wk ahead,Bin,percent,2.1,2.2, 0.01735744343815190382507296363
Delaware,2 wk ahead,Bin,percent,2.2,2.3, 0.01784500437782847448442424820
Delaware,2 wk ahead,Bin,percent,2.3,2.4, 0.01832466777855381798167933027
Delaware,2 wk ahead,Bin,percent,2.4,2.5, 0.01879279752325975841320548909
Delaware,2 wk ahead,Bin,percent,2.5,2.6, 0.01924561653086288501302014708
Delaware,2 wk ahead,Bin,percent,2.6,2.7, 0.01967861176136868200936547169
Delaware,2 wk ahead,Bin,percent,2.7,2.8, 0.02008721213716429046525213664
Delaware,2 wk ahead,Bin,percent,2.8,2.9, 0.02046655695641230732206850007
Delaware,2 wk ahead,Bin,percent,2.9,3, 0.02081126974633274590020803885
Delaware,2 wk ahead,Bin,percent,3,3.1, 0.02111652614260621854680444187
Delaware,2 wk ahead,Bin,percent,3.1,3.2, 0.02137670914546230607755639141
Delaware,2 wk ahead,Bin,percent,3.2,3.3, 0.02158735582189299020972050869
Delaware,2 wk ahead,Bin,percent,3.3,3.4, 0.02174317382274673637887474342
Delaware,2 wk ahead,Bin,percent,3.4,3.5, 0.02184047656090660344263554293
Delaware,2 wk ahead,Bin,percent,3.5,3.6, 0.02187528352957122598776429356
Delaware,2 wk ahead,Bin,percent,3.6,3.7, 0.02184436246403058737297619984
Delaware,2 wk ahead,Bin,percent,3.7,3.8, 0.02174597648729493376551502593
Delaware,2 wk ahead,Bin,percent,3.8,3.9, 0.02157803687780889337344270018
Delaware,2 wk ahead,Bin,percent,3.9,4, 0.02134079270161558586349492828
Delaware,2 wk ahead,Bin,percent,4,4.1, 0.02103392024565860912721504405
Delaware,2 wk ahead,Bin,percent,4.1,4.2, 0.02065962824237474459998509246
Delaware,2 wk ahead,Bin,percent,4.2,4.3, 0.02021958027514957415005092400
Delaware,2 wk ahead,Bin,percent,4.3,4.4, 0.01971736759334188904269069553
Delaware,2 wk ahead,Bin,percent,4.4,4.5, 0.01915711572890844288652445471
Delaware,2 wk ahead,Bin,percent,4.5,4.6, 0.01854314849895741246221803067
Delaware,2 wk ahead,Bin,percent,4.6,4.7, 0.01788139178146925037382608537
Delaware,2 wk ahead,Bin,percent,4.7,4.8, 0.01717724737407853516368838598
Delaware,2 wk ahead,Bin,percent,4.8,4.9, 0.01643742412401758348772240481
Delaware,2 wk ahead,Bin,percent,4.9,5, 0.01566810327152838230868603375
Delaware,2 wk ahead,Bin,percent,5,5.1, 0.01487621399150535622668556357
Delaware,2 wk ahead,Bin,percent,5.1,5.2, 0.01406832589954406034782330437
Delaware,2 wk ahead,Bin,percent,5.2,5.3, 0.01325100320111187619798176485
Delaware,2 wk ahead,Bin,percent,5.3,5.4, 0.01243070075084149253563658988
Delaware,2 wk ahead,Bin,percent,5.4,5.5, 0.01161352099579912762472577725
Delaware,2 wk ahead,Bin,percent,5.5,5.6, 0.01080516711479831241937699104
Delaware,2 wk ahead,Bin,percent,5.6,5.7, 0.01001110246358814445666318704
Delaware,2 wk ahead,Bin,percent,5.7,5.8, 0.00923598822379604646182205130
Delaware,2 wk ahead,Bin,percent,5.8,5.9, 0.00848440576132328608260912972
Delaware,2 wk ahead,Bin,percent,5.9,6, 0.00775999592672067545900960184
Delaware,2 wk ahead,Bin,percent,6,6.1, 0.00706599680759405907037873362
Delaware,2 wk ahead,Bin,percent,6.1,6.2, 0.00640533787775112925522158491
Delaware,2 wk ahead,Bin,percent,6.2,6.3, 0.00577982137957235107134090768
Delaware,2 wk ahead,Bin,percent,6.3,6.4, 0.00519141669818593345930857197
Delaware,2 wk ahead,Bin,percent,6.4,6.5, 0.00464078439267808038476426091
Delaware,2 wk ahead,Bin,percent,6.5,6.6, 0.00412891478578516785830077040
Delaware,2 wk ahead,Bin,percent,6.6,6.7, 0.00365548600436714325734310904
Delaware,2 wk ahead,Bin,percent,6.7,6.8, 0.00322038553460176832365924326
Delaware,2 wk ahead,Bin,percent,6.8,6.9, 0.00282291726801789464446068578
Delaware,2 wk ahead,Bin,percent,6.9,7, 0.00246175508623897249319001368
Delaware,2 wk ahead,Bin,percent,7,7.1, 0.00213586810648248165422913303
Delaware,2 wk ahead,Bin,percent,7.1,7.2, 0.00184324128489466582125899663
Delaware,2 wk ahead,Bin,percent,7.2,7.3, 0.00158239779134192008747117342
Delaware,2 wk ahead,Bin,percent,7.3,7.4, 0.00135099757845395926011966559
Delaware,2 wk ahead,Bin,percent,7.4,7.5, 0.00114724882602988882164540829
Delaware,2 wk ahead,Bin,percent,7.5,7.6, 0.00096879841610751280239072214
Delaware,2 wk ahead,Bin,percent,7.6,7.7, 0.00081348422346500610848746282
Delaware,2 wk ahead,Bin,percent,7.7,7.8, 0.00067929207394782210958222857
Delaware,2 wk ahead,Bin,percent,7.8,7.9, 0.00056391821947267511787316163
Delaware,2 wk ahead,Bin,percent,7.9,8, 0.00046551770302945733081070867
Delaware,2 wk ahead,Bin,percent,8,8.1, 0.00038198419288183526687854852
Delaware,2 wk ahead,Bin,percent,8.1,8.2, 0.00031166136551551767031736917
Delaware,2 wk ahead,Bin,percent,8.2,8.3, 0.00025273707162079924641931439
Delaware,2 wk ahead,Bin,percent,8.3,8.4, 0.00020374151070590273819062299
Delaware,2 wk ahead,Bin,percent,8.4,8.5, 0.00016327303221343053844967497
Delaware,2 wk ahead,Bin,percent,8.5,8.6, 0.00013002662122916995818093511
Delaware,2 wk ahead,Bin,percent,8.6,8.7, 0.00010294969669698477777227547
Delaware,2 wk ahead,Bin,percent,8.7,8.8, 0.00008099114424755584631335920
Delaware,2 wk ahead,Bin,percent,8.8,8.9, 0.00007074948723112366166798637
Delaware,2 wk ahead,Bin,percent,8.9,9, 0.00007073105936428730072546706
Delaware,2 wk ahead,Bin,percent,9,9.1, 0.00007073105936428730072546706
Delaware,2 wk ahead,Bin,percent,9.1,9.2, 0.00007073105936428730072546706
Delaware,2 wk ahead,Bin,percent,9.2,9.3, 0.00007073105936428730072546706
Delaware,2 wk ahead,Bin,percent,9.3,9.4, 0.00007073105936428730072546706
Delaware,2 wk ahead,Bin,percent,9.4,9.5, 0.00007073105936428730072546706
Delaware,2 wk ahead,Bin,percent,9.5,9.6, 0.00007073105936428730072546706
Delaware,2 wk ahead,Bin,percent,9.6,9.7, 0.00007073105936428730072546706
Delaware,2 wk ahead,Bin,percent,9.7,9.8, 0.00007073105936428730072546706
Delaware,2 wk ahead,Bin,percent,9.8,9.9, 0.00007073105936428730072546706
Delaware,2 wk ahead,Bin,percent,9.9,10, 0.00007073105936428730072546706
Delaware,2 wk ahead,Bin,percent,10,10.1, 0.00007073105936428730072546706
Delaware,2 wk ahead,Bin,percent,10.1,10.2, 0.00007073105936428730072546706
Delaware,2 wk ahead,Bin,percent,10.2,10.3, 0.00007073105936428730072546706
Delaware,2 wk ahead,Bin,percent,10.3,10.4, 0.00007073105936428730072546706
Delaware,2 wk ahead,Bin,percent,10.4,10.5, 0.00007073105936428730072546706
Delaware,2 wk ahead,Bin,percent,10.5,10.6, 0.00007073105936428730072546706
Delaware,2 wk ahead,Bin,percent,10.6,10.7, 0.00007073105936428730072546706
Delaware,2 wk ahead,Bin,percent,10.7,10.8, 0.00007073105936428730072546706
Delaware,2 wk ahead,Bin,percent,10.8,10.9, 0.00007073105936428730072546706
Delaware,2 wk ahead,Bin,percent,10.9,11, 0.00007073105936428730072546706
Delaware,2 wk ahead,Bin,percent,11,11.1, 0.00007073105936428730072546706
Delaware,2 wk ahead,Bin,percent,11.1,11.2, 0.00007073105936428730072546706
Delaware,2 wk ahead,Bin,percent,11.2,11.3, 0.00007073105936428730072546706
Delaware,2 wk ahead,Bin,percent,11.3,11.4, 0.00007073105936428730072546706
Delaware,2 wk ahead,Bin,percent,11.4,11.5, 0.00007073105936428730072546706
Delaware,2 wk ahead,Bin,percent,11.5,11.6, 0.00007073105936428730072546706
Delaware,2 wk ahead,Bin,percent,11.6,11.7, 0.00007073105936428730072546706
Delaware,2 wk ahead,Bin,percent,11.7,11.8, 0.00007073105936428730072546706
Delaware,2 wk ahead,Bin,percent,11.8,11.9, 0.00007073105936428730072546706
Delaware,2 wk ahead,Bin,percent,11.9,12, 0.00007073105936428730072546706
Delaware,2 wk ahead,Bin,percent,12,12.1, 0.00007073105936428730072546706
Delaware,2 wk ahead,Bin,percent,12.1,12.2, 0.00007073105936428730072546706
Delaware,2 wk ahead,Bin,percent,12.2,12.3, 0.00007073105936428730072546706
Delaware,2 wk ahead,Bin,percent,12.3,12.4, 0.00007073105936428730072546706
Delaware,2 wk ahead,Bin,percent,12.4,12.5, 0.00007073105936428730072546706
Delaware,2 wk ahead,Bin,percent,12.5,12.6, 0.00007073105936428730072546706
Delaware,2 wk ahead,Bin,percent,12.6,12.7, 0.00007073105936428730072546706
Delaware,2 wk ahead,Bin,percent,12.7,12.8, 0.00007073105936428730072546706
Delaware,2 wk ahead,Bin,percent,12.8,12.9, 0.00007073105936428730072546706
Delaware,2 wk ahead,Bin,percent,12.9,13, 0.00007073105936428730072546706
Delaware,2 wk ahead,Bin,percent,13,100, 0.00007073105936428730072546706
Delaware,3 wk ahead,Bin,percent,0,0.1, 0.00470376572397108484724359556
Delaware,3 wk ahead,Bin,percent,0.1,0.2, 0.01092709513698263655567810559
Delaware,3 wk ahead,Bin,percent,0.2,0.3, 0.01268656463340444955079089340
Delaware,3 wk ahead,Bin,percent,0.3,0.4, 0.01390109562418039013120818481
Delaware,3 wk ahead,Bin,percent,0.4,0.5, 0.01437862957831489811588721039
Delaware,3 wk ahead,Bin,percent,0.5,0.6, 0.01404724358391021624137273704
Delaware,3 wk ahead,Bin,percent,0.6,0.7, 0.01298022073984849734940016930
Delaware,3 wk ahead,Bin,percent,0.7,0.8, 0.01138471887062893900255389212
Delaware,3 wk ahead,Bin,percent,0.8,0.9, 0.00956007710594435934636781127
Delaware,3 wk ahead,Bin,percent,0.9,1, 0.00784358848008941296481300043
Delaware,3 wk ahead,Bin,percent,1,1.1, 0.00656013599782024996176499343
Delaware,3 wk ahead,Bin,percent,1.1,1.2, 0.00598852504686763712632435741
Delaware,3 wk ahead,Bin,percent,1.2,1.3, 0.00634577938879015823053775236
Delaware,3 wk ahead,Bin,percent,1.3,1.4, 0.00777875633814137726340653956
Delaware,3 wk ahead,Bin,percent,1.4,1.5, 0.01035742532844540278458289606
Delaware,3 wk ahead,Bin,percent,1.5,1.6, 0.01406185607864732234340010564
Delaware,3 wk ahead,Bin,percent,1.6,1.7, 0.01877226873657388689364822199
Delaware,3 wk ahead,Bin,percent,1.7,1.8, 0.02426715778588026811712907715
Delaware,3 wk ahead,Bin,percent,1.8,1.9, 0.03023991754921527205790532378
Delaware,3 wk ahead,Bin,percent,1.9,2, 0.03633089043448131660873912097
Delaware,3 wk ahead,Bin,percent,2,2.1, 0.04216821490265704880373576202
Delaware,3 wk ahead,Bin,percent,2.1,2.2, 0.04740388395417177019863785858
Delaware,3 wk ahead,Bin,percent,2.2,2.3, 0.05173859687701067022747025703
Delaware,3 wk ahead,Bin,percent,2.3,2.4, 0.05493482896211063920555162099
Delaware,3 wk ahead,Bin,percent,2.4,2.5, 0.05682519331232067927306417232
Delaware,3 wk ahead,Bin,percent,2.5,2.6, 0.05731787951073450543271192714
Delaware,3 wk ahead,Bin,percent,2.6,2.7, 0.05640398020180914517851533674
Delaware,3 wk ahead,Bin,percent,2.7,2.8, 0.05415690942407957314541633309
Delaware,3 wk ahead,Bin,percent,2.8,2.9, 0.05072536560134664751497979296
Delaware,3 wk ahead,Bin,percent,2.9,3, 0.04631617288783382996308901625
Delaware,3 wk ahead,Bin,percent,3,3.1, 0.04117673611074302436607652567
Delaware,3 wk ahead,Bin,percent,3.1,3.2, 0.03557862433450335176710055407
Delaware,3 wk ahead,Bin,percent,3.2,3.3, 0.02980553516375887557199320099
Delaware,3 wk ahead,Bin,percent,3.3,3.4, 0.02413964644937048945050328541
Delaware,3 wk ahead,Bin,percent,3.4,3.5, 0.01884247944696909593531586324
Delaware,3 wk ahead,Bin,percent,3.5,3.6, 0.01413037308737153351090309883
Delaware,3 wk ahead,Bin,percent,3.6,3.7, 0.01015044481000221786304305027
Delaware,3 wk ahead,Bin,percent,3.7,3.8, 0.00696556972325469529738750651
Delaware,3 wk ahead,Bin,percent,3.8,3.9, 0.00455588137474996750925226863
Delaware,3 wk ahead,Bin,percent,3.9,4, 0.00283446462946942024513363734
Delaware,3 wk ahead,Bin,percent,4,4.1, 0.00167481699134076292972972411
Delaware,3 wk ahead,Bin,percent,4.1,4.2, 0.00093854533594587229682060237
Delaware,3 wk ahead,Bin,percent,4.2,4.3, 0.00049832904238305989006591057
Delaware,3 wk ahead,Bin,percent,4.3,4.4, 0.00025361118926341006058269856
Delaware,3 wk ahead,Bin,percent,4.4,4.5, 0.00019940464959381358511260329
Delaware,3 wk ahead,Bin,percent,4.5,4.6, 0.00019940464959381358511260329
Delaware,3 wk ahead,Bin,percent,4.6,4.7, 0.00019940464959381358511260329
Delaware,3 wk ahead,Bin,percent,4.7,4.8, 0.00019940464959381358511260329
Delaware,3 wk ahead,Bin,percent,4.8,4.9, 0.00019940464959381358511260329
Delaware,3 wk ahead,Bin,percent,4.9,5, 0.00019940464959381358511260329
Delaware,3 wk ahead,Bin,percent,5,5.1, 0.00019940464959381358511260329
Delaware,3 wk ahead,Bin,percent,5.1,5.2, 0.00019940464959381358511260329
Delaware,3 wk ahead,Bin,percent,5.2,5.3, 0.00019940464959381358511260329
Delaware,3 wk ahead,Bin,percent,5.3,5.4, 0.00019940464959381358511260329
Delaware,3 wk ahead,Bin,percent,5.4,5.5, 0.00019940464959381358511260329
Delaware,3 wk ahead,Bin,percent,5.5,5.6, 0.00019940464959381358511260329
Delaware,3 wk ahead,Bin,percent,5.6,5.7, 0.00019940464959381358511260329
Delaware,3 wk ahead,Bin,percent,5.7,5.8, 0.00019940464959381358511260329
Delaware,3 wk ahead,Bin,percent,5.8,5.9, 0.00019940464959381358511260329
Delaware,3 wk ahead,Bin,percent,5.9,6, 0.00019940464959381358511260329
Delaware,3 wk ahead,Bin,percent,6,6.1, 0.00019940464959381358511260329
Delaware,3 wk ahead,Bin,percent,6.1,6.2, 0.00019940464959381358511260329
Delaware,3 wk ahead,Bin,percent,6.2,6.3, 0.00019940464959381358511260329
Delaware,3 wk ahead,Bin,percent,6.3,6.4, 0.00019940464959381358511260329
Delaware,3 wk ahead,Bin,percent,6.4,6.5, 0.00019940464959381358511260329
Delaware,3 wk ahead,Bin,percent,6.5,6.6, 0.00019940464959381358511260329
Delaware,3 wk ahead,Bin,percent,6.6,6.7, 0.00019940464959381358511260329
Delaware,3 wk ahead,Bin,percent,6.7,6.8, 0.00019940464959381358511260329
Delaware,3 wk ahead,Bin,percent,6.8,6.9, 0.00019940464959381358511260329
Delaware,3 wk ahead,Bin,percent,6.9,7, 0.00019940464959381358511260329
Delaware,3 wk ahead,Bin,percent,7,7.1, 0.00019940464959381358511260329
Delaware,3 wk ahead,Bin,percent,7.1,7.2, 0.00019940464959381358511260329
Delaware,3 wk ahead,Bin,percent,7.2,7.3, 0.00019940464959381358511260329
Delaware,3 wk ahead,Bin,percent,7.3,7.4, 0.00019940464959381358511260329
Delaware,3 wk ahead,Bin,percent,7.4,7.5, 0.00019940464959381358511260329
Delaware,3 wk ahead,Bin,percent,7.5,7.6, 0.00019940464959381358511260329
Delaware,3 wk ahead,Bin,percent,7.6,7.7, 0.00019940464959381358511260329
Delaware,3 wk ahead,Bin,percent,7.7,7.8, 0.00019940464959381358511260329
Delaware,3 wk ahead,Bin,percent,7.8,7.9, 0.00019940464959381358511260329
Delaware,3 wk ahead,Bin,percent,7.9,8, 0.00019940464959381358511260329
Delaware,3 wk ahead,Bin,percent,8,8.1, 0.00019940464959381534694113358
Delaware,3 wk ahead,Bin,percent,8.1,8.2, 0.00019940464959381713587471818
Delaware,3 wk ahead,Bin,percent,8.2,8.3, 0.00019940464959381713587471818
Delaware,3 wk ahead,Bin,percent,8.3,8.4, 0.00019940464959381713587471818
Delaware,3 wk ahead,Bin,percent,8.4,8.5, 0.00019940464959381713587471818
Delaware,3 wk ahead,Bin,percent,8.5,8.6, 0.00019940464959381713587471818
Delaware,3 wk ahead,Bin,percent,8.6,8.7, 0.00019940464959381713587471818
Delaware,3 wk ahead,Bin,percent,8.7,8.8, 0.00019940464959381713587471818
Delaware,3 wk ahead,Bin,percent,8.8,8.9, 0.00019940464959381713587471818
Delaware,3 wk ahead,Bin,percent,8.9,9, 0.00019940464959381713587471818
Delaware,3 wk ahead,Bin,percent,9,9.1, 0.00019940464959381713587471818
Delaware,3 wk ahead,Bin,percent,9.1,9.2, 0.00019940464959381713587471818
Delaware,3 wk ahead,Bin,percent,9.2,9.3, 0.00019940464959381713587471818
Delaware,3 wk ahead,Bin,percent,9.3,9.4, 0.00019940464959381713587471818
Delaware,3 wk ahead,Bin,percent,9.4,9.5, 0.00019940464959381713587471818
Delaware,3 wk ahead,Bin,percent,9.5,9.6, 0.00019940464959381713587471818
Delaware,3 wk ahead,Bin,percent,9.6,9.7, 0.00019940464959381713587471818
Delaware,3 wk ahead,Bin,percent,9.7,9.8, 0.00019940464959381713587471818
Delaware,3 wk ahead,Bin,percent,9.8,9.9, 0.00019940464959381713587471818
Delaware,3 wk ahead,Bin,percent,9.9,10, 0.00019940464959381713587471818
Delaware,3 wk ahead,Bin,percent,10,10.1, 0.00019940464959381713587471818
Delaware,3 wk ahead,Bin,percent,10.1,10.2, 0.00019940464959381713587471818
Delaware,3 wk ahead,Bin,percent,10.2,10.3, 0.00019940464959381713587471818
Delaware,3 wk ahead,Bin,percent,10.3,10.4, 0.00019940464959381713587471818
Delaware,3 wk ahead,Bin,percent,10.4,10.5, 0.00019940464959381713587471818
Delaware,3 wk ahead,Bin,percent,10.5,10.6, 0.00019940464959381713587471818
Delaware,3 wk ahead,Bin,percent,10.6,10.7, 0.00019940464959381713587471818
Delaware,3 wk ahead,Bin,percent,10.7,10.8, 0.00019940464959381713587471818
Delaware,3 wk ahead,Bin,percent,10.8,10.9, 0.00019940464959381713587471818
Delaware,3 wk ahead,Bin,percent,10.9,11, 0.00019940464959381713587471818
Delaware,3 wk ahead,Bin,percent,11,11.1, 0.00019940464959381713587471818
Delaware,3 wk ahead,Bin,percent,11.1,11.2, 0.00019940464959381713587471818
Delaware,3 wk ahead,Bin,percent,11.2,11.3, 0.00019940464959381713587471818
Delaware,3 wk ahead,Bin,percent,11.3,11.4, 0.00019940464959381713587471818
Delaware,3 wk ahead,Bin,percent,11.4,11.5, 0.00019940464959381713587471818
Delaware,3 wk ahead,Bin,percent,11.5,11.6, 0.00019940464959381713587471818
Delaware,3 wk ahead,Bin,percent,11.6,11.7, 0.00019940464959381713587471818
Delaware,3 wk ahead,Bin,percent,11.7,11.8, 0.00019940464959381713587471818
Delaware,3 wk ahead,Bin,percent,11.8,11.9, 0.00019940464959381713587471818
Delaware,3 wk ahead,Bin,percent,11.9,12, 0.00019940464959381713587471818
Delaware,3 wk ahead,Bin,percent,12,12.1, 0.00019940464959381713587471818
Delaware,3 wk ahead,Bin,percent,12.1,12.2, 0.00019940464959381713587471818
Delaware,3 wk ahead,Bin,percent,12.2,12.3, 0.00019940464959381713587471818
Delaware,3 wk ahead,Bin,percent,12.3,12.4, 0.00019940464959381713587471818
Delaware,3 wk ahead,Bin,percent,12.4,12.5, 0.00019940464959381713587471818
Delaware,3 wk ahead,Bin,percent,12.5,12.6, 0.00019940464959381713587471818
Delaware,3 wk ahead,Bin,percent,12.6,12.7, 0.00019940464959381713587471818
Delaware,3 wk ahead,Bin,percent,12.7,12.8, 0.00019940464959381713587471818
Delaware,3 wk ahead,Bin,percent,12.8,12.9, 0.00019940464959381713587471818
Delaware,3 wk ahead,Bin,percent,12.9,13, 0.00019940464959381713587471818
Delaware,3 wk ahead,Bin,percent,13,100, 0.00019940464959381713587471818
Delaware,4 wk ahead,Bin,percent,0,0.1, 0.00660609998408707727729494152
Delaware,4 wk ahead,Bin,percent,0.1,0.2, 0.04725302998631435852372462136
Delaware,4 wk ahead,Bin,percent,0.2,0.3, 0.05509088336995288104347423541
Delaware,4 wk ahead,Bin,percent,0.3,0.4, 0.01308535668986708817851383202
Delaware,4 wk ahead,Bin,percent,0.4,0.5, 0.00060069074868263430417442139
Delaware,4 wk ahead,Bin,percent,0.5,0.6, 0.00000500893367752589871986536
Delaware,4 wk ahead,Bin,percent,0.6,0.7, 0.00000000708851010096258014219
Delaware,4 wk ahead,Bin,percent,0.7,0.8, 0.00000000000170223492161888544
Delaware,4 wk ahead,Bin,percent,0.8,0.9, 0.00000000000000006664068095010
Delaware,4 wk ahead,Bin,percent,0.9,1, 0.00000000000000000056096478632
Delaware,4 wk ahead,Bin,percent,1,1.1, 0.00000000000000001054123262932
Delaware,4 wk ahead,Bin,percent,1.1,1.2, 0.00000000000000002090735504441
Delaware,4 wk ahead,Bin,percent,1.2,1.3, 0.00000000000000000916870562098
Delaware,4 wk ahead,Bin,percent,1.3,1.4, 0.00000000000000001816687768444
Delaware,4 wk ahead,Bin,percent,1.4,1.5, 0.00000000000049998376668790660
Delaware,4 wk ahead,Bin,percent,1.5,1.6, 0.00000000254519236246219588664
Delaware,4 wk ahead,Bin,percent,1.6,1.7, 0.00000215650634645651471856670
Delaware,4 wk ahead,Bin,percent,1.7,1.8, 0.00032595700536227663205238181
Delaware,4 wk ahead,Bin,percent,1.8,1.9, 0.00976942455775337351142617592
Delaware,4 wk ahead,Bin,percent,1.9,2, 0.06899094225951536707430733486
Delaware,4 wk ahead,Bin,percent,2,2.1, 0.15447390196241805870869256978
Delaware,4 wk ahead,Bin,percent,2.1,2.2, 0.15062130116508315458290212518
Delaware,4 wk ahead,Bin,percent,2.2,2.3, 0.05439756147289232651731438750
Delaware,4 wk ahead,Bin,percent,2.3,2.4, 0.00483948765380425634935468437
Delaware,4 wk ahead,Bin,percent,2.4,2.5, 0.00008446490769806010352228898
Delaware,4 wk ahead,Bin,percent,2.5,2.6, 0.00000026030581613498602519113
Delaware,4 wk ahead,Bin,percent,2.6,2.7, 0.00000072382701484444146133016
Delaware,4 wk ahead,Bin,percent,2.7,2.8, 0.00018960870772768363191375374
Delaware,4 wk ahead,Bin,percent,2.8,2.9, 0.00881337340430998067430934384
Delaware,4 wk ahead,Bin,percent,2.9,3, 0.07680528850667363294224543324
Delaware,4 wk ahead,Bin,percent,3,3.1, 0.13385452871227740412329865194
Delaware,4 wk ahead,Bin,percent,3.1,3.2, 0.04775583719604881843823207532
Delaware,4 wk ahead,Bin,percent,3.2,3.3, 0.00375765971066831542743424954
Delaware,4 wk ahead,Bin,percent,3.3,3.4, 0.00165996370193981571117269880
Delaware,4 wk ahead,Bin,percent,3.4,3.5, 0.00165996370193981571117269880
Delaware,4 wk ahead,Bin,percent,3.5,3.6, 0.00165996370193981571117269880
Delaware,4 wk ahead,Bin,percent,3.6,3.7, 0.00165996370193981571117269880
Delaware,4 wk ahead,Bin,percent,3.7,3.8, 0.00165996370193981571117269880
Delaware,4 wk ahead,Bin,percent,3.8,3.9, 0.00165996370193981571117269880
Delaware,4 wk ahead,Bin,percent,3.9,4, 0.00165996370193981571117269880
Delaware,4 wk ahead,Bin,percent,4,4.1, 0.00165996370193981571117269880
Delaware,4 wk ahead,Bin,percent,4.1,4.2, 0.00165996370193981571117269880
Delaware,4 wk ahead,Bin,percent,4.2,4.3, 0.00165996370193981571117269880
Delaware,4 wk ahead,Bin,percent,4.3,4.4, 0.00165996370193981571117269880
Delaware,4 wk ahead,Bin,percent,4.4,4.5, 0.00165996370193981571117269880
Delaware,4 wk ahead,Bin,percent,4.5,4.6, 0.00165996370193981571117269880
Delaware,4 wk ahead,Bin,percent,4.6,4.7, 0.00165996370193981571117269880
Delaware,4 wk ahead,Bin,percent,4.7,4.8, 0.00165996370193981571117269880
Delaware,4 wk ahead,Bin,percent,4.8,4.9, 0.00165996370193981571117269880
Delaware,4 wk ahead,Bin,percent,4.9,5, 0.00165996370193981571117269880
Delaware,4 wk ahead,Bin,percent,5,5.1, 0.00165996370193981571117269880
Delaware,4 wk ahead,Bin,percent,5.1,5.2, 0.00165996370193981571117269880
Delaware,4 wk ahead,Bin,percent,5.2,5.3, 0.00165996370193981571117269880
Delaware,4 wk ahead,Bin,percent,5.3,5.4, 0.00165996370193981571117269880
Delaware,4 wk ahead,Bin,percent,5.4,5.5, 0.00165996370193981571117269880
Delaware,4 wk ahead,Bin,percent,5.5,5.6, 0.00165996370193981571117269880
Delaware,4 wk ahead,Bin,percent,5.6,5.7, 0.00165996370193981571117269880
Delaware,4 wk ahead,Bin,percent,5.7,5.8, 0.00165996370193981571117269880
Delaware,4 wk ahead,Bin,percent,5.8,5.9, 0.00165996370193981571117269880
Delaware,4 wk ahead,Bin,percent,5.9,6, 0.00165996370193981571117269880
Delaware,4 wk ahead,Bin,percent,6,6.1, 0.00165996370193981571117269880
Delaware,4 wk ahead,Bin,percent,6.1,6.2, 0.00165996370193981571117269880
Delaware,4 wk ahead,Bin,percent,6.2,6.3, 0.00165996370193981571117269880
Delaware,4 wk ahead,Bin,percent,6.3,6.4, 0.00165996370193981571117269880
Delaware,4 wk ahead,Bin,percent,6.4,6.5, 0.00165996370193981571117269880
Delaware,4 wk ahead,Bin,percent,6.5,6.6, 0.00165996370193981571117269880
Delaware,4 wk ahead,Bin,percent,6.6,6.7, 0.00165996370193981571117269880
Delaware,4 wk ahead,Bin,percent,6.7,6.8, 0.00165996370193981571117269880
Delaware,4 wk ahead,Bin,percent,6.8,6.9, 0.00165996370193981571117269880
Delaware,4 wk ahead,Bin,percent,6.9,7, 0.00165996370193981571117269880
Delaware,4 wk ahead,Bin,percent,7,7.1, 0.00165996370193981571117269880
Delaware,4 wk ahead,Bin,percent,7.1,7.2, 0.00165996370193981571117269880
Delaware,4 wk ahead,Bin,percent,7.2,7.3, 0.00165996370193981571117269880
Delaware,4 wk ahead,Bin,percent,7.3,7.4, 0.00165996370193981571117269880
Delaware,4 wk ahead,Bin,percent,7.4,7.5, 0.00165996370193981571117269880
Delaware,4 wk ahead,Bin,percent,7.5,7.6, 0.00165996370193981571117269880
Delaware,4 wk ahead,Bin,percent,7.6,7.7, 0.00165996370193981571117269880
Delaware,4 wk ahead,Bin,percent,7.7,7.8, 0.00165996370193981571117269880
Delaware,4 wk ahead,Bin,percent,7.8,7.9, 0.00165996370193981571117269880
Delaware,4 wk ahead,Bin,percent,7.9,8, 0.00165996370193981571117269880
Delaware,4 wk ahead,Bin,percent,8,8.1, 0.00165996370193983023948181010
Delaware,4 wk ahead,Bin,percent,8.1,8.2, 0.00165996370193984520147179040
Delaware,4 wk ahead,Bin,percent,8.2,8.3, 0.00165996370193984520147179040
Delaware,4 wk ahead,Bin,percent,8.3,8.4, 0.00165996370193984520147179040
Delaware,4 wk ahead,Bin,percent,8.4,8.5, 0.00165996370193984520147179040
Delaware,4 wk ahead,Bin,percent,8.5,8.6, 0.00165996370193984520147179040
Delaware,4 wk ahead,Bin,percent,8.6,8.7, 0.00165996370193984520147179040
Delaware,4 wk ahead,Bin,percent,8.7,8.8, 0.00165996370193984520147179040
Delaware,4 wk ahead,Bin,percent,8.8,8.9, 0.00165996370193984520147179040
Delaware,4 wk ahead,Bin,percent,8.9,9, 0.00165996370193984520147179040
Delaware,4 wk ahead,Bin,percent,9,9.1, 0.00165996370193984520147179040
Delaware,4 wk ahead,Bin,percent,9.1,9.2, 0.00165996370193984520147179040
Delaware,4 wk ahead,Bin,percent,9.2,9.3, 0.00165996370193984520147179040
Delaware,4 wk ahead,Bin,percent,9.3,9.4, 0.00165996370193984520147179040
Delaware,4 wk ahead,Bin,percent,9.4,9.5, 0.00165996370193984520147179040
Delaware,4 wk ahead,Bin,percent,9.5,9.6, 0.00165996370193984520147179040
Delaware,4 wk ahead,Bin,percent,9.6,9.7, 0.00165996370193984520147179040
Delaware,4 wk ahead,Bin,percent,9.7,9.8, 0.00165996370193984520147179040
Delaware,4 wk ahead,Bin,percent,9.8,9.9, 0.00165996370193984520147179040
Delaware,4 wk ahead,Bin,percent,9.9,10, 0.00165996370193984520147179040
Delaware,4 wk ahead,Bin,percent,10,10.1, 0.00165996370193984520147179040
Delaware,4 wk ahead,Bin,percent,10.1,10.2, 0.00165996370193984520147179040
Delaware,4 wk ahead,Bin,percent,10.2,10.3, 0.00165996370193984520147179040
Delaware,4 wk ahead,Bin,percent,10.3,10.4, 0.00165996370193984520147179040
Delaware,4 wk ahead,Bin,percent,10.4,10.5, 0.00165996370193984520147179040
Delaware,4 wk ahead,Bin,percent,10.5,10.6, 0.00165996370193984520147179040
Delaware,4 wk ahead,Bin,percent,10.6,10.7, 0.00165996370193984520147179040
Delaware,4 wk ahead,Bin,percent,10.7,10.8, 0.00165996370193984520147179040
Delaware,4 wk ahead,Bin,percent,10.8,10.9, 0.00165996370193984520147179040
Delaware,4 wk ahead,Bin,percent,10.9,11, 0.00165996370193984520147179040
Delaware,4 wk ahead,Bin,percent,11,11.1, 0.00165996370193984520147179040
Delaware,4 wk ahead,Bin,percent,11.1,11.2, 0.00165996370193984520147179040
Delaware,4 wk ahead,Bin,percent,11.2,11.3, 0.00165996370193984520147179040
Delaware,4 wk ahead,Bin,percent,11.3,11.4, 0.00165996370193984520147179040
Delaware,4 wk ahead,Bin,percent,11.4,11.5, 0.00165996370193984520147179040
Delaware,4 wk ahead,Bin,percent,11.5,11.6, 0.00165996370193984520147179040
Delaware,4 wk ahead,Bin,percent,11.6,11.7, 0.00165996370193984520147179040
Delaware,4 wk ahead,Bin,percent,11.7,11.8, 0.00165996370193984520147179040
Delaware,4 wk ahead,Bin,percent,11.8,11.9, 0.00165996370193984520147179040
Delaware,4 wk ahead,Bin,percent,11.9,12, 0.00165996370193984520147179040
Delaware,4 wk ahead,Bin,percent,12,12.1, 0.00165996370193984520147179040
Delaware,4 wk ahead,Bin,percent,12.1,12.2, 0.00165996370193984520147179040
Delaware,4 wk ahead,Bin,percent,12.2,12.3, 0.00165996370193984520147179040
Delaware,4 wk ahead,Bin,percent,12.3,12.4, 0.00165996370193984520147179040
Delaware,4 wk ahead,Bin,percent,12.4,12.5, 0.00165996370193984520147179040
Delaware,4 wk ahead,Bin,percent,12.5,12.6, 0.00165996370193984520147179040
Delaware,4 wk ahead,Bin,percent,12.6,12.7, 0.00165996370193984520147179040
Delaware,4 wk ahead,Bin,percent,12.7,12.8, 0.00165996370193984520147179040
Delaware,4 wk ahead,Bin,percent,12.8,12.9, 0.00165996370193984520147179040
Delaware,4 wk ahead,Bin,percent,12.9,13, 0.00165996370193984520147179040
Delaware,4 wk ahead,Bin,percent,13,100, 0.00165996370193984520147179040
Connecticut,Season peak week,Bin,week,40,41, 0.00070625507380473340895976619
Connecticut,Season peak week,Bin,week,41,42, 0.00070625507380473340895976619
Connecticut,Season peak week,Bin,week,42,43, 0.00070625507380473340895976619
Connecticut,Season peak week,Bin,week,43,44, 0.00070625507380473340895976619
Connecticut,Season peak week,Bin,week,44,45, 0.00070625507380473340895976619
Connecticut,Season peak week,Bin,week,45,46, 0.00070625507380473340895976619
Connecticut,Season peak week,Bin,week,46,47, 0.00070625507380473340895976619
Connecticut,Season peak week,Bin,week,47,48, 0.00070625507380473340895976619
Connecticut,Season peak week,Bin,week,48,49, 0.00070625507380473340895976619
Connecticut,Season peak week,Bin,week,49,50, 0.00070625507380473340895976619
Connecticut,Season peak week,Bin,week,50,51, 0.00070625507380473340895976619
Connecticut,Season peak week,Bin,week,51,52, 0.00070625507380473340895976619
Connecticut,Season peak week,Bin,week,52,53, 0.00352731090970555966057631281
Connecticut,Season peak week,Bin,week,1,2, 0.02921873862542109095974396382
Connecticut,Season peak week,Bin,week,2,3, 0.05884634686399435599124529972
Connecticut,Season peak week,Bin,week,3,4, 0.02940222289956222895268567186
Connecticut,Season peak week,Bin,week,4,5, 0.01029663413293918465540865981
Connecticut,Season peak week,Bin,week,5,6, 0.06402275971924464847973013093
Connecticut,Season peak week,Bin,week,6,7, 0.19524654792069603970183777619
Connecticut,Season peak week,Bin,week,7,8, 0.27834276758405385177042035139
Connecticut,Season peak week,Bin,week,8,9, 0.22044838231143076834328553559
Connecticut,Season peak week,Bin,week,9,10, 0.07718766210104083258514151566
Connecticut,Season peak week,Bin,week,10,11, 0.00843235136203066178162135458
Connecticut,Season peak week,Bin,week,11,12, 0.00165532146842240586101513422
Connecticut,Season peak week,Bin,week,12,13, 0.00165532146842240586101513422
Connecticut,Season peak week,Bin,week,13,14, 0.00165532146842240586101513422
Connecticut,Season peak week,Bin,week,14,15, 0.00165532146842240586101513422
Connecticut,Season peak week,Bin,week,15,16, 0.00165532146842240586101513422
Connecticut,Season peak week,Bin,week,16,17, 0.00165532146842240586101513422
Connecticut,Season peak week,Bin,week,17,18, 0.00165532146842240586101513422
Connecticut,Season peak week,Bin,week,18,19, 0.00165532146842240586101513422
Connecticut,Season peak week,Bin,week,19,20, 0.00165532146842240586101513422
Connecticut,Season peak week,Bin,week,20,21, 0.00165532146842240586101513422
Connecticut,Season peak percentage,Bin,percent,0,0.1, 0.00430893473083053101663209006
Connecticut,Season peak percentage,Bin,percent,0.1,0.2, 0.00896961931482315351360501410
Connecticut,Season peak percentage,Bin,percent,0.2,0.3, 0.00944194596642589437096582117
Connecticut,Season peak percentage,Bin,percent,0.3,0.4, 0.00991674709158545282516872277
Connecticut,Season peak percentage,Bin,percent,0.4,0.5, 0.01039221242453275059758333043
Connecticut,Season peak percentage,Bin,percent,0.5,0.6, 0.01086647885653707450159810577
Connecticut,Season peak percentage,Bin,percent,0.6,0.7, 0.01133766340734237987319943386
Connecticut,Season peak percentage,Bin,percent,0.7,0.8, 0.01180386770823168771094024976
Connecticut,Season peak percentage,Bin,percent,0.8,0.9, 0.01226317658645800778849377366
Connecticut,Season peak percentage,Bin,percent,0.9,1, 0.01271356866779952896062688694
Connecticut,Season peak percentage,Bin,percent,1,1.1, 0.01315315870299558521916427623
Connecticut,Season peak percentage,Bin,percent,1.1,1.2, 0.01358019289850441804756719932
Connecticut,Season peak percentage,Bin,percent,1.2,1.3, 0.01399285643909815163299370511
Connecticut,Season peak percentage,Bin,percent,1.3,1.4, 0.01438934589998684503153736358
Connecticut,Season peak percentage,Bin,percent,1.4,1.5, 0.01476788413693050014408036930
Connecticut,Season peak percentage,Bin,percent,1.5,1.6, 0.01512687606116230529251787118
Connecticut,Season peak percentage,Bin,percent,1.6,1.7, 0.01546494317622226430386511709
Connecticut,Season peak percentage,Bin,percent,1.7,1.8, 0.01578071432181296987473650972
Connecticut,Season peak percentage,Bin,percent,1.8,1.9, 0.01607304972988947769363399232
Connecticut,Season peak percentage,Bin,percent,1.9,2, 0.01634043124034395555455034810
Connecticut,Season peak percentage,Bin,percent,2,2.1, 0.01658194202484918750029052603
Connecticut,Season peak percentage,Bin,percent,2.1,2.2, 0.01679685838252904794831721347
Connecticut,Season peak percentage,Bin,percent,2.2,2.3, 0.01698453291785311999873009370
Connecticut,Season peak percentage,Bin,percent,2.3,2.4, 0.01714424777525848722636858668
Connecticut,Season peak percentage,Bin,percent,2.4,2.5, 0.01727579670329985883636680910
Connecticut,Season peak percentage,Bin,percent,2.5,2.6, 0.01737827628083463485375581570
Connecticut,Season peak percentage,Bin,percent,2.6,2.7, 0.01745213674364929842819371686
Connecticut,Season peak percentage,Bin,percent,2.7,2.8, 0.01749729690311212920716954500
Connecticut,Season peak percentage,Bin,percent,2.8,2.9, 0.01751410921277552629193863254
Connecticut,Season peak percentage,Bin,percent,2.9,3, 0.01750253826359709705129397150
Connecticut,Season peak percentage,Bin,percent,3,3.1, 0.01746323060625036907578255807
Connecticut,Season peak percentage,Bin,percent,3.1,3.2, 0.01739656007163367656964680918
Connecticut,Season peak percentage,Bin,percent,3.2,3.3, 0.01730363591020048913415863012
Connecticut,Season peak percentage,Bin,percent,3.3,3.4, 0.01718512771171994829577656105
Connecticut,Season peak percentage,Bin,percent,3.4,3.5, 0.01704225001350217691409305587
Connecticut,Season peak percentage,Bin,percent,3.5,3.6, 0.01687542435386157543830698557
Connecticut,Season peak percentage,Bin,percent,3.6,3.7, 0.01668637103910225460978722367
Connecticut,Season peak percentage,Bin,percent,3.7,3.8, 0.01647612611467387522257155297
Connecticut,Season peak percentage,Bin,percent,3.8,3.9, 0.01624617516311941539663976641
Connecticut,Season peak percentage,Bin,percent,3.9,4, 0.01599771383183229422897397853
Connecticut,Season peak percentage,Bin,percent,4,4.1, 0.01573229932364748895334827239
Connecticut,Season peak percentage,Bin,percent,4.1,4.2, 0.01545100367075315575537963753
Connecticut,Season peak percentage,Bin,percent,4.2,4.3, 0.01515571415671750771236858668
Connecticut,Season peak percentage,Bin,percent,4.3,4.4, 0.01484772225855504439173682130
Connecticut,Season peak percentage,Bin,percent,4.4,4.5, 0.01452854820737927744878081882
Connecticut,Season peak percentage,Bin,percent,4.5,4.6, 0.01419948545552215078691116190
Connecticut,Season peak percentage,Bin,percent,4.6,4.7, 0.01386201336757900831608836256
Connecticut,Season peak percentage,Bin,percent,4.7,4.8, 0.01351744331449805831824040325
Connecticut,Season peak percentage,Bin,percent,4.8,4.9, 0.01316715801622963220862683187
Connecticut,Season peak percentage,Bin,percent,4.9,5, 0.01281234634361663390911267868
Connecticut,Season peak percentage,Bin,percent,5,5.1, 0.01245418147633274574825890113
Connecticut,Season peak percentage,Bin,percent,5.1,5.2, 0.01209372267482441802577408652
Connecticut,Season peak percentage,Bin,percent,5.2,5.3, 0.01173203136471637555993119406
Connecticut,Season peak percentage,Bin,percent,5.3,5.4, 0.01137002587740293044205053263
Connecticut,Season peak percentage,Bin,percent,5.4,5.5, 0.01100855490641510295302119005
Connecticut,Season peak percentage,Bin,percent,5.5,5.6, 0.01064838381748884309219160826
Connecticut,Season peak percentage,Bin,percent,5.6,5.7, 0.01029021037422119845550216866
Connecticut,Season peak percentage,Bin,percent,5.7,5.8, 0.00993466725341448850250536395
Connecticut,Season peak percentage,Bin,percent,5.8,5.9, 0.00958224841169038644983491082
Connecticut,Season peak percentage,Bin,percent,5.9,6, 0.00923343095840411728913998957
Connecticut,Season peak percentage,Bin,percent,6,6.1, 0.00888862197847125994065731192
Connecticut,Season peak percentage,Bin,percent,6.1,6.2, 0.00854820309503080862090218517
Connecticut,Season peak percentage,Bin,percent,6.2,6.3, 0.00821248046703198369966614223
Connecticut,Season peak percentage,Bin,percent,6.3,6.4, 0.00788169780613494526388951300
Connecticut,Season peak percentage,Bin,percent,6.4,6.5, 0.00755606506040306605959111508
Connecticut,Season peak percentage,Bin,percent,6.5,6.6, 0.00723577084761496940740199690
Connecticut,Season peak percentage,Bin,percent,6.6,6.7, 0.00692104794591538122899843088
Connecticut,Season peak percentage,Bin,percent,6.7,6.8, 0.00661209930341826856298181880
Connecticut,Season peak percentage,Bin,percent,6.8,6.9, 0.00630901915018330407269875337
Connecticut,Season peak percentage,Bin,percent,6.9,7, 0.00601195936925249911630952937
Connecticut,Season peak percentage,Bin,percent,7,7.1, 0.00572109506472228551698933074
Connecticut,Season peak percentage,Bin,percent,7.1,7.2, 0.00543653629942741911662551502
Connecticut,Season peak percentage,Bin,percent,7.2,7.3, 0.00515859580564170111527388940
Connecticut,Season peak percentage,Bin,percent,7.3,7.4, 0.00488732910437307630641123879
Connecticut,Season peak percentage,Bin,percent,7.4,7.5, 0.00462291484375489634961464702
Connecticut,Season peak percentage,Bin,percent,7.5,7.6, 0.00436549830076323353705847197
Connecticut,Season peak percentage,Bin,percent,7.6,7.7, 0.00411533261052129343410266316
Connecticut,Season peak percentage,Bin,percent,7.7,7.8, 0.00387255648876905309713203351
Connecticut,Season peak percentage,Bin,percent,7.8,7.9, 0.00363744277542606521749779525
Connecticut,Season peak percentage,Bin,percent,7.9,8, 0.00341004126604921558446603669
Connecticut,Season peak percentage,Bin,percent,8,8.1, 0.00319056195477207364674665513
Connecticut,Season peak percentage,Bin,percent,8.1,8.2, 0.00297907910492006518590746289
Connecticut,Season peak percentage,Bin,percent,8.2,8.3, 0.00277591303877098866809136624
Connecticut,Season peak percentage,Bin,percent,8.3,8.4, 0.00258104437159345154184642013
Connecticut,Season peak percentage,Bin,percent,8.4,8.5, 0.00239461533744577239127271362
Connecticut,Season peak percentage,Bin,percent,8.5,8.6, 0.00221661594366390863816707046
Connecticut,Season peak percentage,Bin,percent,8.6,8.7, 0.00204715111487244715016142749
Connecticut,Season peak percentage,Bin,percent,8.7,8.8, 0.00188614089246543110978127089
Connecticut,Season peak percentage,Bin,percent,8.8,8.9, 0.00173378547101902223681602067
Connecticut,Season peak percentage,Bin,percent,8.9,9, 0.00158979251872887997372452151
Connecticut,Season peak percentage,Bin,percent,9,9.1, 0.00145415898085657900075384763
Connecticut,Season peak percentage,Bin,percent,9.1,9.2, 0.00132670140371916639616955980
Connecticut,Season peak percentage,Bin,percent,9.2,9.3, 0.00120736064243415403864079227
Connecticut,Season peak percentage,Bin,percent,9.3,9.4, 0.00109591035074427440611233298
Connecticut,Season peak percentage,Bin,percent,9.4,9.5, 0.00099219815942922190248054459
Connecticut,Season peak percentage,Bin,percent,9.5,9.6, 0.00089586788107322084476896729
Connecticut,Season peak percentage,Bin,percent,9.6,9.7, 0.00080671766669002326413662196
Connecticut,Season peak percentage,Bin,percent,9.7,9.8, 0.00072442171196883192122589756
Connecticut,Season peak percentage,Bin,percent,9.8,9.9, 0.00064883008829276207860697889
Connecticut,Season peak percentage,Bin,percent,9.9,10, 0.00057949061540988407344177080
Connecticut,Season peak percentage,Bin,percent,10,10.1, 0.00051613311495280356916426356
Connecticut,Season peak percentage,Bin,percent,10.1,10.2, 0.00045838432030809525422401784
Connecticut,Season peak percentage,Bin,percent,10.2,10.3, 0.00040594097276644441505896732
Connecticut,Season peak percentage,Bin,percent,10.3,10.4, 0.00035846839831161971413192591
Connecticut,Season peak percentage,Bin,percent,10.4,10.5, 0.00031569467886640394495637030
Connecticut,Season peak percentage,Bin,percent,10.5,10.6, 0.00027719297444157018402849380
Connecticut,Season peak percentage,Bin,percent,10.6,10.7, 0.00024267736007406191041553545
Connecticut,Season peak percentage,Bin,percent,10.7,10.8, 0.00021182859227536859317471418
Connecticut,Season peak percentage,Bin,percent,10.8,10.9, 0.00018436749437926756379005355
Connecticut,Season peak percentage,Bin,percent,10.9,11, 0.00016000706221862623498605749
Connecticut,Season peak percentage,Bin,percent,11,11.1, 0.00013846113751368144630972401
Connecticut,Season peak percentage,Bin,percent,11.1,11.2, 0.00011945072774026072937644111
Connecticut,Season peak percentage,Bin,percent,11.2,11.3, 0.00010273423773141080622174626
Connecticut,Season peak percentage,Bin,percent,11.3,11.4, 0.00008809450896295188974862572
Connecticut,Season peak percentage,Bin,percent,11.4,11.5, 0.00007532857359088025869190558
Connecticut,Season peak percentage,Bin,percent,11.5,11.6, 0.00006421769194451978739202058
Connecticut,Season peak percentage,Bin,percent,11.6,11.7, 0.00005457822191764068143690625
Connecticut,Season peak percentage,Bin,percent,11.7,11.8, 0.00004624385000733395286245941
Connecticut,Season peak percentage,Bin,percent,11.8,11.9, 0.00004189266443231416550772167
Connecticut,Season peak percentage,Bin,percent,11.9,12, 0.00004186916426782353434742079
Connecticut,Season peak percentage,Bin,percent,12,12.1, 0.00004186916426782353434742079
Connecticut,Season peak percentage,Bin,percent,12.1,12.2, 0.00004186916426782353434742079
Connecticut,Season peak percentage,Bin,percent,12.2,12.3, 0.00004186916426782353434742079
Connecticut,Season peak percentage,Bin,percent,12.3,12.4, 0.00004186916426782353434742079
Connecticut,Season peak percentage,Bin,percent,12.4,12.5, 0.00004186916426782353434742079
Connecticut,Season peak percentage,Bin,percent,12.5,12.6, 0.00004186916426782353434742079
Connecticut,Season peak percentage,Bin,percent,12.6,12.7, 0.00004186916426782353434742079
Connecticut,Season peak percentage,Bin,percent,12.7,12.8, 0.00004186916426782353434742079
Connecticut,Season peak percentage,Bin,percent,12.8,12.9, 0.00004186916426782353434742079
Connecticut,Season peak percentage,Bin,percent,12.9,13, 0.00004186916426782353434742079
Connecticut,Season peak percentage,Bin,percent,13,100, 0.00004186916426782353434742079
Connecticut,1 wk ahead,Bin,percent,0,0.1, 0.00812231764302638603592043864
Connecticut,1 wk ahead,Bin,percent,0.1,0.2, 0.01763266645307267482811752757
Connecticut,1 wk ahead,Bin,percent,0.2,0.3, 0.01950111761708711588525488878
Connecticut,1 wk ahead,Bin,percent,0.3,0.4, 0.02136188964869440570781833344
Connecticut,1 wk ahead,Bin,percent,0.4,0.5, 0.02317948762402973969520836306
Connecticut,1 wk ahead,Bin,percent,0.5,0.6, 0.02491618950498726559050766127
Connecticut,1 wk ahead,Bin,percent,0.6,0.7, 0.02653366338433906651550486799
Connecticut,1 wk ahead,Bin,percent,0.7,0.8, 0.02799385950204720877043662597
Connecticut,1 wk ahead,Bin,percent,0.8,0.9, 0.02926143277038271983681028132
Connecticut,1 wk ahead,Bin,percent,0.9,1, 0.03030367857292132205415668977
Connecticut,1 wk ahead,Bin,percent,1,1.1, 0.03109369286326909079254399160
Connecticut,1 wk ahead,Bin,percent,1.1,1.2, 0.03161159799953005417050277970
Connecticut,1 wk ahead,Bin,percent,1.2,1.3, 0.03184553613696872870209020334
Connecticut,1 wk ahead,Bin,percent,1.3,1.4, 0.03179277759606766867728211423
Connecticut,1 wk ahead,Bin,percent,1.4,1.5, 0.03146013606012443980519677211
Connecticut,1 wk ahead,Bin,percent,1.5,1.6, 0.03086539323220437863737330986
Connecticut,1 wk ahead,Bin,percent,1.6,1.7, 0.03003469794120511640600490466
Connecticut,1 wk ahead,Bin,percent,1.7,1.8, 0.02900321392843258072602452557
Connecticut,1 wk ahead,Bin,percent,1.8,1.9, 0.02781182002502671085641949844
Connecticut,1 wk ahead,Bin,percent,1.9,2, 0.02650679482664100930500161724
Connecticut,1 wk ahead,Bin,percent,2,2.1, 0.02513571520480740659198026776
Connecticut,1 wk ahead,Bin,percent,2.1,2.2, 0.02374574084950296926077584203
Connecticut,1 wk ahead,Bin,percent,2.2,2.3, 0.02238094801143727247128012436
Connecticut,1 wk ahead,Bin,percent,2.3,2.4, 0.02108010759168996856027789022
Connecticut,1 wk ahead,Bin,percent,2.4,2.5, 0.01987475987517289821582266995
Connecticut,1 wk ahead,Bin,percent,2.5,2.6, 0.01878823606293129194755309186
Connecticut,1 wk ahead,Bin,percent,2.6,2.7, 0.01783520574416339390944052923
Connecticut,1 wk ahead,Bin,percent,2.7,2.8, 0.01702137432986706652715547250
Connecticut,1 wk ahead,Bin,percent,2.8,2.9, 0.01634377332978269314889274710
Connecticut,1 wk ahead,Bin,percent,2.9,3, 0.01579294126793982788736769862
Connecticut,1 wk ahead,Bin,percent,3,3.1, 0.01535312487347660626024747899
Connecticut,1 wk ahead,Bin,percent,3.1,3.2, 0.01500448501996893418963807676
Connecticut,1 wk ahead,Bin,percent,3.2,3.3, 0.01472419678008741496244571323
Connecticut,1 wk ahead,Bin,percent,3.3,3.4, 0.01448862160176214025630869742
Connecticut,1 wk ahead,Bin,percent,3.4,3.5, 0.01427409398753607880361293780
Connecticut,1 wk ahead,Bin,percent,3.5,3.6, 0.01405834998126180741817581321
Connecticut,1 wk ahead,Bin,percent,3.6,3.7, 0.01382142920857015039315385252
Connecticut,1 wk ahead,Bin,percent,3.7,3.8, 0.01354644158838241851938732907
Connecticut,1 wk ahead,Bin,percent,3.8,3.9, 0.01321990478401175242439968827
Connecticut,1 wk ahead,Bin,percent,3.9,4, 0.01283222976440550645860216861
Connecticut,1 wk ahead,Bin,percent,4,4.1, 0.01237765277535977578859949233
Connecticut,1 wk ahead,Bin,percent,4.1,4.2, 0.01185464574076385349532536395
Connecticut,1 wk ahead,Bin,percent,4.2,4.3, 0.01126501458898103782968469488
Connecticut,1 wk ahead,Bin,percent,4.3,4.4, 0.01061437478993456848264109738
Connecticut,1 wk ahead,Bin,percent,4.4,4.5, 0.00991116473726651008024912670
Connecticut,1 wk ahead,Bin,percent,4.5,4.6, 0.00916653720775516094032564496
Connecticut,1 wk ahead,Bin,percent,4.6,4.7, 0.00839321525772280911670275572
Connecticut,1 wk ahead,Bin,percent,4.7,4.8, 0.00760525513438577768082771158
Connecticut,1 wk ahead,Bin,percent,4.8,4.9, 0.00681703782792130071055414220
Connecticut,1 wk ahead,Bin,percent,4.9,5, 0.00604257590841741996229297129
Connecticut,1 wk ahead,Bin,percent,5,5.1, 0.00529486343397699444485171583
Connecticut,1 wk ahead,Bin,percent,5.1,5.2, 0.00458534162413027149285404960
Connecticut,1 wk ahead,Bin,percent,5.2,5.3, 0.00392337102457540956579329361
Connecticut,1 wk ahead,Bin,percent,5.3,5.4, 0.00331605497313857506755385707
Connecticut,1 wk ahead,Bin,percent,5.4,5.5, 0.00276789550215433399066311537
Connecticut,1 wk ahead,Bin,percent,5.5,5.6, 0.00228131729285607374665967306
Connecticut,1 wk ahead,Bin,percent,5.6,5.7, 0.00185627736865947548690336522
Connecticut,1 wk ahead,Bin,percent,5.7,5.8, 0.00149099062640153825869127058
Connecticut,1 wk ahead,Bin,percent,5.8,5.9, 0.00118189628545584970130410962
Connecticut,1 wk ahead,Bin,percent,5.9,6, 0.00092460268201495921912974607
Connecticut,1 wk ahead,Bin,percent,6,6.1, 0.00071375158929469723154831451
Connecticut,1 wk ahead,Bin,percent,6.1,6.2, 0.00054363842361969990767817107
Connecticut,1 wk ahead,Bin,percent,6.2,6.3, 0.00040848376358603013863354803
Connecticut,1 wk ahead,Bin,percent,6.3,6.4, 0.00030279668026781053971618896
Connecticut,1 wk ahead,Bin,percent,6.4,6.5, 0.00022143725041382582535524903
Connecticut,1 wk ahead,Bin,percent,6.5,6.6, 0.00015972203110610439999450527
Connecticut,1 wk ahead,Bin,percent,6.6,6.7, 0.00011363897593206119670476012
Connecticut,1 wk ahead,Bin,percent,6.7,6.8, 0.00008973821690797756877276681
Connecticut,1 wk ahead,Bin,percent,6.8,6.9, 0.00008925500159023365333733208
Connecticut,1 wk ahead,Bin,percent,6.9,7, 0.00008925500159023365333733208
Connecticut,1 wk ahead,Bin,percent,7,7.1, 0.00008925500159023365333733208
Connecticut,1 wk ahead,Bin,percent,7.1,7.2, 0.00008925500159023365333733208
Connecticut,1 wk ahead,Bin,percent,7.2,7.3, 0.00008925500159023365333733208
Connecticut,1 wk ahead,Bin,percent,7.3,7.4, 0.00008925500159023365333733208
Connecticut,1 wk ahead,Bin,percent,7.4,7.5, 0.00008925500159023365333733208
Connecticut,1 wk ahead,Bin,percent,7.5,7.6, 0.00008925500159023365333733208
Connecticut,1 wk ahead,Bin,percent,7.6,7.7, 0.00008925500159023365333733208
Connecticut,1 wk ahead,Bin,percent,7.7,7.8, 0.00008925500159023365333733208
Connecticut,1 wk ahead,Bin,percent,7.8,7.9, 0.00008925500159023365333733208
Connecticut,1 wk ahead,Bin,percent,7.9,8, 0.00008925500159023365333733208
Connecticut,1 wk ahead,Bin,percent,8,8.1, 0.00008925500159023445293643428
Connecticut,1 wk ahead,Bin,percent,8.1,8.2, 0.00008925500159023525253553649
Connecticut,1 wk ahead,Bin,percent,8.2,8.3, 0.00008925500159023525253553649
Connecticut,1 wk ahead,Bin,percent,8.3,8.4, 0.00008925500159023525253553649
Connecticut,1 wk ahead,Bin,percent,8.4,8.5, 0.00008925500159023525253553649
Connecticut,1 wk ahead,Bin,percent,8.5,8.6, 0.00008925500159023525253553649
Connecticut,1 wk ahead,Bin,percent,8.6,8.7, 0.00008925500159023525253553649
Connecticut,1 wk ahead,Bin,percent,8.7,8.8, 0.00008925500159023525253553649
Connecticut,1 wk ahead,Bin,percent,8.8,8.9, 0.00008925500159023525253553649
Connecticut,1 wk ahead,Bin,percent,8.9,9, 0.00008925500159023525253553649
Connecticut,1 wk ahead,Bin,percent,9,9.1, 0.00008925500159023525253553649
Connecticut,1 wk ahead,Bin,percent,9.1,9.2, 0.00008925500159023525253553649
Connecticut,1 wk ahead,Bin,percent,9.2,9.3, 0.00008925500159023525253553649
Connecticut,1 wk ahead,Bin,percent,9.3,9.4, 0.00008925500159023525253553649
Connecticut,1 wk ahead,Bin,percent,9.4,9.5, 0.00008925500159023525253553649
Connecticut,1 wk ahead,Bin,percent,9.5,9.6, 0.00008925500159023525253553649
Connecticut,1 wk ahead,Bin,percent,9.6,9.7, 0.00008925500159023525253553649
Connecticut,1 wk ahead,Bin,percent,9.7,9.8, 0.00008925500159023525253553649
Connecticut,1 wk ahead,Bin,percent,9.8,9.9, 0.00008925500159023525253553649
Connecticut,1 wk ahead,Bin,percent,9.9,10, 0.00008925500159023525253553649
Connecticut,1 wk ahead,Bin,percent,10,10.1, 0.00008925500159023525253553649
Connecticut,1 wk ahead,Bin,percent,10.1,10.2, 0.00008925500159023525253553649
Connecticut,1 wk ahead,Bin,percent,10.2,10.3, 0.00008925500159023525253553649
Connecticut,1 wk ahead,Bin,percent,10.3,10.4, 0.00008925500159023525253553649
Connecticut,1 wk ahead,Bin,percent,10.4,10.5, 0.00008925500159023525253553649
Connecticut,1 wk ahead,Bin,percent,10.5,10.6, 0.00008925500159023525253553649
Connecticut,1 wk ahead,Bin,percent,10.6,10.7, 0.00008925500159023525253553649
Connecticut,1 wk ahead,Bin,percent,10.7,10.8, 0.00008925500159023525253553649
Connecticut,1 wk ahead,Bin,percent,10.8,10.9, 0.00008925500159023525253553649
Connecticut,1 wk ahead,Bin,percent,10.9,11, 0.00008925500159023525253553649
Connecticut,1 wk ahead,Bin,percent,11,11.1, 0.00008925500159023525253553649
Connecticut,1 wk ahead,Bin,percent,11.1,11.2, 0.00008925500159023525253553649
Connecticut,1 wk ahead,Bin,percent,11.2,11.3, 0.00008925500159023525253553649
Connecticut,1 wk ahead,Bin,percent,11.3,11.4, 0.00008925500159023525253553649
Connecticut,1 wk ahead,Bin,percent,11.4,11.5, 0.00008925500159023525253553649
Connecticut,1 wk ahead,Bin,percent,11.5,11.6, 0.00008925500159023525253553649
Connecticut,1 wk ahead,Bin,percent,11.6,11.7, 0.00008925500159023525253553649
Connecticut,1 wk ahead,Bin,percent,11.7,11.8, 0.00008925500159023525253553649
Connecticut,1 wk ahead,Bin,percent,11.8,11.9, 0.00008925500159023525253553649
Connecticut,1 wk ahead,Bin,percent,11.9,12, 0.00008925500159023525253553649
Connecticut,1 wk ahead,Bin,percent,12,12.1, 0.00008925500159023525253553649
Connecticut,1 wk ahead,Bin,percent,12.1,12.2, 0.00008925500159023525253553649
Connecticut,1 wk ahead,Bin,percent,12.2,12.3, 0.00008925500159023525253553649
Connecticut,1 wk ahead,Bin,percent,12.3,12.4, 0.00008925500159023525253553649
Connecticut,1 wk ahead,Bin,percent,12.4,12.5, 0.00008925500159023525253553649
Connecticut,1 wk ahead,Bin,percent,12.5,12.6, 0.00008925500159023525253553649
Connecticut,1 wk ahead,Bin,percent,12.6,12.7, 0.00008925500159023525253553649
Connecticut,1 wk ahead,Bin,percent,12.7,12.8, 0.00008925500159023525253553649
Connecticut,1 wk ahead,Bin,percent,12.8,12.9, 0.00008925500159023525253553649
Connecticut,1 wk ahead,Bin,percent,12.9,13, 0.00008925500159023525253553649
Connecticut,1 wk ahead,Bin,percent,13,100, 0.00008925500159023525253553649
Connecticut,2 wk ahead,Bin,percent,0,0.1, 0.00756788318169133826518457653
Connecticut,2 wk ahead,Bin,percent,0.1,0.2, 0.01589798439738398724840884313
Connecticut,2 wk ahead,Bin,percent,0.2,0.3, 0.01690117470668652671639264895
Connecticut,2 wk ahead,Bin,percent,0.3,0.4, 0.01788046050878112566695499197
Connecticut,2 wk ahead,Bin,percent,0.4,0.5, 0.01882703656080784299087227396
Connecticut,2 wk ahead,Bin,percent,0.5,0.6, 0.01973163261893631087451339567
Connecticut,2 wk ahead,Bin,percent,0.6,0.7, 0.02058651396050304588358770275
Connecticut,2 wk ahead,Bin,percent,0.7,0.8, 0.02138338983304221771475361891
Connecticut,2 wk ahead,Bin,percent,0.8,0.9, 0.02211561114380394127421070039
Connecticut,2 wk ahead,Bin,percent,0.9,1, 0.02277675802566655333114553628
Connecticut,2 wk ahead,Bin,percent,1,1.1, 0.02336131928256125062093317979
Connecticut,2 wk ahead,Bin,percent,1.1,1.2, 0.02386509494531808411865725361
Connecticut,2 wk ahead,Bin,percent,1.2,1.3, 0.02428384619896604978972476374
Connecticut,2 wk ahead,Bin,percent,1.3,1.4, 0.02461564145168545006403526543
Connecticut,2 wk ahead,Bin,percent,1.4,1.5, 0.02485783660786521770402757170
Connecticut,2 wk ahead,Bin,percent,1.5,1.6, 0.02501040049745676882575473599
Connecticut,2 wk ahead,Bin,percent,1.6,1.7, 0.02507244328838345928667230567
Connecticut,2 wk ahead,Bin,percent,1.7,1.8, 0.02504560308910704774509881076
Connecticut,2 wk ahead,Bin,percent,1.8,1.9, 0.02493095695991796867385659198
Connecticut,2 wk ahead,Bin,percent,1.9,2, 0.02473141736414282212952464590
Connecticut,2 wk ahead,Bin,percent,2,2.1, 0.02445020581226904285432333097
Connecticut,2 wk ahead,Bin,percent,2.1,2.2, 0.02409128522756295159856776422
Connecticut,2 wk ahead,Bin,percent,2.2,2.3, 0.02365993869119208808937671051
Connecticut,2 wk ahead,Bin,percent,2.3,2.4, 0.02316109940781255899233670448
Connecticut,2 wk ahead,Bin,percent,2.4,2.5, 0.02260184110947652952328112974
Connecticut,2 wk ahead,Bin,percent,2.5,2.6, 0.02198830288375617364460268277
Connecticut,2 wk ahead,Bin,percent,2.6,2.7, 0.02132848878683079110740727913
Connecticut,2 wk ahead,Bin,percent,2.7,2.8, 0.02062992506075669169041120199
Connecticut,2 wk ahead,Bin,percent,2.8,2.9, 0.01990087158639177247754226130
Connecticut,2 wk ahead,Bin,percent,2.9,3, 0.01914979891460201130715113038
Connecticut,2 wk ahead,Bin,percent,3,3.1, 0.01838494949450815083014099116
Connecticut,2 wk ahead,Bin,percent,3.1,3.2, 0.01761472493826329518973317079
Connecticut,2 wk ahead,Bin,percent,3.2,3.3, 0.01684706668746581773032922058
Connecticut,2 wk ahead,Bin,percent,3.3,3.4, 0.01608941356176746273476396709
Connecticut,2 wk ahead,Bin,percent,3.4,3.5, 0.01534876458545474109396167250
Connecticut,2 wk ahead,Bin,percent,3.5,3.6, 0.01463101321085394888876773933
Connecticut,2 wk ahead,Bin,percent,3.6,3.7, 0.01394142139794000284647168542
Connecticut,2 wk ahead,Bin,percent,3.7,3.8, 0.01328400159034610721053848437
Connecticut,2 wk ahead,Bin,percent,3.8,3.9, 0.01266168335454125395966862300
Connecticut,2 wk ahead,Bin,percent,3.9,4, 0.01207644712495877306612790392
Connecticut,2 wk ahead,Bin,percent,4,4.1, 0.01152867875347672772801121965
Connecticut,2 wk ahead,Bin,percent,4.1,4.2, 0.01101825668221628751197727070
Connecticut,2 wk ahead,Bin,percent,4.2,4.3, 0.01054334434255521125989307762
Connecticut,2 wk ahead,Bin,percent,4.3,4.4, 0.01010187036952877800977113054
Connecticut,2 wk ahead,Bin,percent,4.4,4.5, 0.00969037556978669285812078016
Connecticut,2 wk ahead,Bin,percent,4.5,4.6, 0.00930535644541411952057607948
Connecticut,2 wk ahead,Bin,percent,4.6,4.7, 0.00894247208517033771724147329
Connecticut,2 wk ahead,Bin,percent,4.7,4.8, 0.00859742004640839767304338892
Connecticut,2 wk ahead,Bin,percent,4.8,4.9, 0.00826583368319725071693415686
Connecticut,2 wk ahead,Bin,percent,4.9,5, 0.00794343092456437603610108766
Connecticut,2 wk ahead,Bin,percent,5,5.1, 0.00762642219750729426219759688
Connecticut,2 wk ahead,Bin,percent,5.1,5.2, 0.00731136704607196919597500440
Connecticut,2 wk ahead,Bin,percent,5.2,5.3, 0.00699548620260689781730212289
Connecticut,2 wk ahead,Bin,percent,5.3,5.4, 0.00667668137055213873481962494
Connecticut,2 wk ahead,Bin,percent,5.4,5.5, 0.00635354506372657126811454020
Connecticut,2 wk ahead,Bin,percent,5.5,5.6, 0.00602541277270354086459391851
Connecticut,2 wk ahead,Bin,percent,5.6,5.7, 0.00569234981855855273064070943
Connecticut,2 wk ahead,Bin,percent,5.7,5.8, 0.00535501315838111252576325683
Connecticut,2 wk ahead,Bin,percent,5.8,5.9, 0.00501470422856638460562539450
Connecticut,2 wk ahead,Bin,percent,5.9,6, 0.00467313985879220118030419329
Connecticut,2 wk ahead,Bin,percent,6,6.1, 0.00433241870090740350401903314
Connecticut,2 wk ahead,Bin,percent,6.1,6.2, 0.00399490459750243866177132901
Connecticut,2 wk ahead,Bin,percent,6.2,6.3, 0.00366301374411925721730209915
Connecticut,2 wk ahead,Bin,percent,6.3,6.4, 0.00333926970223450249666830025
Connecticut,2 wk ahead,Bin,percent,6.4,6.5, 0.00302599746792424567978785355
Connecticut,2 wk ahead,Bin,percent,6.5,6.6, 0.00272539768363131524805953454
Connecticut,2 wk ahead,Bin,percent,6.6,6.7, 0.00243941842251614322140129687
Connecticut,2 wk ahead,Bin,percent,6.7,6.8, 0.00216958901315184547742287435
Connecticut,2 wk ahead,Bin,percent,6.8,6.9, 0.00191730435818184084123538824
Connecticut,2 wk ahead,Bin,percent,6.9,7, 0.00168326687097404299048308829
Connecticut,2 wk ahead,Bin,percent,7,7.1, 0.00146819848976045700186809917
Connecticut,2 wk ahead,Bin,percent,7.1,7.2, 0.00127203727805882504768575370
Connecticut,2 wk ahead,Bin,percent,7.2,7.3, 0.00109481119200486231787805558
Connecticut,2 wk ahead,Bin,percent,7.3,7.4, 0.00093592198315965539900940229
Connecticut,2 wk ahead,Bin,percent,7.4,7.5, 0.00079467268649006201838846941
Connecticut,2 wk ahead,Bin,percent,7.5,7.6, 0.00067022571985004923949408306
Connecticut,2 wk ahead,Bin,percent,7.6,7.7, 0.00056134211188073736102654987
Connecticut,2 wk ahead,Bin,percent,7.7,7.8, 0.00046701194618769625941517853
Connecticut,2 wk ahead,Bin,percent,7.8,7.9, 0.00038580589623360769671936432
Connecticut,2 wk ahead,Bin,percent,7.9,8, 0.00031658056783093587111324596
Connecticut,2 wk ahead,Bin,percent,8,8.1, 0.00025796315454522421653504871
Connecticut,2 wk ahead,Bin,percent,8.1,8.2, 0.00020875816990029781952155352
Connecticut,2 wk ahead,Bin,percent,8.2,8.3, 0.00016777403235112818839953885
Connecticut,2 wk ahead,Bin,percent,8.3,8.4, 0.00013389229317131012960903624
Connecticut,2 wk ahead,Bin,percent,8.4,8.5, 0.00010613065697193138051286632
Connecticut,2 wk ahead,Bin,percent,8.5,8.6, 0.00008352404510751243341213496
Connecticut,2 wk ahead,Bin,percent,8.6,8.7, 0.00006633698864049229022496479
Connecticut,2 wk ahead,Bin,percent,8.7,8.8, 0.00006302326266977573750865949
Connecticut,2 wk ahead,Bin,percent,8.8,8.9, 0.00006302326266977573750865949
Connecticut,2 wk ahead,Bin,percent,8.9,9, 0.00006302326266977573750865949
Connecticut,2 wk ahead,Bin,percent,9,9.1, 0.00006302326266977573750865949
Connecticut,2 wk ahead,Bin,percent,9.1,9.2, 0.00006302326266977573750865949
Connecticut,2 wk ahead,Bin,percent,9.2,9.3, 0.00006302326266977573750865949
Connecticut,2 wk ahead,Bin,percent,9.3,9.4, 0.00006302326266977573750865949
Connecticut,2 wk ahead,Bin,percent,9.4,9.5, 0.00006302326266977573750865949
Connecticut,2 wk ahead,Bin,percent,9.5,9.6, 0.00006302326266977573750865949
Connecticut,2 wk ahead,Bin,percent,9.6,9.7, 0.00006302326266977573750865949
Connecticut,2 wk ahead,Bin,percent,9.7,9.8, 0.00006302326266977573750865949
Connecticut,2 wk ahead,Bin,percent,9.8,9.9, 0.00006302326266977573750865949
Connecticut,2 wk ahead,Bin,percent,9.9,10, 0.00006302326266977573750865949
Connecticut,2 wk ahead,Bin,percent,10,10.1, 0.00006302326266977573750865949
Connecticut,2 wk ahead,Bin,percent,10.1,10.2, 0.00006302326266977573750865949
Connecticut,2 wk ahead,Bin,percent,10.2,10.3, 0.00006302326266977573750865949
Connecticut,2 wk ahead,Bin,percent,10.3,10.4, 0.00006302326266977573750865949
Connecticut,2 wk ahead,Bin,percent,10.4,10.5, 0.00006302326266977573750865949
Connecticut,2 wk ahead,Bin,percent,10.5,10.6, 0.00006302326266977573750865949
Connecticut,2 wk ahead,Bin,percent,10.6,10.7, 0.00006302326266977573750865949
Connecticut,2 wk ahead,Bin,percent,10.7,10.8, 0.00006302326266977573750865949
Connecticut,2 wk ahead,Bin,percent,10.8,10.9, 0.00006302326266977573750865949
Connecticut,2 wk ahead,Bin,percent,10.9,11, 0.00006302326266977573750865949
Connecticut,2 wk ahead,Bin,percent,11,11.1, 0.00006302326266977573750865949
Connecticut,2 wk ahead,Bin,percent,11.1,11.2, 0.00006302326266977573750865949
Connecticut,2 wk ahead,Bin,percent,11.2,11.3, 0.00006302326266977573750865949
Connecticut,2 wk ahead,Bin,percent,11.3,11.4, 0.00006302326266977573750865949
Connecticut,2 wk ahead,Bin,percent,11.4,11.5, 0.00006302326266977573750865949
Connecticut,2 wk ahead,Bin,percent,11.5,11.6, 0.00006302326266977573750865949
Connecticut,2 wk ahead,Bin,percent,11.6,11.7, 0.00006302326266977573750865949
Connecticut,2 wk ahead,Bin,percent,11.7,11.8, 0.00006302326266977573750865949
Connecticut,2 wk ahead,Bin,percent,11.8,11.9, 0.00006302326266977573750865949
Connecticut,2 wk ahead,Bin,percent,11.9,12, 0.00006302326266977573750865949
Connecticut,2 wk ahead,Bin,percent,12,12.1, 0.00006302326266977573750865949
Connecticut,2 wk ahead,Bin,percent,12.1,12.2, 0.00006302326266977573750865949
Connecticut,2 wk ahead,Bin,percent,12.2,12.3, 0.00006302326266977573750865949
Connecticut,2 wk ahead,Bin,percent,12.3,12.4, 0.00006302326266977573750865949
Connecticut,2 wk ahead,Bin,percent,12.4,12.5, 0.00006302326266977573750865949
Connecticut,2 wk ahead,Bin,percent,12.5,12.6, 0.00006302326266977573750865949
Connecticut,2 wk ahead,Bin,percent,12.6,12.7, 0.00006302326266977573750865949
Connecticut,2 wk ahead,Bin,percent,12.7,12.8, 0.00006302326266977573750865949
Connecticut,2 wk ahead,Bin,percent,12.8,12.9, 0.00006302326266977573750865949
Connecticut,2 wk ahead,Bin,percent,12.9,13, 0.00006302326266977573750865949
Connecticut,2 wk ahead,Bin,percent,13,100, 0.00006302326266977573750865949
Connecticut,3 wk ahead,Bin,percent,0,0.1, 0.00560171462047090625013812115
Connecticut,3 wk ahead,Bin,percent,0.1,0.2, 0.01169271591076841490530746626
Connecticut,3 wk ahead,Bin,percent,0.2,0.3, 0.01234380601790653446403478455
Connecticut,3 wk ahead,Bin,percent,0.3,0.4, 0.01299106897617625065721735922
Connecticut,3 wk ahead,Bin,percent,0.4,0.5, 0.01363208810839707484097171886
Connecticut,3 wk ahead,Bin,percent,0.5,0.6, 0.01426445462113386415670124308
Connecticut,3 wk ahead,Bin,percent,0.6,0.7, 0.01488603974342749686199383063
Connecticut,3 wk ahead,Bin,percent,0.7,0.8, 0.01549481482769262015442013336
Connecticut,3 wk ahead,Bin,percent,0.8,0.9, 0.01608866525664023536257296598
Connecticut,3 wk ahead,Bin,percent,0.9,1, 0.01666583373949041824158001646
Connecticut,3 wk ahead,Bin,percent,1,1.1, 0.01722437366167698866159518900
Connecticut,3 wk ahead,Bin,percent,1.1,1.2, 0.01776234910760793664352696908
Connecticut,3 wk ahead,Bin,percent,1.2,1.3, 0.01827804776130780017862065279
Connecticut,3 wk ahead,Bin,percent,1.3,1.4, 0.01876921481342643666101466238
Connecticut,3 wk ahead,Bin,percent,1.4,1.5, 0.01923391970688912572251538791
Connecticut,3 wk ahead,Bin,percent,1.5,1.6, 0.01967009189487967449339045345
Connecticut,3 wk ahead,Bin,percent,1.6,1.7, 0.02007505910142172098065138641
Connecticut,3 wk ahead,Bin,percent,1.7,1.8, 0.02044677010148543763734529932
Connecticut,3 wk ahead,Bin,percent,1.8,1.9, 0.02078249772460271510565732456
Connecticut,3 wk ahead,Bin,percent,1.9,2, 0.02107961607834643591452561395
Connecticut,3 wk ahead,Bin,percent,2,2.1, 0.02133592333351941663921458314
Connecticut,3 wk ahead,Bin,percent,2.1,2.2, 0.02154844624247904266711728383
Connecticut,3 wk ahead,Bin,percent,2.2,2.3, 0.02171498706039210954688023492
Connecticut,3 wk ahead,Bin,percent,2.3,2.4, 0.02183356597973926116473819548
Connecticut,3 wk ahead,Bin,percent,2.4,2.5, 0.02190172107291471492729328929
Connecticut,3 wk ahead,Bin,percent,2.5,2.6, 0.02191840882557056710555620782
Connecticut,3 wk ahead,Bin,percent,2.6,2.7, 0.02188217554132928371890542962
Connecticut,3 wk ahead,Bin,percent,2.7,2.8, 0.02179226147207196165322962145
Connecticut,3 wk ahead,Bin,percent,2.8,2.9, 0.02164900760535699159037292816
Connecticut,3 wk ahead,Bin,percent,2.9,3, 0.02145231167611723332999673630
Connecticut,3 wk ahead,Bin,percent,3,3.1, 0.02120341711196612605183631217
Connecticut,3 wk ahead,Bin,percent,3.1,3.2, 0.02090419550467144393923746293
Connecticut,3 wk ahead,Bin,percent,3.2,3.3, 0.02055630883277424769683960903
Connecticut,3 wk ahead,Bin,percent,3.3,3.4, 0.02016304705472684102862679367
Connecticut,3 wk ahead,Bin,percent,3.4,3.5, 0.01972735812291136203722174969
Connecticut,3 wk ahead,Bin,percent,3.5,3.6, 0.01925283060888776862085158825
Connecticut,3 wk ahead,Bin,percent,3.6,3.7, 0.01874378907101585320371661680
Connecticut,3 wk ahead,Bin,percent,3.7,3.8, 0.01820409037044854599907139914
Connecticut,3 wk ahead,Bin,percent,3.8,3.9, 0.01763822070994814500410896585
Connecticut,3 wk ahead,Bin,percent,3.9,4, 0.01705068181212252356737657522
Connecticut,3 wk ahead,Bin,percent,4,4.1, 0.01644562939667057119286219802
Connecticut,3 wk ahead,Bin,percent,4.1,4.2, 0.01582746068581807052932930446
Connecticut,3 wk ahead,Bin,percent,4.2,4.3, 0.01520010088926792950203559229
Connecticut,3 wk ahead,Bin,percent,4.3,4.4, 0.01456727497622807739052763765
Connecticut,3 wk ahead,Bin,percent,4.4,4.5, 0.01393241937161919692667044757
Connecticut,3 wk ahead,Bin,percent,4.5,4.6, 0.01329857831210302585023264044
Connecticut,3 wk ahead,Bin,percent,4.6,4.7, 0.01266844525242637013728863593
Connecticut,3 wk ahead,Bin,percent,4.7,4.8, 0.01204432287771972122369934510
Connecticut,3 wk ahead,Bin,percent,4.8,4.9, 0.01142827092003091335459252775
Connecticut,3 wk ahead,Bin,percent,4.9,5, 0.01082185218167654346121953068
Connecticut,3 wk ahead,Bin,percent,5,5.1, 0.01022651082945877192009742629
Connecticut,3 wk ahead,Bin,percent,5.1,5.2, 0.00964342844247295660764507375
Connecticut,3 wk ahead,Bin,percent,5.2,5.3, 0.00907342826027197207894303688
Connecticut,3 wk ahead,Bin,percent,5.3,5.4, 0.00851745913129476825420560715
Connecticut,3 wk ahead,Bin,percent,5.4,5.5, 0.00797617324754048423463004269
Connecticut,3 wk ahead,Bin,percent,5.5,5.6, 0.00745014650674872842134321971
Connecticut,3 wk ahead,Bin,percent,5.6,5.7, 0.00694015293045300608876235771
Connecticut,3 wk ahead,Bin,percent,5.7,5.8, 0.00644658622344600369669098683
Connecticut,3 wk ahead,Bin,percent,5.8,5.9, 0.00597012682844736460724410776
Connecticut,3 wk ahead,Bin,percent,5.9,6, 0.00551145732063883838497408973
Connecticut,3 wk ahead,Bin,percent,6,6.1, 0.00507097310440917607016197977
Connecticut,3 wk ahead,Bin,percent,6.1,6.2, 0.00464945026160205367171673885
Connecticut,3 wk ahead,Bin,percent,6.2,6.3, 0.00424736770314558097910717649
Connecticut,3 wk ahead,Bin,percent,6.3,6.4, 0.00386517091564588270366509271
Connecticut,3 wk ahead,Bin,percent,6.4,6.5, 0.00350350619195522990437230426
Connecticut,3 wk ahead,Bin,percent,6.5,6.6, 0.00316249921179425404899054897
Connecticut,3 wk ahead,Bin,percent,6.6,6.7, 0.00284248374469346079193576848
Connecticut,3 wk ahead,Bin,percent,6.7,6.8, 0.00254370060713159529958149463
Connecticut,3 wk ahead,Bin,percent,6.8,6.9, 0.00226589727091930023816779283
Connecticut,3 wk ahead,Bin,percent,6.9,7, 0.00200912587376312181189352835
Connecticut,3 wk ahead,Bin,percent,7,7.1, 0.00177296759474177782062165321
Connecticut,3 wk ahead,Bin,percent,7.1,7.2, 0.00155687835924369841200665121
Connecticut,3 wk ahead,Bin,percent,7.2,7.3, 0.00136046370598668416723731056
Connecticut,3 wk ahead,Bin,percent,7.3,7.4, 0.00118273881089503885184754939
Connecticut,3 wk ahead,Bin,percent,7.4,7.5, 0.00102292867016765876876649433
Connecticut,3 wk ahead,Bin,percent,7.5,7.6, 0.00088018919189294811747381608
Connecticut,3 wk ahead,Bin,percent,7.6,7.7, 0.00075328357898015948796582864
Connecticut,3 wk ahead,Bin,percent,7.7,7.8, 0.00064129494547577583964809156
Connecticut,3 wk ahead,Bin,percent,7.8,7.9, 0.00054300027861348598625518269
Connecticut,3 wk ahead,Bin,percent,7.9,8, 0.00045722174562261985860875391
Connecticut,3 wk ahead,Bin,percent,8,8.1, 0.00038294408437651784220603912
Connecticut,3 wk ahead,Bin,percent,8.1,8.2, 0.00031891948073952048519144609
Connecticut,3 wk ahead,Bin,percent,8.2,8.3, 0.00026410049412733775653361334
Connecticut,3 wk ahead,Bin,percent,8.3,8.4, 0.00021751766465704855391116723
Connecticut,3 wk ahead,Bin,percent,8.4,8.5, 0.00017810397648407950759938401
Connecticut,3 wk ahead,Bin,percent,8.5,8.6, 0.00014502948719362533723346853
Connecticut,3 wk ahead,Bin,percent,8.6,8.7, 0.00011742097304024178884302582
Connecticut,3 wk ahead,Bin,percent,8.7,8.8, 0.00009450691329617145694259178
Connecticut,3 wk ahead,Bin,percent,8.8,8.9, 0.00007565069614272133108594937
Connecticut,3 wk ahead,Bin,percent,8.9,9, 0.00006091312256182117009038063
Connecticut,3 wk ahead,Bin,percent,9,9.1, 0.00005775699935747672324583626
Connecticut,3 wk ahead,Bin,percent,9.1,9.2, 0.00005775699935747672324583626
Connecticut,3 wk ahead,Bin,percent,9.2,9.3, 0.00005775699935747672324583626
Connecticut,3 wk ahead,Bin,percent,9.3,9.4, 0.00005775699935747672324583626
Connecticut,3 wk ahead,Bin,percent,9.4,9.5, 0.00005775699935747672324583626
Connecticut,3 wk ahead,Bin,percent,9.5,9.6, 0.00005775699935747672324583626
Connecticut,3 wk ahead,Bin,percent,9.6,9.7, 0.00005775699935747672324583626
Connecticut,3 wk ahead,Bin,percent,9.7,9.8, 0.00005775699935747672324583626
Connecticut,3 wk ahead,Bin,percent,9.8,9.9, 0.00005775699935747672324583626
Connecticut,3 wk ahead,Bin,percent,9.9,10, 0.00005775699935747672324583626
Connecticut,3 wk ahead,Bin,percent,10,10.1, 0.00005775699935747672324583626
Connecticut,3 wk ahead,Bin,percent,10.1,10.2, 0.00005775699935747672324583626
Connecticut,3 wk ahead,Bin,percent,10.2,10.3, 0.00005775699935747672324583626
Connecticut,3 wk ahead,Bin,percent,10.3,10.4, 0.00005775699935747672324583626
Connecticut,3 wk ahead,Bin,percent,10.4,10.5, 0.00005775699935747672324583626
Connecticut,3 wk ahead,Bin,percent,10.5,10.6, 0.00005775699935747672324583626
Connecticut,3 wk ahead,Bin,percent,10.6,10.7, 0.00005775699935747672324583626
Connecticut,3 wk ahead,Bin,percent,10.7,10.8, 0.00005775699935747672324583626
Connecticut,3 wk ahead,Bin,percent,10.8,10.9, 0.00005775699935747672324583626
Connecticut,3 wk ahead,Bin,percent,10.9,11, 0.00005775699935747672324583626
Connecticut,3 wk ahead,Bin,percent,11,11.1, 0.00005775699935747672324583626
Connecticut,3 wk ahead,Bin,percent,11.1,11.2, 0.00005775699935747672324583626
Connecticut,3 wk ahead,Bin,percent,11.2,11.3, 0.00005775699935747672324583626
Connecticut,3 wk ahead,Bin,percent,11.3,11.4, 0.00005775699935747672324583626
Connecticut,3 wk ahead,Bin,percent,11.4,11.5, 0.00005775699935747672324583626
Connecticut,3 wk ahead,Bin,percent,11.5,11.6, 0.00005775699935747672324583626
Connecticut,3 wk ahead,Bin,percent,11.6,11.7, 0.00005775699935747672324583626
Connecticut,3 wk ahead,Bin,percent,11.7,11.8, 0.00005775699935747672324583626
Connecticut,3 wk ahead,Bin,percent,11.8,11.9, 0.00005775699935747672324583626
Connecticut,3 wk ahead,Bin,percent,11.9,12, 0.00005775699935747672324583626
Connecticut,3 wk ahead,Bin,percent,12,12.1, 0.00005775699935747672324583626
Connecticut,3 wk ahead,Bin,percent,12.1,12.2, 0.00005775699935747672324583626
Connecticut,3 wk ahead,Bin,percent,12.2,12.3, 0.00005775699935747672324583626
Connecticut,3 wk ahead,Bin,percent,12.3,12.4, 0.00005775699935747672324583626
Connecticut,3 wk ahead,Bin,percent,12.4,12.5, 0.00005775699935747672324583626
Connecticut,3 wk ahead,Bin,percent,12.5,12.6, 0.00005775699935747672324583626
Connecticut,3 wk ahead,Bin,percent,12.6,12.7, 0.00005775699935747672324583626
Connecticut,3 wk ahead,Bin,percent,12.7,12.8, 0.00005775699935747672324583626
Connecticut,3 wk ahead,Bin,percent,12.8,12.9, 0.00005775699935747672324583626
Connecticut,3 wk ahead,Bin,percent,12.9,13, 0.00005775699935747672324583626
Connecticut,3 wk ahead,Bin,percent,13,100, 0.00005775699935747672324583626
Connecticut,4 wk ahead,Bin,percent,0,0.1, 0.00480002963890645024253034379
Connecticut,4 wk ahead,Bin,percent,0.1,0.2, 0.01042151481890422892728764737
Connecticut,4 wk ahead,Bin,percent,0.2,0.3, 0.01154009032894339446817522088
Connecticut,4 wk ahead,Bin,percent,0.3,0.4, 0.01267638532574189708101997098
Connecticut,4 wk ahead,Bin,percent,0.4,0.5, 0.01381838642821717720587937350
Connecticut,4 wk ahead,Bin,percent,0.5,0.6, 0.01495406955840040442995420022
Connecticut,4 wk ahead,Bin,percent,0.6,0.7, 0.01607159155431208547026855626
Connecticut,4 wk ahead,Bin,percent,0.7,0.8, 0.01715941878764671441048861311
Connecticut,4 wk ahead,Bin,percent,0.8,0.9, 0.01820646558360077688076827940
Connecticut,4 wk ahead,Bin,percent,0.9,1, 0.01920218157895743626983886543
Connecticut,4 wk ahead,Bin,percent,1,1.1, 0.02013653241741959407096196344
Connecticut,4 wk ahead,Bin,percent,1.1,1.2, 0.02100013362519153464758048244
Connecticut,4 wk ahead,Bin,percent,1.2,1.3, 0.02178440197116506688024273330
Connecticut,4 wk ahead,Bin,percent,1.3,1.4, 0.02248176626587352136543707104
Connecticut,4 wk ahead,Bin,percent,1.4,1.5, 0.02308583957247805837353915592
Connecticut,4 wk ahead,Bin,percent,1.5,1.6, 0.02359178304177128593366319365
Connecticut,4 wk ahead,Bin,percent,1.6,1.7, 0.02399658079404255045519178680
Connecticut,4 wk ahead,Bin,percent,1.7,1.8, 0.02429920308335990070114362993
Connecticut,4 wk ahead,Bin,percent,1.8,1.9, 0.02450069559548250994196472163
Connecticut,4 wk ahead,Bin,percent,1.9,2, 0.02460419308666265611473811248
Connecticut,4 wk ahead,Bin,percent,2,2.1, 0.02461454992080980286317526406
Connecticut,4 wk ahead,Bin,percent,2.1,2.2, 0.02453779853061603677399915568
Connecticut,4 wk ahead,Bin,percent,2.2,2.3, 0.02438076444471665160662610106
Connecticut,4 wk ahead,Bin,percent,2.3,2.4, 0.02415029678529113238427683541
Connecticut,4 wk ahead,Bin,percent,2.4,2.5, 0.02385256178838357152272031669
Connecticut,4 wk ahead,Bin,percent,2.5,2.6, 0.02349245765609900976622625990
Connecticut,4 wk ahead,Bin,percent,2.6,2.7, 0.02307317630869722829833889932
Connecticut,4 wk ahead,Bin,percent,2.7,2.8, 0.02259602525716317145132450150
Connecticut,4 wk ahead,Bin,percent,2.8,2.9, 0.02206038800631324528489507486
Connecticut,4 wk ahead,Bin,percent,2.9,3, 0.02146420516883908863325913785
Connecticut,4 wk ahead,Bin,percent,3,3.1, 0.02080460848314566804639902386
Connecticut,4 wk ahead,Bin,percent,3.1,3.2, 0.02007876654616679024112357865
Connecticut,4 wk ahead,Bin,percent,3.2,3.3, 0.01928471887414807614535838809
Connecticut,4 wk ahead,Bin,percent,3.3,3.4, 0.01842239861233804093521015943
Connecticut,4 wk ahead,Bin,percent,3.4,3.5, 0.01749443602937101466254787852
Connecticut,4 wk ahead,Bin,percent,3.5,3.6, 0.01650661226580759852189395076
Connecticut,4 wk ahead,Bin,percent,3.6,3.7, 0.01546830227775358723718568399
Connecticut,4 wk ahead,Bin,percent,3.7,3.8, 0.01439250533683375174454077694
Connecticut,4 wk ahead,Bin,percent,3.8,3.9, 0.01329540908266739832055414183
Connecticut,4 wk ahead,Bin,percent,3.9,4, 0.01219579466607822668122729226
Connecticut,4 wk ahead,Bin,percent,4,4.1, 0.01111420195783938830169645939
Connecticut,4 wk ahead,Bin,percent,4.1,4.2, 0.01007187571637332620944071948
Connecticut,4 wk ahead,Bin,percent,4.2,4.3, 0.00908968273704251379652152565
Connecticut,4 wk ahead,Bin,percent,4.3,4.4, 0.00818710564261472366343053153
Connecticut,4 wk ahead,Bin,percent,4.4,4.5, 0.00738127180305643646601732044
Connecticut,4 wk ahead,Bin,percent,4.5,4.6, 0.00668602979105926628622391661
Connecticut,4 wk ahead,Bin,percent,4.6,4.7, 0.00611138000876816720602358046
Connecticut,4 wk ahead,Bin,percent,4.7,4.8, 0.00566308991089276708708055708
Connecticut,4 wk ahead,Bin,percent,4.8,4.9, 0.00534231224413937808709329502
Connecticut,4 wk ahead,Bin,percent,4.9,5, 0.00514567943503388067205683853
Connecticut,4 wk ahead,Bin,percent,5,5.1, 0.00506568708918135254815062751
Connecticut,4 wk ahead,Bin,percent,5.1,5.2, 0.00509079980395956300381898885
Connecticut,4 wk ahead,Bin,percent,5.2,5.3, 0.00520606374556145234250292830
Connecticut,4 wk ahead,Bin,percent,5.3,5.4, 0.00539377175161863745000978554
Connecticut,4 wk ahead,Bin,percent,5.4,5.5, 0.00563410293853803135349922471
Connecticut,4 wk ahead,Bin,percent,5.5,5.6, 0.00590601675943523002354496043
Connecticut,4 wk ahead,Bin,percent,5.6,5.7, 0.00618820218465511787120370002
Connecticut,4 wk ahead,Bin,percent,5.7,5.8, 0.00645992849440035852431885033
Connecticut,4 wk ahead,Bin,percent,5.8,5.9, 0.00670185737082752003290764264
Connecticut,4 wk ahead,Bin,percent,5.9,6, 0.00689688328095987811250378030
Connecticut,4 wk ahead,Bin,percent,6,6.1, 0.00703084836120469475889693811
Connecticut,4 wk ahead,Bin,percent,6.1,6.2, 0.00709304116103110730146008578
Connecticut,4 wk ahead,Bin,percent,6.2,6.3, 0.00707656615599757364554189820
Connecticut,4 wk ahead,Bin,percent,6.3,6.4, 0.00697859952890048877011119899
Connecticut,4 wk ahead,Bin,percent,6.4,6.5, 0.00680017281720360095703670211
Connecticut,4 wk ahead,Bin,percent,6.5,6.6, 0.00654592243455475071567395418
Connecticut,4 wk ahead,Bin,percent,6.6,6.7, 0.00622373987477487997099778738
Connecticut,4 wk ahead,Bin,percent,6.7,6.8, 0.00584402150183401664085280913
Connecticut,4 wk ahead,Bin,percent,6.8,6.9, 0.00541894419552183675969914134
Connecticut,4 wk ahead,Bin,percent,6.9,7, 0.00496176845545891892497181175
Connecticut,4 wk ahead,Bin,percent,7,7.1, 0.00448601696526415572030543899
Connecticut,4 wk ahead,Bin,percent,7.1,7.2, 0.00400475221569017089673359067
Connecticut,4 wk ahead,Bin,percent,7.2,7.3, 0.00352999264113349657881468779
Connecticut,4 wk ahead,Bin,percent,7.3,7.4, 0.00307220388750737609731555899
Connecticut,4 wk ahead,Bin,percent,7.4,7.5, 0.00263996277353580359112394937
Connecticut,4 wk ahead,Bin,percent,7.5,7.6, 0.00223983056492770915904544360
Connecticut,4 wk ahead,Bin,percent,7.6,7.7, 0.00187630600995519801824085171
Connecticut,4 wk ahead,Bin,percent,7.7,7.8, 0.00155189430149646695814014130
Connecticut,4 wk ahead,Bin,percent,7.8,7.9, 0.00126731002132536487575498185
Connecticut,4 wk ahead,Bin,percent,7.9,8, 0.00102180532612126907451854940
Connecticut,4 wk ahead,Bin,percent,8,8.1, 0.00081343287411684368683889579
Connecticut,4 wk ahead,Bin,percent,8.1,8.2, 0.00063934929417100634131687631
Connecticut,4 wk ahead,Bin,percent,8.2,8.3, 0.00049616141892645652163723602
Connecticut,4 wk ahead,Bin,percent,8.3,8.4, 0.00038017335432319570957815369
Connecticut,4 wk ahead,Bin,percent,8.4,8.5, 0.00028761190515930396341404141
Connecticut,4 wk ahead,Bin,percent,8.5,8.6, 0.00021482482056450329663613297
Connecticut,4 wk ahead,Bin,percent,8.6,8.7, 0.00015842507819130793606660079
Connecticut,4 wk ahead,Bin,percent,8.7,8.8, 0.00011535207338804363754337229
Connecticut,4 wk ahead,Bin,percent,8.8,8.9, 0.00008463745874121608486935486
Connecticut,4 wk ahead,Bin,percent,8.9,9, 0.00007888930392156999526001582
Connecticut,4 wk ahead,Bin,percent,9,9.1, 0.00007888930392156999526001582
Connecticut,4 wk ahead,Bin,percent,9.1,9.2, 0.00007888930392156999526001582
Connecticut,4 wk ahead,Bin,percent,9.2,9.3, 0.00007888930392156999526001582
Connecticut,4 wk ahead,Bin,percent,9.3,9.4, 0.00007888930392156999526001582
Connecticut,4 wk ahead,Bin,percent,9.4,9.5, 0.00007888930392156999526001582
Connecticut,4 wk ahead,Bin,percent,9.5,9.6, 0.00007888930392156999526001582
Connecticut,4 wk ahead,Bin,percent,9.6,9.7, 0.00007888930392156999526001582
Connecticut,4 wk ahead,Bin,percent,9.7,9.8, 0.00007888930392156999526001582
Connecticut,4 wk ahead,Bin,percent,9.8,9.9, 0.00007888930392156999526001582
Connecticut,4 wk ahead,Bin,percent,9.9,10, 0.00007888930392156999526001582
Connecticut,4 wk ahead,Bin,percent,10,10.1, 0.00007888930392156999526001582
Connecticut,4 wk ahead,Bin,percent,10.1,10.2, 0.00007888930392156999526001582
Connecticut,4 wk ahead,Bin,percent,10.2,10.3, 0.00007888930392156999526001582
Connecticut,4 wk ahead,Bin,percent,10.3,10.4, 0.00007888930392156999526001582
Connecticut,4 wk ahead,Bin,percent,10.4,10.5, 0.00007888930392156999526001582
Connecticut,4 wk ahead,Bin,percent,10.5,10.6, 0.00007888930392156999526001582
Connecticut,4 wk ahead,Bin,percent,10.6,10.7, 0.00007888930392156999526001582
Connecticut,4 wk ahead,Bin,percent,10.7,10.8, 0.00007888930392156999526001582
Connecticut,4 wk ahead,Bin,percent,10.8,10.9, 0.00007888930392156999526001582
Connecticut,4 wk ahead,Bin,percent,10.9,11, 0.00007888930392156999526001582
Connecticut,4 wk ahead,Bin,percent,11,11.1, 0.00007888930392156999526001582
Connecticut,4 wk ahead,Bin,percent,11.1,11.2, 0.00007888930392156999526001582
Connecticut,4 wk ahead,Bin,percent,11.2,11.3, 0.00007888930392156999526001582
Connecticut,4 wk ahead,Bin,percent,11.3,11.4, 0.00007888930392156999526001582
Connecticut,4 wk ahead,Bin,percent,11.4,11.5, 0.00007888930392156999526001582
Connecticut,4 wk ahead,Bin,percent,11.5,11.6, 0.00007888930392156999526001582
Connecticut,4 wk ahead,Bin,percent,11.6,11.7, 0.00007888930392156999526001582
Connecticut,4 wk ahead,Bin,percent,11.7,11.8, 0.00007888930392156999526001582
Connecticut,4 wk ahead,Bin,percent,11.8,11.9, 0.00007888930392156999526001582
Connecticut,4 wk ahead,Bin,percent,11.9,12, 0.00007888930392156999526001582
Connecticut,4 wk ahead,Bin,percent,12,12.1, 0.00007888930392156999526001582
Connecticut,4 wk ahead,Bin,percent,12.1,12.2, 0.00007888930392156999526001582
Connecticut,4 wk ahead,Bin,percent,12.2,12.3, 0.00007888930392156999526001582
Connecticut,4 wk ahead,Bin,percent,12.3,12.4, 0.00007888930392156999526001582
Connecticut,4 wk ahead,Bin,percent,12.4,12.5, 0.00007888930392156999526001582
Connecticut,4 wk ahead,Bin,percent,12.5,12.6, 0.00007888930392156999526001582
Connecticut,4 wk ahead,Bin,percent,12.6,12.7, 0.00007888930392156999526001582
Connecticut,4 wk ahead,Bin,percent,12.7,12.8, 0.00007888930392156999526001582
Connecticut,4 wk ahead,Bin,percent,12.8,12.9, 0.00007888930392156999526001582
Connecticut,4 wk ahead,Bin,percent,12.9,13, 0.00007888930392156999526001582
Connecticut,4 wk ahead,Bin,percent,13,100, 0.00007888930392156999526001582
Colorado,Season peak week,Bin,week,40,41, 0.00063187600289577115341560498
Colorado,Season peak week,Bin,week,41,42, 0.00063187600289577115341560498
Colorado,Season peak week,Bin,week,42,43, 0.00063187600289577115341560498
Colorado,Season peak week,Bin,week,43,44, 0.00063187600289577115341560498
Colorado,Season peak week,Bin,week,44,45, 0.00077327260350816464512524462
Colorado,Season peak week,Bin,week,45,46, 0.00201920411719946901740740941
Colorado,Season peak week,Bin,week,46,47, 0.00498039352255270299091316488
Colorado,Season peak week,Bin,week,47,48, 0.01076595281330398196084630058
Colorado,Season peak week,Bin,week,48,49, 0.02042767562346666995742872075
Colorado,Season peak week,Bin,week,49,50, 0.03409766804077409702022904980
Colorado,Season peak week,Bin,week,50,51, 0.05022854460000642645711721457
Colorado,Season peak week,Bin,week,51,52, 0.06560923152324242557664746300
Colorado,Season peak week,Bin,week,52,53, 0.07655902049738960712943480758
Colorado,Season peak week,Bin,week,1,2, 0.08078554044602542782982368408
Colorado,Season peak week,Bin,week,2,3, 0.07867448575046544212430177367
Colorado,Season peak week,Bin,week,3,4, 0.07303773389068728139061903448
Colorado,Season peak week,Bin,week,4,5, 0.06743297295206328312300314565
Colorado,Season peak week,Bin,week,5,6, 0.06413834349070529627923065163
Colorado,Season peak week,Bin,week,6,7, 0.06305164967645471296719961174
Colorado,Season peak week,Bin,week,7,8, 0.06213672327847335336015177631
Colorado,Season peak week,Bin,week,8,9, 0.05900947268078124419155017222
Colorado,Season peak week,Bin,week,9,10, 0.05250273209619618630661364023
Colorado,Season peak week,Bin,week,10,11, 0.04318615999457226656277342158
Colorado,Season peak week,Bin,week,11,12, 0.03273633182622415899176715470
Colorado,Season peak week,Bin,week,12,13, 0.02289343331958988009278144204
Colorado,Season peak week,Bin,week,13,14, 0.01477905895350895004725089166
Colorado,Season peak week,Bin,week,14,15, 0.00878339000694137138347539207
Colorado,Season peak week,Bin,week,15,16, 0.00477482078651843798444698308
Colorado,Season peak week,Bin,week,16,17, 0.00235353867079294816824774905
Colorado,Season peak week,Bin,week,17,18, 0.00104223313583189070540002685
Colorado,Season peak week,Bin,week,18,19, 0.00041131159581633786959456445
Colorado,Season peak week,Bin,week,19,20, 0.00015513501630687068721069222
Colorado,Season peak week,Bin,week,20,21, 0.00012646507901813874201815691
Colorado,Season peak percentage,Bin,percent,0,0.1, 0.00008535859013556406455977554
Colorado,Season peak percentage,Bin,percent,0.1,0.2, 0.00017071718027112815622460540
Colorado,Season peak percentage,Bin,percent,0.2,0.3, 0.00017071718027112810201449677
Colorado,Season peak percentage,Bin,percent,0.3,0.4, 0.00017071718027112810201449677
Colorado,Season peak percentage,Bin,percent,0.4,0.5, 0.00017071718027112810201449677
Colorado,Season peak percentage,Bin,percent,0.5,0.6, 0.00017071718027112818332965971
Colorado,Season peak percentage,Bin,percent,0.6,0.7, 0.00017071718027112831885493127
Colorado,Season peak percentage,Bin,percent,0.7,0.8, 0.00017071718027112831885493127
Colorado,Season peak percentage,Bin,percent,0.8,0.9, 0.00017188226993348053469289061
Colorado,Season peak percentage,Bin,percent,0.9,1, 0.00039130166028540880026123649
Colorado,Season peak percentage,Bin,percent,1,1.1, 0.00119272550316983517310065466
Colorado,Season peak percentage,Bin,percent,1.1,1.2, 0.00296840311530295912142984882
Colorado,Season peak percentage,Bin,percent,1.2,1.3, 0.00603240441721952184300770128
Colorado,Season peak percentage,Bin,percent,1.3,1.4, 0.01001012984581147423346347836
Colorado,Season peak percentage,Bin,percent,1.4,1.5, 0.01356438233095885737000685367
Colorado,Season peak percentage,Bin,percent,1.5,1.6, 0.01501047492366828703391767874
Colorado,Season peak percentage,Bin,percent,1.6,1.7, 0.01356448627622617100763058318
Colorado,Season peak percentage,Bin,percent,1.7,1.8, 0.01001005817495226324354007374
Colorado,Season peak percentage,Bin,percent,1.8,1.9, 0.00603282743871062527435400469
Colorado,Season peak percentage,Bin,percent,1.9,2, 0.00297277992210733411210243915
Colorado,Season peak percentage,Bin,percent,2,2.1, 0.00122244145082959511892928273
Colorado,Season peak percentage,Bin,percent,2.1,2.2, 0.00055767311738458529967593647
Colorado,Season peak percentage,Bin,percent,2.2,2.3, 0.00086572242955868785804773857
Colorado,Season peak percentage,Bin,percent,2.3,2.4, 0.00286446187503624528913892533
Colorado,Season peak percentage,Bin,percent,2.4,2.5, 0.00866676761282189102308937123
Colorado,Season peak percentage,Bin,percent,2.5,2.6, 0.02156198315510779797699036919
Colorado,Season peak percentage,Bin,percent,2.6,2.7, 0.04381822031695706970433334959
Colorado,Season peak percentage,Bin,percent,2.7,2.8, 0.07271546242266389847852536832
Colorado,Season peak percentage,Bin,percent,2.8,2.9, 0.09853928825597786655965393265
Colorado,Season peak percentage,Bin,percent,2.9,3, 0.10904353027793629860031643375
Colorado,Season peak percentage,Bin,percent,3,3.1, 0.09854710388176068924792616599
Colorado,Season peak percentage,Bin,percent,3.1,3.2, 0.07276808142629860587380363768
Colorado,Season peak percentage,Bin,percent,3.2,3.3, 0.04406107246669747901091085396
Colorado,Season peak percentage,Bin,percent,3.3,3.4, 0.02246886007117934389021307595
Colorado,Season peak percentage,Bin,percent,3.4,3.5, 0.01142905386572201989481278872
Colorado,Season peak percentage,Bin,percent,3.5,3.6, 0.00972686143880075251844097295
Colorado,Season peak percentage,Bin,percent,3.6,3.7, 0.01475134778830699058826958492
Colorado,Season peak percentage,Bin,percent,3.7,3.8, 0.02338109580094633113689361892
Colorado,Season peak percentage,Bin,percent,3.8,3.9, 0.03149021405876444718030526815
Colorado,Season peak percentage,Bin,percent,3.9,4, 0.03483977281451115098898085876
Colorado,Season peak percentage,Bin,percent,4,4.1, 0.03158041448508576432008254642
Colorado,Season peak percentage,Bin,percent,4.1,4.2, 0.02367577779907651530644230320
Colorado,Season peak percentage,Bin,percent,4.2,4.3, 0.01539741586869279067750770906
Colorado,Season peak percentage,Bin,percent,4.3,4.4, 0.01038729789421401032700753575
Colorado,Season peak percentage,Bin,percent,4.4,4.5, 0.00988398253110273766752769120
Colorado,Season peak percentage,Bin,percent,4.5,4.6, 0.01271806468504426725074640814
Colorado,Season peak percentage,Bin,percent,4.6,4.7, 0.01624732514919165551892099586
Colorado,Season peak percentage,Bin,percent,4.7,4.8, 0.01776339401672000564702535996
Colorado,Season peak percentage,Bin,percent,4.8,4.9, 0.01601353142298706302981692318
Colorado,Season peak percentage,Bin,percent,4.9,5, 0.01181190818185309278354200302
Colorado,Season peak percentage,Bin,percent,5,5.1, 0.00711754080160081209482925146
Colorado,Season peak percentage,Bin,percent,5.1,5.2, 0.00350230802461363403127458938
Colorado,Season peak percentage,Bin,percent,5.2,5.3, 0.00140724714907782314475548358
Colorado,Season peak percentage,Bin,percent,5.3,5.4, 0.00046168019994629428759749801
Colorado,Season peak percentage,Bin,percent,5.4,5.5, 0.00020279656039839851757941580
Colorado,Season peak percentage,Bin,percent,5.5,5.6, 0.00020142192069412667297829966
Colorado,Season peak percentage,Bin,percent,5.6,5.7, 0.00020142192069412667297829966
Colorado,Season peak percentage,Bin,percent,5.7,5.8, 0.00020142192069412667297829966
Colorado,Season peak percentage,Bin,percent,5.8,5.9, 0.00020142192069412667297829966
Colorado,Season peak percentage,Bin,percent,5.9,6, 0.00020142192069412667297829966
Colorado,Season peak percentage,Bin,percent,6,6.1, 0.00020142192069412667297829966
Colorado,Season peak percentage,Bin,percent,6.1,6.2, 0.00020142192069412667297829966
Colorado,Season peak percentage,Bin,percent,6.2,6.3, 0.00020142192069412667297829966
Colorado,Season peak percentage,Bin,percent,6.3,6.4, 0.00020142192069412667297829966
Colorado,Season peak percentage,Bin,percent,6.4,6.5, 0.00020142192069412667297829966
Colorado,Season peak percentage,Bin,percent,6.5,6.6, 0.00020142192069412667297829966
Colorado,Season peak percentage,Bin,percent,6.6,6.7, 0.00020142192069412667297829966
Colorado,Season peak percentage,Bin,percent,6.7,6.8, 0.00020142192069412667297829966
Colorado,Season peak percentage,Bin,percent,6.8,6.9, 0.00020142192069412667297829966
Colorado,Season peak percentage,Bin,percent,6.9,7, 0.00020142192069412667297829966
Colorado,Season peak percentage,Bin,percent,7,7.1, 0.00020142192069412667297829966
Colorado,Season peak percentage,Bin,percent,7.1,7.2, 0.00020142192069412667297829966
Colorado,Season peak percentage,Bin,percent,7.2,7.3, 0.00020142192069412667297829966
Colorado,Season peak percentage,Bin,percent,7.3,7.4, 0.00020142192069412667297829966
Colorado,Season peak percentage,Bin,percent,7.4,7.5, 0.00020142192069412667297829966
Colorado,Season peak percentage,Bin,percent,7.5,7.6, 0.00020142192069412667297829966
Colorado,Season peak percentage,Bin,percent,7.6,7.7, 0.00020142192069412667297829966
Colorado,Season peak percentage,Bin,percent,7.7,7.8, 0.00020142192069412667297829966
Colorado,Season peak percentage,Bin,percent,7.8,7.9, 0.00020142192069412667297829966
Colorado,Season peak percentage,Bin,percent,7.9,8, 0.00020142192069412667297829966
Colorado,Season peak percentage,Bin,percent,8,8.1, 0.00020142192069412843480682995
Colorado,Season peak percentage,Bin,percent,8.1,8.2, 0.00020142192069413025084546887
Colorado,Season peak percentage,Bin,percent,8.2,8.3, 0.00020142192069413025084546887
Colorado,Season peak percentage,Bin,percent,8.3,8.4, 0.00020142192069413025084546887
Colorado,Season peak percentage,Bin,percent,8.4,8.5, 0.00020142192069413025084546887
Colorado,Season peak percentage,Bin,percent,8.5,8.6, 0.00020142192069413025084546887
Colorado,Season peak percentage,Bin,percent,8.6,8.7, 0.00020142192069413025084546887
Colorado,Season peak percentage,Bin,percent,8.7,8.8, 0.00020142192069413025084546887
Colorado,Season peak percentage,Bin,percent,8.8,8.9, 0.00020142192069413025084546887
Colorado,Season peak percentage,Bin,percent,8.9,9, 0.00020142192069413025084546887
Colorado,Season peak percentage,Bin,percent,9,9.1, 0.00020142192069413025084546887
Colorado,Season peak percentage,Bin,percent,9.1,9.2, 0.00020142192069413025084546887
Colorado,Season peak percentage,Bin,percent,9.2,9.3, 0.00020142192069413025084546887
Colorado,Season peak percentage,Bin,percent,9.3,9.4, 0.00020142192069413025084546887
Colorado,Season peak percentage,Bin,percent,9.4,9.5, 0.00020142192069413025084546887
Colorado,Season peak percentage,Bin,percent,9.5,9.6, 0.00020142192069413025084546887
Colorado,Season peak percentage,Bin,percent,9.6,9.7, 0.00020142192069413025084546887
Colorado,Season peak percentage,Bin,percent,9.7,9.8, 0.00020142192069413025084546887
Colorado,Season peak percentage,Bin,percent,9.8,9.9, 0.00020142192069413025084546887
Colorado,Season peak percentage,Bin,percent,9.9,10, 0.00020142192069413025084546887
Colorado,Season peak percentage,Bin,percent,10,10.1, 0.00020142192069413025084546887
Colorado,Season peak percentage,Bin,percent,10.1,10.2, 0.00020142192069413025084546887
Colorado,Season peak percentage,Bin,percent,10.2,10.3, 0.00020142192069413025084546887
Colorado,Season peak percentage,Bin,percent,10.3,10.4, 0.00020142192069413025084546887
Colorado,Season peak percentage,Bin,percent,10.4,10.5, 0.00020142192069413025084546887
Colorado,Season peak percentage,Bin,percent,10.5,10.6, 0.00020142192069413025084546887
Colorado,Season peak percentage,Bin,percent,10.6,10.7, 0.00020142192069413025084546887
Colorado,Season peak percentage,Bin,percent,10.7,10.8, 0.00020142192069413025084546887
Colorado,Season peak percentage,Bin,percent,10.8,10.9, 0.00020142192069413025084546887
Colorado,Season peak percentage,Bin,percent,10.9,11, 0.00020142192069413025084546887
Colorado,Season peak percentage,Bin,percent,11,11.1, 0.00020142192069413025084546887
Colorado,Season peak percentage,Bin,percent,11.1,11.2, 0.00020142192069413025084546887
Colorado,Season peak percentage,Bin,percent,11.2,11.3, 0.00020142192069413025084546887
Colorado,Season peak percentage,Bin,percent,11.3,11.4, 0.00020142192069413025084546887
Colorado,Season peak percentage,Bin,percent,11.4,11.5, 0.00020142192069413025084546887
Colorado,Season peak percentage,Bin,percent,11.5,11.6, 0.00020142192069413025084546887
Colorado,Season peak percentage,Bin,percent,11.6,11.7, 0.00020142192069413025084546887
Colorado,Season peak percentage,Bin,percent,11.7,11.8, 0.00020142192069413025084546887
Colorado,Season peak percentage,Bin,percent,11.8,11.9, 0.00020142192069413025084546887
Colorado,Season peak percentage,Bin,percent,11.9,12, 0.00020142192069413025084546887
Colorado,Season peak percentage,Bin,percent,12,12.1, 0.00020142192069413025084546887
Colorado,Season peak percentage,Bin,percent,12.1,12.2, 0.00020142192069413025084546887
Colorado,Season peak percentage,Bin,percent,12.2,12.3, 0.00020142192069413025084546887
Colorado,Season peak percentage,Bin,percent,12.3,12.4, 0.00020142192069413025084546887
Colorado,Season peak percentage,Bin,percent,12.4,12.5, 0.00020142192069413025084546887
Colorado,Season peak percentage,Bin,percent,12.5,12.6, 0.00020142192069413025084546887
Colorado,Season peak percentage,Bin,percent,12.6,12.7, 0.00020142192069413025084546887
Colorado,Season peak percentage,Bin,percent,12.7,12.8, 0.00020142192069413025084546887
Colorado,Season peak percentage,Bin,percent,12.8,12.9, 0.00020142192069413025084546887
Colorado,Season peak percentage,Bin,percent,12.9,13, 0.00020142192069413025084546887
Colorado,Season peak percentage,Bin,percent,13,100, 0.00020142192069413025084546887
Colorado,1 wk ahead,Bin,percent,0,0.1, 0.00530489091578273744276295076
Colorado,1 wk ahead,Bin,percent,0.1,0.2, 0.01149079832376514141711876249
Colorado,1 wk ahead,Bin,percent,0.2,0.3, 0.01270604110658620118645689701
Colorado,1 wk ahead,Bin,percent,0.3,0.4, 0.01396089248909198471393366958
Colorado,1 wk ahead,Bin,percent,0.4,0.5, 0.01524392888962568075317260963
Colorado,1 wk ahead,Bin,percent,0.5,0.6, 0.01654211808981655845718350406
Colorado,1 wk ahead,Bin,percent,0.6,0.7, 0.01784129121264600020824175886
Colorado,1 wk ahead,Bin,percent,0.7,0.8, 0.01912652074176116392956181755
Colorado,1 wk ahead,Bin,percent,0.8,0.9, 0.02038198297484937818180306124
Colorado,1 wk ahead,Bin,percent,0.9,1, 0.02159207190097240866566430384
Colorado,1 wk ahead,Bin,percent,1,1.1, 0.02274119302411232307337130010
Colorado,1 wk ahead,Bin,percent,1.1,1.2, 0.02381415371207175682433110353
Colorado,1 wk ahead,Bin,percent,1.2,1.3, 0.02479626868559840074945910260
Colorado,1 wk ahead,Bin,percent,1.3,1.4, 0.02567538367165059579044772420
Colorado,1 wk ahead,Bin,percent,1.4,1.5, 0.02644007177264294516927378709
Colorado,1 wk ahead,Bin,percent,1.5,1.6, 0.02708055634843084188978501459
Colorado,1 wk ahead,Bin,percent,1.6,1.7, 0.02758990178275681423580856233
Colorado,1 wk ahead,Bin,percent,1.7,1.8, 0.02796404036764133654857644729
Colorado,1 wk ahead,Bin,percent,1.8,1.9, 0.02820007371246484317861558111
Colorado,1 wk ahead,Bin,percent,1.9,2, 0.02829822431801142998408771234
Colorado,1 wk ahead,Bin,percent,2,2.1, 0.02826175281677703252092292985
Colorado,1 wk ahead,Bin,percent,2.1,2.2, 0.02809590644099233328057074743
Colorado,1 wk ahead,Bin,percent,2.2,2.3, 0.02780692024082767610515531942
Colorado,1 wk ahead,Bin,percent,2.3,2.4, 0.02740450450889342706717322073
Colorado,1 wk ahead,Bin,percent,2.4,2.5, 0.02689900147643008165854183744
Colorado,1 wk ahead,Bin,percent,2.5,2.6, 0.02630174923301053374613545088
Colorado,1 wk ahead,Bin,percent,2.6,2.7, 0.02562425717149731732580342225
Colorado,1 wk ahead,Bin,percent,2.7,2.8, 0.02487935893360240791061244181
Colorado,1 wk ahead,Bin,percent,2.8,2.9, 0.02407883142013637206568787974
Colorado,1 wk ahead,Bin,percent,2.9,3, 0.02323395261105158995929009791
Colorado,1 wk ahead,Bin,percent,3,3.1, 0.02235530884297339676569649214
Colorado,1 wk ahead,Bin,percent,3.1,3.2, 0.02145252340000701474220790033
Colorado,1 wk ahead,Bin,percent,3.2,3.3, 0.02053371920398015804121172323
Colorado,1 wk ahead,Bin,percent,3.3,3.4, 0.01960585705327499983496863933
Colorado,1 wk ahead,Bin,percent,3.4,3.5, 0.01867465310535437392203128582
Colorado,1 wk ahead,Bin,percent,3.5,3.6, 0.01774459317229704763407838186
Colorado,1 wk ahead,Bin,percent,3.6,3.7, 0.01681918483936425609548415139
Colorado,1 wk ahead,Bin,percent,3.7,3.8, 0.01590104186643060898975754469
Colorado,1 wk ahead,Bin,percent,3.8,3.9, 0.01499217175065986965010189635
Colorado,1 wk ahead,Bin,percent,3.9,4, 0.01409417333378682607447629493
Colorado,1 wk ahead,Bin,percent,4,4.1, 0.01320858026440480462171400688
Colorado,1 wk ahead,Bin,percent,4.1,4.2, 0.01233671679688658033569037542
Colorado,1 wk ahead,Bin,percent,4.2,4.3, 0.01148018827296106054991486900
Colorado,1 wk ahead,Bin,percent,4.3,4.4, 0.01064086241474083982527787384
Colorado,1 wk ahead,Bin,percent,4.4,4.5, 0.00982092218853663871669379404
Colorado,1 wk ahead,Bin,percent,4.5,4.6, 0.00902267840867353003442286052
Colorado,1 wk ahead,Bin,percent,4.6,4.7, 0.00824891042341249075553477610
Colorado,1 wk ahead,Bin,percent,4.7,4.8, 0.00750254867031185587733510545
Colorado,1 wk ahead,Bin,percent,4.8,4.9, 0.00678647868833598746918234212
Colorado,1 wk ahead,Bin,percent,4.9,5, 0.00610346343192477280154006891
Colorado,1 wk ahead,Bin,percent,5,5.1, 0.00545643893258152944819583396
Colorado,1 wk ahead,Bin,percent,5.1,5.2, 0.00484765506956908159147401349
Colorado,1 wk ahead,Bin,percent,5.2,5.3, 0.00427900171483092724850072486
Colorado,1 wk ahead,Bin,percent,5.3,5.4, 0.00375181154166692298196350563
Colorado,1 wk ahead,Bin,percent,5.4,5.5, 0.00326732587546832257963114188
Colorado,1 wk ahead,Bin,percent,5.5,5.6, 0.00282538648299485552553567125
Colorado,1 wk ahead,Bin,percent,5.6,5.7, 0.00242570131165922636337639595
Colorado,1 wk ahead,Bin,percent,5.7,5.8, 0.00206735508105258206784649033
Colorado,1 wk ahead,Bin,percent,5.8,5.9, 0.00174902111939465726431208736
Colorado,1 wk ahead,Bin,percent,5.9,6, 0.00146846748680895468515406055
Colorado,1 wk ahead,Bin,percent,6,6.1, 0.00122350018104082618880523725
Colorado,1 wk ahead,Bin,percent,6.1,6.2, 0.00101159278071617504506096719
Colorado,1 wk ahead,Bin,percent,6.2,6.3, 0.00082989036188945331136423977
Colorado,1 wk ahead,Bin,percent,6.3,6.4, 0.00067539302822340076520174490
Colorado,1 wk ahead,Bin,percent,6.4,6.5, 0.00054534801415548523912529832
Colorado,1 wk ahead,Bin,percent,6.5,6.6, 0.00043685216685603072599500263
Colorado,1 wk ahead,Bin,percent,6.6,6.7, 0.00034711799902474327903303952
Colorado,1 wk ahead,Bin,percent,6.7,6.8, 0.00027354637832697104200818661
Colorado,1 wk ahead,Bin,percent,6.8,6.9, 0.00021387963795330884879571098
Colorado,1 wk ahead,Bin,percent,6.9,7, 0.00016584913701375036563720466
Colorado,1 wk ahead,Bin,percent,7,7.1, 0.00012754365946252089526226359
Colorado,1 wk ahead,Bin,percent,7.1,7.2, 0.00009758609375388609423127018
Colorado,1 wk ahead,Bin,percent,7.2,7.3, 0.00008834781226681144225554299
Colorado,1 wk ahead,Bin,percent,7.3,7.4, 0.00008834781226681144225554299
Colorado,1 wk ahead,Bin,percent,7.4,7.5, 0.00008834781226681144225554299
Colorado,1 wk ahead,Bin,percent,7.5,7.6, 0.00008834781226681144225554299
Colorado,1 wk ahead,Bin,percent,7.6,7.7, 0.00008834781226681144225554299
Colorado,1 wk ahead,Bin,percent,7.7,7.8, 0.00008834781226681144225554299
Colorado,1 wk ahead,Bin,percent,7.8,7.9, 0.00008834781226681144225554299
Colorado,1 wk ahead,Bin,percent,7.9,8, 0.00008834781226681144225554299
Colorado,1 wk ahead,Bin,percent,8,8.1, 0.00008834781226681222830211804
Colorado,1 wk ahead,Bin,percent,8.1,8.2, 0.00008834781226681300079616593
Colorado,1 wk ahead,Bin,percent,8.2,8.3, 0.00008834781226681300079616593
Colorado,1 wk ahead,Bin,percent,8.3,8.4, 0.00008834781226681300079616593
Colorado,1 wk ahead,Bin,percent,8.4,8.5, 0.00008834781226681300079616593
Colorado,1 wk ahead,Bin,percent,8.5,8.6, 0.00008834781226681300079616593
Colorado,1 wk ahead,Bin,percent,8.6,8.7, 0.00008834781226681300079616593
Colorado,1 wk ahead,Bin,percent,8.7,8.8, 0.00008834781226681300079616593
Colorado,1 wk ahead,Bin,percent,8.8,8.9, 0.00008834781226681300079616593
Colorado,1 wk ahead,Bin,percent,8.9,9, 0.00008834781226681300079616593
Colorado,1 wk ahead,Bin,percent,9,9.1, 0.00008834781226681300079616593
Colorado,1 wk ahead,Bin,percent,9.1,9.2, 0.00008834781226681300079616593
Colorado,1 wk ahead,Bin,percent,9.2,9.3, 0.00008834781226681300079616593
Colorado,1 wk ahead,Bin,percent,9.3,9.4, 0.00008834781226681300079616593
Colorado,1 wk ahead,Bin,percent,9.4,9.5, 0.00008834781226681300079616593
Colorado,1 wk ahead,Bin,percent,9.5,9.6, 0.00008834781226681300079616593
Colorado,1 wk ahead,Bin,percent,9.6,9.7, 0.00008834781226681300079616593
Colorado,1 wk ahead,Bin,percent,9.7,9.8, 0.00008834781226681300079616593
Colorado,1 wk ahead,Bin,percent,9.8,9.9, 0.00008834781226681300079616593
Colorado,1 wk ahead,Bin,percent,9.9,10, 0.00008834781226681300079616593
Colorado,1 wk ahead,Bin,percent,10,10.1, 0.00008834781226681300079616593
Colorado,1 wk ahead,Bin,percent,10.1,10.2, 0.00008834781226681300079616593
Colorado,1 wk ahead,Bin,percent,10.2,10.3, 0.00008834781226681300079616593
Colorado,1 wk ahead,Bin,percent,10.3,10.4, 0.00008834781226681300079616593
Colorado,1 wk ahead,Bin,percent,10.4,10.5, 0.00008834781226681300079616593
Colorado,1 wk ahead,Bin,percent,10.5,10.6, 0.00008834781226681300079616593
Colorado,1 wk ahead,Bin,percent,10.6,10.7, 0.00008834781226681300079616593
Colorado,1 wk ahead,Bin,percent,10.7,10.8, 0.00008834781226681300079616593
Colorado,1 wk ahead,Bin,percent,10.8,10.9, 0.00008834781226681300079616593
Colorado,1 wk ahead,Bin,percent,10.9,11, 0.00008834781226681300079616593
Colorado,1 wk ahead,Bin,percent,11,11.1, 0.00008834781226681300079616593
Colorado,1 wk ahead,Bin,percent,11.1,11.2, 0.00008834781226681300079616593
Colorado,1 wk ahead,Bin,percent,11.2,11.3, 0.00008834781226681300079616593
Colorado,1 wk ahead,Bin,percent,11.3,11.4, 0.00008834781226681300079616593
Colorado,1 wk ahead,Bin,percent,11.4,11.5, 0.00008834781226681300079616593
Colorado,1 wk ahead,Bin,percent,11.5,11.6, 0.00008834781226681300079616593
Colorado,1 wk ahead,Bin,percent,11.6,11.7, 0.00008834781226681300079616593
Colorado,1 wk ahead,Bin,percent,11.7,11.8, 0.00008834781226681300079616593
Colorado,1 wk ahead,Bin,percent,11.8,11.9, 0.00008834781226681300079616593
Colorado,1 wk ahead,Bin,percent,11.9,12, 0.00008834781226681300079616593
Colorado,1 wk ahead,Bin,percent,12,12.1, 0.00008834781226681300079616593
Colorado,1 wk ahead,Bin,percent,12.1,12.2, 0.00008834781226681300079616593
Colorado,1 wk ahead,Bin,percent,12.2,12.3, 0.00008834781226681300079616593
Colorado,1 wk ahead,Bin,percent,12.3,12.4, 0.00008834781226681300079616593
Colorado,1 wk ahead,Bin,percent,12.4,12.5, 0.00008834781226681300079616593
Colorado,1 wk ahead,Bin,percent,12.5,12.6, 0.00008834781226681300079616593
Colorado,1 wk ahead,Bin,percent,12.6,12.7, 0.00008834781226681300079616593
Colorado,1 wk ahead,Bin,percent,12.7,12.8, 0.00008834781226681300079616593
Colorado,1 wk ahead,Bin,percent,12.8,12.9, 0.00008834781226681300079616593
Colorado,1 wk ahead,Bin,percent,12.9,13, 0.00008834781226681300079616593
Colorado,1 wk ahead,Bin,percent,13,100, 0.00008834781226681300079616593
Colorado,2 wk ahead,Bin,percent,0,0.1, 0.00142414056105893754508584514
Colorado,2 wk ahead,Bin,percent,0.1,0.2, 0.00350965395020174167339810367
Colorado,2 wk ahead,Bin,percent,0.2,0.3, 0.00456680243267860563188831335
Colorado,2 wk ahead,Bin,percent,0.3,0.4, 0.00586015270309890069777569721
Colorado,2 wk ahead,Bin,percent,0.4,0.5, 0.00741596995530997490919666859
Colorado,2 wk ahead,Bin,percent,0.5,0.6, 0.00925451111349556189422660424
Colorado,2 wk ahead,Bin,percent,0.6,0.7, 0.01138776833706922966826802224
Colorado,2 wk ahead,Bin,percent,0.7,0.8, 0.01381364872604595034344399096
Colorado,2 wk ahead,Bin,percent,0.8,0.9, 0.01651434499096172264787085737
Colorado,2 wk ahead,Bin,percent,0.9,1, 0.01945227784422916272877301935
Colorado,2 wk ahead,Bin,percent,1,1.1, 0.02256768670421019015726038504
Colorado,2 wk ahead,Bin,percent,1.1,1.2, 0.02578016611181386391615788511
Colorado,2 wk ahead,Bin,percent,1.2,1.3, 0.02898934278517334428570961791
Colorado,2 wk ahead,Bin,percent,1.3,1.4, 0.03208111765074915522344412011
Colorado,2 wk ahead,Bin,percent,1.4,1.5, 0.03493381560806604196889324498
Colorado,2 wk ahead,Bin,percent,1.5,1.6, 0.03742844791324495545836725796
Colorado,2 wk ahead,Bin,percent,1.6,1.7, 0.03945887138062172810881733653
Colorado,2 wk ahead,Bin,percent,1.7,1.8, 0.04094038800860509696999400830
Colorado,2 wk ahead,Bin,percent,1.8,1.9, 0.04182063961695315496003289013
Colorado,2 wk ahead,Bin,percent,1.9,2, 0.04208182857213357136449971563
Colorado,2 wk ahead,Bin,percent,2,2.1, 0.04174484238492941201581487576
Colorado,2 wk ahead,Bin,percent,2.1,2.2, 0.04086563043820398005712135614
Colorado,2 wk ahead,Bin,percent,2.2,2.3, 0.03952773216384534299416841918
Colorado,2 wk ahead,Bin,percent,2.3,2.4, 0.03783520221602876959510197707
Colorado,2 wk ahead,Bin,percent,2.4,2.5, 0.03589843443953280588409882057
Colorado,2 wk ahead,Bin,percent,2.5,2.6, 0.03382511208431832755438861682
Colorado,2 wk ahead,Bin,percent,2.6,2.7, 0.03170933629307867013258359634
Colorado,2 wk ahead,Bin,percent,2.7,2.8, 0.02962436892648985520271054384
Colorado,2 wk ahead,Bin,percent,2.8,2.9, 0.02761911657843102441134419678
Colorado,2 wk ahead,Bin,percent,2.9,3, 0.02571746353690633826727385269
Colorado,2 wk ahead,Bin,percent,3,3.1, 0.02392197503883538092783744844
Colorado,2 wk ahead,Bin,percent,3.1,3.2, 0.02221846674202619317806117749
Colorado,2 wk ahead,Bin,percent,3.2,3.3, 0.02058346914801703272934751965
Colorado,2 wk ahead,Bin,percent,3.3,3.4, 0.01899082467300728868653258985
Colorado,2 wk ahead,Bin,percent,3.4,3.5, 0.01741778130559854323444746171
Colorado,2 wk ahead,Bin,percent,3.5,3.6, 0.01584956664009744276011559805
Colorado,2 wk ahead,Bin,percent,3.6,3.7, 0.01428169211501181985746189440
Colorado,2 wk ahead,Bin,percent,3.7,3.8, 0.01272033278476028712866696679
Colorado,2 wk ahead,Bin,percent,3.8,3.9, 0.01118091537605989116421767449
Colorado,2 wk ahead,Bin,percent,3.9,4, 0.00968526709444896688472326218
Colorado,2 wk ahead,Bin,percent,4,4.1, 0.00825831479516866973078492720
Colorado,2 wk ahead,Bin,percent,4.1,4.2, 0.00692464310724916383421589927
Colorado,2 wk ahead,Bin,percent,4.2,4.3, 0.00570521640294475562010800829
Colorado,2 wk ahead,Bin,percent,4.3,4.4, 0.00461579830512462690322861292
Colorado,2 wk ahead,Bin,percent,4.4,4.5, 0.00366505996743831828285631325
Colorado,2 wk ahead,Bin,percent,4.5,4.6, 0.00285486475738048030639792962
Colorado,2 wk ahead,Bin,percent,4.6,4.7, 0.00218092612165670871049449886
Colorado,2 wk ahead,Bin,percent,4.7,4.8, 0.00163331572489598783777531299
Colorado,2 wk ahead,Bin,percent,4.8,4.9, 0.00119898402508656428018529727
Colorado,2 wk ahead,Bin,percent,4.9,5, 0.00086260883835477032179073209
Colorado,2 wk ahead,Bin,percent,5,5.1, 0.00060800814955591110915616992
Colorado,2 wk ahead,Bin,percent,5.1,5.2, 0.00041990395922604701640923341
Colorado,2 wk ahead,Bin,percent,5.2,5.3, 0.00028408837768793344024861880
Colorado,2 wk ahead,Bin,percent,5.3,5.4, 0.00018823954637071387452525173
Colorado,2 wk ahead,Bin,percent,5.4,5.5, 0.00013429744023633834225719963
Colorado,2 wk ahead,Bin,percent,5.5,5.6, 0.00013113980968782344076022095
Colorado,2 wk ahead,Bin,percent,5.6,5.7, 0.00013113980968782344076022095
Colorado,2 wk ahead,Bin,percent,5.7,5.8, 0.00013113980968782344076022095
Colorado,2 wk ahead,Bin,percent,5.8,5.9, 0.00013113980968782344076022095
Colorado,2 wk ahead,Bin,percent,5.9,6, 0.00013113980968782344076022095
Colorado,2 wk ahead,Bin,percent,6,6.1, 0.00013113980968782344076022095
Colorado,2 wk ahead,Bin,percent,6.1,6.2, 0.00013113980968782344076022095
Colorado,2 wk ahead,Bin,percent,6.2,6.3, 0.00013113980968782344076022095
Colorado,2 wk ahead,Bin,percent,6.3,6.4, 0.00013113980968782344076022095
Colorado,2 wk ahead,Bin,percent,6.4,6.5, 0.00013113980968782344076022095
Colorado,2 wk ahead,Bin,percent,6.5,6.6, 0.00013113980968782344076022095
Colorado,2 wk ahead,Bin,percent,6.6,6.7, 0.00013113980968782344076022095
Colorado,2 wk ahead,Bin,percent,6.7,6.8, 0.00013113980968782344076022095
Colorado,2 wk ahead,Bin,percent,6.8,6.9, 0.00013113980968782344076022095
Colorado,2 wk ahead,Bin,percent,6.9,7, 0.00013113980968782344076022095
Colorado,2 wk ahead,Bin,percent,7,7.1, 0.00013113980968782344076022095
Colorado,2 wk ahead,Bin,percent,7.1,7.2, 0.00013113980968782344076022095
Colorado,2 wk ahead,Bin,percent,7.2,7.3, 0.00013113980968782344076022095
Colorado,2 wk ahead,Bin,percent,7.3,7.4, 0.00013113980968782344076022095
Colorado,2 wk ahead,Bin,percent,7.4,7.5, 0.00013113980968782344076022095
Colorado,2 wk ahead,Bin,percent,7.5,7.6, 0.00013113980968782344076022095
Colorado,2 wk ahead,Bin,percent,7.6,7.7, 0.00013113980968782344076022095
Colorado,2 wk ahead,Bin,percent,7.7,7.8, 0.00013113980968782344076022095
Colorado,2 wk ahead,Bin,percent,7.8,7.9, 0.00013113980968782344076022095
Colorado,2 wk ahead,Bin,percent,7.9,8, 0.00013113980968782344076022095
Colorado,2 wk ahead,Bin,percent,8,8.1, 0.00013113980968782460627755637
Colorado,2 wk ahead,Bin,percent,8.1,8.2, 0.00013113980968782577179489179
Colorado,2 wk ahead,Bin,percent,8.2,8.3, 0.00013113980968782577179489179
Colorado,2 wk ahead,Bin,percent,8.3,8.4, 0.00013113980968782577179489179
Colorado,2 wk ahead,Bin,percent,8.4,8.5, 0.00013113980968782577179489179
Colorado,2 wk ahead,Bin,percent,8.5,8.6, 0.00013113980968782577179489179
Colorado,2 wk ahead,Bin,percent,8.6,8.7, 0.00013113980968782577179489179
Colorado,2 wk ahead,Bin,percent,8.7,8.8, 0.00013113980968782577179489179
Colorado,2 wk ahead,Bin,percent,8.8,8.9, 0.00013113980968782577179489179
Colorado,2 wk ahead,Bin,percent,8.9,9, 0.00013113980968782577179489179
Colorado,2 wk ahead,Bin,percent,9,9.1, 0.00013113980968782577179489179
Colorado,2 wk ahead,Bin,percent,9.1,9.2, 0.00013113980968782577179489179
Colorado,2 wk ahead,Bin,percent,9.2,9.3, 0.00013113980968782577179489179
Colorado,2 wk ahead,Bin,percent,9.3,9.4, 0.00013113980968782577179489179
Colorado,2 wk ahead,Bin,percent,9.4,9.5, 0.00013113980968782577179489179
Colorado,2 wk ahead,Bin,percent,9.5,9.6, 0.00013113980968782577179489179
Colorado,2 wk ahead,Bin,percent,9.6,9.7, 0.00013113980968782577179489179
Colorado,2 wk ahead,Bin,percent,9.7,9.8, 0.00013113980968782577179489179
Colorado,2 wk ahead,Bin,percent,9.8,9.9, 0.00013113980968782577179489179
Colorado,2 wk ahead,Bin,percent,9.9,10, 0.00013113980968782577179489179
Colorado,2 wk ahead,Bin,percent,10,10.1, 0.00013113980968782577179489179
Colorado,2 wk ahead,Bin,percent,10.1,10.2, 0.00013113980968782577179489179
Colorado,2 wk ahead,Bin,percent,10.2,10.3, 0.00013113980968782577179489179
Colorado,2 wk ahead,Bin,percent,10.3,10.4, 0.00013113980968782577179489179
Colorado,2 wk ahead,Bin,percent,10.4,10.5, 0.00013113980968782577179489179
Colorado,2 wk ahead,Bin,percent,10.5,10.6, 0.00013113980968782577179489179
Colorado,2 wk ahead,Bin,percent,10.6,10.7, 0.00013113980968782577179489179
Colorado,2 wk ahead,Bin,percent,10.7,10.8, 0.00013113980968782577179489179
Colorado,2 wk ahead,Bin,percent,10.8,10.9, 0.00013113980968782577179489179
Colorado,2 wk ahead,Bin,percent,10.9,11, 0.00013113980968782577179489179
Colorado,2 wk ahead,Bin,percent,11,11.1, 0.00013113980968782577179489179
Colorado,2 wk ahead,Bin,percent,11.1,11.2, 0.00013113980968782577179489179
Colorado,2 wk ahead,Bin,percent,11.2,11.3, 0.00013113980968782577179489179
Colorado,2 wk ahead,Bin,percent,11.3,11.4, 0.00013113980968782577179489179
Colorado,2 wk ahead,Bin,percent,11.4,11.5, 0.00013113980968782577179489179
Colorado,2 wk ahead,Bin,percent,11.5,11.6, 0.00013113980968782577179489179
Colorado,2 wk ahead,Bin,percent,11.6,11.7, 0.00013113980968782577179489179
Colorado,2 wk ahead,Bin,percent,11.7,11.8, 0.00013113980968782577179489179
Colorado,2 wk ahead,Bin,percent,11.8,11.9, 0.00013113980968782577179489179
Colorado,2 wk ahead,Bin,percent,11.9,12, 0.00013113980968782577179489179
Colorado,2 wk ahead,Bin,percent,12,12.1, 0.00013113980968782577179489179
Colorado,2 wk ahead,Bin,percent,12.1,12.2, 0.00013113980968782577179489179
Colorado,2 wk ahead,Bin,percent,12.2,12.3, 0.00013113980968782577179489179
Colorado,2 wk ahead,Bin,percent,12.3,12.4, 0.00013113980968782577179489179
Colorado,2 wk ahead,Bin,percent,12.4,12.5, 0.00013113980968782577179489179
Colorado,2 wk ahead,Bin,percent,12.5,12.6, 0.00013113980968782577179489179
Colorado,2 wk ahead,Bin,percent,12.6,12.7, 0.00013113980968782577179489179
Colorado,2 wk ahead,Bin,percent,12.7,12.8, 0.00013113980968782577179489179
Colorado,2 wk ahead,Bin,percent,12.8,12.9, 0.00013113980968782577179489179
Colorado,2 wk ahead,Bin,percent,12.9,13, 0.00013113980968782577179489179
Colorado,2 wk ahead,Bin,percent,13,100, 0.00013113980968782577179489179
Colorado,3 wk ahead,Bin,percent,0,0.1, 0.00007582549544156533694733158
Colorado,3 wk ahead,Bin,percent,0.1,0.2, 0.00028509561293405991880961503
Colorado,3 wk ahead,Bin,percent,0.2,0.3, 0.00059818122961288332402329804
Colorado,3 wk ahead,Bin,percent,0.3,0.4, 0.00115443678279717842731499911
Colorado,3 wk ahead,Bin,percent,0.4,0.5, 0.00205340670981380172752106539
Colorado,3 wk ahead,Bin,percent,0.5,0.6, 0.00337753728387544128325403747
Colorado,3 wk ahead,Bin,percent,0.6,0.7, 0.00516547843131591206261576943
Colorado,3 wk ahead,Bin,percent,0.7,0.8, 0.00740857558701233168130251272
Colorado,3 wk ahead,Bin,percent,0.8,0.9, 0.01008853682923614540623002966
Colorado,3 wk ahead,Bin,percent,0.9,1, 0.01324878894430456949260488386
Colorado,3 wk ahead,Bin,percent,1,1.1, 0.01704591351451202260736117466
Colorado,3 wk ahead,Bin,percent,1.1,1.2, 0.02170899230678631150470714317
Colorado,3 wk ahead,Bin,percent,1.2,1.3, 0.02736638985917833749583749636
Colorado,3 wk ahead,Bin,percent,1.3,1.4, 0.03379893317451957562846942551
Colorado,3 wk ahead,Bin,percent,1.4,1.5, 0.04027490117202181529876270361
Colorado,3 wk ahead,Bin,percent,1.5,1.6, 0.04563381014697714954664320430
Colorado,3 wk ahead,Bin,percent,1.6,1.7, 0.04866969274379159132726258008
Colorado,3 wk ahead,Bin,percent,1.7,1.8, 0.04866495417098502113129043778
Colorado,3 wk ahead,Bin,percent,1.8,1.9, 0.04580141035555673756363148641
Colorado,3 wk ahead,Bin,percent,1.9,2, 0.04119962310562665097624091004
Colorado,3 wk ahead,Bin,percent,2,2.1, 0.03654534303504409359364402121
Colorado,3 wk ahead,Bin,percent,2.1,2.2, 0.03347501454531620623811249970
Colorado,3 wk ahead,Bin,percent,2.2,2.3, 0.03301192737091234591373378748
Colorado,3 wk ahead,Bin,percent,2.3,2.4, 0.03527207458404985757072225283
Colorado,3 wk ahead,Bin,percent,2.4,2.5, 0.03951420865033252599607394018
Colorado,3 wk ahead,Bin,percent,2.5,2.6, 0.04443692622369296157947005099
Colorado,3 wk ahead,Bin,percent,2.6,2.7, 0.04857864501849109423181616307
Colorado,3 wk ahead,Bin,percent,2.7,2.8, 0.05068973452903260262791818036
Colorado,3 wk ahead,Bin,percent,2.8,2.9, 0.05000311044997230586206526937
Colorado,3 wk ahead,Bin,percent,2.9,3, 0.04637729041044105077196135767
Colorado,3 wk ahead,Bin,percent,3,3.1, 0.04028871912707448349477701299
Colorado,3 wk ahead,Bin,percent,3.1,3.2, 0.03267683472734137645199226085
Colorado,3 wk ahead,Bin,percent,3.2,3.3, 0.02467259551033057496383094076
Colorado,3 wk ahead,Bin,percent,3.3,3.4, 0.01729692395839143789770808723
Colorado,3 wk ahead,Bin,percent,3.4,3.5, 0.01123319154144351156299208583
Colorado,3 wk ahead,Bin,percent,3.5,3.6, 0.00674495274130529343104001327
Colorado,3 wk ahead,Bin,percent,3.6,3.7, 0.00373842099626150612887154345
Colorado,3 wk ahead,Bin,percent,3.7,3.8, 0.00191009975386787151166445575
Colorado,3 wk ahead,Bin,percent,3.8,3.9, 0.00089886148143690448777259894
Colorado,3 wk ahead,Bin,percent,3.9,4, 0.00040049295144508467855434808
Colorado,3 wk ahead,Bin,percent,4,4.1, 0.00031444119711557667580861808
Colorado,3 wk ahead,Bin,percent,4.1,4.2, 0.00031444119711557667580861808
Colorado,3 wk ahead,Bin,percent,4.2,4.3, 0.00031444119711557667580861808
Colorado,3 wk ahead,Bin,percent,4.3,4.4, 0.00031444119711557667580861808
Colorado,3 wk ahead,Bin,percent,4.4,4.5, 0.00031444119711557667580861808
Colorado,3 wk ahead,Bin,percent,4.5,4.6, 0.00031444119711557667580861808
Colorado,3 wk ahead,Bin,percent,4.6,4.7, 0.00031444119711557667580861808
Colorado,3 wk ahead,Bin,percent,4.7,4.8, 0.00031444119711557667580861808
Colorado,3 wk ahead,Bin,percent,4.8,4.9, 0.00031444119711557667580861808
Colorado,3 wk ahead,Bin,percent,4.9,5, 0.00031444119711557667580861808
Colorado,3 wk ahead,Bin,percent,5,5.1, 0.00031444119711557667580861808
Colorado,3 wk ahead,Bin,percent,5.1,5.2, 0.00031444119711557667580861808
Colorado,3 wk ahead,Bin,percent,5.2,5.3, 0.00031444119711557667580861808
Colorado,3 wk ahead,Bin,percent,5.3,5.4, 0.00031444119711557667580861808
Colorado,3 wk ahead,Bin,percent,5.4,5.5, 0.00031444119711557667580861808
Colorado,3 wk ahead,Bin,percent,5.5,5.6, 0.00031444119711557667580861808
Colorado,3 wk ahead,Bin,percent,5.6,5.7, 0.00031444119711557667580861808
Colorado,3 wk ahead,Bin,percent,5.7,5.8, 0.00031444119711557667580861808
Colorado,3 wk ahead,Bin,percent,5.8,5.9, 0.00031444119711557667580861808
Colorado,3 wk ahead,Bin,percent,5.9,6, 0.00031444119711557667580861808
Colorado,3 wk ahead,Bin,percent,6,6.1, 0.00031444119711557667580861808
Colorado,3 wk ahead,Bin,percent,6.1,6.2, 0.00031444119711557667580861808
Colorado,3 wk ahead,Bin,percent,6.2,6.3, 0.00031444119711557667580861808
Colorado,3 wk ahead,Bin,percent,6.3,6.4, 0.00031444119711557667580861808
Colorado,3 wk ahead,Bin,percent,6.4,6.5, 0.00031444119711557667580861808
Colorado,3 wk ahead,Bin,percent,6.5,6.6, 0.00031444119711557667580861808
Colorado,3 wk ahead,Bin,percent,6.6,6.7, 0.00031444119711557667580861808
Colorado,3 wk ahead,Bin,percent,6.7,6.8, 0.00031444119711557667580861808
Colorado,3 wk ahead,Bin,percent,6.8,6.9, 0.00031444119711557667580861808
Colorado,3 wk ahead,Bin,percent,6.9,7, 0.00031444119711557667580861808
Colorado,3 wk ahead,Bin,percent,7,7.1, 0.00031444119711557667580861808
Colorado,3 wk ahead,Bin,percent,7.1,7.2, 0.00031444119711557667580861808
Colorado,3 wk ahead,Bin,percent,7.2,7.3, 0.00031444119711557667580861808
Colorado,3 wk ahead,Bin,percent,7.3,7.4, 0.00031444119711557667580861808
Colorado,3 wk ahead,Bin,percent,7.4,7.5, 0.00031444119711557667580861808
Colorado,3 wk ahead,Bin,percent,7.5,7.6, 0.00031444119711557667580861808
Colorado,3 wk ahead,Bin,percent,7.6,7.7, 0.00031444119711557667580861808
Colorado,3 wk ahead,Bin,percent,7.7,7.8, 0.00031444119711557667580861808
Colorado,3 wk ahead,Bin,percent,7.8,7.9, 0.00031444119711557667580861808
Colorado,3 wk ahead,Bin,percent,7.9,8, 0.00031444119711557667580861808
Colorado,3 wk ahead,Bin,percent,8,8.1, 0.00031444119711557938631404929
Colorado,3 wk ahead,Bin,percent,8.1,8.2, 0.00031444119711558220523969776
Colorado,3 wk ahead,Bin,percent,8.2,8.3, 0.00031444119711558220523969776
Colorado,3 wk ahead,Bin,percent,8.3,8.4, 0.00031444119711558220523969776
Colorado,3 wk ahead,Bin,percent,8.4,8.5, 0.00031444119711558220523969776
Colorado,3 wk ahead,Bin,percent,8.5,8.6, 0.00031444119711558220523969776
Colorado,3 wk ahead,Bin,percent,8.6,8.7, 0.00031444119711558220523969776
Colorado,3 wk ahead,Bin,percent,8.7,8.8, 0.00031444119711558220523969776
Colorado,3 wk ahead,Bin,percent,8.8,8.9, 0.00031444119711558220523969776
Colorado,3 wk ahead,Bin,percent,8.9,9, 0.00031444119711558220523969776
Colorado,3 wk ahead,Bin,percent,9,9.1, 0.00031444119711558220523969776
Colorado,3 wk ahead,Bin,percent,9.1,9.2, 0.00031444119711558220523969776
Colorado,3 wk ahead,Bin,percent,9.2,9.3, 0.00031444119711558220523969776
Colorado,3 wk ahead,Bin,percent,9.3,9.4, 0.00031444119711558220523969776
Colorado,3 wk ahead,Bin,percent,9.4,9.5, 0.00031444119711558220523969776
Colorado,3 wk ahead,Bin,percent,9.5,9.6, 0.00031444119711558220523969776
Colorado,3 wk ahead,Bin,percent,9.6,9.7, 0.00031444119711558220523969776
Colorado,3 wk ahead,Bin,percent,9.7,9.8, 0.00031444119711558220523969776
Colorado,3 wk ahead,Bin,percent,9.8,9.9, 0.00031444119711558220523969776
Colorado,3 wk ahead,Bin,percent,9.9,10, 0.00031444119711558220523969776
Colorado,3 wk ahead,Bin,percent,10,10.1, 0.00031444119711558220523969776
Colorado,3 wk ahead,Bin,percent,10.1,10.2, 0.00031444119711558220523969776
Colorado,3 wk ahead,Bin,percent,10.2,10.3, 0.00031444119711558220523969776
Colorado,3 wk ahead,Bin,percent,10.3,10.4, 0.00031444119711558220523969776
Colorado,3 wk ahead,Bin,percent,10.4,10.5, 0.00031444119711558220523969776
Colorado,3 wk ahead,Bin,percent,10.5,10.6, 0.00031444119711558220523969776
Colorado,3 wk ahead,Bin,percent,10.6,10.7, 0.00031444119711558220523969776
Colorado,3 wk ahead,Bin,percent,10.7,10.8, 0.00031444119711558220523969776
Colorado,3 wk ahead,Bin,percent,10.8,10.9, 0.00031444119711558220523969776
Colorado,3 wk ahead,Bin,percent,10.9,11, 0.00031444119711558220523969776
Colorado,3 wk ahead,Bin,percent,11,11.1, 0.00031444119711558220523969776
Colorado,3 wk ahead,Bin,percent,11.1,11.2, 0.00031444119711558220523969776
Colorado,3 wk ahead,Bin,percent,11.2,11.3, 0.00031444119711558220523969776
Colorado,3 wk ahead,Bin,percent,11.3,11.4, 0.00031444119711558220523969776
Colorado,3 wk ahead,Bin,percent,11.4,11.5, 0.00031444119711558220523969776
Colorado,3 wk ahead,Bin,percent,11.5,11.6, 0.00031444119711558220523969776
Colorado,3 wk ahead,Bin,percent,11.6,11.7, 0.00031444119711558220523969776
Colorado,3 wk ahead,Bin,percent,11.7,11.8, 0.00031444119711558220523969776
Colorado,3 wk ahead,Bin,percent,11.8,11.9, 0.00031444119711558220523969776
Colorado,3 wk ahead,Bin,percent,11.9,12, 0.00031444119711558220523969776
Colorado,3 wk ahead,Bin,percent,12,12.1, 0.00031444119711558220523969776
Colorado,3 wk ahead,Bin,percent,12.1,12.2, 0.00031444119711558220523969776
Colorado,3 wk ahead,Bin,percent,12.2,12.3, 0.00031444119711558220523969776
Colorado,3 wk ahead,Bin,percent,12.3,12.4, 0.00031444119711558220523969776
Colorado,3 wk ahead,Bin,percent,12.4,12.5, 0.00031444119711558220523969776
Colorado,3 wk ahead,Bin,percent,12.5,12.6, 0.00031444119711558220523969776
Colorado,3 wk ahead,Bin,percent,12.6,12.7, 0.00031444119711558220523969776
Colorado,3 wk ahead,Bin,percent,12.7,12.8, 0.00031444119711558220523969776
Colorado,3 wk ahead,Bin,percent,12.8,12.9, 0.00031444119711558220523969776
Colorado,3 wk ahead,Bin,percent,12.9,13, 0.00031444119711558220523969776
Colorado,3 wk ahead,Bin,percent,13,100, 0.00031444119711558220523969776
Colorado,4 wk ahead,Bin,percent,0,0.1, 0.00008405892390068558494425899
Colorado,4 wk ahead,Bin,percent,0.1,0.2, 0.00016811784780137119699357229
Colorado,4 wk ahead,Bin,percent,0.2,0.3, 0.00016811784780137111567840935
Colorado,4 wk ahead,Bin,percent,0.3,0.4, 0.00016811784780137111567840935
Colorado,4 wk ahead,Bin,percent,0.4,0.5, 0.00019977107961304728335136249
Colorado,4 wk ahead,Bin,percent,0.5,0.6, 0.00060517489586871557258329624
Colorado,4 wk ahead,Bin,percent,0.6,0.7, 0.00171637752531890322785224079
Colorado,4 wk ahead,Bin,percent,0.7,0.8, 0.00397587482181619746024470174
Colorado,4 wk ahead,Bin,percent,0.8,0.9, 0.00755372787017127410996719661
Colorado,4 wk ahead,Bin,percent,0.9,1, 0.01191425890834404976992288994
Colorado,4 wk ahead,Bin,percent,1,1.1, 0.01612411936091273645388355362
Colorado,4 wk ahead,Bin,percent,1.1,1.2, 0.02019263747028537600569642052
Colorado,4 wk ahead,Bin,percent,1.2,1.3, 0.02616907132128926116720890604
Colorado,4 wk ahead,Bin,percent,1.3,1.4, 0.03686204260050796738257261609
Colorado,4 wk ahead,Bin,percent,1.4,1.5, 0.05214246164635643471241266411
Colorado,4 wk ahead,Bin,percent,1.5,1.6, 0.06651527987028872657138123259
Colorado,4 wk ahead,Bin,percent,1.6,1.7, 0.07192166382548206837732607255
Colorado,4 wk ahead,Bin,percent,1.7,1.8, 0.06428848868510521341601560152
Colorado,4 wk ahead,Bin,percent,1.8,1.9, 0.04717490143040720812495081304
Colorado,4 wk ahead,Bin,percent,1.9,2, 0.02876119673003308188641291565
Colorado,4 wk ahead,Bin,percent,2,2.1, 0.01607027217752650741222630870
Colorado,4 wk ahead,Bin,percent,2.1,2.2, 0.01239287358621843707084941855
Colorado,4 wk ahead,Bin,percent,2.2,2.3, 0.01848636843398186735409893799
Colorado,4 wk ahead,Bin,percent,2.3,2.4, 0.03368728705815281221358503672
Colorado,4 wk ahead,Bin,percent,2.4,2.5, 0.05471366665901796627613506985
Colorado,4 wk ahead,Bin,percent,2.5,2.6, 0.07442513268667115544641177394
Colorado,4 wk ahead,Bin,percent,2.6,2.7, 0.08411864724994361219856386924
Colorado,4 wk ahead,Bin,percent,2.7,2.8, 0.07896195949740433817076734613
Colorado,4 wk ahead,Bin,percent,2.8,2.9, 0.06157334834166434262003875233
Colorado,4 wk ahead,Bin,percent,2.9,3, 0.03988088497627988171512214421
Colorado,4 wk ahead,Bin,percent,3,3.1, 0.02144462635174673378890553010
Colorado,4 wk ahead,Bin,percent,3.1,3.2, 0.00956453837163270641219536827
Colorado,4 wk ahead,Bin,percent,3.2,3.3, 0.00353440894546127671108082247
Colorado,4 wk ahead,Bin,percent,3.3,3.4, 0.00108060124275372211599677286
Colorado,4 wk ahead,Bin,percent,3.4,3.5, 0.00036713066397391688061579984
Colorado,4 wk ahead,Bin,percent,3.5,3.6, 0.00034367492967151330512595719
Colorado,4 wk ahead,Bin,percent,3.6,3.7, 0.00034367492967151330512595719
Colorado,4 wk ahead,Bin,percent,3.7,3.8, 0.00034367492967151330512595719
Colorado,4 wk ahead,Bin,percent,3.8,3.9, 0.00034367492967151330512595719
Colorado,4 wk ahead,Bin,percent,3.9,4, 0.00034367492967151330512595719
Colorado,4 wk ahead,Bin,percent,4,4.1, 0.00034367492967151330512595719
Colorado,4 wk ahead,Bin,percent,4.1,4.2, 0.00034367492967151330512595719
Colorado,4 wk ahead,Bin,percent,4.2,4.3, 0.00034367492967151330512595719
Colorado,4 wk ahead,Bin,percent,4.3,4.4, 0.00034367492967151330512595719
Colorado,4 wk ahead,Bin,percent,4.4,4.5, 0.00034367492967151330512595719
Colorado,4 wk ahead,Bin,percent,4.5,4.6, 0.00034367492967151330512595719
Colorado,4 wk ahead,Bin,percent,4.6,4.7, 0.00034367492967151330512595719
Colorado,4 wk ahead,Bin,percent,4.7,4.8, 0.00034367492967151330512595719
Colorado,4 wk ahead,Bin,percent,4.8,4.9, 0.00034367492967151330512595719
Colorado,4 wk ahead,Bin,percent,4.9,5, 0.00034367492967151330512595719
Colorado,4 wk ahead,Bin,percent,5,5.1, 0.00034367492967151330512595719
Colorado,4 wk ahead,Bin,percent,5.1,5.2, 0.00034367492967151330512595719
Colorado,4 wk ahead,Bin,percent,5.2,5.3, 0.00034367492967151330512595719
Colorado,4 wk ahead,Bin,percent,5.3,5.4, 0.00034367492967151330512595719
Colorado,4 wk ahead,Bin,percent,5.4,5.5, 0.00034367492967151330512595719
Colorado,4 wk ahead,Bin,percent,5.5,5.6, 0.00034367492967151330512595719
Colorado,4 wk ahead,Bin,percent,5.6,5.7, 0.00034367492967151330512595719
Colorado,4 wk ahead,Bin,percent,5.7,5.8, 0.00034367492967151330512595719
Colorado,4 wk ahead,Bin,percent,5.8,5.9, 0.00034367492967151330512595719
Colorado,4 wk ahead,Bin,percent,5.9,6, 0.00034367492967151330512595719
Colorado,4 wk ahead,Bin,percent,6,6.1, 0.00034367492967151330512595719
Colorado,4 wk ahead,Bin,percent,6.1,6.2, 0.00034367492967151330512595719
Colorado,4 wk ahead,Bin,percent,6.2,6.3, 0.00034367492967151330512595719
Colorado,4 wk ahead,Bin,percent,6.3,6.4, 0.00034367492967151330512595719
Colorado,4 wk ahead,Bin,percent,6.4,6.5, 0.00034367492967151330512595719
Colorado,4 wk ahead,Bin,percent,6.5,6.6, 0.00034367492967151330512595719
Colorado,4 wk ahead,Bin,percent,6.6,6.7, 0.00034367492967151330512595719
Colorado,4 wk ahead,Bin,percent,6.7,6.8, 0.00034367492967151330512595719
Colorado,4 wk ahead,Bin,percent,6.8,6.9, 0.00034367492967151330512595719
Colorado,4 wk ahead,Bin,percent,6.9,7, 0.00034367492967151330512595719
Colorado,4 wk ahead,Bin,percent,7,7.1, 0.00034367492967151330512595719
Colorado,4 wk ahead,Bin,percent,7.1,7.2, 0.00034367492967151330512595719
Colorado,4 wk ahead,Bin,percent,7.2,7.3, 0.00034367492967151330512595719
Colorado,4 wk ahead,Bin,percent,7.3,7.4, 0.00034367492967151330512595719
Colorado,4 wk ahead,Bin,percent,7.4,7.5, 0.00034367492967151330512595719
Colorado,4 wk ahead,Bin,percent,7.5,7.6, 0.00034367492967151330512595719
Colorado,4 wk ahead,Bin,percent,7.6,7.7, 0.00034367492967151330512595719
Colorado,4 wk ahead,Bin,percent,7.7,7.8, 0.00034367492967151330512595719
Colorado,4 wk ahead,Bin,percent,7.8,7.9, 0.00034367492967151330512595719
Colorado,4 wk ahead,Bin,percent,7.9,8, 0.00034367492967151330512595719
Colorado,4 wk ahead,Bin,percent,8,8.1, 0.00034367492967151634089204015
Colorado,4 wk ahead,Bin,percent,8.1,8.2, 0.00034367492967151943086823174
Colorado,4 wk ahead,Bin,percent,8.2,8.3, 0.00034367492967151943086823174
Colorado,4 wk ahead,Bin,percent,8.3,8.4, 0.00034367492967151943086823174
Colorado,4 wk ahead,Bin,percent,8.4,8.5, 0.00034367492967151943086823174
Colorado,4 wk ahead,Bin,percent,8.5,8.6, 0.00034367492967151943086823174
Colorado,4 wk ahead,Bin,percent,8.6,8.7, 0.00034367492967151943086823174
Colorado,4 wk ahead,Bin,percent,8.7,8.8, 0.00034367492967151943086823174
Colorado,4 wk ahead,Bin,percent,8.8,8.9, 0.00034367492967151943086823174
Colorado,4 wk ahead,Bin,percent,8.9,9, 0.00034367492967151943086823174
Colorado,4 wk ahead,Bin,percent,9,9.1, 0.00034367492967151943086823174
Colorado,4 wk ahead,Bin,percent,9.1,9.2, 0.00034367492967151943086823174
Colorado,4 wk ahead,Bin,percent,9.2,9.3, 0.00034367492967151943086823174
Colorado,4 wk ahead,Bin,percent,9.3,9.4, 0.00034367492967151943086823174
Colorado,4 wk ahead,Bin,percent,9.4,9.5, 0.00034367492967151943086823174
Colorado,4 wk ahead,Bin,percent,9.5,9.6, 0.00034367492967151943086823174
Colorado,4 wk ahead,Bin,percent,9.6,9.7, 0.00034367492967151943086823174
Colorado,4 wk ahead,Bin,percent,9.7,9.8, 0.00034367492967151943086823174
Colorado,4 wk ahead,Bin,percent,9.8,9.9, 0.00034367492967151943086823174
Colorado,4 wk ahead,Bin,percent,9.9,10, 0.00034367492967151943086823174
Colorado,4 wk ahead,Bin,percent,10,10.1, 0.00034367492967151943086823174
Colorado,4 wk ahead,Bin,percent,10.1,10.2, 0.00034367492967151943086823174
Colorado,4 wk ahead,Bin,percent,10.2,10.3, 0.00034367492967151943086823174
Colorado,4 wk ahead,Bin,percent,10.3,10.4, 0.00034367492967151943086823174
Colorado,4 wk ahead,Bin,percent,10.4,10.5, 0.00034367492967151943086823174
Colorado,4 wk ahead,Bin,percent,10.5,10.6, 0.00034367492967151943086823174
Colorado,4 wk ahead,Bin,percent,10.6,10.7, 0.00034367492967151943086823174
Colorado,4 wk ahead,Bin,percent,10.7,10.8, 0.00034367492967151943086823174
Colorado,4 wk ahead,Bin,percent,10.8,10.9, 0.00034367492967151943086823174
Colorado,4 wk ahead,Bin,percent,10.9,11, 0.00034367492967151943086823174
Colorado,4 wk ahead,Bin,percent,11,11.1, 0.00034367492967151943086823174
Colorado,4 wk ahead,Bin,percent,11.1,11.2, 0.00034367492967151943086823174
Colorado,4 wk ahead,Bin,percent,11.2,11.3, 0.00034367492967151943086823174
Colorado,4 wk ahead,Bin,percent,11.3,11.4, 0.00034367492967151943086823174
Colorado,4 wk ahead,Bin,percent,11.4,11.5, 0.00034367492967151943086823174
Colorado,4 wk ahead,Bin,percent,11.5,11.6, 0.00034367492967151943086823174
Colorado,4 wk ahead,Bin,percent,11.6,11.7, 0.00034367492967151943086823174
Colorado,4 wk ahead,Bin,percent,11.7,11.8, 0.00034367492967151943086823174
Colorado,4 wk ahead,Bin,percent,11.8,11.9, 0.00034367492967151943086823174
Colorado,4 wk ahead,Bin,percent,11.9,12, 0.00034367492967151943086823174
Colorado,4 wk ahead,Bin,percent,12,12.1, 0.00034367492967151943086823174
Colorado,4 wk ahead,Bin,percent,12.1,12.2, 0.00034367492967151943086823174
Colorado,4 wk ahead,Bin,percent,12.2,12.3, 0.00034367492967151943086823174
Colorado,4 wk ahead,Bin,percent,12.3,12.4, 0.00034367492967151943086823174
Colorado,4 wk ahead,Bin,percent,12.4,12.5, 0.00034367492967151943086823174
Colorado,4 wk ahead,Bin,percent,12.5,12.6, 0.00034367492967151943086823174
Colorado,4 wk ahead,Bin,percent,12.6,12.7, 0.00034367492967151943086823174
Colorado,4 wk ahead,Bin,percent,12.7,12.8, 0.00034367492967151943086823174
Colorado,4 wk ahead,Bin,percent,12.8,12.9, 0.00034367492967151943086823174
Colorado,4 wk ahead,Bin,percent,12.9,13, 0.00034367492967151943086823174
Colorado,4 wk ahead,Bin,percent,13,100, 0.00034367492967151943086823174
California,Season peak week,Bin,week,40,41, 0.00150742683647319482449777883
California,Season peak week,Bin,week,41,42, 0.00150742683647319482449777883
California,Season peak week,Bin,week,42,43, 0.00150742683647319482449777883
California,Season peak week,Bin,week,43,44, 0.00150742683647319482449777883
California,Season peak week,Bin,week,44,45, 0.00150742683647319482449777883
California,Season peak week,Bin,week,45,46, 0.00150742683647319482449777883
California,Season peak week,Bin,week,46,47, 0.00150742683647319482449777883
California,Season peak week,Bin,week,47,48, 0.00150742683647319482449777883
California,Season peak week,Bin,week,48,49, 0.00150742683647319482449777883
California,Season peak week,Bin,week,49,50, 0.00262916699219755767638617705
California,Season peak week,Bin,week,50,51, 0.02250348582286883225567208910
California,Season peak week,Bin,week,51,52, 0.09269836916919781122370380899
California,Season peak week,Bin,week,52,53, 0.17086288002162064447730926986
California,Season peak week,Bin,week,1,2, 0.15035616776743834788199194463
California,Season peak week,Bin,week,2,3, 0.06754005353475397988027850715
California,Season peak week,Bin,week,3,4, 0.03200886627315831234330545385
California,Season peak week,Bin,week,4,5, 0.07043644401096900431458180947
California,Season peak week,Bin,week,5,6, 0.10898466796145851731569820231
California,Season peak week,Bin,week,6,7, 0.08003309526571071585987482422
California,Season peak week,Bin,week,7,8, 0.05997587429606315162500251859
California,Season peak week,Bin,week,8,9, 0.06726373013424750968436427456
California,Season peak week,Bin,week,9,10, 0.04194678911833776141504515067
California,Season peak week,Bin,week,10,11, 0.01098282264016239677395514462
California,Season peak week,Bin,week,11,12, 0.00132715856140130277276978354
California,Season peak week,Bin,week,12,13, 0.00076484298912838982395512311
California,Season peak week,Bin,week,13,14, 0.00076484298912838982395512311
California,Season peak week,Bin,week,14,15, 0.00076484298912838982395512311
California,Season peak week,Bin,week,15,16, 0.00076484298912838982395512311
California,Season peak week,Bin,week,16,17, 0.00076484298912838982395512311
California,Season peak week,Bin,week,17,18, 0.00076484298912838982395512311
California,Season peak week,Bin,week,18,19, 0.00076484298912838982395512311
California,Season peak week,Bin,week,19,20, 0.00076484298912838982395512311
California,Season peak week,Bin,week,20,21, 0.00076484298912838982395512311
California,Season peak percentage,Bin,percent,0,0.1, 0.00040310072810243228157156548
California,Season peak percentage,Bin,percent,0.1,0.2, 0.00080620145620486456314313095
California,Season peak percentage,Bin,percent,0.2,0.3, 0.00080620145620486423788247921
California,Season peak percentage,Bin,percent,0.3,0.4, 0.00080620145620486423788247921
California,Season peak percentage,Bin,percent,0.4,0.5, 0.00080620145620486423788247921
California,Season peak percentage,Bin,percent,0.5,0.6, 0.00080620145620486477998356545
California,Season peak percentage,Bin,percent,0.6,0.7, 0.00080620145620486510524421719
California,Season peak percentage,Bin,percent,0.7,0.8, 0.00080620145620486510524421719
California,Season peak percentage,Bin,percent,0.8,0.9, 0.00080620145620486510524421719
California,Season peak percentage,Bin,percent,0.9,1, 0.00080620145620486510524421719
California,Season peak percentage,Bin,percent,1,1.1, 0.00080620145620486510524421719
California,Season peak percentage,Bin,percent,1.1,1.2, 0.00080620145620486510524421719
California,Season peak percentage,Bin,percent,1.2,1.3, 0.00080620145620486510524421719
California,Season peak percentage,Bin,percent,1.3,1.4, 0.00080620145620486510524421719
California,Season peak percentage,Bin,percent,1.4,1.5, 0.00080620145620486510524421719
California,Season peak percentage,Bin,percent,1.5,1.6, 0.00080620145620486510524421719
California,Season peak percentage,Bin,percent,1.6,1.7, 0.00080620145620486510524421719
California,Season peak percentage,Bin,percent,1.7,1.8, 0.00080620145620486510524421719
California,Season peak percentage,Bin,percent,1.8,1.9, 0.00080620145620486510524421719
California,Season peak percentage,Bin,percent,1.9,2, 0.00080620145620486510524421719
California,Season peak percentage,Bin,percent,2,2.1, 0.00080620145620486337052074122
California,Season peak percentage,Bin,percent,2.1,2.2, 0.00080620145620486152737704799
California,Season peak percentage,Bin,percent,2.2,2.3, 0.00080620145620486152737704799
California,Season peak percentage,Bin,percent,2.3,2.4, 0.00080620145620486152737704799
California,Season peak percentage,Bin,percent,2.4,2.5, 0.00080620145620486152737704799
California,Season peak percentage,Bin,percent,2.5,2.6, 0.00080620145620486152737704799
California,Season peak percentage,Bin,percent,2.6,2.7, 0.00080620145620486152737704799
California,Season peak percentage,Bin,percent,2.7,2.8, 0.00080620145620486152737704799
California,Season peak percentage,Bin,percent,2.8,2.9, 0.00080620145620486152737704799
California,Season peak percentage,Bin,percent,2.9,3, 0.00080620145620486152737704799
California,Season peak percentage,Bin,percent,3,3.1, 0.00080620145620486152737704799
California,Season peak percentage,Bin,percent,3.1,3.2, 0.00080620145620486152737704799
California,Season peak percentage,Bin,percent,3.2,3.3, 0.00080620145620486152737704799
California,Season peak percentage,Bin,percent,3.3,3.4, 0.00080620145620486152737704799
California,Season peak percentage,Bin,percent,3.4,3.5, 0.00080620145620486152737704799
California,Season peak percentage,Bin,percent,3.5,3.6, 0.00080620145620486152737704799
California,Season peak percentage,Bin,percent,3.6,3.7, 0.00080620145620486152737704799
California,Season peak percentage,Bin,percent,3.7,3.8, 0.00080620145620486152737704799
California,Season peak percentage,Bin,percent,3.8,3.9, 0.00080620145620486152737704799
California,Season peak percentage,Bin,percent,3.9,4, 0.00080620145620486152737704799
California,Season peak percentage,Bin,percent,4,4.1, 0.00080620145620486152737704799
California,Season peak percentage,Bin,percent,4.1,4.2, 0.00116002548166475221227966763
California,Season peak percentage,Bin,percent,4.2,4.3, 0.01014469354792718429336684238
California,Season peak percentage,Bin,percent,4.3,4.4, 0.04265157212192496188896129183
California,Season peak percentage,Bin,percent,4.4,4.5, 0.06874545840673940144682774189
California,Season peak percentage,Bin,percent,4.5,4.6, 0.04265186755493319964438470038
California,Season peak percentage,Bin,percent,4.6,4.7, 0.01016867168480523227203082826
California,Season peak percentage,Bin,percent,4.7,4.8, 0.00166119951630483908208701926
California,Season peak percentage,Bin,percent,4.8,4.9, 0.00912589091608361283047834434
California,Season peak percentage,Bin,percent,4.9,5, 0.04789076046887930787621101558
California,Season peak percentage,Bin,percent,5,5.1, 0.12380290112981814920622980480
California,Season peak percentage,Bin,percent,5.1,5.2, 0.17780424785844389790057107348
California,Season peak percentage,Bin,percent,5.2,5.3, 0.14692914579308866129814248325
California,Season peak percentage,Bin,percent,5.3,5.4, 0.06437033808273469326355353815
California,Season peak percentage,Bin,percent,5.4,5.5, 0.01309231659456065038904526432
California,Season peak percentage,Bin,percent,5.5,5.6, 0.00110868692023954624331638641
California,Season peak percentage,Bin,percent,5.6,5.7, 0.00003689139363976642931259101
California,Season peak percentage,Bin,percent,5.7,5.8, 0.00002818039989569950918321499
California,Season peak percentage,Bin,percent,5.8,5.9, 0.00082075764359487051510105848
California,Season peak percentage,Bin,percent,5.9,6, 0.00909973914104477907272006121
California,Season peak percentage,Bin,percent,6,6.1, 0.03825939967764514088033322992
California,Season peak percentage,Bin,percent,6.1,6.2, 0.06166619565926542700928791874
California,Season peak percentage,Bin,percent,6.2,6.3, 0.03825940314923561430537901629
California,Season peak percentage,Bin,percent,6.3,6.4, 0.00910001439540078504997211439
California,Season peak percentage,Bin,percent,6.4,6.5, 0.00104056850335701531889975868
California,Season peak percentage,Bin,percent,6.5,6.6, 0.00072318053003750241199826254
California,Season peak percentage,Bin,percent,6.6,6.7, 0.00072318053003750241199826254
California,Season peak percentage,Bin,percent,6.7,6.8, 0.00072318053003750241199826254
California,Season peak percentage,Bin,percent,6.8,6.9, 0.00072318053003750241199826254
California,Season peak percentage,Bin,percent,6.9,7, 0.00072318053003750241199826254
California,Season peak percentage,Bin,percent,7,7.1, 0.00072318053003750241199826254
California,Season peak percentage,Bin,percent,7.1,7.2, 0.00072318053003750241199826254
California,Season peak percentage,Bin,percent,7.2,7.3, 0.00072318053003750241199826254
California,Season peak percentage,Bin,percent,7.3,7.4, 0.00072318053003750241199826254
California,Season peak percentage,Bin,percent,7.4,7.5, 0.00072318053003750241199826254
California,Season peak percentage,Bin,percent,7.5,7.6, 0.00072318053003750241199826254
California,Season peak percentage,Bin,percent,7.6,7.7, 0.00072318053003750241199826254
California,Season peak percentage,Bin,percent,7.7,7.8, 0.00072318053003750241199826254
California,Season peak percentage,Bin,percent,7.8,7.9, 0.00072318053003750241199826254
California,Season peak percentage,Bin,percent,7.9,8, 0.00072318053003750241199826254
California,Season peak percentage,Bin,percent,8,8.1, 0.00072318053003750880879108021
California,Season peak percentage,Bin,percent,8.1,8.2, 0.00072318053003751509716368062
California,Season peak percentage,Bin,percent,8.2,8.3, 0.00072318053003751509716368062
California,Season peak percentage,Bin,percent,8.3,8.4, 0.00072318053003751509716368062
California,Season peak percentage,Bin,percent,8.4,8.5, 0.00072318053003751509716368062
California,Season peak percentage,Bin,percent,8.5,8.6, 0.00072318053003751509716368062
California,Season peak percentage,Bin,percent,8.6,8.7, 0.00072318053003751509716368062
California,Season peak percentage,Bin,percent,8.7,8.8, 0.00072318053003751509716368062
California,Season peak percentage,Bin,percent,8.8,8.9, 0.00072318053003751509716368062
California,Season peak percentage,Bin,percent,8.9,9, 0.00072318053003751509716368062
California,Season peak percentage,Bin,percent,9,9.1, 0.00072318053003751509716368062
California,Season peak percentage,Bin,percent,9.1,9.2, 0.00072318053003751509716368062
California,Season peak percentage,Bin,percent,9.2,9.3, 0.00072318053003751509716368062
California,Season peak percentage,Bin,percent,9.3,9.4, 0.00072318053003751509716368062
California,Season peak percentage,Bin,percent,9.4,9.5, 0.00072318053003751509716368062
California,Season peak percentage,Bin,percent,9.5,9.6, 0.00072318053003751509716368062
California,Season peak percentage,Bin,percent,9.6,9.7, 0.00072318053003751509716368062
California,Season peak percentage,Bin,percent,9.7,9.8, 0.00072318053003751509716368062
California,Season peak percentage,Bin,percent,9.8,9.9, 0.00072318053003751509716368062
California,Season peak percentage,Bin,percent,9.9,10, 0.00072318053003751509716368062
California,Season peak percentage,Bin,percent,10,10.1, 0.00072318053003751509716368062
California,Season peak percentage,Bin,percent,10.1,10.2, 0.00072318053003751509716368062
California,Season peak percentage,Bin,percent,10.2,10.3, 0.00072318053003751509716368062
California,Season peak percentage,Bin,percent,10.3,10.4, 0.00072318053003751509716368062
California,Season peak percentage,Bin,percent,10.4,10.5, 0.00072318053003751509716368062
California,Season peak percentage,Bin,percent,10.5,10.6, 0.00072318053003751509716368062
California,Season peak percentage,Bin,percent,10.6,10.7, 0.00072318053003751509716368062
California,Season peak percentage,Bin,percent,10.7,10.8, 0.00072318053003751509716368062
California,Season peak percentage,Bin,percent,10.8,10.9, 0.00072318053003751509716368062
California,Season peak percentage,Bin,percent,10.9,11, 0.00072318053003751509716368062
California,Season peak percentage,Bin,percent,11,11.1, 0.00072318053003751509716368062
California,Season peak percentage,Bin,percent,11.1,11.2, 0.00072318053003751509716368062
California,Season peak percentage,Bin,percent,11.2,11.3, 0.00072318053003751509716368062
California,Season peak percentage,Bin,percent,11.3,11.4, 0.00072318053003751509716368062
California,Season peak percentage,Bin,percent,11.4,11.5, 0.00072318053003751509716368062
California,Season peak percentage,Bin,percent,11.5,11.6, 0.00072318053003751509716368062
California,Season peak percentage,Bin,percent,11.6,11.7, 0.00072318053003751509716368062
California,Season peak percentage,Bin,percent,11.7,11.8, 0.00072318053003751509716368062
California,Season peak percentage,Bin,percent,11.8,11.9, 0.00072318053003751509716368062
California,Season peak percentage,Bin,percent,11.9,12, 0.00072318053003751509716368062
California,Season peak percentage,Bin,percent,12,12.1, 0.00072318053003751509716368062
California,Season peak percentage,Bin,percent,12.1,12.2, 0.00072318053003751509716368062
California,Season peak percentage,Bin,percent,12.2,12.3, 0.00072318053003751509716368062
California,Season peak percentage,Bin,percent,12.3,12.4, 0.00072318053003751509716368062
California,Season peak percentage,Bin,percent,12.4,12.5, 0.00072318053003751509716368062
California,Season peak percentage,Bin,percent,12.5,12.6, 0.00072318053003751509716368062
California,Season peak percentage,Bin,percent,12.6,12.7, 0.00072318053003751509716368062
California,Season peak percentage,Bin,percent,12.7,12.8, 0.00072318053003751509716368062
California,Season peak percentage,Bin,percent,12.8,12.9, 0.00072318053003751509716368062
California,Season peak percentage,Bin,percent,12.9,13, 0.00072318053003751509716368062
California,Season peak percentage,Bin,percent,13,100, 0.00072318053003751509716368062
California,1 wk ahead,Bin,percent,0,0.1, 0.00012474262386970931711094313
California,1 wk ahead,Bin,percent,0.1,0.2, 0.00024948524773941863422188625
California,1 wk ahead,Bin,percent,0.2,0.3, 0.00024948524773941852580166900
California,1 wk ahead,Bin,percent,0.3,0.4, 0.00024948524773941852580166900
California,1 wk ahead,Bin,percent,0.4,0.5, 0.00024948524773941852580166900
California,1 wk ahead,Bin,percent,0.5,0.6, 0.00024948524773941868843199487
California,1 wk ahead,Bin,percent,0.6,0.7, 0.00024948524773941885106232075
California,1 wk ahead,Bin,percent,0.7,0.8, 0.00024948524773941885106232075
California,1 wk ahead,Bin,percent,0.8,0.9, 0.00024948524773941885106232075
California,1 wk ahead,Bin,percent,0.9,1, 0.00024948524773941885106232075
California,1 wk ahead,Bin,percent,1,1.1, 0.00024948524773941885106232075
California,1 wk ahead,Bin,percent,1.1,1.2, 0.00024948524773941885106232075
California,1 wk ahead,Bin,percent,1.2,1.3, 0.00024948524773941885106232075
California,1 wk ahead,Bin,percent,1.3,1.4, 0.00024948524773941885106232075
California,1 wk ahead,Bin,percent,1.4,1.5, 0.00024948524773941885106232075
California,1 wk ahead,Bin,percent,1.5,1.6, 0.00024948524773941885106232075
California,1 wk ahead,Bin,percent,1.6,1.7, 0.00024948524773941885106232075
California,1 wk ahead,Bin,percent,1.7,1.8, 0.00025611474252507522011632068
California,1 wk ahead,Bin,percent,1.8,1.9, 0.00048037640971896315321074122
California,1 wk ahead,Bin,percent,1.9,2, 0.00104165736342569392215706703
California,1 wk ahead,Bin,percent,2,2.1, 0.00206997186777236729521289860
California,1 wk ahead,Bin,percent,2.1,2.2, 0.00376987253854012011738960908
California,1 wk ahead,Bin,percent,2.2,2.3, 0.00629181566450580376237411429
California,1 wk ahead,Bin,percent,2.3,2.4, 0.00962363749260867866464064235
California,1 wk ahead,Bin,percent,2.4,2.5, 0.01348993142306621068060579205
California,1 wk ahead,Bin,percent,2.5,2.6, 0.01733001353697475113713188932
California,1 wk ahead,Bin,percent,2.6,2.7, 0.02040454655757273014216046647
California,1 wk ahead,Bin,percent,2.7,2.8, 0.02202300525579707971002285660
California,1 wk ahead,Bin,percent,2.8,2.9, 0.02180047156015568754483524572
California,1 wk ahead,Bin,percent,2.9,3, 0.01982453340318384230056558692
California,1 wk ahead,Bin,percent,3,3.1, 0.01664399977578736797290126503
California,1 wk ahead,Bin,percent,3.1,3.2, 0.01309565642976680786835341763
California,1 wk ahead,Bin,percent,3.2,3.3, 0.01006878370437286687733013935
California,1 wk ahead,Bin,percent,3.3,3.4, 0.00831380574435451949466546751
California,1 wk ahead,Bin,percent,3.4,3.5, 0.00835046450517313958161746967
California,1 wk ahead,Bin,percent,3.5,3.6, 0.01044764148551726758162860875
California,1 wk ahead,Bin,percent,3.6,3.7, 0.01462270067768145845321647869
California,1 wk ahead,Bin,percent,3.7,3.8, 0.02063220861009035581035142570
California,1 wk ahead,Bin,percent,3.8,3.9, 0.02797673896205536692161075507
California,1 wk ahead,Bin,percent,3.9,4, 0.03596007123450900566652421730
California,1 wk ahead,Bin,percent,4,4.1, 0.04380989081502809773249751402
California,1 wk ahead,Bin,percent,4.1,4.2, 0.05081485536504905253796238185
California,1 wk ahead,Bin,percent,4.2,4.3, 0.05641650019240171398671179759
California,1 wk ahead,Bin,percent,4.3,4.4, 0.06023282798991694275692054816
California,1 wk ahead,Bin,percent,4.4,4.5, 0.06203966861231011153954284509
California,1 wk ahead,Bin,percent,4.5,4.6, 0.06176060179381897413675162056
California,1 wk ahead,Bin,percent,4.6,4.7, 0.05947814807502622286294879927
California,1 wk ahead,Bin,percent,4.7,4.8, 0.05543238702013722485339997093
California,1 wk ahead,Bin,percent,4.8,4.9, 0.04998618105109785964002000469
California,1 wk ahead,Bin,percent,4.9,5, 0.04355899929728802161266187909
California,1 wk ahead,Bin,percent,5,5.1, 0.03657525839968089886866664528
California,1 wk ahead,Bin,percent,5.1,5.2, 0.02945082899525342315372178348
California,1 wk ahead,Bin,percent,5.2,5.3, 0.02259769042933768012915152212
California,1 wk ahead,Bin,percent,5.3,5.4, 0.01640725436725466723775213040
California,1 wk ahead,Bin,percent,5.4,5.5, 0.01119495537673842640302712681
California,1 wk ahead,Bin,percent,5.5,5.6, 0.00713501381778959553603414179
California,1 wk ahead,Bin,percent,5.6,5.7, 0.00422648726376273833893471021
California,1 wk ahead,Bin,percent,5.7,5.8, 0.00231778582808146770347090815
California,1 wk ahead,Bin,percent,5.8,5.9, 0.00117333358181745547009489083
California,1 wk ahead,Bin,percent,5.9,6, 0.00054714080373049664950124704
California,1 wk ahead,Bin,percent,6,6.1, 0.00025705767841197545674203351
California,1 wk ahead,Bin,percent,6.1,6.2, 0.00022789439590301804818180120
California,1 wk ahead,Bin,percent,6.2,6.3, 0.00022789439590301804818180120
California,1 wk ahead,Bin,percent,6.3,6.4, 0.00022789439590301804818180120
California,1 wk ahead,Bin,percent,6.4,6.5, 0.00022789439590301804818180120
California,1 wk ahead,Bin,percent,6.5,6.6, 0.00022789439590301804818180120
California,1 wk ahead,Bin,percent,6.6,6.7, 0.00022789439590301804818180120
California,1 wk ahead,Bin,percent,6.7,6.8, 0.00022789439590301804818180120
California,1 wk ahead,Bin,percent,6.8,6.9, 0.00022789439590301804818180120
California,1 wk ahead,Bin,percent,6.9,7, 0.00022789439590301804818180120
California,1 wk ahead,Bin,percent,7,7.1, 0.00022789439590301804818180120
California,1 wk ahead,Bin,percent,7.1,7.2, 0.00022789439590301804818180120
California,1 wk ahead,Bin,percent,7.2,7.3, 0.00022789439590301804818180120
California,1 wk ahead,Bin,percent,7.3,7.4, 0.00022789439590301804818180120
California,1 wk ahead,Bin,percent,7.4,7.5, 0.00022789439590301804818180120
California,1 wk ahead,Bin,percent,7.5,7.6, 0.00022789439590301804818180120
California,1 wk ahead,Bin,percent,7.6,7.7, 0.00022789439590301804818180120
California,1 wk ahead,Bin,percent,7.7,7.8, 0.00022789439590301804818180120
California,1 wk ahead,Bin,percent,7.8,7.9, 0.00022789439590301804818180120
California,1 wk ahead,Bin,percent,7.9,8, 0.00022789439590301804818180120
California,1 wk ahead,Bin,percent,8,8.1, 0.00022789439590302010816592893
California,1 wk ahead,Bin,percent,8.1,8.2, 0.00022789439590302211393994802
California,1 wk ahead,Bin,percent,8.2,8.3, 0.00022789439590302211393994802
California,1 wk ahead,Bin,percent,8.3,8.4, 0.00022789439590302211393994802
California,1 wk ahead,Bin,percent,8.4,8.5, 0.00022789439590302211393994802
California,1 wk ahead,Bin,percent,8.5,8.6, 0.00022789439590302211393994802
California,1 wk ahead,Bin,percent,8.6,8.7, 0.00022789439590302211393994802
California,1 wk ahead,Bin,percent,8.7,8.8, 0.00022789439590302211393994802
California,1 wk ahead,Bin,percent,8.8,8.9, 0.00022789439590302211393994802
California,1 wk ahead,Bin,percent,8.9,9, 0.00022789439590302211393994802
California,1 wk ahead,Bin,percent,9,9.1, 0.00022789439590302211393994802
California,1 wk ahead,Bin,percent,9.1,9.2, 0.00022789439590302211393994802
California,1 wk ahead,Bin,percent,9.2,9.3, 0.00022789439590302211393994802
California,1 wk ahead,Bin,percent,9.3,9.4, 0.00022789439590302211393994802
California,1 wk ahead,Bin,percent,9.4,9.5, 0.00022789439590302211393994802
California,1 wk ahead,Bin,percent,9.5,9.6, 0.00022789439590302211393994802
California,1 wk ahead,Bin,percent,9.6,9.7, 0.00022789439590302211393994802
California,1 wk ahead,Bin,percent,9.7,9.8, 0.00022789439590302211393994802
California,1 wk ahead,Bin,percent,9.8,9.9, 0.00022789439590302211393994802
California,1 wk ahead,Bin,percent,9.9,10, 0.00022789439590302211393994802
California,1 wk ahead,Bin,percent,10,10.1, 0.00022789439590302211393994802
California,1 wk ahead,Bin,percent,10.1,10.2, 0.00022789439590302211393994802
California,1 wk ahead,Bin,percent,10.2,10.3, 0.00022789439590302211393994802
California,1 wk ahead,Bin,percent,10.3,10.4, 0.00022789439590302211393994802
California,1 wk ahead,Bin,percent,10.4,10.5, 0.00022789439590302211393994802
California,1 wk ahead,Bin,percent,10.5,10.6, 0.00022789439590302211393994802
California,1 wk ahead,Bin,percent,10.6,10.7, 0.00022789439590302211393994802
California,1 wk ahead,Bin,percent,10.7,10.8, 0.00022789439590302211393994802
California,1 wk ahead,Bin,percent,10.8,10.9, 0.00022789439590302211393994802
California,1 wk ahead,Bin,percent,10.9,11, 0.00022789439590302211393994802
California,1 wk ahead,Bin,percent,11,11.1, 0.00022789439590302211393994802
California,1 wk ahead,Bin,percent,11.1,11.2, 0.00022789439590302211393994802
California,1 wk ahead,Bin,percent,11.2,11.3, 0.00022789439590302211393994802
California,1 wk ahead,Bin,percent,11.3,11.4, 0.00022789439590302211393994802
California,1 wk ahead,Bin,percent,11.4,11.5, 0.00022789439590302211393994802
California,1 wk ahead,Bin,percent,11.5,11.6, 0.00022789439590302211393994802
California,1 wk ahead,Bin,percent,11.6,11.7, 0.00022789439590302211393994802
California,1 wk ahead,Bin,percent,11.7,11.8, 0.00022789439590302211393994802
California,1 wk ahead,Bin,percent,11.8,11.9, 0.00022789439590302211393994802
California,1 wk ahead,Bin,percent,11.9,12, 0.00022789439590302211393994802
California,1 wk ahead,Bin,percent,12,12.1, 0.00022789439590302211393994802
California,1 wk ahead,Bin,percent,12.1,12.2, 0.00022789439590302211393994802
California,1 wk ahead,Bin,percent,12.2,12.3, 0.00022789439590302211393994802
California,1 wk ahead,Bin,percent,12.3,12.4, 0.00022789439590302211393994802
California,1 wk ahead,Bin,percent,12.4,12.5, 0.00022789439590302211393994802
California,1 wk ahead,Bin,percent,12.5,12.6, 0.00022789439590302211393994802
California,1 wk ahead,Bin,percent,12.6,12.7, 0.00022789439590302211393994802
California,1 wk ahead,Bin,percent,12.7,12.8, 0.00022789439590302211393994802
California,1 wk ahead,Bin,percent,12.8,12.9, 0.00022789439590302211393994802
California,1 wk ahead,Bin,percent,12.9,13, 0.00022789439590302211393994802
California,1 wk ahead,Bin,percent,13,100, 0.00022789439590302211393994802
California,2 wk ahead,Bin,percent,0,0.1, 0.00020905195125922853421895908
California,2 wk ahead,Bin,percent,0.1,0.2, 0.00041810390251845712264802679
California,2 wk ahead,Bin,percent,0.2,0.3, 0.00041810390251845696001770092
California,2 wk ahead,Bin,percent,0.3,0.4, 0.00041810390251845696001770092
California,2 wk ahead,Bin,percent,0.4,0.5, 0.00041810390251845696001770092
California,2 wk ahead,Bin,percent,0.5,0.6, 0.00041810390251845717685813542
California,2 wk ahead,Bin,percent,0.6,0.7, 0.00041810390251845744790867854
California,2 wk ahead,Bin,percent,0.7,0.8, 0.00041810390251845744790867854
California,2 wk ahead,Bin,percent,0.8,0.9, 0.00041810390251845744790867854
California,2 wk ahead,Bin,percent,0.9,1, 0.00041810390251845744790867854
California,2 wk ahead,Bin,percent,1,1.1, 0.00041810390251845744790867854
California,2 wk ahead,Bin,percent,1.1,1.2, 0.00041810390251845744790867854
California,2 wk ahead,Bin,percent,1.2,1.3, 0.00041810390251845744790867854
California,2 wk ahead,Bin,percent,1.3,1.4, 0.00041810390251845744790867854
California,2 wk ahead,Bin,percent,1.4,1.5, 0.00041810390251845744790867854
California,2 wk ahead,Bin,percent,1.5,1.6, 0.00041810390251845744790867854
California,2 wk ahead,Bin,percent,1.6,1.7, 0.00041810390251845744790867854
California,2 wk ahead,Bin,percent,1.7,1.8, 0.00041810390251845744790867854
California,2 wk ahead,Bin,percent,1.8,1.9, 0.00041810390251845744790867854
California,2 wk ahead,Bin,percent,1.9,2, 0.00041810390251845744790867854
California,2 wk ahead,Bin,percent,2,2.1, 0.00041810390251845652633683192
California,2 wk ahead,Bin,percent,2.1,2.2, 0.00041810390251845549634476806
California,2 wk ahead,Bin,percent,2.2,2.3, 0.00041810390251845549634476806
California,2 wk ahead,Bin,percent,2.3,2.4, 0.00041810390251845549634476806
California,2 wk ahead,Bin,percent,2.4,2.5, 0.00041810390251845549634476806
California,2 wk ahead,Bin,percent,2.5,2.6, 0.00041810390251845549634476806
California,2 wk ahead,Bin,percent,2.6,2.7, 0.00041810390251845549634476806
California,2 wk ahead,Bin,percent,2.7,2.8, 0.00041810390251845549634476806
California,2 wk ahead,Bin,percent,2.8,2.9, 0.00041810390251845549634476806
California,2 wk ahead,Bin,percent,2.9,3, 0.00042308537559558888384650399
California,2 wk ahead,Bin,percent,3,3.1, 0.00108395687003794648738119744
California,2 wk ahead,Bin,percent,3.1,3.2, 0.00359660656875204114493738139
California,2 wk ahead,Bin,percent,3.2,3.3, 0.00930371973674481815563819254
California,2 wk ahead,Bin,percent,3.3,3.4, 0.01876942085425090805950176787
California,2 wk ahead,Bin,percent,3.4,3.5, 0.02953391882202233489906895159
California,2 wk ahead,Bin,percent,3.5,3.6, 0.03625069670706381613767277372
California,2 wk ahead,Bin,percent,3.6,3.7, 0.03470515059785527628433143832
California,2 wk ahead,Bin,percent,3.7,3.8, 0.02591889093398638127530020370
California,2 wk ahead,Bin,percent,3.8,3.9, 0.01510977122998698705946818421
California,2 wk ahead,Bin,percent,3.9,4, 0.00694753481530205763833096810
California,2 wk ahead,Bin,percent,4,4.1, 0.00288326346540258762057851172
California,2 wk ahead,Bin,percent,4.1,4.2, 0.00248045431941255282298763873
California,2 wk ahead,Bin,percent,4.2,4.3, 0.00580059192184854098550683688
California,2 wk ahead,Bin,percent,4.3,4.4, 0.01393390162301683284085118686
California,2 wk ahead,Bin,percent,4.4,4.5, 0.02719457109167956049278203068
California,2 wk ahead,Bin,percent,4.5,4.6, 0.04309242913800254148881663241
California,2 wk ahead,Bin,percent,4.6,4.7, 0.05746238533086420879891775826
California,2 wk ahead,Bin,percent,4.7,4.8, 0.06823868389871549922087723417
California,2 wk ahead,Bin,percent,4.8,4.9, 0.07629959559285059977895571137
California,2 wk ahead,Bin,percent,4.9,5, 0.08131417880199612313596446711
California,2 wk ahead,Bin,percent,5,5.1, 0.07930332338237654210555405143
California,2 wk ahead,Bin,percent,5.1,5.2, 0.06695291949477005788438077616
California,2 wk ahead,Bin,percent,5.2,5.3, 0.04705952070842606832501431313
California,2 wk ahead,Bin,percent,5.3,5.4, 0.02744130639350301006929022662
California,2 wk ahead,Bin,percent,5.4,5.5, 0.01499848602555983213824308820
California,2 wk ahead,Bin,percent,5.5,5.6, 0.01216282391801120493779464482
California,2 wk ahead,Bin,percent,5.6,5.7, 0.01735496915568420298048302186
California,2 wk ahead,Bin,percent,5.7,5.8, 0.02612621810404561206730988943
California,2 wk ahead,Bin,percent,5.8,5.9, 0.03235468023255844843832917945
California,2 wk ahead,Bin,percent,5.9,6, 0.03149530545517180424308634201
California,2 wk ahead,Bin,percent,6,6.1, 0.02393865044043495468595317277
California,2 wk ahead,Bin,percent,6.1,6.2, 0.01419469475326664599512671572
California,2 wk ahead,Bin,percent,6.2,6.3, 0.00656479723467132906394860825
California,2 wk ahead,Bin,percent,6.3,6.4, 0.00236812265739384580562343352
California,2 wk ahead,Bin,percent,6.4,6.5, 0.00067221572324695298260993637
California,2 wk ahead,Bin,percent,6.5,6.6, 0.00037504844551084582987207638
California,2 wk ahead,Bin,percent,6.6,6.7, 0.00037504844551084582987207638
California,2 wk ahead,Bin,percent,6.7,6.8, 0.00037504844551084582987207638
California,2 wk ahead,Bin,percent,6.8,6.9, 0.00037504844551084582987207638
California,2 wk ahead,Bin,percent,6.9,7, 0.00037504844551084582987207638
California,2 wk ahead,Bin,percent,7,7.1, 0.00037504844551084582987207638
California,2 wk ahead,Bin,percent,7.1,7.2, 0.00037504844551084582987207638
California,2 wk ahead,Bin,percent,7.2,7.3, 0.00037504844551084582987207638
California,2 wk ahead,Bin,percent,7.3,7.4, 0.00037504844551084582987207638
California,2 wk ahead,Bin,percent,7.4,7.5, 0.00037504844551084582987207638
California,2 wk ahead,Bin,percent,7.5,7.6, 0.00037504844551084582987207638
California,2 wk ahead,Bin,percent,7.6,7.7, 0.00037504844551084582987207638
California,2 wk ahead,Bin,percent,7.7,7.8, 0.00037504844551084582987207638
California,2 wk ahead,Bin,percent,7.8,7.9, 0.00037504844551084582987207638
California,2 wk ahead,Bin,percent,7.9,8, 0.00037504844551084582987207638
California,2 wk ahead,Bin,percent,8,8.1, 0.00037504844551084913668870247
California,2 wk ahead,Bin,percent,8.1,8.2, 0.00037504844551085249771543717
California,2 wk ahead,Bin,percent,8.2,8.3, 0.00037504844551085249771543717
California,2 wk ahead,Bin,percent,8.3,8.4, 0.00037504844551085249771543717
California,2 wk ahead,Bin,percent,8.4,8.5, 0.00037504844551085249771543717
California,2 wk ahead,Bin,percent,8.5,8.6, 0.00037504844551085249771543717
California,2 wk ahead,Bin,percent,8.6,8.7, 0.00037504844551085249771543717
California,2 wk ahead,Bin,percent,8.7,8.8, 0.00037504844551085249771543717
California,2 wk ahead,Bin,percent,8.8,8.9, 0.00037504844551085249771543717
California,2 wk ahead,Bin,percent,8.9,9, 0.00037504844551085249771543717
California,2 wk ahead,Bin,percent,9,9.1, 0.00037504844551085249771543717
California,2 wk ahead,Bin,percent,9.1,9.2, 0.00037504844551085249771543717
California,2 wk ahead,Bin,percent,9.2,9.3, 0.00037504844551085249771543717
California,2 wk ahead,Bin,percent,9.3,9.4, 0.00037504844551085249771543717
California,2 wk ahead,Bin,percent,9.4,9.5, 0.00037504844551085249771543717
California,2 wk ahead,Bin,percent,9.5,9.6, 0.00037504844551085249771543717
California,2 wk ahead,Bin,percent,9.6,9.7, 0.00037504844551085249771543717
California,2 wk ahead,Bin,percent,9.7,9.8, 0.00037504844551085249771543717
California,2 wk ahead,Bin,percent,9.8,9.9, 0.00037504844551085249771543717
California,2 wk ahead,Bin,percent,9.9,10, 0.00037504844551085249771543717
California,2 wk ahead,Bin,percent,10,10.1, 0.00037504844551085249771543717
California,2 wk ahead,Bin,percent,10.1,10.2, 0.00037504844551085249771543717
California,2 wk ahead,Bin,percent,10.2,10.3, 0.00037504844551085249771543717
California,2 wk ahead,Bin,percent,10.3,10.4, 0.00037504844551085249771543717
California,2 wk ahead,Bin,percent,10.4,10.5, 0.00037504844551085249771543717
California,2 wk ahead,Bin,percent,10.5,10.6, 0.00037504844551085249771543717
California,2 wk ahead,Bin,percent,10.6,10.7, 0.00037504844551085249771543717
California,2 wk ahead,Bin,percent,10.7,10.8, 0.00037504844551085249771543717
California,2 wk ahead,Bin,percent,10.8,10.9, 0.00037504844551085249771543717
California,2 wk ahead,Bin,percent,10.9,11, 0.00037504844551085249771543717
California,2 wk ahead,Bin,percent,11,11.1, 0.00037504844551085249771543717
California,2 wk ahead,Bin,percent,11.1,11.2, 0.00037504844551085249771543717
California,2 wk ahead,Bin,percent,11.2,11.3, 0.00037504844551085249771543717
California,2 wk ahead,Bin,percent,11.3,11.4, 0.00037504844551085249771543717
California,2 wk ahead,Bin,percent,11.4,11.5, 0.00037504844551085249771543717
California,2 wk ahead,Bin,percent,11.5,11.6, 0.00037504844551085249771543717
California,2 wk ahead,Bin,percent,11.6,11.7, 0.00037504844551085249771543717
California,2 wk ahead,Bin,percent,11.7,11.8, 0.00037504844551085249771543717
California,2 wk ahead,Bin,percent,11.8,11.9, 0.00037504844551085249771543717
California,2 wk ahead,Bin,percent,11.9,12, 0.00037504844551085249771543717
California,2 wk ahead,Bin,percent,12,12.1, 0.00037504844551085249771543717
California,2 wk ahead,Bin,percent,12.1,12.2, 0.00037504844551085249771543717
California,2 wk ahead,Bin,percent,12.2,12.3, 0.00037504844551085249771543717
California,2 wk ahead,Bin,percent,12.3,12.4, 0.00037504844551085249771543717
California,2 wk ahead,Bin,percent,12.4,12.5, 0.00037504844551085249771543717
California,2 wk ahead,Bin,percent,12.5,12.6, 0.00037504844551085249771543717
California,2 wk ahead,Bin,percent,12.6,12.7, 0.00037504844551085249771543717
California,2 wk ahead,Bin,percent,12.7,12.8, 0.00037504844551085249771543717
California,2 wk ahead,Bin,percent,12.8,12.9, 0.00037504844551085249771543717
California,2 wk ahead,Bin,percent,12.9,13, 0.00037504844551085249771543717
California,2 wk ahead,Bin,percent,13,100, 0.00037504844551085249771543717
California,3 wk ahead,Bin,percent,0,0.1, 0.00012172296392567136279812962
California,3 wk ahead,Bin,percent,0.1,0.2, 0.00024344592785134277980636786
California,3 wk ahead,Bin,percent,0.2,0.3, 0.00024344592785134267138615061
California,3 wk ahead,Bin,percent,0.3,0.4, 0.00024344592785134267138615061
California,3 wk ahead,Bin,percent,0.4,0.5, 0.00024344592785134267138615061
California,3 wk ahead,Bin,percent,0.5,0.6, 0.00024344592785134277980636786
California,3 wk ahead,Bin,percent,0.6,0.7, 0.00024344592785134294243669373
California,3 wk ahead,Bin,percent,0.7,0.8, 0.00024344592785134294243669373
California,3 wk ahead,Bin,percent,0.8,0.9, 0.00024344592785134294243669373
California,3 wk ahead,Bin,percent,0.9,1, 0.00024344592785134294243669373
California,3 wk ahead,Bin,percent,1,1.1, 0.00024344592785134294243669373
California,3 wk ahead,Bin,percent,1.1,1.2, 0.00024344592785134294243669373
California,3 wk ahead,Bin,percent,1.2,1.3, 0.00024344592785134294243669373
California,3 wk ahead,Bin,percent,1.3,1.4, 0.00024344592785134294243669373
California,3 wk ahead,Bin,percent,1.4,1.5, 0.00024344592785134294243669373
California,3 wk ahead,Bin,percent,1.5,1.6, 0.00024344592785134294243669373
California,3 wk ahead,Bin,percent,1.6,1.7, 0.00024344592785134294243669373
California,3 wk ahead,Bin,percent,1.7,1.8, 0.00024344592785134294243669373
California,3 wk ahead,Bin,percent,1.8,1.9, 0.00024344592785134294243669373
California,3 wk ahead,Bin,percent,1.9,2, 0.00024344592785134294243669373
California,3 wk ahead,Bin,percent,2,2.1, 0.00024344592785134240033560749
California,3 wk ahead,Bin,percent,2.1,2.2, 0.00024344592785134188533957555
California,3 wk ahead,Bin,percent,2.2,2.3, 0.00024344592785134188533957555
California,3 wk ahead,Bin,percent,2.3,2.4, 0.00024344592785134188533957555
California,3 wk ahead,Bin,percent,2.4,2.5, 0.00024344592785134188533957555
California,3 wk ahead,Bin,percent,2.5,2.6, 0.00024344592785134188533957555
California,3 wk ahead,Bin,percent,2.6,2.7, 0.00024344592785134188533957555
California,3 wk ahead,Bin,percent,2.7,2.8, 0.00024344592785134188533957555
California,3 wk ahead,Bin,percent,2.8,2.9, 0.00028672274195361551352850826
California,3 wk ahead,Bin,percent,2.9,3, 0.00060566765011689765313418476
California,3 wk ahead,Bin,percent,3,3.1, 0.00125415434332760001960582752
California,3 wk ahead,Bin,percent,3.1,3.2, 0.00241490053996273705549935329
California,3 wk ahead,Bin,percent,3.2,3.3, 0.00433315454794682298339525417
California,3 wk ahead,Bin,percent,3.3,3.4, 0.00726712467904803462170892914
California,3 wk ahead,Bin,percent,3.4,3.5, 0.01143200941341586569788280059
California,3 wk ahead,Bin,percent,3.5,3.6, 0.01693868917590814898721518489
California,3 wk ahead,Bin,percent,3.6,3.7, 0.02374482706090241812546537403
California,3 wk ahead,Bin,percent,3.7,3.8, 0.03162348419018994744034145583
California,3 wk ahead,Bin,percent,3.8,3.9, 0.04014600008789634411066060693
California,3 wk ahead,Bin,percent,3.9,4, 0.04867028280892080061015292358
California,3 wk ahead,Bin,percent,4,4.1, 0.05635502359557532231493226504
California,3 wk ahead,Bin,percent,4.1,4.2, 0.06224148177007356869117060683
California,3 wk ahead,Bin,percent,4.2,4.3, 0.06544523043349517732458764385
California,3 wk ahead,Bin,percent,4.3,4.4, 0.06542239823438061874227855697
California,3 wk ahead,Bin,percent,4.4,4.5, 0.06220714662392472227292472553
California,3 wk ahead,Bin,percent,4.5,4.6, 0.05646824430632046282196867537
California,3 wk ahead,Bin,percent,4.6,4.7, 0.04931883761736290811006355739
California,3 wk ahead,Bin,percent,4.7,4.8, 0.04194148080726661093065033015
California,3 wk ahead,Bin,percent,4.8,4.9, 0.03521221395794802561107772476
California,3 wk ahead,Bin,percent,4.9,5, 0.02950818369740838484349687576
California,3 wk ahead,Bin,percent,5,5.1, 0.02476865349933551896377537105
California,3 wk ahead,Bin,percent,5.1,5.2, 0.02073859762668316467082441079
California,3 wk ahead,Bin,percent,5.2,5.3, 0.01723162621540225494798370676
California,3 wk ahead,Bin,percent,5.3,5.4, 0.01428028385846163116068563426
California,3 wk ahead,Bin,percent,5.4,5.5, 0.01211732024299991619664673692
California,3 wk ahead,Bin,percent,5.5,5.6, 0.01103399894852714890891576260
California,3 wk ahead,Bin,percent,5.6,5.7, 0.01119921637190473585887762198
California,3 wk ahead,Bin,percent,5.7,5.8, 0.01252044721742169748612827362
California,3 wk ahead,Bin,percent,5.8,5.9, 0.01460414347495645609464887116
California,3 wk ahead,Bin,percent,5.9,6, 0.01682573666024078651304307641
California,3 wk ahead,Bin,percent,6,6.1, 0.01849445057489245564097402053
California,3 wk ahead,Bin,percent,6.1,6.2, 0.01905522024640966122221996670
California,3 wk ahead,Bin,percent,6.2,6.3, 0.01825625952900010798285457270
California,3 wk ahead,Bin,percent,6.3,6.4, 0.01620645098321183558143232517
California,3 wk ahead,Bin,percent,6.4,6.5, 0.01331049007973512943170391054
California,3 wk ahead,Bin,percent,6.5,6.6, 0.01010764793943653462593434966
California,3 wk ahead,Bin,percent,6.6,6.7, 0.00709474860170363191141928993
California,3 wk ahead,Bin,percent,6.7,6.8, 0.00460262723969852467764685144
California,3 wk ahead,Bin,percent,6.8,6.9, 0.00275948653944420047717800415
California,3 wk ahead,Bin,percent,6.9,7, 0.00152900741895701098964355236
California,3 wk ahead,Bin,percent,7,7.1, 0.00078290124375852054774277411
California,3 wk ahead,Bin,percent,7.1,7.2, 0.00037051183945051925942501536
California,3 wk ahead,Bin,percent,7.2,7.3, 0.00021518627101703118715235463
California,3 wk ahead,Bin,percent,7.3,7.4, 0.00021315458755335279909283452
California,3 wk ahead,Bin,percent,7.4,7.5, 0.00021315458755335279909283452
California,3 wk ahead,Bin,percent,7.5,7.6, 0.00021315458755335279909283452
California,3 wk ahead,Bin,percent,7.6,7.7, 0.00021315458755335279909283452
California,3 wk ahead,Bin,percent,7.7,7.8, 0.00021315458755335279909283452
California,3 wk ahead,Bin,percent,7.8,7.9, 0.00021315458755335279909283452
California,3 wk ahead,Bin,percent,7.9,8, 0.00021315458755335279909283452
California,3 wk ahead,Bin,percent,8,8.1, 0.00021315458755335466934158206
California,3 wk ahead,Bin,percent,8.1,8.2, 0.00021315458755335656669538391
California,3 wk ahead,Bin,percent,8.2,8.3, 0.00021315458755335656669538391
California,3 wk ahead,Bin,percent,8.3,8.4, 0.00021315458755335656669538391
California,3 wk ahead,Bin,percent,8.4,8.5, 0.00021315458755335656669538391
California,3 wk ahead,Bin,percent,8.5,8.6, 0.00021315458755335656669538391
California,3 wk ahead,Bin,percent,8.6,8.7, 0.00021315458755335656669538391
California,3 wk ahead,Bin,percent,8.7,8.8, 0.00021315458755335656669538391
California,3 wk ahead,Bin,percent,8.8,8.9, 0.00021315458755335656669538391
California,3 wk ahead,Bin,percent,8.9,9, 0.00021315458755335656669538391
California,3 wk ahead,Bin,percent,9,9.1, 0.00021315458755335656669538391
California,3 wk ahead,Bin,percent,9.1,9.2, 0.00021315458755335656669538391
California,3 wk ahead,Bin,percent,9.2,9.3, 0.00021315458755335656669538391
California,3 wk ahead,Bin,percent,9.3,9.4, 0.00021315458755335656669538391
California,3 wk ahead,Bin,percent,9.4,9.5, 0.00021315458755335656669538391
California,3 wk ahead,Bin,percent,9.5,9.6, 0.00021315458755335656669538391
California,3 wk ahead,Bin,percent,9.6,9.7, 0.00021315458755335656669538391
California,3 wk ahead,Bin,percent,9.7,9.8, 0.00021315458755335656669538391
California,3 wk ahead,Bin,percent,9.8,9.9, 0.00021315458755335656669538391
California,3 wk ahead,Bin,percent,9.9,10, 0.00021315458755335656669538391
California,3 wk ahead,Bin,percent,10,10.1, 0.00021315458755335656669538391
California,3 wk ahead,Bin,percent,10.1,10.2, 0.00021315458755335656669538391
California,3 wk ahead,Bin,percent,10.2,10.3, 0.00021315458755335656669538391
California,3 wk ahead,Bin,percent,10.3,10.4, 0.00021315458755335656669538391
California,3 wk ahead,Bin,percent,10.4,10.5, 0.00021315458755335656669538391
California,3 wk ahead,Bin,percent,10.5,10.6, 0.00021315458755335656669538391
California,3 wk ahead,Bin,percent,10.6,10.7, 0.00021315458755335656669538391
California,3 wk ahead,Bin,percent,10.7,10.8, 0.00021315458755335656669538391
California,3 wk ahead,Bin,percent,10.8,10.9, 0.00021315458755335656669538391
California,3 wk ahead,Bin,percent,10.9,11, 0.00021315458755335656669538391
California,3 wk ahead,Bin,percent,11,11.1, 0.00021315458755335656669538391
California,3 wk ahead,Bin,percent,11.1,11.2, 0.00021315458755335656669538391
California,3 wk ahead,Bin,percent,11.2,11.3, 0.00021315458755335656669538391
California,3 wk ahead,Bin,percent,11.3,11.4, 0.00021315458755335656669538391
California,3 wk ahead,Bin,percent,11.4,11.5, 0.00021315458755335656669538391
California,3 wk ahead,Bin,percent,11.5,11.6, 0.00021315458755335656669538391
California,3 wk ahead,Bin,percent,11.6,11.7, 0.00021315458755335656669538391
California,3 wk ahead,Bin,percent,11.7,11.8, 0.00021315458755335656669538391
California,3 wk ahead,Bin,percent,11.8,11.9, 0.00021315458755335656669538391
California,3 wk ahead,Bin,percent,11.9,12, 0.00021315458755335656669538391
California,3 wk ahead,Bin,percent,12,12.1, 0.00021315458755335656669538391
California,3 wk ahead,Bin,percent,12.1,12.2, 0.00021315458755335656669538391
California,3 wk ahead,Bin,percent,12.2,12.3, 0.00021315458755335656669538391
California,3 wk ahead,Bin,percent,12.3,12.4, 0.00021315458755335656669538391
California,3 wk ahead,Bin,percent,12.4,12.5, 0.00021315458755335656669538391
California,3 wk ahead,Bin,percent,12.5,12.6, 0.00021315458755335656669538391
California,3 wk ahead,Bin,percent,12.6,12.7, 0.00021315458755335656669538391
California,3 wk ahead,Bin,percent,12.7,12.8, 0.00021315458755335656669538391
California,3 wk ahead,Bin,percent,12.8,12.9, 0.00021315458755335656669538391
California,3 wk ahead,Bin,percent,12.9,13, 0.00021315458755335656669538391
California,3 wk ahead,Bin,percent,13,100, 0.00021315458755335656669538391
California,4 wk ahead,Bin,percent,0,0.1, 0.00006457004356433046076031712
California,4 wk ahead,Bin,percent,0.1,0.2, 0.00012914008712866094862568855
California,4 wk ahead,Bin,percent,0.2,0.3, 0.00012914008712866092152063424
California,4 wk ahead,Bin,percent,0.3,0.4, 0.00012914008712866092152063424
California,4 wk ahead,Bin,percent,0.4,0.5, 0.00012914008712866092152063424
California,4 wk ahead,Bin,percent,0.5,0.6, 0.00012914008712866097573074287
California,4 wk ahead,Bin,percent,0.6,0.7, 0.00012914008712866102994085149
California,4 wk ahead,Bin,percent,0.7,0.8, 0.00012914008712866102994085149
California,4 wk ahead,Bin,percent,0.8,0.9, 0.00012914008712866102994085149
California,4 wk ahead,Bin,percent,0.9,1, 0.00012914008712866102994085149
California,4 wk ahead,Bin,percent,1,1.1, 0.00012914008712866102994085149
California,4 wk ahead,Bin,percent,1.1,1.2, 0.00014303892714513918101200407
California,4 wk ahead,Bin,percent,1.2,1.3, 0.00021040085749579582360783980
California,4 wk ahead,Bin,percent,1.3,1.4, 0.00030960462283565777638280614
California,4 wk ahead,Bin,percent,1.4,1.5, 0.00044797322600223586207962567
California,4 wk ahead,Bin,percent,1.5,1.6, 0.00063723859473305646296259486
California,4 wk ahead,Bin,percent,1.6,1.7, 0.00089134119993636350218896292
California,4 wk ahead,Bin,percent,1.7,1.8, 0.00122628193347359146572750355
California,4 wk ahead,Bin,percent,1.8,1.9, 0.00165911478348556217995990458
California,4 wk ahead,Bin,percent,1.9,2, 0.00220857514663104796334702762
California,4 wk ahead,Bin,percent,2,2.1, 0.00289239440013026091053083277
California,4 wk ahead,Bin,percent,2.1,2.2, 0.00372763539586963609309688827
California,4 wk ahead,Bin,percent,2.2,2.3, 0.00472871343887809256201215646
California,4 wk ahead,Bin,percent,2.3,2.4, 0.00590512732781583830898863852
California,4 wk ahead,Bin,percent,2.4,2.5, 0.00726189041215972910098264137
California,4 wk ahead,Bin,percent,2.5,2.6, 0.00879577810569373563787110015
California,4 wk ahead,Bin,percent,2.6,2.7, 0.01049675439401502249903153086
California,4 wk ahead,Bin,percent,2.7,2.8, 0.01234583601617881415402067091
California,4 wk ahead,Bin,percent,2.8,2.9, 0.01431606521215897723231513794
California,4 wk ahead,Bin,percent,2.9,3, 0.01637371924784594354185252030
California,4 wk ahead,Bin,percent,3,3.1, 0.01847886216853076787880461040
California,4 wk ahead,Bin,percent,3.1,3.2, 0.02058849475562439523823599075
California,4 wk ahead,Bin,percent,3.2,3.3, 0.02265851546256878942808832278
California,4 wk ahead,Bin,percent,3.3,3.4, 0.02464654539457676596381219269
California,4 wk ahead,Bin,percent,3.4,3.5, 0.02651399497134378224760808962
California,4 wk ahead,Bin,percent,3.5,3.6, 0.02822907293879606260844639110
California,4 wk ahead,Bin,percent,3.6,3.7, 0.02976655642497770884458141438
California,4 wk ahead,Bin,percent,3.7,3.8, 0.03111029171998125689158065654
California,4 wk ahead,Bin,percent,3.8,3.9, 0.03225095809390780832170975145
California,4 wk ahead,Bin,percent,3.9,4, 0.03318611648049529100346077826
California,4 wk ahead,Bin,percent,4,4.1, 0.03391870537679208402748187723
California,4 wk ahead,Bin,percent,4.1,4.2, 0.03445309189868125260280962152
California,4 wk ahead,Bin,percent,4.2,4.3, 0.03479589757269822836160955148
California,4 wk ahead,Bin,percent,4.3,4.4, 0.03495135399483437904644134164
California,4 wk ahead,Bin,percent,4.4,4.5, 0.03492165264154602211110756116
California,4 wk ahead,Bin,percent,4.5,4.6, 0.03470644057746129912400689932
California,4 wk ahead,Bin,percent,4.6,4.7, 0.03430167750489871575370059986
California,4 wk ahead,Bin,percent,4.7,4.8, 0.03370283758502666537903991184
California,4 wk ahead,Bin,percent,4.8,4.9, 0.03290406791458035107300617028
California,4 wk ahead,Bin,percent,4.9,5, 0.03190234225814356922024117580
California,4 wk ahead,Bin,percent,5,5.1, 0.03069798938768633286833242835
California,4 wk ahead,Bin,percent,5.1,5.2, 0.02929643090421375078991061969
California,4 wk ahead,Bin,percent,5.2,5.3, 0.02771104237579023743531791979
California,4 wk ahead,Bin,percent,5.3,5.4, 0.02596110620647205588507056007
California,4 wk ahead,Bin,percent,5.4,5.5, 0.02407428639282238949648196069
California,4 wk ahead,Bin,percent,5.5,5.6, 0.02208399276113661574560964596
California,4 wk ahead,Bin,percent,5.6,5.7, 0.02002836465284686673360425857
California,4 wk ahead,Bin,percent,5.7,5.8, 0.01794858740554951259671412345
California,4 wk ahead,Bin,percent,5.8,5.9, 0.01588619760452121901228572654
California,4 wk ahead,Bin,percent,5.9,6, 0.01388082242058518052385540642
California,4 wk ahead,Bin,percent,6,6.1, 0.01196855849144669303729671128
California,4 wk ahead,Bin,percent,6.1,6.2, 0.01017963131224838314869973743
California,4 wk ahead,Bin,percent,6.2,6.3, 0.00853730253519568473008494180
California,4 wk ahead,Bin,percent,6.3,6.4, 0.00705821763111200931734012798
California,4 wk ahead,Bin,percent,6.4,6.5, 0.00575021139231266745911463900
California,4 wk ahead,Bin,percent,6.5,6.6, 0.00461528811995173034871120521
California,4 wk ahead,Bin,percent,6.6,6.7, 0.00364850281521907158360784607
California,4 wk ahead,Bin,percent,6.7,6.8, 0.00283991058387063214155099367
California,4 wk ahead,Bin,percent,6.8,6.9, 0.00217632359254764113504210243
California,4 wk ahead,Bin,percent,6.9,7, 0.00164133762087288314485133967
California,4 wk ahead,Bin,percent,7,7.1, 0.00121827345235701726446075899
California,4 wk ahead,Bin,percent,7.1,7.2, 0.00088959534681212391014903940
California,4 wk ahead,Bin,percent,7.2,7.3, 0.00063898803631994060062138097
California,4 wk ahead,Bin,percent,7.3,7.4, 0.00045149553968583708936021526
California,4 wk ahead,Bin,percent,7.4,7.5, 0.00031364789670312447382102827
California,4 wk ahead,Bin,percent,7.5,7.6, 0.00021430134044746711316151155
California,4 wk ahead,Bin,percent,7.6,7.7, 0.00014393171443885922986677395
California,4 wk ahead,Bin,percent,7.7,7.8, 0.00011528524553884369747806804
California,4 wk ahead,Bin,percent,7.8,7.9, 0.00011527259110366795604330631
California,4 wk ahead,Bin,percent,7.9,8, 0.00011527259110366795604330631
California,4 wk ahead,Bin,percent,8,8.1, 0.00011527259110366897248284301
California,4 wk ahead,Bin,percent,8.1,8.2, 0.00011527259110367000247490687
California,4 wk ahead,Bin,percent,8.2,8.3, 0.00011527259110367000247490687
California,4 wk ahead,Bin,percent,8.3,8.4, 0.00011527259110367000247490687
California,4 wk ahead,Bin,percent,8.4,8.5, 0.00011527259110367000247490687
California,4 wk ahead,Bin,percent,8.5,8.6, 0.00011527259110367000247490687
California,4 wk ahead,Bin,percent,8.6,8.7, 0.00011527259110367000247490687
California,4 wk ahead,Bin,percent,8.7,8.8, 0.00011527259110367000247490687
California,4 wk ahead,Bin,percent,8.8,8.9, 0.00011527259110367000247490687
California,4 wk ahead,Bin,percent,8.9,9, 0.00011527259110367000247490687
California,4 wk ahead,Bin,percent,9,9.1, 0.00011527259110367000247490687
California,4 wk ahead,Bin,percent,9.1,9.2, 0.00011527259110367000247490687
California,4 wk ahead,Bin,percent,9.2,9.3, 0.00011527259110367000247490687
California,4 wk ahead,Bin,percent,9.3,9.4, 0.00011527259110367000247490687
California,4 wk ahead,Bin,percent,9.4,9.5, 0.00011527259110367000247490687
California,4 wk ahead,Bin,percent,9.5,9.6, 0.00011527259110367000247490687
California,4 wk ahead,Bin,percent,9.6,9.7, 0.00011527259110367000247490687
California,4 wk ahead,Bin,percent,9.7,9.8, 0.00011527259110367000247490687
California,4 wk ahead,Bin,percent,9.8,9.9, 0.00011527259110367000247490687
California,4 wk ahead,Bin,percent,9.9,10, 0.00011527259110367000247490687
California,4 wk ahead,Bin,percent,10,10.1, 0.00011527259110367000247490687
California,4 wk ahead,Bin,percent,10.1,10.2, 0.00011527259110367000247490687
California,4 wk ahead,Bin,percent,10.2,10.3, 0.00011527259110367000247490687
California,4 wk ahead,Bin,percent,10.3,10.4, 0.00011527259110367000247490687
California,4 wk ahead,Bin,percent,10.4,10.5, 0.00011527259110367000247490687
California,4 wk ahead,Bin,percent,10.5,10.6, 0.00011527259110367000247490687
California,4 wk ahead,Bin,percent,10.6,10.7, 0.00011527259110367000247490687
California,4 wk ahead,Bin,percent,10.7,10.8, 0.00011527259110367000247490687
California,4 wk ahead,Bin,percent,10.8,10.9, 0.00011527259110367000247490687
California,4 wk ahead,Bin,percent,10.9,11, 0.00011527259110367000247490687
California,4 wk ahead,Bin,percent,11,11.1, 0.00011527259110367000247490687
California,4 wk ahead,Bin,percent,11.1,11.2, 0.00011527259110367000247490687
California,4 wk ahead,Bin,percent,11.2,11.3, 0.00011527259110367000247490687
California,4 wk ahead,Bin,percent,11.3,11.4, 0.00011527259110367000247490687
California,4 wk ahead,Bin,percent,11.4,11.5, 0.00011527259110367000247490687
California,4 wk ahead,Bin,percent,11.5,11.6, 0.00011527259110367000247490687
California,4 wk ahead,Bin,percent,11.6,11.7, 0.00011527259110367000247490687
California,4 wk ahead,Bin,percent,11.7,11.8, 0.00011527259110367000247490687
California,4 wk ahead,Bin,percent,11.8,11.9, 0.00011527259110367000247490687
California,4 wk ahead,Bin,percent,11.9,12, 0.00011527259110367000247490687
California,4 wk ahead,Bin,percent,12,12.1, 0.00011527259110367000247490687
California,4 wk ahead,Bin,percent,12.1,12.2, 0.00011527259110367000247490687
California,4 wk ahead,Bin,percent,12.2,12.3, 0.00011527259110367000247490687
California,4 wk ahead,Bin,percent,12.3,12.4, 0.00011527259110367000247490687
California,4 wk ahead,Bin,percent,12.4,12.5, 0.00011527259110367000247490687
California,4 wk ahead,Bin,percent,12.5,12.6, 0.00011527259110367000247490687
California,4 wk ahead,Bin,percent,12.6,12.7, 0.00011527259110367000247490687
California,4 wk ahead,Bin,percent,12.7,12.8, 0.00011527259110367000247490687
California,4 wk ahead,Bin,percent,12.8,12.9, 0.00011527259110367000247490687
California,4 wk ahead,Bin,percent,12.9,13, 0.00011527259110367000247490687
California,4 wk ahead,Bin,percent,13,100, 0.00011527259110367000247490687
Arizona,Season peak week,Bin,week,40,41, 0.00358725771799764739378169054
Arizona,Season peak week,Bin,week,41,42, 0.00358725771799764739378169054
Arizona,Season peak week,Bin,week,42,43, 0.00358725771799764739378169054
Arizona,Season peak week,Bin,week,43,44, 0.00358725771799764739378169054
Arizona,Season peak week,Bin,week,44,45, 0.00358725771799764739378169054
Arizona,Season peak week,Bin,week,45,46, 0.00358725771799764739378169054
Arizona,Season peak week,Bin,week,46,47, 0.00358725771799764739378169054
Arizona,Season peak week,Bin,week,47,48, 0.00358725771799764739378169054
Arizona,Season peak week,Bin,week,48,49, 0.00358725771799764739378169054
Arizona,Season peak week,Bin,week,49,50, 0.00358725771799764739378169054
Arizona,Season peak week,Bin,week,50,51, 0.00358725771799764739378169054
Arizona,Season peak week,Bin,week,51,52, 0.00358725771799764739378169054
Arizona,Season peak week,Bin,week,52,53, 0.00358725771799764739378169054
Arizona,Season peak week,Bin,week,1,2, 0.00358725771799764739378169054
Arizona,Season peak week,Bin,week,2,3, 0.00393977673470535718486251753
Arizona,Season peak week,Bin,week,3,4, 0.08044888797946393721449709346
Arizona,Season peak week,Bin,week,4,5, 0.28128646043196270376540724101
Arizona,Season peak week,Bin,week,5,6, 0.10725811449004619968494722571
Arizona,Season peak week,Bin,week,6,7, 0.12463363022953154179983670247
Arizona,Season peak week,Bin,week,7,8, 0.16547473055394615326640916919
Arizona,Season peak week,Bin,week,8,9, 0.13976091746479468724828620907
Arizona,Season peak week,Bin,week,9,10, 0.03161379651323174139188054710
Arizona,Season peak week,Bin,week,10,11, 0.00152032285965012468886836672
Arizona,Season peak week,Bin,week,11,12, 0.00138417546907004113121431033
Arizona,Season peak week,Bin,week,12,13, 0.00138417546907004113121431033
Arizona,Season peak week,Bin,week,13,14, 0.00138417546907004113121431033
Arizona,Season peak week,Bin,week,14,15, 0.00138417546907004113121431033
Arizona,Season peak week,Bin,week,15,16, 0.00138417546907004113121431033
Arizona,Season peak week,Bin,week,16,17, 0.00138417546907004113121431033
Arizona,Season peak week,Bin,week,17,18, 0.00138417546907004113121431033
Arizona,Season peak week,Bin,week,18,19, 0.00138417546907004113121431033
Arizona,Season peak week,Bin,week,19,20, 0.00138417546907004113121431033
Arizona,Season peak week,Bin,week,20,21, 0.00138417546907004113121431033
Arizona,Season peak percentage,Bin,percent,0,0.1, 0.00059320592805495457773556911
Arizona,Season peak percentage,Bin,percent,0.1,0.2, 0.00142674529974163135162545935
Arizona,Season peak percentage,Bin,percent,0.2,0.3, 0.00180246636246804317442460341
Arizona,Season peak percentage,Bin,percent,0.3,0.4, 0.00225137473197137023134262179
Arizona,Season peak percentage,Bin,percent,0.4,0.5, 0.00278083793841607572819296657
Arizona,Season peak percentage,Bin,percent,0.5,0.6, 0.00339692859860699731752720076
Arizona,Season peak percentage,Bin,percent,0.6,0.7, 0.00410508742586822121534151364
Arizona,Season peak percentage,Bin,percent,0.7,0.8, 0.00490837040692592135177063639
Arizona,Season peak percentage,Bin,percent,0.8,0.9, 0.00580865314076690897326926688
Arizona,Season peak percentage,Bin,percent,0.9,1, 0.00680476735092237772217771408
Arizona,Season peak percentage,Bin,percent,1,1.1, 0.00789410867041812937261457961
Arizona,Season peak percentage,Bin,percent,1.1,1.2, 0.00907103835133694913483992650
Arizona,Season peak percentage,Bin,percent,1.2,1.3, 0.01032787957142576769353770061
Arizona,Season peak percentage,Bin,percent,1.3,1.4, 0.01165479516658882164215071953
Arizona,Season peak percentage,Bin,percent,1.4,1.5, 0.01303988893899871506776300123
Arizona,Season peak percentage,Bin,percent,1.5,1.6, 0.01446974710572181133105829076
Arizona,Season peak percentage,Bin,percent,1.6,1.7, 0.01592927930060586763638674768
Arizona,Season peak percentage,Bin,percent,1.7,1.8, 0.01740251177638385202128823437
Arizona,Season peak percentage,Bin,percent,1.8,1.9, 0.01887237778973670232485204679
Arizona,Season peak percentage,Bin,percent,1.9,2, 0.02032111681835763183912035856
Arizona,Season peak percentage,Bin,percent,2,2.1, 0.02173054828167345423062251086
Arizona,Season peak percentage,Bin,percent,2.1,2.2, 0.02308189085028498552243370057
Arizona,Season peak percentage,Bin,percent,2.2,2.3, 0.02435618046957201826563377267
Arizona,Season peak percentage,Bin,percent,2.3,2.4, 0.02553482042190485801214094863
Arizona,Season peak percentage,Bin,percent,2.4,2.5, 0.02659881726015634814674903907
Arizona,Season peak percentage,Bin,percent,2.5,2.6, 0.02753072667698775247147047196
Arizona,Season peak percentage,Bin,percent,2.6,2.7, 0.02831328439493775370183747953
Arizona,Season peak percentage,Bin,percent,2.7,2.8, 0.02893256916136205045275708869
Arizona,Season peak percentage,Bin,percent,2.8,2.9, 0.02937536494459603436668615473
Arizona,Season peak percentage,Bin,percent,2.9,3, 0.02963327188095911737808485498
Arizona,Season peak percentage,Bin,percent,3,3.1, 0.02970085605479573509501989292
Arizona,Season peak percentage,Bin,percent,3.1,3.2, 0.02957772081046513429347655233
Arizona,Season peak percentage,Bin,percent,3.2,3.3, 0.02926783403678552553106584355
Arizona,Season peak percentage,Bin,percent,3.3,3.4, 0.02878008853658348825677038008
Arizona,Season peak percentage,Bin,percent,3.4,3.5, 0.02812902453787452863864793073
Arizona,Season peak percentage,Bin,percent,3.5,3.6, 0.02733208719437263053975151195
Arizona,Season peak percentage,Bin,percent,3.6,3.7, 0.02641152468040865522458382486
Arizona,Season peak percentage,Bin,percent,3.7,3.8, 0.02539116285561014707550242520
Arizona,Season peak percentage,Bin,percent,3.8,3.9, 0.02429701202553766897773712685
Arizona,Season peak percentage,Bin,percent,3.9,4, 0.02315441267063971311768177941
Arizona,Season peak percentage,Bin,percent,4,4.1, 0.02198803305760621898401474539
Arizona,Season peak percentage,Bin,percent,4.1,4.2, 0.02081996694675041642552670851
Arizona,Season peak percentage,Bin,percent,4.2,4.3, 0.01966910020853120805162106421
Arizona,Season peak percentage,Bin,percent,4.3,4.4, 0.01855021930006985758643267559
Arizona,Season peak percentage,Bin,percent,4.4,4.5, 0.01747399229046143684374037264
Arizona,Season peak percentage,Bin,percent,4.5,4.6, 0.01644623709886756934839269206
Arizona,Season peak percentage,Bin,percent,4.6,4.7, 0.01546919004111552316260702611
Arizona,Season peak percentage,Bin,percent,4.7,4.8, 0.01454104480807331262193216048
Arizona,Season peak percentage,Bin,percent,4.8,4.9, 0.01365757970119864384006547198
Arizona,Season peak percentage,Bin,percent,4.9,5, 0.01281238977488168701013293571
Arizona,Season peak percentage,Bin,percent,5,5.1, 0.01199845059914142822443672287
Arizona,Season peak percentage,Bin,percent,5.1,5.2, 0.01120863354556006497020348434
Arizona,Season peak percentage,Bin,percent,5.2,5.3, 0.01043663604949904462337872957
Arizona,Season peak percentage,Bin,percent,5.3,5.4, 0.00967775459422359242422917447
Arizona,Season peak percentage,Bin,percent,5.4,5.5, 0.00892909868854853752684341828
Arizona,Season peak percentage,Bin,percent,5.5,5.6, 0.00818996206402278908997871554
Arizona,Season peak percentage,Bin,percent,5.6,5.7, 0.00746159714086055015497267462
Arizona,Season peak percentage,Bin,percent,5.7,5.8, 0.00674718161190592143061639518
Arizona,Season peak percentage,Bin,percent,5.8,5.9, 0.00605122795057475276053748914
Arizona,Season peak percentage,Bin,percent,5.9,6, 0.00537922846602369077867455971
Arizona,Season peak percentage,Bin,percent,6,6.1, 0.00473703529467907162586737257
Arizona,Season peak percentage,Bin,percent,6.1,6.2, 0.00413035100885896996891766264
Arizona,Season peak percentage,Bin,percent,6.2,6.3, 0.00356441210217654878139592611
Arizona,Season peak percentage,Bin,percent,6.3,6.4, 0.00304317136140663455079469202
Arizona,Season peak percentage,Bin,percent,6.4,6.5, 0.00256977537198419198408161357
Arizona,Season peak percentage,Bin,percent,6.5,6.6, 0.00214559029487389110041339890
Arizona,Season peak percentage,Bin,percent,6.6,6.7, 0.00177100440833903734726140211
Arizona,Season peak percentage,Bin,percent,6.7,6.8, 0.00144472344967999525092161583
Arizona,Season peak percentage,Bin,percent,6.8,6.9, 0.00116469171381241047222299123
Arizona,Season peak percentage,Bin,percent,6.9,7, 0.00092774353424237632811250043
Arizona,Season peak percentage,Bin,percent,7,7.1, 0.00073006727249823257126781773
Arizona,Season peak percentage,Bin,percent,7.1,7.2, 0.00056756136557907239503090180
Arizona,Season peak percentage,Bin,percent,7.2,7.3, 0.00043579688712001054791758681
Arizona,Season peak percentage,Bin,percent,7.3,7.4, 0.00033055723770963782144963194
Arizona,Season peak percentage,Bin,percent,7.4,7.5, 0.00024758563262010585895311898
Arizona,Season peak percentage,Bin,percent,7.5,7.6, 0.00018317448741537249961956746
Arizona,Season peak percentage,Bin,percent,7.6,7.7, 0.00013381263791078571692878818
Arizona,Season peak percentage,Bin,percent,7.7,7.8, 0.00009654728498405189631749457
Arizona,Season peak percentage,Bin,percent,7.8,7.9, 0.00008072998336098655808822089
Arizona,Season peak percentage,Bin,percent,7.9,8, 0.00008072627526938394636277924
Arizona,Season peak percentage,Bin,percent,8,8.1, 0.00008072627526938465109419135
Arizona,Season peak percentage,Bin,percent,8.1,8.2, 0.00008072627526938538293065778
Arizona,Season peak percentage,Bin,percent,8.2,8.3, 0.00008072627526938538293065778
Arizona,Season peak percentage,Bin,percent,8.3,8.4, 0.00008072627526938538293065778
Arizona,Season peak percentage,Bin,percent,8.4,8.5, 0.00008072627526938538293065778
Arizona,Season peak percentage,Bin,percent,8.5,8.6, 0.00008072627526938538293065778
Arizona,Season peak percentage,Bin,percent,8.6,8.7, 0.00008072627526938538293065778
Arizona,Season peak percentage,Bin,percent,8.7,8.8, 0.00008072627526938538293065778
Arizona,Season peak percentage,Bin,percent,8.8,8.9, 0.00008072627526938538293065778
Arizona,Season peak percentage,Bin,percent,8.9,9, 0.00008072627526938538293065778
Arizona,Season peak percentage,Bin,percent,9,9.1, 0.00008072627526938538293065778
Arizona,Season peak percentage,Bin,percent,9.1,9.2, 0.00008072627526938538293065778
Arizona,Season peak percentage,Bin,percent,9.2,9.3, 0.00008072627526938538293065778
Arizona,Season peak percentage,Bin,percent,9.3,9.4, 0.00008072627526938538293065778
Arizona,Season peak percentage,Bin,percent,9.4,9.5, 0.00008072627526938538293065778
Arizona,Season peak percentage,Bin,percent,9.5,9.6, 0.00008072627526938538293065778
Arizona,Season peak percentage,Bin,percent,9.6,9.7, 0.00008072627526938538293065778
Arizona,Season peak percentage,Bin,percent,9.7,9.8, 0.00008072627526938538293065778
Arizona,Season peak percentage,Bin,percent,9.8,9.9, 0.00008072627526938538293065778
Arizona,Season peak percentage,Bin,percent,9.9,10, 0.00008072627526938538293065778
Arizona,Season peak percentage,Bin,percent,10,10.1, 0.00008072627526938538293065778
Arizona,Season peak percentage,Bin,percent,10.1,10.2, 0.00008072627526938538293065778
Arizona,Season peak percentage,Bin,percent,10.2,10.3, 0.00008072627526938538293065778
Arizona,Season peak percentage,Bin,percent,10.3,10.4, 0.00008072627526938538293065778
Arizona,Season peak percentage,Bin,percent,10.4,10.5, 0.00008072627526938538293065778
Arizona,Season peak percentage,Bin,percent,10.5,10.6, 0.00008072627526938538293065778
Arizona,Season peak percentage,Bin,percent,10.6,10.7, 0.00008072627526938538293065778
Arizona,Season peak percentage,Bin,percent,10.7,10.8, 0.00008072627526938538293065778
Arizona,Season peak percentage,Bin,percent,10.8,10.9, 0.00008072627526938538293065778
Arizona,Season peak percentage,Bin,percent,10.9,11, 0.00008072627526938538293065778
Arizona,Season peak percentage,Bin,percent,11,11.1, 0.00008072627526938538293065778
Arizona,Season peak percentage,Bin,percent,11.1,11.2, 0.00008072627526938538293065778
Arizona,Season peak percentage,Bin,percent,11.2,11.3, 0.00008072627526938538293065778
Arizona,Season peak percentage,Bin,percent,11.3,11.4, 0.00008072627526938538293065778
Arizona,Season peak percentage,Bin,percent,11.4,11.5, 0.00008072627526938538293065778
Arizona,Season peak percentage,Bin,percent,11.5,11.6, 0.00008072627526938538293065778
Arizona,Season peak percentage,Bin,percent,11.6,11.7, 0.00008072627526938538293065778
Arizona,Season peak percentage,Bin,percent,11.7,11.8, 0.00008072627526938538293065778
Arizona,Season peak percentage,Bin,percent,11.8,11.9, 0.00008072627526938538293065778
Arizona,Season peak percentage,Bin,percent,11.9,12, 0.00008072627526938538293065778
Arizona,Season peak percentage,Bin,percent,12,12.1, 0.00008072627526938538293065778
Arizona,Season peak percentage,Bin,percent,12.1,12.2, 0.00008072627526938538293065778
Arizona,Season peak percentage,Bin,percent,12.2,12.3, 0.00008072627526938538293065778
Arizona,Season peak percentage,Bin,percent,12.3,12.4, 0.00008072627526938538293065778
Arizona,Season peak percentage,Bin,percent,12.4,12.5, 0.00008072627526938538293065778
Arizona,Season peak percentage,Bin,percent,12.5,12.6, 0.00008072627526938538293065778
Arizona,Season peak percentage,Bin,percent,12.6,12.7, 0.00008072627526938538293065778
Arizona,Season peak percentage,Bin,percent,12.7,12.8, 0.00008072627526938538293065778
Arizona,Season peak percentage,Bin,percent,12.8,12.9, 0.00008072627526938538293065778
Arizona,Season peak percentage,Bin,percent,12.9,13, 0.00008072627526938538293065778
Arizona,Season peak percentage,Bin,percent,13,100, 0.00008072627526938538293065778
Arizona,1 wk ahead,Bin,percent,0,0.1, 0.00064715394877886192864097081
Arizona,1 wk ahead,Bin,percent,0.1,0.2, 0.00188020006673354756442095859
Arizona,1 wk ahead,Bin,percent,0.2,0.3, 0.00294238354627064527604951572
Arizona,1 wk ahead,Bin,percent,0.3,0.4, 0.00439242458341742875865820750
Arizona,1 wk ahead,Bin,percent,0.4,0.5, 0.00625538650255059135163460127
Arizona,1 wk ahead,Bin,percent,0.5,0.6, 0.00849854091847607878706938322
Arizona,1 wk ahead,Bin,percent,0.6,0.7, 0.01101599313370995800176466162
Arizona,1 wk ahead,Bin,percent,0.7,0.8, 0.01362544893687349205346759362
Arizona,1 wk ahead,Bin,percent,0.8,0.9, 0.01608568960459317784272847973
Arizona,1 wk ahead,Bin,percent,0.9,1, 0.01813434284408864047288822974
Arizona,1 wk ahead,Bin,percent,1,1.1, 0.01954050372624781609087740719
Arizona,1 wk ahead,Bin,percent,1.1,1.2, 0.02015946717055858844469540259
Arizona,1 wk ahead,Bin,percent,1.2,1.3, 0.01997459706492439243663561399
Arizona,1 wk ahead,Bin,percent,1.3,1.4, 0.01911462777230018075802497890
Arizona,1 wk ahead,Bin,percent,1.4,1.5, 0.01783957461317052170524100063
Arizona,1 wk ahead,Bin,percent,1.5,1.6, 0.01649770622087648117015667992
Arizona,1 wk ahead,Bin,percent,1.6,1.7, 0.01546549503442804125719067798
Arizona,1 wk ahead,Bin,percent,1.7,1.8, 0.01508286121221821297899712278
Arizona,1 wk ahead,Bin,percent,1.8,1.9, 0.01559804939351785817158724257
Arizona,1 wk ahead,Bin,percent,1.9,2, 0.01713149130126740901647330872
Arizona,1 wk ahead,Bin,percent,2,2.1, 0.01966149924082161853933214957
Arizona,1 wk ahead,Bin,percent,2.1,2.2, 0.02303278012093378304681046131
Arizona,1 wk ahead,Bin,percent,2.2,2.3, 0.02697923031386801132058828046
Arizona,1 wk ahead,Bin,percent,2.3,2.4, 0.03116106957412238809279614316
Arizona,1 wk ahead,Bin,percent,2.4,2.5, 0.03520643519734067972137836477
Arizona,1 wk ahead,Bin,percent,2.5,2.6, 0.03875458448829858376649681873
Arizona,1 wk ahead,Bin,percent,2.6,2.7, 0.04149772920984540897082482047
Arizona,1 wk ahead,Bin,percent,2.7,2.8, 0.04321439055829527642327292369
Arizona,1 wk ahead,Bin,percent,2.8,2.9, 0.04379569865845423654038270911
Arizona,1 wk ahead,Bin,percent,2.9,3, 0.04325625602115507062350729939
Arizona,1 wk ahead,Bin,percent,3,3.1, 0.04172645943557096864795497027
Arizona,1 wk ahead,Bin,percent,3.1,3.2, 0.03943211037120784162590680921
Arizona,1 wk ahead,Bin,percent,3.2,3.3, 0.03665239507169449489909496265
Arizona,1 wk ahead,Bin,percent,3.3,3.4, 0.03367273093358233437832893742
Arizona,1 wk ahead,Bin,percent,3.4,3.5, 0.03073541438767705968881926992
Arizona,1 wk ahead,Bin,percent,3.5,3.6, 0.02800196705811758626780694215
Arizona,1 wk ahead,Bin,percent,3.6,3.7, 0.02553553981223122618104959258
Arizona,1 wk ahead,Bin,percent,3.7,3.8, 0.02330761287219821828453625301
Arizona,1 wk ahead,Bin,percent,3.8,3.9, 0.02122734931115095868836561976
Arizona,1 wk ahead,Bin,percent,3.9,4, 0.01918285932298032306353441356
Arizona,1 wk ahead,Bin,percent,4,4.1, 0.01708337786304891733890620742
Arizona,1 wk ahead,Bin,percent,4.1,4.2, 0.01488903784031092407402763200
Arizona,1 wk ahead,Bin,percent,4.2,4.3, 0.01262132994911643012192481450
Arizona,1 wk ahead,Bin,percent,4.3,4.4, 0.01035339690671762714890835611
Arizona,1 wk ahead,Bin,percent,4.4,4.5, 0.00818633470372078821120087611
Arizona,1 wk ahead,Bin,percent,4.5,4.6, 0.00622082313526007863596634095
Arizona,1 wk ahead,Bin,percent,4.6,4.7, 0.00453341079209253032533677441
Arizona,1 wk ahead,Bin,percent,4.7,4.8, 0.00316339812468869772607571456
Arizona,1 wk ahead,Bin,percent,4.8,4.9, 0.00211132965259666497206958446
Arizona,1 wk ahead,Bin,percent,4.9,5, 0.00134675779508915127724577587
Arizona,1 wk ahead,Bin,percent,5,5.1, 0.00082058424747675205203345516
Arizona,1 wk ahead,Bin,percent,5.1,5.2, 0.00047740494038153187929610088
Arizona,1 wk ahead,Bin,percent,5.2,5.3, 0.00026510910637484873426938936
Arizona,1 wk ahead,Bin,percent,5.3,5.4, 0.00016001937641302687426701767
Arizona,1 wk ahead,Bin,percent,5.4,5.5, 0.00015391735080732334584735499
Arizona,1 wk ahead,Bin,percent,5.5,5.6, 0.00015391735080732334584735499
Arizona,1 wk ahead,Bin,percent,5.6,5.7, 0.00015391735080732334584735499
Arizona,1 wk ahead,Bin,percent,5.7,5.8, 0.00015391735080732334584735499
Arizona,1 wk ahead,Bin,percent,5.8,5.9, 0.00015391735080732334584735499
Arizona,1 wk ahead,Bin,percent,5.9,6, 0.00015391735080732334584735499
Arizona,1 wk ahead,Bin,percent,6,6.1, 0.00015391735080732334584735499
Arizona,1 wk ahead,Bin,percent,6.1,6.2, 0.00015391735080732334584735499
Arizona,1 wk ahead,Bin,percent,6.2,6.3, 0.00015391735080732334584735499
Arizona,1 wk ahead,Bin,percent,6.3,6.4, 0.00015391735080732334584735499
Arizona,1 wk ahead,Bin,percent,6.4,6.5, 0.00015391735080732334584735499
Arizona,1 wk ahead,Bin,percent,6.5,6.6, 0.00015391735080732334584735499
Arizona,1 wk ahead,Bin,percent,6.6,6.7, 0.00015391735080732334584735499
Arizona,1 wk ahead,Bin,percent,6.7,6.8, 0.00015391735080732334584735499
Arizona,1 wk ahead,Bin,percent,6.8,6.9, 0.00015391735080732334584735499
Arizona,1 wk ahead,Bin,percent,6.9,7, 0.00015391735080732334584735499
Arizona,1 wk ahead,Bin,percent,7,7.1, 0.00015391735080732334584735499
Arizona,1 wk ahead,Bin,percent,7.1,7.2, 0.00015391735080732334584735499
Arizona,1 wk ahead,Bin,percent,7.2,7.3, 0.00015391735080732334584735499
Arizona,1 wk ahead,Bin,percent,7.3,7.4, 0.00015391735080732334584735499
Arizona,1 wk ahead,Bin,percent,7.4,7.5, 0.00015391735080732334584735499
Arizona,1 wk ahead,Bin,percent,7.5,7.6, 0.00015391735080732334584735499
Arizona,1 wk ahead,Bin,percent,7.6,7.7, 0.00015391735080732334584735499
Arizona,1 wk ahead,Bin,percent,7.7,7.8, 0.00015391735080732334584735499
Arizona,1 wk ahead,Bin,percent,7.8,7.9, 0.00015391735080732334584735499
Arizona,1 wk ahead,Bin,percent,7.9,8, 0.00015391735080732334584735499
Arizona,1 wk ahead,Bin,percent,8,8.1, 0.00015391735080732470110007060
Arizona,1 wk ahead,Bin,percent,8.1,8.2, 0.00015391735080732602924773189
Arizona,1 wk ahead,Bin,percent,8.2,8.3, 0.00015391735080732602924773189
Arizona,1 wk ahead,Bin,percent,8.3,8.4, 0.00015391735080732602924773189
Arizona,1 wk ahead,Bin,percent,8.4,8.5, 0.00015391735080732602924773189
Arizona,1 wk ahead,Bin,percent,8.5,8.6, 0.00015391735080732602924773189
Arizona,1 wk ahead,Bin,percent,8.6,8.7, 0.00015391735080732602924773189
Arizona,1 wk ahead,Bin,percent,8.7,8.8, 0.00015391735080732602924773189
Arizona,1 wk ahead,Bin,percent,8.8,8.9, 0.00015391735080732602924773189
Arizona,1 wk ahead,Bin,percent,8.9,9, 0.00015391735080732602924773189
Arizona,1 wk ahead,Bin,percent,9,9.1, 0.00015391735080732602924773189
Arizona,1 wk ahead,Bin,percent,9.1,9.2, 0.00015391735080732602924773189
Arizona,1 wk ahead,Bin,percent,9.2,9.3, 0.00015391735080732602924773189
Arizona,1 wk ahead,Bin,percent,9.3,9.4, 0.00015391735080732602924773189
Arizona,1 wk ahead,Bin,percent,9.4,9.5, 0.00015391735080732602924773189
Arizona,1 wk ahead,Bin,percent,9.5,9.6, 0.00015391735080732602924773189
Arizona,1 wk ahead,Bin,percent,9.6,9.7, 0.00015391735080732602924773189
Arizona,1 wk ahead,Bin,percent,9.7,9.8, 0.00015391735080732602924773189
Arizona,1 wk ahead,Bin,percent,9.8,9.9, 0.00015391735080732602924773189
Arizona,1 wk ahead,Bin,percent,9.9,10, 0.00015391735080732602924773189
Arizona,1 wk ahead,Bin,percent,10,10.1, 0.00015391735080732602924773189
Arizona,1 wk ahead,Bin,percent,10.1,10.2, 0.00015391735080732602924773189
Arizona,1 wk ahead,Bin,percent,10.2,10.3, 0.00015391735080732602924773189
Arizona,1 wk ahead,Bin,percent,10.3,10.4, 0.00015391735080732602924773189
Arizona,1 wk ahead,Bin,percent,10.4,10.5, 0.00015391735080732602924773189
Arizona,1 wk ahead,Bin,percent,10.5,10.6, 0.00015391735080732602924773189
Arizona,1 wk ahead,Bin,percent,10.6,10.7, 0.00015391735080732602924773189
Arizona,1 wk ahead,Bin,percent,10.7,10.8, 0.00015391735080732602924773189
Arizona,1 wk ahead,Bin,percent,10.8,10.9, 0.00015391735080732602924773189
Arizona,1 wk ahead,Bin,percent,10.9,11, 0.00015391735080732602924773189
Arizona,1 wk ahead,Bin,percent,11,11.1, 0.00015391735080732602924773189
Arizona,1 wk ahead,Bin,percent,11.1,11.2, 0.00015391735080732602924773189
Arizona,1 wk ahead,Bin,percent,11.2,11.3, 0.00015391735080732602924773189
Arizona,1 wk ahead,Bin,percent,11.3,11.4, 0.00015391735080732602924773189
Arizona,1 wk ahead,Bin,percent,11.4,11.5, 0.00015391735080732602924773189
Arizona,1 wk ahead,Bin,percent,11.5,11.6, 0.00015391735080732602924773189
Arizona,1 wk ahead,Bin,percent,11.6,11.7, 0.00015391735080732602924773189
Arizona,1 wk ahead,Bin,percent,11.7,11.8, 0.00015391735080732602924773189
Arizona,1 wk ahead,Bin,percent,11.8,11.9, 0.00015391735080732602924773189
Arizona,1 wk ahead,Bin,percent,11.9,12, 0.00015391735080732602924773189
Arizona,1 wk ahead,Bin,percent,12,12.1, 0.00015391735080732602924773189
Arizona,1 wk ahead,Bin,percent,12.1,12.2, 0.00015391735080732602924773189
Arizona,1 wk ahead,Bin,percent,12.2,12.3, 0.00015391735080732602924773189
Arizona,1 wk ahead,Bin,percent,12.3,12.4, 0.00015391735080732602924773189
Arizona,1 wk ahead,Bin,percent,12.4,12.5, 0.00015391735080732602924773189
Arizona,1 wk ahead,Bin,percent,12.5,12.6, 0.00015391735080732602924773189
Arizona,1 wk ahead,Bin,percent,12.6,12.7, 0.00015391735080732602924773189
Arizona,1 wk ahead,Bin,percent,12.7,12.8, 0.00015391735080732602924773189
Arizona,1 wk ahead,Bin,percent,12.8,12.9, 0.00015391735080732602924773189
Arizona,1 wk ahead,Bin,percent,12.9,13, 0.00015391735080732602924773189
Arizona,1 wk ahead,Bin,percent,13,100, 0.00015391735080732602924773189
Arizona,2 wk ahead,Bin,percent,0,0.1, 0.00371181764317194805985478112
Arizona,2 wk ahead,Bin,percent,0.1,0.2, 0.00787738055823978232383719700
Arizona,2 wk ahead,Bin,percent,0.2,0.3, 0.00849621018567147702482689198
Arizona,2 wk ahead,Bin,percent,0.3,0.4, 0.00912946250243758770925861512
Arizona,2 wk ahead,Bin,percent,0.4,0.5, 0.00977430255142056753081547527
Arizona,2 wk ahead,Bin,percent,0.5,0.6, 0.01042798393452523154911748549
Arizona,2 wk ahead,Bin,percent,0.6,0.7, 0.01108775704937742766220676316
Arizona,2 wk ahead,Bin,percent,0.7,0.8, 0.01175080469195576710061956760
Arizona,2 wk ahead,Bin,percent,0.8,0.9, 0.01241431110233924377250769311
Arizona,2 wk ahead,Bin,percent,0.9,1, 0.01307555383962499123695621961
Arizona,2 wk ahead,Bin,percent,1,1.1, 0.01373178932880192784637962689
Arizona,2 wk ahead,Bin,percent,1.1,1.2, 0.01438035373497315375090899181
Arizona,2 wk ahead,Bin,percent,1.2,1.3, 0.01501870424002952827957635407
Arizona,2 wk ahead,Bin,percent,1.3,1.4, 0.01564428895736085997625330890
Arizona,2 wk ahead,Bin,percent,1.4,1.5, 0.01625440689673793293046344388
Arizona,2 wk ahead,Bin,percent,1.5,1.6, 0.01684660346795464197500180603
Arizona,2 wk ahead,Bin,percent,1.6,1.7, 0.01741842428703772177600583859
Arizona,2 wk ahead,Bin,percent,1.7,1.8, 0.01796726592116528256615204384
Arizona,2 wk ahead,Bin,percent,1.8,1.9, 0.01849026832027610145470220004
Arizona,2 wk ahead,Bin,percent,1.9,2, 0.01898497886625919936487427719
Arizona,2 wk ahead,Bin,percent,2,2.1, 0.01944878359852196536561308449
Arizona,2 wk ahead,Bin,percent,2.1,2.2, 0.01987883048106262040555236581
Arizona,2 wk ahead,Bin,percent,2.2,2.3, 0.02027209851349729211045236354
Arizona,2 wk ahead,Bin,percent,2.3,2.4, 0.02062620235894647990892991629
Arizona,2 wk ahead,Bin,percent,2.4,2.5, 0.02093851786789035357427835038
Arizona,2 wk ahead,Bin,percent,2.5,2.6, 0.02120617684597272609159368528
Arizona,2 wk ahead,Bin,percent,2.6,2.7, 0.02142663114090048032123192456
Arizona,2 wk ahead,Bin,percent,2.7,2.8, 0.02159804887509335011297473272
Arizona,2 wk ahead,Bin,percent,2.8,2.9, 0.02171849621265955002091807557
Arizona,2 wk ahead,Bin,percent,2.9,3, 0.02178592528002604167269851132
Arizona,2 wk ahead,Bin,percent,3,3.1, 0.02179914579138082786347041520
Arizona,2 wk ahead,Bin,percent,3.1,3.2, 0.02175769996580942389208246368
Arizona,2 wk ahead,Bin,percent,3.2,3.3, 0.02166115908911804902037268050
Arizona,2 wk ahead,Bin,percent,3.3,3.4, 0.02150916740449785452549136266
Arizona,2 wk ahead,Bin,percent,3.4,3.5, 0.02130263486303318742898227356
Arizona,2 wk ahead,Bin,percent,3.5,3.6, 0.02104291399372391555000483265
Arizona,2 wk ahead,Bin,percent,3.6,3.7, 0.02073146438068776409302529373
Arizona,2 wk ahead,Bin,percent,3.7,3.8, 0.02037001187049023928632429659
Arizona,2 wk ahead,Bin,percent,3.8,3.9, 0.01996143189978697579656241601
Arizona,2 wk ahead,Bin,percent,3.9,4, 0.01950872631806611565141729159
Arizona,2 wk ahead,Bin,percent,4,4.1, 0.01901498401594281517645868007
Arizona,2 wk ahead,Bin,percent,4.1,4.2, 0.01848347740687785248359098489
Arizona,2 wk ahead,Bin,percent,4.2,4.3, 0.01791830874399120976381283299
Arizona,2 wk ahead,Bin,percent,4.3,4.4, 0.01732337500571699134832570621
Arizona,2 wk ahead,Bin,percent,4.4,4.5, 0.01670255774826381531261709767
Arizona,2 wk ahead,Bin,percent,4.5,4.6, 0.01605985679822870965116621278
Arizona,2 wk ahead,Bin,percent,4.6,4.7, 0.01539950524551657665139892117
Arizona,2 wk ahead,Bin,percent,4.7,4.8, 0.01472546864799397989265195008
Arizona,2 wk ahead,Bin,percent,4.8,4.9, 0.01404161008382095315871751495
Arizona,2 wk ahead,Bin,percent,4.9,5, 0.01335175097686877587754850083
Arizona,2 wk ahead,Bin,percent,5,5.1, 0.01265957023838388054159942442
Arizona,2 wk ahead,Bin,percent,5.1,5.2, 0.01196852020269123170748137852
Arizona,2 wk ahead,Bin,percent,5.2,5.3, 0.01128193952812235785476691063
Arizona,2 wk ahead,Bin,percent,5.3,5.4, 0.01060292437374054340393225715
Arizona,2 wk ahead,Bin,percent,5.4,5.5, 0.00993432574737701350187091265
Arizona,2 wk ahead,Bin,percent,5.5,5.6, 0.00927883041913215612928045317
Arizona,2 wk ahead,Bin,percent,5.6,5.7, 0.00863903330157940463340793258
Arizona,2 wk ahead,Bin,percent,5.7,5.8, 0.00801709824027615515495970300
Arizona,2 wk ahead,Bin,percent,5.8,5.9, 0.00741500450909294943346861118
Arizona,2 wk ahead,Bin,percent,5.9,6, 0.00683458383425233125668674106
Arizona,2 wk ahead,Bin,percent,6,6.1, 0.00627757871419487491898570042
Arizona,2 wk ahead,Bin,percent,6.1,6.2, 0.00574515420728959839286043021
Arizona,2 wk ahead,Bin,percent,6.2,6.3, 0.00523839158998306783643350570
Arizona,2 wk ahead,Bin,percent,6.3,6.4, 0.00475822962860479679175762513
Arizona,2 wk ahead,Bin,percent,6.4,6.5, 0.00430546474142881521046666293
Arizona,2 wk ahead,Bin,percent,6.5,6.6, 0.00388025178493240589100432558
Arizona,2 wk ahead,Bin,percent,6.6,6.7, 0.00348276141003814017696460503
Arizona,2 wk ahead,Bin,percent,6.7,6.8, 0.00311304437294193311891454812
Arizona,2 wk ahead,Bin,percent,6.8,6.9, 0.00277089377596653925472924840
Arizona,2 wk ahead,Bin,percent,6.9,7, 0.00245563033044210584851518853
Arizona,2 wk ahead,Bin,percent,7,7.1, 0.00216658411859453180897672198
Arizona,2 wk ahead,Bin,percent,7.1,7.2, 0.00190306125485873258752766990
Arizona,2 wk ahead,Bin,percent,7.2,7.3, 0.00166402153760456710321347096
Arizona,2 wk ahead,Bin,percent,7.3,7.4, 0.00144821726614891054321643260
Arizona,2 wk ahead,Bin,percent,7.4,7.5, 0.00125441775937635657638125064
Arizona,2 wk ahead,Bin,percent,7.5,7.6, 0.00108146815343412036961034950
Arizona,2 wk ahead,Bin,percent,7.6,7.7, 0.00092786957782346247448901355
Arizona,2 wk ahead,Bin,percent,7.7,7.8, 0.00079215421570747878050877677
Arizona,2 wk ahead,Bin,percent,7.8,7.9, 0.00067291457656757313297857248
Arizona,2 wk ahead,Bin,percent,7.9,8, 0.00056883838559550886897903110
Arizona,2 wk ahead,Bin,percent,8,8.1, 0.00047842891384450574477488205
Arizona,2 wk ahead,Bin,percent,8.1,8.2, 0.00040031243554049526951754689
Arizona,2 wk ahead,Bin,percent,8.2,8.3, 0.00033321771642736054295716452
Arizona,2 wk ahead,Bin,percent,8.3,8.4, 0.00027597852967871377852585035
Arizona,2 wk ahead,Bin,percent,8.4,8.5, 0.00022737070145972872203289639
Arizona,2 wk ahead,Bin,percent,8.5,8.6, 0.00018632345961907420279352054
Arizona,2 wk ahead,Bin,percent,8.6,8.7, 0.00015187875354674335351932990
Arizona,2 wk ahead,Bin,percent,8.7,8.8, 0.00012317044041731481525923930
Arizona,2 wk ahead,Bin,percent,8.8,8.9, 0.00009934544248237940958744241
Arizona,2 wk ahead,Bin,percent,8.9,9, 0.00007968940973910828597104317
Arizona,2 wk ahead,Bin,percent,9,9.1, 0.00006398855105126342857329441
Arizona,2 wk ahead,Bin,percent,9.1,9.2, 0.00005984720865661380861857260
Arizona,2 wk ahead,Bin,percent,9.2,9.3, 0.00005984720865661380861857260
Arizona,2 wk ahead,Bin,percent,9.3,9.4, 0.00005984720865661380861857260
Arizona,2 wk ahead,Bin,percent,9.4,9.5, 0.00005984720865661380861857260
Arizona,2 wk ahead,Bin,percent,9.5,9.6, 0.00005984720865661380861857260
Arizona,2 wk ahead,Bin,percent,9.6,9.7, 0.00005984720865661380861857260
Arizona,2 wk ahead,Bin,percent,9.7,9.8, 0.00005984720865661380861857260
Arizona,2 wk ahead,Bin,percent,9.8,9.9, 0.00005984720865661380861857260
Arizona,2 wk ahead,Bin,percent,9.9,10, 0.00005984720865661380861857260
Arizona,2 wk ahead,Bin,percent,10,10.1, 0.00005984720865661380861857260
Arizona,2 wk ahead,Bin,percent,10.1,10.2, 0.00005984720865661380861857260
Arizona,2 wk ahead,Bin,percent,10.2,10.3, 0.00005984720865661380861857260
Arizona,2 wk ahead,Bin,percent,10.3,10.4, 0.00005984720865661380861857260
Arizona,2 wk ahead,Bin,percent,10.4,10.5, 0.00005984720865661380861857260
Arizona,2 wk ahead,Bin,percent,10.5,10.6, 0.00005984720865661380861857260
Arizona,2 wk ahead,Bin,percent,10.6,10.7, 0.00005984720865661380861857260
Arizona,2 wk ahead,Bin,percent,10.7,10.8, 0.00005984720865661380861857260
Arizona,2 wk ahead,Bin,percent,10.8,10.9, 0.00005984720865661380861857260
Arizona,2 wk ahead,Bin,percent,10.9,11, 0.00005984720865661380861857260
Arizona,2 wk ahead,Bin,percent,11,11.1, 0.00005984720865661380861857260
Arizona,2 wk ahead,Bin,percent,11.1,11.2, 0.00005984720865661380861857260
Arizona,2 wk ahead,Bin,percent,11.2,11.3, 0.00005984720865661380861857260
Arizona,2 wk ahead,Bin,percent,11.3,11.4, 0.00005984720865661380861857260
Arizona,2 wk ahead,Bin,percent,11.4,11.5, 0.00005984720865661380861857260
Arizona,2 wk ahead,Bin,percent,11.5,11.6, 0.00005984720865661380861857260
Arizona,2 wk ahead,Bin,percent,11.6,11.7, 0.00005984720865661380861857260
Arizona,2 wk ahead,Bin,percent,11.7,11.8, 0.00005984720865661380861857260
Arizona,2 wk ahead,Bin,percent,11.8,11.9, 0.00005984720865661380861857260
Arizona,2 wk ahead,Bin,percent,11.9,12, 0.00005984720865661380861857260
Arizona,2 wk ahead,Bin,percent,12,12.1, 0.00005984720865661380861857260
Arizona,2 wk ahead,Bin,percent,12.1,12.2, 0.00005984720865661380861857260
Arizona,2 wk ahead,Bin,percent,12.2,12.3, 0.00005984720865661380861857260
Arizona,2 wk ahead,Bin,percent,12.3,12.4, 0.00005984720865661380861857260
Arizona,2 wk ahead,Bin,percent,12.4,12.5, 0.00005984720865661380861857260
Arizona,2 wk ahead,Bin,percent,12.5,12.6, 0.00005984720865661380861857260
Arizona,2 wk ahead,Bin,percent,12.6,12.7, 0.00005984720865661380861857260
Arizona,2 wk ahead,Bin,percent,12.7,12.8, 0.00005984720865661380861857260
Arizona,2 wk ahead,Bin,percent,12.8,12.9, 0.00005984720865661380861857260
Arizona,2 wk ahead,Bin,percent,12.9,13, 0.00005984720865661380861857260
Arizona,2 wk ahead,Bin,percent,13,100, 0.00005984720865661380861857260
Arizona,3 wk ahead,Bin,percent,0,0.1, 0.00057875981236072500044076428
Arizona,3 wk ahead,Bin,percent,0.1,0.2, 0.00150639225502033520520672738
Arizona,3 wk ahead,Bin,percent,0.2,0.3, 0.00208663843886839088168083656
Arizona,3 wk ahead,Bin,percent,0.3,0.4, 0.00282165349733252968089658452
Arizona,3 wk ahead,Bin,percent,0.4,0.5, 0.00372551914368798213830769051
Arizona,3 wk ahead,Bin,percent,0.5,0.6, 0.00480445473734279152738801955
Arizona,3 wk ahead,Bin,percent,0.6,0.7, 0.00605408545957088727040851239
Arizona,3 wk ahead,Bin,percent,0.7,0.8, 0.00745753755940938185819977235
Arizona,3 wk ahead,Bin,percent,0.8,0.9, 0.00898614065214020998895172454
Arizona,3 wk ahead,Bin,percent,0.9,1, 0.01060065070487815550026589051
Arizona,3 wk ahead,Bin,percent,1,1.1, 0.01225510554879013017104405492
Arizona,3 wk ahead,Bin,percent,1.1,1.2, 0.01390227415503271155006181914
Arizona,3 wk ahead,Bin,percent,1.2,1.3, 0.01549977735533742025098025152
Arizona,3 wk ahead,Bin,percent,1.3,1.4, 0.01701611302679865295184313823
Arizona,3 wk ahead,Bin,percent,1.4,1.5, 0.01843567582245649039141000003
Arizona,3 wk ahead,Bin,percent,1.5,1.6, 0.01976101662793151511610112436
Arizona,3 wk ahead,Bin,percent,1.6,1.7, 0.02101222716055668390811028701
Arizona,3 wk ahead,Bin,percent,1.7,1.8, 0.02222345316086391658894072521
Arizona,3 wk ahead,Bin,percent,1.8,1.9, 0.02343624653105184918455705656
Arizona,3 wk ahead,Bin,percent,1.9,2, 0.02469165028337500303323714945
Arizona,3 wk ahead,Bin,percent,2,2.1, 0.02602188449194179145629313155
Arizona,3 wk ahead,Bin,percent,2.1,2.2, 0.02744313293150197133329903920
Arizona,3 wk ahead,Bin,percent,2.2,2.3, 0.02895107203775714246885009118
Arizona,3 wk ahead,Bin,percent,2.3,2.4, 0.03051921800042656576779087629
Arizona,3 wk ahead,Bin,percent,2.4,2.5, 0.03210055628776575797900250109
Arizona,3 wk ahead,Bin,percent,2.5,2.6, 0.03363220307556546995186863569
Arizona,3 wk ahead,Bin,percent,2.6,2.7, 0.03504150344075157574863510490
Arizona,3 wk ahead,Bin,percent,2.7,2.8, 0.03625290069336522397192013045
Arizona,3 wk ahead,Bin,percent,2.8,2.9, 0.03719495352947988636715948019
Arizona,3 wk ahead,Bin,percent,2.9,3, 0.03780528719040667645634457017
Arizona,3 wk ahead,Bin,percent,3,3.1, 0.03803407914864749550520883759
Arizona,3 wk ahead,Bin,percent,3.1,3.2, 0.03784741138977511937246944740
Arizona,3 wk ahead,Bin,percent,3.2,3.3, 0.03722775506365461756219659151
Arizona,3 wk ahead,Bin,percent,3.3,3.4, 0.03617379163013656473424362048
Arizona,3 wk ahead,Bin,percent,3.4,3.5, 0.03470103594331847701726090349
Arizona,3 wk ahead,Bin,percent,3.5,3.6, 0.03284150270784501335352700835
Arizona,3 wk ahead,Bin,percent,3.6,3.7, 0.03064216407722317528361521966
Arizona,3 wk ahead,Bin,percent,3.7,3.8, 0.02816396917088606274837125909
Arizona,3 wk ahead,Bin,percent,3.8,3.9, 0.02547994791997031105434956544
Arizona,3 wk ahead,Bin,percent,3.9,4, 0.02267138537581452756297650808
Arizona,3 wk ahead,Bin,percent,4,4.1, 0.01982324559229545896110735725
Arizona,3 wk ahead,Bin,percent,4.1,4.2, 0.01701949538359254915365070815
Arizona,3 wk ahead,Bin,percent,4.2,4.3, 0.01433715355803037543036548840
Arizona,3 wk ahead,Bin,percent,4.3,4.4, 0.01184179232796784934922396104
Arizona,3 wk ahead,Bin,percent,4.4,4.5, 0.00958371673399171716822841915
Arizona,3 wk ahead,Bin,percent,4.5,4.6, 0.00759552654308892280510256967
Arizona,3 wk ahead,Bin,percent,4.6,4.7, 0.00589182489181647867093616355
Arizona,3 wk ahead,Bin,percent,4.7,4.8, 0.00447115877789345042558899479
Arizona,3 wk ahead,Bin,percent,4.8,4.9, 0.00331817400959930194556668503
Arizona,3 wk ahead,Bin,percent,4.9,5, 0.00240722162088905650145775894
Arizona,3 wk ahead,Bin,percent,5,5.1, 0.00170658960666557075330773685
Arizona,3 wk ahead,Bin,percent,5.1,5.2, 0.00118215203309166645880001756
Arizona,3 wk ahead,Bin,percent,5.2,5.3, 0.00079984717262532875961533740
Arizona,3 wk ahead,Bin,percent,5.3,5.4, 0.00052847131161488035931694807
Arizona,3 wk ahead,Bin,percent,5.4,5.5, 0.00034096633134514435720455183
Arizona,3 wk ahead,Bin,percent,5.5,5.6, 0.00021543924057926917489669272
Arizona,3 wk ahead,Bin,percent,5.6,5.7, 0.00017781465101164876593808906
Arizona,3 wk ahead,Bin,percent,5.7,5.8, 0.00017781465101164876593808906
Arizona,3 wk ahead,Bin,percent,5.8,5.9, 0.00017781465101164876593808906
Arizona,3 wk ahead,Bin,percent,5.9,6, 0.00017781465101164876593808906
Arizona,3 wk ahead,Bin,percent,6,6.1, 0.00017781465101164876593808906
Arizona,3 wk ahead,Bin,percent,6.1,6.2, 0.00017781465101164876593808906
Arizona,3 wk ahead,Bin,percent,6.2,6.3, 0.00017781465101164876593808906
Arizona,3 wk ahead,Bin,percent,6.3,6.4, 0.00017781465101164876593808906
Arizona,3 wk ahead,Bin,percent,6.4,6.5, 0.00017781465101164876593808906
Arizona,3 wk ahead,Bin,percent,6.5,6.6, 0.00017781465101164876593808906
Arizona,3 wk ahead,Bin,percent,6.6,6.7, 0.00017781465101164876593808906
Arizona,3 wk ahead,Bin,percent,6.7,6.8, 0.00017781465101164876593808906
Arizona,3 wk ahead,Bin,percent,6.8,6.9, 0.00017781465101164876593808906
Arizona,3 wk ahead,Bin,percent,6.9,7, 0.00017781465101164876593808906
Arizona,3 wk ahead,Bin,percent,7,7.1, 0.00017781465101164876593808906
Arizona,3 wk ahead,Bin,percent,7.1,7.2, 0.00017781465101164876593808906
Arizona,3 wk ahead,Bin,percent,7.2,7.3, 0.00017781465101164876593808906
Arizona,3 wk ahead,Bin,percent,7.3,7.4, 0.00017781465101164876593808906
Arizona,3 wk ahead,Bin,percent,7.4,7.5, 0.00017781465101164876593808906
Arizona,3 wk ahead,Bin,percent,7.5,7.6, 0.00017781465101164876593808906
Arizona,3 wk ahead,Bin,percent,7.6,7.7, 0.00017781465101164876593808906
Arizona,3 wk ahead,Bin,percent,7.7,7.8, 0.00017781465101164876593808906
Arizona,3 wk ahead,Bin,percent,7.8,7.9, 0.00017781465101164876593808906
Arizona,3 wk ahead,Bin,percent,7.9,8, 0.00017781465101164876593808906
Arizona,3 wk ahead,Bin,percent,8,8.1, 0.00017781465101165039224134778
Arizona,3 wk ahead,Bin,percent,8.1,8.2, 0.00017781465101165196433449789
Arizona,3 wk ahead,Bin,percent,8.2,8.3, 0.00017781465101165196433449789
Arizona,3 wk ahead,Bin,percent,8.3,8.4, 0.00017781465101165196433449789
Arizona,3 wk ahead,Bin,percent,8.4,8.5, 0.00017781465101165196433449789
Arizona,3 wk ahead,Bin,percent,8.5,8.6, 0.00017781465101165196433449789
Arizona,3 wk ahead,Bin,percent,8.6,8.7, 0.00017781465101165196433449789
Arizona,3 wk ahead,Bin,percent,8.7,8.8, 0.00017781465101165196433449789
Arizona,3 wk ahead,Bin,percent,8.8,8.9, 0.00017781465101165196433449789
Arizona,3 wk ahead,Bin,percent,8.9,9, 0.00017781465101165196433449789
Arizona,3 wk ahead,Bin,percent,9,9.1, 0.00017781465101165196433449789
Arizona,3 wk ahead,Bin,percent,9.1,9.2, 0.00017781465101165196433449789
Arizona,3 wk ahead,Bin,percent,9.2,9.3, 0.00017781465101165196433449789
Arizona,3 wk ahead,Bin,percent,9.3,9.4, 0.00017781465101165196433449789
Arizona,3 wk ahead,Bin,percent,9.4,9.5, 0.00017781465101165196433449789
Arizona,3 wk ahead,Bin,percent,9.5,9.6, 0.00017781465101165196433449789
Arizona,3 wk ahead,Bin,percent,9.6,9.7, 0.00017781465101165196433449789
Arizona,3 wk ahead,Bin,percent,9.7,9.8, 0.00017781465101165196433449789
Arizona,3 wk ahead,Bin,percent,9.8,9.9, 0.00017781465101165196433449789
Arizona,3 wk ahead,Bin,percent,9.9,10, 0.00017781465101165196433449789
Arizona,3 wk ahead,Bin,percent,10,10.1, 0.00017781465101165196433449789
Arizona,3 wk ahead,Bin,percent,10.1,10.2, 0.00017781465101165196433449789
Arizona,3 wk ahead,Bin,percent,10.2,10.3, 0.00017781465101165196433449789
Arizona,3 wk ahead,Bin,percent,10.3,10.4, 0.00017781465101165196433449789
Arizona,3 wk ahead,Bin,percent,10.4,10.5, 0.00017781465101165196433449789
Arizona,3 wk ahead,Bin,percent,10.5,10.6, 0.00017781465101165196433449789
Arizona,3 wk ahead,Bin,percent,10.6,10.7, 0.00017781465101165196433449789
Arizona,3 wk ahead,Bin,percent,10.7,10.8, 0.00017781465101165196433449789
Arizona,3 wk ahead,Bin,percent,10.8,10.9, 0.00017781465101165196433449789
Arizona,3 wk ahead,Bin,percent,10.9,11, 0.00017781465101165196433449789
Arizona,3 wk ahead,Bin,percent,11,11.1, 0.00017781465101165196433449789
Arizona,3 wk ahead,Bin,percent,11.1,11.2, 0.00017781465101165196433449789
Arizona,3 wk ahead,Bin,percent,11.2,11.3, 0.00017781465101165196433449789
Arizona,3 wk ahead,Bin,percent,11.3,11.4, 0.00017781465101165196433449789
Arizona,3 wk ahead,Bin,percent,11.4,11.5, 0.00017781465101165196433449789
Arizona,3 wk ahead,Bin,percent,11.5,11.6, 0.00017781465101165196433449789
Arizona,3 wk ahead,Bin,percent,11.6,11.7, 0.00017781465101165196433449789
Arizona,3 wk ahead,Bin,percent,11.7,11.8, 0.00017781465101165196433449789
Arizona,3 wk ahead,Bin,percent,11.8,11.9, 0.00017781465101165196433449789
Arizona,3 wk ahead,Bin,percent,11.9,12, 0.00017781465101165196433449789
Arizona,3 wk ahead,Bin,percent,12,12.1, 0.00017781465101165196433449789
Arizona,3 wk ahead,Bin,percent,12.1,12.2, 0.00017781465101165196433449789
Arizona,3 wk ahead,Bin,percent,12.2,12.3, 0.00017781465101165196433449789
Arizona,3 wk ahead,Bin,percent,12.3,12.4, 0.00017781465101165196433449789
Arizona,3 wk ahead,Bin,percent,12.4,12.5, 0.00017781465101165196433449789
Arizona,3 wk ahead,Bin,percent,12.5,12.6, 0.00017781465101165196433449789
Arizona,3 wk ahead,Bin,percent,12.6,12.7, 0.00017781465101165196433449789
Arizona,3 wk ahead,Bin,percent,12.7,12.8, 0.00017781465101165196433449789
Arizona,3 wk ahead,Bin,percent,12.8,12.9, 0.00017781465101165196433449789
Arizona,3 wk ahead,Bin,percent,12.9,13, 0.00017781465101165196433449789
Arizona,3 wk ahead,Bin,percent,13,100, 0.00017781465101165196433449789
Arizona,4 wk ahead,Bin,percent,0,0.1, 0.00025316115252110312590014263
Arizona,4 wk ahead,Bin,percent,0.1,0.2, 0.00050632230504220625180028525
Arizona,4 wk ahead,Bin,percent,0.2,0.3, 0.00050632230504220603495985076
Arizona,4 wk ahead,Bin,percent,0.3,0.4, 0.00050632230504220603495985076
Arizona,4 wk ahead,Bin,percent,0.4,0.5, 0.00050632230504220603495985076
Arizona,4 wk ahead,Bin,percent,0.5,0.6, 0.00050632230504220636022050250
Arizona,4 wk ahead,Bin,percent,0.6,0.7, 0.00050632230504220668548115425
Arizona,4 wk ahead,Bin,percent,0.7,0.8, 0.00050632230504220668548115425
Arizona,4 wk ahead,Bin,percent,0.8,0.9, 0.00061909841085243659964537644
Arizona,4 wk ahead,Bin,percent,0.9,1, 0.00210500975182993047690738209
Arizona,4 wk ahead,Bin,percent,1,1.1, 0.00640795342929340819987382716
Arizona,4 wk ahead,Bin,percent,1.1,1.2, 0.01516744662952093994356950191
Arizona,4 wk ahead,Bin,percent,1.2,1.3, 0.02791674435086799466176898932
Arizona,4 wk ahead,Bin,percent,1.3,1.4, 0.03995834038082914096978726093
Arizona,4 wk ahead,Bin,percent,1.4,1.5, 0.04447968939096243190522983468
Arizona,4 wk ahead,Bin,percent,1.5,1.6, 0.03850666824625472578480511743
Arizona,4 wk ahead,Bin,percent,1.6,1.7, 0.02592518959102422040907676148
Arizona,4 wk ahead,Bin,percent,1.7,1.8, 0.01357431723630461023466509118
Arizona,4 wk ahead,Bin,percent,1.8,1.9, 0.00553356627623791553355347972
Arizona,4 wk ahead,Bin,percent,1.9,2, 0.00180538129259561418681057088
Arizona,4 wk ahead,Bin,percent,2,2.1, 0.00075731668120173657732241423
Arizona,4 wk ahead,Bin,percent,2.1,2.2, 0.00156615883593949080897222981
Arizona,4 wk ahead,Bin,percent,2.2,2.3, 0.00529453359737065785278753438
Arizona,4 wk ahead,Bin,percent,2.3,2.4, 0.01480588609646877988612612143
Arizona,4 wk ahead,Bin,percent,2.4,2.5, 0.03283129570514358580579639124
Arizona,4 wk ahead,Bin,percent,2.5,2.6, 0.05806916384042924011987807376
Arizona,4 wk ahead,Bin,percent,2.6,2.7, 0.08293881190449961526844901982
Arizona,4 wk ahead,Bin,percent,2.7,2.8, 0.09766363389091095581484580634
Arizona,4 wk ahead,Bin,percent,2.8,2.9, 0.09813689067196694482131391624
Arizona,4 wk ahead,Bin,percent,2.9,3, 0.08857697950363239980386964589
Arizona,4 wk ahead,Bin,percent,3,3.1, 0.07590874922588582152105374234
Arizona,4 wk ahead,Bin,percent,3.1,3.2, 0.06329743883213602428927657684
Arizona,4 wk ahead,Bin,percent,3.2,3.3, 0.04990375179784882486710984040
Arizona,4 wk ahead,Bin,percent,3.3,3.4, 0.03510615936196215952636023871
Arizona,4 wk ahead,Bin,percent,3.4,3.5, 0.02091005807596653387481211439
Arizona,4 wk ahead,Bin,percent,3.5,3.6, 0.01018011902080423122796126734
Arizona,4 wk ahead,Bin,percent,3.6,3.7, 0.00396657386103460921078500689
Arizona,4 wk ahead,Bin,percent,3.7,3.8, 0.00122209372779614761778121945
Arizona,4 wk ahead,Bin,percent,3.8,3.9, 0.00038832342506173276198283562
Arizona,4 wk ahead,Bin,percent,3.9,4, 0.00035520912684293848987637787
Arizona,4 wk ahead,Bin,percent,4,4.1, 0.00035520912684293848987637787
Arizona,4 wk ahead,Bin,percent,4.1,4.2, 0.00035520912684293848987637787
Arizona,4 wk ahead,Bin,percent,4.2,4.3, 0.00035520912684293848987637787
Arizona,4 wk ahead,Bin,percent,4.3,4.4, 0.00035520912684293848987637787
Arizona,4 wk ahead,Bin,percent,4.4,4.5, 0.00035520912684293848987637787
Arizona,4 wk ahead,Bin,percent,4.5,4.6, 0.00035520912684293848987637787
Arizona,4 wk ahead,Bin,percent,4.6,4.7, 0.00035520912684293848987637787
Arizona,4 wk ahead,Bin,percent,4.7,4.8, 0.00035520912684293848987637787
Arizona,4 wk ahead,Bin,percent,4.8,4.9, 0.00035520912684293848987637787
Arizona,4 wk ahead,Bin,percent,4.9,5, 0.00035520912684293848987637787
Arizona,4 wk ahead,Bin,percent,5,5.1, 0.00035520912684293848987637787
Arizona,4 wk ahead,Bin,percent,5.1,5.2, 0.00035520912684293848987637787
Arizona,4 wk ahead,Bin,percent,5.2,5.3, 0.00035520912684293848987637787
Arizona,4 wk ahead,Bin,percent,5.3,5.4, 0.00035520912684293848987637787
Arizona,4 wk ahead,Bin,percent,5.4,5.5, 0.00035520912684293848987637787
Arizona,4 wk ahead,Bin,percent,5.5,5.6, 0.00035520912684293848987637787
Arizona,4 wk ahead,Bin,percent,5.6,5.7, 0.00035520912684293848987637787
Arizona,4 wk ahead,Bin,percent,5.7,5.8, 0.00035520912684293848987637787
Arizona,4 wk ahead,Bin,percent,5.8,5.9, 0.00035520912684293848987637787
Arizona,4 wk ahead,Bin,percent,5.9,6, 0.00035520912684293848987637787
Arizona,4 wk ahead,Bin,percent,6,6.1, 0.00035520912684293848987637787
Arizona,4 wk ahead,Bin,percent,6.1,6.2, 0.00035520912684293848987637787
Arizona,4 wk ahead,Bin,percent,6.2,6.3, 0.00035520912684293848987637787
Arizona,4 wk ahead,Bin,percent,6.3,6.4, 0.00035520912684293848987637787
Arizona,4 wk ahead,Bin,percent,6.4,6.5, 0.00035520912684293848987637787
Arizona,4 wk ahead,Bin,percent,6.5,6.6, 0.00035520912684293848987637787
Arizona,4 wk ahead,Bin,percent,6.6,6.7, 0.00035520912684293848987637787
Arizona,4 wk ahead,Bin,percent,6.7,6.8, 0.00035520912684293848987637787
Arizona,4 wk ahead,Bin,percent,6.8,6.9, 0.00035520912684293848987637787
Arizona,4 wk ahead,Bin,percent,6.9,7, 0.00035520912684293848987637787
Arizona,4 wk ahead,Bin,percent,7,7.1, 0.00035520912684293848987637787
Arizona,4 wk ahead,Bin,percent,7.1,7.2, 0.00035520912684293848987637787
Arizona,4 wk ahead,Bin,percent,7.2,7.3, 0.00035520912684293848987637787
Arizona,4 wk ahead,Bin,percent,7.3,7.4, 0.00035520912684293848987637787
Arizona,4 wk ahead,Bin,percent,7.4,7.5, 0.00035520912684293848987637787
Arizona,4 wk ahead,Bin,percent,7.5,7.6, 0.00035520912684293848987637787
Arizona,4 wk ahead,Bin,percent,7.6,7.7, 0.00035520912684293848987637787
Arizona,4 wk ahead,Bin,percent,7.7,7.8, 0.00035520912684293848987637787
Arizona,4 wk ahead,Bin,percent,7.8,7.9, 0.00035520912684293848987637787
Arizona,4 wk ahead,Bin,percent,7.9,8, 0.00035520912684293848987637787
Arizona,4 wk ahead,Bin,percent,8,8.1, 0.00035520912684294157985256946
Arizona,4 wk ahead,Bin,percent,8.1,8.2, 0.00035520912684294472403886966
Arizona,4 wk ahead,Bin,percent,8.2,8.3, 0.00035520912684294472403886966
Arizona,4 wk ahead,Bin,percent,8.3,8.4, 0.00035520912684294472403886966
Arizona,4 wk ahead,Bin,percent,8.4,8.5, 0.00035520912684294472403886966
Arizona,4 wk ahead,Bin,percent,8.5,8.6, 0.00035520912684294472403886966
Arizona,4 wk ahead,Bin,percent,8.6,8.7, 0.00035520912684294472403886966
Arizona,4 wk ahead,Bin,percent,8.7,8.8, 0.00035520912684294472403886966
Arizona,4 wk ahead,Bin,percent,8.8,8.9, 0.00035520912684294472403886966
Arizona,4 wk ahead,Bin,percent,8.9,9, 0.00035520912684294472403886966
Arizona,4 wk ahead,Bin,percent,9,9.1, 0.00035520912684294472403886966
Arizona,4 wk ahead,Bin,percent,9.1,9.2, 0.00035520912684294472403886966
Arizona,4 wk ahead,Bin,percent,9.2,9.3, 0.00035520912684294472403886966
Arizona,4 wk ahead,Bin,percent,9.3,9.4, 0.00035520912684294472403886966
Arizona,4 wk ahead,Bin,percent,9.4,9.5, 0.00035520912684294472403886966
Arizona,4 wk ahead,Bin,percent,9.5,9.6, 0.00035520912684294472403886966
Arizona,4 wk ahead,Bin,percent,9.6,9.7, 0.00035520912684294472403886966
Arizona,4 wk ahead,Bin,percent,9.7,9.8, 0.00035520912684294472403886966
Arizona,4 wk ahead,Bin,percent,9.8,9.9, 0.00035520912684294472403886966
Arizona,4 wk ahead,Bin,percent,9.9,10, 0.00035520912684294472403886966
Arizona,4 wk ahead,Bin,percent,10,10.1, 0.00035520912684294472403886966
Arizona,4 wk ahead,Bin,percent,10.1,10.2, 0.00035520912684294472403886966
Arizona,4 wk ahead,Bin,percent,10.2,10.3, 0.00035520912684294472403886966
Arizona,4 wk ahead,Bin,percent,10.3,10.4, 0.00035520912684294472403886966
Arizona,4 wk ahead,Bin,percent,10.4,10.5, 0.00035520912684294472403886966
Arizona,4 wk ahead,Bin,percent,10.5,10.6, 0.00035520912684294472403886966
Arizona,4 wk ahead,Bin,percent,10.6,10.7, 0.00035520912684294472403886966
Arizona,4 wk ahead,Bin,percent,10.7,10.8, 0.00035520912684294472403886966
Arizona,4 wk ahead,Bin,percent,10.8,10.9, 0.00035520912684294472403886966
Arizona,4 wk ahead,Bin,percent,10.9,11, 0.00035520912684294472403886966
Arizona,4 wk ahead,Bin,percent,11,11.1, 0.00035520912684294472403886966
Arizona,4 wk ahead,Bin,percent,11.1,11.2, 0.00035520912684294472403886966
Arizona,4 wk ahead,Bin,percent,11.2,11.3, 0.00035520912684294472403886966
Arizona,4 wk ahead,Bin,percent,11.3,11.4, 0.00035520912684294472403886966
Arizona,4 wk ahead,Bin,percent,11.4,11.5, 0.00035520912684294472403886966
Arizona,4 wk ahead,Bin,percent,11.5,11.6, 0.00035520912684294472403886966
Arizona,4 wk ahead,Bin,percent,11.6,11.7, 0.00035520912684294472403886966
Arizona,4 wk ahead,Bin,percent,11.7,11.8, 0.00035520912684294472403886966
Arizona,4 wk ahead,Bin,percent,11.8,11.9, 0.00035520912684294472403886966
Arizona,4 wk ahead,Bin,percent,11.9,12, 0.00035520912684294472403886966
Arizona,4 wk ahead,Bin,percent,12,12.1, 0.00035520912684294472403886966
Arizona,4 wk ahead,Bin,percent,12.1,12.2, 0.00035520912684294472403886966
Arizona,4 wk ahead,Bin,percent,12.2,12.3, 0.00035520912684294472403886966
Arizona,4 wk ahead,Bin,percent,12.3,12.4, 0.00035520912684294472403886966
Arizona,4 wk ahead,Bin,percent,12.4,12.5, 0.00035520912684294472403886966
Arizona,4 wk ahead,Bin,percent,12.5,12.6, 0.00035520912684294472403886966
Arizona,4 wk ahead,Bin,percent,12.6,12.7, 0.00035520912684294472403886966
Arizona,4 wk ahead,Bin,percent,12.7,12.8, 0.00035520912684294472403886966
Arizona,4 wk ahead,Bin,percent,12.8,12.9, 0.00035520912684294472403886966
Arizona,4 wk ahead,Bin,percent,12.9,13, 0.00035520912684294472403886966
Arizona,4 wk ahead,Bin,percent,13,100, 0.00035520912684294472403886966
Arkansas,Season peak week,Bin,week,40,41, 0.00086130815728344904246699398
Arkansas,Season peak week,Bin,week,41,42, 0.00086130815728344904246699398
Arkansas,Season peak week,Bin,week,42,43, 0.00086130815728344904246699398
Arkansas,Season peak week,Bin,week,43,44, 0.00086130815728344904246699398
Arkansas,Season peak week,Bin,week,44,45, 0.00086130815728344904246699398
Arkansas,Season peak week,Bin,week,45,46, 0.00086130815728344904246699398
Arkansas,Season peak week,Bin,week,46,47, 0.00086501627211767499140565585
Arkansas,Season peak week,Bin,week,47,48, 0.00225706714029300266333155633
Arkansas,Season peak week,Bin,week,48,49, 0.00830611367336812726758221714
Arkansas,Season peak week,Bin,week,49,50, 0.02329801256165147868570919343
Arkansas,Season peak week,Bin,week,50,51, 0.05008455174378878549390492481
Arkansas,Season peak week,Bin,week,51,52, 0.08327356645807719448537653761
Arkansas,Season peak week,Bin,week,52,53, 0.10875928384536523441106226073
Arkansas,Season peak week,Bin,week,1,2, 0.11444508519665447243696121404
Arkansas,Season peak week,Bin,week,2,3, 0.10075750420263629436590235855
Arkansas,Season peak week,Bin,week,3,4, 0.07825810134914189253318994588
Arkansas,Season peak week,Bin,week,4,5, 0.05833828526017467708264518933
Arkansas,Season peak week,Bin,week,5,6, 0.04749896133704240019923759064
Arkansas,Season peak week,Bin,week,6,7, 0.04513302724359654488628379454
Arkansas,Season peak week,Bin,week,7,8, 0.04519534027190377084570727106
Arkansas,Season peak week,Bin,week,8,9, 0.04331360848120844458941647304
Arkansas,Season peak week,Bin,week,9,10, 0.04096992580496201796780297855
Arkansas,Season peak week,Bin,week,10,11, 0.04015365887071788847384468113
Arkansas,Season peak week,Bin,week,11,12, 0.03797397298859716413543807789
Arkansas,Season peak week,Bin,week,12,13, 0.03066214920195307544470431083
Arkansas,Season peak week,Bin,week,13,14, 0.01958754390802698586160346395
Arkansas,Season peak week,Bin,week,14,15, 0.00959174665241236540369484942
Arkansas,Season peak week,Bin,week,15,16, 0.00356032777071084568717984631
Arkansas,Season peak week,Bin,week,16,17, 0.00099782616858704368222043879
Arkansas,Season peak week,Bin,week,17,18, 0.00038910156366284240781611148
Arkansas,Season peak week,Bin,week,18,19, 0.00038745769654969863067181524
Arkansas,Season peak week,Bin,week,19,20, 0.00038745769654969863067181524
Arkansas,Season peak week,Bin,week,20,21, 0.00038745769654969863067181524
Arkansas,Season peak percentage,Bin,percent,0,0.1, 0.00015060316595940493157937401
Arkansas,Season peak percentage,Bin,percent,0.1,0.2, 0.00030120633191880991736885664
Arkansas,Season peak percentage,Bin,percent,0.2,0.3, 0.00030120633191880980894863939
Arkansas,Season peak percentage,Bin,percent,0.3,0.4, 0.00030120633191880980894863939
Arkansas,Season peak percentage,Bin,percent,0.4,0.5, 0.00030120633191880980894863939
Arkansas,Season peak percentage,Bin,percent,0.5,0.6, 0.00030120633191880991736885664
Arkansas,Season peak percentage,Bin,percent,0.6,0.7, 0.00030120633191881013420929114
Arkansas,Season peak percentage,Bin,percent,0.7,0.8, 0.00030120633191881013420929114
Arkansas,Season peak percentage,Bin,percent,0.8,0.9, 0.00030120633191881013420929114
Arkansas,Season peak percentage,Bin,percent,0.9,1, 0.00030120633191881013420929114
Arkansas,Season peak percentage,Bin,percent,1,1.1, 0.00030120633191881013420929114
Arkansas,Season peak percentage,Bin,percent,1.1,1.2, 0.00030120633191881013420929114
Arkansas,Season peak percentage,Bin,percent,1.2,1.3, 0.00030120633191881013420929114
Arkansas,Season peak percentage,Bin,percent,1.3,1.4, 0.00030120633191881013420929114
Arkansas,Season peak percentage,Bin,percent,1.4,1.5, 0.00030120633191881013420929114
Arkansas,Season peak percentage,Bin,percent,1.5,1.6, 0.00030120633191881013420929114
Arkansas,Season peak percentage,Bin,percent,1.6,1.7, 0.00030120633191881013420929114
Arkansas,Season peak percentage,Bin,percent,1.7,1.8, 0.00030120633191881013420929114
Arkansas,Season peak percentage,Bin,percent,1.8,1.9, 0.00030120633191881013420929114
Arkansas,Season peak percentage,Bin,percent,1.9,2, 0.00030120633191881013420929114
Arkansas,Season peak percentage,Bin,percent,2,2.1, 0.00030120633191880942947787902
Arkansas,Season peak percentage,Bin,percent,2.1,2.2, 0.00030120633191880877895657553
Arkansas,Season peak percentage,Bin,percent,2.2,2.3, 0.00030120633191880877895657553
Arkansas,Season peak percentage,Bin,percent,2.3,2.4, 0.00030120633191880877895657553
Arkansas,Season peak percentage,Bin,percent,2.4,2.5, 0.00030120633191880877895657553
Arkansas,Season peak percentage,Bin,percent,2.5,2.6, 0.00030120633191880877895657553
Arkansas,Season peak percentage,Bin,percent,2.6,2.7, 0.00030120633191880877895657553
Arkansas,Season peak percentage,Bin,percent,2.7,2.8, 0.00030120633191880877895657553
Arkansas,Season peak percentage,Bin,percent,2.8,2.9, 0.00030120633191880877895657553
Arkansas,Season peak percentage,Bin,percent,2.9,3, 0.00030120633191880877895657553
Arkansas,Season peak percentage,Bin,percent,3,3.1, 0.00030120633191880877895657553
Arkansas,Season peak percentage,Bin,percent,3.1,3.2, 0.00030120633191880877895657553
Arkansas,Season peak percentage,Bin,percent,3.2,3.3, 0.00030120633191880877895657553
Arkansas,Season peak percentage,Bin,percent,3.3,3.4, 0.00030120633191880877895657553
Arkansas,Season peak percentage,Bin,percent,3.4,3.5, 0.00030120633191880877895657553
Arkansas,Season peak percentage,Bin,percent,3.5,3.6, 0.00030120633191880877895657553
Arkansas,Season peak percentage,Bin,percent,3.6,3.7, 0.00030120633191880877895657553
Arkansas,Season peak percentage,Bin,percent,3.7,3.8, 0.00030120633191880877895657553
Arkansas,Season peak percentage,Bin,percent,3.8,3.9, 0.00030120633191880877895657553
Arkansas,Season peak percentage,Bin,percent,3.9,4, 0.00030120633191880877895657553
Arkansas,Season peak percentage,Bin,percent,4,4.1, 0.00030120633191880877895657553
Arkansas,Season peak percentage,Bin,percent,4.1,4.2, 0.00030120633191880877895657553
Arkansas,Season peak percentage,Bin,percent,4.2,4.3, 0.00030120633191880877895657553
Arkansas,Season peak percentage,Bin,percent,4.3,4.4, 0.00030120633191880877895657553
Arkansas,Season peak percentage,Bin,percent,4.4,4.5, 0.00030120633191880877895657553
Arkansas,Season peak percentage,Bin,percent,4.5,4.6, 0.00031449012109036696051983517
Arkansas,Season peak percentage,Bin,percent,4.6,4.7, 0.00052856859608201359462115176
Arkansas,Season peak percentage,Bin,percent,4.7,4.8, 0.00096100787719673858282981582
Arkansas,Season peak percentage,Bin,percent,4.8,4.9, 0.00166878887105696639865659581
Arkansas,Season peak percentage,Bin,percent,4.9,5, 0.00276708461930791089350423206
Arkansas,Season peak percentage,Bin,percent,5,5.1, 0.00438118487904165521129584704
Arkansas,Season peak percentage,Bin,percent,5.1,5.2, 0.00662496132167285541048062925
Arkansas,Season peak percentage,Bin,percent,5.2,5.3, 0.00956663845922702330004661064
Arkansas,Season peak percentage,Bin,percent,5.3,5.4, 0.01319232153581761934901805944
Arkansas,Season peak percentage,Bin,percent,5.4,5.5, 0.01737325643325485224899296099
Arkansas,Season peak percentage,Bin,percent,5.5,5.6, 0.02184911802587991350166340965
Arkansas,Season peak percentage,Bin,percent,5.6,5.7, 0.02624112495478824608197143675
Arkansas,Season peak percentage,Bin,percent,5.7,5.8, 0.03009767938411566159939702914
Arkansas,Season peak percentage,Bin,percent,5.8,5.9, 0.03296684124758549050415723514
Arkansas,Season peak percentage,Bin,percent,5.9,6, 0.03448500585445192501143907293
Arkansas,Season peak percentage,Bin,percent,6,6.1, 0.03445001177200580910753302533
Arkansas,Season peak percentage,Bin,percent,6.1,6.2, 0.03286623319734161691174634257
Arkansas,Season peak percentage,Bin,percent,6.2,6.3, 0.02994660157037529885082349779
Arkansas,Season peak percentage,Bin,percent,6.3,6.4, 0.02606314476772979282781506072
Arkansas,Season peak percentage,Bin,percent,6.4,6.5, 0.02167308723462496936051913110
Arkansas,Season peak percentage,Bin,percent,6.5,6.6, 0.01723517476602659873052836303
Arkansas,Season peak percentage,Bin,percent,6.6,6.7, 0.01313855833501152356457275516
Arkansas,Season peak percentage,Bin,percent,6.7,6.8, 0.00966405252188232491428188098
Arkansas,Season peak percentage,Bin,percent,6.8,6.9, 0.00697703080543606631719333322
Arkansas,Season peak percentage,Bin,percent,6.9,7, 0.00514857989031097633414457704
Arkansas,Season peak percentage,Bin,percent,7,7.1, 0.00419322519749304456482263959
Arkansas,Season peak percentage,Bin,percent,7.1,7.2, 0.00410261455181925530771858135
Arkansas,Season peak percentage,Bin,percent,7.2,7.3, 0.00486774132351443320626538380
Arkansas,Season peak percentage,Bin,percent,7.3,7.4, 0.00648255225229168834111259656
Arkansas,Season peak percentage,Bin,percent,7.4,7.5, 0.00892385520427924419650800303
Arkansas,Season peak percentage,Bin,percent,7.5,7.6, 0.01211905256660486887576588799
Arkansas,Season peak percentage,Bin,percent,7.6,7.7, 0.01591316133318284448128210329
Arkansas,Season peak percentage,Bin,percent,7.7,7.8, 0.02004546647633656530906876014
Arkansas,Season peak percentage,Bin,percent,7.8,7.9, 0.02415429153944507675855213336
Arkansas,Season peak percentage,Bin,percent,7.9,8, 0.02781237493163312909927320504
Arkansas,Season peak percentage,Bin,percent,8,8.1, 0.03058953498894726244494712830
Arkansas,Season peak percentage,Bin,percent,8.1,8.2, 0.03213269528902027577510480683
Arkansas,Season peak percentage,Bin,percent,8.2,8.3, 0.03223560959916502849376129802
Arkansas,Season peak percentage,Bin,percent,8.3,8.4, 0.03088325298741373750588401492
Arkansas,Season peak percentage,Bin,percent,8.4,8.5, 0.02825630041951568069413802675
Arkansas,Season peak percentage,Bin,percent,8.5,8.6, 0.02468985218701178971367760084
Arkansas,Season peak percentage,Bin,percent,8.6,8.7, 0.02060383263836979006455862873
Arkansas,Season peak percentage,Bin,percent,8.7,8.8, 0.01642399955326446364667347666
Arkansas,Season peak percentage,Bin,percent,8.8,8.9, 0.01251148433315230762419290045
Arkansas,Season peak percentage,Bin,percent,8.9,9, 0.00912134178159134355323711674
Arkansas,Season peak percentage,Bin,percent,9,9.1, 0.00639080085297986759396149381
Arkansas,Season peak percentage,Bin,percent,9.1,9.2, 0.00435483815927983214377761101
Arkansas,Season peak percentage,Bin,percent,9.2,9.3, 0.00298060700231970576029594255
Arkansas,Season peak percentage,Bin,percent,9.3,9.4, 0.00220345588200824161334567819
Arkansas,Season peak percentage,Bin,percent,9.4,9.5, 0.00195841880809725834428070002
Arkansas,Season peak percentage,Bin,percent,9.5,9.6, 0.00219925706699868788243645845
Arkansas,Season peak percentage,Bin,percent,9.6,9.7, 0.00290055772348936802967900306
Arkansas,Season peak percentage,Bin,percent,9.7,9.8, 0.00404694496278184493581742132
Arkansas,Season peak percentage,Bin,percent,9.8,9.9, 0.00561345025952498903609733105
Arkansas,Season peak percentage,Bin,percent,9.9,10, 0.00754105858657050029392188151
Arkansas,Season peak percentage,Bin,percent,10,10.1, 0.00971802536366148453361724080
Arkansas,Season peak percentage,Bin,percent,10.1,10.2, 0.01197396475738845764147377793
Arkansas,Season peak percentage,Bin,percent,10.2,10.3, 0.01409021194632545208313967322
Arkansas,Season peak percentage,Bin,percent,10.3,10.4, 0.01582894974153287864782058136
Arkansas,Season peak percentage,Bin,percent,10.4,10.5, 0.01697440032411209887008851638
Arkansas,Season peak percentage,Bin,percent,10.5,10.6, 0.01737395227473852513111474138
Arkansas,Season peak percentage,Bin,percent,10.6,10.7, 0.01697379584789935474953281869
Arkansas,Season peak percentage,Bin,percent,10.7,10.8, 0.01582836106562354044902107830
Arkansas,Season peak percentage,Bin,percent,10.8,10.9, 0.01408816524528750703526558397
Arkansas,Season peak percentage,Bin,percent,10.9,11, 0.01196862324601588416228548084
Arkansas,Season peak percentage,Bin,percent,11,11.1, 0.00970516276131041556729517339
Arkansas,Season peak percentage,Bin,percent,11.1,11.2, 0.00751148135074378078129830882
Arkansas,Season peak percentage,Bin,percent,11.2,11.3, 0.00554906499043503372015084807
Arkansas,Season peak percentage,Bin,percent,11.3,11.4, 0.00391270633041081519754023077
Arkansas,Season peak percentage,Bin,percent,11.4,11.5, 0.00263328256132082643564684687
Arkansas,Season peak percentage,Bin,percent,11.5,11.6, 0.00169167791204375013956739959
Arkansas,Season peak percentage,Bin,percent,11.6,11.7, 0.00103722595330332833032938034
Arkansas,Season peak percentage,Bin,percent,11.7,11.8, 0.00060696488952271295935075868
Arkansas,Season peak percentage,Bin,percent,11.8,11.9, 0.00033906809572185452874779066
Arkansas,Season peak percentage,Bin,percent,11.9,12, 0.00020431246195205750347881346
Arkansas,Season peak percentage,Bin,percent,12,12.1, 0.00019588596462245149495279284
Arkansas,Season peak percentage,Bin,percent,12.1,12.2, 0.00019588596462245149495279284
Arkansas,Season peak percentage,Bin,percent,12.2,12.3, 0.00019588596462245149495279284
Arkansas,Season peak percentage,Bin,percent,12.3,12.4, 0.00019588596462245149495279284
Arkansas,Season peak percentage,Bin,percent,12.4,12.5, 0.00019588596462245149495279284
Arkansas,Season peak percentage,Bin,percent,12.5,12.6, 0.00019588596462245149495279284
Arkansas,Season peak percentage,Bin,percent,12.6,12.7, 0.00019588596462245149495279284
Arkansas,Season peak percentage,Bin,percent,12.7,12.8, 0.00019588596462245149495279284
Arkansas,Season peak percentage,Bin,percent,12.8,12.9, 0.00019588596462245149495279284
Arkansas,Season peak percentage,Bin,percent,12.9,13, 0.00019588596462245149495279284
Arkansas,Season peak percentage,Bin,percent,13,100, 0.00019588596462245149495279284
Arkansas,1 wk ahead,Bin,percent,0,0.1, 0.00009503692071816803750832631
Arkansas,1 wk ahead,Bin,percent,0.1,0.2, 0.00019007384143633610212170693
Arkansas,1 wk ahead,Bin,percent,0.2,0.3, 0.00019007384143633607501665261
Arkansas,1 wk ahead,Bin,percent,0.3,0.4, 0.00019007384143633607501665261
Arkansas,1 wk ahead,Bin,percent,0.4,0.5, 0.00019007384143633607501665261
Arkansas,1 wk ahead,Bin,percent,0.5,0.6, 0.00024245128304305476013395804
Arkansas,1 wk ahead,Bin,percent,0.6,0.7, 0.00044330362934658090615439030
Arkansas,1 wk ahead,Bin,percent,0.7,0.8, 0.00077786120658977992228799714
Arkansas,1 wk ahead,Bin,percent,0.8,0.9, 0.00130187804010101497616258559
Arkansas,1 wk ahead,Bin,percent,0.9,1, 0.00207880273424113299132742760
Arkansas,1 wk ahead,Bin,percent,1,1.1, 0.00316608737005784042842226889
Arkansas,1 wk ahead,Bin,percent,1.1,1.2, 0.00460018456867448358865724245
Arkansas,1 wk ahead,Bin,percent,1.2,1.3, 0.00637580032293669045351247604
Arkansas,1 wk ahead,Bin,percent,1.3,1.4, 0.00843009779694384869808132521
Arkansas,1 wk ahead,Bin,percent,1.4,1.5, 0.01063286051566613918395454164
Arkansas,1 wk ahead,Bin,percent,1.5,1.6, 0.01279339844387111964352232718
Arkansas,1 wk ahead,Bin,percent,1.6,1.7, 0.01468411537342491010593725775
Arkansas,1 wk ahead,Bin,percent,1.7,1.8, 0.01607752967388342835164394273
Arkansas,1 wk ahead,Bin,percent,1.8,1.9, 0.01679313183925288527342800649
Arkansas,1 wk ahead,Bin,percent,1.9,2, 0.01673208933722683186551272172
Arkansas,1 wk ahead,Bin,percent,2,2.1, 0.01590404416777229865131992881
Arkansas,1 wk ahead,Bin,percent,2.1,2.2, 0.01442023510772555069947564732
Arkansas,1 wk ahead,Bin,percent,2.2,2.3, 0.01247281062836377157898581913
Arkansas,1 wk ahead,Bin,percent,2.3,2.4, 0.01029142956515052137467236548
Arkansas,1 wk ahead,Bin,percent,2.4,2.5, 0.00810047795371089673910347528
Arkansas,1 wk ahead,Bin,percent,2.5,2.6, 0.00608242935080691420751675125
Arkansas,1 wk ahead,Bin,percent,2.6,2.7, 0.00435657856472324109958771388
Arkansas,1 wk ahead,Bin,percent,2.7,2.8, 0.00297687026060253949813483310
Arkansas,1 wk ahead,Bin,percent,2.8,2.9, 0.00194021028938497945917629472
Arkansas,1 wk ahead,Bin,percent,2.9,3, 0.00120645333727779739685370686
Arkansas,1 wk ahead,Bin,percent,3,3.1, 0.00071558363306520637262680973
Arkansas,1 wk ahead,Bin,percent,3.1,3.2, 0.00040493431043683587432918669
Arkansas,1 wk ahead,Bin,percent,3.2,3.3, 0.00021856207169006558531203221
Arkansas,1 wk ahead,Bin,percent,3.3,3.4, 0.00011255071102057357963072137
Arkansas,1 wk ahead,Bin,percent,3.4,3.5, 0.00005527537704535683872348467
Arkansas,1 wk ahead,Bin,percent,3.5,3.6, 0.00002592360399898153898944585
Arkansas,1 wk ahead,Bin,percent,3.6,3.7, 0.00001164356272172998864019092
Arkansas,1 wk ahead,Bin,percent,3.7,3.8, 0.00000513921013025972059828830
Arkansas,1 wk ahead,Bin,percent,3.8,3.9, 0.00000257210466280745965426415
Arkansas,1 wk ahead,Bin,percent,3.9,4, 0.00000227356108531678937240703
Arkansas,1 wk ahead,Bin,percent,4,4.1, 0.00000406822233236759830119541
Arkansas,1 wk ahead,Bin,percent,4.1,4.2, 0.00000922681805531611382476150
Arkansas,1 wk ahead,Bin,percent,4.2,4.3, 0.00002106546547376605041227739
Arkansas,1 wk ahead,Bin,percent,4.3,4.4, 0.00004630419394243515964458557
Arkansas,1 wk ahead,Bin,percent,4.4,4.5, 0.00009731816611708474739055735
Arkansas,1 wk ahead,Bin,percent,4.5,4.6, 0.00019539709684874290575133660
Arkansas,1 wk ahead,Bin,percent,4.6,4.7, 0.00037493989673001405175251088
Arkansas,1 wk ahead,Bin,percent,4.7,4.8, 0.00068734394744852532390527733
Arkansas,1 wk ahead,Bin,percent,4.8,4.9, 0.00120451817480082628251947252
Arkansas,1 wk ahead,Bin,percent,4.9,5, 0.00201772898939845280602556343
Arkansas,1 wk ahead,Bin,percent,5,5.1, 0.00323245926149501447074974259
Arkansas,1 wk ahead,Bin,percent,5.1,5.2, 0.00495400259405342959645457412
Arkansas,1 wk ahead,Bin,percent,5.2,5.3, 0.00726704484874319579790213908
Arkansas,1 wk ahead,Bin,percent,5.3,5.4, 0.01020778651574309053851052909
Arkansas,1 wk ahead,Bin,percent,5.4,5.5, 0.01374081997278256590810929794
Arkansas,1 wk ahead,Bin,percent,5.5,5.6, 0.01773977153917406443528470561
Arkansas,1 wk ahead,Bin,percent,5.6,5.7, 0.02199082808061523716669505291
Arkansas,1 wk ahead,Bin,percent,5.7,5.8, 0.02621379272131223528430332692
Arkansas,1 wk ahead,Bin,percent,5.8,5.9, 0.03010454265030925238844083935
Arkansas,1 wk ahead,Bin,percent,5.9,6, 0.03338961835648805720477838577
Arkansas,1 wk ahead,Bin,percent,6,6.1, 0.03587441295989930029053383009
Arkansas,1 wk ahead,Bin,percent,6.1,6.2, 0.03747964961579750009512679298
Arkansas,1 wk ahead,Bin,percent,6.2,6.3, 0.03824208269662109083153467282
Arkansas,1 wk ahead,Bin,percent,6.3,6.4, 0.03829676233606569418776999214
Arkansas,1 wk ahead,Bin,percent,6.4,6.5, 0.03783048441001074513323487736
Arkansas,1 wk ahead,Bin,percent,6.5,6.6, 0.03703788892374909602622778948
Arkansas,1 wk ahead,Bin,percent,6.6,6.7, 0.03608051848812101475294511488
Arkansas,1 wk ahead,Bin,percent,6.7,6.8, 0.03506659422581757945547309419
Arkansas,1 wk ahead,Bin,percent,6.8,6.9, 0.03404525867450124143598344517
Arkansas,1 wk ahead,Bin,percent,6.9,7, 0.03301382483628479552750789594
Arkansas,1 wk ahead,Bin,percent,7,7.1, 0.03192952542013437894352634316
Arkansas,1 wk ahead,Bin,percent,7.1,7.2, 0.03072254424598202041107875004
Arkansas,1 wk ahead,Bin,percent,7.2,7.3, 0.02930937207853147666303250674
Arkansas,1 wk ahead,Bin,percent,7.3,7.4, 0.02760977969900255124535703999
Arkansas,1 wk ahead,Bin,percent,7.4,7.5, 0.02556537588812427680418082332
Arkansas,1 wk ahead,Bin,percent,7.5,7.6, 0.02316109857027687582431418889
Arkansas,1 wk ahead,Bin,percent,7.6,7.7, 0.02043740832953790456660847497
Arkansas,1 wk ahead,Bin,percent,7.7,7.8, 0.01749384142623864810128786473
Arkansas,1 wk ahead,Bin,percent,7.8,7.9, 0.01447403836340174776431410919
Arkansas,1 wk ahead,Bin,percent,7.9,8, 0.01154127787830324346207699904
Arkansas,1 wk ahead,Bin,percent,8,8.1, 0.00884772743756656078473188387
Arkansas,1 wk ahead,Bin,percent,8.1,8.2, 0.00650853868507841448048933941
Arkansas,1 wk ahead,Bin,percent,8.2,8.3, 0.00458770753832172476643913583
Arkansas,1 wk ahead,Bin,percent,8.3,8.4, 0.00309493735856335595163502106
Arkansas,1 wk ahead,Bin,percent,8.4,8.5, 0.00199671201674585371485526331
Arkansas,1 wk ahead,Bin,percent,8.5,8.6, 0.00123108108824616902486626113
Arkansas,1 wk ahead,Bin,percent,8.6,8.7, 0.00072502153162400963509054419
Arkansas,1 wk ahead,Bin,percent,8.7,8.8, 0.00040774680900081187963010509
Arkansas,1 wk ahead,Bin,percent,8.8,8.9, 0.00022765446424469207233227952
Arkansas,1 wk ahead,Bin,percent,8.9,9, 0.00019932463569629886861352130
Arkansas,1 wk ahead,Bin,percent,9,9.1, 0.00019932463569629886861352130
Arkansas,1 wk ahead,Bin,percent,9.1,9.2, 0.00019932463569629886861352130
Arkansas,1 wk ahead,Bin,percent,9.2,9.3, 0.00019932463569629886861352130
Arkansas,1 wk ahead,Bin,percent,9.3,9.4, 0.00019932463569629886861352130
Arkansas,1 wk ahead,Bin,percent,9.4,9.5, 0.00019932463569629886861352130
Arkansas,1 wk ahead,Bin,percent,9.5,9.6, 0.00019932463569629886861352130
Arkansas,1 wk ahead,Bin,percent,9.6,9.7, 0.00019932463569629886861352130
Arkansas,1 wk ahead,Bin,percent,9.7,9.8, 0.00019932463569629886861352130
Arkansas,1 wk ahead,Bin,percent,9.8,9.9, 0.00019932463569629886861352130
Arkansas,1 wk ahead,Bin,percent,9.9,10, 0.00019932463569629886861352130
Arkansas,1 wk ahead,Bin,percent,10,10.1, 0.00019932463569629886861352130
Arkansas,1 wk ahead,Bin,percent,10.1,10.2, 0.00019932463569629886861352130
Arkansas,1 wk ahead,Bin,percent,10.2,10.3, 0.00019932463569629886861352130
Arkansas,1 wk ahead,Bin,percent,10.3,10.4, 0.00019932463569629886861352130
Arkansas,1 wk ahead,Bin,percent,10.4,10.5, 0.00019932463569629886861352130
Arkansas,1 wk ahead,Bin,percent,10.5,10.6, 0.00019932463569629886861352130
Arkansas,1 wk ahead,Bin,percent,10.6,10.7, 0.00019932463569629886861352130
Arkansas,1 wk ahead,Bin,percent,10.7,10.8, 0.00019932463569629886861352130
Arkansas,1 wk ahead,Bin,percent,10.8,10.9, 0.00019932463569629886861352130
Arkansas,1 wk ahead,Bin,percent,10.9,11, 0.00019932463569629886861352130
Arkansas,1 wk ahead,Bin,percent,11,11.1, 0.00019932463569629886861352130
Arkansas,1 wk ahead,Bin,percent,11.1,11.2, 0.00019932463569629886861352130
Arkansas,1 wk ahead,Bin,percent,11.2,11.3, 0.00019932463569629886861352130
Arkansas,1 wk ahead,Bin,percent,11.3,11.4, 0.00019932463569629886861352130
Arkansas,1 wk ahead,Bin,percent,11.4,11.5, 0.00019932463569629886861352130
Arkansas,1 wk ahead,Bin,percent,11.5,11.6, 0.00019932463569629886861352130
Arkansas,1 wk ahead,Bin,percent,11.6,11.7, 0.00019932463569629886861352130
Arkansas,1 wk ahead,Bin,percent,11.7,11.8, 0.00019932463569629886861352130
Arkansas,1 wk ahead,Bin,percent,11.8,11.9, 0.00019932463569629886861352130
Arkansas,1 wk ahead,Bin,percent,11.9,12, 0.00019932463569629886861352130
Arkansas,1 wk ahead,Bin,percent,12,12.1, 0.00019932463569629886861352130
Arkansas,1 wk ahead,Bin,percent,12.1,12.2, 0.00019932463569629886861352130
Arkansas,1 wk ahead,Bin,percent,12.2,12.3, 0.00019932463569629886861352130
Arkansas,1 wk ahead,Bin,percent,12.3,12.4, 0.00019932463569629886861352130
Arkansas,1 wk ahead,Bin,percent,12.4,12.5, 0.00019932463569629886861352130
Arkansas,1 wk ahead,Bin,percent,12.5,12.6, 0.00019932463569629886861352130
Arkansas,1 wk ahead,Bin,percent,12.6,12.7, 0.00019932463569629886861352130
Arkansas,1 wk ahead,Bin,percent,12.7,12.8, 0.00019932463569629886861352130
Arkansas,1 wk ahead,Bin,percent,12.8,12.9, 0.00019932463569629886861352130
Arkansas,1 wk ahead,Bin,percent,12.9,13, 0.00019932463569629886861352130
Arkansas,1 wk ahead,Bin,percent,13,100, 0.00019932463569629886861352130
Arkansas,2 wk ahead,Bin,percent,0,0.1, 0.00062923212030075673789619728
Arkansas,2 wk ahead,Bin,percent,0.1,0.2, 0.00141897901221690425459243112
Arkansas,2 wk ahead,Bin,percent,0.2,0.3, 0.00165297745191899888607400815
Arkansas,2 wk ahead,Bin,percent,0.3,0.4, 0.00191082648314446390709619994
Arkansas,2 wk ahead,Bin,percent,0.4,0.5, 0.00219194529987380183622125429
Arkansas,2 wk ahead,Bin,percent,0.5,0.6, 0.00249533739524121977657045157
Arkansas,2 wk ahead,Bin,percent,0.6,0.7, 0.00281911498244961792117302402
Arkansas,2 wk ahead,Bin,percent,0.7,0.8, 0.00316064296073668505107634452
Arkansas,2 wk ahead,Bin,percent,0.8,0.9, 0.00351677377970808884011244544
Arkansas,2 wk ahead,Bin,percent,0.9,1, 0.00388352180012818985407885286
Arkansas,2 wk ahead,Bin,percent,1,1.1, 0.00425627889487676346058631083
Arkansas,2 wk ahead,Bin,percent,1.1,1.2, 0.00462999619018224575772713081
Arkansas,2 wk ahead,Bin,percent,1.2,1.3, 0.00499913369982316405093492051
Arkansas,2 wk ahead,Bin,percent,1.3,1.4, 0.00535805876238303665365370065
Arkansas,2 wk ahead,Bin,percent,1.4,1.5, 0.00570094497182862831180516494
Arkansas,2 wk ahead,Bin,percent,1.5,1.6, 0.00602218169007234533501859985
Arkansas,2 wk ahead,Bin,percent,1.6,1.7, 0.00631671744391291457854098468
Arkansas,2 wk ahead,Bin,percent,1.7,1.8, 0.00657977245472616580068692116
Arkansas,2 wk ahead,Bin,percent,1.8,1.9, 0.00680765253505576789505582269
Arkansas,2 wk ahead,Bin,percent,1.9,2, 0.00699761829626694645961615393
Arkansas,2 wk ahead,Bin,percent,2,2.1, 0.00714788549472426988640183509
Arkansas,2 wk ahead,Bin,percent,2.1,2.2, 0.00725826476230428778435577186
Arkansas,2 wk ahead,Bin,percent,2.2,2.3, 0.00732960762560302524909472410
Arkansas,2 wk ahead,Bin,percent,2.3,2.4, 0.00736419792291791684701873777
Arkansas,2 wk ahead,Bin,percent,2.4,2.5, 0.00736580005032474310899814895
Arkansas,2 wk ahead,Bin,percent,2.5,2.6, 0.00733900195034388989900886457
Arkansas,2 wk ahead,Bin,percent,2.6,2.7, 0.00728972489769393917902196023
Arkansas,2 wk ahead,Bin,percent,2.7,2.8, 0.00722470278330886086365358878
Arkansas,2 wk ahead,Bin,percent,2.8,2.9, 0.00715104498582203821493985529
Arkansas,2 wk ahead,Bin,percent,2.9,3, 0.00707642870288165658221313237
Arkansas,2 wk ahead,Bin,percent,3,3.1, 0.00700838564787294258234817690
Arkansas,2 wk ahead,Bin,percent,3.1,3.2, 0.00695431419058068107930115076
Arkansas,2 wk ahead,Bin,percent,3.2,3.3, 0.00692112252060893100302774172
Arkansas,2 wk ahead,Bin,percent,3.3,3.4, 0.00691465751942597125351275267
Arkansas,2 wk ahead,Bin,percent,3.4,3.5, 0.00694017543018245978286850928
Arkansas,2 wk ahead,Bin,percent,3.5,3.6, 0.00700173981054390704575896009
Arkansas,2 wk ahead,Bin,percent,3.6,3.7, 0.00710171873382733909174646669
Arkansas,2 wk ahead,Bin,percent,3.7,3.8, 0.00724174723614079678818411523
Arkansas,2 wk ahead,Bin,percent,3.8,3.9, 0.00742209040166427486823197412
Arkansas,2 wk ahead,Bin,percent,3.9,4, 0.00764139162103289956706753117
Arkansas,2 wk ahead,Bin,percent,4,4.1, 0.00789773415351823285246446460
Arkansas,2 wk ahead,Bin,percent,4.1,4.2, 0.00818812100624940163162701623
Arkansas,2 wk ahead,Bin,percent,4.2,4.3, 0.00850873474090636967848144678
Arkansas,2 wk ahead,Bin,percent,4.3,4.4, 0.00885556381883314917835559044
Arkansas,2 wk ahead,Bin,percent,4.4,4.5, 0.00922421366509099290020845530
Arkansas,2 wk ahead,Bin,percent,4.5,4.6, 0.00961037639652781786048230117
Arkansas,2 wk ahead,Bin,percent,4.6,4.7, 0.01001004811790611771782355532
Arkansas,2 wk ahead,Bin,percent,4.7,4.8, 0.01041954305145922389519430595
Arkansas,2 wk ahead,Bin,percent,4.8,4.9, 0.01083586455943758193598558393
Arkansas,2 wk ahead,Bin,percent,4.9,5, 0.01125663895485361568060689308
Arkansas,2 wk ahead,Bin,percent,5,5.1, 0.01168018045971311834330119694
Arkansas,2 wk ahead,Bin,percent,5.1,5.2, 0.01210552387364542681336132546
Arkansas,2 wk ahead,Bin,percent,5.2,5.3, 0.01253228978634710229222992695
Arkansas,2 wk ahead,Bin,percent,5.3,5.4, 0.01296057161487788184084379850
Arkansas,2 wk ahead,Bin,percent,5.4,5.5, 0.01339078981906910437160718175
Arkansas,2 wk ahead,Bin,percent,5.5,5.6, 0.01382347057053549821414861754
Arkansas,2 wk ahead,Bin,percent,5.6,5.7, 0.01425900897490679081203168721
Arkansas,2 wk ahead,Bin,percent,5.7,5.8, 0.01469750650061323223039000396
Arkansas,2 wk ahead,Bin,percent,5.8,5.9, 0.01513850518177067318303929966
Arkansas,2 wk ahead,Bin,percent,5.9,6, 0.01558080535167895297465889826
Arkansas,2 wk ahead,Bin,percent,6,6.1, 0.01602236350314327831267924296
Arkansas,2 wk ahead,Bin,percent,6.1,6.2, 0.01646010298110489600276196143
Arkansas,2 wk ahead,Bin,percent,6.2,6.3, 0.01688995674222871709591053957
Arkansas,2 wk ahead,Bin,percent,6.3,6.4, 0.01730685778350924547419609212
Arkansas,2 wk ahead,Bin,percent,6.4,6.5, 0.01770461701112458277607153434
Arkansas,2 wk ahead,Bin,percent,6.5,6.6, 0.01807643320680938150979422119
Arkansas,2 wk ahead,Bin,percent,6.6,6.7, 0.01841480909922724867877619204
Arkansas,2 wk ahead,Bin,percent,6.7,6.8, 0.01871161100817010300434439785
Arkansas,2 wk ahead,Bin,percent,6.8,6.9, 0.01895883406259228631807189913
Arkansas,2 wk ahead,Bin,percent,6.9,7, 0.01914847668376483749708150128
Arkansas,2 wk ahead,Bin,percent,7,7.1, 0.01927288706765929032771467178
Arkansas,2 wk ahead,Bin,percent,7.1,7.2, 0.01932530329802749011203211182
Arkansas,2 wk ahead,Bin,percent,7.2,7.3, 0.01929971796833585689912027306
Arkansas,2 wk ahead,Bin,percent,7.3,7.4, 0.01919177048441259719746554424
Arkansas,2 wk ahead,Bin,percent,7.4,7.5, 0.01899822565703256083136096777
Arkansas,2 wk ahead,Bin,percent,7.5,7.6, 0.01871723181674842320654228445
Arkansas,2 wk ahead,Bin,percent,7.6,7.7, 0.01834952298174297863342374626
Arkansas,2 wk ahead,Bin,percent,7.7,7.8, 0.01789685857168709509634751953
Arkansas,2 wk ahead,Bin,percent,7.8,7.9, 0.01736268681657723161881889951
Arkansas,2 wk ahead,Bin,percent,7.9,8, 0.01675283632253713947402040674
Arkansas,2 wk ahead,Bin,percent,8,8.1, 0.01607402205820394891500058066
Arkansas,2 wk ahead,Bin,percent,8.1,8.2, 0.01533430866285319729702685265
Arkansas,2 wk ahead,Bin,percent,8.2,8.3, 0.01454325833878771824514419819
Arkansas,2 wk ahead,Bin,percent,8.3,8.4, 0.01371098418674022642593790522
Arkansas,2 wk ahead,Bin,percent,8.4,8.5, 0.01284804681334993960162282889
Arkansas,2 wk ahead,Bin,percent,8.5,8.6, 0.01196549972722710589168038098
Arkansas,2 wk ahead,Bin,percent,8.6,8.7, 0.01107417043991838247196657363
Arkansas,2 wk ahead,Bin,percent,8.7,8.8, 0.01018458381033692829176207084
Arkansas,2 wk ahead,Bin,percent,8.8,8.9, 0.00930674626636857939276925578
Arkansas,2 wk ahead,Bin,percent,8.9,9, 0.00844963780648505871639919462
Arkansas,2 wk ahead,Bin,percent,9,9.1, 0.00762157838278359252986993155
Arkansas,2 wk ahead,Bin,percent,9.1,9.2, 0.00682953870170566364194986164
Arkansas,2 wk ahead,Bin,percent,9.2,9.3, 0.00607910543554857941972446866
Arkansas,2 wk ahead,Bin,percent,9.3,9.4, 0.00537509853930919108411234930
Arkansas,2 wk ahead,Bin,percent,9.4,9.5, 0.00472065343948311830213349083
Arkansas,2 wk ahead,Bin,percent,9.5,9.6, 0.00411771737891538508469224666
Arkansas,2 wk ahead,Bin,percent,9.6,9.7, 0.00356738192919436392439025418
Arkansas,2 wk ahead,Bin,percent,9.7,9.8, 0.00306935644682917877293371056
Arkansas,2 wk ahead,Bin,percent,9.8,9.9, 0.00262265390947870411647580013
Arkansas,2 wk ahead,Bin,percent,9.9,10, 0.00222543060667361285165366525
Arkansas,2 wk ahead,Bin,percent,10,10.1, 0.00187513349334143797873808435
Arkansas,2 wk ahead,Bin,percent,10.1,10.2, 0.00156899876962496515400702357
Arkansas,2 wk ahead,Bin,percent,10.2,10.3, 0.00130360848825250130039732355
Arkansas,2 wk ahead,Bin,percent,10.3,10.4, 0.00107534348728481068090123696
Arkansas,2 wk ahead,Bin,percent,10.4,10.5, 0.00088086807713877153611786719
Arkansas,2 wk ahead,Bin,percent,10.5,10.6, 0.00071642839982612150327712097
Arkansas,2 wk ahead,Bin,percent,10.6,10.7, 0.00057843262658346147452731456
Arkansas,2 wk ahead,Bin,percent,10.7,10.8, 0.00046372772277541312885978941
Arkansas,2 wk ahead,Bin,percent,10.8,10.9, 0.00036911796486396094164189607
Arkansas,2 wk ahead,Bin,percent,10.9,11, 0.00029162571682682381091211710
Arkansas,2 wk ahead,Bin,percent,11,11.1, 0.00022876479842044315695520629
Arkansas,2 wk ahead,Bin,percent,11.1,11.2, 0.00017817776614495166461436815
Arkansas,2 wk ahead,Bin,percent,11.2,11.3, 0.00013772754524488714077817830
Arkansas,2 wk ahead,Bin,percent,11.3,11.4, 0.00010596743340036580429373847
Arkansas,2 wk ahead,Bin,percent,11.4,11.5, 0.00009576486194420652043116093
Arkansas,2 wk ahead,Bin,percent,11.5,11.6, 0.00009576486194420652043116093
Arkansas,2 wk ahead,Bin,percent,11.6,11.7, 0.00009576486194420652043116093
Arkansas,2 wk ahead,Bin,percent,11.7,11.8, 0.00009576486194420652043116093
Arkansas,2 wk ahead,Bin,percent,11.8,11.9, 0.00009576486194420652043116093
Arkansas,2 wk ahead,Bin,percent,11.9,12, 0.00009576486194420652043116093
Arkansas,2 wk ahead,Bin,percent,12,12.1, 0.00009576486194420652043116093
Arkansas,2 wk ahead,Bin,percent,12.1,12.2, 0.00009576486194420652043116093
Arkansas,2 wk ahead,Bin,percent,12.2,12.3, 0.00009576486194420652043116093
Arkansas,2 wk ahead,Bin,percent,12.3,12.4, 0.00009576486194420652043116093
Arkansas,2 wk ahead,Bin,percent,12.4,12.5, 0.00009576486194420652043116093
Arkansas,2 wk ahead,Bin,percent,12.5,12.6, 0.00009576486194420652043116093
Arkansas,2 wk ahead,Bin,percent,12.6,12.7, 0.00009576486194420652043116093
Arkansas,2 wk ahead,Bin,percent,12.7,12.8, 0.00009576486194420652043116093
Arkansas,2 wk ahead,Bin,percent,12.8,12.9, 0.00009576486194420652043116093
Arkansas,2 wk ahead,Bin,percent,12.9,13, 0.00009576486194420652043116093
Arkansas,2 wk ahead,Bin,percent,13,100, 0.00009576486194420652043116093
Arkansas,3 wk ahead,Bin,percent,0,0.1, 0.00104293793224195883301286258
Arkansas,3 wk ahead,Bin,percent,0.1,0.2, 0.00248219293165549432372829486
Arkansas,3 wk ahead,Bin,percent,0.2,0.3, 0.00307759660000345809313659906
Arkansas,3 wk ahead,Bin,percent,0.3,0.4, 0.00374955355736191018461989088
Arkansas,3 wk ahead,Bin,percent,0.4,0.5, 0.00448920316886664439587351083
Arkansas,3 wk ahead,Bin,percent,0.5,0.6, 0.00528146653844368922647856124
Arkansas,3 wk ahead,Bin,percent,0.6,0.7, 0.00610592170731225503815808864
Arkansas,3 wk ahead,Bin,percent,0.7,0.8, 0.00693675884202852796600602403
Arkansas,3 wk ahead,Bin,percent,0.8,0.9, 0.00774423522458520061789721822
Arkansas,3 wk ahead,Bin,percent,0.9,1, 0.00849629658869989305702841165
Arkansas,3 wk ahead,Bin,percent,1,1.1, 0.00916026280791764659083842304
Arkansas,3 wk ahead,Bin,percent,1.1,1.2, 0.00970628256950981094242081326
Arkansas,3 wk ahead,Bin,percent,1.2,1.3, 0.01010849875790397964236966288
Arkansas,3 wk ahead,Bin,percent,1.3,1.4, 0.01034822767606030646803105810
Arkansas,3 wk ahead,Bin,percent,1.4,1.5, 0.01041481928212910877673547105
Arkansas,3 wk ahead,Bin,percent,1.5,1.6, 0.01030827163209294995704912168
Arkansas,3 wk ahead,Bin,percent,1.6,1.7, 0.01003794938005917944390255059
Arkansas,3 wk ahead,Bin,percent,1.7,1.8, 0.00962350162499737288301915328
Arkansas,3 wk ahead,Bin,percent,1.8,1.9, 0.00909269889056795767301455413
Arkansas,3 wk ahead,Bin,percent,1.9,2, 0.00848024704915582155928532870
Arkansas,3 wk ahead,Bin,percent,2,2.1, 0.00782549107723095466182527957
Arkansas,3 wk ahead,Bin,percent,2.1,2.2, 0.00716973663211000963868535507
Arkansas,3 wk ahead,Bin,percent,2.2,2.3, 0.00655377306190306485600416408
Arkansas,3 wk ahead,Bin,percent,2.3,2.4, 0.00601582342990461971937721231
Arkansas,3 wk ahead,Bin,percent,2.4,2.5, 0.00558908801386723448623161659
Arkansas,3 wk ahead,Bin,percent,2.5,2.6, 0.00530042203654877350227359045
Arkansas,3 wk ahead,Bin,percent,2.6,2.7, 0.00516837914402986601386524868
Arkansas,3 wk ahead,Bin,percent,2.7,2.8, 0.00520335791486342940509457478
Arkansas,3 wk ahead,Bin,percent,2.8,2.9, 0.00540592648604706904613692586
Arkansas,3 wk ahead,Bin,percent,2.9,3, 0.00576794534311358096656530137
Arkansas,3 wk ahead,Bin,percent,3,3.1, 0.00627127089690105755936944121
Arkansas,3 wk ahead,Bin,percent,3.1,3.2, 0.00689004169965971684230776617
Arkansas,3 wk ahead,Bin,percent,3.2,3.3, 0.00759077557951333241337277258
Arkansas,3 wk ahead,Bin,percent,3.3,3.4, 0.00833476491976304321995794311
Arkansas,3 wk ahead,Bin,percent,3.4,3.5, 0.00907944189445240336377995760
Arkansas,3 wk ahead,Bin,percent,3.5,3.6, 0.00978134251487652872647515778
Arkansas,3 wk ahead,Bin,percent,3.6,3.7, 0.01039893070940847014105301582
Arkansas,3 wk ahead,Bin,percent,3.7,3.8, 0.01089450307202862074096305633
Arkansas,3 wk ahead,Bin,percent,3.8,3.9, 0.01123829852970765000308439596
Arkansas,3 wk ahead,Bin,percent,3.9,4, 0.01140877585393725544837817409
Arkansas,3 wk ahead,Bin,percent,4,4.1, 0.01139650677672081162394857046
Arkansas,3 wk ahead,Bin,percent,4.1,4.2, 0.01120306991360733514517811216
Arkansas,3 wk ahead,Bin,percent,4.2,4.3, 0.01084204556710218966819603281
Arkansas,3 wk ahead,Bin,percent,4.3,4.4, 0.01033755652306413141960916846
Arkansas,3 wk ahead,Bin,percent,4.4,4.5, 0.00972394065635299141570069281
Arkansas,3 wk ahead,Bin,percent,4.5,4.6, 0.00904212063515837799476670966
Arkansas,3 wk ahead,Bin,percent,4.6,4.7, 0.00833787563357170531663786761
Arkansas,3 wk ahead,Bin,percent,4.7,4.8, 0.00765929176568341894132396774
Arkansas,3 wk ahead,Bin,percent,4.8,4.9, 0.00705413957296343110958680711
Arkansas,3 wk ahead,Bin,percent,4.9,5, 0.00656775758023176673555676430
Arkansas,3 wk ahead,Bin,percent,5,5.1, 0.00624074738714753933510603900
Arkansas,3 wk ahead,Bin,percent,5.1,5.2, 0.00610766683348414485960065079
Arkansas,3 wk ahead,Bin,percent,5.2,5.3, 0.00619725331595178015320346532
Arkansas,3 wk ahead,Bin,percent,5.3,5.4, 0.00652866922660839867770254941
Arkansas,3 wk ahead,Bin,percent,5.4,5.5, 0.00711353519739531692939182861
Arkansas,3 wk ahead,Bin,percent,5.5,5.6, 0.00795391646211685877931873989
Arkansas,3 wk ahead,Bin,percent,5.6,5.7, 0.00904332306720705483837896566
Arkansas,3 wk ahead,Bin,percent,5.7,5.8, 0.01036461739777596105516188629
Arkansas,3 wk ahead,Bin,percent,5.8,5.9, 0.01189240714078974338330230154
Arkansas,3 wk ahead,Bin,percent,5.9,6, 0.01359052610423542965800702831
Arkansas,3 wk ahead,Bin,percent,6,6.1, 0.01541512216311721750194863034
Arkansas,3 wk ahead,Bin,percent,6.1,6.2, 0.01731415523014102203491759724
Arkansas,3 wk ahead,Bin,percent,6.2,6.3, 0.01922936263221379504795294224
Arkansas,3 wk ahead,Bin,percent,6.3,6.4, 0.02109809197085978776931014522
Arkansas,3 wk ahead,Bin,percent,6.4,6.5, 0.02285554276663409600800491717
Arkansas,3 wk ahead,Bin,percent,6.5,6.6, 0.02443817663713418117388265216
Arkansas,3 wk ahead,Bin,percent,6.6,6.7, 0.02578520509619833950276657220
Arkansas,3 wk ahead,Bin,percent,6.7,6.8, 0.02684375668563531575072644841
Arkansas,3 wk ahead,Bin,percent,6.8,6.9, 0.02756918840677750892620423429
Arkansas,3 wk ahead,Bin,percent,6.9,7, 0.02793091750956799151905940448
Arkansas,3 wk ahead,Bin,percent,7,7.1, 0.02791094830192365067178528193
Arkansas,3 wk ahead,Bin,percent,7.1,7.2, 0.02750685584804571023886943237
Arkansas,3 wk ahead,Bin,percent,7.2,7.3, 0.02673182963314470542148804100
Arkansas,3 wk ahead,Bin,percent,7.3,7.4, 0.02561454732437171491477023721
Arkansas,3 wk ahead,Bin,percent,7.4,7.5, 0.02419654022167027143663808886
Arkansas,3 wk ahead,Bin,percent,7.5,7.6, 0.02252961006958075287909259998
Arkansas,3 wk ahead,Bin,percent,7.6,7.7, 0.02067401230434236236721545765
Arkansas,3 wk ahead,Bin,percent,7.7,7.8, 0.01869357722112728256713687358
Arkansas,3 wk ahead,Bin,percent,7.8,7.9, 0.01665291899139012196662257281
Arkansas,3 wk ahead,Bin,percent,7.9,8, 0.01461319282737185039355853888
Arkansas,3 wk ahead,Bin,percent,8,8.1, 0.01262943351688155385614820148
Arkansas,3 wk ahead,Bin,percent,8.1,8.2, 0.01074849598759164588657188943
Arkansas,3 wk ahead,Bin,percent,8.2,8.3, 0.00900667376102135680548954610
Arkansas,3 wk ahead,Bin,percent,8.3,8.4, 0.00742986985470189126301576721
Arkansas,3 wk ahead,Bin,percent,8.4,8.5, 0.00603270765614793893355516374
Arkansas,3 wk ahead,Bin,percent,8.5,8.6, 0.00482109176491676838516298176
Arkansas,3 wk ahead,Bin,percent,8.6,8.7, 0.00379131084578413759741954969
Arkansas,3 wk ahead,Bin,percent,8.7,8.8, 0.00293386607577848703559686427
Arkansas,3 wk ahead,Bin,percent,8.8,8.9, 0.00223351550484391855877497335
Arkansas,3 wk ahead,Bin,percent,8.9,9, 0.00167290489009779387921672544
Arkansas,3 wk ahead,Bin,percent,9,9.1, 0.00123240322625021883444496051
Arkansas,3 wk ahead,Bin,percent,9.1,9.2, 0.00089318046907941575553863123
Arkansas,3 wk ahead,Bin,percent,9.2,9.3, 0.00063660437265258091807385021
Arkansas,3 wk ahead,Bin,percent,9.3,9.4, 0.00044621768605041282288597992
Arkansas,3 wk ahead,Bin,percent,9.4,9.5, 0.00030756384362381442455075531
Arkansas,3 wk ahead,Bin,percent,9.5,9.6, 0.00020850751284693351409252338
Arkansas,3 wk ahead,Bin,percent,9.6,9.7, 0.00016066273142821717507568169
Arkansas,3 wk ahead,Bin,percent,9.7,9.8, 0.00015998412148314727736220231
Arkansas,3 wk ahead,Bin,percent,9.8,9.9, 0.00015998412148314727736220231
Arkansas,3 wk ahead,Bin,percent,9.9,10, 0.00015998412148314727736220231
Arkansas,3 wk ahead,Bin,percent,10,10.1, 0.00015998412148314727736220231
Arkansas,3 wk ahead,Bin,percent,10.1,10.2, 0.00015998412148314727736220231
Arkansas,3 wk ahead,Bin,percent,10.2,10.3, 0.00015998412148314727736220231
Arkansas,3 wk ahead,Bin,percent,10.3,10.4, 0.00015998412148314727736220231
Arkansas,3 wk ahead,Bin,percent,10.4,10.5, 0.00015998412148314727736220231
Arkansas,3 wk ahead,Bin,percent,10.5,10.6, 0.00015998412148314727736220231
Arkansas,3 wk ahead,Bin,percent,10.6,10.7, 0.00015998412148314727736220231
Arkansas,3 wk ahead,Bin,percent,10.7,10.8, 0.00015998412148314727736220231
Arkansas,3 wk ahead,Bin,percent,10.8,10.9, 0.00015998412148314727736220231
Arkansas,3 wk ahead,Bin,percent,10.9,11, 0.00015998412148314727736220231
Arkansas,3 wk ahead,Bin,percent,11,11.1, 0.00015998412148314727736220231
Arkansas,3 wk ahead,Bin,percent,11.1,11.2, 0.00015998412148314727736220231
Arkansas,3 wk ahead,Bin,percent,11.2,11.3, 0.00015998412148314727736220231
Arkansas,3 wk ahead,Bin,percent,11.3,11.4, 0.00015998412148314727736220231
Arkansas,3 wk ahead,Bin,percent,11.4,11.5, 0.00015998412148314727736220231
Arkansas,3 wk ahead,Bin,percent,11.5,11.6, 0.00015998412148314727736220231
Arkansas,3 wk ahead,Bin,percent,11.6,11.7, 0.00015998412148314727736220231
Arkansas,3 wk ahead,Bin,percent,11.7,11.8, 0.00015998412148314727736220231
Arkansas,3 wk ahead,Bin,percent,11.8,11.9, 0.00015998412148314727736220231
Arkansas,3 wk ahead,Bin,percent,11.9,12, 0.00015998412148314727736220231
Arkansas,3 wk ahead,Bin,percent,12,12.1, 0.00015998412148314727736220231
Arkansas,3 wk ahead,Bin,percent,12.1,12.2, 0.00015998412148314727736220231
Arkansas,3 wk ahead,Bin,percent,12.2,12.3, 0.00015998412148314727736220231
Arkansas,3 wk ahead,Bin,percent,12.3,12.4, 0.00015998412148314727736220231
Arkansas,3 wk ahead,Bin,percent,12.4,12.5, 0.00015998412148314727736220231
Arkansas,3 wk ahead,Bin,percent,12.5,12.6, 0.00015998412148314727736220231
Arkansas,3 wk ahead,Bin,percent,12.6,12.7, 0.00015998412148314727736220231
Arkansas,3 wk ahead,Bin,percent,12.7,12.8, 0.00015998412148314727736220231
Arkansas,3 wk ahead,Bin,percent,12.8,12.9, 0.00015998412148314727736220231
Arkansas,3 wk ahead,Bin,percent,12.9,13, 0.00015998412148314727736220231
Arkansas,3 wk ahead,Bin,percent,13,100, 0.00015998412148314727736220231
Arkansas,4 wk ahead,Bin,percent,0,0.1, 0.00148012120604364312559386718
Arkansas,4 wk ahead,Bin,percent,0.1,0.2, 0.00317199515886898777972113805
Arkansas,4 wk ahead,Bin,percent,0.2,0.3, 0.00346700671745152040961746032
Arkansas,4 wk ahead,Bin,percent,0.3,0.4, 0.00377698502156534592771874870
Arkansas,4 wk ahead,Bin,percent,0.4,0.5, 0.00410084178485693555404889565
Arkansas,4 wk ahead,Bin,percent,0.5,0.6, 0.00443764738124519716316873641
Arkansas,4 wk ahead,Bin,percent,0.6,0.7, 0.00478613512181122816024902988
Arkansas,4 wk ahead,Bin,percent,0.7,0.8, 0.00514515221072011849634542102
Arkansas,4 wk ahead,Bin,percent,0.8,0.9, 0.00551293176791952960896781022
Arkansas,4 wk ahead,Bin,percent,0.9,1, 0.00588778405620217059474041932
Arkansas,4 wk ahead,Bin,percent,1,1.1, 0.00626778927075605750418585416
Arkansas,4 wk ahead,Bin,percent,1.1,1.2, 0.00665098674884171629090312550
Arkansas,4 wk ahead,Bin,percent,1.2,1.3, 0.00703518354654045132562378839
Arkansas,4 wk ahead,Bin,percent,1.3,1.4, 0.00741817209107923335176248969
Arkansas,4 wk ahead,Bin,percent,1.4,1.5, 0.00779773058530637986490718916
Arkansas,4 wk ahead,Bin,percent,1.5,1.6, 0.00817144047946906371127084867
Arkansas,4 wk ahead,Bin,percent,1.6,1.7, 0.00853713151740656712995747313
Arkansas,4 wk ahead,Bin,percent,1.7,1.8, 0.00889255093866863841056691342
Arkansas,4 wk ahead,Bin,percent,1.8,1.9, 0.00923570503307343665388984277
Arkansas,4 wk ahead,Bin,percent,1.9,2, 0.00956427604473375318760997033
Arkansas,4 wk ahead,Bin,percent,2,2.1, 0.00987665232202033192832058006
Arkansas,4 wk ahead,Bin,percent,2.1,2.2, 0.01017111019446819732137132775
Arkansas,4 wk ahead,Bin,percent,2.2,2.3, 0.01044643015723319655341239098
Arkansas,4 wk ahead,Bin,percent,2.3,2.4, 0.01070098739769271244115511621
Arkansas,4 wk ahead,Bin,percent,2.4,2.5, 0.01093417555347247008268318780
Arkansas,4 wk ahead,Bin,percent,2.5,2.6, 0.01114526994659556166644698294
Arkansas,4 wk ahead,Bin,percent,2.6,2.7, 0.01133418450147462980259760457
Arkansas,4 wk ahead,Bin,percent,2.7,2.8, 0.01150040321563361271628433968
Arkansas,4 wk ahead,Bin,percent,2.8,2.9, 0.01164449653234800492740408373
Arkansas,4 wk ahead,Bin,percent,2.9,3, 0.01176692497631464523477617945
Arkansas,4 wk ahead,Bin,percent,3,3.1, 0.01186874492302475089799962404
Arkansas,4 wk ahead,Bin,percent,3.1,3.2, 0.01195063886466998098745406764
Arkansas,4 wk ahead,Bin,percent,3.2,3.3, 0.01201414989618797279913309239
Arkansas,4 wk ahead,Bin,percent,3.3,3.4, 0.01206074721919509103174039666
Arkansas,4 wk ahead,Bin,percent,3.4,3.5, 0.01209227298997500414656780521
Arkansas,4 wk ahead,Bin,percent,3.5,3.6, 0.01211029739855325713937528320
Arkansas,4 wk ahead,Bin,percent,3.6,3.7, 0.01211685716277574598187527499
Arkansas,4 wk ahead,Bin,percent,3.7,3.8, 0.01211391285334070290480301679
Arkansas,4 wk ahead,Bin,percent,3.8,3.9, 0.01210351891448066367906744034
Arkansas,4 wk ahead,Bin,percent,3.9,4, 0.01208753103645096409202164267
Arkansas,4 wk ahead,Bin,percent,4,4.1, 0.01206788800323692865956726195
Arkansas,4 wk ahead,Bin,percent,4.1,4.2, 0.01204639163427683422324943052
Arkansas,4 wk ahead,Bin,percent,4.2,4.3, 0.01202469923627520406728130808
Arkansas,4 wk ahead,Bin,percent,4.3,4.4, 0.01200431535906107231859163420
Arkansas,4 wk ahead,Bin,percent,4.4,4.5, 0.01198655953435031479292760537
Arkansas,4 wk ahead,Bin,percent,4.5,4.6, 0.01197252973640626147466825557
Arkansas,4 wk ahead,Bin,percent,4.6,4.7, 0.01196305301880182594964630027
Arkansas,4 wk ahead,Bin,percent,4.7,4.8, 0.01195883327315712917060519516
Arkansas,4 wk ahead,Bin,percent,4.8,4.9, 0.01196027220781171671037945714
Arkansas,4 wk ahead,Bin,percent,4.9,5, 0.01196750101842154571929466300
Arkansas,4 wk ahead,Bin,percent,5,5.1, 0.01198038552404413585594777913
Arkansas,4 wk ahead,Bin,percent,5.1,5.2, 0.01199868111254774605267670040
Arkansas,4 wk ahead,Bin,percent,5.2,5.3, 0.01202186131961223772290914269
Arkansas,4 wk ahead,Bin,percent,5.3,5.4, 0.01204915983737228808714281314
Arkansas,4 wk ahead,Bin,percent,5.4,5.5, 0.01207964114370044771129553141
Arkansas,4 wk ahead,Bin,percent,5.5,5.6, 0.01211226389016526600039824757
Arkansas,4 wk ahead,Bin,percent,5.6,5.7, 0.01214580393582053059742253964
Arkansas,4 wk ahead,Bin,percent,5.7,5.8, 0.01217892397974585164122096614
Arkansas,4 wk ahead,Bin,percent,5.8,5.9, 0.01221023255698220656706443066
Arkansas,4 wk ahead,Bin,percent,5.9,6, 0.01223824353732629564850409309
Arkansas,4 wk ahead,Bin,percent,6,6.1, 0.01226140231963226273625977569
Arkansas,4 wk ahead,Bin,percent,6.1,6.2, 0.01227823144196189993071488544
Arkansas,4 wk ahead,Bin,percent,6.2,6.3, 0.01228727998380811474443685682
Arkansas,4 wk ahead,Bin,percent,6.3,6.4, 0.01228703906978125676152657775
Arkansas,4 wk ahead,Bin,percent,6.4,6.5, 0.01227600070316986480278842464
Arkansas,4 wk ahead,Bin,percent,6.5,6.6, 0.01225294584854584589717063636
Arkansas,4 wk ahead,Bin,percent,6.6,6.7, 0.01221671430641556484186782683
Arkansas,4 wk ahead,Bin,percent,6.7,6.8, 0.01216613596257720870952301340
Arkansas,4 wk ahead,Bin,percent,6.8,6.9, 0.01210006040819380443429587046
Arkansas,4 wk ahead,Bin,percent,6.9,7, 0.01201780741688407948275507664
Arkansas,4 wk ahead,Bin,percent,7,7.1, 0.01191875205411043608938470584
Arkansas,4 wk ahead,Bin,percent,7.1,7.2, 0.01180230028282936924344248553
Arkansas,4 wk ahead,Bin,percent,7.2,7.3, 0.01166786105567365477986285782
Arkansas,4 wk ahead,Bin,percent,7.3,7.4, 0.01151543597116359493592874230
Arkansas,4 wk ahead,Bin,percent,7.4,7.5, 0.01134504362760300685830650025
Arkansas,4 wk ahead,Bin,percent,7.5,7.6, 0.01115676429288772752990155368
Arkansas,4 wk ahead,Bin,percent,7.6,7.7, 0.01095066994405032717585513069
Arkansas,4 wk ahead,Bin,percent,7.7,7.8, 0.01072742964248420659278959732
Arkansas,4 wk ahead,Bin,percent,7.8,7.9, 0.01048769743789718100757113461
Arkansas,4 wk ahead,Bin,percent,7.9,8, 0.01023220523655760105796730386
Arkansas,4 wk ahead,Bin,percent,8,8.1, 0.00996165401818553328250338552
Arkansas,4 wk ahead,Bin,percent,8.1,8.2, 0.00967727195581434378179874756
Arkansas,4 wk ahead,Bin,percent,8.2,8.3, 0.00938022333516211337389734126
Arkansas,4 wk ahead,Bin,percent,8.3,8.4, 0.00907175342984356362918685335
Arkansas,4 wk ahead,Bin,percent,8.4,8.5, 0.00875306631708171363481785221
Arkansas,4 wk ahead,Bin,percent,8.5,8.6, 0.00842572847829704645039594624
Arkansas,4 wk ahead,Bin,percent,8.6,8.7, 0.00809121835698931556046797908
Arkansas,4 wk ahead,Bin,percent,8.7,8.8, 0.00775106552393026084629701344
Arkansas,4 wk ahead,Bin,percent,8.8,8.9, 0.00740676674790458067221265992
Arkansas,4 wk ahead,Bin,percent,8.9,9, 0.00705995291851689490275623129
Arkansas,4 wk ahead,Bin,percent,9,9.1, 0.00671217712112671081869930134
Arkansas,4 wk ahead,Bin,percent,9.1,9.2, 0.00636496469751918637208776275
Arkansas,4 wk ahead,Bin,percent,9.2,9.3, 0.00601986556983873967452414178
Arkansas,4 wk ahead,Bin,percent,9.3,9.4, 0.00567829660764446013387907186
Arkansas,4 wk ahead,Bin,percent,9.4,9.5, 0.00534163990512885687028665771
Arkansas,4 wk ahead,Bin,percent,9.5,9.6, 0.00501115305890532936050618673
Arkansas,4 wk ahead,Bin,percent,9.6,9.7, 0.00468820209702370746529531687
Arkansas,4 wk ahead,Bin,percent,9.7,9.8, 0.00437377735476620742999243063
Arkansas,4 wk ahead,Bin,percent,9.8,9.9, 0.00406889086636638089983231126
Arkansas,4 wk ahead,Bin,percent,9.9,10, 0.00377435494889240838803368128
Arkansas,4 wk ahead,Bin,percent,10,10.1, 0.00349117186543172839524595830
Arkansas,4 wk ahead,Bin,percent,10.1,10.2, 0.00321979940692733706403272365
Arkansas,4 wk ahead,Bin,percent,10.2,10.3, 0.00296078241531409205519742578
Arkansas,4 wk ahead,Bin,percent,10.3,10.4, 0.00271442262264205702582131607
Arkansas,4 wk ahead,Bin,percent,10.4,10.5, 0.00248127133697232825013112567
Arkansas,4 wk ahead,Bin,percent,10.5,10.6, 0.00226127689057858570140235877
Arkansas,4 wk ahead,Bin,percent,10.6,10.7, 0.00205452683794706903244731144
Arkansas,4 wk ahead,Bin,percent,10.7,10.8, 0.00186086302056859167856905923
Arkansas,4 wk ahead,Bin,percent,10.8,10.9, 0.00168040254549181762577791943
Arkansas,4 wk ahead,Bin,percent,10.9,11, 0.00151270809570968147762803913
Arkansas,4 wk ahead,Bin,percent,11,11.1, 0.00135750532764149895413596791
Arkansas,4 wk ahead,Bin,percent,11.1,11.2, 0.00121430720951193750305197039
Arkansas,4 wk ahead,Bin,percent,11.2,11.3, 0.00108289704535028492513037968
Arkansas,4 wk ahead,Bin,percent,11.3,11.4, 0.00096262168137241886645139033
Arkansas,4 wk ahead,Bin,percent,11.4,11.5, 0.00085298599796310419635103628
Arkansas,4 wk ahead,Bin,percent,11.5,11.6, 0.00075333559240638408964485517
Arkansas,4 wk ahead,Bin,percent,11.6,11.7, 0.00066326519618114144084125572
Arkansas,4 wk ahead,Bin,percent,11.7,11.8, 0.00058206060537623180353022923
Arkansas,4 wk ahead,Bin,percent,11.8,11.9, 0.00050915187786848114647603181
Arkansas,4 wk ahead,Bin,percent,11.9,12, 0.00044386191912782575405560515
Arkansas,4 wk ahead,Bin,percent,12,12.1, 0.00038573230180866319768279160
Arkansas,4 wk ahead,Bin,percent,12.1,12.2, 0.00033410748908994084742721253
Arkansas,4 wk ahead,Bin,percent,12.2,12.3, 0.00028844819276502341263285212
Arkansas,4 wk ahead,Bin,percent,12.3,12.4, 0.00024816217025733200950143864
Arkansas,4 wk ahead,Bin,percent,12.4,12.5, 0.00021282827592049627894732478
Arkansas,4 wk ahead,Bin,percent,12.5,12.6, 0.00018191594919509898077569776
Arkansas,4 wk ahead,Bin,percent,12.6,12.7, 0.00015498230473149973295161896
Arkansas,4 wk ahead,Bin,percent,12.7,12.8, 0.00013156638989816982839194115
Arkansas,4 wk ahead,Bin,percent,12.8,12.9, 0.00011133330522901124131403966
Arkansas,4 wk ahead,Bin,percent,12.9,13, 0.00009389524877785939153875677
Arkansas,4 wk ahead,Bin,percent,13,100, 0.00129389796919666868330045517
Alabama,Season peak week,Bin,week,40,41, 0.00344728926324586485915868472
Alabama,Season peak week,Bin,week,41,42, 0.00344728926324586485915868472
Alabama,Season peak week,Bin,week,42,43, 0.00344728926324586485915868472
Alabama,Season peak week,Bin,week,43,44, 0.00344728926324586485915868472
Alabama,Season peak week,Bin,week,44,45, 0.00344728926324586485915868472
Alabama,Season peak week,Bin,week,45,46, 0.00344728926324586485915868472
Alabama,Season peak week,Bin,week,46,47, 0.00344728926324586485915868472
Alabama,Season peak week,Bin,week,47,48, 0.00344728926324586485915868472
Alabama,Season peak week,Bin,week,48,49, 0.00344728926324586485915868472
Alabama,Season peak week,Bin,week,49,50, 0.00344728926324586485915868472
Alabama,Season peak week,Bin,week,50,51, 0.01200134168567090590939994144
Alabama,Season peak week,Bin,week,51,52, 0.12897680432015654061750353776
Alabama,Season peak week,Bin,week,52,53, 0.28504265209627810406800563214
Alabama,Season peak week,Bin,week,1,2, 0.12906474052805058660986503583
Alabama,Season peak week,Bin,week,2,3, 0.01703900343234360931221615942
Alabama,Season peak week,Bin,week,3,4, 0.06122262553399359513717215009
Alabama,Season peak week,Bin,week,4,5, 0.13488935501272869554867384068
Alabama,Season peak week,Bin,week,5,6, 0.06352752654487474337496877297
Alabama,Season peak week,Bin,week,6,7, 0.03336158026165558787567988475
Alabama,Season peak week,Bin,week,7,8, 0.06172088655209080620966943798
Alabama,Season peak week,Bin,week,8,9, 0.02788682773507183965122635527
Alabama,Season peak week,Bin,week,9,10, 0.00259489776970447862808333284
Alabama,Season peak week,Bin,week,10,11, 0.00074535144499288661420338675
Alabama,Season peak week,Bin,week,11,12, 0.00074535144499288661420338675
Alabama,Season peak week,Bin,week,12,13, 0.00074535144499288661420338675
Alabama,Season peak week,Bin,week,13,14, 0.00074535144499288661420338675
Alabama,Season peak week,Bin,week,14,15, 0.00074535144499288661420338675
Alabama,Season peak week,Bin,week,15,16, 0.00074535144499288661420338675
Alabama,Season peak week,Bin,week,16,17, 0.00074535144499288661420338675
Alabama,Season peak week,Bin,week,17,18, 0.00074535144499288661420338675
Alabama,Season peak week,Bin,week,18,19, 0.00074535144499288661420338675
Alabama,Season peak week,Bin,week,19,20, 0.00074535144499288661420338675
Alabama,Season peak week,Bin,week,20,21, 0.00074535144499288661420338675
Alabama,Season peak percentage,Bin,percent,0,0.1, 0.00003831733496741547155594113
Alabama,Season peak percentage,Bin,percent,0.1,0.2, 0.00007663466993483097021693656
Alabama,Season peak percentage,Bin,percent,0.2,0.3, 0.00007663466993483092955935509
Alabama,Season peak percentage,Bin,percent,0.3,0.4, 0.00007663466993483092955935509
Alabama,Season peak percentage,Bin,percent,0.4,0.5, 0.00007663466993483092955935509
Alabama,Season peak percentage,Bin,percent,0.5,0.6, 0.00007663466993483098376946372
Alabama,Season peak percentage,Bin,percent,0.6,0.7, 0.00007663466993483101087451803
Alabama,Season peak percentage,Bin,percent,0.7,0.8, 0.00007663466993483101087451803
Alabama,Season peak percentage,Bin,percent,0.8,0.9, 0.00007663466993483101087451803
Alabama,Season peak percentage,Bin,percent,0.9,1, 0.00007663466993483101087451803
Alabama,Season peak percentage,Bin,percent,1,1.1, 0.00007663466993483101087451803
Alabama,Season peak percentage,Bin,percent,1.1,1.2, 0.00007663466993483101087451803
Alabama,Season peak percentage,Bin,percent,1.2,1.3, 0.00007663466993483101087451803
Alabama,Season peak percentage,Bin,percent,1.3,1.4, 0.00007663466993483101087451803
Alabama,Season peak percentage,Bin,percent,1.4,1.5, 0.00007663466993483101087451803
Alabama,Season peak percentage,Bin,percent,1.5,1.6, 0.00007663466993483101087451803
Alabama,Season peak percentage,Bin,percent,1.6,1.7, 0.00007663466993483101087451803
Alabama,Season peak percentage,Bin,percent,1.7,1.8, 0.00007663466993483101087451803
Alabama,Season peak percentage,Bin,percent,1.8,1.9, 0.00007663466993483101087451803
Alabama,Season peak percentage,Bin,percent,1.9,2, 0.00007663466993483101087451803
Alabama,Season peak percentage,Bin,percent,2,2.1, 0.00007663466993483084824419216
Alabama,Season peak percentage,Bin,percent,2.1,2.2, 0.00007663466993483067206133913
Alabama,Season peak percentage,Bin,percent,2.2,2.3, 0.00007663466993483067206133913
Alabama,Season peak percentage,Bin,percent,2.3,2.4, 0.00007663466993483067206133913
Alabama,Season peak percentage,Bin,percent,2.4,2.5, 0.00007663466993483067206133913
Alabama,Season peak percentage,Bin,percent,2.5,2.6, 0.00007663466993483067206133913
Alabama,Season peak percentage,Bin,percent,2.6,2.7, 0.00007663466993483067206133913
Alabama,Season peak percentage,Bin,percent,2.7,2.8, 0.00007663466993483067206133913
Alabama,Season peak percentage,Bin,percent,2.8,2.9, 0.00007663466993483067206133913
Alabama,Season peak percentage,Bin,percent,2.9,3, 0.00007663466993483067206133913
Alabama,Season peak percentage,Bin,percent,3,3.1, 0.00007663466993483067206133913
Alabama,Season peak percentage,Bin,percent,3.1,3.2, 0.00007663466993483067206133913
Alabama,Season peak percentage,Bin,percent,3.2,3.3, 0.00007663466993483067206133913
Alabama,Season peak percentage,Bin,percent,3.3,3.4, 0.00007663466993483067206133913
Alabama,Season peak percentage,Bin,percent,3.4,3.5, 0.00007663466993483067206133913
Alabama,Season peak percentage,Bin,percent,3.5,3.6, 0.00007663466993483067206133913
Alabama,Season peak percentage,Bin,percent,3.6,3.7, 0.00007663466993483067206133913
Alabama,Season peak percentage,Bin,percent,3.7,3.8, 0.00007663466993483067206133913
Alabama,Season peak percentage,Bin,percent,3.8,3.9, 0.00007663466993483067206133913
Alabama,Season peak percentage,Bin,percent,3.9,4, 0.00007663466993483067206133913
Alabama,Season peak percentage,Bin,percent,4,4.1, 0.00007663466993483067206133913
Alabama,Season peak percentage,Bin,percent,4.1,4.2, 0.00007663466993483067206133913
Alabama,Season peak percentage,Bin,percent,4.2,4.3, 0.00007828310266033900637408505
Alabama,Season peak percentage,Bin,percent,4.3,4.4, 0.00010369365085194263769678008
Alabama,Season peak percentage,Bin,percent,4.4,4.5, 0.00014605335106666832265150113
Alabama,Season peak percentage,Bin,percent,4.5,4.6, 0.00020323329621346002105651551
Alabama,Season peak percentage,Bin,percent,4.6,4.7, 0.00027935279678757127036145547
Alabama,Season peak percentage,Bin,percent,4.7,4.8, 0.00037936783834543709925321564
Alabama,Season peak percentage,Bin,percent,4.8,4.9, 0.00050893832171486949166733238
Alabama,Season peak percentage,Bin,percent,4.9,5, 0.00067475984911744013323292579
Alabama,Season peak percentage,Bin,percent,5,5.1, 0.00088397286778980541360056788
Alabama,Season peak percentage,Bin,percent,5.1,5.2, 0.00114432489438018422829579368
Alabama,Season peak percentage,Bin,percent,5.2,5.3, 0.00146424611903765906385788131
Alabama,Season peak percentage,Bin,percent,5.3,5.4, 0.00185183059975808461498913982
Alabama,Season peak percentage,Bin,percent,5.4,5.5, 0.00231488790476308678098482652
Alabama,Season peak percentage,Bin,percent,5.5,5.6, 0.00286067182144010166353065294
Alabama,Season peak percentage,Bin,percent,5.6,5.7, 0.00349483962521823137217791277
Alabama,Season peak percentage,Bin,percent,5.7,5.8, 0.00422115455112472871823658949
Alabama,Season peak percentage,Bin,percent,5.8,5.9, 0.00504073101320833948796318325
Alabama,Season peak percentage,Bin,percent,5.9,6, 0.00595204026477301733483171731
Alabama,Season peak percentage,Bin,percent,6,6.1, 0.00694913260877487275191111138
Alabama,Season peak percentage,Bin,percent,6.1,6.2, 0.00802247288917064087232500214
Alabama,Season peak percentage,Bin,percent,6.2,6.3, 0.00915836294774542529484318010
Alabama,Season peak percentage,Bin,percent,6.3,6.4, 0.01033831279843940714746608478
Alabama,Season peak percentage,Bin,percent,6.4,6.5, 0.01154006310173562310783523799
Alabama,Season peak percentage,Bin,percent,6.5,6.6, 0.01273763659431017408740771657
Alabama,Season peak percentage,Bin,percent,6.6,6.7, 0.01390211947088741337164030654
Alabama,Season peak percentage,Bin,percent,6.7,6.8, 0.01500286802405714943475789624
Alabama,Season peak percentage,Bin,percent,6.8,6.9, 0.01600860790331969096822462006
Alabama,Season peak percentage,Bin,percent,6.9,7, 0.01688838015461086722313055475
Alabama,Season peak percentage,Bin,percent,7,7.1, 0.01761439078248131645532126299
Alabama,Season peak percentage,Bin,percent,7.1,7.2, 0.01816203520527570614007117911
Alabama,Season peak percentage,Bin,percent,7.2,7.3, 0.01851117979066958102452034041
Alabama,Season peak percentage,Bin,percent,7.3,7.4, 0.01864945902578284825379384415
Alabama,Season peak percentage,Bin,percent,7.4,7.5, 0.01857041558828674207570763599
Alabama,Season peak percentage,Bin,percent,7.5,7.6, 0.01827526141163871020722808680
Alabama,Season peak percentage,Bin,percent,7.6,7.7, 0.01777296910656011447171565010
Alabama,Season peak percentage,Bin,percent,7.7,7.8, 0.01707971618979062244925160030
Alabama,Season peak percentage,Bin,percent,7.8,7.9, 0.01621766268963869758734652748
Alabama,Season peak percentage,Bin,percent,7.9,8, 0.01521385336691761201721728725
Alabama,Season peak percentage,Bin,percent,8,8.1, 0.01409995483010818666247399022
Alabama,Season peak percentage,Bin,percent,8.1,8.2, 0.01290854686231849776656410711
Alabama,Season peak percentage,Bin,percent,8.2,8.3, 0.01167317863898549058776499265
Alabama,Season peak percentage,Bin,percent,8.3,8.4, 0.01042622536923200858571814109
Alabama,Season peak percentage,Bin,percent,8.4,8.5, 0.00919731546443867432893970459
Alabama,Season peak percentage,Bin,percent,8.5,8.6, 0.00801254528618162119302237301
Alabama,Season peak percentage,Bin,percent,8.6,8.7, 0.00689348493538791389639852625
Alabama,Season peak percentage,Bin,percent,8.7,8.8, 0.00585673889125237507463639375
Alabama,Season peak percentage,Bin,percent,8.8,8.9, 0.00491403322798527730091988630
Alabama,Season peak percentage,Bin,percent,8.9,9, 0.00407254295129526929647445499
Alabama,Season peak percentage,Bin,percent,9,9.1, 0.00333423655964375145049904958
Alabama,Season peak percentage,Bin,percent,9.1,9.2, 0.00269851805023440388664468514
Alabama,Season peak percentage,Bin,percent,9.2,9.3, 0.00216136974899286751772287118
Alabama,Season peak percentage,Bin,percent,9.3,9.4, 0.00171651701921087494751017033
Alabama,Season peak percentage,Bin,percent,9.4,9.5, 0.00135688356181906514576207545
Alabama,Season peak percentage,Bin,percent,9.5,9.6, 0.00107479085353484929941936254
Alabama,Season peak percentage,Bin,percent,9.6,9.7, 0.00086270929744628724235994133
Alabama,Season peak percentage,Bin,percent,9.7,9.8, 0.00071391576497239735490940582
Alabama,Season peak percentage,Bin,percent,9.8,9.9, 0.00062304516214897504196301714
Alabama,Season peak percentage,Bin,percent,9.9,10, 0.00058626224628100041379868967
Alabama,Season peak percentage,Bin,percent,10,10.1, 0.00060109163353664512349089355
Alabama,Season peak percentage,Bin,percent,10.1,10.2, 0.00066745623084945703701320596
Alabama,Season peak percentage,Bin,percent,10.2,10.3, 0.00078668842300683541109845853
Alabama,Season peak percentage,Bin,percent,10.3,10.4, 0.00096180773077787046990844155
Alabama,Season peak percentage,Bin,percent,10.4,10.5, 0.00119743411153771508667609247
Alabama,Season peak percentage,Bin,percent,10.5,10.6, 0.00149941121241405810396440934
Alabama,Season peak percentage,Bin,percent,10.6,10.7, 0.00187441497048188867279028269
Alabama,Season peak percentage,Bin,percent,10.7,10.8, 0.00232947805095248729884138683
Alabama,Season peak percentage,Bin,percent,10.8,10.9, 0.00287204828200611885294368797
Alabama,Season peak percentage,Bin,percent,10.9,11, 0.00350897359457409468638799943
Alabama,Season peak percentage,Bin,percent,11,11.1, 0.00424557910195538009551219361
Alabama,Season peak percentage,Bin,percent,11.1,11.2, 0.00508672680029808622903519932
Alabama,Season peak percentage,Bin,percent,11.2,11.3, 0.00603432371898558316675176272
Alabama,Season peak percentage,Bin,percent,11.3,11.4, 0.00708777925240203221513013432
Alabama,Season peak percentage,Bin,percent,11.4,11.5, 0.00824343429121696114059147931
Alabama,Season peak percentage,Bin,percent,11.5,11.6, 0.00949389642661489265018648354
Alabama,Season peak percentage,Bin,percent,11.6,11.7, 0.01082752254835219439532689734
Alabama,Season peak percentage,Bin,percent,11.7,11.8, 0.01222828204004322225073586594
Alabama,Season peak percentage,Bin,percent,11.8,11.9, 0.01367596001041004004361578694
Alabama,Season peak percentage,Bin,percent,11.9,12, 0.01514550024580576387256414250
Alabama,Season peak percentage,Bin,percent,12,12.1, 0.01660817363915819203090684653
Alabama,Season peak percentage,Bin,percent,12.1,12.2, 0.01803158563083898102696878141
Alabama,Season peak percentage,Bin,percent,12.2,12.3, 0.01938098785858388337088875630
Alabama,Season peak percentage,Bin,percent,12.3,12.4, 0.02062041983989360005580238067
Alabama,Season peak percentage,Bin,percent,12.4,12.5, 0.02171385959559920392214493745
Alabama,Season peak percentage,Bin,percent,12.5,12.6, 0.02262701886612513563212800705
Alabama,Season peak percentage,Bin,percent,12.6,12.7, 0.02332928980749610428646612093
Alabama,Season peak percentage,Bin,percent,12.7,12.8, 0.02379552791310791601264718054
Alabama,Season peak percentage,Bin,percent,12.8,12.9, 0.02400579787079816854178382357
Alabama,Season peak percentage,Bin,percent,12.9,13, 0.02394991403794924020309586865
Alabama,Season peak percentage,Bin,percent,13,100, 0.24298918122211873860116781998
Alabama,1 wk ahead,Bin,percent,0,0.1, 0.00005358509138136803795710375
Alabama,1 wk ahead,Bin,percent,0.1,0.2, 0.00010717018276273608946673466
Alabama,1 wk ahead,Bin,percent,0.2,0.3, 0.00010785485326840538232526928
Alabama,1 wk ahead,Bin,percent,0.3,0.4, 0.00012695712247309307962699065
Alabama,1 wk ahead,Bin,percent,0.4,0.5, 0.00015882062017147168626537979
Alabama,1 wk ahead,Bin,percent,0.5,0.6, 0.00019750215925211608608731695
Alabama,1 wk ahead,Bin,percent,0.6,0.7, 0.00024420149522952149618790219
Alabama,1 wk ahead,Bin,percent,0.7,0.8, 0.00030017225800081610365480089
Alabama,1 wk ahead,Bin,percent,0.8,0.9, 0.00036691137532874544373295844
Alabama,1 wk ahead,Bin,percent,0.9,1, 0.00044580754563316370110356845
Alabama,1 wk ahead,Bin,percent,1,1.1, 0.00053856702774597380815185810
Alabama,1 wk ahead,Bin,percent,1.1,1.2, 0.00064689206611325857088079516
Alabama,1 wk ahead,Bin,percent,1.2,1.3, 0.00077260621953024728823106182
Alabama,1 wk ahead,Bin,percent,1.3,1.4, 0.00091746706233093722193672193
Alabama,1 wk ahead,Bin,percent,1.4,1.5, 0.00108325692565328915092925932
Alabama,1 wk ahead,Bin,percent,1.5,1.6, 0.00127181802417470225102791304
Alabama,1 wk ahead,Bin,percent,1.6,1.7, 0.00148461420215093638404202370
Alabama,1 wk ahead,Bin,percent,1.7,1.8, 0.00172339578119363491526261356
Alabama,1 wk ahead,Bin,percent,1.8,1.9, 0.00198935694899572646995866698
Alabama,1 wk ahead,Bin,percent,1.9,2, 0.00228370940372315872277098059
Alabama,1 wk ahead,Bin,percent,2,2.1, 0.00260697084684971243720430500
Alabama,1 wk ahead,Bin,percent,2.1,2.2, 0.00295969558488361379755549052
Alabama,1 wk ahead,Bin,percent,2.2,2.3, 0.00334179736341145509209704656
Alabama,1 wk ahead,Bin,percent,2.3,2.4, 0.00375270720714785234808918979
Alabama,1 wk ahead,Bin,percent,2.4,2.5, 0.00419170534866311183391784922
Alabama,1 wk ahead,Bin,percent,2.5,2.6, 0.00465713955983439002739299184
Alabama,1 wk ahead,Bin,percent,2.6,2.7, 0.00514707919223537056774286924
Alabama,1 wk ahead,Bin,percent,2.7,2.8, 0.00565883225999338958928097654
Alabama,1 wk ahead,Bin,percent,2.8,2.9, 0.00618961442506998915646931891
Alabama,1 wk ahead,Bin,percent,2.9,3, 0.00673582783675376068482920644
Alabama,1 wk ahead,Bin,percent,3,3.1, 0.00729363615186642225834967590
Alabama,1 wk ahead,Bin,percent,3.1,3.2, 0.00785881654004106679212160458
Alabama,1 wk ahead,Bin,percent,3.2,3.3, 0.00842684298357126125578187015
Alabama,1 wk ahead,Bin,percent,3.3,3.4, 0.00899301390938992382950711857
Alabama,1 wk ahead,Bin,percent,3.4,3.5, 0.00955262249890279947772686597
Alabama,1 wk ahead,Bin,percent,3.5,3.6, 0.01010075288340449295443335131
Alabama,1 wk ahead,Bin,percent,3.6,3.7, 0.01063277146976785228482675905
Alabama,1 wk ahead,Bin,percent,3.7,3.8, 0.01114407551258784351277952851
Alabama,1 wk ahead,Bin,percent,3.8,3.9, 0.01163053708626658744318405070
Alabama,1 wk ahead,Bin,percent,3.9,4, 0.01208798229493155199087972562
Alabama,1 wk ahead,Bin,percent,4,4.1, 0.01251310068656826153532524160
Alabama,1 wk ahead,Bin,percent,4.1,4.2, 0.01290278036962276032861840491
Alabama,1 wk ahead,Bin,percent,4.2,4.3, 0.01325415209475843195119360018
Alabama,1 wk ahead,Bin,percent,4.3,4.4, 0.01356513694051865101530829349
Alabama,1 wk ahead,Bin,percent,4.4,4.5, 0.01383418135979236525401336877
Alabama,1 wk ahead,Bin,percent,4.5,4.6, 0.01406037821373674889802174448
Alabama,1 wk ahead,Bin,percent,4.6,4.7, 0.01424251009393063573116311460
Alabama,1 wk ahead,Bin,percent,4.7,4.8, 0.01438087193041101899404488051
Alabama,1 wk ahead,Bin,percent,4.8,4.9, 0.01447546887595885060917577647
Alabama,1 wk ahead,Bin,percent,4.9,5, 0.01452696615940890674523178205
Alabama,1 wk ahead,Bin,percent,5,5.1, 0.01453611801193246608199238779
Alabama,1 wk ahead,Bin,percent,5.1,5.2, 0.01450462848546177872799400888
Alabama,1 wk ahead,Bin,percent,5.2,5.3, 0.01443405779593506278735137727
Alabama,1 wk ahead,Bin,percent,5.3,5.4, 0.01432602689186363714712868500
Alabama,1 wk ahead,Bin,percent,5.4,5.5, 0.01418290050838641458419431274
Alabama,1 wk ahead,Bin,percent,5.5,5.6, 0.01400697425105923085708603537
Alabama,1 wk ahead,Bin,percent,5.6,5.7, 0.01380098429784538775766389307
Alabama,1 wk ahead,Bin,percent,5.7,5.8, 0.01356742822202075711424118509
Alabama,1 wk ahead,Bin,percent,5.8,5.9, 0.01330958849825084056028856594
Alabama,1 wk ahead,Bin,percent,5.9,6, 0.01303037394032846053859575619
Alabama,1 wk ahead,Bin,percent,6,6.1, 0.01273295981038339956536997732
Alabama,1 wk ahead,Bin,percent,6.1,6.2, 0.01242061204738861834862007072
Alabama,1 wk ahead,Bin,percent,6.2,6.3, 0.01209669169952192618877617747
Alabama,1 wk ahead,Bin,percent,6.3,6.4, 0.01176444660114228484004694764
Alabama,1 wk ahead,Bin,percent,6.4,6.5, 0.01142702770152196137254385633
Alabama,1 wk ahead,Bin,percent,6.5,6.6, 0.01108751586760520040086941407
Alabama,1 wk ahead,Bin,percent,6.6,6.7, 0.01074873816311153543190393123
Alabama,1 wk ahead,Bin,percent,6.7,6.8, 0.01041328704492818467419734674
Alabama,1 wk ahead,Bin,percent,6.8,6.9, 0.01008349536051198619412971880
Alabama,1 wk ahead,Bin,percent,6.9,7, 0.00976118551713034236783084197
Alabama,1 wk ahead,Bin,percent,7,7.1, 0.00944788855985865920483757208
Alabama,1 wk ahead,Bin,percent,7.1,7.2, 0.00914468468159344675949551373
Alabama,1 wk ahead,Bin,percent,7.2,7.3, 0.00885217011093913756780704460
Alabama,1 wk ahead,Bin,percent,7.3,7.4, 0.00857055537293677574539607633
Alabama,1 wk ahead,Bin,percent,7.4,7.5, 0.00829954614077994465293208748
Alabama,1 wk ahead,Bin,percent,7.5,7.6, 0.00803854100429933146609862149
Alabama,1 wk ahead,Bin,percent,7.6,7.7, 0.00778646399031282000768872109
Alabama,1 wk ahead,Bin,percent,7.7,7.8, 0.00754213225783934449603096439
Alabama,1 wk ahead,Bin,percent,7.8,7.9, 0.00730404103602934687278214199
Alabama,1 wk ahead,Bin,percent,7.9,8, 0.00707060530993406342881169024
Alabama,1 wk ahead,Bin,percent,8,8.1, 0.00684017602289994225417402163
Alabama,1 wk ahead,Bin,percent,8.1,8.2, 0.00661117316411128849718004119
Alabama,1 wk ahead,Bin,percent,8.2,8.3, 0.00638213777289368521666856893
Alabama,1 wk ahead,Bin,percent,8.3,8.4, 0.00615183163860127599220639638
Alabama,1 wk ahead,Bin,percent,8.4,8.5, 0.00591925760719922214314614450
Alabama,1 wk ahead,Bin,percent,8.5,8.6, 0.00568376680557189373210746908
Alabama,1 wk ahead,Bin,percent,8.6,8.7, 0.00544505667959336268901804345
Alabama,1 wk ahead,Bin,percent,8.7,8.8, 0.00520325342485835565936591607
Alabama,1 wk ahead,Bin,percent,8.8,8.9, 0.00495882978510624357337821522
Alabama,1 wk ahead,Bin,percent,8.9,9, 0.00471269169792710475308528117
Alabama,1 wk ahead,Bin,percent,9,9.1, 0.00446610510682281247607505748
Alabama,1 wk ahead,Bin,percent,9.1,9.2, 0.00422068688963822893911448375
Alabama,1 wk ahead,Bin,percent,9.2,9.3, 0.00397838139381835858426894603
Alabama,1 wk ahead,Bin,percent,9.3,9.4, 0.00374139173315738132047370001
Alabama,1 wk ahead,Bin,percent,9.4,9.5, 0.00351205107107592333359757930
Alabama,1 wk ahead,Bin,percent,9.5,9.6, 0.00329303099654872262480598266
Alabama,1 wk ahead,Bin,percent,9.6,9.7, 0.00308691304750151633215504710
Alabama,1 wk ahead,Bin,percent,9.7,9.8, 0.00289646619932128635693802110
Alabama,1 wk ahead,Bin,percent,9.8,9.9, 0.00272433749752525175211181896
Alabama,1 wk ahead,Bin,percent,9.9,10, 0.00257328619380213638109800023
Alabama,1 wk ahead,Bin,percent,10,10.1, 0.00244572533481905631663755329
Alabama,1 wk ahead,Bin,percent,10.1,10.2, 0.00234397950266543612582448297
Alabama,1 wk ahead,Bin,percent,10.2,10.3, 0.00227050496355034108972303919
Alabama,1 wk ahead,Bin,percent,10.3,10.4, 0.00222713393366046801327695626
Alabama,1 wk ahead,Bin,percent,10.4,10.5, 0.00221560393586743781604853076
Alabama,1 wk ahead,Bin,percent,10.5,10.6, 0.00223710270904540348135824956
Alabama,1 wk ahead,Bin,percent,10.6,10.7, 0.00229306879336715159142801035
Alabama,1 wk ahead,Bin,percent,10.7,10.8, 0.00238379633897570393508136277
Alabama,1 wk ahead,Bin,percent,10.8,10.9, 0.00250969506565721072605112951
Alabama,1 wk ahead,Bin,percent,10.9,11, 0.00267064242816429176299863890
Alabama,1 wk ahead,Bin,percent,11,11.1, 0.00286603526417048438262868970
Alabama,1 wk ahead,Bin,percent,11.1,11.2, 0.00309450511585240579243150094
Alabama,1 wk ahead,Bin,percent,11.2,11.3, 0.00335430639550338355672765012
Alabama,1 wk ahead,Bin,percent,11.3,11.4, 0.00364346103126105512470811476
Alabama,1 wk ahead,Bin,percent,11.4,11.5, 0.00395890002583968586558071934
Alabama,1 wk ahead,Bin,percent,11.5,11.6, 0.00429740533289428051910707751
Alabama,1 wk ahead,Bin,percent,11.6,11.7, 0.00465499907242324009043477062
Alabama,1 wk ahead,Bin,percent,11.7,11.8, 0.00502737937168197621812248954
Alabama,1 wk ahead,Bin,percent,11.8,11.9, 0.00540952249923683237131655233
Alabama,1 wk ahead,Bin,percent,11.9,12, 0.00579626033731770774759528564
Alabama,1 wk ahead,Bin,percent,12,12.1, 0.00618201126441866345706532826
Alabama,1 wk ahead,Bin,percent,12.1,12.2, 0.00656092179297653853992100537
Alabama,1 wk ahead,Bin,percent,12.2,12.3, 0.00692708784930563120640911734
Alabama,1 wk ahead,Bin,percent,12.3,12.4, 0.00727466703608027273619818232
Alabama,1 wk ahead,Bin,percent,12.4,12.5, 0.00759767255120972519188971006
Alabama,1 wk ahead,Bin,percent,12.5,12.6, 0.00789089611921279208972546115
Alabama,1 wk ahead,Bin,percent,12.6,12.7, 0.00814899544647525696239309667
Alabama,1 wk ahead,Bin,percent,12.7,12.8, 0.00836746427783651054721492102
Alabama,1 wk ahead,Bin,percent,12.8,12.9, 0.00854200424877156819225554329
Alabama,1 wk ahead,Bin,percent,12.9,13, 0.00866981752302301705848108782
Alabama,1 wk ahead,Bin,percent,13,100, 0.13590730648451779249974435970
Alabama,2 wk ahead,Bin,percent,0,0.1, 0.00006587832581767453881110147
Alabama,2 wk ahead,Bin,percent,0.1,0.2, 0.00013175665163534910472725725
Alabama,2 wk ahead,Bin,percent,0.2,0.3, 0.00013175665163534905051714863
Alabama,2 wk ahead,Bin,percent,0.3,0.4, 0.00013175665163534905051714863
Alabama,2 wk ahead,Bin,percent,0.4,0.5, 0.00013175665163534905051714863
Alabama,2 wk ahead,Bin,percent,0.5,0.6, 0.00013254618616962299953998539
Alabama,2 wk ahead,Bin,percent,0.6,0.7, 0.00015458280688901182868197348
Alabama,2 wk ahead,Bin,percent,0.7,0.8, 0.00019084169850473863970681532
Alabama,2 wk ahead,Bin,percent,0.8,0.9, 0.00023439611700741666468900126
Alabama,2 wk ahead,Bin,percent,0.9,1, 0.00028657604253222766039696512
Alabama,2 wk ahead,Bin,percent,1,1.1, 0.00034856835483144797032187268
Alabama,2 wk ahead,Bin,percent,1.1,1.2, 0.00042186585772601987564395243
Alabama,2 wk ahead,Bin,percent,1.2,1.3, 0.00050816881594733522790191538
Alabama,2 wk ahead,Bin,percent,1.3,1.4, 0.00060900263735413169216559304
Alabama,2 wk ahead,Bin,percent,1.4,1.5, 0.00072631809511681361644919175
Alabama,2 wk ahead,Bin,percent,1.5,1.6, 0.00086202487716964483390608143
Alabama,2 wk ahead,Bin,percent,1.6,1.7, 0.00101794493881472258682563403
Alabama,2 wk ahead,Bin,percent,1.7,1.8, 0.00119637595968942532335954620
Alabama,2 wk ahead,Bin,percent,1.8,1.9, 0.00139911552485494621728134845
Alabama,2 wk ahead,Bin,percent,1.9,2, 0.00162811955155282590129717235
Alabama,2 wk ahead,Bin,percent,2,2.1, 0.00188557427889971939566349235
Alabama,2 wk ahead,Bin,percent,2.1,2.2, 0.00217310967487909260584255655
Alabama,2 wk ahead,Bin,percent,2.2,2.3, 0.00249222396729293716247100043
Alabama,2 wk ahead,Bin,percent,2.3,2.4, 0.00284429863984171898277919510
Alabama,2 wk ahead,Bin,percent,2.4,2.5, 0.00323058635078107706309347158
Alabama,2 wk ahead,Bin,percent,2.5,2.6, 0.00365154374738178117906772790
Alabama,2 wk ahead,Bin,percent,2.6,2.7, 0.00410724222229987608739909533
Alabama,2 wk ahead,Bin,percent,2.7,2.8, 0.00459793981751994117190829314
Alabama,2 wk ahead,Bin,percent,2.8,2.9, 0.00512236837192093889814525909
Alabama,2 wk ahead,Bin,percent,2.9,3, 0.00567921761504276267212842910
Alabama,2 wk ahead,Bin,percent,3,3.1, 0.00626678242369737344835689541
Alabama,2 wk ahead,Bin,percent,3.1,3.2, 0.00688197505156408571164172727
Alabama,2 wk ahead,Bin,percent,3.2,3.3, 0.00752175917374031752921093030
Alabama,2 wk ahead,Bin,percent,3.3,3.4, 0.00818217610895920731406416593
Alabama,2 wk ahead,Bin,percent,3.4,3.5, 0.00885850346266564558916911665
Alabama,2 wk ahead,Bin,percent,3.5,3.6, 0.00954575580555991690112627168
Alabama,2 wk ahead,Bin,percent,3.6,3.7, 0.01023812976346584295572750278
Alabama,2 wk ahead,Bin,percent,3.7,3.8, 0.01092955322185058114614619740
Alabama,2 wk ahead,Bin,percent,3.8,3.9, 0.01161346881486825799445483653
Alabama,2 wk ahead,Bin,percent,3.9,4, 0.01228312790536152838971606371
Alabama,2 wk ahead,Bin,percent,4,4.1, 0.01293173101457857458729261424
Alabama,2 wk ahead,Bin,percent,4.1,4.2, 0.01355226350669290827366531005
Alabama,2 wk ahead,Bin,percent,4.2,4.3, 0.01413779818292597301176982683
Alabama,2 wk ahead,Bin,percent,4.3,4.4, 0.01468191417083183555880587789
Alabama,2 wk ahead,Bin,percent,4.4,4.5, 0.01517870768332698835911820368
Alabama,2 wk ahead,Bin,percent,4.5,4.6, 0.01562173414550167491188226165
Alabama,2 wk ahead,Bin,percent,4.6,4.7, 0.01600654250620775487234936918
Alabama,2 wk ahead,Bin,percent,4.7,4.8, 0.01632887243233102636530418295
Alabama,2 wk ahead,Bin,percent,4.8,4.9, 0.01658432659710161807820050228
Alabama,2 wk ahead,Bin,percent,4.9,5, 0.01677129037902894484468596659
Alabama,2 wk ahead,Bin,percent,5,5.1, 0.01688754637048789711273322212
Alabama,2 wk ahead,Bin,percent,5.1,5.2, 0.01693206995444912835169226639
Alabama,2 wk ahead,Bin,percent,5.2,5.3, 0.01690587444278654136176065492
Alabama,2 wk ahead,Bin,percent,5.3,5.4, 0.01680937716650883484437173365
Alabama,2 wk ahead,Bin,percent,5.4,5.5, 0.01664503860332570625568671119
Alabama,2 wk ahead,Bin,percent,5.5,5.6, 0.01641625036931168221676635710
Alabama,2 wk ahead,Bin,percent,5.6,5.7, 0.01612587111782393459180617867
Alabama,2 wk ahead,Bin,percent,5.7,5.8, 0.01577941892767131468189312216
Alabama,2 wk ahead,Bin,percent,5.8,5.9, 0.01538194557456993433186553943
Alabama,2 wk ahead,Bin,percent,5.9,6, 0.01493880401452000496187455525
Alabama,2 wk ahead,Bin,percent,6,6.1, 0.01445646860425065134692079738
Alabama,2 wk ahead,Bin,percent,6.1,6.2, 0.01394151479386391591364091624
Alabama,2 wk ahead,Bin,percent,6.2,6.3, 0.01340054944015624423248045360
Alabama,2 wk ahead,Bin,percent,6.3,6.4, 0.01284023432987006253791495425
Alabama,2 wk ahead,Bin,percent,6.4,6.5, 0.01226748418285926282844666702
Alabama,2 wk ahead,Bin,percent,6.5,6.6, 0.01168883924837854984546403614
Alabama,2 wk ahead,Bin,percent,6.6,6.7, 0.01111070504867262345727318973
Alabama,2 wk ahead,Bin,percent,6.7,6.8, 0.01053910882107526349182879954
Alabama,2 wk ahead,Bin,percent,6.8,6.9, 0.00997971071973898470053310206
Alabama,2 wk ahead,Bin,percent,6.9,7, 0.00943785635468275159454254464
Alabama,2 wk ahead,Bin,percent,7,7.1, 0.00891795544129690698209600441
Alabama,2 wk ahead,Bin,percent,7.1,7.2, 0.00842436070434440971432810130
Alabama,2 wk ahead,Bin,percent,7.2,7.3, 0.00796053964509078372524530920
Alabama,2 wk ahead,Bin,percent,7.3,7.4, 0.00752912259010198557651616369
Alabama,2 wk ahead,Bin,percent,7.4,7.5, 0.00713285017480822826352326871
Alabama,2 wk ahead,Bin,percent,7.5,7.6, 0.00677287765039909749054114485
Alabama,2 wk ahead,Bin,percent,7.6,7.7, 0.00645013892273806066501862233
Alabama,2 wk ahead,Bin,percent,7.7,7.8, 0.00616536363913669678560314225
Alabama,2 wk ahead,Bin,percent,7.8,7.9, 0.00591790731342805697429154677
Alabama,2 wk ahead,Bin,percent,7.9,8, 0.00570681329639992612062782129
Alabama,2 wk ahead,Bin,percent,8,8.1, 0.00553082586189979248658676880
Alabama,2 wk ahead,Bin,percent,8.1,8.2, 0.00538810250435747383618290129
Alabama,2 wk ahead,Bin,percent,8.2,8.3, 0.00527604760496182007695198379
Alabama,2 wk ahead,Bin,percent,8.3,8.4, 0.00519180238350193824087286387
Alabama,2 wk ahead,Bin,percent,8.4,8.5, 0.00513264127103505666399607676
Alabama,2 wk ahead,Bin,percent,8.5,8.6, 0.00509480512048823136472819328
Alabama,2 wk ahead,Bin,percent,8.6,8.7, 0.00507483049440133390101115296
Alabama,2 wk ahead,Bin,percent,8.7,8.8, 0.00506910413946049572680996320
Alabama,2 wk ahead,Bin,percent,8.8,8.9, 0.00507373130646511776714602249
Alabama,2 wk ahead,Bin,percent,8.9,9, 0.00508508513090454895844150229
Alabama,2 wk ahead,Bin,percent,9,9.1, 0.00509949324006660036079363607
Alabama,2 wk ahead,Bin,percent,9.1,9.2, 0.00511350264410850591928481279
Alabama,2 wk ahead,Bin,percent,9.2,9.3, 0.00512385683502571565722805147
Alabama,2 wk ahead,Bin,percent,9.3,9.4, 0.00512763160881293984794115914
Alabama,2 wk ahead,Bin,percent,9.4,9.5, 0.00512227662440850953218252073
Alabama,2 wk ahead,Bin,percent,9.5,9.6, 0.00510542126567727592989509589
Alabama,2 wk ahead,Bin,percent,9.6,9.7, 0.00507543039224204843573584611
Alabama,2 wk ahead,Bin,percent,9.7,9.8, 0.00503096477434738804240810239
Alabama,2 wk ahead,Bin,percent,9.8,9.9, 0.00497106953886757105959270930
Alabama,2 wk ahead,Bin,percent,9.9,10, 0.00489535378922597175926911817
Alabama,2 wk ahead,Bin,percent,10,10.1, 0.00480398060982550629410825493
Alabama,2 wk ahead,Bin,percent,10.1,10.2, 0.00469748416103463618115343436
Alabama,2 wk ahead,Bin,percent,10.2,10.3, 0.00457666150298972462112656601
Alabama,2 wk ahead,Bin,percent,10.3,10.4, 0.00444307073411496361581285441
Alabama,2 wk ahead,Bin,percent,10.4,10.5, 0.00429841200243375083644981061
Alabama,2 wk ahead,Bin,percent,10.5,10.6, 0.00414467579677814564054205704
Alabama,2 wk ahead,Bin,percent,10.6,10.7, 0.00398430499366009618911199652
Alabama,2 wk ahead,Bin,percent,10.7,10.8, 0.00381981373576986563481150405
Alabama,2 wk ahead,Bin,percent,10.8,10.9, 0.00365398168422338904051671626
Alabama,2 wk ahead,Bin,percent,10.9,11, 0.00348967104312112273711843358
Alabama,2 wk ahead,Bin,percent,11,11.1, 0.00332986875065860703920561647
Alabama,2 wk ahead,Bin,percent,11.1,11.2, 0.00317754094957162528875538321
Alabama,2 wk ahead,Bin,percent,11.2,11.3, 0.00303557561006056108796058446
Alabama,2 wk ahead,Bin,percent,11.3,11.4, 0.00290706741133084844638800881
Alabama,2 wk ahead,Bin,percent,11.4,11.5, 0.00279459759837856610772965915
Alabama,2 wk ahead,Bin,percent,11.5,11.6, 0.00270082436626784645403165364
Alabama,2 wk ahead,Bin,percent,11.6,11.7, 0.00262833927626197937435503782
Alabama,2 wk ahead,Bin,percent,11.7,11.8, 0.00257929645214871605674034072
Alabama,2 wk ahead,Bin,percent,11.8,11.9, 0.00255555382564280749932428272
Alabama,2 wk ahead,Bin,percent,11.9,12, 0.00255885698573582974491014141
Alabama,2 wk ahead,Bin,percent,12,12.1, 0.00259082320676218627597542365
Alabama,2 wk ahead,Bin,percent,12.1,12.2, 0.00265219892559078298036046029
Alabama,2 wk ahead,Bin,percent,12.2,12.3, 0.00274364091858841094642706970
Alabama,2 wk ahead,Bin,percent,12.3,12.4, 0.00286582659209879114098340480
Alabama,2 wk ahead,Bin,percent,12.4,12.5, 0.00301820917180784529035286745
Alabama,2 wk ahead,Bin,percent,12.5,12.6, 0.00320047248817115085120499351
Alabama,2 wk ahead,Bin,percent,12.6,12.7, 0.00341172738056203872850091763
Alabama,2 wk ahead,Bin,percent,12.7,12.8, 0.00365027277197907179182023718
Alabama,2 wk ahead,Bin,percent,12.8,12.9, 0.00391460235845596162679305152
Alabama,2 wk ahead,Bin,percent,12.9,13, 0.00420223018306754847461803593
Alabama,2 wk ahead,Bin,percent,13,100, 0.15131597508726254974753544502
Alabama,3 wk ahead,Bin,percent,0,0.1, 0.00056416306519201510176475534
Alabama,3 wk ahead,Bin,percent,0.1,0.2, 0.00121444540143694984860034403
Alabama,3 wk ahead,Bin,percent,0.2,0.3, 0.00133647653405126833926763741
Alabama,3 wk ahead,Bin,percent,0.3,0.4, 0.00146748458318233469116487200
Alabama,3 wk ahead,Bin,percent,0.4,0.5, 0.00160785670213164206231171161
Alabama,3 wk ahead,Bin,percent,0.5,0.6, 0.00175767777916792313115668112
Alabama,3 wk ahead,Bin,percent,0.6,0.7, 0.00191702267092174155442563244
Alabama,3 wk ahead,Bin,percent,0.7,0.8, 0.00208635629192259171652001903
Alabama,3 wk ahead,Bin,percent,0.8,0.9, 0.00226562597637490134583337920
Alabama,3 wk ahead,Bin,percent,0.9,1, 0.00245467395873952623497338266
Alabama,3 wk ahead,Bin,percent,1,1.1, 0.00265370181651646691589618854
Alabama,3 wk ahead,Bin,percent,1.1,1.2, 0.00286262470207016787165921201
Alabama,3 wk ahead,Bin,percent,1.2,1.3, 0.00308113541713139066358095874
Alabama,3 wk ahead,Bin,percent,1.3,1.4, 0.00330897278470906495637104960
Alabama,3 wk ahead,Bin,percent,1.4,1.5, 0.00354593893385572169960062716
Alabama,3 wk ahead,Bin,percent,1.5,1.6, 0.00379163739346822419376548119
Alabama,3 wk ahead,Bin,percent,1.6,1.7, 0.00404549856899410250482551632
Alabama,3 wk ahead,Bin,percent,1.7,1.8, 0.00430691081158340871581913234
Alabama,3 wk ahead,Bin,percent,1.8,1.9, 0.00457542239966633821485197942
Alabama,3 wk ahead,Bin,percent,1.9,2, 0.00485022589522402826356373140
Alabama,3 wk ahead,Bin,percent,2,2.1, 0.00513040037214155739131449252
Alabama,3 wk ahead,Bin,percent,2.1,2.2, 0.00541524430000873101265224108
Alabama,3 wk ahead,Bin,percent,2.2,2.3, 0.00570376459912204283181358377
Alabama,3 wk ahead,Bin,percent,2.3,2.4, 0.00599492219911983755670226159
Alabama,3 wk ahead,Bin,percent,2.4,2.5, 0.00628767816845627464106271987
Alabama,3 wk ahead,Bin,percent,2.5,2.6, 0.00658093868812059060863228765
Alabama,3 wk ahead,Bin,percent,2.6,2.7, 0.00687353855469185950205490698
Alabama,3 wk ahead,Bin,percent,2.7,2.8, 0.00716431723955144022369934120
Alabama,3 wk ahead,Bin,percent,2.8,2.9, 0.00745209173930007871822223109
Alabama,3 wk ahead,Bin,percent,2.9,3, 0.00773555809880288082480692680
Alabama,3 wk ahead,Bin,percent,3,3.1, 0.00801354738171949909641966769
Alabama,3 wk ahead,Bin,percent,3.1,3.2, 0.00828500966579436698422611585
Alabama,3 wk ahead,Bin,percent,3.2,3.3, 0.00854847400415062637357710429
Alabama,3 wk ahead,Bin,percent,3.3,3.4, 0.00880290803207972594179864245
Alabama,3 wk ahead,Bin,percent,3.4,3.5, 0.00904731958584339621132208720
Alabama,3 wk ahead,Bin,percent,3.5,3.6, 0.00928063110931254958702041336
Alabama,3 wk ahead,Bin,percent,3.6,3.7, 0.00950158928231094671024159481
Alabama,3 wk ahead,Bin,percent,3.7,3.8, 0.00970950824710964735531071312
Alabama,3 wk ahead,Bin,percent,3.8,3.9, 0.00990361207858266902326338510
Alabama,3 wk ahead,Bin,percent,3.9,4, 0.01008314487119573409079631432
Alabama,3 wk ahead,Bin,percent,4,4.1, 0.01024708249620966647730480048
Alabama,3 wk ahead,Bin,percent,4.1,4.2, 0.01039519964367522676662591863
Alabama,3 wk ahead,Bin,percent,4.2,4.3, 0.01052732347379437341516883464
Alabama,3 wk ahead,Bin,percent,4.3,4.4, 0.01064248175786761466121710384
Alabama,3 wk ahead,Bin,percent,4.4,4.5, 0.01074071594991730764501181028
Alabama,3 wk ahead,Bin,percent,4.5,4.6, 0.01082220606197013303140241902
Alabama,3 wk ahead,Bin,percent,4.6,4.7, 0.01088670838133106062717292417
Alabama,3 wk ahead,Bin,percent,4.7,4.8, 0.01093409756913071850803476082
Alabama,3 wk ahead,Bin,percent,4.8,4.9, 0.01096492168860476248970492463
Alabama,3 wk ahead,Bin,percent,4.9,5, 0.01097952620921613733906418986
Alabama,3 wk ahead,Bin,percent,5,5.1, 0.01097815714026792455193515252
Alabama,3 wk ahead,Bin,percent,5.1,5.2, 0.01096116826018656009722462841
Alabama,3 wk ahead,Bin,percent,5.2,5.3, 0.01092936401310743224635224635
Alabama,3 wk ahead,Bin,percent,5.3,5.4, 0.01088353137325897071474578581
Alabama,3 wk ahead,Bin,percent,5.4,5.5, 0.01082396481223742157329326119
Alabama,3 wk ahead,Bin,percent,5.5,5.6, 0.01075160710652440197721002590
Alabama,3 wk ahead,Bin,percent,5.6,5.7, 0.01066751807768035603674050549
Alabama,3 wk ahead,Bin,percent,5.7,5.8, 0.01057225032622190544207008145
Alabama,3 wk ahead,Bin,percent,5.8,5.9, 0.01046670007890467858635563658
Alabama,3 wk ahead,Bin,percent,5.9,6, 0.01035189515049488723219539565
Alabama,3 wk ahead,Bin,percent,6,6.1, 0.01022874167942809144060678506
Alabama,3 wk ahead,Bin,percent,6.1,6.2, 0.01009803457957180079784809124
Alabama,3 wk ahead,Bin,percent,6.2,6.3, 0.00996068449733315125493859910
Alabama,3 wk ahead,Bin,percent,6.3,6.4, 0.00981764359086274504551106190
Alabama,3 wk ahead,Bin,percent,6.4,6.5, 0.00966979170915556983378902345
Alabama,3 wk ahead,Bin,percent,6.5,6.6, 0.00951786025574475821886544225
Alabama,3 wk ahead,Bin,percent,6.6,6.7, 0.00936271352580943239107824638
Alabama,3 wk ahead,Bin,percent,6.7,6.8, 0.00920518173495871346034835625
Alabama,3 wk ahead,Bin,percent,6.8,6.9, 0.00904593196722049477931371086
Alabama,3 wk ahead,Bin,percent,6.9,7, 0.00888569134982123906563167282
Alabama,3 wk ahead,Bin,percent,7,7.1, 0.00872513134805035298069419980
Alabama,3 wk ahead,Bin,percent,7.1,7.2, 0.00856486206159981847130246990
Alabama,3 wk ahead,Bin,percent,7.2,7.3, 0.00840548483946041390113546043
Alabama,3 wk ahead,Bin,percent,7.3,7.4, 0.00824753925362988783709372598
Alabama,3 wk ahead,Bin,percent,7.4,7.5, 0.00809151963630097906254867723
Alabama,3 wk ahead,Bin,percent,7.5,7.6, 0.00793789466212430419589374253
Alabama,3 wk ahead,Bin,percent,7.6,7.7, 0.00778716800711831951681274333
Alabama,3 wk ahead,Bin,percent,7.7,7.8, 0.00763971843311161101508499627
Alabama,3 wk ahead,Bin,percent,7.8,7.9, 0.00749584803281593426566020710
Alabama,3 wk ahead,Bin,percent,7.9,8, 0.00735607209797896430952812707
Alabama,3 wk ahead,Bin,percent,8,8.1, 0.00722066497551100000551471680
Alabama,3 wk ahead,Bin,percent,8.1,8.2, 0.00708988691118353324405187976
Alabama,3 wk ahead,Bin,percent,8.2,8.3, 0.00696405447085574839244381806
Alabama,3 wk ahead,Bin,percent,8.3,8.4, 0.00684356687173476568170071843
Alabama,3 wk ahead,Bin,percent,8.4,8.5, 0.00672858300279524385728580071
Alabama,3 wk ahead,Bin,percent,8.5,8.6, 0.00661932849864507212578335071
Alabama,3 wk ahead,Bin,percent,8.6,8.7, 0.00651605508667888952412106107
Alabama,3 wk ahead,Bin,percent,8.7,8.8, 0.00641911562706675657002941549
Alabama,3 wk ahead,Bin,percent,8.8,8.9, 0.00632858964051074071588409709
Alabama,3 wk ahead,Bin,percent,8.9,9, 0.00624455350241954771500774157
Alabama,3 wk ahead,Bin,percent,9,9.1, 0.00616741715989969126882064288
Alabama,3 wk ahead,Bin,percent,9.1,9.2, 0.00609722233332272989247968553
Alabama,3 wk ahead,Bin,percent,9.2,9.3, 0.00603394462719198873545956019
Alabama,3 wk ahead,Bin,percent,9.3,9.4, 0.00597778755399925969260532810
Alabama,3 wk ahead,Bin,percent,9.4,9.5, 0.00592887750836818862298915889
Alabama,3 wk ahead,Bin,percent,9.5,9.6, 0.00588708908722724178624874369
Alabama,3 wk ahead,Bin,percent,9.6,9.7, 0.00585238116378484791307856838
Alabama,3 wk ahead,Bin,percent,9.7,9.8, 0.00582475233738277958089879505
Alabama,3 wk ahead,Bin,percent,9.8,9.9, 0.00580413596274304780658903624
Alabama,3 wk ahead,Bin,percent,9.9,10, 0.00579026800293533285696190305
Alabama,3 wk ahead,Bin,percent,10,10.1, 0.00578286731866203568969142523
Alabama,3 wk ahead,Bin,percent,10.1,10.2, 0.00578183869142948492908518077
Alabama,3 wk ahead,Bin,percent,10.2,10.3, 0.00578678345197087759532728057
Alabama,3 wk ahead,Bin,percent,10.3,10.4, 0.00579719011425704113665835493
Alabama,3 wk ahead,Bin,percent,10.4,10.5, 0.00581276370488811779807525326
Alabama,3 wk ahead,Bin,percent,10.5,10.6, 0.00583298816993875826608650925
Alabama,3 wk ahead,Bin,percent,10.6,10.7, 0.00585725614346556920641884147
Alabama,3 wk ahead,Bin,percent,10.7,10.8, 0.00588496980740437544005194681
Alabama,3 wk ahead,Bin,percent,10.8,10.9, 0.00591553053187457607287047523
Alabama,3 wk ahead,Bin,percent,10.9,11, 0.00594823385208127688311696701
Alabama,3 wk ahead,Bin,percent,11,11.1, 0.00598233680965957765468532514
Alabama,3 wk ahead,Bin,percent,11.1,11.2, 0.00601709317484521496316451916
Alabama,3 wk ahead,Bin,percent,11.2,11.3, 0.00605172396264965547357794762
Alabama,3 wk ahead,Bin,percent,11.3,11.4, 0.00608542459602082370928588517
Alabama,3 wk ahead,Bin,percent,11.4,11.5, 0.00611743468780005360957430227
Alabama,3 wk ahead,Bin,percent,11.5,11.6, 0.00614687439170815037858819352
Alabama,3 wk ahead,Bin,percent,11.6,11.7, 0.00617296518086159207161500717
Alabama,3 wk ahead,Bin,percent,11.7,11.8, 0.00619497383161049085947835735
Alabama,3 wk ahead,Bin,percent,11.8,11.9, 0.00621215220089922116886160808
Alabama,3 wk ahead,Bin,percent,11.9,12, 0.00622366968066697615752369543
Alabama,3 wk ahead,Bin,percent,12,12.1, 0.00622892072857451732648126352
Alabama,3 wk ahead,Bin,percent,12.1,12.2, 0.00622731981187556876689015439
Alabama,3 wk ahead,Bin,percent,12.2,12.3, 0.00621830171056530437573295345
Alabama,3 wk ahead,Bin,percent,12.3,12.4, 0.00620118536360466515722222880
Alabama,3 wk ahead,Bin,percent,12.4,12.5, 0.00617564634489430139968613176
Alabama,3 wk ahead,Bin,percent,12.5,12.6, 0.00614150732176291496572373418
Alabama,3 wk ahead,Bin,percent,12.6,12.7, 0.00609813389321147824445601415
Alabama,3 wk ahead,Bin,percent,12.7,12.8, 0.00604546050117635031667662204
Alabama,3 wk ahead,Bin,percent,12.8,12.9, 0.00598350560846981800733335177
Alabama,3 wk ahead,Bin,percent,12.9,13, 0.00591217600883304356118586043
Alabama,3 wk ahead,Bin,percent,13,100, 0.09304651534362939901967592959
Alabama,4 wk ahead,Bin,percent,0,0.1, 0.00142793198624438879597298158
Alabama,4 wk ahead,Bin,percent,0.1,0.2, 0.00297361726902258200269657529
Alabama,4 wk ahead,Bin,percent,0.2,0.3, 0.00313443949530468109893055484
Alabama,4 wk ahead,Bin,percent,0.3,0.4, 0.00329954045921491577117445892
Alabama,4 wk ahead,Bin,percent,0.4,0.5, 0.00346869958080265857261470508
Alabama,4 wk ahead,Bin,percent,0.5,0.6, 0.00364167957297765760432683990
Alabama,4 wk ahead,Bin,percent,0.6,0.7, 0.00381822160492765018749428130
Alabama,4 wk ahead,Bin,percent,0.7,0.8, 0.00399804432381792914513729542
Alabama,4 wk ahead,Bin,percent,0.8,0.9, 0.00418086860241909628876921801
Alabama,4 wk ahead,Bin,percent,0.9,1, 0.00436638149389493961105568332
Alabama,4 wk ahead,Bin,percent,1,1.1, 0.00455418347244569178544626453
Alabama,4 wk ahead,Bin,percent,1.1,1.2, 0.00474389764598317532906524008
Alabama,4 wk ahead,Bin,percent,1.2,1.3, 0.00493513661791182122601240323
Alabama,4 wk ahead,Bin,percent,1.3,1.4, 0.00512749730624058840111612056
Alabama,4 wk ahead,Bin,percent,1.4,1.5, 0.00532056151462209202945841113
Alabama,4 wk ahead,Bin,percent,1.5,1.6, 0.00551389815437527009561735625
Alabama,4 wk ahead,Bin,percent,1.6,1.7, 0.00570705284940917038916108339
Alabama,4 wk ahead,Bin,percent,1.7,1.8, 0.00589955752106936272272097455
Alabama,4 wk ahead,Bin,percent,1.8,1.9, 0.00609095347229484437162616572
Alabama,4 wk ahead,Bin,percent,1.9,2, 0.00628077914466214273087052433
Alabama,4 wk ahead,Bin,percent,2,2.1, 0.00646857182674020949469939623
Alabama,4 wk ahead,Bin,percent,2.1,2.2, 0.00665386911071869438516479534
Alabama,4 wk ahead,Bin,percent,2.2,2.3, 0.00683621007066060725615441740
Alabama,4 wk ahead,Bin,percent,2.3,2.4, 0.00701513057734218844346818500
Alabama,4 wk ahead,Bin,percent,2.4,2.5, 0.00719013018605177411934903375
Alabama,4 wk ahead,Bin,percent,2.5,2.6, 0.00736077993685534288925698121
Alabama,4 wk ahead,Bin,percent,2.6,2.7, 0.00752669820959448333114183427
Alabama,4 wk ahead,Bin,percent,2.7,2.8, 0.00768749035404490185102721611
Alabama,4 wk ahead,Bin,percent,2.8,2.9, 0.00784277613820501436070475876
Alabama,4 wk ahead,Bin,percent,2.9,3, 0.00799218238877329699432205956
Alabama,4 wk ahead,Bin,percent,3,3.1, 0.00813536648218247601671571090
Alabama,4 wk ahead,Bin,percent,3.1,3.2, 0.00827202337678936867881862582
Alabama,4 wk ahead,Bin,percent,3.2,3.3, 0.00840177447073367673902044572
Alabama,4 wk ahead,Bin,percent,3.3,3.4, 0.00852438092479256351308158912
Alabama,4 wk ahead,Bin,percent,3.4,3.5, 0.00863968618149600284250588800
Alabama,4 wk ahead,Bin,percent,3.5,3.6, 0.00874750240054378465359707917
Alabama,4 wk ahead,Bin,percent,3.6,3.7, 0.00884765344507266321416594224
Alabama,4 wk ahead,Bin,percent,3.7,3.8, 0.00894001632577642001142859129
Alabama,4 wk ahead,Bin,percent,3.8,3.9, 0.00902450105002511326901526445
Alabama,4 wk ahead,Bin,percent,3.9,4, 0.00910104794429294691737730716
Alabama,4 wk ahead,Bin,percent,4,4.1, 0.00916954486399300730536943149
Alabama,4 wk ahead,Bin,percent,4.1,4.2, 0.00923000810605420322907388453
Alabama,4 wk ahead,Bin,percent,4.2,4.3, 0.00928256401257298614793089797
Alabama,4 wk ahead,Bin,percent,4.3,4.4, 0.00932728346804065876207712193
Alabama,4 wk ahead,Bin,percent,4.4,4.5, 0.00936428005379060825197345963
Alabama,4 wk ahead,Bin,percent,4.5,4.6, 0.00939369188649763486864685547
Alabama,4 wk ahead,Bin,percent,4.6,4.7, 0.00941568673253682930646135674
Alabama,4 wk ahead,Bin,percent,4.7,4.8, 0.00943046062848290969626852132
Alabama,4 wk ahead,Bin,percent,4.8,4.9, 0.00943817680861409186166000040
Alabama,4 wk ahead,Bin,percent,4.9,5, 0.00943906371598687843338382208
Alabama,4 wk ahead,Bin,percent,5,5.1, 0.00943347913599728617184414503
Alabama,4 wk ahead,Bin,percent,5.1,5.2, 0.00942171350150776930332252590
Alabama,4 wk ahead,Bin,percent,5.2,5.3, 0.00940407532596061225549366469
Alabama,4 wk ahead,Bin,percent,5.3,5.4, 0.00938088727573083321076286012
Alabama,4 wk ahead,Bin,percent,5.4,5.5, 0.00935248745236140141545710947
Alabama,4 wk ahead,Bin,percent,5.5,5.6, 0.00931922309446346977535036160
Alabama,4 wk ahead,Bin,percent,5.6,5.7, 0.00928142482441103242041258170
Alabama,4 wk ahead,Bin,percent,5.7,5.8, 0.00923943040825415430605804801
Alabama,4 wk ahead,Bin,percent,5.8,5.9, 0.00919367274146234286780199341
Alabama,4 wk ahead,Bin,percent,5.9,6, 0.00914452007169513914064395976
Alabama,4 wk ahead,Bin,percent,6,6.1, 0.00909233992213660108250294911
Alabama,4 wk ahead,Bin,percent,6.1,6.2, 0.00903749587358429994077280156
Alabama,4 wk ahead,Bin,percent,6.2,6.3, 0.00898034655247477095474373243
Alabama,4 wk ahead,Bin,percent,6.3,6.4, 0.00892124662315351910080174491
Alabama,4 wk ahead,Bin,percent,6.4,6.5, 0.00886053083944554099871115938
Alabama,4 wk ahead,Bin,percent,6.5,6.6, 0.00879852165725695731235411756
Alabama,4 wk ahead,Bin,percent,6.6,6.7, 0.00873556429825555688650773334
Alabama,4 wk ahead,Bin,percent,6.7,6.8, 0.00867196196526092734357948899
Alabama,4 wk ahead,Bin,percent,6.8,6.9, 0.00860800235621114739892334455
Alabama,4 wk ahead,Bin,percent,6.9,7, 0.00854395597247274880825518295
Alabama,4 wk ahead,Bin,percent,7,7.1, 0.00848007420730887903626005198
Alabama,4 wk ahead,Bin,percent,7.1,7.2, 0.00841658832392892623797120422
Alabama,4 wk ahead,Bin,percent,7.2,7.3, 0.00835371494280465372306299088
Alabama,4 wk ahead,Bin,percent,7.3,7.4, 0.00829165833338862089119114529
Alabama,4 wk ahead,Bin,percent,7.4,7.5, 0.00823057627486875782729658368
Alabama,4 wk ahead,Bin,percent,7.5,7.6, 0.00817061650424973778816806202
Alabama,4 wk ahead,Bin,percent,7.6,7.7, 0.00811189967974542541773175230
Alabama,4 wk ahead,Bin,percent,7.7,7.8, 0.00805452491478706594785208495
Alabama,4 wk ahead,Bin,percent,7.8,7.9, 0.00799856914307205471570405564
Alabama,4 wk ahead,Bin,percent,7.9,8, 0.00794408712840121572495988289
Alabama,4 wk ahead,Bin,percent,8,8.1, 0.00789112574680295164597509938
Alabama,4 wk ahead,Bin,percent,8.1,8.2, 0.00783970907464561807265202020
Alabama,4 wk ahead,Bin,percent,8.2,8.3, 0.00778980314750115851452072491
Alabama,4 wk ahead,Bin,percent,8.3,8.4, 0.00774136865555907858343909211
Alabama,4 wk ahead,Bin,percent,8.4,8.5, 0.00769435133470751896067607589
Alabama,4 wk ahead,Bin,percent,8.5,8.6, 0.00764867823899925605019012309
Alabama,4 wk ahead,Bin,percent,8.6,8.7, 0.00760425767191155385638090536
Alabama,4 wk ahead,Bin,percent,8.7,8.8, 0.00756098042431890392939264345
Alabama,4 wk ahead,Bin,percent,8.8,8.9, 0.00751873289465084578692133377
Alabama,4 wk ahead,Bin,percent,8.9,9, 0.00747736899526941448806960366
Alabama,4 wk ahead,Bin,percent,9,9.1, 0.00743671749909851232535062948
Alabama,4 wk ahead,Bin,percent,9.1,9.2, 0.00739660783907005424386849057
Alabama,4 wk ahead,Bin,percent,9.2,9.3, 0.00735685970214560065738584882
Alabama,4 wk ahead,Bin,percent,9.3,9.4, 0.00731728311941926435474359280
Alabama,4 wk ahead,Bin,percent,9.4,9.5, 0.00727767943879909211951639847
Alabama,4 wk ahead,Bin,percent,9.5,9.6, 0.00723784148439082352516349417
Alabama,4 wk ahead,Bin,percent,9.6,9.7, 0.00719754838887941197217434919
Alabama,4 wk ahead,Bin,percent,9.7,9.8, 0.00715658004268320425272920104
Alabama,4 wk ahead,Bin,percent,9.8,9.9, 0.00711472341262227390285000084
Alabama,4 wk ahead,Bin,percent,9.9,10, 0.00707176286311574087140030542
Alabama,4 wk ahead,Bin,percent,10,10.1, 0.00702748349196567496238730044
Alabama,4 wk ahead,Bin,percent,10.1,10.2, 0.00698166948328187830091762223
Alabama,4 wk ahead,Bin,percent,10.2,10.3, 0.00693411085949273593709296648
Alabama,4 wk ahead,Bin,percent,10.3,10.4, 0.00688460751351181472063034406
Alabama,4 wk ahead,Bin,percent,10.4,10.5, 0.00683293716291849886901310640
Alabama,4 wk ahead,Bin,percent,10.5,10.6, 0.00677891266234217654967908473
Alabama,4 wk ahead,Bin,percent,10.6,10.7, 0.00672238403498213663023186371
Alabama,4 wk ahead,Bin,percent,10.7,10.8, 0.00666319159336425503176171148
Alabama,4 wk ahead,Bin,percent,10.8,10.9, 0.00660118497272902619160683813
Alabama,4 wk ahead,Bin,percent,10.9,11, 0.00653622981344753259391744393
Alabama,4 wk ahead,Bin,percent,11,11.1, 0.00646821138953518077335802516
Alabama,4 wk ahead,Bin,percent,11.1,11.2, 0.00639702946702236895093474089
Alabama,4 wk ahead,Bin,percent,11.2,11.3, 0.00632256964788882689504356804
Alabama,4 wk ahead,Bin,percent,11.3,11.4, 0.00624476113534013117789545078
Alabama,4 wk ahead,Bin,percent,11.4,11.5, 0.00616359771648446099628904093
Alabama,4 wk ahead,Bin,percent,11.5,11.6, 0.00607905281356557660593642467
Alabama,4 wk ahead,Bin,percent,11.6,11.7, 0.00599112413826298918079205080
Alabama,4 wk ahead,Bin,percent,11.7,11.8, 0.00589982683192811878380990009
Alabama,4 wk ahead,Bin,percent,11.8,11.9, 0.00580519615434031775041967549
Alabama,4 wk ahead,Bin,percent,11.9,12, 0.00570728741447908919509623971
Alabama,4 wk ahead,Bin,percent,12,12.1, 0.00560615235310819946118465751
Alabama,4 wk ahead,Bin,percent,12.1,12.2, 0.00550186814183398643224309765
Alabama,4 wk ahead,Bin,percent,12.2,12.3, 0.00539459268511323364325704688
Alabama,4 wk ahead,Bin,percent,12.3,12.4, 0.00528445746595956802188487345
Alabama,4 wk ahead,Bin,percent,12.4,12.5, 0.00517161095413519022317982987
Alabama,4 wk ahead,Bin,percent,12.5,12.6, 0.00505621687305667869699599137
Alabama,4 wk ahead,Bin,percent,12.6,12.7, 0.00493845479815361969311293677
Alabama,4 wk ahead,Bin,percent,12.7,12.8, 0.00481851713440611430228077694
Alabama,4 wk ahead,Bin,percent,12.8,12.9, 0.00469660037700560598072918594
Alabama,4 wk ahead,Bin,percent,12.9,13, 0.00457290700059622551298943449
Alabama,4 wk ahead,Bin,percent,13,100, 0.06593259083560504274501568034
Alaska,Season peak week,Bin,week,40,41, 0.01459754465486469768298327665
Alaska,Season peak week,Bin,week,41,42, 0.01809905494368816564199065056
Alaska,Season peak week,Bin,week,42,43, 0.02186070500667227495261712988
Alaska,Season peak week,Bin,week,43,44, 0.02575261983290185602291089140
Alaska,Season peak week,Bin,week,44,45, 0.02962409868502149587476957038
Alaska,Season peak week,Bin,week,45,46, 0.03331391592733677631255062579
Alaska,Season peak week,Bin,week,46,47, 0.03666142822657530303542827710
Alaska,Season peak week,Bin,week,47,48, 0.03951720501605120866583931161
Alaska,Season peak week,Bin,week,48,49, 0.04175347679628792912920332014
Alaska,Season peak week,Bin,week,49,50, 0.04327471952521148162995601183
Alaska,Season peak week,Bin,week,50,51, 0.04402764950299277446621459831
Alaska,Season peak week,Bin,week,51,52, 0.04401147719110879569237582132
Alaska,Season peak week,Bin,week,52,53, 0.04328291180834060308812993867
Alaska,Season peak week,Bin,week,1,2, 0.04195554865249043891006763829
Alaska,Season peak week,Bin,week,2,3, 0.04019222724518183714748076341
Alaska,Season peak week,Bin,week,3,4, 0.03818594372423939065086528899
Alaska,Season peak week,Bin,week,4,5, 0.03613591564856355464741000105
Alaska,Season peak week,Bin,week,5,6, 0.03422041166127693517795549383
Alaska,Season peak week,Bin,week,6,7, 0.03257205815226638795367719581
Alaska,Season peak week,Bin,week,7,8, 0.03126077739131316590714959602
Alaska,Season peak week,Bin,week,8,9, 0.03028772977144519526482291383
Alaska,Season peak week,Bin,week,9,10, 0.02959056555611818545292734939
Alaska,Season peak week,Bin,week,10,11, 0.02905753506886657455687839047
Alaska,Season peak week,Bin,week,11,12, 0.02854916563054741771021660668
Alaska,Season peak week,Bin,week,12,13, 0.02792139292377955259172317426
Alaska,Season peak week,Bin,week,13,14, 0.02704799455502624253022680989
Alaska,Season peak week,Bin,week,14,15, 0.02583845969391147454063961675
Alaska,Season peak week,Bin,week,15,16, 0.02424979829939184761133930124
Alaska,Season peak week,Bin,week,16,17, 0.02229077833578953921067622446
Alaska,Season peak week,Bin,week,17,18, 0.02001857557107906276927522526
Alaska,Season peak week,Bin,week,18,19, 0.01752885647650679473708024148
Alaska,Season peak week,Bin,week,19,20, 0.01494056582623698448131221994
Alaska,Season peak week,Bin,week,20,21, 0.01237889269891602646300743373
Alaska,Season peak percentage,Bin,percent,0,0.1, 0.00028874904284312101487852686
Alaska,Season peak percentage,Bin,percent,0.1,0.2, 0.00070182939768662837114188147
Alaska,Season peak percentage,Bin,percent,0.2,0.3, 0.00089939102623087384576205938
Alaska,Season peak percentage,Bin,percent,0.3,0.4, 0.00114039817092652850591405489
Alaska,Season peak percentage,Bin,percent,0.4,0.5, 0.00143073030311962191667152222
Alaska,Season peak percentage,Bin,percent,0.5,0.6, 0.00177590522070321908676415745
Alaska,Season peak percentage,Bin,percent,0.6,0.7, 0.00218160493614194452710597361
Alaska,Season peak percentage,Bin,percent,0.7,0.8, 0.00265195631527275670416554654
Alaska,Season peak percentage,Bin,percent,0.8,0.9, 0.00319071369200152939876735658
Alaska,Season peak percentage,Bin,percent,0.9,1, 0.00379971764814063858034520749
Alaska,Season peak percentage,Bin,percent,1,1.1, 0.00447909552654200422000529969
Alaska,Season peak percentage,Bin,percent,1.1,1.2, 0.00522754607330969470191384119
Alaska,Season peak percentage,Bin,percent,1.2,1.3, 0.00604063526325068073097313004
Alaska,Season peak percentage,Bin,percent,1.3,1.4, 0.00691251050961681507561751303
Alaska,Season peak percentage,Bin,percent,1.4,1.5, 0.00783458201247315584592190163
Alaska,Season peak percentage,Bin,percent,1.5,1.6, 0.00879630235975029789452506179
Alaska,Season peak percentage,Bin,percent,1.6,1.7, 0.00978546930088240035638946779
Alaska,Season peak percentage,Bin,percent,1.7,1.8, 0.01078828080847517301155136238
Alaska,Season peak percentage,Bin,percent,1.8,1.9, 0.01179029730111673390791082738
Alaska,Season peak percentage,Bin,percent,1.9,2, 0.01277683840719944473318658851
Alaska,Season peak percentage,Bin,percent,2,2.1, 0.01373365437612799298816579352
Alaska,Season peak percentage,Bin,percent,2.1,2.2, 0.01464759802569173645359068558
Alaska,Season peak percentage,Bin,percent,2.2,2.3, 0.01550759906006066862760306435
Alaska,Season peak percentage,Bin,percent,2.3,2.4, 0.01630428543570121291406138653
Alaska,Season peak percentage,Bin,percent,2.4,2.5, 0.01703187672091847904010109005
Alaska,Season peak percentage,Bin,percent,2.5,2.6, 0.01768701819826011892300421380
Alaska,Season peak percentage,Bin,percent,2.6,2.7, 0.01826958614457412782838829912
Alaska,Season peak percentage,Bin,percent,2.7,2.8, 0.01878288617534153853716460958
Alaska,Season peak percentage,Bin,percent,2.8,2.9, 0.01923235333373618169416907620
Alaska,Season peak percentage,Bin,percent,2.9,3, 0.01962650469128997612888731794
Alaska,Season peak percentage,Bin,percent,3,3.1, 0.01997496638454018813568779933
Alaska,Season peak percentage,Bin,percent,3.1,3.2, 0.02028872482144514211022112704
Alaska,Season peak percentage,Bin,percent,3.2,3.3, 0.02057907193123262659661953933
Alaska,Season peak percentage,Bin,percent,3.3,3.4, 0.02085665861030869955294875240
Alaska,Season peak percentage,Bin,percent,3.4,3.5, 0.02113102564614783088203786576
Alaska,Season peak percentage,Bin,percent,3.5,3.6, 0.02140974415361480628905432866
Alaska,Season peak percentage,Bin,percent,3.6,3.7, 0.02169784234532869462985793518
Alaska,Season peak percentage,Bin,percent,3.7,3.8, 0.02199739880983016260262985497
Alaska,Season peak percentage,Bin,percent,3.8,3.9, 0.02230730999260834013231402650
Alaska,Season peak percentage,Bin,percent,3.9,4, 0.02262302642853412232293308648
Alaska,Season peak percentage,Bin,percent,4,4.1, 0.02293677781717733121791269468
Alaska,Season peak percentage,Bin,percent,4.1,4.2, 0.02323781936393728292378213496
Alaska,Season peak percentage,Bin,percent,4.2,4.3, 0.02351283838895198985419199289
Alaska,Season peak percentage,Bin,percent,4.3,4.4, 0.02374640356346373673557259565
Alaska,Season peak percentage,Bin,percent,4.4,4.5, 0.02392227589023067022000468285
Alaska,Season peak percentage,Bin,percent,4.5,4.6, 0.02402315454888652446197028212
Alaska,Season peak percentage,Bin,percent,4.6,4.7, 0.02403300353463944799559115495
Alaska,Season peak percentage,Bin,percent,4.7,4.8, 0.02393654618240723466748853809
Alaska,Season peak percentage,Bin,percent,4.8,4.9, 0.02372084661655555343218182429
Alaska,Season peak percentage,Bin,percent,4.9,5, 0.02337671401405241877746732371
Alaska,Season peak percentage,Bin,percent,5,5.1, 0.02289715066644403343443237020
Alaska,Season peak percentage,Bin,percent,5.1,5.2, 0.02228088667058226307604584804
Alaska,Season peak percentage,Bin,percent,5.2,5.3, 0.02152972626503548564391721243
Alaska,Season peak percentage,Bin,percent,5.3,5.4, 0.02065058419749960308409164611
Alaska,Season peak percentage,Bin,percent,5.4,5.5, 0.01965471030074865399495109841
Alaska,Season peak percentage,Bin,percent,5.5,5.6, 0.01855611082628367061730934040
Alaska,Season peak percentage,Bin,percent,5.6,5.7, 0.01737330098659735019839267522
Alaska,Season peak percentage,Bin,percent,5.7,5.8, 0.01612617782180716941020648392
Alaska,Season peak percentage,Bin,percent,5.8,5.9, 0.01483661368057709491197204699
Alaska,Season peak percentage,Bin,percent,5.9,6, 0.01352701160714848450938863067
Alaska,Season peak percentage,Bin,percent,6,6.1, 0.01221940915480929784608932209
Alaska,Season peak percentage,Bin,percent,6.1,6.2, 0.01093457408191220690818479255
Alaska,Season peak percentage,Bin,percent,6.2,6.3, 0.00969165442756466689877559162
Alaska,Season peak percentage,Bin,percent,6.3,6.4, 0.00850690134568609854226473033
Alaska,Season peak percentage,Bin,percent,6.4,6.5, 0.00739381127322238929089337489
Alaska,Season peak percentage,Bin,percent,6.5,6.6, 0.00636286094672481716133516372
Alaska,Season peak percentage,Bin,percent,6.6,6.7, 0.00542058637454432071245413738
Alaska,Season peak percentage,Bin,percent,6.7,6.8, 0.00457153577271110066887471746
Alaska,Season peak percentage,Bin,percent,6.8,6.9, 0.00381606336679127374975073472
Alaska,Season peak percentage,Bin,percent,6.9,7, 0.00315272485278912314998756017
Alaska,Season peak percentage,Bin,percent,7,7.1, 0.00257795854775303215355997111
Alaska,Season peak percentage,Bin,percent,7.1,7.2, 0.00208589083220204292087873732
Alaska,Season peak percentage,Bin,percent,7.2,7.3, 0.00167035423628806656629053329
Alaska,Season peak percentage,Bin,percent,7.3,7.4, 0.00132340525461032277980411020
Alaska,Season peak percentage,Bin,percent,7.4,7.5, 0.00103749792787293372391121959
Alaska,Season peak percentage,Bin,percent,7.5,7.6, 0.00080481568865560331165615038
Alaska,Season peak percentage,Bin,percent,7.6,7.7, 0.00061759883442643996338122792
Alaska,Season peak percentage,Bin,percent,7.7,7.8, 0.00046896973178449326063663150
Alaska,Season peak percentage,Bin,percent,7.8,7.9, 0.00035223374798281498199159500
Alaska,Season peak percentage,Bin,percent,7.9,8, 0.00026176464593807228630611972
Alaska,Season peak percentage,Bin,percent,8,8.1, 0.00019243701046978066936631035
Alaska,Season peak percentage,Bin,percent,8.1,8.2, 0.00014140620676404358426088426
Alaska,Season peak percentage,Bin,percent,8.2,8.3, 0.00012928996315296419181324616
Alaska,Season peak percentage,Bin,percent,8.3,8.4, 0.00012928996315296419181324616
Alaska,Season peak percentage,Bin,percent,8.4,8.5, 0.00012928996315296419181324616
Alaska,Season peak percentage,Bin,percent,8.5,8.6, 0.00012928996315296419181324616
Alaska,Season peak percentage,Bin,percent,8.6,8.7, 0.00012928996315296419181324616
Alaska,Season peak percentage,Bin,percent,8.7,8.8, 0.00012928996315296419181324616
Alaska,Season peak percentage,Bin,percent,8.8,8.9, 0.00012928996315296419181324616
Alaska,Season peak percentage,Bin,percent,8.9,9, 0.00012928996315296419181324616
Alaska,Season peak percentage,Bin,percent,9,9.1, 0.00012928996315296419181324616
Alaska,Season peak percentage,Bin,percent,9.1,9.2, 0.00012928996315296419181324616
Alaska,Season peak percentage,Bin,percent,9.2,9.3, 0.00012928996315296419181324616
Alaska,Season peak percentage,Bin,percent,9.3,9.4, 0.00012928996315296419181324616
Alaska,Season peak percentage,Bin,percent,9.4,9.5, 0.00012928996315296419181324616
Alaska,Season peak percentage,Bin,percent,9.5,9.6, 0.00012928996315296419181324616
Alaska,Season peak percentage,Bin,percent,9.6,9.7, 0.00012928996315296419181324616
Alaska,Season peak percentage,Bin,percent,9.7,9.8, 0.00012928996315296419181324616
Alaska,Season peak percentage,Bin,percent,9.8,9.9, 0.00012928996315296419181324616
Alaska,Season peak percentage,Bin,percent,9.9,10, 0.00012928996315296419181324616
Alaska,Season peak percentage,Bin,percent,10,10.1, 0.00012928996315296419181324616
Alaska,Season peak percentage,Bin,percent,10.1,10.2, 0.00012928996315296419181324616
Alaska,Season peak percentage,Bin,percent,10.2,10.3, 0.00012928996315296419181324616
Alaska,Season peak percentage,Bin,percent,10.3,10.4, 0.00012928996315296419181324616
Alaska,Season peak percentage,Bin,percent,10.4,10.5, 0.00012928996315296419181324616
Alaska,Season peak percentage,Bin,percent,10.5,10.6, 0.00012928996315296419181324616
Alaska,Season peak percentage,Bin,percent,10.6,10.7, 0.00012928996315296419181324616
Alaska,Season peak percentage,Bin,percent,10.7,10.8, 0.00012928996315296419181324616
Alaska,Season peak percentage,Bin,percent,10.8,10.9, 0.00012928996315296419181324616
Alaska,Season peak percentage,Bin,percent,10.9,11, 0.00012928996315296419181324616
Alaska,Season peak percentage,Bin,percent,11,11.1, 0.00012928996315296419181324616
Alaska,Season peak percentage,Bin,percent,11.1,11.2, 0.00012928996315296419181324616
Alaska,Season peak percentage,Bin,percent,11.2,11.3, 0.00012928996315296419181324616
Alaska,Season peak percentage,Bin,percent,11.3,11.4, 0.00012928996315296419181324616
Alaska,Season peak percentage,Bin,percent,11.4,11.5, 0.00012928996315296419181324616
Alaska,Season peak percentage,Bin,percent,11.5,11.6, 0.00012928996315296419181324616
Alaska,Season peak percentage,Bin,percent,11.6,11.7, 0.00012928996315296419181324616
Alaska,Season peak percentage,Bin,percent,11.7,11.8, 0.00012928996315296419181324616
Alaska,Season peak percentage,Bin,percent,11.8,11.9, 0.00012928996315296419181324616
Alaska,Season peak percentage,Bin,percent,11.9,12, 0.00012928996315296419181324616
Alaska,Season peak percentage,Bin,percent,12,12.1, 0.00012928996315296419181324616
Alaska,Season peak percentage,Bin,percent,12.1,12.2, 0.00012928996315296419181324616
Alaska,Season peak percentage,Bin,percent,12.2,12.3, 0.00012928996315296419181324616
Alaska,Season peak percentage,Bin,percent,12.3,12.4, 0.00012928996315296419181324616
Alaska,Season peak percentage,Bin,percent,12.4,12.5, 0.00012928996315296419181324616
Alaska,Season peak percentage,Bin,percent,12.5,12.6, 0.00012928996315296419181324616
Alaska,Season peak percentage,Bin,percent,12.6,12.7, 0.00012928996315296419181324616
Alaska,Season peak percentage,Bin,percent,12.7,12.8, 0.00012928996315296419181324616
Alaska,Season peak percentage,Bin,percent,12.8,12.9, 0.00012928996315296419181324616
Alaska,Season peak percentage,Bin,percent,12.9,13, 0.00012928996315296419181324616
Alaska,Season peak percentage,Bin,percent,13,100, 0.00012928996315296419181324616
Alaska,1 wk ahead,Bin,percent,0,0.1, 0.00251081862946178277495867803
Alaska,1 wk ahead,Bin,percent,0.1,0.2, 0.00707690664484145106477575027
Alaska,1 wk ahead,Bin,percent,0.2,0.3, 0.01056568424475405956752815939
Alaska,1 wk ahead,Bin,percent,0.3,0.4, 0.01491248929343605422737084609
Alaska,1 wk ahead,Bin,percent,0.4,0.5, 0.01991381601166120410284499087
Alaska,1 wk ahead,Bin,percent,0.5,0.6, 0.02518717273174585213890708246
Alaska,1 wk ahead,Bin,percent,0.6,0.7, 0.03021793037404656850908324373
Alaska,1 wk ahead,Bin,percent,0.7,0.8, 0.03445885453278286353340220671
Alaska,1 wk ahead,Bin,percent,0.8,0.9, 0.03745752064354411492441698783
Alaska,1 wk ahead,Bin,percent,0.9,1, 0.03897252628708691712944300889
Alaska,1 wk ahead,Bin,percent,1,1.1, 0.03903043618357119465267501823
Alaska,1 wk ahead,Bin,percent,1.1,1.2, 0.03790631698392045445533682368
Alaska,1 wk ahead,Bin,percent,1.2,1.3, 0.03603097481198334200991340026
Alaska,1 wk ahead,Bin,percent,1.3,1.4, 0.03386583293333871730323991756
Alaska,1 wk ahead,Bin,percent,1.4,1.5, 0.03179792641872673797376336324
Alaska,1 wk ahead,Bin,percent,1.5,1.6, 0.03009289043812502645325324124
Alaska,1 wk ahead,Bin,percent,1.6,1.7, 0.02891416690794628568950130898
Alaska,1 wk ahead,Bin,percent,1.7,1.8, 0.02838024048915453387276208730
Alaska,1 wk ahead,Bin,percent,1.8,1.9, 0.02860817652607439490197727139
Alaska,1 wk ahead,Bin,percent,1.9,2, 0.02970339672235697281443833617
Alaska,1 wk ahead,Bin,percent,2,2.1, 0.03168955649195775992055246206
Alaska,1 wk ahead,Bin,percent,2.1,2.2, 0.03440913379808135941217983600
Alaska,1 wk ahead,Bin,percent,2.2,2.3, 0.03746065345042896149729827471
Alaska,1 wk ahead,Bin,percent,2.3,2.4, 0.04022196481389280625640125777
Alaska,1 wk ahead,Bin,percent,2.4,2.5, 0.04197730280848478018329572592
Alaska,1 wk ahead,Bin,percent,2.5,2.6, 0.04211086521233788071416626053
Alaska,1 wk ahead,Bin,percent,2.6,2.7, 0.04029468174679932263027026806
Alaska,1 wk ahead,Bin,percent,2.7,2.8, 0.03659004924577607259505995785
Alaska,1 wk ahead,Bin,percent,2.8,2.9, 0.03143091557878643221846104439
Alaska,1 wk ahead,Bin,percent,2.9,3, 0.02548942869356908558220453642
Alaska,1 wk ahead,Bin,percent,3,3.1, 0.01949178093259247568358460967
Alaska,1 wk ahead,Bin,percent,3.1,3.2, 0.01404468108054048557098436589
Alaska,1 wk ahead,Bin,percent,3.2,3.3, 0.00953134157500096397541700100
Alaska,1 wk ahead,Bin,percent,3.3,3.4, 0.00609036472683771416825049272
Alaska,1 wk ahead,Bin,percent,3.4,3.5, 0.00366390038128387111188155600
Alaska,1 wk ahead,Bin,percent,3.5,3.6, 0.00207478124629895555736114332
Alaska,1 wk ahead,Bin,percent,3.6,3.7, 0.00110597054363178537786382982
Alaska,1 wk ahead,Bin,percent,3.7,3.8, 0.00055521617463629823873566549
Alaska,1 wk ahead,Bin,percent,3.8,3.9, 0.00038885305043552791798289192
Alaska,1 wk ahead,Bin,percent,3.9,4, 0.00038885305043552791798289192
Alaska,1 wk ahead,Bin,percent,4,4.1, 0.00038885305043552791798289192
Alaska,1 wk ahead,Bin,percent,4.1,4.2, 0.00038885305043552791798289192
Alaska,1 wk ahead,Bin,percent,4.2,4.3, 0.00038885305043552791798289192
Alaska,1 wk ahead,Bin,percent,4.3,4.4, 0.00038885305043552791798289192
Alaska,1 wk ahead,Bin,percent,4.4,4.5, 0.00038885305043552791798289192
Alaska,1 wk ahead,Bin,percent,4.5,4.6, 0.00038885305043552791798289192
Alaska,1 wk ahead,Bin,percent,4.6,4.7, 0.00038885305043552791798289192
Alaska,1 wk ahead,Bin,percent,4.7,4.8, 0.00038885305043552791798289192
Alaska,1 wk ahead,Bin,percent,4.8,4.9, 0.00038885305043552791798289192
Alaska,1 wk ahead,Bin,percent,4.9,5, 0.00038885305043552791798289192
Alaska,1 wk ahead,Bin,percent,5,5.1, 0.00038885305043552791798289192
Alaska,1 wk ahead,Bin,percent,5.1,5.2, 0.00038885305043552791798289192
Alaska,1 wk ahead,Bin,percent,5.2,5.3, 0.00038885305043552791798289192
Alaska,1 wk ahead,Bin,percent,5.3,5.4, 0.00038885305043552791798289192
Alaska,1 wk ahead,Bin,percent,5.4,5.5, 0.00038885305043552791798289192
Alaska,1 wk ahead,Bin,percent,5.5,5.6, 0.00038885305043552791798289192
Alaska,1 wk ahead,Bin,percent,5.6,5.7, 0.00038885305043552791798289192
Alaska,1 wk ahead,Bin,percent,5.7,5.8, 0.00038885305043552791798289192
Alaska,1 wk ahead,Bin,percent,5.8,5.9, 0.00038885305043552791798289192
Alaska,1 wk ahead,Bin,percent,5.9,6, 0.00038885305043552791798289192
Alaska,1 wk ahead,Bin,percent,6,6.1, 0.00038885305043552791798289192
Alaska,1 wk ahead,Bin,percent,6.1,6.2, 0.00038885305043552791798289192
Alaska,1 wk ahead,Bin,percent,6.2,6.3, 0.00038885305043552791798289192
Alaska,1 wk ahead,Bin,percent,6.3,6.4, 0.00038885305043552791798289192
Alaska,1 wk ahead,Bin,percent,6.4,6.5, 0.00038885305043552791798289192
Alaska,1 wk ahead,Bin,percent,6.5,6.6, 0.00038885305043552791798289192
Alaska,1 wk ahead,Bin,percent,6.6,6.7, 0.00038885305043552791798289192
Alaska,1 wk ahead,Bin,percent,6.7,6.8, 0.00038885305043552791798289192
Alaska,1 wk ahead,Bin,percent,6.8,6.9, 0.00038885305043552791798289192
Alaska,1 wk ahead,Bin,percent,6.9,7, 0.00038885305043552791798289192
Alaska,1 wk ahead,Bin,percent,7,7.1, 0.00038885305043552791798289192
Alaska,1 wk ahead,Bin,percent,7.1,7.2, 0.00038885305043552791798289192
Alaska,1 wk ahead,Bin,percent,7.2,7.3, 0.00038885305043552791798289192
Alaska,1 wk ahead,Bin,percent,7.3,7.4, 0.00038885305043552791798289192
Alaska,1 wk ahead,Bin,percent,7.4,7.5, 0.00038885305043552791798289192
Alaska,1 wk ahead,Bin,percent,7.5,7.6, 0.00038885305043552791798289192
Alaska,1 wk ahead,Bin,percent,7.6,7.7, 0.00038885305043552791798289192
Alaska,1 wk ahead,Bin,percent,7.7,7.8, 0.00038885305043552791798289192
Alaska,1 wk ahead,Bin,percent,7.8,7.9, 0.00038885305043552791798289192
Alaska,1 wk ahead,Bin,percent,7.9,8, 0.00038885305043552791798289192
Alaska,1 wk ahead,Bin,percent,8,8.1, 0.00038885305043553138742984387
Alaska,1 wk ahead,Bin,percent,8.1,8.2, 0.00038885305043553491108690445
Alaska,1 wk ahead,Bin,percent,8.2,8.3, 0.00038885305043553491108690445
Alaska,1 wk ahead,Bin,percent,8.3,8.4, 0.00038885305043553491108690445
Alaska,1 wk ahead,Bin,percent,8.4,8.5, 0.00038885305043553491108690445
Alaska,1 wk ahead,Bin,percent,8.5,8.6, 0.00038885305043553491108690445
Alaska,1 wk ahead,Bin,percent,8.6,8.7, 0.00038885305043553491108690445
Alaska,1 wk ahead,Bin,percent,8.7,8.8, 0.00038885305043553491108690445
Alaska,1 wk ahead,Bin,percent,8.8,8.9, 0.00038885305043553491108690445
Alaska,1 wk ahead,Bin,percent,8.9,9, 0.00038885305043553491108690445
Alaska,1 wk ahead,Bin,percent,9,9.1, 0.00038885305043553491108690445
Alaska,1 wk ahead,Bin,percent,9.1,9.2, 0.00038885305043553491108690445
Alaska,1 wk ahead,Bin,percent,9.2,9.3, 0.00038885305043553491108690445
Alaska,1 wk ahead,Bin,percent,9.3,9.4, 0.00038885305043553491108690445
Alaska,1 wk ahead,Bin,percent,9.4,9.5, 0.00038885305043553491108690445
Alaska,1 wk ahead,Bin,percent,9.5,9.6, 0.00038885305043553491108690445
Alaska,1 wk ahead,Bin,percent,9.6,9.7, 0.00038885305043553491108690445
Alaska,1 wk ahead,Bin,percent,9.7,9.8, 0.00038885305043553491108690445
Alaska,1 wk ahead,Bin,percent,9.8,9.9, 0.00038885305043553491108690445
Alaska,1 wk ahead,Bin,percent,9.9,10, 0.00038885305043553491108690445
Alaska,1 wk ahead,Bin,percent,10,10.1, 0.00038885305043553491108690445
Alaska,1 wk ahead,Bin,percent,10.1,10.2, 0.00038885305043553491108690445
Alaska,1 wk ahead,Bin,percent,10.2,10.3, 0.00038885305043553491108690445
Alaska,1 wk ahead,Bin,percent,10.3,10.4, 0.00038885305043553491108690445
Alaska,1 wk ahead,Bin,percent,10.4,10.5, 0.00038885305043553491108690445
Alaska,1 wk ahead,Bin,percent,10.5,10.6, 0.00038885305043553491108690445
Alaska,1 wk ahead,Bin,percent,10.6,10.7, 0.00038885305043553491108690445
Alaska,1 wk ahead,Bin,percent,10.7,10.8, 0.00038885305043553491108690445
Alaska,1 wk ahead,Bin,percent,10.8,10.9, 0.00038885305043553491108690445
Alaska,1 wk ahead,Bin,percent,10.9,11, 0.00038885305043553491108690445
Alaska,1 wk ahead,Bin,percent,11,11.1, 0.00038885305043553491108690445
Alaska,1 wk ahead,Bin,percent,11.1,11.2, 0.00038885305043553491108690445
Alaska,1 wk ahead,Bin,percent,11.2,11.3, 0.00038885305043553491108690445
Alaska,1 wk ahead,Bin,percent,11.3,11.4, 0.00038885305043553491108690445
Alaska,1 wk ahead,Bin,percent,11.4,11.5, 0.00038885305043553491108690445
Alaska,1 wk ahead,Bin,percent,11.5,11.6, 0.00038885305043553491108690445
Alaska,1 wk ahead,Bin,percent,11.6,11.7, 0.00038885305043553491108690445
Alaska,1 wk ahead,Bin,percent,11.7,11.8, 0.00038885305043553491108690445
Alaska,1 wk ahead,Bin,percent,11.8,11.9, 0.00038885305043553491108690445
Alaska,1 wk ahead,Bin,percent,11.9,12, 0.00038885305043553491108690445
Alaska,1 wk ahead,Bin,percent,12,12.1, 0.00038885305043553491108690445
Alaska,1 wk ahead,Bin,percent,12.1,12.2, 0.00038885305043553491108690445
Alaska,1 wk ahead,Bin,percent,12.2,12.3, 0.00038885305043553491108690445
Alaska,1 wk ahead,Bin,percent,12.3,12.4, 0.00038885305043553491108690445
Alaska,1 wk ahead,Bin,percent,12.4,12.5, 0.00038885305043553491108690445
Alaska,1 wk ahead,Bin,percent,12.5,12.6, 0.00038885305043553491108690445
Alaska,1 wk ahead,Bin,percent,12.6,12.7, 0.00038885305043553491108690445
Alaska,1 wk ahead,Bin,percent,12.7,12.8, 0.00038885305043553491108690445
Alaska,1 wk ahead,Bin,percent,12.8,12.9, 0.00038885305043553491108690445
Alaska,1 wk ahead,Bin,percent,12.9,13, 0.00038885305043553491108690445
Alaska,1 wk ahead,Bin,percent,13,100, 0.00038885305043553491108690445
Alaska,2 wk ahead,Bin,percent,0,0.1, 0.00031722591534341166219154728
Alaska,2 wk ahead,Bin,percent,0.1,0.2, 0.00110528714699222301715009209
Alaska,2 wk ahead,Bin,percent,0.2,0.3, 0.00213114297460345689799732227
Alaska,2 wk ahead,Bin,percent,0.3,0.4, 0.00382884900298464296922174022
Alaska,2 wk ahead,Bin,percent,0.4,0.5, 0.00642558599392493122459679711
Alaska,2 wk ahead,Bin,percent,0.5,0.6, 0.01010543282959589644898201755
Alaska,2 wk ahead,Bin,percent,0.6,0.7, 0.01495410490344418336094989286
Alaska,2 wk ahead,Bin,percent,0.7,0.8, 0.02092462719404459756122882652
Alaska,2 wk ahead,Bin,percent,0.8,0.9, 0.02783814248833220775236618749
Alaska,2 wk ahead,Bin,percent,0.9,1, 0.03541350575299952174734841037
Alaska,2 wk ahead,Bin,percent,1,1.1, 0.04330094346681805789200936374
Alaska,2 wk ahead,Bin,percent,1.1,1.2, 0.05109714693942067620380242943
Alaska,2 wk ahead,Bin,percent,1.2,1.3, 0.05834482653784132943908247171
Alaska,2 wk ahead,Bin,percent,1.3,1.4, 0.06454421446402811013420830477
Alaska,2 wk ahead,Bin,percent,1.4,1.5, 0.06920325708972856204592716267
Alaska,2 wk ahead,Bin,percent,1.5,1.6, 0.07192019716992534283939164652
Alaska,2 wk ahead,Bin,percent,1.6,1.7, 0.07245815307654046577567896747
Alaska,2 wk ahead,Bin,percent,1.7,1.8, 0.07077334435889251484930184688
Alaska,2 wk ahead,Bin,percent,1.8,1.9, 0.06699120913182066150426408058
Alaska,2 wk ahead,Bin,percent,1.9,2, 0.06136291570225082397938010104
Alaska,2 wk ahead,Bin,percent,2,2.1, 0.05424268505569548870504092974
Alaska,2 wk ahead,Bin,percent,2.1,2.2, 0.04609055676630142983629667697
Alaska,2 wk ahead,Bin,percent,2.2,2.3, 0.03746902571736988873940532585
Alaska,2 wk ahead,Bin,percent,2.3,2.4, 0.02899916244156550138022510055
Alaska,2 wk ahead,Bin,percent,2.4,2.5, 0.02126791583190204559805636109
Alaska,2 wk ahead,Bin,percent,2.5,2.6, 0.01471976047922173014281810310
Alaska,2 wk ahead,Bin,percent,2.6,2.7, 0.00958095850678542318434871561
Alaska,2 wk ahead,Bin,percent,2.7,2.8, 0.00584797936554846877615920775
Alaska,2 wk ahead,Bin,percent,2.8,2.9, 0.00333964481311543187613821715
Alaska,2 wk ahead,Bin,percent,2.9,3, 0.00178117341816775459108213031
Alaska,2 wk ahead,Bin,percent,3,3.1, 0.00088583564979190330002795095
Alaska,2 wk ahead,Bin,percent,3.1,3.2, 0.00041031982055281430738641335
Alaska,2 wk ahead,Bin,percent,3.2,3.3, 0.00022909079998462893255212203
Alaska,2 wk ahead,Bin,percent,3.3,3.4, 0.00022546713463740539261197238
Alaska,2 wk ahead,Bin,percent,3.4,3.5, 0.00022546713463740539261197238
Alaska,2 wk ahead,Bin,percent,3.5,3.6, 0.00022546713463740539261197238
Alaska,2 wk ahead,Bin,percent,3.6,3.7, 0.00022546713463740539261197238
Alaska,2 wk ahead,Bin,percent,3.7,3.8, 0.00022546713463740539261197238
Alaska,2 wk ahead,Bin,percent,3.8,3.9, 0.00022546713463740539261197238
Alaska,2 wk ahead,Bin,percent,3.9,4, 0.00022546713463740539261197238
Alaska,2 wk ahead,Bin,percent,4,4.1, 0.00022546713463740539261197238
Alaska,2 wk ahead,Bin,percent,4.1,4.2, 0.00022546713463740539261197238
Alaska,2 wk ahead,Bin,percent,4.2,4.3, 0.00022546713463740539261197238
Alaska,2 wk ahead,Bin,percent,4.3,4.4, 0.00022546713463740539261197238
Alaska,2 wk ahead,Bin,percent,4.4,4.5, 0.00022546713463740539261197238
Alaska,2 wk ahead,Bin,percent,4.5,4.6, 0.00022546713463740539261197238
Alaska,2 wk ahead,Bin,percent,4.6,4.7, 0.00022546713463740539261197238
Alaska,2 wk ahead,Bin,percent,4.7,4.8, 0.00022546713463740539261197238
Alaska,2 wk ahead,Bin,percent,4.8,4.9, 0.00022546713463740539261197238
Alaska,2 wk ahead,Bin,percent,4.9,5, 0.00022546713463740539261197238
Alaska,2 wk ahead,Bin,percent,5,5.1, 0.00022546713463740539261197238
Alaska,2 wk ahead,Bin,percent,5.1,5.2, 0.00022546713463740539261197238
Alaska,2 wk ahead,Bin,percent,5.2,5.3, 0.00022546713463740539261197238
Alaska,2 wk ahead,Bin,percent,5.3,5.4, 0.00022546713463740539261197238
Alaska,2 wk ahead,Bin,percent,5.4,5.5, 0.00022546713463740539261197238
Alaska,2 wk ahead,Bin,percent,5.5,5.6, 0.00022546713463740539261197238
Alaska,2 wk ahead,Bin,percent,5.6,5.7, 0.00022546713463740539261197238
Alaska,2 wk ahead,Bin,percent,5.7,5.8, 0.00022546713463740539261197238
Alaska,2 wk ahead,Bin,percent,5.8,5.9, 0.00022546713463740539261197238
Alaska,2 wk ahead,Bin,percent,5.9,6, 0.00022546713463740539261197238
Alaska,2 wk ahead,Bin,percent,6,6.1, 0.00022546713463740539261197238
Alaska,2 wk ahead,Bin,percent,6.1,6.2, 0.00022546713463740539261197238
Alaska,2 wk ahead,Bin,percent,6.2,6.3, 0.00022546713463740539261197238
Alaska,2 wk ahead,Bin,percent,6.3,6.4, 0.00022546713463740539261197238
Alaska,2 wk ahead,Bin,percent,6.4,6.5, 0.00022546713463740539261197238
Alaska,2 wk ahead,Bin,percent,6.5,6.6, 0.00022546713463740539261197238
Alaska,2 wk ahead,Bin,percent,6.6,6.7, 0.00022546713463740539261197238
Alaska,2 wk ahead,Bin,percent,6.7,6.8, 0.00022546713463740539261197238
Alaska,2 wk ahead,Bin,percent,6.8,6.9, 0.00022546713463740539261197238
Alaska,2 wk ahead,Bin,percent,6.9,7, 0.00022546713463740539261197238
Alaska,2 wk ahead,Bin,percent,7,7.1, 0.00022546713463740539261197238
Alaska,2 wk ahead,Bin,percent,7.1,7.2, 0.00022546713463740539261197238
Alaska,2 wk ahead,Bin,percent,7.2,7.3, 0.00022546713463740539261197238
Alaska,2 wk ahead,Bin,percent,7.3,7.4, 0.00022546713463740539261197238
Alaska,2 wk ahead,Bin,percent,7.4,7.5, 0.00022546713463740539261197238
Alaska,2 wk ahead,Bin,percent,7.5,7.6, 0.00022546713463740539261197238
Alaska,2 wk ahead,Bin,percent,7.6,7.7, 0.00022546713463740539261197238
Alaska,2 wk ahead,Bin,percent,7.7,7.8, 0.00022546713463740539261197238
Alaska,2 wk ahead,Bin,percent,7.8,7.9, 0.00022546713463740539261197238
Alaska,2 wk ahead,Bin,percent,7.9,8, 0.00022546713463740539261197238
Alaska,2 wk ahead,Bin,percent,8,8.1, 0.00022546713463740734417588285
Alaska,2 wk ahead,Bin,percent,8.1,8.2, 0.00022546713463740934994990195
Alaska,2 wk ahead,Bin,percent,8.2,8.3, 0.00022546713463740934994990195
Alaska,2 wk ahead,Bin,percent,8.3,8.4, 0.00022546713463740934994990195
Alaska,2 wk ahead,Bin,percent,8.4,8.5, 0.00022546713463740934994990195
Alaska,2 wk ahead,Bin,percent,8.5,8.6, 0.00022546713463740934994990195
Alaska,2 wk ahead,Bin,percent,8.6,8.7, 0.00022546713463740934994990195
Alaska,2 wk ahead,Bin,percent,8.7,8.8, 0.00022546713463740934994990195
Alaska,2 wk ahead,Bin,percent,8.8,8.9, 0.00022546713463740934994990195
Alaska,2 wk ahead,Bin,percent,8.9,9, 0.00022546713463740934994990195
Alaska,2 wk ahead,Bin,percent,9,9.1, 0.00022546713463740934994990195
Alaska,2 wk ahead,Bin,percent,9.1,9.2, 0.00022546713463740934994990195
Alaska,2 wk ahead,Bin,percent,9.2,9.3, 0.00022546713463740934994990195
Alaska,2 wk ahead,Bin,percent,9.3,9.4, 0.00022546713463740934994990195
Alaska,2 wk ahead,Bin,percent,9.4,9.5, 0.00022546713463740934994990195
Alaska,2 wk ahead,Bin,percent,9.5,9.6, 0.00022546713463740934994990195
Alaska,2 wk ahead,Bin,percent,9.6,9.7, 0.00022546713463740934994990195
Alaska,2 wk ahead,Bin,percent,9.7,9.8, 0.00022546713463740934994990195
Alaska,2 wk ahead,Bin,percent,9.8,9.9, 0.00022546713463740934994990195
Alaska,2 wk ahead,Bin,percent,9.9,10, 0.00022546713463740934994990195
Alaska,2 wk ahead,Bin,percent,10,10.1, 0.00022546713463740934994990195
Alaska,2 wk ahead,Bin,percent,10.1,10.2, 0.00022546713463740934994990195
Alaska,2 wk ahead,Bin,percent,10.2,10.3, 0.00022546713463740934994990195
Alaska,2 wk ahead,Bin,percent,10.3,10.4, 0.00022546713463740934994990195
Alaska,2 wk ahead,Bin,percent,10.4,10.5, 0.00022546713463740934994990195
Alaska,2 wk ahead,Bin,percent,10.5,10.6, 0.00022546713463740934994990195
Alaska,2 wk ahead,Bin,percent,10.6,10.7, 0.00022546713463740934994990195
Alaska,2 wk ahead,Bin,percent,10.7,10.8, 0.00022546713463740934994990195
Alaska,2 wk ahead,Bin,percent,10.8,10.9, 0.00022546713463740934994990195
Alaska,2 wk ahead,Bin,percent,10.9,11, 0.00022546713463740934994990195
Alaska,2 wk ahead,Bin,percent,11,11.1, 0.00022546713463740934994990195
Alaska,2 wk ahead,Bin,percent,11.1,11.2, 0.00022546713463740934994990195
Alaska,2 wk ahead,Bin,percent,11.2,11.3, 0.00022546713463740934994990195
Alaska,2 wk ahead,Bin,percent,11.3,11.4, 0.00022546713463740934994990195
Alaska,2 wk ahead,Bin,percent,11.4,11.5, 0.00022546713463740934994990195
Alaska,2 wk ahead,Bin,percent,11.5,11.6, 0.00022546713463740934994990195
Alaska,2 wk ahead,Bin,percent,11.6,11.7, 0.00022546713463740934994990195
Alaska,2 wk ahead,Bin,percent,11.7,11.8, 0.00022546713463740934994990195
Alaska,2 wk ahead,Bin,percent,11.8,11.9, 0.00022546713463740934994990195
Alaska,2 wk ahead,Bin,percent,11.9,12, 0.00022546713463740934994990195
Alaska,2 wk ahead,Bin,percent,12,12.1, 0.00022546713463740934994990195
Alaska,2 wk ahead,Bin,percent,12.1,12.2, 0.00022546713463740934994990195
Alaska,2 wk ahead,Bin,percent,12.2,12.3, 0.00022546713463740934994990195
Alaska,2 wk ahead,Bin,percent,12.3,12.4, 0.00022546713463740934994990195
Alaska,2 wk ahead,Bin,percent,12.4,12.5, 0.00022546713463740934994990195
Alaska,2 wk ahead,Bin,percent,12.5,12.6, 0.00022546713463740934994990195
Alaska,2 wk ahead,Bin,percent,12.6,12.7, 0.00022546713463740934994990195
Alaska,2 wk ahead,Bin,percent,12.7,12.8, 0.00022546713463740934994990195
Alaska,2 wk ahead,Bin,percent,12.8,12.9, 0.00022546713463740934994990195
Alaska,2 wk ahead,Bin,percent,12.9,13, 0.00022546713463740934994990195
Alaska,2 wk ahead,Bin,percent,13,100, 0.00022546713463740934994990195
Alaska,3 wk ahead,Bin,percent,0,0.1, 0.00686951543995719185464743362
Alaska,3 wk ahead,Bin,percent,0.1,0.2, 0.01493281278034110266805800649
Alaska,3 wk ahead,Bin,percent,0.2,0.3, 0.01654684132873418186959746379
Alaska,3 wk ahead,Bin,percent,0.3,0.4, 0.01816589755563591257470079654
Alaska,3 wk ahead,Bin,percent,0.4,0.5, 0.01976380460737183625274937526
Alaska,3 wk ahead,Bin,percent,0.5,0.6, 0.02131439685060580041531252959
Alaska,3 wk ahead,Bin,percent,0.6,0.7, 0.02279178881351966168278266878
Alaska,3 wk ahead,Bin,percent,0.7,0.8, 0.02417248419998451608448064576
Alaska,3 wk ahead,Bin,percent,0.8,0.9, 0.02543549677597811004003958146
Alaska,3 wk ahead,Bin,percent,0.9,1, 0.02656227370760212702638369819
Alaska,3 wk ahead,Bin,percent,1,1.1, 0.02753951197060682670736397881
Alaska,3 wk ahead,Bin,percent,1.1,1.2, 0.02835688979912805510186224467
Alaska,3 wk ahead,Bin,percent,1.2,1.3, 0.02900809088992417975050308598
Alaska,3 wk ahead,Bin,percent,1.3,1.4, 0.02949199101742017506411208672
Alaska,3 wk ahead,Bin,percent,1.4,1.5, 0.02980923491913899103789020728
Alaska,3 wk ahead,Bin,percent,1.5,1.6, 0.02996521442371536531057429897
Alaska,3 wk ahead,Bin,percent,1.6,1.7, 0.02996757647427883419766203588
Alaska,3 wk ahead,Bin,percent,1.7,1.8, 0.02982508611912366644491889645
Alaska,3 wk ahead,Bin,percent,1.8,1.9, 0.02954974087195316734266725689
Alaska,3 wk ahead,Bin,percent,1.9,2, 0.02915344857896886437975680906
Alaska,3 wk ahead,Bin,percent,2,2.1, 0.02864910534365574384940700270
Alaska,3 wk ahead,Bin,percent,2.1,2.2, 0.02805047306499109868727082073
Alaska,3 wk ahead,Bin,percent,2.2,2.3, 0.02737030576832665332287497506
Alaska,3 wk ahead,Bin,percent,2.3,2.4, 0.02662184712253002141779667511
Alaska,3 wk ahead,Bin,percent,2.4,2.5, 0.02581757071259286120956666366
Alaska,3 wk ahead,Bin,percent,2.5,2.6, 0.02496884767174230648767441210
Alaska,3 wk ahead,Bin,percent,2.6,2.7, 0.02408652268999680531869067579
Alaska,3 wk ahead,Bin,percent,2.7,2.8, 0.02317986782189396938180792063
Alaska,3 wk ahead,Bin,percent,2.8,2.9, 0.02225689009522514860694997196
Alaska,3 wk ahead,Bin,percent,2.9,3, 0.02132416443360618876767809127
Alaska,3 wk ahead,Bin,percent,3,3.1, 0.02038663837978857418242739641
Alaska,3 wk ahead,Bin,percent,3.1,3.2, 0.01944783454092964200543569575
Alaska,3 wk ahead,Bin,percent,3.2,3.3, 0.01850989749383042878849714441
Alaska,3 wk ahead,Bin,percent,3.3,3.4, 0.01757384977458083946677547260
Alaska,3 wk ahead,Bin,percent,3.4,3.5, 0.01663986638142090843106579712
Alaska,3 wk ahead,Bin,percent,3.5,3.6, 0.01570767261760853614194211048
Alaska,3 wk ahead,Bin,percent,3.6,3.7, 0.01477691014007417175113445751
Alaska,3 wk ahead,Bin,percent,3.7,3.8, 0.01384751361811514119848354198
Alaska,3 wk ahead,Bin,percent,3.8,3.9, 0.01292007635631767063777441962
Alaska,3 wk ahead,Bin,percent,3.9,4, 0.01199607297852380363711866096
Alaska,3 wk ahead,Bin,percent,4,4.1, 0.01107804116859446158516178116
Alaska,3 wk ahead,Bin,percent,4.1,4.2, 0.01016966889740612833836763684
Alaska,3 wk ahead,Bin,percent,4.2,4.3, 0.00927556489004808561171788739
Alaska,3 wk ahead,Bin,percent,4.3,4.4, 0.00840128733936398343351559248
Alaska,3 wk ahead,Bin,percent,4.4,4.5, 0.00755296569574356001230963642
Alaska,3 wk ahead,Bin,percent,4.5,4.6, 0.00673678268413752025928209477
Alaska,3 wk ahead,Bin,percent,4.6,4.7, 0.00595915435486547677423896374
Alaska,3 wk ahead,Bin,percent,4.7,4.8, 0.00522561813347805371315901724
Alaska,3 wk ahead,Bin,percent,4.8,4.9, 0.00454106988029644772358883742
Alaska,3 wk ahead,Bin,percent,4.9,5, 0.00390963992868259557766918988
Alaska,3 wk ahead,Bin,percent,5,5.1, 0.00333365592393265177881267469
Alaska,3 wk ahead,Bin,percent,5.1,5.2, 0.00281466517388907679769749492
Alaska,3 wk ahead,Bin,percent,5.2,5.3, 0.00235270104713598002602048531
Alaska,3 wk ahead,Bin,percent,5.3,5.4, 0.00194633027616086329639188968
Alaska,3 wk ahead,Bin,percent,5.4,5.5, 0.00159356987278693362948545076
Alaska,3 wk ahead,Bin,percent,5.5,5.6, 0.00129095470131626436673111247
Alaska,3 wk ahead,Bin,percent,5.6,5.7, 0.00103459748095221940392129945
Alaska,3 wk ahead,Bin,percent,5.7,5.8, 0.00082033259354945611829812435
Alaska,3 wk ahead,Bin,percent,5.8,5.9, 0.00064330161404834622709825176
Alaska,3 wk ahead,Bin,percent,5.9,6, 0.00049898924960949065862680918
Alaska,3 wk ahead,Bin,percent,6,6.1, 0.00038280700074060786120000444
Alaska,3 wk ahead,Bin,percent,6.1,6.2, 0.00029037120786017665049344449
Alaska,3 wk ahead,Bin,percent,6.2,6.3, 0.00021784806968414216965176933
Alaska,3 wk ahead,Bin,percent,6.3,6.4, 0.00016159982660497122092246869
Alaska,3 wk ahead,Bin,percent,6.4,6.5, 0.00011851583557971311360008937
Alaska,3 wk ahead,Bin,percent,6.5,6.6, 0.00009583016456252062905026012
Alaska,3 wk ahead,Bin,percent,6.6,6.7, 0.00009538635168047934569622581
Alaska,3 wk ahead,Bin,percent,6.7,6.8, 0.00009538635168047934569622581
Alaska,3 wk ahead,Bin,percent,6.8,6.9, 0.00009538635168047934569622581
Alaska,3 wk ahead,Bin,percent,6.9,7, 0.00009538635168047934569622581
Alaska,3 wk ahead,Bin,percent,7,7.1, 0.00009538635168047934569622581
Alaska,3 wk ahead,Bin,percent,7.1,7.2, 0.00009538635168047934569622581
Alaska,3 wk ahead,Bin,percent,7.2,7.3, 0.00009538635168047934569622581
Alaska,3 wk ahead,Bin,percent,7.3,7.4, 0.00009538635168047934569622581
Alaska,3 wk ahead,Bin,percent,7.4,7.5, 0.00009538635168047934569622581
Alaska,3 wk ahead,Bin,percent,7.5,7.6, 0.00009538635168047934569622581
Alaska,3 wk ahead,Bin,percent,7.6,7.7, 0.00009538635168047934569622581
Alaska,3 wk ahead,Bin,percent,7.7,7.8, 0.00009538635168047934569622581
Alaska,3 wk ahead,Bin,percent,7.8,7.9, 0.00009538635168047934569622581
Alaska,3 wk ahead,Bin,percent,7.9,8, 0.00009538635168047934569622581
Alaska,3 wk ahead,Bin,percent,8,8.1, 0.00009538635168048019950543664
Alaska,3 wk ahead,Bin,percent,8.1,8.2, 0.00009538635168048103976212032
Alaska,3 wk ahead,Bin,percent,8.2,8.3, 0.00009538635168048103976212032
Alaska,3 wk ahead,Bin,percent,8.3,8.4, 0.00009538635168048103976212032
Alaska,3 wk ahead,Bin,percent,8.4,8.5, 0.00009538635168048103976212032
Alaska,3 wk ahead,Bin,percent,8.5,8.6, 0.00009538635168048103976212032
Alaska,3 wk ahead,Bin,percent,8.6,8.7, 0.00009538635168048103976212032
Alaska,3 wk ahead,Bin,percent,8.7,8.8, 0.00009538635168048103976212032
Alaska,3 wk ahead,Bin,percent,8.8,8.9, 0.00009538635168048103976212032
Alaska,3 wk ahead,Bin,percent,8.9,9, 0.00009538635168048103976212032
Alaska,3 wk ahead,Bin,percent,9,9.1, 0.00009538635168048103976212032
Alaska,3 wk ahead,Bin,percent,9.1,9.2, 0.00009538635168048103976212032
Alaska,3 wk ahead,Bin,percent,9.2,9.3, 0.00009538635168048103976212032
Alaska,3 wk ahead,Bin,percent,9.3,9.4, 0.00009538635168048103976212032
Alaska,3 wk ahead,Bin,percent,9.4,9.5, 0.00009538635168048103976212032
Alaska,3 wk ahead,Bin,percent,9.5,9.6, 0.00009538635168048103976212032
Alaska,3 wk ahead,Bin,percent,9.6,9.7, 0.00009538635168048103976212032
Alaska,3 wk ahead,Bin,percent,9.7,9.8, 0.00009538635168048103976212032
Alaska,3 wk ahead,Bin,percent,9.8,9.9, 0.00009538635168048103976212032
Alaska,3 wk ahead,Bin,percent,9.9,10, 0.00009538635168048103976212032
Alaska,3 wk ahead,Bin,percent,10,10.1, 0.00009538635168048103976212032
Alaska,3 wk ahead,Bin,percent,10.1,10.2, 0.00009538635168048103976212032
Alaska,3 wk ahead,Bin,percent,10.2,10.3, 0.00009538635168048103976212032
Alaska,3 wk ahead,Bin,percent,10.3,10.4, 0.00009538635168048103976212032
Alaska,3 wk ahead,Bin,percent,10.4,10.5, 0.00009538635168048103976212032
Alaska,3 wk ahead,Bin,percent,10.5,10.6, 0.00009538635168048103976212032
Alaska,3 wk ahead,Bin,percent,10.6,10.7, 0.00009538635168048103976212032
Alaska,3 wk ahead,Bin,percent,10.7,10.8, 0.00009538635168048103976212032
Alaska,3 wk ahead,Bin,percent,10.8,10.9, 0.00009538635168048103976212032
Alaska,3 wk ahead,Bin,percent,10.9,11, 0.00009538635168048103976212032
Alaska,3 wk ahead,Bin,percent,11,11.1, 0.00009538635168048103976212032
Alaska,3 wk ahead,Bin,percent,11.1,11.2, 0.00009538635168048103976212032
Alaska,3 wk ahead,Bin,percent,11.2,11.3, 0.00009538635168048103976212032
Alaska,3 wk ahead,Bin,percent,11.3,11.4, 0.00009538635168048103976212032
Alaska,3 wk ahead,Bin,percent,11.4,11.5, 0.00009538635168048103976212032
Alaska,3 wk ahead,Bin,percent,11.5,11.6, 0.00009538635168048103976212032
Alaska,3 wk ahead,Bin,percent,11.6,11.7, 0.00009538635168048103976212032
Alaska,3 wk ahead,Bin,percent,11.7,11.8, 0.00009538635168048103976212032
Alaska,3 wk ahead,Bin,percent,11.8,11.9, 0.00009538635168048103976212032
Alaska,3 wk ahead,Bin,percent,11.9,12, 0.00009538635168048103976212032
Alaska,3 wk ahead,Bin,percent,12,12.1, 0.00009538635168048103976212032
Alaska,3 wk ahead,Bin,percent,12.1,12.2, 0.00009538635168048103976212032
Alaska,3 wk ahead,Bin,percent,12.2,12.3, 0.00009538635168048103976212032
Alaska,3 wk ahead,Bin,percent,12.3,12.4, 0.00009538635168048103976212032
Alaska,3 wk ahead,Bin,percent,12.4,12.5, 0.00009538635168048103976212032
Alaska,3 wk ahead,Bin,percent,12.5,12.6, 0.00009538635168048103976212032
Alaska,3 wk ahead,Bin,percent,12.6,12.7, 0.00009538635168048103976212032
Alaska,3 wk ahead,Bin,percent,12.7,12.8, 0.00009538635168048103976212032
Alaska,3 wk ahead,Bin,percent,12.8,12.9, 0.00009538635168048103976212032
Alaska,3 wk ahead,Bin,percent,12.9,13, 0.00009538635168048103976212032
Alaska,3 wk ahead,Bin,percent,13,100, 0.00009538635168048103976212032
Alaska,4 wk ahead,Bin,percent,0,0.1, 0.00233981774099587111134801454
Alaska,4 wk ahead,Bin,percent,0.1,0.2, 0.00749030462138984640813044180
Alaska,4 wk ahead,Bin,percent,0.2,0.3, 0.01265017833986015714786699249
Alaska,4 wk ahead,Bin,percent,0.3,0.4, 0.01933558614340545947496430301
Alaska,4 wk ahead,Bin,percent,0.4,0.5, 0.02685160167722694737890698491
Alaska,4 wk ahead,Bin,percent,0.5,0.6, 0.03406215991460784242583770265
Alaska,4 wk ahead,Bin,percent,0.6,0.7, 0.03976286669194308703856322040
Alaska,4 wk ahead,Bin,percent,0.7,0.8, 0.04315377281559207300887237579
Alaska,4 wk ahead,Bin,percent,0.8,0.9, 0.04417608375141667681473833795
Alaska,4 wk ahead,Bin,percent,0.9,1, 0.04357361593764232099434963175
Alaska,4 wk ahead,Bin,percent,1,1.1, 0.04268296405889675237954605791
Alaska,4 wk ahead,Bin,percent,1.1,1.2, 0.04302018823110769635276184886
Alaska,4 wk ahead,Bin,percent,1.2,1.3, 0.04572998599735732250248787523
Alaska,4 wk ahead,Bin,percent,1.3,1.4, 0.05102815759583515659025820810
Alaska,4 wk ahead,Bin,percent,1.4,1.5, 0.05790591728801598031539654698
Alaska,4 wk ahead,Bin,percent,1.5,1.6, 0.06437451786036532674906140983
Alaska,4 wk ahead,Bin,percent,1.6,1.7, 0.06823854113738056503812856590
Alaska,4 wk ahead,Bin,percent,1.7,1.8, 0.06799997528787050937726377242
Alaska,4 wk ahead,Bin,percent,1.8,1.9, 0.06337658099962338587030075132
Alaska,4 wk ahead,Bin,percent,1.9,2, 0.05521632507136254447432932579
Alaska,4 wk ahead,Bin,percent,2,2.1, 0.04499442861254138864568474787
Alaska,4 wk ahead,Bin,percent,2.1,2.2, 0.03426864985109727423928660528
Alaska,4 wk ahead,Bin,percent,2.2,2.3, 0.02432324699111837115750311966
Alaska,4 wk ahead,Bin,percent,2.3,2.4, 0.01601095520577279496254874402
Alaska,4 wk ahead,Bin,percent,2.4,2.5, 0.00971651645125878524189566576
Alaska,4 wk ahead,Bin,percent,2.5,2.6, 0.00540361825347306957978421593
Alaska,4 wk ahead,Bin,percent,2.6,2.7, 0.00273911811645667939082993136
Alaska,4 wk ahead,Bin,percent,2.7,2.8, 0.00126001865705265177208804772
Alaska,4 wk ahead,Bin,percent,2.8,2.9, 0.00052425831321256156653670688
Alaska,4 wk ahead,Bin,percent,2.9,3, 0.00027529744773950002049642261
Alaska,4 wk ahead,Bin,percent,3,3.1, 0.00027242327661763460428315242
Alaska,4 wk ahead,Bin,percent,3.1,3.2, 0.00027242327661763460428315242
Alaska,4 wk ahead,Bin,percent,3.2,3.3, 0.00027242327661763460428315242
Alaska,4 wk ahead,Bin,percent,3.3,3.4, 0.00027242327661763460428315242
Alaska,4 wk ahead,Bin,percent,3.4,3.5, 0.00027242327661763460428315242
Alaska,4 wk ahead,Bin,percent,3.5,3.6, 0.00027242327661763460428315242
Alaska,4 wk ahead,Bin,percent,3.6,3.7, 0.00027242327661763460428315242
Alaska,4 wk ahead,Bin,percent,3.7,3.8, 0.00027242327661763460428315242
Alaska,4 wk ahead,Bin,percent,3.8,3.9, 0.00027242327661763460428315242
Alaska,4 wk ahead,Bin,percent,3.9,4, 0.00027242327661763460428315242
Alaska,4 wk ahead,Bin,percent,4,4.1, 0.00027242327661763460428315242
Alaska,4 wk ahead,Bin,percent,4.1,4.2, 0.00027242327661763460428315242
Alaska,4 wk ahead,Bin,percent,4.2,4.3, 0.00027242327661763460428315242
Alaska,4 wk ahead,Bin,percent,4.3,4.4, 0.00027242327661763460428315242
Alaska,4 wk ahead,Bin,percent,4.4,4.5, 0.00027242327661763460428315242
Alaska,4 wk ahead,Bin,percent,4.5,4.6, 0.00027242327661763460428315242
Alaska,4 wk ahead,Bin,percent,4.6,4.7, 0.00027242327661763460428315242
Alaska,4 wk ahead,Bin,percent,4.7,4.8, 0.00027242327661763460428315242
Alaska,4 wk ahead,Bin,percent,4.8,4.9, 0.00027242327661763460428315242
Alaska,4 wk ahead,Bin,percent,4.9,5, 0.00027242327661763460428315242
Alaska,4 wk ahead,Bin,percent,5,5.1, 0.00027242327661763460428315242
Alaska,4 wk ahead,Bin,percent,5.1,5.2, 0.00027242327661763460428315242
Alaska,4 wk ahead,Bin,percent,5.2,5.3, 0.00027242327661763460428315242
Alaska,4 wk ahead,Bin,percent,5.3,5.4, 0.00027242327661763460428315242
Alaska,4 wk ahead,Bin,percent,5.4,5.5, 0.00027242327661763460428315242
Alaska,4 wk ahead,Bin,percent,5.5,5.6, 0.00027242327661763460428315242
Alaska,4 wk ahead,Bin,percent,5.6,5.7, 0.00027242327661763460428315242
Alaska,4 wk ahead,Bin,percent,5.7,5.8, 0.00027242327661763460428315242
Alaska,4 wk ahead,Bin,percent,5.8,5.9, 0.00027242327661763460428315242
Alaska,4 wk ahead,Bin,percent,5.9,6, 0.00027242327661763460428315242
Alaska,4 wk ahead,Bin,percent,6,6.1, 0.00027242327661763460428315242
Alaska,4 wk ahead,Bin,percent,6.1,6.2, 0.00027242327661763460428315242
Alaska,4 wk ahead,Bin,percent,6.2,6.3, 0.00027242327661763460428315242
Alaska,4 wk ahead,Bin,percent,6.3,6.4, 0.00027242327661763460428315242
Alaska,4 wk ahead,Bin,percent,6.4,6.5, 0.00027242327661763460428315242
Alaska,4 wk ahead,Bin,percent,6.5,6.6, 0.00027242327661763460428315242
Alaska,4 wk ahead,Bin,percent,6.6,6.7, 0.00027242327661763460428315242
Alaska,4 wk ahead,Bin,percent,6.7,6.8, 0.00027242327661763460428315242
Alaska,4 wk ahead,Bin,percent,6.8,6.9, 0.00027242327661763460428315242
Alaska,4 wk ahead,Bin,percent,6.9,7, 0.00027242327661763460428315242
Alaska,4 wk ahead,Bin,percent,7,7.1, 0.00027242327661763460428315242
Alaska,4 wk ahead,Bin,percent,7.1,7.2, 0.00027242327661763460428315242
Alaska,4 wk ahead,Bin,percent,7.2,7.3, 0.00027242327661763460428315242
Alaska,4 wk ahead,Bin,percent,7.3,7.4, 0.00027242327661763460428315242
Alaska,4 wk ahead,Bin,percent,7.4,7.5, 0.00027242327661763460428315242
Alaska,4 wk ahead,Bin,percent,7.5,7.6, 0.00027242327661763460428315242
Alaska,4 wk ahead,Bin,percent,7.6,7.7, 0.00027242327661763460428315242
Alaska,4 wk ahead,Bin,percent,7.7,7.8, 0.00027242327661763460428315242
Alaska,4 wk ahead,Bin,percent,7.8,7.9, 0.00027242327661763460428315242
Alaska,4 wk ahead,Bin,percent,7.9,8, 0.00027242327661763460428315242
Alaska,4 wk ahead,Bin,percent,8,8.1, 0.00027242327661763698952793189
Alaska,4 wk ahead,Bin,percent,8.1,8.2, 0.00027242327661763942898281998
Alaska,4 wk ahead,Bin,percent,8.2,8.3, 0.00027242327661763942898281998
Alaska,4 wk ahead,Bin,percent,8.3,8.4, 0.00027242327661763942898281998
Alaska,4 wk ahead,Bin,percent,8.4,8.5, 0.00027242327661763942898281998
Alaska,4 wk ahead,Bin,percent,8.5,8.6, 0.00027242327661763942898281998
Alaska,4 wk ahead,Bin,percent,8.6,8.7, 0.00027242327661763942898281998
Alaska,4 wk ahead,Bin,percent,8.7,8.8, 0.00027242327661763942898281998
Alaska,4 wk ahead,Bin,percent,8.8,8.9, 0.00027242327661763942898281998
Alaska,4 wk ahead,Bin,percent,8.9,9, 0.00027242327661763942898281998
Alaska,4 wk ahead,Bin,percent,9,9.1, 0.00027242327661763942898281998
Alaska,4 wk ahead,Bin,percent,9.1,9.2, 0.00027242327661763942898281998
Alaska,4 wk ahead,Bin,percent,9.2,9.3, 0.00027242327661763942898281998
Alaska,4 wk ahead,Bin,percent,9.3,9.4, 0.00027242327661763942898281998
Alaska,4 wk ahead,Bin,percent,9.4,9.5, 0.00027242327661763942898281998
Alaska,4 wk ahead,Bin,percent,9.5,9.6, 0.00027242327661763942898281998
Alaska,4 wk ahead,Bin,percent,9.6,9.7, 0.00027242327661763942898281998
Alaska,4 wk ahead,Bin,percent,9.7,9.8, 0.00027242327661763942898281998
Alaska,4 wk ahead,Bin,percent,9.8,9.9, 0.00027242327661763942898281998
Alaska,4 wk ahead,Bin,percent,9.9,10, 0.00027242327661763942898281998
Alaska,4 wk ahead,Bin,percent,10,10.1, 0.00027242327661763942898281998
Alaska,4 wk ahead,Bin,percent,10.1,10.2, 0.00027242327661763942898281998
Alaska,4 wk ahead,Bin,percent,10.2,10.3, 0.00027242327661763942898281998
Alaska,4 wk ahead,Bin,percent,10.3,10.4, 0.00027242327661763942898281998
Alaska,4 wk ahead,Bin,percent,10.4,10.5, 0.00027242327661763942898281998
Alaska,4 wk ahead,Bin,percent,10.5,10.6, 0.00027242327661763942898281998
Alaska,4 wk ahead,Bin,percent,10.6,10.7, 0.00027242327661763942898281998
Alaska,4 wk ahead,Bin,percent,10.7,10.8, 0.00027242327661763942898281998
Alaska,4 wk ahead,Bin,percent,10.8,10.9, 0.00027242327661763942898281998
Alaska,4 wk ahead,Bin,percent,10.9,11, 0.00027242327661763942898281998
Alaska,4 wk ahead,Bin,percent,11,11.1, 0.00027242327661763942898281998
Alaska,4 wk ahead,Bin,percent,11.1,11.2, 0.00027242327661763942898281998
Alaska,4 wk ahead,Bin,percent,11.2,11.3, 0.00027242327661763942898281998
Alaska,4 wk ahead,Bin,percent,11.3,11.4, 0.00027242327661763942898281998
Alaska,4 wk ahead,Bin,percent,11.4,11.5, 0.00027242327661763942898281998
Alaska,4 wk ahead,Bin,percent,11.5,11.6, 0.00027242327661763942898281998
Alaska,4 wk ahead,Bin,percent,11.6,11.7, 0.00027242327661763942898281998
Alaska,4 wk ahead,Bin,percent,11.7,11.8, 0.00027242327661763942898281998
Alaska,4 wk ahead,Bin,percent,11.8,11.9, 0.00027242327661763942898281998
Alaska,4 wk ahead,Bin,percent,11.9,12, 0.00027242327661763942898281998
Alaska,4 wk ahead,Bin,percent,12,12.1, 0.00027242327661763942898281998
Alaska,4 wk ahead,Bin,percent,12.1,12.2, 0.00027242327661763942898281998
Alaska,4 wk ahead,Bin,percent,12.2,12.3, 0.00027242327661763942898281998
Alaska,4 wk ahead,Bin,percent,12.3,12.4, 0.00027242327661763942898281998
Alaska,4 wk ahead,Bin,percent,12.4,12.5, 0.00027242327661763942898281998
Alaska,4 wk ahead,Bin,percent,12.5,12.6, 0.00027242327661763942898281998
Alaska,4 wk ahead,Bin,percent,12.6,12.7, 0.00027242327661763942898281998
Alaska,4 wk ahead,Bin,percent,12.7,12.8, 0.00027242327661763942898281998
Alaska,4 wk ahead,Bin,percent,12.8,12.9, 0.00027242327661763942898281998
Alaska,4 wk ahead,Bin,percent,12.9,13, 0.00027242327661763942898281998
Alaska,4 wk ahead,Bin,percent,13,100, 0.00027242327661763942898281998
