location,target,unit,value,type,bin_start_incl,bin_end_notincl
Alaska,1 wk ahead,percent,0,Bin,0.0,0.1
Alaska,1 wk ahead,percent,0,Bin,0.1,0.2
Alaska,1 wk ahead,percent,0,Bin,0.2,0.3
Alaska,1 wk ahead,percent,0,Bin,0.3,0.4
Alaska,1 wk ahead,percent,0,Bin,0.4,0.5
Alaska,1 wk ahead,percent,0.01,Bin,0.5,0.6
Alaska,1 wk ahead,percent,0,Bin,0.6,0.7
Alaska,1 wk ahead,percent,0,Bin,0.7,0.8
Alaska,1 wk ahead,percent,0.01,Bin,0.8,0.9
Alaska,1 wk ahead,percent,0.006,Bin,0.9,1.0
Alaska,1 wk ahead,percent,0.008,Bin,1.0,1.1
Alaska,1 wk ahead,percent,0.006,Bin,1.1,1.2
Alaska,1 wk ahead,percent,0.008,Bin,1.2,1.3
Alaska,1 wk ahead,percent,0.02,Bin,1.3,1.4
Alaska,1 wk ahead,percent,0.008,Bin,1.4,1.5
Alaska,1 wk ahead,percent,0.024,Bin,1.5,1.6
Alaska,1 wk ahead,percent,0.01,Bin,1.6,1.7
Alaska,1 wk ahead,percent,0.01,Bin,1.7,1.8
Alaska,1 wk ahead,percent,0.01,Bin,1.8,1.9
Alaska,1 wk ahead,percent,0.004,Bin,1.9,2.0
Alaska,1 wk ahead,percent,0.01,Bin,2.0,2.1
Alaska,1 wk ahead,percent,0.028,Bin,2.1,2.2
Alaska,1 wk ahead,percent,0.028,Bin,2.2,2.3
Alaska,1 wk ahead,percent,0.024,Bin,2.3,2.4
Alaska,1 wk ahead,percent,0.026,Bin,2.4,2.5
Alaska,1 wk ahead,percent,0.024,Bin,2.5,2.6
Alaska,1 wk ahead,percent,0.028,Bin,2.6,2.7
Alaska,1 wk ahead,percent,0.022,Bin,2.7,2.8
Alaska,1 wk ahead,percent,0.042,Bin,2.8,2.9
Alaska,1 wk ahead,percent,0.05,Bin,2.9,3.0
Alaska,1 wk ahead,percent,0.022,Bin,3.0,3.1
Alaska,1 wk ahead,percent,0.048,Bin,3.1,3.2
Alaska,1 wk ahead,percent,0.018,Bin,3.2,3.3
Alaska,1 wk ahead,percent,0.02,Bin,3.3,3.4
Alaska,1 wk ahead,percent,0.03,Bin,3.4,3.5
Alaska,1 wk ahead,percent,0.02,Bin,3.5,3.6
Alaska,1 wk ahead,percent,0.026,Bin,3.6,3.7
Alaska,1 wk ahead,percent,0.018,Bin,3.7,3.8
Alaska,1 wk ahead,percent,0.02,Bin,3.8,3.9
Alaska,1 wk ahead,percent,0.026,Bin,3.9,4.0
Alaska,1 wk ahead,percent,0.022,Bin,4.0,4.1
Alaska,1 wk ahead,percent,0.012,Bin,4.1,4.2
Alaska,1 wk ahead,percent,0.024,Bin,4.2,4.3
Alaska,1 wk ahead,percent,0.006,Bin,4.3,4.4
Alaska,1 wk ahead,percent,0.026,Bin,4.4,4.5
Alaska,1 wk ahead,percent,0.004,Bin,4.5,4.6
Alaska,1 wk ahead,percent,0.02,Bin,4.6,4.7
Alaska,1 wk ahead,percent,0.004,Bin,4.7,4.8
Alaska,1 wk ahead,percent,0.018,Bin,4.8,4.9
Alaska,1 wk ahead,percent,0.004,Bin,4.9,5.0
Alaska,1 wk ahead,percent,0.012,Bin,5.0,5.1
Alaska,1 wk ahead,percent,0.018,Bin,5.1,5.2
Alaska,1 wk ahead,percent,0.01,Bin,5.2,5.3
Alaska,1 wk ahead,percent,0,Bin,5.3,5.4
Alaska,1 wk ahead,percent,0.01,Bin,5.4,5.5
Alaska,1 wk ahead,percent,0.026,Bin,5.5,5.6
Alaska,1 wk ahead,percent,0.002,Bin,5.6,5.7
Alaska,1 wk ahead,percent,0,Bin,5.7,5.8
Alaska,1 wk ahead,percent,0.008,Bin,5.8,5.9
Alaska,1 wk ahead,percent,0,Bin,5.9,6.0
Alaska,1 wk ahead,percent,0.01,Bin,6.0,6.1
Alaska,1 wk ahead,percent,0.008,Bin,6.1,6.2
Alaska,1 wk ahead,percent,0,Bin,6.2,6.3
Alaska,1 wk ahead,percent,0.004,Bin,6.3,6.4
Alaska,1 wk ahead,percent,0.002,Bin,6.4,6.5
Alaska,1 wk ahead,percent,0,Bin,6.5,6.6
Alaska,1 wk ahead,percent,0.004,Bin,6.6,6.7
Alaska,1 wk ahead,percent,0.004,Bin,6.7,6.8
Alaska,1 wk ahead,percent,0,Bin,6.8,6.9
Alaska,1 wk ahead,percent,0.002,Bin,6.9,7.0
Alaska,1 wk ahead,percent,0,Bin,7.0,7.1
Alaska,1 wk ahead,percent,0,Bin,7.1,7.2
Alaska,1 wk ahead,percent,0.002,Bin,7.2,7.3
Alaska,1 wk ahead,percent,0,Bin,7.3,7.4
Alaska,1 wk ahead,percent,0,Bin,7.4,7.5
Alaska,1 wk ahead,percent,0.004,Bin,7.5,7.6
Alaska,1 wk ahead,percent,0.002,Bin,7.6,7.7
Alaska,1 wk ahead,percent,0.002,Bin,7.7,7.8
Alaska,1 wk ahead,percent,0,Bin,7.8,7.9
Alaska,1 wk ahead,percent,0.002,Bin,7.9,8.0
Alaska,1 wk ahead,percent,0,Bin,8.0,8.1
Alaska,1 wk ahead,percent,0,Bin,8.1,8.2
Alaska,1 wk ahead,percent,0,Bin,8.2,8.3
Alaska,1 wk ahead,percent,0.004,Bin,8.3,8.4
Alaska,1 wk ahead,percent,0,Bin,8.4,8.5
Alaska,1 wk ahead,percent,0.004,Bin,8.5,8.6
Alaska,1 wk ahead,percent,0,Bin,8.6,8.7
Alaska,1 wk ahead,percent,0,Bin,8.7,8.8
Alaska,1 wk ahead,percent,0,Bin,8.8,8.9
Alaska,1 wk ahead,percent,0,Bin,8.9,9.0
Alaska,1 wk ahead,percent,0,Bin,9.0,9.1
Alaska,1 wk ahead,percent,0.002,Bin,9.1,9.2
Alaska,1 wk ahead,percent,0.002,Bin,9.2,9.3
Alaska,1 wk ahead,percent,0,Bin,9.3,9.4
Alaska,1 wk ahead,percent,0,Bin,9.4,9.5
Alaska,1 wk ahead,percent,0,Bin,9.5,9.6
Alaska,1 wk ahead,percent,0,Bin,9.6,9.7
Alaska,1 wk ahead,percent,0,Bin,9.7,9.8
Alaska,1 wk ahead,percent,0,Bin,9.8,9.9
Alaska,1 wk ahead,percent,0.006,Bin,9.9,10.0
Alaska,1 wk ahead,percent,0,Bin,10.0,10.1
Alaska,1 wk ahead,percent,0,Bin,10.1,10.2
Alaska,1 wk ahead,percent,0,Bin,10.2,10.3
Alaska,1 wk ahead,percent,0,Bin,10.3,10.4
Alaska,1 wk ahead,percent,0,Bin,10.4,10.5
Alaska,1 wk ahead,percent,0,Bin,10.5,10.6
Alaska,1 wk ahead,percent,0.01,Bin,10.6,10.7
Alaska,1 wk ahead,percent,0.002,Bin,10.7,10.8
Alaska,1 wk ahead,percent,0,Bin,10.8,10.9
Alaska,1 wk ahead,percent,0,Bin,10.9,11.0
Alaska,1 wk ahead,percent,0,Bin,11.0,11.1
Alaska,1 wk ahead,percent,0,Bin,11.1,11.2
Alaska,1 wk ahead,percent,0,Bin,11.2,11.3
Alaska,1 wk ahead,percent,0,Bin,11.3,11.4
Alaska,1 wk ahead,percent,0,Bin,11.4,11.5
Alaska,1 wk ahead,percent,0.004,Bin,11.5,11.6
Alaska,1 wk ahead,percent,0,Bin,11.6,11.7
Alaska,1 wk ahead,percent,0,Bin,11.7,11.8
Alaska,1 wk ahead,percent,0,Bin,11.8,11.9
Alaska,1 wk ahead,percent,0.004,Bin,11.9,12.0
Alaska,1 wk ahead,percent,0,Bin,12.0,12.1
Alaska,1 wk ahead,percent,0,Bin,12.1,12.2
Alaska,1 wk ahead,percent,0.004,Bin,12.2,12.3
Alaska,1 wk ahead,percent,0,Bin,12.3,12.4
Alaska,1 wk ahead,percent,0,Bin,12.4,12.5
Alaska,1 wk ahead,percent,0,Bin,12.5,12.6
Alaska,1 wk ahead,percent,0,Bin,12.6,12.7
Alaska,1 wk ahead,percent,0.002,Bin,12.7,12.8
Alaska,1 wk ahead,percent,0,Bin,12.8,12.9
Alaska,1 wk ahead,percent,0,Bin,12.9,13.0
Alaska,1 wk ahead,percent,0.02,Bin,13.0,100.0
Alaska,2 wk ahead,percent,0,Bin,0.0,0.1
Alaska,2 wk ahead,percent,0,Bin,0.1,0.2
Alaska,2 wk ahead,percent,0.002,Bin,0.2,0.3
Alaska,2 wk ahead,percent,0,Bin,0.3,0.4
Alaska,2 wk ahead,percent,0.002,Bin,0.4,0.5
Alaska,2 wk ahead,percent,0.002,Bin,0.5,0.6
Alaska,2 wk ahead,percent,0.002,Bin,0.6,0.7
Alaska,2 wk ahead,percent,0.002,Bin,0.7,0.8
Alaska,2 wk ahead,percent,0.002,Bin,0.8,0.9
Alaska,2 wk ahead,percent,0.02,Bin,0.9,1.0
Alaska,2 wk ahead,percent,0.012,Bin,1.0,1.1
Alaska,2 wk ahead,percent,0.006,Bin,1.1,1.2
Alaska,2 wk ahead,percent,0.012,Bin,1.2,1.3
Alaska,2 wk ahead,percent,0.016,Bin,1.3,1.4
Alaska,2 wk ahead,percent,0.012,Bin,1.4,1.5
Alaska,2 wk ahead,percent,0.012,Bin,1.5,1.6
Alaska,2 wk ahead,percent,0.012,Bin,1.6,1.7
Alaska,2 wk ahead,percent,0.014,Bin,1.7,1.8
Alaska,2 wk ahead,percent,0.024,Bin,1.8,1.9
Alaska,2 wk ahead,percent,0.018,Bin,1.9,2.0
Alaska,2 wk ahead,percent,0.016,Bin,2.0,2.1
Alaska,2 wk ahead,percent,0.024,Bin,2.1,2.2
Alaska,2 wk ahead,percent,0.016,Bin,2.2,2.3
Alaska,2 wk ahead,percent,0.012,Bin,2.3,2.4
Alaska,2 wk ahead,percent,0.036,Bin,2.4,2.5
Alaska,2 wk ahead,percent,0.022,Bin,2.5,2.6
Alaska,2 wk ahead,percent,0.024,Bin,2.6,2.7
Alaska,2 wk ahead,percent,0.028,Bin,2.7,2.8
Alaska,2 wk ahead,percent,0.024,Bin,2.8,2.9
Alaska,2 wk ahead,percent,0.018,Bin,2.9,3.0
Alaska,2 wk ahead,percent,0.032,Bin,3.0,3.1
Alaska,2 wk ahead,percent,0.026,Bin,3.1,3.2
Alaska,2 wk ahead,percent,0.014,Bin,3.2,3.3
Alaska,2 wk ahead,percent,0.016,Bin,3.3,3.4
Alaska,2 wk ahead,percent,0.026,Bin,3.4,3.5
Alaska,2 wk ahead,percent,0.028,Bin,3.5,3.6
Alaska,2 wk ahead,percent,0.014,Bin,3.6,3.7
Alaska,2 wk ahead,percent,0.016,Bin,3.7,3.8
Alaska,2 wk ahead,percent,0.016,Bin,3.8,3.9
Alaska,2 wk ahead,percent,0.014,Bin,3.9,4.0
Alaska,2 wk ahead,percent,0.018,Bin,4.0,4.1
Alaska,2 wk ahead,percent,0.016,Bin,4.1,4.2
Alaska,2 wk ahead,percent,0.02,Bin,4.2,4.3
Alaska,2 wk ahead,percent,0.02,Bin,4.3,4.4
Alaska,2 wk ahead,percent,0.012,Bin,4.4,4.5
Alaska,2 wk ahead,percent,0.01,Bin,4.5,4.6
Alaska,2 wk ahead,percent,0.016,Bin,4.6,4.7
Alaska,2 wk ahead,percent,0.008,Bin,4.7,4.8
Alaska,2 wk ahead,percent,0.012,Bin,4.8,4.9
Alaska,2 wk ahead,percent,0.012,Bin,4.9,5.0
Alaska,2 wk ahead,percent,0.01,Bin,5.0,5.1
Alaska,2 wk ahead,percent,0.008,Bin,5.1,5.2
Alaska,2 wk ahead,percent,0.014,Bin,5.2,5.3
Alaska,2 wk ahead,percent,0.006,Bin,5.3,5.4
Alaska,2 wk ahead,percent,0.022,Bin,5.4,5.5
Alaska,2 wk ahead,percent,0.006,Bin,5.5,5.6
Alaska,2 wk ahead,percent,0.008,Bin,5.6,5.7
Alaska,2 wk ahead,percent,0.004,Bin,5.7,5.8
Alaska,2 wk ahead,percent,0.01,Bin,5.8,5.9
Alaska,2 wk ahead,percent,0.006,Bin,5.9,6.0
Alaska,2 wk ahead,percent,0.002,Bin,6.0,6.1
Alaska,2 wk ahead,percent,0.004,Bin,6.1,6.2
Alaska,2 wk ahead,percent,0.004,Bin,6.2,6.3
Alaska,2 wk ahead,percent,0,Bin,6.3,6.4
Alaska,2 wk ahead,percent,0.002,Bin,6.4,6.5
Alaska,2 wk ahead,percent,0.002,Bin,6.5,6.6
Alaska,2 wk ahead,percent,0.01,Bin,6.6,6.7
Alaska,2 wk ahead,percent,0,Bin,6.7,6.8
Alaska,2 wk ahead,percent,0.002,Bin,6.8,6.9
Alaska,2 wk ahead,percent,0.01,Bin,6.9,7.0
Alaska,2 wk ahead,percent,0.008,Bin,7.0,7.1
Alaska,2 wk ahead,percent,0.008,Bin,7.1,7.2
Alaska,2 wk ahead,percent,0.004,Bin,7.2,7.3
Alaska,2 wk ahead,percent,0.004,Bin,7.3,7.4
Alaska,2 wk ahead,percent,0,Bin,7.4,7.5
Alaska,2 wk ahead,percent,0.006,Bin,7.5,7.6
Alaska,2 wk ahead,percent,0.006,Bin,7.6,7.7
Alaska,2 wk ahead,percent,0.002,Bin,7.7,7.8
Alaska,2 wk ahead,percent,0.004,Bin,7.8,7.9
Alaska,2 wk ahead,percent,0.004,Bin,7.9,8.0
Alaska,2 wk ahead,percent,0.006,Bin,8.0,8.1
Alaska,2 wk ahead,percent,0,Bin,8.1,8.2
Alaska,2 wk ahead,percent,0,Bin,8.2,8.3
Alaska,2 wk ahead,percent,0.004,Bin,8.3,8.4
Alaska,2 wk ahead,percent,0.002,Bin,8.4,8.5
Alaska,2 wk ahead,percent,0,Bin,8.5,8.6
Alaska,2 wk ahead,percent,0,Bin,8.6,8.7
Alaska,2 wk ahead,percent,0.004,Bin,8.7,8.8
Alaska,2 wk ahead,percent,0.004,Bin,8.8,8.9
Alaska,2 wk ahead,percent,0.006,Bin,8.9,9.0
Alaska,2 wk ahead,percent,0.006,Bin,9.0,9.1
Alaska,2 wk ahead,percent,0.002,Bin,9.1,9.2
Alaska,2 wk ahead,percent,0,Bin,9.2,9.3
Alaska,2 wk ahead,percent,0,Bin,9.3,9.4
Alaska,2 wk ahead,percent,0,Bin,9.4,9.5
Alaska,2 wk ahead,percent,0.002,Bin,9.5,9.6
Alaska,2 wk ahead,percent,0.002,Bin,9.6,9.7
Alaska,2 wk ahead,percent,0.002,Bin,9.7,9.8
Alaska,2 wk ahead,percent,0.002,Bin,9.8,9.9
Alaska,2 wk ahead,percent,0,Bin,9.9,10.0
Alaska,2 wk ahead,percent,0.002,Bin,10.0,10.1
Alaska,2 wk ahead,percent,0.002,Bin,10.1,10.2
Alaska,2 wk ahead,percent,0,Bin,10.2,10.3
Alaska,2 wk ahead,percent,0.002,Bin,10.3,10.4
Alaska,2 wk ahead,percent,0,Bin,10.4,10.5
Alaska,2 wk ahead,percent,0,Bin,10.5,10.6
Alaska,2 wk ahead,percent,0,Bin,10.6,10.7
Alaska,2 wk ahead,percent,0,Bin,10.7,10.8
Alaska,2 wk ahead,percent,0,Bin,10.8,10.9
Alaska,2 wk ahead,percent,0.002,Bin,10.9,11.0
Alaska,2 wk ahead,percent,0.002,Bin,11.0,11.1
Alaska,2 wk ahead,percent,0,Bin,11.1,11.2
Alaska,2 wk ahead,percent,0,Bin,11.2,11.3
Alaska,2 wk ahead,percent,0,Bin,11.3,11.4
Alaska,2 wk ahead,percent,0,Bin,11.4,11.5
Alaska,2 wk ahead,percent,0,Bin,11.5,11.6
Alaska,2 wk ahead,percent,0,Bin,11.6,11.7
Alaska,2 wk ahead,percent,0,Bin,11.7,11.8
Alaska,2 wk ahead,percent,0,Bin,11.8,11.9
Alaska,2 wk ahead,percent,0,Bin,11.9,12.0
Alaska,2 wk ahead,percent,0,Bin,12.0,12.1
Alaska,2 wk ahead,percent,0,Bin,12.1,12.2
Alaska,2 wk ahead,percent,0,Bin,12.2,12.3
Alaska,2 wk ahead,percent,0.004,Bin,12.3,12.4
Alaska,2 wk ahead,percent,0,Bin,12.4,12.5
Alaska,2 wk ahead,percent,0,Bin,12.5,12.6
Alaska,2 wk ahead,percent,0,Bin,12.6,12.7
Alaska,2 wk ahead,percent,0,Bin,12.7,12.8
Alaska,2 wk ahead,percent,0.002,Bin,12.8,12.9
Alaska,2 wk ahead,percent,0,Bin,12.9,13.0
Alaska,2 wk ahead,percent,0.03,Bin,13.0,100.0
Alaska,3 wk ahead,percent,0,Bin,0.0,0.1
Alaska,3 wk ahead,percent,0,Bin,0.1,0.2
Alaska,3 wk ahead,percent,0,Bin,0.2,0.3
Alaska,3 wk ahead,percent,0,Bin,0.3,0.4
Alaska,3 wk ahead,percent,0,Bin,0.4,0.5
Alaska,3 wk ahead,percent,0,Bin,0.5,0.6
Alaska,3 wk ahead,percent,0.008,Bin,0.6,0.7
Alaska,3 wk ahead,percent,0,Bin,0.7,0.8
Alaska,3 wk ahead,percent,0.002,Bin,0.8,0.9
Alaska,3 wk ahead,percent,0.004,Bin,0.9,1.0
Alaska,3 wk ahead,percent,0.008,Bin,1.0,1.1
Alaska,3 wk ahead,percent,0.004,Bin,1.1,1.2
Alaska,3 wk ahead,percent,0.016,Bin,1.2,1.3
Alaska,3 wk ahead,percent,0.012,Bin,1.3,1.4
Alaska,3 wk ahead,percent,0.016,Bin,1.4,1.5
Alaska,3 wk ahead,percent,0.014,Bin,1.5,1.6
Alaska,3 wk ahead,percent,0.018,Bin,1.6,1.7
Alaska,3 wk ahead,percent,0.018,Bin,1.7,1.8
Alaska,3 wk ahead,percent,0.008,Bin,1.8,1.9
Alaska,3 wk ahead,percent,0.018,Bin,1.9,2.0
Alaska,3 wk ahead,percent,0.006,Bin,2.0,2.1
Alaska,3 wk ahead,percent,0.014,Bin,2.1,2.2
Alaska,3 wk ahead,percent,0.01,Bin,2.2,2.3
Alaska,3 wk ahead,percent,0.022,Bin,2.3,2.4
Alaska,3 wk ahead,percent,0.01,Bin,2.4,2.5
Alaska,3 wk ahead,percent,0.012,Bin,2.5,2.6
Alaska,3 wk ahead,percent,0.01,Bin,2.6,2.7
Alaska,3 wk ahead,percent,0.026,Bin,2.7,2.8
Alaska,3 wk ahead,percent,0.022,Bin,2.8,2.9
Alaska,3 wk ahead,percent,0.018,Bin,2.9,3.0
Alaska,3 wk ahead,percent,0.022,Bin,3.0,3.1
Alaska,3 wk ahead,percent,0.01,Bin,3.1,3.2
Alaska,3 wk ahead,percent,0.02,Bin,3.2,3.3
Alaska,3 wk ahead,percent,0.02,Bin,3.3,3.4
Alaska,3 wk ahead,percent,0.014,Bin,3.4,3.5
Alaska,3 wk ahead,percent,0.018,Bin,3.5,3.6
Alaska,3 wk ahead,percent,0.022,Bin,3.6,3.7
Alaska,3 wk ahead,percent,0.012,Bin,3.7,3.8
Alaska,3 wk ahead,percent,0.018,Bin,3.8,3.9
Alaska,3 wk ahead,percent,0.018,Bin,3.9,4.0
Alaska,3 wk ahead,percent,0.016,Bin,4.0,4.1
Alaska,3 wk ahead,percent,0.02,Bin,4.1,4.2
Alaska,3 wk ahead,percent,0.02,Bin,4.2,4.3
Alaska,3 wk ahead,percent,0.012,Bin,4.3,4.4
Alaska,3 wk ahead,percent,0.006,Bin,4.4,4.5
Alaska,3 wk ahead,percent,0.008,Bin,4.5,4.6
Alaska,3 wk ahead,percent,0.01,Bin,4.6,4.7
Alaska,3 wk ahead,percent,0.018,Bin,4.7,4.8
Alaska,3 wk ahead,percent,0.004,Bin,4.8,4.9
Alaska,3 wk ahead,percent,0.024,Bin,4.9,5.0
Alaska,3 wk ahead,percent,0.012,Bin,5.0,5.1
Alaska,3 wk ahead,percent,0.016,Bin,5.1,5.2
Alaska,3 wk ahead,percent,0.006,Bin,5.2,5.3
Alaska,3 wk ahead,percent,0.006,Bin,5.3,5.4
Alaska,3 wk ahead,percent,0.01,Bin,5.4,5.5
Alaska,3 wk ahead,percent,0.008,Bin,5.5,5.6
Alaska,3 wk ahead,percent,0.01,Bin,5.6,5.7
Alaska,3 wk ahead,percent,0.008,Bin,5.7,5.8
Alaska,3 wk ahead,percent,0.006,Bin,5.8,5.9
Alaska,3 wk ahead,percent,0.01,Bin,5.9,6.0
Alaska,3 wk ahead,percent,0.01,Bin,6.0,6.1
Alaska,3 wk ahead,percent,0.006,Bin,6.1,6.2
Alaska,3 wk ahead,percent,0.008,Bin,6.2,6.3
Alaska,3 wk ahead,percent,0.004,Bin,6.3,6.4
Alaska,3 wk ahead,percent,0.006,Bin,6.4,6.5
Alaska,3 wk ahead,percent,0.004,Bin,6.5,6.6
Alaska,3 wk ahead,percent,0.006,Bin,6.6,6.7
Alaska,3 wk ahead,percent,0.014,Bin,6.7,6.8
Alaska,3 wk ahead,percent,0.002,Bin,6.8,6.9
Alaska,3 wk ahead,percent,0.006,Bin,6.9,7.0
Alaska,3 wk ahead,percent,0.006,Bin,7.0,7.1
Alaska,3 wk ahead,percent,0.012,Bin,7.1,7.2
Alaska,3 wk ahead,percent,0.002,Bin,7.2,7.3
Alaska,3 wk ahead,percent,0.006,Bin,7.3,7.4
Alaska,3 wk ahead,percent,0.012,Bin,7.4,7.5
Alaska,3 wk ahead,percent,0.008,Bin,7.5,7.6
Alaska,3 wk ahead,percent,0.006,Bin,7.6,7.7
Alaska,3 wk ahead,percent,0.008,Bin,7.7,7.8
Alaska,3 wk ahead,percent,0.002,Bin,7.8,7.9
Alaska,3 wk ahead,percent,0.004,Bin,7.9,8.0
Alaska,3 wk ahead,percent,0.006,Bin,8.0,8.1
Alaska,3 wk ahead,percent,0.008,Bin,8.1,8.2
Alaska,3 wk ahead,percent,0.002,Bin,8.2,8.3
Alaska,3 wk ahead,percent,0,Bin,8.3,8.4
Alaska,3 wk ahead,percent,0,Bin,8.4,8.5
Alaska,3 wk ahead,percent,0,Bin,8.5,8.6
Alaska,3 wk ahead,percent,0.002,Bin,8.6,8.7
Alaska,3 wk ahead,percent,0.002,Bin,8.7,8.8
Alaska,3 wk ahead,percent,0.004,Bin,8.8,8.9
Alaska,3 wk ahead,percent,0.004,Bin,8.9,9.0
Alaska,3 wk ahead,percent,0.002,Bin,9.0,9.1
Alaska,3 wk ahead,percent,0.002,Bin,9.1,9.2
Alaska,3 wk ahead,percent,0.002,Bin,9.2,9.3
Alaska,3 wk ahead,percent,0.008,Bin,9.3,9.4
Alaska,3 wk ahead,percent,0,Bin,9.4,9.5
Alaska,3 wk ahead,percent,0.002,Bin,9.5,9.6
Alaska,3 wk ahead,percent,0.002,Bin,9.6,9.7
Alaska,3 wk ahead,percent,0,Bin,9.7,9.8
Alaska,3 wk ahead,percent,0,Bin,9.8,9.9
Alaska,3 wk ahead,percent,0.004,Bin,9.9,10.0
Alaska,3 wk ahead,percent,0.002,Bin,10.0,10.1
Alaska,3 wk ahead,percent,0,Bin,10.1,10.2
Alaska,3 wk ahead,percent,0.008,Bin,10.2,10.3
Alaska,3 wk ahead,percent,0.002,Bin,10.3,10.4
Alaska,3 wk ahead,percent,0,Bin,10.4,10.5
Alaska,3 wk ahead,percent,0.002,Bin,10.5,10.6
Alaska,3 wk ahead,percent,0.008,Bin,10.6,10.7
Alaska,3 wk ahead,percent,0.002,Bin,10.7,10.8
Alaska,3 wk ahead,percent,0.004,Bin,10.8,10.9
Alaska,3 wk ahead,percent,0,Bin,10.9,11.0
Alaska,3 wk ahead,percent,0.004,Bin,11.0,11.1
Alaska,3 wk ahead,percent,0,Bin,11.1,11.2
Alaska,3 wk ahead,percent,0,Bin,11.2,11.3
Alaska,3 wk ahead,percent,0,Bin,11.3,11.4
Alaska,3 wk ahead,percent,0,Bin,11.4,11.5
Alaska,3 wk ahead,percent,0.002,Bin,11.5,11.6
Alaska,3 wk ahead,percent,0.01,Bin,11.6,11.7
Alaska,3 wk ahead,percent,0,Bin,11.7,11.8
Alaska,3 wk ahead,percent,0.006,Bin,11.8,11.9
Alaska,3 wk ahead,percent,0.002,Bin,11.9,12.0
Alaska,3 wk ahead,percent,0,Bin,12.0,12.1
Alaska,3 wk ahead,percent,0.002,Bin,12.1,12.2
Alaska,3 wk ahead,percent,0.004,Bin,12.2,12.3
Alaska,3 wk ahead,percent,0.002,Bin,12.3,12.4
Alaska,3 wk ahead,percent,0,Bin,12.4,12.5
Alaska,3 wk ahead,percent,0,Bin,12.5,12.6
Alaska,3 wk ahead,percent,0,Bin,12.6,12.7
Alaska,3 wk ahead,percent,0,Bin,12.7,12.8
Alaska,3 wk ahead,percent,0.002,Bin,12.8,12.9
Alaska,3 wk ahead,percent,0.002,Bin,12.9,13.0
Alaska,3 wk ahead,percent,0.054,Bin,13.0,100.0
Alaska,4 wk ahead,percent,0,Bin,0.0,0.1
Alaska,4 wk ahead,percent,0,Bin,0.1,0.2
Alaska,4 wk ahead,percent,0,Bin,0.2,0.3
Alaska,4 wk ahead,percent,0,Bin,0.3,0.4
Alaska,4 wk ahead,percent,0,Bin,0.4,0.5
Alaska,4 wk ahead,percent,0,Bin,0.5,0.6
Alaska,4 wk ahead,percent,0,Bin,0.6,0.7
Alaska,4 wk ahead,percent,0,Bin,0.7,0.8
Alaska,4 wk ahead,percent,0.006,Bin,0.8,0.9
Alaska,4 wk ahead,percent,0.006,Bin,0.9,1.0
Alaska,4 wk ahead,percent,0.014,Bin,1.0,1.1
Alaska,4 wk ahead,percent,0,Bin,1.1,1.2
Alaska,4 wk ahead,percent,0.008,Bin,1.2,1.3
Alaska,4 wk ahead,percent,0.012,Bin,1.3,1.4
Alaska,4 wk ahead,percent,0.01,Bin,1.4,1.5
Alaska,4 wk ahead,percent,0.01,Bin,1.5,1.6
Alaska,4 wk ahead,percent,0.012,Bin,1.6,1.7
Alaska,4 wk ahead,percent,0.016,Bin,1.7,1.8
Alaska,4 wk ahead,percent,0.01,Bin,1.8,1.9
Alaska,4 wk ahead,percent,0.014,Bin,1.9,2.0
Alaska,4 wk ahead,percent,0.006,Bin,2.0,2.1
Alaska,4 wk ahead,percent,0.008,Bin,2.1,2.2
Alaska,4 wk ahead,percent,0.01,Bin,2.2,2.3
Alaska,4 wk ahead,percent,0.01,Bin,2.3,2.4
Alaska,4 wk ahead,percent,0.02,Bin,2.4,2.5
Alaska,4 wk ahead,percent,0.022,Bin,2.5,2.6
Alaska,4 wk ahead,percent,0.006,Bin,2.6,2.7
Alaska,4 wk ahead,percent,0.004,Bin,2.7,2.8
Alaska,4 wk ahead,percent,0.02,Bin,2.8,2.9
Alaska,4 wk ahead,percent,0.02,Bin,2.9,3.0
Alaska,4 wk ahead,percent,0.026,Bin,3.0,3.1
Alaska,4 wk ahead,percent,0.01,Bin,3.1,3.2
Alaska,4 wk ahead,percent,0.014,Bin,3.2,3.3
Alaska,4 wk ahead,percent,0.02,Bin,3.3,3.4
Alaska,4 wk ahead,percent,0.016,Bin,3.4,3.5
Alaska,4 wk ahead,percent,0.016,Bin,3.5,3.6
Alaska,4 wk ahead,percent,0.022,Bin,3.6,3.7
Alaska,4 wk ahead,percent,0.008,Bin,3.7,3.8
Alaska,4 wk ahead,percent,0.016,Bin,3.8,3.9
Alaska,4 wk ahead,percent,0.012,Bin,3.9,4.0
Alaska,4 wk ahead,percent,0.008,Bin,4.0,4.1
Alaska,4 wk ahead,percent,0.018,Bin,4.1,4.2
Alaska,4 wk ahead,percent,0.016,Bin,4.2,4.3
Alaska,4 wk ahead,percent,0.01,Bin,4.3,4.4
Alaska,4 wk ahead,percent,0.014,Bin,4.4,4.5
Alaska,4 wk ahead,percent,0.016,Bin,4.5,4.6
Alaska,4 wk ahead,percent,0.014,Bin,4.6,4.7
Alaska,4 wk ahead,percent,0.008,Bin,4.7,4.8
Alaska,4 wk ahead,percent,0.01,Bin,4.8,4.9
Alaska,4 wk ahead,percent,0.016,Bin,4.9,5.0
Alaska,4 wk ahead,percent,0.008,Bin,5.0,5.1
Alaska,4 wk ahead,percent,0.012,Bin,5.1,5.2
Alaska,4 wk ahead,percent,0.016,Bin,5.2,5.3
Alaska,4 wk ahead,percent,0.018,Bin,5.3,5.4
Alaska,4 wk ahead,percent,0.01,Bin,5.4,5.5
Alaska,4 wk ahead,percent,0.006,Bin,5.5,5.6
Alaska,4 wk ahead,percent,0.004,Bin,5.6,5.7
Alaska,4 wk ahead,percent,0.012,Bin,5.7,5.8
Alaska,4 wk ahead,percent,0.002,Bin,5.8,5.9
Alaska,4 wk ahead,percent,0.004,Bin,5.9,6.0
Alaska,4 wk ahead,percent,0.004,Bin,6.0,6.1
Alaska,4 wk ahead,percent,0.008,Bin,6.1,6.2
Alaska,4 wk ahead,percent,0.006,Bin,6.2,6.3
Alaska,4 wk ahead,percent,0.006,Bin,6.3,6.4
Alaska,4 wk ahead,percent,0,Bin,6.4,6.5
Alaska,4 wk ahead,percent,0.01,Bin,6.5,6.6
Alaska,4 wk ahead,percent,0.008,Bin,6.6,6.7
Alaska,4 wk ahead,percent,0.008,Bin,6.7,6.8
Alaska,4 wk ahead,percent,0.008,Bin,6.8,6.9
Alaska,4 wk ahead,percent,0.008,Bin,6.9,7.0
Alaska,4 wk ahead,percent,0.006,Bin,7.0,7.1
Alaska,4 wk ahead,percent,0.006,Bin,7.1,7.2
Alaska,4 wk ahead,percent,0.008,Bin,7.2,7.3
Alaska,4 wk ahead,percent,0.01,Bin,7.3,7.4
Alaska,4 wk ahead,percent,0,Bin,7.4,7.5
Alaska,4 wk ahead,percent,0.004,Bin,7.5,7.6
Alaska,4 wk ahead,percent,0.006,Bin,7.6,7.7
Alaska,4 wk ahead,percent,0.01,Bin,7.7,7.8
Alaska,4 wk ahead,percent,0.008,Bin,7.8,7.9
Alaska,4 wk ahead,percent,0.01,Bin,7.9,8.0
Alaska,4 wk ahead,percent,0.006,Bin,8.0,8.1
Alaska,4 wk ahead,percent,0.006,Bin,8.1,8.2
Alaska,4 wk ahead,percent,0.004,Bin,8.2,8.3
Alaska,4 wk ahead,percent,0.006,Bin,8.3,8.4
Alaska,4 wk ahead,percent,0.004,Bin,8.4,8.5
Alaska,4 wk ahead,percent,0.008,Bin,8.5,8.6
Alaska,4 wk ahead,percent,0.004,Bin,8.6,8.7
Alaska,4 wk ahead,percent,0.002,Bin,8.7,8.8
Alaska,4 wk ahead,percent,0.006,Bin,8.8,8.9
Alaska,4 wk ahead,percent,0.008,Bin,8.9,9.0
Alaska,4 wk ahead,percent,0,Bin,9.0,9.1
Alaska,4 wk ahead,percent,0.004,Bin,9.1,9.2
Alaska,4 wk ahead,percent,0.002,Bin,9.2,9.3
Alaska,4 wk ahead,percent,0,Bin,9.3,9.4
Alaska,4 wk ahead,percent,0.006,Bin,9.4,9.5
Alaska,4 wk ahead,percent,0.002,Bin,9.5,9.6
Alaska,4 wk ahead,percent,0.006,Bin,9.6,9.7
Alaska,4 wk ahead,percent,0.006,Bin,9.7,9.8
Alaska,4 wk ahead,percent,0.004,Bin,9.8,9.9
Alaska,4 wk ahead,percent,0.002,Bin,9.9,10.0
Alaska,4 wk ahead,percent,0.002,Bin,10.0,10.1
Alaska,4 wk ahead,percent,0.004,Bin,10.1,10.2
Alaska,4 wk ahead,percent,0.002,Bin,10.2,10.3
Alaska,4 wk ahead,percent,0.006,Bin,10.3,10.4
Alaska,4 wk ahead,percent,0.002,Bin,10.4,10.5
Alaska,4 wk ahead,percent,0.002,Bin,10.5,10.6
Alaska,4 wk ahead,percent,0.002,Bin,10.6,10.7
Alaska,4 wk ahead,percent,0.002,Bin,10.7,10.8
Alaska,4 wk ahead,percent,0,Bin,10.8,10.9
Alaska,4 wk ahead,percent,0,Bin,10.9,11.0
Alaska,4 wk ahead,percent,0.006,Bin,11.0,11.1
Alaska,4 wk ahead,percent,0.004,Bin,11.1,11.2
Alaska,4 wk ahead,percent,0,Bin,11.2,11.3
Alaska,4 wk ahead,percent,0,Bin,11.3,11.4
Alaska,4 wk ahead,percent,0,Bin,11.4,11.5
Alaska,4 wk ahead,percent,0,Bin,11.5,11.6
Alaska,4 wk ahead,percent,0,Bin,11.6,11.7
Alaska,4 wk ahead,percent,0,Bin,11.7,11.8
Alaska,4 wk ahead,percent,0.006,Bin,11.8,11.9
Alaska,4 wk ahead,percent,0.002,Bin,11.9,12.0
Alaska,4 wk ahead,percent,0.002,Bin,12.0,12.1
Alaska,4 wk ahead,percent,0.002,Bin,12.1,12.2
Alaska,4 wk ahead,percent,0,Bin,12.2,12.3
Alaska,4 wk ahead,percent,0,Bin,12.3,12.4
Alaska,4 wk ahead,percent,0.002,Bin,12.4,12.5
Alaska,4 wk ahead,percent,0.004,Bin,12.5,12.6
Alaska,4 wk ahead,percent,0.002,Bin,12.6,12.7
Alaska,4 wk ahead,percent,0,Bin,12.7,12.8
Alaska,4 wk ahead,percent,0.004,Bin,12.8,12.9
Alaska,4 wk ahead,percent,0,Bin,12.9,13.0
Alaska,4 wk ahead,percent,0.098,Bin,13.0,100.0
Alaska,Season peak percentage,percent,0,Bin,0.0,0.1
Alaska,Season peak percentage,percent,0,Bin,0.1,0.2
Alaska,Season peak percentage,percent,0,Bin,0.2,0.3
Alaska,Season peak percentage,percent,0,Bin,0.3,0.4
Alaska,Season peak percentage,percent,0,Bin,0.4,0.5
Alaska,Season peak percentage,percent,0,Bin,0.5,0.6
Alaska,Season peak percentage,percent,0,Bin,0.6,0.7
Alaska,Season peak percentage,percent,0,Bin,0.7,0.8
Alaska,Season peak percentage,percent,0,Bin,0.8,0.9
Alaska,Season peak percentage,percent,0,Bin,0.9,1.0
Alaska,Season peak percentage,percent,0,Bin,1.0,1.1
Alaska,Season peak percentage,percent,0,Bin,1.1,1.2
Alaska,Season peak percentage,percent,0,Bin,1.2,1.3
Alaska,Season peak percentage,percent,0,Bin,1.3,1.4
Alaska,Season peak percentage,percent,0,Bin,1.4,1.5
Alaska,Season peak percentage,percent,0,Bin,1.5,1.6
Alaska,Season peak percentage,percent,0,Bin,1.6,1.7
Alaska,Season peak percentage,percent,0,Bin,1.7,1.8
Alaska,Season peak percentage,percent,0,Bin,1.8,1.9
Alaska,Season peak percentage,percent,0,Bin,1.9,2.0
Alaska,Season peak percentage,percent,0,Bin,2.0,2.1
Alaska,Season peak percentage,percent,0,Bin,2.1,2.2
Alaska,Season peak percentage,percent,0,Bin,2.2,2.3
Alaska,Season peak percentage,percent,0,Bin,2.3,2.4
Alaska,Season peak percentage,percent,0,Bin,2.4,2.5
Alaska,Season peak percentage,percent,0,Bin,2.5,2.6
Alaska,Season peak percentage,percent,0,Bin,2.6,2.7
Alaska,Season peak percentage,percent,0,Bin,2.7,2.8
Alaska,Season peak percentage,percent,0,Bin,2.8,2.9
Alaska,Season peak percentage,percent,0,Bin,2.9,3.0
Alaska,Season peak percentage,percent,0,Bin,3.0,3.1
Alaska,Season peak percentage,percent,0,Bin,3.1,3.2
Alaska,Season peak percentage,percent,0,Bin,3.2,3.3
Alaska,Season peak percentage,percent,0,Bin,3.3,3.4
Alaska,Season peak percentage,percent,0,Bin,3.4,3.5
Alaska,Season peak percentage,percent,0,Bin,3.5,3.6
Alaska,Season peak percentage,percent,0,Bin,3.6,3.7
Alaska,Season peak percentage,percent,0,Bin,3.7,3.8
Alaska,Season peak percentage,percent,0,Bin,3.8,3.9
Alaska,Season peak percentage,percent,0,Bin,3.9,4.0
Alaska,Season peak percentage,percent,0,Bin,4.0,4.1
Alaska,Season peak percentage,percent,0,Bin,4.1,4.2
Alaska,Season peak percentage,percent,0,Bin,4.2,4.3
Alaska,Season peak percentage,percent,0,Bin,4.3,4.4
Alaska,Season peak percentage,percent,0,Bin,4.4,4.5
Alaska,Season peak percentage,percent,0.11,Bin,4.5,4.6
Alaska,Season peak percentage,percent,0.01,Bin,4.6,4.7
Alaska,Season peak percentage,percent,0.002,Bin,4.7,4.8
Alaska,Season peak percentage,percent,0,Bin,4.8,4.9
Alaska,Season peak percentage,percent,0.004,Bin,4.9,5.0
Alaska,Season peak percentage,percent,0.004,Bin,5.0,5.1
Alaska,Season peak percentage,percent,0.006,Bin,5.1,5.2
Alaska,Season peak percentage,percent,0.002,Bin,5.2,5.3
Alaska,Season peak percentage,percent,0.002,Bin,5.3,5.4
Alaska,Season peak percentage,percent,0.006,Bin,5.4,5.5
Alaska,Season peak percentage,percent,0.006,Bin,5.5,5.6
Alaska,Season peak percentage,percent,0.008,Bin,5.6,5.7
Alaska,Season peak percentage,percent,0.014,Bin,5.7,5.8
Alaska,Season peak percentage,percent,0.004,Bin,5.8,5.9
Alaska,Season peak percentage,percent,0,Bin,5.9,6.0
Alaska,Season peak percentage,percent,0.002,Bin,6.0,6.1
Alaska,Season peak percentage,percent,0.004,Bin,6.1,6.2
Alaska,Season peak percentage,percent,0,Bin,6.2,6.3
Alaska,Season peak percentage,percent,0.002,Bin,6.3,6.4
Alaska,Season peak percentage,percent,0.006,Bin,6.4,6.5
Alaska,Season peak percentage,percent,0.008,Bin,6.5,6.6
Alaska,Season peak percentage,percent,0.006,Bin,6.6,6.7
Alaska,Season peak percentage,percent,0.006,Bin,6.7,6.8
Alaska,Season peak percentage,percent,0.004,Bin,6.8,6.9
Alaska,Season peak percentage,percent,0.01,Bin,6.9,7.0
Alaska,Season peak percentage,percent,0.006,Bin,7.0,7.1
Alaska,Season peak percentage,percent,0.008,Bin,7.1,7.2
Alaska,Season peak percentage,percent,0.004,Bin,7.2,7.3
Alaska,Season peak percentage,percent,0.008,Bin,7.3,7.4
Alaska,Season peak percentage,percent,0.002,Bin,7.4,7.5
Alaska,Season peak percentage,percent,0.014,Bin,7.5,7.6
Alaska,Season peak percentage,percent,0.004,Bin,7.6,7.7
Alaska,Season peak percentage,percent,0.004,Bin,7.7,7.8
Alaska,Season peak percentage,percent,0.012,Bin,7.8,7.9
Alaska,Season peak percentage,percent,0.002,Bin,7.9,8.0
Alaska,Season peak percentage,percent,0.002,Bin,8.0,8.1
Alaska,Season peak percentage,percent,0.01,Bin,8.1,8.2
Alaska,Season peak percentage,percent,0.002,Bin,8.2,8.3
Alaska,Season peak percentage,percent,0.004,Bin,8.3,8.4
Alaska,Season peak percentage,percent,0.004,Bin,8.4,8.5
Alaska,Season peak percentage,percent,0.006,Bin,8.5,8.6
Alaska,Season peak percentage,percent,0,Bin,8.6,8.7
Alaska,Season peak percentage,percent,0.004,Bin,8.7,8.8
Alaska,Season peak percentage,percent,0.004,Bin,8.8,8.9
Alaska,Season peak percentage,percent,0.004,Bin,8.9,9.0
Alaska,Season peak percentage,percent,0.01,Bin,9.0,9.1
Alaska,Season peak percentage,percent,0.004,Bin,9.1,9.2
Alaska,Season peak percentage,percent,0.012,Bin,9.2,9.3
Alaska,Season peak percentage,percent,0.004,Bin,9.3,9.4
Alaska,Season peak percentage,percent,0.002,Bin,9.4,9.5
Alaska,Season peak percentage,percent,0.004,Bin,9.5,9.6
Alaska,Season peak percentage,percent,0.004,Bin,9.6,9.7
Alaska,Season peak percentage,percent,0.002,Bin,9.7,9.8
Alaska,Season peak percentage,percent,0.004,Bin,9.8,9.9
Alaska,Season peak percentage,percent,0.008,Bin,9.9,10.0
Alaska,Season peak percentage,percent,0,Bin,10.0,10.1
Alaska,Season peak percentage,percent,0.008,Bin,10.1,10.2
Alaska,Season peak percentage,percent,0.002,Bin,10.2,10.3
Alaska,Season peak percentage,percent,0.006,Bin,10.3,10.4
Alaska,Season peak percentage,percent,0.006,Bin,10.4,10.5
Alaska,Season peak percentage,percent,0,Bin,10.5,10.6
Alaska,Season peak percentage,percent,0.006,Bin,10.6,10.7
Alaska,Season peak percentage,percent,0.006,Bin,10.7,10.8
Alaska,Season peak percentage,percent,0.002,Bin,10.8,10.9
Alaska,Season peak percentage,percent,0.002,Bin,10.9,11.0
Alaska,Season peak percentage,percent,0.006,Bin,11.0,11.1
Alaska,Season peak percentage,percent,0,Bin,11.1,11.2
Alaska,Season peak percentage,percent,0.008,Bin,11.2,11.3
Alaska,Season peak percentage,percent,0.002,Bin,11.3,11.4
Alaska,Season peak percentage,percent,0.004,Bin,11.4,11.5
Alaska,Season peak percentage,percent,0.01,Bin,11.5,11.6
Alaska,Season peak percentage,percent,0.006,Bin,11.6,11.7
Alaska,Season peak percentage,percent,0,Bin,11.7,11.8
Alaska,Season peak percentage,percent,0.004,Bin,11.8,11.9
Alaska,Season peak percentage,percent,0.004,Bin,11.9,12.0
Alaska,Season peak percentage,percent,0.004,Bin,12.0,12.1
Alaska,Season peak percentage,percent,0.006,Bin,12.1,12.2
Alaska,Season peak percentage,percent,0.008,Bin,12.2,12.3
Alaska,Season peak percentage,percent,0.004,Bin,12.3,12.4
Alaska,Season peak percentage,percent,0,Bin,12.4,12.5
Alaska,Season peak percentage,percent,0.006,Bin,12.5,12.6
Alaska,Season peak percentage,percent,0.002,Bin,12.6,12.7
Alaska,Season peak percentage,percent,0.002,Bin,12.7,12.8
Alaska,Season peak percentage,percent,0.004,Bin,12.8,12.9
Alaska,Season peak percentage,percent,0.002,Bin,12.9,13.0
Alaska,Season peak percentage,percent,0.496,Bin,13.0,100.0
Alaska,Season peak week,week,0,Bin,40.0,41.0
Alaska,Season peak week,week,0,Bin,41.0,42.0
Alaska,Season peak week,week,0,Bin,42.0,43.0
Alaska,Season peak week,week,0,Bin,43.0,44.0
Alaska,Season peak week,week,0,Bin,44.0,45.0
Alaska,Season peak week,week,0,Bin,45.0,46.0
Alaska,Season peak week,week,0,Bin,46.0,47.0
Alaska,Season peak week,week,0,Bin,47.0,48.0
Alaska,Season peak week,week,0,Bin,48.0,49.0
Alaska,Season peak week,week,0.118534482758621,Bin,49.0,50.0
Alaska,Season peak week,week,0.0258620689655172,Bin,50.0,51.0
Alaska,Season peak week,week,0.0237068965517241,Bin,51.0,52.0
Alaska,Season peak week,week,0.0387931034482759,Bin,52.0,53.0
Alaska,Season peak week,week,0.0818965517241379,Bin,1.0,2.0
Alaska,Season peak week,week,0.0366379310344828,Bin,2.0,3.0
Alaska,Season peak week,week,0.0366379310344828,Bin,3.0,4.0
Alaska,Season peak week,week,0.0129310344827586,Bin,4.0,5.0
Alaska,Season peak week,week,0.0172413793103448,Bin,5.0,6.0
Alaska,Season peak week,week,0.0495689655172414,Bin,6.0,7.0
Alaska,Season peak week,week,0.0517241379310345,Bin,7.0,8.0
Alaska,Season peak week,week,0.0538793103448276,Bin,8.0,9.0
Alaska,Season peak week,week,0.0237068965517241,Bin,9.0,10.0
Alaska,Season peak week,week,0.0387931034482759,Bin,10.0,11.0
Alaska,Season peak week,week,0.0452586206896552,Bin,11.0,12.0
Alaska,Season peak week,week,0.0538793103448276,Bin,12.0,13.0
Alaska,Season peak week,week,0.0732758620689655,Bin,13.0,14.0
Alaska,Season peak week,week,0.0431034482758621,Bin,14.0,15.0
Alaska,Season peak week,week,0.0280172413793103,Bin,15.0,16.0
Alaska,Season peak week,week,0.0387931034482759,Bin,16.0,17.0
Alaska,Season peak week,week,0.0258620689655172,Bin,17.0,18.0
Alaska,Season peak week,week,0.0344827586206897,Bin,18.0,19.0
Alaska,Season peak week,week,0.0280172413793103,Bin,19.0,20.0
Alaska,Season peak week,week,0.0193965517241379,Bin,20.0,21.0
Arizona,1 wk ahead,percent,0,Bin,0.0,0.1
Arizona,1 wk ahead,percent,0,Bin,0.1,0.2
Arizona,1 wk ahead,percent,0,Bin,0.2,0.3
Arizona,1 wk ahead,percent,0,Bin,0.3,0.4
Arizona,1 wk ahead,percent,0,Bin,0.4,0.5
Arizona,1 wk ahead,percent,0,Bin,0.5,0.6
Arizona,1 wk ahead,percent,0,Bin,0.6,0.7
Arizona,1 wk ahead,percent,0,Bin,0.7,0.8
Arizona,1 wk ahead,percent,0,Bin,0.8,0.9
Arizona,1 wk ahead,percent,0,Bin,0.9,1.0
Arizona,1 wk ahead,percent,0,Bin,1.0,1.1
Arizona,1 wk ahead,percent,0,Bin,1.1,1.2
Arizona,1 wk ahead,percent,0,Bin,1.2,1.3
Arizona,1 wk ahead,percent,0,Bin,1.3,1.4
Arizona,1 wk ahead,percent,0.006,Bin,1.4,1.5
Arizona,1 wk ahead,percent,0,Bin,1.5,1.6
Arizona,1 wk ahead,percent,0,Bin,1.6,1.7
Arizona,1 wk ahead,percent,0,Bin,1.7,1.8
Arizona,1 wk ahead,percent,0,Bin,1.8,1.9
Arizona,1 wk ahead,percent,0,Bin,1.9,2.0
Arizona,1 wk ahead,percent,0,Bin,2.0,2.1
Arizona,1 wk ahead,percent,0,Bin,2.1,2.2
Arizona,1 wk ahead,percent,0,Bin,2.2,2.3
Arizona,1 wk ahead,percent,0.006,Bin,2.3,2.4
Arizona,1 wk ahead,percent,0.006,Bin,2.4,2.5
Arizona,1 wk ahead,percent,0.004,Bin,2.5,2.6
Arizona,1 wk ahead,percent,0.012,Bin,2.6,2.7
Arizona,1 wk ahead,percent,0.024,Bin,2.7,2.8
Arizona,1 wk ahead,percent,0.032,Bin,2.8,2.9
Arizona,1 wk ahead,percent,0.038,Bin,2.9,3.0
Arizona,1 wk ahead,percent,0.09,Bin,3.0,3.1
Arizona,1 wk ahead,percent,0.064,Bin,3.1,3.2
Arizona,1 wk ahead,percent,0.098,Bin,3.2,3.3
Arizona,1 wk ahead,percent,0.116,Bin,3.3,3.4
Arizona,1 wk ahead,percent,0.034,Bin,3.4,3.5
Arizona,1 wk ahead,percent,0.074,Bin,3.5,3.6
Arizona,1 wk ahead,percent,0.054,Bin,3.6,3.7
Arizona,1 wk ahead,percent,0.07,Bin,3.7,3.8
Arizona,1 wk ahead,percent,0.028,Bin,3.8,3.9
Arizona,1 wk ahead,percent,0.056,Bin,3.9,4.0
Arizona,1 wk ahead,percent,0.038,Bin,4.0,4.1
Arizona,1 wk ahead,percent,0.042,Bin,4.1,4.2
Arizona,1 wk ahead,percent,0.03,Bin,4.2,4.3
Arizona,1 wk ahead,percent,0.036,Bin,4.3,4.4
Arizona,1 wk ahead,percent,0.01,Bin,4.4,4.5
Arizona,1 wk ahead,percent,0.014,Bin,4.5,4.6
Arizona,1 wk ahead,percent,0.002,Bin,4.6,4.7
Arizona,1 wk ahead,percent,0.004,Bin,4.7,4.8
Arizona,1 wk ahead,percent,0,Bin,4.8,4.9
Arizona,1 wk ahead,percent,0.002,Bin,4.9,5.0
Arizona,1 wk ahead,percent,0,Bin,5.0,5.1
Arizona,1 wk ahead,percent,0,Bin,5.1,5.2
Arizona,1 wk ahead,percent,0,Bin,5.2,5.3
Arizona,1 wk ahead,percent,0,Bin,5.3,5.4
Arizona,1 wk ahead,percent,0,Bin,5.4,5.5
Arizona,1 wk ahead,percent,0.002,Bin,5.5,5.6
Arizona,1 wk ahead,percent,0,Bin,5.6,5.7
Arizona,1 wk ahead,percent,0.002,Bin,5.7,5.8
Arizona,1 wk ahead,percent,0,Bin,5.8,5.9
Arizona,1 wk ahead,percent,0,Bin,5.9,6.0
Arizona,1 wk ahead,percent,0,Bin,6.0,6.1
Arizona,1 wk ahead,percent,0.002,Bin,6.1,6.2
Arizona,1 wk ahead,percent,0,Bin,6.2,6.3
Arizona,1 wk ahead,percent,0,Bin,6.3,6.4
Arizona,1 wk ahead,percent,0,Bin,6.4,6.5
Arizona,1 wk ahead,percent,0,Bin,6.5,6.6
Arizona,1 wk ahead,percent,0,Bin,6.6,6.7
Arizona,1 wk ahead,percent,0,Bin,6.7,6.8
Arizona,1 wk ahead,percent,0,Bin,6.8,6.9
Arizona,1 wk ahead,percent,0,Bin,6.9,7.0
Arizona,1 wk ahead,percent,0,Bin,7.0,7.1
Arizona,1 wk ahead,percent,0.004,Bin,7.1,7.2
Arizona,1 wk ahead,percent,0,Bin,7.2,7.3
Arizona,1 wk ahead,percent,0,Bin,7.3,7.4
Arizona,1 wk ahead,percent,0,Bin,7.4,7.5
Arizona,1 wk ahead,percent,0,Bin,7.5,7.6
Arizona,1 wk ahead,percent,0,Bin,7.6,7.7
Arizona,1 wk ahead,percent,0,Bin,7.7,7.8
Arizona,1 wk ahead,percent,0,Bin,7.8,7.9
Arizona,1 wk ahead,percent,0,Bin,7.9,8.0
Arizona,1 wk ahead,percent,0,Bin,8.0,8.1
Arizona,1 wk ahead,percent,0,Bin,8.1,8.2
Arizona,1 wk ahead,percent,0,Bin,8.2,8.3
Arizona,1 wk ahead,percent,0,Bin,8.3,8.4
Arizona,1 wk ahead,percent,0,Bin,8.4,8.5
Arizona,1 wk ahead,percent,0,Bin,8.5,8.6
Arizona,1 wk ahead,percent,0,Bin,8.6,8.7
Arizona,1 wk ahead,percent,0,Bin,8.7,8.8
Arizona,1 wk ahead,percent,0,Bin,8.8,8.9
Arizona,1 wk ahead,percent,0,Bin,8.9,9.0
Arizona,1 wk ahead,percent,0,Bin,9.0,9.1
Arizona,1 wk ahead,percent,0,Bin,9.1,9.2
Arizona,1 wk ahead,percent,0,Bin,9.2,9.3
Arizona,1 wk ahead,percent,0,Bin,9.3,9.4
Arizona,1 wk ahead,percent,0,Bin,9.4,9.5
Arizona,1 wk ahead,percent,0,Bin,9.5,9.6
Arizona,1 wk ahead,percent,0,Bin,9.6,9.7
Arizona,1 wk ahead,percent,0,Bin,9.7,9.8
Arizona,1 wk ahead,percent,0,Bin,9.8,9.9
Arizona,1 wk ahead,percent,0,Bin,9.9,10.0
Arizona,1 wk ahead,percent,0,Bin,10.0,10.1
Arizona,1 wk ahead,percent,0,Bin,10.1,10.2
Arizona,1 wk ahead,percent,0,Bin,10.2,10.3
Arizona,1 wk ahead,percent,0,Bin,10.3,10.4
Arizona,1 wk ahead,percent,0,Bin,10.4,10.5
Arizona,1 wk ahead,percent,0,Bin,10.5,10.6
Arizona,1 wk ahead,percent,0,Bin,10.6,10.7
Arizona,1 wk ahead,percent,0,Bin,10.7,10.8
Arizona,1 wk ahead,percent,0,Bin,10.8,10.9
Arizona,1 wk ahead,percent,0,Bin,10.9,11.0
Arizona,1 wk ahead,percent,0,Bin,11.0,11.1
Arizona,1 wk ahead,percent,0,Bin,11.1,11.2
Arizona,1 wk ahead,percent,0,Bin,11.2,11.3
Arizona,1 wk ahead,percent,0,Bin,11.3,11.4
Arizona,1 wk ahead,percent,0,Bin,11.4,11.5
Arizona,1 wk ahead,percent,0,Bin,11.5,11.6
Arizona,1 wk ahead,percent,0,Bin,11.6,11.7
Arizona,1 wk ahead,percent,0,Bin,11.7,11.8
Arizona,1 wk ahead,percent,0,Bin,11.8,11.9
Arizona,1 wk ahead,percent,0,Bin,11.9,12.0
Arizona,1 wk ahead,percent,0,Bin,12.0,12.1
Arizona,1 wk ahead,percent,0,Bin,12.1,12.2
Arizona,1 wk ahead,percent,0,Bin,12.2,12.3
Arizona,1 wk ahead,percent,0,Bin,12.3,12.4
Arizona,1 wk ahead,percent,0,Bin,12.4,12.5
Arizona,1 wk ahead,percent,0,Bin,12.5,12.6
Arizona,1 wk ahead,percent,0,Bin,12.6,12.7
Arizona,1 wk ahead,percent,0,Bin,12.7,12.8
Arizona,1 wk ahead,percent,0,Bin,12.8,12.9
Arizona,1 wk ahead,percent,0,Bin,12.9,13.0
Arizona,1 wk ahead,percent,0,Bin,13.0,100.0
Arizona,2 wk ahead,percent,0,Bin,0.0,0.1
Arizona,2 wk ahead,percent,0,Bin,0.1,0.2
Arizona,2 wk ahead,percent,0,Bin,0.2,0.3
Arizona,2 wk ahead,percent,0,Bin,0.3,0.4
Arizona,2 wk ahead,percent,0,Bin,0.4,0.5
Arizona,2 wk ahead,percent,0,Bin,0.5,0.6
Arizona,2 wk ahead,percent,0,Bin,0.6,0.7
Arizona,2 wk ahead,percent,0,Bin,0.7,0.8
Arizona,2 wk ahead,percent,0,Bin,0.8,0.9
Arizona,2 wk ahead,percent,0,Bin,0.9,1.0
Arizona,2 wk ahead,percent,0,Bin,1.0,1.1
Arizona,2 wk ahead,percent,0,Bin,1.1,1.2
Arizona,2 wk ahead,percent,0,Bin,1.2,1.3
Arizona,2 wk ahead,percent,0,Bin,1.3,1.4
Arizona,2 wk ahead,percent,0,Bin,1.4,1.5
Arizona,2 wk ahead,percent,0.002,Bin,1.5,1.6
Arizona,2 wk ahead,percent,0,Bin,1.6,1.7
Arizona,2 wk ahead,percent,0.004,Bin,1.7,1.8
Arizona,2 wk ahead,percent,0,Bin,1.8,1.9
Arizona,2 wk ahead,percent,0,Bin,1.9,2.0
Arizona,2 wk ahead,percent,0,Bin,2.0,2.1
Arizona,2 wk ahead,percent,0,Bin,2.1,2.2
Arizona,2 wk ahead,percent,0.008,Bin,2.2,2.3
Arizona,2 wk ahead,percent,0.008,Bin,2.3,2.4
Arizona,2 wk ahead,percent,0.01,Bin,2.4,2.5
Arizona,2 wk ahead,percent,0.002,Bin,2.5,2.6
Arizona,2 wk ahead,percent,0.01,Bin,2.6,2.7
Arizona,2 wk ahead,percent,0.006,Bin,2.7,2.8
Arizona,2 wk ahead,percent,0.012,Bin,2.8,2.9
Arizona,2 wk ahead,percent,0.016,Bin,2.9,3.0
Arizona,2 wk ahead,percent,0.026,Bin,3.0,3.1
Arizona,2 wk ahead,percent,0.044,Bin,3.1,3.2
Arizona,2 wk ahead,percent,0.062,Bin,3.2,3.3
Arizona,2 wk ahead,percent,0.046,Bin,3.3,3.4
Arizona,2 wk ahead,percent,0.042,Bin,3.4,3.5
Arizona,2 wk ahead,percent,0.056,Bin,3.5,3.6
Arizona,2 wk ahead,percent,0.056,Bin,3.6,3.7
Arizona,2 wk ahead,percent,0.044,Bin,3.7,3.8
Arizona,2 wk ahead,percent,0.066,Bin,3.8,3.9
Arizona,2 wk ahead,percent,0.05,Bin,3.9,4.0
Arizona,2 wk ahead,percent,0.056,Bin,4.0,4.1
Arizona,2 wk ahead,percent,0.028,Bin,4.1,4.2
Arizona,2 wk ahead,percent,0.058,Bin,4.2,4.3
Arizona,2 wk ahead,percent,0.038,Bin,4.3,4.4
Arizona,2 wk ahead,percent,0.026,Bin,4.4,4.5
Arizona,2 wk ahead,percent,0.04,Bin,4.5,4.6
Arizona,2 wk ahead,percent,0.03,Bin,4.6,4.7
Arizona,2 wk ahead,percent,0.032,Bin,4.7,4.8
Arizona,2 wk ahead,percent,0.018,Bin,4.8,4.9
Arizona,2 wk ahead,percent,0.026,Bin,4.9,5.0
Arizona,2 wk ahead,percent,0.016,Bin,5.0,5.1
Arizona,2 wk ahead,percent,0.02,Bin,5.1,5.2
Arizona,2 wk ahead,percent,0.01,Bin,5.2,5.3
Arizona,2 wk ahead,percent,0.004,Bin,5.3,5.4
Arizona,2 wk ahead,percent,0.004,Bin,5.4,5.5
Arizona,2 wk ahead,percent,0.004,Bin,5.5,5.6
Arizona,2 wk ahead,percent,0.004,Bin,5.6,5.7
Arizona,2 wk ahead,percent,0.002,Bin,5.7,5.8
Arizona,2 wk ahead,percent,0.002,Bin,5.8,5.9
Arizona,2 wk ahead,percent,0,Bin,5.9,6.0
Arizona,2 wk ahead,percent,0,Bin,6.0,6.1
Arizona,2 wk ahead,percent,0,Bin,6.1,6.2
Arizona,2 wk ahead,percent,0,Bin,6.2,6.3
Arizona,2 wk ahead,percent,0.002,Bin,6.3,6.4
Arizona,2 wk ahead,percent,0,Bin,6.4,6.5
Arizona,2 wk ahead,percent,0,Bin,6.5,6.6
Arizona,2 wk ahead,percent,0,Bin,6.6,6.7
Arizona,2 wk ahead,percent,0.006,Bin,6.7,6.8
Arizona,2 wk ahead,percent,0,Bin,6.8,6.9
Arizona,2 wk ahead,percent,0.002,Bin,6.9,7.0
Arizona,2 wk ahead,percent,0.002,Bin,7.0,7.1
Arizona,2 wk ahead,percent,0,Bin,7.1,7.2
Arizona,2 wk ahead,percent,0,Bin,7.2,7.3
Arizona,2 wk ahead,percent,0,Bin,7.3,7.4
Arizona,2 wk ahead,percent,0,Bin,7.4,7.5
Arizona,2 wk ahead,percent,0,Bin,7.5,7.6
Arizona,2 wk ahead,percent,0,Bin,7.6,7.7
Arizona,2 wk ahead,percent,0,Bin,7.7,7.8
Arizona,2 wk ahead,percent,0,Bin,7.8,7.9
Arizona,2 wk ahead,percent,0,Bin,7.9,8.0
Arizona,2 wk ahead,percent,0,Bin,8.0,8.1
Arizona,2 wk ahead,percent,0,Bin,8.1,8.2
Arizona,2 wk ahead,percent,0,Bin,8.2,8.3
Arizona,2 wk ahead,percent,0,Bin,8.3,8.4
Arizona,2 wk ahead,percent,0,Bin,8.4,8.5
Arizona,2 wk ahead,percent,0,Bin,8.5,8.6
Arizona,2 wk ahead,percent,0,Bin,8.6,8.7
Arizona,2 wk ahead,percent,0,Bin,8.7,8.8
Arizona,2 wk ahead,percent,0,Bin,8.8,8.9
Arizona,2 wk ahead,percent,0,Bin,8.9,9.0
Arizona,2 wk ahead,percent,0,Bin,9.0,9.1
Arizona,2 wk ahead,percent,0,Bin,9.1,9.2
Arizona,2 wk ahead,percent,0,Bin,9.2,9.3
Arizona,2 wk ahead,percent,0,Bin,9.3,9.4
Arizona,2 wk ahead,percent,0,Bin,9.4,9.5
Arizona,2 wk ahead,percent,0,Bin,9.5,9.6
Arizona,2 wk ahead,percent,0,Bin,9.6,9.7
Arizona,2 wk ahead,percent,0,Bin,9.7,9.8
Arizona,2 wk ahead,percent,0,Bin,9.8,9.9
Arizona,2 wk ahead,percent,0,Bin,9.9,10.0
Arizona,2 wk ahead,percent,0,Bin,10.0,10.1
Arizona,2 wk ahead,percent,0,Bin,10.1,10.2
Arizona,2 wk ahead,percent,0,Bin,10.2,10.3
Arizona,2 wk ahead,percent,0,Bin,10.3,10.4
Arizona,2 wk ahead,percent,0,Bin,10.4,10.5
Arizona,2 wk ahead,percent,0,Bin,10.5,10.6
Arizona,2 wk ahead,percent,0,Bin,10.6,10.7
Arizona,2 wk ahead,percent,0,Bin,10.7,10.8
Arizona,2 wk ahead,percent,0,Bin,10.8,10.9
Arizona,2 wk ahead,percent,0,Bin,10.9,11.0
Arizona,2 wk ahead,percent,0,Bin,11.0,11.1
Arizona,2 wk ahead,percent,0,Bin,11.1,11.2
Arizona,2 wk ahead,percent,0,Bin,11.2,11.3
Arizona,2 wk ahead,percent,0,Bin,11.3,11.4
Arizona,2 wk ahead,percent,0,Bin,11.4,11.5
Arizona,2 wk ahead,percent,0,Bin,11.5,11.6
Arizona,2 wk ahead,percent,0,Bin,11.6,11.7
Arizona,2 wk ahead,percent,0,Bin,11.7,11.8
Arizona,2 wk ahead,percent,0,Bin,11.8,11.9
Arizona,2 wk ahead,percent,0,Bin,11.9,12.0
Arizona,2 wk ahead,percent,0,Bin,12.0,12.1
Arizona,2 wk ahead,percent,0,Bin,12.1,12.2
Arizona,2 wk ahead,percent,0,Bin,12.2,12.3
Arizona,2 wk ahead,percent,0,Bin,12.3,12.4
Arizona,2 wk ahead,percent,0,Bin,12.4,12.5
Arizona,2 wk ahead,percent,0,Bin,12.5,12.6
Arizona,2 wk ahead,percent,0,Bin,12.6,12.7
Arizona,2 wk ahead,percent,0,Bin,12.7,12.8
Arizona,2 wk ahead,percent,0,Bin,12.8,12.9
Arizona,2 wk ahead,percent,0,Bin,12.9,13.0
Arizona,2 wk ahead,percent,0,Bin,13.0,100.0
Arizona,3 wk ahead,percent,0,Bin,0.0,0.1
Arizona,3 wk ahead,percent,0,Bin,0.1,0.2
Arizona,3 wk ahead,percent,0,Bin,0.2,0.3
Arizona,3 wk ahead,percent,0,Bin,0.3,0.4
Arizona,3 wk ahead,percent,0,Bin,0.4,0.5
Arizona,3 wk ahead,percent,0,Bin,0.5,0.6
Arizona,3 wk ahead,percent,0,Bin,0.6,0.7
Arizona,3 wk ahead,percent,0,Bin,0.7,0.8
Arizona,3 wk ahead,percent,0,Bin,0.8,0.9
Arizona,3 wk ahead,percent,0,Bin,0.9,1.0
Arizona,3 wk ahead,percent,0,Bin,1.0,1.1
Arizona,3 wk ahead,percent,0,Bin,1.1,1.2
Arizona,3 wk ahead,percent,0,Bin,1.2,1.3
Arizona,3 wk ahead,percent,0,Bin,1.3,1.4
Arizona,3 wk ahead,percent,0.002,Bin,1.4,1.5
Arizona,3 wk ahead,percent,0.002,Bin,1.5,1.6
Arizona,3 wk ahead,percent,0.004,Bin,1.6,1.7
Arizona,3 wk ahead,percent,0.002,Bin,1.7,1.8
Arizona,3 wk ahead,percent,0.002,Bin,1.8,1.9
Arizona,3 wk ahead,percent,0,Bin,1.9,2.0
Arizona,3 wk ahead,percent,0.002,Bin,2.0,2.1
Arizona,3 wk ahead,percent,0.008,Bin,2.1,2.2
Arizona,3 wk ahead,percent,0.01,Bin,2.2,2.3
Arizona,3 wk ahead,percent,0.006,Bin,2.3,2.4
Arizona,3 wk ahead,percent,0.006,Bin,2.4,2.5
Arizona,3 wk ahead,percent,0.006,Bin,2.5,2.6
Arizona,3 wk ahead,percent,0.012,Bin,2.6,2.7
Arizona,3 wk ahead,percent,0.028,Bin,2.7,2.8
Arizona,3 wk ahead,percent,0.008,Bin,2.8,2.9
Arizona,3 wk ahead,percent,0.02,Bin,2.9,3.0
Arizona,3 wk ahead,percent,0.012,Bin,3.0,3.1
Arizona,3 wk ahead,percent,0.034,Bin,3.1,3.2
Arizona,3 wk ahead,percent,0.044,Bin,3.2,3.3
Arizona,3 wk ahead,percent,0.056,Bin,3.3,3.4
Arizona,3 wk ahead,percent,0.052,Bin,3.4,3.5
Arizona,3 wk ahead,percent,0.062,Bin,3.5,3.6
Arizona,3 wk ahead,percent,0.038,Bin,3.6,3.7
Arizona,3 wk ahead,percent,0.058,Bin,3.7,3.8
Arizona,3 wk ahead,percent,0.054,Bin,3.8,3.9
Arizona,3 wk ahead,percent,0.048,Bin,3.9,4.0
Arizona,3 wk ahead,percent,0.062,Bin,4.0,4.1
Arizona,3 wk ahead,percent,0.056,Bin,4.1,4.2
Arizona,3 wk ahead,percent,0.044,Bin,4.2,4.3
Arizona,3 wk ahead,percent,0.044,Bin,4.3,4.4
Arizona,3 wk ahead,percent,0.026,Bin,4.4,4.5
Arizona,3 wk ahead,percent,0.026,Bin,4.5,4.6
Arizona,3 wk ahead,percent,0.018,Bin,4.6,4.7
Arizona,3 wk ahead,percent,0.012,Bin,4.7,4.8
Arizona,3 wk ahead,percent,0.016,Bin,4.8,4.9
Arizona,3 wk ahead,percent,0.006,Bin,4.9,5.0
Arizona,3 wk ahead,percent,0.032,Bin,5.0,5.1
Arizona,3 wk ahead,percent,0.02,Bin,5.1,5.2
Arizona,3 wk ahead,percent,0.012,Bin,5.2,5.3
Arizona,3 wk ahead,percent,0.004,Bin,5.3,5.4
Arizona,3 wk ahead,percent,0.004,Bin,5.4,5.5
Arizona,3 wk ahead,percent,0.006,Bin,5.5,5.6
Arizona,3 wk ahead,percent,0.002,Bin,5.6,5.7
Arizona,3 wk ahead,percent,0.004,Bin,5.7,5.8
Arizona,3 wk ahead,percent,0.002,Bin,5.8,5.9
Arizona,3 wk ahead,percent,0.002,Bin,5.9,6.0
Arizona,3 wk ahead,percent,0.002,Bin,6.0,6.1
Arizona,3 wk ahead,percent,0.006,Bin,6.1,6.2
Arizona,3 wk ahead,percent,0.002,Bin,6.2,6.3
Arizona,3 wk ahead,percent,0.004,Bin,6.3,6.4
Arizona,3 wk ahead,percent,0,Bin,6.4,6.5
Arizona,3 wk ahead,percent,0.002,Bin,6.5,6.6
Arizona,3 wk ahead,percent,0,Bin,6.6,6.7
Arizona,3 wk ahead,percent,0,Bin,6.7,6.8
Arizona,3 wk ahead,percent,0,Bin,6.8,6.9
Arizona,3 wk ahead,percent,0.004,Bin,6.9,7.0
Arizona,3 wk ahead,percent,0,Bin,7.0,7.1
Arizona,3 wk ahead,percent,0,Bin,7.1,7.2
Arizona,3 wk ahead,percent,0,Bin,7.2,7.3
Arizona,3 wk ahead,percent,0,Bin,7.3,7.4
Arizona,3 wk ahead,percent,0.002,Bin,7.4,7.5
Arizona,3 wk ahead,percent,0,Bin,7.5,7.6
Arizona,3 wk ahead,percent,0,Bin,7.6,7.7
Arizona,3 wk ahead,percent,0,Bin,7.7,7.8
Arizona,3 wk ahead,percent,0,Bin,7.8,7.9
Arizona,3 wk ahead,percent,0,Bin,7.9,8.0
Arizona,3 wk ahead,percent,0,Bin,8.0,8.1
Arizona,3 wk ahead,percent,0,Bin,8.1,8.2
Arizona,3 wk ahead,percent,0,Bin,8.2,8.3
Arizona,3 wk ahead,percent,0.002,Bin,8.3,8.4
Arizona,3 wk ahead,percent,0,Bin,8.4,8.5
Arizona,3 wk ahead,percent,0,Bin,8.5,8.6
Arizona,3 wk ahead,percent,0,Bin,8.6,8.7
Arizona,3 wk ahead,percent,0,Bin,8.7,8.8
Arizona,3 wk ahead,percent,0,Bin,8.8,8.9
Arizona,3 wk ahead,percent,0.002,Bin,8.9,9.0
Arizona,3 wk ahead,percent,0,Bin,9.0,9.1
Arizona,3 wk ahead,percent,0,Bin,9.1,9.2
Arizona,3 wk ahead,percent,0,Bin,9.2,9.3
Arizona,3 wk ahead,percent,0,Bin,9.3,9.4
Arizona,3 wk ahead,percent,0,Bin,9.4,9.5
Arizona,3 wk ahead,percent,0,Bin,9.5,9.6
Arizona,3 wk ahead,percent,0,Bin,9.6,9.7
Arizona,3 wk ahead,percent,0,Bin,9.7,9.8
Arizona,3 wk ahead,percent,0,Bin,9.8,9.9
Arizona,3 wk ahead,percent,0,Bin,9.9,10.0
Arizona,3 wk ahead,percent,0,Bin,10.0,10.1
Arizona,3 wk ahead,percent,0,Bin,10.1,10.2
Arizona,3 wk ahead,percent,0,Bin,10.2,10.3
Arizona,3 wk ahead,percent,0,Bin,10.3,10.4
Arizona,3 wk ahead,percent,0,Bin,10.4,10.5
Arizona,3 wk ahead,percent,0,Bin,10.5,10.6
Arizona,3 wk ahead,percent,0,Bin,10.6,10.7
Arizona,3 wk ahead,percent,0,Bin,10.7,10.8
Arizona,3 wk ahead,percent,0,Bin,10.8,10.9
Arizona,3 wk ahead,percent,0,Bin,10.9,11.0
Arizona,3 wk ahead,percent,0,Bin,11.0,11.1
Arizona,3 wk ahead,percent,0,Bin,11.1,11.2
Arizona,3 wk ahead,percent,0,Bin,11.2,11.3
Arizona,3 wk ahead,percent,0,Bin,11.3,11.4
Arizona,3 wk ahead,percent,0,Bin,11.4,11.5
Arizona,3 wk ahead,percent,0,Bin,11.5,11.6
Arizona,3 wk ahead,percent,0,Bin,11.6,11.7
Arizona,3 wk ahead,percent,0,Bin,11.7,11.8
Arizona,3 wk ahead,percent,0,Bin,11.8,11.9
Arizona,3 wk ahead,percent,0,Bin,11.9,12.0
Arizona,3 wk ahead,percent,0,Bin,12.0,12.1
Arizona,3 wk ahead,percent,0,Bin,12.1,12.2
Arizona,3 wk ahead,percent,0,Bin,12.2,12.3
Arizona,3 wk ahead,percent,0,Bin,12.3,12.4
Arizona,3 wk ahead,percent,0,Bin,12.4,12.5
Arizona,3 wk ahead,percent,0,Bin,12.5,12.6
Arizona,3 wk ahead,percent,0,Bin,12.6,12.7
Arizona,3 wk ahead,percent,0,Bin,12.7,12.8
Arizona,3 wk ahead,percent,0,Bin,12.8,12.9
Arizona,3 wk ahead,percent,0,Bin,12.9,13.0
Arizona,3 wk ahead,percent,0,Bin,13.0,100.0
Arizona,4 wk ahead,percent,0,Bin,0.0,0.1
Arizona,4 wk ahead,percent,0,Bin,0.1,0.2
Arizona,4 wk ahead,percent,0,Bin,0.2,0.3
Arizona,4 wk ahead,percent,0,Bin,0.3,0.4
Arizona,4 wk ahead,percent,0,Bin,0.4,0.5
Arizona,4 wk ahead,percent,0,Bin,0.5,0.6
Arizona,4 wk ahead,percent,0,Bin,0.6,0.7
Arizona,4 wk ahead,percent,0,Bin,0.7,0.8
Arizona,4 wk ahead,percent,0,Bin,0.8,0.9
Arizona,4 wk ahead,percent,0,Bin,0.9,1.0
Arizona,4 wk ahead,percent,0,Bin,1.0,1.1
Arizona,4 wk ahead,percent,0.002,Bin,1.1,1.2
Arizona,4 wk ahead,percent,0,Bin,1.2,1.3
Arizona,4 wk ahead,percent,0,Bin,1.3,1.4
Arizona,4 wk ahead,percent,0.002,Bin,1.4,1.5
Arizona,4 wk ahead,percent,0.002,Bin,1.5,1.6
Arizona,4 wk ahead,percent,0,Bin,1.6,1.7
Arizona,4 wk ahead,percent,0,Bin,1.7,1.8
Arizona,4 wk ahead,percent,0,Bin,1.8,1.9
Arizona,4 wk ahead,percent,0,Bin,1.9,2.0
Arizona,4 wk ahead,percent,0.002,Bin,2.0,2.1
Arizona,4 wk ahead,percent,0,Bin,2.1,2.2
Arizona,4 wk ahead,percent,0.008,Bin,2.2,2.3
Arizona,4 wk ahead,percent,0,Bin,2.3,2.4
Arizona,4 wk ahead,percent,0.006,Bin,2.4,2.5
Arizona,4 wk ahead,percent,0.008,Bin,2.5,2.6
Arizona,4 wk ahead,percent,0.008,Bin,2.6,2.7
Arizona,4 wk ahead,percent,0.008,Bin,2.7,2.8
Arizona,4 wk ahead,percent,0.01,Bin,2.8,2.9
Arizona,4 wk ahead,percent,0.026,Bin,2.9,3.0
Arizona,4 wk ahead,percent,0.02,Bin,3.0,3.1
Arizona,4 wk ahead,percent,0.028,Bin,3.1,3.2
Arizona,4 wk ahead,percent,0.026,Bin,3.2,3.3
Arizona,4 wk ahead,percent,0.026,Bin,3.3,3.4
Arizona,4 wk ahead,percent,0.026,Bin,3.4,3.5
Arizona,4 wk ahead,percent,0.032,Bin,3.5,3.6
Arizona,4 wk ahead,percent,0.048,Bin,3.6,3.7
Arizona,4 wk ahead,percent,0.048,Bin,3.7,3.8
Arizona,4 wk ahead,percent,0.048,Bin,3.8,3.9
Arizona,4 wk ahead,percent,0.032,Bin,3.9,4.0
Arizona,4 wk ahead,percent,0.038,Bin,4.0,4.1
Arizona,4 wk ahead,percent,0.034,Bin,4.1,4.2
Arizona,4 wk ahead,percent,0.052,Bin,4.2,4.3
Arizona,4 wk ahead,percent,0.052,Bin,4.3,4.4
Arizona,4 wk ahead,percent,0.042,Bin,4.4,4.5
Arizona,4 wk ahead,percent,0.036,Bin,4.5,4.6
Arizona,4 wk ahead,percent,0.03,Bin,4.6,4.7
Arizona,4 wk ahead,percent,0.034,Bin,4.7,4.8
Arizona,4 wk ahead,percent,0.026,Bin,4.8,4.9
Arizona,4 wk ahead,percent,0.032,Bin,4.9,5.0
Arizona,4 wk ahead,percent,0.028,Bin,5.0,5.1
Arizona,4 wk ahead,percent,0.02,Bin,5.1,5.2
Arizona,4 wk ahead,percent,0.016,Bin,5.2,5.3
Arizona,4 wk ahead,percent,0.012,Bin,5.3,5.4
Arizona,4 wk ahead,percent,0.014,Bin,5.4,5.5
Arizona,4 wk ahead,percent,0.018,Bin,5.5,5.6
Arizona,4 wk ahead,percent,0.018,Bin,5.6,5.7
Arizona,4 wk ahead,percent,0.008,Bin,5.7,5.8
Arizona,4 wk ahead,percent,0.006,Bin,5.8,5.9
Arizona,4 wk ahead,percent,0.014,Bin,5.9,6.0
Arizona,4 wk ahead,percent,0.012,Bin,6.0,6.1
Arizona,4 wk ahead,percent,0.004,Bin,6.1,6.2
Arizona,4 wk ahead,percent,0.002,Bin,6.2,6.3
Arizona,4 wk ahead,percent,0.008,Bin,6.3,6.4
Arizona,4 wk ahead,percent,0.004,Bin,6.4,6.5
Arizona,4 wk ahead,percent,0.002,Bin,6.5,6.6
Arizona,4 wk ahead,percent,0.004,Bin,6.6,6.7
Arizona,4 wk ahead,percent,0,Bin,6.7,6.8
Arizona,4 wk ahead,percent,0,Bin,6.8,6.9
Arizona,4 wk ahead,percent,0.004,Bin,6.9,7.0
Arizona,4 wk ahead,percent,0.002,Bin,7.0,7.1
Arizona,4 wk ahead,percent,0.002,Bin,7.1,7.2
Arizona,4 wk ahead,percent,0.002,Bin,7.2,7.3
Arizona,4 wk ahead,percent,0,Bin,7.3,7.4
Arizona,4 wk ahead,percent,0.002,Bin,7.4,7.5
Arizona,4 wk ahead,percent,0,Bin,7.5,7.6
Arizona,4 wk ahead,percent,0,Bin,7.6,7.7
Arizona,4 wk ahead,percent,0.002,Bin,7.7,7.8
Arizona,4 wk ahead,percent,0,Bin,7.8,7.9
Arizona,4 wk ahead,percent,0.002,Bin,7.9,8.0
Arizona,4 wk ahead,percent,0,Bin,8.0,8.1
Arizona,4 wk ahead,percent,0,Bin,8.1,8.2
Arizona,4 wk ahead,percent,0,Bin,8.2,8.3
Arizona,4 wk ahead,percent,0,Bin,8.3,8.4
Arizona,4 wk ahead,percent,0,Bin,8.4,8.5
Arizona,4 wk ahead,percent,0,Bin,8.5,8.6
Arizona,4 wk ahead,percent,0,Bin,8.6,8.7
Arizona,4 wk ahead,percent,0,Bin,8.7,8.8
Arizona,4 wk ahead,percent,0,Bin,8.8,8.9
Arizona,4 wk ahead,percent,0,Bin,8.9,9.0
Arizona,4 wk ahead,percent,0,Bin,9.0,9.1
Arizona,4 wk ahead,percent,0,Bin,9.1,9.2
Arizona,4 wk ahead,percent,0,Bin,9.2,9.3
Arizona,4 wk ahead,percent,0,Bin,9.3,9.4
Arizona,4 wk ahead,percent,0,Bin,9.4,9.5
Arizona,4 wk ahead,percent,0,Bin,9.5,9.6
Arizona,4 wk ahead,percent,0,Bin,9.6,9.7
Arizona,4 wk ahead,percent,0,Bin,9.7,9.8
Arizona,4 wk ahead,percent,0,Bin,9.8,9.9
Arizona,4 wk ahead,percent,0,Bin,9.9,10.0
Arizona,4 wk ahead,percent,0,Bin,10.0,10.1
Arizona,4 wk ahead,percent,0,Bin,10.1,10.2
Arizona,4 wk ahead,percent,0,Bin,10.2,10.3
Arizona,4 wk ahead,percent,0,Bin,10.3,10.4
Arizona,4 wk ahead,percent,0,Bin,10.4,10.5
Arizona,4 wk ahead,percent,0.002,Bin,10.5,10.6
Arizona,4 wk ahead,percent,0,Bin,10.6,10.7
Arizona,4 wk ahead,percent,0,Bin,10.7,10.8
Arizona,4 wk ahead,percent,0,Bin,10.8,10.9
Arizona,4 wk ahead,percent,0,Bin,10.9,11.0
Arizona,4 wk ahead,percent,0,Bin,11.0,11.1
Arizona,4 wk ahead,percent,0,Bin,11.1,11.2
Arizona,4 wk ahead,percent,0,Bin,11.2,11.3
Arizona,4 wk ahead,percent,0,Bin,11.3,11.4
Arizona,4 wk ahead,percent,0,Bin,11.4,11.5
Arizona,4 wk ahead,percent,0,Bin,11.5,11.6
Arizona,4 wk ahead,percent,0,Bin,11.6,11.7
Arizona,4 wk ahead,percent,0,Bin,11.7,11.8
Arizona,4 wk ahead,percent,0,Bin,11.8,11.9
Arizona,4 wk ahead,percent,0,Bin,11.9,12.0
Arizona,4 wk ahead,percent,0,Bin,12.0,12.1
Arizona,4 wk ahead,percent,0,Bin,12.1,12.2
Arizona,4 wk ahead,percent,0,Bin,12.2,12.3
Arizona,4 wk ahead,percent,0,Bin,12.3,12.4
Arizona,4 wk ahead,percent,0,Bin,12.4,12.5
Arizona,4 wk ahead,percent,0,Bin,12.5,12.6
Arizona,4 wk ahead,percent,0,Bin,12.6,12.7
Arizona,4 wk ahead,percent,0,Bin,12.7,12.8
Arizona,4 wk ahead,percent,0,Bin,12.8,12.9
Arizona,4 wk ahead,percent,0,Bin,12.9,13.0
Arizona,4 wk ahead,percent,0,Bin,13.0,100.0
Arizona,Season peak percentage,percent,0,Bin,0.0,0.1
Arizona,Season peak percentage,percent,0,Bin,0.1,0.2
Arizona,Season peak percentage,percent,0,Bin,0.2,0.3
Arizona,Season peak percentage,percent,0,Bin,0.3,0.4
Arizona,Season peak percentage,percent,0,Bin,0.4,0.5
Arizona,Season peak percentage,percent,0,Bin,0.5,0.6
Arizona,Season peak percentage,percent,0,Bin,0.6,0.7
Arizona,Season peak percentage,percent,0,Bin,0.7,0.8
Arizona,Season peak percentage,percent,0,Bin,0.8,0.9
Arizona,Season peak percentage,percent,0,Bin,0.9,1.0
Arizona,Season peak percentage,percent,0,Bin,1.0,1.1
Arizona,Season peak percentage,percent,0,Bin,1.1,1.2
Arizona,Season peak percentage,percent,0,Bin,1.2,1.3
Arizona,Season peak percentage,percent,0,Bin,1.3,1.4
Arizona,Season peak percentage,percent,0,Bin,1.4,1.5
Arizona,Season peak percentage,percent,0,Bin,1.5,1.6
Arizona,Season peak percentage,percent,0,Bin,1.6,1.7
Arizona,Season peak percentage,percent,0,Bin,1.7,1.8
Arizona,Season peak percentage,percent,0,Bin,1.8,1.9
Arizona,Season peak percentage,percent,0,Bin,1.9,2.0
Arizona,Season peak percentage,percent,0,Bin,2.0,2.1
Arizona,Season peak percentage,percent,0,Bin,2.1,2.2
Arizona,Season peak percentage,percent,0,Bin,2.2,2.3
Arizona,Season peak percentage,percent,0,Bin,2.3,2.4
Arizona,Season peak percentage,percent,0,Bin,2.4,2.5
Arizona,Season peak percentage,percent,0,Bin,2.5,2.6
Arizona,Season peak percentage,percent,0,Bin,2.6,2.7
Arizona,Season peak percentage,percent,0,Bin,2.7,2.8
Arizona,Season peak percentage,percent,0,Bin,2.8,2.9
Arizona,Season peak percentage,percent,0,Bin,2.9,3.0
Arizona,Season peak percentage,percent,0,Bin,3.0,3.1
Arizona,Season peak percentage,percent,0,Bin,3.1,3.2
Arizona,Season peak percentage,percent,0,Bin,3.2,3.3
Arizona,Season peak percentage,percent,0,Bin,3.3,3.4
Arizona,Season peak percentage,percent,0.018,Bin,3.4,3.5
Arizona,Season peak percentage,percent,0,Bin,3.5,3.6
Arizona,Season peak percentage,percent,0.01,Bin,3.6,3.7
Arizona,Season peak percentage,percent,0.01,Bin,3.7,3.8
Arizona,Season peak percentage,percent,0.018,Bin,3.8,3.9
Arizona,Season peak percentage,percent,0.018,Bin,3.9,4.0
Arizona,Season peak percentage,percent,0.016,Bin,4.0,4.1
Arizona,Season peak percentage,percent,0.028,Bin,4.1,4.2
Arizona,Season peak percentage,percent,0.024,Bin,4.2,4.3
Arizona,Season peak percentage,percent,0.038,Bin,4.3,4.4
Arizona,Season peak percentage,percent,0.018,Bin,4.4,4.5
Arizona,Season peak percentage,percent,0.018,Bin,4.5,4.6
Arizona,Season peak percentage,percent,0.034,Bin,4.6,4.7
Arizona,Season peak percentage,percent,0.03,Bin,4.7,4.8
Arizona,Season peak percentage,percent,0.04,Bin,4.8,4.9
Arizona,Season peak percentage,percent,0.036,Bin,4.9,5.0
Arizona,Season peak percentage,percent,0.024,Bin,5.0,5.1
Arizona,Season peak percentage,percent,0.028,Bin,5.1,5.2
Arizona,Season peak percentage,percent,0.026,Bin,5.2,5.3
Arizona,Season peak percentage,percent,0.028,Bin,5.3,5.4
Arizona,Season peak percentage,percent,0.032,Bin,5.4,5.5
Arizona,Season peak percentage,percent,0.044,Bin,5.5,5.6
Arizona,Season peak percentage,percent,0.042,Bin,5.6,5.7
Arizona,Season peak percentage,percent,0.026,Bin,5.7,5.8
Arizona,Season peak percentage,percent,0.03,Bin,5.8,5.9
Arizona,Season peak percentage,percent,0.028,Bin,5.9,6.0
Arizona,Season peak percentage,percent,0.018,Bin,6.0,6.1
Arizona,Season peak percentage,percent,0.026,Bin,6.1,6.2
Arizona,Season peak percentage,percent,0.028,Bin,6.2,6.3
Arizona,Season peak percentage,percent,0.022,Bin,6.3,6.4
Arizona,Season peak percentage,percent,0.02,Bin,6.4,6.5
Arizona,Season peak percentage,percent,0.018,Bin,6.5,6.6
Arizona,Season peak percentage,percent,0.014,Bin,6.6,6.7
Arizona,Season peak percentage,percent,0.014,Bin,6.7,6.8
Arizona,Season peak percentage,percent,0.01,Bin,6.8,6.9
Arizona,Season peak percentage,percent,0.008,Bin,6.9,7.0
Arizona,Season peak percentage,percent,0.014,Bin,7.0,7.1
Arizona,Season peak percentage,percent,0.008,Bin,7.1,7.2
Arizona,Season peak percentage,percent,0.008,Bin,7.2,7.3
Arizona,Season peak percentage,percent,0.01,Bin,7.3,7.4
Arizona,Season peak percentage,percent,0.01,Bin,7.4,7.5
Arizona,Season peak percentage,percent,0.008,Bin,7.5,7.6
Arizona,Season peak percentage,percent,0.012,Bin,7.6,7.7
Arizona,Season peak percentage,percent,0.008,Bin,7.7,7.8
Arizona,Season peak percentage,percent,0.002,Bin,7.8,7.9
Arizona,Season peak percentage,percent,0.01,Bin,7.9,8.0
Arizona,Season peak percentage,percent,0.004,Bin,8.0,8.1
Arizona,Season peak percentage,percent,0.002,Bin,8.1,8.2
Arizona,Season peak percentage,percent,0.012,Bin,8.2,8.3
Arizona,Season peak percentage,percent,0.004,Bin,8.3,8.4
Arizona,Season peak percentage,percent,0.002,Bin,8.4,8.5
Arizona,Season peak percentage,percent,0,Bin,8.5,8.6
Arizona,Season peak percentage,percent,0.008,Bin,8.6,8.7
Arizona,Season peak percentage,percent,0,Bin,8.7,8.8
Arizona,Season peak percentage,percent,0.006,Bin,8.8,8.9
Arizona,Season peak percentage,percent,0.006,Bin,8.9,9.0
Arizona,Season peak percentage,percent,0,Bin,9.0,9.1
Arizona,Season peak percentage,percent,0.002,Bin,9.1,9.2
Arizona,Season peak percentage,percent,0.002,Bin,9.2,9.3
Arizona,Season peak percentage,percent,0,Bin,9.3,9.4
Arizona,Season peak percentage,percent,0,Bin,9.4,9.5
Arizona,Season peak percentage,percent,0.002,Bin,9.5,9.6
Arizona,Season peak percentage,percent,0,Bin,9.6,9.7
Arizona,Season peak percentage,percent,0,Bin,9.7,9.8
Arizona,Season peak percentage,percent,0.002,Bin,9.8,9.9
Arizona,Season peak percentage,percent,0.002,Bin,9.9,10.0
Arizona,Season peak percentage,percent,0.002,Bin,10.0,10.1
Arizona,Season peak percentage,percent,0,Bin,10.1,10.2
Arizona,Season peak percentage,percent,0.002,Bin,10.2,10.3
Arizona,Season peak percentage,percent,0,Bin,10.3,10.4
Arizona,Season peak percentage,percent,0,Bin,10.4,10.5
Arizona,Season peak percentage,percent,0.002,Bin,10.5,10.6
Arizona,Season peak percentage,percent,0,Bin,10.6,10.7
Arizona,Season peak percentage,percent,0,Bin,10.7,10.8
Arizona,Season peak percentage,percent,0,Bin,10.8,10.9
Arizona,Season peak percentage,percent,0,Bin,10.9,11.0
Arizona,Season peak percentage,percent,0,Bin,11.0,11.1
Arizona,Season peak percentage,percent,0.002,Bin,11.1,11.2
Arizona,Season peak percentage,percent,0,Bin,11.2,11.3
Arizona,Season peak percentage,percent,0,Bin,11.3,11.4
Arizona,Season peak percentage,percent,0,Bin,11.4,11.5
Arizona,Season peak percentage,percent,0,Bin,11.5,11.6
Arizona,Season peak percentage,percent,0,Bin,11.6,11.7
Arizona,Season peak percentage,percent,0,Bin,11.7,11.8
Arizona,Season peak percentage,percent,0,Bin,11.8,11.9
Arizona,Season peak percentage,percent,0,Bin,11.9,12.0
Arizona,Season peak percentage,percent,0,Bin,12.0,12.1
Arizona,Season peak percentage,percent,0,Bin,12.1,12.2
Arizona,Season peak percentage,percent,0,Bin,12.2,12.3
Arizona,Season peak percentage,percent,0,Bin,12.3,12.4
Arizona,Season peak percentage,percent,0.002,Bin,12.4,12.5
Arizona,Season peak percentage,percent,0.002,Bin,12.5,12.6
Arizona,Season peak percentage,percent,0,Bin,12.6,12.7
Arizona,Season peak percentage,percent,0,Bin,12.7,12.8
Arizona,Season peak percentage,percent,0,Bin,12.8,12.9
Arizona,Season peak percentage,percent,0,Bin,12.9,13.0
Arizona,Season peak percentage,percent,0.002,Bin,13.0,100.0
Arizona,Season peak week,week,0,Bin,40.0,41.0
Arizona,Season peak week,week,0,Bin,41.0,42.0
Arizona,Season peak week,week,0,Bin,42.0,43.0
Arizona,Season peak week,week,0,Bin,43.0,44.0
Arizona,Season peak week,week,0,Bin,44.0,45.0
Arizona,Season peak week,week,0,Bin,45.0,46.0
Arizona,Season peak week,week,0,Bin,46.0,47.0
Arizona,Season peak week,week,0,Bin,47.0,48.0
Arizona,Season peak week,week,0.0161579892280072,Bin,48.0,49.0
Arizona,Season peak week,week,0,Bin,49.0,50.0
Arizona,Season peak week,week,0.0107719928186715,Bin,50.0,51.0
Arizona,Season peak week,week,0.0412926391382406,Bin,51.0,52.0
Arizona,Season peak week,week,0.0377019748653501,Bin,52.0,53.0
Arizona,Season peak week,week,0.100538599640934,Bin,1.0,2.0
Arizona,Season peak week,week,0.0448833034111311,Bin,2.0,3.0
Arizona,Season peak week,week,0.0951526032315978,Bin,3.0,4.0
Arizona,Season peak week,week,0.0556552962298025,Bin,4.0,5.0
Arizona,Season peak week,week,0.161579892280072,Bin,5.0,6.0
Arizona,Season peak week,week,0.118491921005386,Bin,6.0,7.0
Arizona,Season peak week,week,0.192100538599641,Bin,7.0,8.0
Arizona,Season peak week,week,0.0484739676840215,Bin,8.0,9.0
Arizona,Season peak week,week,0.0466786355475763,Bin,9.0,10.0
Arizona,Season peak week,week,0.00718132854578097,Bin,10.0,11.0
Arizona,Season peak week,week,0.00897666068222621,Bin,11.0,12.0
Arizona,Season peak week,week,0,Bin,12.0,13.0
Arizona,Season peak week,week,0.00359066427289048,Bin,13.0,14.0
Arizona,Season peak week,week,0.00179533213644524,Bin,14.0,15.0
Arizona,Season peak week,week,0.00179533213644524,Bin,15.0,16.0
Arizona,Season peak week,week,0,Bin,16.0,17.0
Arizona,Season peak week,week,0.00359066427289048,Bin,17.0,18.0
Arizona,Season peak week,week,0.00179533213644524,Bin,18.0,19.0
Arizona,Season peak week,week,0,Bin,19.0,20.0
Arizona,Season peak week,week,0.00179533213644524,Bin,20.0,21.0
Connecticut,1 wk ahead,percent,0,Bin,0.0,0.1
Connecticut,1 wk ahead,percent,0,Bin,0.1,0.2
Connecticut,1 wk ahead,percent,0,Bin,0.2,0.3
Connecticut,1 wk ahead,percent,0.004,Bin,0.3,0.4
Connecticut,1 wk ahead,percent,0,Bin,0.4,0.5
Connecticut,1 wk ahead,percent,0,Bin,0.5,0.6
Connecticut,1 wk ahead,percent,0.002,Bin,0.6,0.7
Connecticut,1 wk ahead,percent,0.002,Bin,0.7,0.8
Connecticut,1 wk ahead,percent,0,Bin,0.8,0.9
Connecticut,1 wk ahead,percent,0,Bin,0.9,1.0
Connecticut,1 wk ahead,percent,0.004,Bin,1.0,1.1
Connecticut,1 wk ahead,percent,0.01,Bin,1.1,1.2
Connecticut,1 wk ahead,percent,0.02,Bin,1.2,1.3
Connecticut,1 wk ahead,percent,0.01,Bin,1.3,1.4
Connecticut,1 wk ahead,percent,0,Bin,1.4,1.5
Connecticut,1 wk ahead,percent,0.006,Bin,1.5,1.6
Connecticut,1 wk ahead,percent,0.014,Bin,1.6,1.7
Connecticut,1 wk ahead,percent,0.01,Bin,1.7,1.8
Connecticut,1 wk ahead,percent,0.004,Bin,1.8,1.9
Connecticut,1 wk ahead,percent,0.026,Bin,1.9,2.0
Connecticut,1 wk ahead,percent,0.018,Bin,2.0,2.1
Connecticut,1 wk ahead,percent,0.012,Bin,2.1,2.2
Connecticut,1 wk ahead,percent,0.042,Bin,2.2,2.3
Connecticut,1 wk ahead,percent,0.008,Bin,2.3,2.4
Connecticut,1 wk ahead,percent,0.016,Bin,2.4,2.5
Connecticut,1 wk ahead,percent,0.048,Bin,2.5,2.6
Connecticut,1 wk ahead,percent,0.01,Bin,2.6,2.7
Connecticut,1 wk ahead,percent,0.038,Bin,2.7,2.8
Connecticut,1 wk ahead,percent,0.042,Bin,2.8,2.9
Connecticut,1 wk ahead,percent,0.076,Bin,2.9,3.0
Connecticut,1 wk ahead,percent,0.04,Bin,3.0,3.1
Connecticut,1 wk ahead,percent,0.04,Bin,3.1,3.2
Connecticut,1 wk ahead,percent,0.044,Bin,3.2,3.3
Connecticut,1 wk ahead,percent,0.02,Bin,3.3,3.4
Connecticut,1 wk ahead,percent,0.056,Bin,3.4,3.5
Connecticut,1 wk ahead,percent,0.044,Bin,3.5,3.6
Connecticut,1 wk ahead,percent,0.036,Bin,3.6,3.7
Connecticut,1 wk ahead,percent,0.036,Bin,3.7,3.8
Connecticut,1 wk ahead,percent,0.032,Bin,3.8,3.9
Connecticut,1 wk ahead,percent,0.028,Bin,3.9,4.0
Connecticut,1 wk ahead,percent,0.022,Bin,4.0,4.1
Connecticut,1 wk ahead,percent,0.026,Bin,4.1,4.2
Connecticut,1 wk ahead,percent,0.02,Bin,4.2,4.3
Connecticut,1 wk ahead,percent,0.014,Bin,4.3,4.4
Connecticut,1 wk ahead,percent,0.004,Bin,4.4,4.5
Connecticut,1 wk ahead,percent,0.006,Bin,4.5,4.6
Connecticut,1 wk ahead,percent,0.014,Bin,4.6,4.7
Connecticut,1 wk ahead,percent,0.012,Bin,4.7,4.8
Connecticut,1 wk ahead,percent,0.006,Bin,4.8,4.9
Connecticut,1 wk ahead,percent,0.006,Bin,4.9,5.0
Connecticut,1 wk ahead,percent,0,Bin,5.0,5.1
Connecticut,1 wk ahead,percent,0.006,Bin,5.1,5.2
Connecticut,1 wk ahead,percent,0,Bin,5.2,5.3
Connecticut,1 wk ahead,percent,0.01,Bin,5.3,5.4
Connecticut,1 wk ahead,percent,0.004,Bin,5.4,5.5
Connecticut,1 wk ahead,percent,0,Bin,5.5,5.6
Connecticut,1 wk ahead,percent,0.008,Bin,5.6,5.7
Connecticut,1 wk ahead,percent,0,Bin,5.7,5.8
Connecticut,1 wk ahead,percent,0,Bin,5.8,5.9
Connecticut,1 wk ahead,percent,0.004,Bin,5.9,6.0
Connecticut,1 wk ahead,percent,0,Bin,6.0,6.1
Connecticut,1 wk ahead,percent,0.006,Bin,6.1,6.2
Connecticut,1 wk ahead,percent,0,Bin,6.2,6.3
Connecticut,1 wk ahead,percent,0,Bin,6.3,6.4
Connecticut,1 wk ahead,percent,0.002,Bin,6.4,6.5
Connecticut,1 wk ahead,percent,0.002,Bin,6.5,6.6
Connecticut,1 wk ahead,percent,0,Bin,6.6,6.7
Connecticut,1 wk ahead,percent,0,Bin,6.7,6.8
Connecticut,1 wk ahead,percent,0,Bin,6.8,6.9
Connecticut,1 wk ahead,percent,0,Bin,6.9,7.0
Connecticut,1 wk ahead,percent,0,Bin,7.0,7.1
Connecticut,1 wk ahead,percent,0,Bin,7.1,7.2
Connecticut,1 wk ahead,percent,0.002,Bin,7.2,7.3
Connecticut,1 wk ahead,percent,0,Bin,7.3,7.4
Connecticut,1 wk ahead,percent,0.002,Bin,7.4,7.5
Connecticut,1 wk ahead,percent,0.002,Bin,7.5,7.6
Connecticut,1 wk ahead,percent,0,Bin,7.6,7.7
Connecticut,1 wk ahead,percent,0,Bin,7.7,7.8
Connecticut,1 wk ahead,percent,0,Bin,7.8,7.9
Connecticut,1 wk ahead,percent,0.008,Bin,7.9,8.0
Connecticut,1 wk ahead,percent,0,Bin,8.0,8.1
Connecticut,1 wk ahead,percent,0.004,Bin,8.1,8.2
Connecticut,1 wk ahead,percent,0,Bin,8.2,8.3
Connecticut,1 wk ahead,percent,0,Bin,8.3,8.4
Connecticut,1 wk ahead,percent,0,Bin,8.4,8.5
Connecticut,1 wk ahead,percent,0,Bin,8.5,8.6
Connecticut,1 wk ahead,percent,0,Bin,8.6,8.7
Connecticut,1 wk ahead,percent,0,Bin,8.7,8.8
Connecticut,1 wk ahead,percent,0,Bin,8.8,8.9
Connecticut,1 wk ahead,percent,0.002,Bin,8.9,9.0
Connecticut,1 wk ahead,percent,0,Bin,9.0,9.1
Connecticut,1 wk ahead,percent,0,Bin,9.1,9.2
Connecticut,1 wk ahead,percent,0.002,Bin,9.2,9.3
Connecticut,1 wk ahead,percent,0,Bin,9.3,9.4
Connecticut,1 wk ahead,percent,0,Bin,9.4,9.5
Connecticut,1 wk ahead,percent,0,Bin,9.5,9.6
Connecticut,1 wk ahead,percent,0.002,Bin,9.6,9.7
Connecticut,1 wk ahead,percent,0,Bin,9.7,9.8
Connecticut,1 wk ahead,percent,0,Bin,9.8,9.9
Connecticut,1 wk ahead,percent,0,Bin,9.9,10.0
Connecticut,1 wk ahead,percent,0,Bin,10.0,10.1
Connecticut,1 wk ahead,percent,0,Bin,10.1,10.2
Connecticut,1 wk ahead,percent,0,Bin,10.2,10.3
Connecticut,1 wk ahead,percent,0,Bin,10.3,10.4
Connecticut,1 wk ahead,percent,0,Bin,10.4,10.5
Connecticut,1 wk ahead,percent,0.002,Bin,10.5,10.6
Connecticut,1 wk ahead,percent,0,Bin,10.6,10.7
Connecticut,1 wk ahead,percent,0,Bin,10.7,10.8
Connecticut,1 wk ahead,percent,0,Bin,10.8,10.9
Connecticut,1 wk ahead,percent,0,Bin,10.9,11.0
Connecticut,1 wk ahead,percent,0,Bin,11.0,11.1
Connecticut,1 wk ahead,percent,0,Bin,11.1,11.2
Connecticut,1 wk ahead,percent,0,Bin,11.2,11.3
Connecticut,1 wk ahead,percent,0,Bin,11.3,11.4
Connecticut,1 wk ahead,percent,0,Bin,11.4,11.5
Connecticut,1 wk ahead,percent,0,Bin,11.5,11.6
Connecticut,1 wk ahead,percent,0,Bin,11.6,11.7
Connecticut,1 wk ahead,percent,0,Bin,11.7,11.8
Connecticut,1 wk ahead,percent,0,Bin,11.8,11.9
Connecticut,1 wk ahead,percent,0,Bin,11.9,12.0
Connecticut,1 wk ahead,percent,0,Bin,12.0,12.1
Connecticut,1 wk ahead,percent,0,Bin,12.1,12.2
Connecticut,1 wk ahead,percent,0,Bin,12.2,12.3
Connecticut,1 wk ahead,percent,0,Bin,12.3,12.4
Connecticut,1 wk ahead,percent,0,Bin,12.4,12.5
Connecticut,1 wk ahead,percent,0,Bin,12.5,12.6
Connecticut,1 wk ahead,percent,0,Bin,12.6,12.7
Connecticut,1 wk ahead,percent,0,Bin,12.7,12.8
Connecticut,1 wk ahead,percent,0,Bin,12.8,12.9
Connecticut,1 wk ahead,percent,0,Bin,12.9,13.0
Connecticut,1 wk ahead,percent,0.004,Bin,13.0,100.0
Connecticut,2 wk ahead,percent,0,Bin,0.0,0.1
Connecticut,2 wk ahead,percent,0,Bin,0.1,0.2
Connecticut,2 wk ahead,percent,0,Bin,0.2,0.3
Connecticut,2 wk ahead,percent,0.002,Bin,0.3,0.4
Connecticut,2 wk ahead,percent,0,Bin,0.4,0.5
Connecticut,2 wk ahead,percent,0,Bin,0.5,0.6
Connecticut,2 wk ahead,percent,0,Bin,0.6,0.7
Connecticut,2 wk ahead,percent,0.004,Bin,0.7,0.8
Connecticut,2 wk ahead,percent,0.008,Bin,0.8,0.9
Connecticut,2 wk ahead,percent,0.004,Bin,0.9,1.0
Connecticut,2 wk ahead,percent,0.006,Bin,1.0,1.1
Connecticut,2 wk ahead,percent,0.004,Bin,1.1,1.2
Connecticut,2 wk ahead,percent,0.008,Bin,1.2,1.3
Connecticut,2 wk ahead,percent,0.008,Bin,1.3,1.4
Connecticut,2 wk ahead,percent,0.008,Bin,1.4,1.5
Connecticut,2 wk ahead,percent,0.01,Bin,1.5,1.6
Connecticut,2 wk ahead,percent,0.01,Bin,1.6,1.7
Connecticut,2 wk ahead,percent,0.008,Bin,1.7,1.8
Connecticut,2 wk ahead,percent,0.014,Bin,1.8,1.9
Connecticut,2 wk ahead,percent,0.014,Bin,1.9,2.0
Connecticut,2 wk ahead,percent,0.016,Bin,2.0,2.1
Connecticut,2 wk ahead,percent,0.012,Bin,2.1,2.2
Connecticut,2 wk ahead,percent,0.018,Bin,2.2,2.3
Connecticut,2 wk ahead,percent,0.022,Bin,2.3,2.4
Connecticut,2 wk ahead,percent,0.034,Bin,2.4,2.5
Connecticut,2 wk ahead,percent,0.028,Bin,2.5,2.6
Connecticut,2 wk ahead,percent,0.02,Bin,2.6,2.7
Connecticut,2 wk ahead,percent,0.034,Bin,2.7,2.8
Connecticut,2 wk ahead,percent,0.042,Bin,2.8,2.9
Connecticut,2 wk ahead,percent,0.036,Bin,2.9,3.0
Connecticut,2 wk ahead,percent,0.036,Bin,3.0,3.1
Connecticut,2 wk ahead,percent,0.034,Bin,3.1,3.2
Connecticut,2 wk ahead,percent,0.044,Bin,3.2,3.3
Connecticut,2 wk ahead,percent,0.034,Bin,3.3,3.4
Connecticut,2 wk ahead,percent,0.032,Bin,3.4,3.5
Connecticut,2 wk ahead,percent,0.032,Bin,3.5,3.6
Connecticut,2 wk ahead,percent,0.036,Bin,3.6,3.7
Connecticut,2 wk ahead,percent,0.024,Bin,3.7,3.8
Connecticut,2 wk ahead,percent,0.026,Bin,3.8,3.9
Connecticut,2 wk ahead,percent,0.034,Bin,3.9,4.0
Connecticut,2 wk ahead,percent,0.028,Bin,4.0,4.1
Connecticut,2 wk ahead,percent,0.026,Bin,4.1,4.2
Connecticut,2 wk ahead,percent,0.018,Bin,4.2,4.3
Connecticut,2 wk ahead,percent,0.022,Bin,4.3,4.4
Connecticut,2 wk ahead,percent,0.016,Bin,4.4,4.5
Connecticut,2 wk ahead,percent,0.01,Bin,4.5,4.6
Connecticut,2 wk ahead,percent,0.018,Bin,4.6,4.7
Connecticut,2 wk ahead,percent,0.01,Bin,4.7,4.8
Connecticut,2 wk ahead,percent,0.018,Bin,4.8,4.9
Connecticut,2 wk ahead,percent,0.01,Bin,4.9,5.0
Connecticut,2 wk ahead,percent,0.004,Bin,5.0,5.1
Connecticut,2 wk ahead,percent,0.004,Bin,5.1,5.2
Connecticut,2 wk ahead,percent,0.006,Bin,5.2,5.3
Connecticut,2 wk ahead,percent,0.01,Bin,5.3,5.4
Connecticut,2 wk ahead,percent,0.004,Bin,5.4,5.5
Connecticut,2 wk ahead,percent,0,Bin,5.5,5.6
Connecticut,2 wk ahead,percent,0.006,Bin,5.6,5.7
Connecticut,2 wk ahead,percent,0.004,Bin,5.7,5.8
Connecticut,2 wk ahead,percent,0.008,Bin,5.8,5.9
Connecticut,2 wk ahead,percent,0,Bin,5.9,6.0
Connecticut,2 wk ahead,percent,0.008,Bin,6.0,6.1
Connecticut,2 wk ahead,percent,0.008,Bin,6.1,6.2
Connecticut,2 wk ahead,percent,0,Bin,6.2,6.3
Connecticut,2 wk ahead,percent,0.002,Bin,6.3,6.4
Connecticut,2 wk ahead,percent,0.002,Bin,6.4,6.5
Connecticut,2 wk ahead,percent,0.004,Bin,6.5,6.6
Connecticut,2 wk ahead,percent,0.002,Bin,6.6,6.7
Connecticut,2 wk ahead,percent,0,Bin,6.7,6.8
Connecticut,2 wk ahead,percent,0,Bin,6.8,6.9
Connecticut,2 wk ahead,percent,0.004,Bin,6.9,7.0
Connecticut,2 wk ahead,percent,0.004,Bin,7.0,7.1
Connecticut,2 wk ahead,percent,0,Bin,7.1,7.2
Connecticut,2 wk ahead,percent,0.002,Bin,7.2,7.3
Connecticut,2 wk ahead,percent,0,Bin,7.3,7.4
Connecticut,2 wk ahead,percent,0,Bin,7.4,7.5
Connecticut,2 wk ahead,percent,0,Bin,7.5,7.6
Connecticut,2 wk ahead,percent,0.002,Bin,7.6,7.7
Connecticut,2 wk ahead,percent,0,Bin,7.7,7.8
Connecticut,2 wk ahead,percent,0,Bin,7.8,7.9
Connecticut,2 wk ahead,percent,0.006,Bin,7.9,8.0
Connecticut,2 wk ahead,percent,0.004,Bin,8.0,8.1
Connecticut,2 wk ahead,percent,0.002,Bin,8.1,8.2
Connecticut,2 wk ahead,percent,0,Bin,8.2,8.3
Connecticut,2 wk ahead,percent,0,Bin,8.3,8.4
Connecticut,2 wk ahead,percent,0,Bin,8.4,8.5
Connecticut,2 wk ahead,percent,0,Bin,8.5,8.6
Connecticut,2 wk ahead,percent,0,Bin,8.6,8.7
Connecticut,2 wk ahead,percent,0.002,Bin,8.7,8.8
Connecticut,2 wk ahead,percent,0,Bin,8.8,8.9
Connecticut,2 wk ahead,percent,0,Bin,8.9,9.0
Connecticut,2 wk ahead,percent,0,Bin,9.0,9.1
Connecticut,2 wk ahead,percent,0.002,Bin,9.1,9.2
Connecticut,2 wk ahead,percent,0,Bin,9.2,9.3
Connecticut,2 wk ahead,percent,0,Bin,9.3,9.4
Connecticut,2 wk ahead,percent,0,Bin,9.4,9.5
Connecticut,2 wk ahead,percent,0.002,Bin,9.5,9.6
Connecticut,2 wk ahead,percent,0,Bin,9.6,9.7
Connecticut,2 wk ahead,percent,0,Bin,9.7,9.8
Connecticut,2 wk ahead,percent,0,Bin,9.8,9.9
Connecticut,2 wk ahead,percent,0,Bin,9.9,10.0
Connecticut,2 wk ahead,percent,0,Bin,10.0,10.1
Connecticut,2 wk ahead,percent,0,Bin,10.1,10.2
Connecticut,2 wk ahead,percent,0.002,Bin,10.2,10.3
Connecticut,2 wk ahead,percent,0,Bin,10.3,10.4
Connecticut,2 wk ahead,percent,0,Bin,10.4,10.5
Connecticut,2 wk ahead,percent,0,Bin,10.5,10.6
Connecticut,2 wk ahead,percent,0,Bin,10.6,10.7
Connecticut,2 wk ahead,percent,0.002,Bin,10.7,10.8
Connecticut,2 wk ahead,percent,0,Bin,10.8,10.9
Connecticut,2 wk ahead,percent,0,Bin,10.9,11.0
Connecticut,2 wk ahead,percent,0,Bin,11.0,11.1
Connecticut,2 wk ahead,percent,0,Bin,11.1,11.2
Connecticut,2 wk ahead,percent,0,Bin,11.2,11.3
Connecticut,2 wk ahead,percent,0,Bin,11.3,11.4
Connecticut,2 wk ahead,percent,0,Bin,11.4,11.5
Connecticut,2 wk ahead,percent,0,Bin,11.5,11.6
Connecticut,2 wk ahead,percent,0,Bin,11.6,11.7
Connecticut,2 wk ahead,percent,0,Bin,11.7,11.8
Connecticut,2 wk ahead,percent,0,Bin,11.8,11.9
Connecticut,2 wk ahead,percent,0,Bin,11.9,12.0
Connecticut,2 wk ahead,percent,0,Bin,12.0,12.1
Connecticut,2 wk ahead,percent,0.002,Bin,12.1,12.2
Connecticut,2 wk ahead,percent,0,Bin,12.2,12.3
Connecticut,2 wk ahead,percent,0,Bin,12.3,12.4
Connecticut,2 wk ahead,percent,0,Bin,12.4,12.5
Connecticut,2 wk ahead,percent,0,Bin,12.5,12.6
Connecticut,2 wk ahead,percent,0,Bin,12.6,12.7
Connecticut,2 wk ahead,percent,0,Bin,12.7,12.8
Connecticut,2 wk ahead,percent,0,Bin,12.8,12.9
Connecticut,2 wk ahead,percent,0,Bin,12.9,13.0
Connecticut,2 wk ahead,percent,0.014,Bin,13.0,100.0
Connecticut,3 wk ahead,percent,0,Bin,0.0,0.1
Connecticut,3 wk ahead,percent,0,Bin,0.1,0.2
Connecticut,3 wk ahead,percent,0,Bin,0.2,0.3
Connecticut,3 wk ahead,percent,0,Bin,0.3,0.4
Connecticut,3 wk ahead,percent,0,Bin,0.4,0.5
Connecticut,3 wk ahead,percent,0,Bin,0.5,0.6
Connecticut,3 wk ahead,percent,0.004,Bin,0.6,0.7
Connecticut,3 wk ahead,percent,0.002,Bin,0.7,0.8
Connecticut,3 wk ahead,percent,0,Bin,0.8,0.9
Connecticut,3 wk ahead,percent,0.004,Bin,0.9,1.0
Connecticut,3 wk ahead,percent,0.006,Bin,1.0,1.1
Connecticut,3 wk ahead,percent,0.006,Bin,1.1,1.2
Connecticut,3 wk ahead,percent,0.008,Bin,1.2,1.3
Connecticut,3 wk ahead,percent,0.016,Bin,1.3,1.4
Connecticut,3 wk ahead,percent,0.022,Bin,1.4,1.5
Connecticut,3 wk ahead,percent,0.002,Bin,1.5,1.6
Connecticut,3 wk ahead,percent,0.006,Bin,1.6,1.7
Connecticut,3 wk ahead,percent,0.008,Bin,1.7,1.8
Connecticut,3 wk ahead,percent,0.01,Bin,1.8,1.9
Connecticut,3 wk ahead,percent,0.014,Bin,1.9,2.0
Connecticut,3 wk ahead,percent,0.008,Bin,2.0,2.1
Connecticut,3 wk ahead,percent,0.018,Bin,2.1,2.2
Connecticut,3 wk ahead,percent,0.018,Bin,2.2,2.3
Connecticut,3 wk ahead,percent,0.02,Bin,2.3,2.4
Connecticut,3 wk ahead,percent,0.014,Bin,2.4,2.5
Connecticut,3 wk ahead,percent,0.012,Bin,2.5,2.6
Connecticut,3 wk ahead,percent,0.02,Bin,2.6,2.7
Connecticut,3 wk ahead,percent,0.018,Bin,2.7,2.8
Connecticut,3 wk ahead,percent,0.016,Bin,2.8,2.9
Connecticut,3 wk ahead,percent,0.048,Bin,2.9,3.0
Connecticut,3 wk ahead,percent,0.026,Bin,3.0,3.1
Connecticut,3 wk ahead,percent,0.038,Bin,3.1,3.2
Connecticut,3 wk ahead,percent,0.022,Bin,3.2,3.3
Connecticut,3 wk ahead,percent,0.032,Bin,3.3,3.4
Connecticut,3 wk ahead,percent,0.024,Bin,3.4,3.5
Connecticut,3 wk ahead,percent,0.03,Bin,3.5,3.6
Connecticut,3 wk ahead,percent,0.026,Bin,3.6,3.7
Connecticut,3 wk ahead,percent,0.018,Bin,3.7,3.8
Connecticut,3 wk ahead,percent,0.028,Bin,3.8,3.9
Connecticut,3 wk ahead,percent,0.02,Bin,3.9,4.0
Connecticut,3 wk ahead,percent,0.028,Bin,4.0,4.1
Connecticut,3 wk ahead,percent,0.02,Bin,4.1,4.2
Connecticut,3 wk ahead,percent,0.022,Bin,4.2,4.3
Connecticut,3 wk ahead,percent,0.032,Bin,4.3,4.4
Connecticut,3 wk ahead,percent,0.022,Bin,4.4,4.5
Connecticut,3 wk ahead,percent,0.03,Bin,4.5,4.6
Connecticut,3 wk ahead,percent,0.016,Bin,4.6,4.7
Connecticut,3 wk ahead,percent,0.01,Bin,4.7,4.8
Connecticut,3 wk ahead,percent,0.006,Bin,4.8,4.9
Connecticut,3 wk ahead,percent,0.016,Bin,4.9,5.0
Connecticut,3 wk ahead,percent,0.006,Bin,5.0,5.1
Connecticut,3 wk ahead,percent,0.01,Bin,5.1,5.2
Connecticut,3 wk ahead,percent,0.004,Bin,5.2,5.3
Connecticut,3 wk ahead,percent,0.012,Bin,5.3,5.4
Connecticut,3 wk ahead,percent,0.014,Bin,5.4,5.5
Connecticut,3 wk ahead,percent,0.008,Bin,5.5,5.6
Connecticut,3 wk ahead,percent,0.006,Bin,5.6,5.7
Connecticut,3 wk ahead,percent,0.016,Bin,5.7,5.8
Connecticut,3 wk ahead,percent,0.008,Bin,5.8,5.9
Connecticut,3 wk ahead,percent,0.008,Bin,5.9,6.0
Connecticut,3 wk ahead,percent,0.004,Bin,6.0,6.1
Connecticut,3 wk ahead,percent,0.002,Bin,6.1,6.2
Connecticut,3 wk ahead,percent,0.012,Bin,6.2,6.3
Connecticut,3 wk ahead,percent,0.006,Bin,6.3,6.4
Connecticut,3 wk ahead,percent,0.008,Bin,6.4,6.5
Connecticut,3 wk ahead,percent,0.004,Bin,6.5,6.6
Connecticut,3 wk ahead,percent,0.006,Bin,6.6,6.7
Connecticut,3 wk ahead,percent,0.002,Bin,6.7,6.8
Connecticut,3 wk ahead,percent,0.002,Bin,6.8,6.9
Connecticut,3 wk ahead,percent,0.002,Bin,6.9,7.0
Connecticut,3 wk ahead,percent,0.002,Bin,7.0,7.1
Connecticut,3 wk ahead,percent,0.006,Bin,7.1,7.2
Connecticut,3 wk ahead,percent,0.004,Bin,7.2,7.3
Connecticut,3 wk ahead,percent,0.01,Bin,7.3,7.4
Connecticut,3 wk ahead,percent,0,Bin,7.4,7.5
Connecticut,3 wk ahead,percent,0,Bin,7.5,7.6
Connecticut,3 wk ahead,percent,0.002,Bin,7.6,7.7
Connecticut,3 wk ahead,percent,0,Bin,7.7,7.8
Connecticut,3 wk ahead,percent,0.002,Bin,7.8,7.9
Connecticut,3 wk ahead,percent,0.004,Bin,7.9,8.0
Connecticut,3 wk ahead,percent,0.002,Bin,8.0,8.1
Connecticut,3 wk ahead,percent,0,Bin,8.1,8.2
Connecticut,3 wk ahead,percent,0,Bin,8.2,8.3
Connecticut,3 wk ahead,percent,0.002,Bin,8.3,8.4
Connecticut,3 wk ahead,percent,0.002,Bin,8.4,8.5
Connecticut,3 wk ahead,percent,0,Bin,8.5,8.6
Connecticut,3 wk ahead,percent,0,Bin,8.6,8.7
Connecticut,3 wk ahead,percent,0,Bin,8.7,8.8
Connecticut,3 wk ahead,percent,0,Bin,8.8,8.9
Connecticut,3 wk ahead,percent,0,Bin,8.9,9.0
Connecticut,3 wk ahead,percent,0.004,Bin,9.0,9.1
Connecticut,3 wk ahead,percent,0.002,Bin,9.1,9.2
Connecticut,3 wk ahead,percent,0,Bin,9.2,9.3
Connecticut,3 wk ahead,percent,0.004,Bin,9.3,9.4
Connecticut,3 wk ahead,percent,0,Bin,9.4,9.5
Connecticut,3 wk ahead,percent,0,Bin,9.5,9.6
Connecticut,3 wk ahead,percent,0.002,Bin,9.6,9.7
Connecticut,3 wk ahead,percent,0,Bin,9.7,9.8
Connecticut,3 wk ahead,percent,0.002,Bin,9.8,9.9
Connecticut,3 wk ahead,percent,0.002,Bin,9.9,10.0
Connecticut,3 wk ahead,percent,0.002,Bin,10.0,10.1
Connecticut,3 wk ahead,percent,0,Bin,10.1,10.2
Connecticut,3 wk ahead,percent,0.002,Bin,10.2,10.3
Connecticut,3 wk ahead,percent,0.002,Bin,10.3,10.4
Connecticut,3 wk ahead,percent,0,Bin,10.4,10.5
Connecticut,3 wk ahead,percent,0.002,Bin,10.5,10.6
Connecticut,3 wk ahead,percent,0,Bin,10.6,10.7
Connecticut,3 wk ahead,percent,0,Bin,10.7,10.8
Connecticut,3 wk ahead,percent,0.002,Bin,10.8,10.9
Connecticut,3 wk ahead,percent,0,Bin,10.9,11.0
Connecticut,3 wk ahead,percent,0,Bin,11.0,11.1
Connecticut,3 wk ahead,percent,0.002,Bin,11.1,11.2
Connecticut,3 wk ahead,percent,0.004,Bin,11.2,11.3
Connecticut,3 wk ahead,percent,0.002,Bin,11.3,11.4
Connecticut,3 wk ahead,percent,0,Bin,11.4,11.5
Connecticut,3 wk ahead,percent,0,Bin,11.5,11.6
Connecticut,3 wk ahead,percent,0,Bin,11.6,11.7
Connecticut,3 wk ahead,percent,0,Bin,11.7,11.8
Connecticut,3 wk ahead,percent,0,Bin,11.8,11.9
Connecticut,3 wk ahead,percent,0,Bin,11.9,12.0
Connecticut,3 wk ahead,percent,0,Bin,12.0,12.1
Connecticut,3 wk ahead,percent,0,Bin,12.1,12.2
Connecticut,3 wk ahead,percent,0,Bin,12.2,12.3
Connecticut,3 wk ahead,percent,0,Bin,12.3,12.4
Connecticut,3 wk ahead,percent,0,Bin,12.4,12.5
Connecticut,3 wk ahead,percent,0,Bin,12.5,12.6
Connecticut,3 wk ahead,percent,0,Bin,12.6,12.7
Connecticut,3 wk ahead,percent,0,Bin,12.7,12.8
Connecticut,3 wk ahead,percent,0,Bin,12.8,12.9
Connecticut,3 wk ahead,percent,0,Bin,12.9,13.0
Connecticut,3 wk ahead,percent,0.024,Bin,13.0,100.0
Connecticut,4 wk ahead,percent,0,Bin,0.0,0.1
Connecticut,4 wk ahead,percent,0,Bin,0.1,0.2
Connecticut,4 wk ahead,percent,0,Bin,0.2,0.3
Connecticut,4 wk ahead,percent,0.002,Bin,0.3,0.4
Connecticut,4 wk ahead,percent,0.002,Bin,0.4,0.5
Connecticut,4 wk ahead,percent,0,Bin,0.5,0.6
Connecticut,4 wk ahead,percent,0,Bin,0.6,0.7
Connecticut,4 wk ahead,percent,0,Bin,0.7,0.8
Connecticut,4 wk ahead,percent,0.002,Bin,0.8,0.9
Connecticut,4 wk ahead,percent,0.008,Bin,0.9,1.0
Connecticut,4 wk ahead,percent,0.006,Bin,1.0,1.1
Connecticut,4 wk ahead,percent,0.002,Bin,1.1,1.2
Connecticut,4 wk ahead,percent,0.002,Bin,1.2,1.3
Connecticut,4 wk ahead,percent,0.004,Bin,1.3,1.4
Connecticut,4 wk ahead,percent,0.012,Bin,1.4,1.5
Connecticut,4 wk ahead,percent,0.008,Bin,1.5,1.6
Connecticut,4 wk ahead,percent,0.006,Bin,1.6,1.7
Connecticut,4 wk ahead,percent,0.006,Bin,1.7,1.8
Connecticut,4 wk ahead,percent,0.006,Bin,1.8,1.9
Connecticut,4 wk ahead,percent,0.008,Bin,1.9,2.0
Connecticut,4 wk ahead,percent,0.008,Bin,2.0,2.1
Connecticut,4 wk ahead,percent,0.004,Bin,2.1,2.2
Connecticut,4 wk ahead,percent,0.012,Bin,2.2,2.3
Connecticut,4 wk ahead,percent,0.016,Bin,2.3,2.4
Connecticut,4 wk ahead,percent,0.012,Bin,2.4,2.5
Connecticut,4 wk ahead,percent,0.016,Bin,2.5,2.6
Connecticut,4 wk ahead,percent,0.016,Bin,2.6,2.7
Connecticut,4 wk ahead,percent,0.024,Bin,2.7,2.8
Connecticut,4 wk ahead,percent,0.006,Bin,2.8,2.9
Connecticut,4 wk ahead,percent,0.024,Bin,2.9,3.0
Connecticut,4 wk ahead,percent,0.02,Bin,3.0,3.1
Connecticut,4 wk ahead,percent,0.016,Bin,3.1,3.2
Connecticut,4 wk ahead,percent,0.026,Bin,3.2,3.3
Connecticut,4 wk ahead,percent,0.02,Bin,3.3,3.4
Connecticut,4 wk ahead,percent,0.018,Bin,3.4,3.5
Connecticut,4 wk ahead,percent,0.024,Bin,3.5,3.6
Connecticut,4 wk ahead,percent,0.016,Bin,3.6,3.7
Connecticut,4 wk ahead,percent,0.022,Bin,3.7,3.8
Connecticut,4 wk ahead,percent,0.02,Bin,3.8,3.9
Connecticut,4 wk ahead,percent,0.03,Bin,3.9,4.0
Connecticut,4 wk ahead,percent,0.02,Bin,4.0,4.1
Connecticut,4 wk ahead,percent,0.014,Bin,4.1,4.2
Connecticut,4 wk ahead,percent,0.016,Bin,4.2,4.3
Connecticut,4 wk ahead,percent,0.028,Bin,4.3,4.4
Connecticut,4 wk ahead,percent,0.028,Bin,4.4,4.5
Connecticut,4 wk ahead,percent,0.03,Bin,4.5,4.6
Connecticut,4 wk ahead,percent,0.02,Bin,4.6,4.7
Connecticut,4 wk ahead,percent,0.014,Bin,4.7,4.8
Connecticut,4 wk ahead,percent,0.018,Bin,4.8,4.9
Connecticut,4 wk ahead,percent,0.016,Bin,4.9,5.0
Connecticut,4 wk ahead,percent,0.012,Bin,5.0,5.1
Connecticut,4 wk ahead,percent,0.016,Bin,5.1,5.2
Connecticut,4 wk ahead,percent,0.024,Bin,5.2,5.3
Connecticut,4 wk ahead,percent,0.002,Bin,5.3,5.4
Connecticut,4 wk ahead,percent,0.014,Bin,5.4,5.5
Connecticut,4 wk ahead,percent,0.018,Bin,5.5,5.6
Connecticut,4 wk ahead,percent,0.008,Bin,5.6,5.7
Connecticut,4 wk ahead,percent,0.02,Bin,5.7,5.8
Connecticut,4 wk ahead,percent,0.004,Bin,5.8,5.9
Connecticut,4 wk ahead,percent,0.012,Bin,5.9,6.0
Connecticut,4 wk ahead,percent,0.01,Bin,6.0,6.1
Connecticut,4 wk ahead,percent,0.006,Bin,6.1,6.2
Connecticut,4 wk ahead,percent,0.006,Bin,6.2,6.3
Connecticut,4 wk ahead,percent,0.004,Bin,6.3,6.4
Connecticut,4 wk ahead,percent,0.008,Bin,6.4,6.5
Connecticut,4 wk ahead,percent,0.02,Bin,6.5,6.6
Connecticut,4 wk ahead,percent,0.004,Bin,6.6,6.7
Connecticut,4 wk ahead,percent,0.006,Bin,6.7,6.8
Connecticut,4 wk ahead,percent,0.004,Bin,6.8,6.9
Connecticut,4 wk ahead,percent,0.004,Bin,6.9,7.0
Connecticut,4 wk ahead,percent,0.008,Bin,7.0,7.1
Connecticut,4 wk ahead,percent,0.002,Bin,7.1,7.2
Connecticut,4 wk ahead,percent,0.004,Bin,7.2,7.3
Connecticut,4 wk ahead,percent,0.002,Bin,7.3,7.4
Connecticut,4 wk ahead,percent,0.008,Bin,7.4,7.5
Connecticut,4 wk ahead,percent,0.006,Bin,7.5,7.6
Connecticut,4 wk ahead,percent,0.002,Bin,7.6,7.7
Connecticut,4 wk ahead,percent,0.002,Bin,7.7,7.8
Connecticut,4 wk ahead,percent,0.006,Bin,7.8,7.9
Connecticut,4 wk ahead,percent,0,Bin,7.9,8.0
Connecticut,4 wk ahead,percent,0.002,Bin,8.0,8.1
Connecticut,4 wk ahead,percent,0.002,Bin,8.1,8.2
Connecticut,4 wk ahead,percent,0.006,Bin,8.2,8.3
Connecticut,4 wk ahead,percent,0.008,Bin,8.3,8.4
Connecticut,4 wk ahead,percent,0.004,Bin,8.4,8.5
Connecticut,4 wk ahead,percent,0,Bin,8.5,8.6
Connecticut,4 wk ahead,percent,0.006,Bin,8.6,8.7
Connecticut,4 wk ahead,percent,0.006,Bin,8.7,8.8
Connecticut,4 wk ahead,percent,0.008,Bin,8.8,8.9
Connecticut,4 wk ahead,percent,0.002,Bin,8.9,9.0
Connecticut,4 wk ahead,percent,0.004,Bin,9.0,9.1
Connecticut,4 wk ahead,percent,0,Bin,9.1,9.2
Connecticut,4 wk ahead,percent,0,Bin,9.2,9.3
Connecticut,4 wk ahead,percent,0.002,Bin,9.3,9.4
Connecticut,4 wk ahead,percent,0.002,Bin,9.4,9.5
Connecticut,4 wk ahead,percent,0.002,Bin,9.5,9.6
Connecticut,4 wk ahead,percent,0.004,Bin,9.6,9.7
Connecticut,4 wk ahead,percent,0.004,Bin,9.7,9.8
Connecticut,4 wk ahead,percent,0.002,Bin,9.8,9.9
Connecticut,4 wk ahead,percent,0,Bin,9.9,10.0
Connecticut,4 wk ahead,percent,0,Bin,10.0,10.1
Connecticut,4 wk ahead,percent,0.002,Bin,10.1,10.2
Connecticut,4 wk ahead,percent,0.002,Bin,10.2,10.3
Connecticut,4 wk ahead,percent,0,Bin,10.3,10.4
Connecticut,4 wk ahead,percent,0,Bin,10.4,10.5
Connecticut,4 wk ahead,percent,0.004,Bin,10.5,10.6
Connecticut,4 wk ahead,percent,0.002,Bin,10.6,10.7
Connecticut,4 wk ahead,percent,0.002,Bin,10.7,10.8
Connecticut,4 wk ahead,percent,0,Bin,10.8,10.9
Connecticut,4 wk ahead,percent,0.002,Bin,10.9,11.0
Connecticut,4 wk ahead,percent,0.002,Bin,11.0,11.1
Connecticut,4 wk ahead,percent,0,Bin,11.1,11.2
Connecticut,4 wk ahead,percent,0,Bin,11.2,11.3
Connecticut,4 wk ahead,percent,0,Bin,11.3,11.4
Connecticut,4 wk ahead,percent,0,Bin,11.4,11.5
Connecticut,4 wk ahead,percent,0,Bin,11.5,11.6
Connecticut,4 wk ahead,percent,0.002,Bin,11.6,11.7
Connecticut,4 wk ahead,percent,0.002,Bin,11.7,11.8
Connecticut,4 wk ahead,percent,0,Bin,11.8,11.9
Connecticut,4 wk ahead,percent,0,Bin,11.9,12.0
Connecticut,4 wk ahead,percent,0.002,Bin,12.0,12.1
Connecticut,4 wk ahead,percent,0.002,Bin,12.1,12.2
Connecticut,4 wk ahead,percent,0,Bin,12.2,12.3
Connecticut,4 wk ahead,percent,0.002,Bin,12.3,12.4
Connecticut,4 wk ahead,percent,0,Bin,12.4,12.5
Connecticut,4 wk ahead,percent,0,Bin,12.5,12.6
Connecticut,4 wk ahead,percent,0.002,Bin,12.6,12.7
Connecticut,4 wk ahead,percent,0.002,Bin,12.7,12.8
Connecticut,4 wk ahead,percent,0,Bin,12.8,12.9
Connecticut,4 wk ahead,percent,0,Bin,12.9,13.0
Connecticut,4 wk ahead,percent,0.036,Bin,13.0,100.0
Connecticut,Season peak percentage,percent,0,Bin,0.0,0.1
Connecticut,Season peak percentage,percent,0,Bin,0.1,0.2
Connecticut,Season peak percentage,percent,0,Bin,0.2,0.3
Connecticut,Season peak percentage,percent,0,Bin,0.3,0.4
Connecticut,Season peak percentage,percent,0,Bin,0.4,0.5
Connecticut,Season peak percentage,percent,0,Bin,0.5,0.6
Connecticut,Season peak percentage,percent,0,Bin,0.6,0.7
Connecticut,Season peak percentage,percent,0,Bin,0.7,0.8
Connecticut,Season peak percentage,percent,0,Bin,0.8,0.9
Connecticut,Season peak percentage,percent,0,Bin,0.9,1.0
Connecticut,Season peak percentage,percent,0,Bin,1.0,1.1
Connecticut,Season peak percentage,percent,0,Bin,1.1,1.2
Connecticut,Season peak percentage,percent,0,Bin,1.2,1.3
Connecticut,Season peak percentage,percent,0,Bin,1.3,1.4
Connecticut,Season peak percentage,percent,0,Bin,1.4,1.5
Connecticut,Season peak percentage,percent,0,Bin,1.5,1.6
Connecticut,Season peak percentage,percent,0,Bin,1.6,1.7
Connecticut,Season peak percentage,percent,0,Bin,1.7,1.8
Connecticut,Season peak percentage,percent,0,Bin,1.8,1.9
Connecticut,Season peak percentage,percent,0,Bin,1.9,2.0
Connecticut,Season peak percentage,percent,0,Bin,2.0,2.1
Connecticut,Season peak percentage,percent,0,Bin,2.1,2.2
Connecticut,Season peak percentage,percent,0,Bin,2.2,2.3
Connecticut,Season peak percentage,percent,0,Bin,2.3,2.4
Connecticut,Season peak percentage,percent,0,Bin,2.4,2.5
Connecticut,Season peak percentage,percent,0,Bin,2.5,2.6
Connecticut,Season peak percentage,percent,0,Bin,2.6,2.7
Connecticut,Season peak percentage,percent,0,Bin,2.7,2.8
Connecticut,Season peak percentage,percent,0,Bin,2.8,2.9
Connecticut,Season peak percentage,percent,0,Bin,2.9,3.0
Connecticut,Season peak percentage,percent,0,Bin,3.0,3.1
Connecticut,Season peak percentage,percent,0,Bin,3.1,3.2
Connecticut,Season peak percentage,percent,0,Bin,3.2,3.3
Connecticut,Season peak percentage,percent,0,Bin,3.3,3.4
Connecticut,Season peak percentage,percent,0,Bin,3.4,3.5
Connecticut,Season peak percentage,percent,0.026,Bin,3.5,3.6
Connecticut,Season peak percentage,percent,0.002,Bin,3.6,3.7
Connecticut,Season peak percentage,percent,0.004,Bin,3.7,3.8
Connecticut,Season peak percentage,percent,0.004,Bin,3.8,3.9
Connecticut,Season peak percentage,percent,0.01,Bin,3.9,4.0
Connecticut,Season peak percentage,percent,0.008,Bin,4.0,4.1
Connecticut,Season peak percentage,percent,0.01,Bin,4.1,4.2
Connecticut,Season peak percentage,percent,0.008,Bin,4.2,4.3
Connecticut,Season peak percentage,percent,0.004,Bin,4.3,4.4
Connecticut,Season peak percentage,percent,0.012,Bin,4.4,4.5
Connecticut,Season peak percentage,percent,0.004,Bin,4.5,4.6
Connecticut,Season peak percentage,percent,0.016,Bin,4.6,4.7
Connecticut,Season peak percentage,percent,0.006,Bin,4.7,4.8
Connecticut,Season peak percentage,percent,0.01,Bin,4.8,4.9
Connecticut,Season peak percentage,percent,0.008,Bin,4.9,5.0
Connecticut,Season peak percentage,percent,0.012,Bin,5.0,5.1
Connecticut,Season peak percentage,percent,0.006,Bin,5.1,5.2
Connecticut,Season peak percentage,percent,0.006,Bin,5.2,5.3
Connecticut,Season peak percentage,percent,0.006,Bin,5.3,5.4
Connecticut,Season peak percentage,percent,0.01,Bin,5.4,5.5
Connecticut,Season peak percentage,percent,0.004,Bin,5.5,5.6
Connecticut,Season peak percentage,percent,0.008,Bin,5.6,5.7
Connecticut,Season peak percentage,percent,0.008,Bin,5.7,5.8
Connecticut,Season peak percentage,percent,0.016,Bin,5.8,5.9
Connecticut,Season peak percentage,percent,0.01,Bin,5.9,6.0
Connecticut,Season peak percentage,percent,0.016,Bin,6.0,6.1
Connecticut,Season peak percentage,percent,0.004,Bin,6.1,6.2
Connecticut,Season peak percentage,percent,0.008,Bin,6.2,6.3
Connecticut,Season peak percentage,percent,0.004,Bin,6.3,6.4
Connecticut,Season peak percentage,percent,0.01,Bin,6.4,6.5
Connecticut,Season peak percentage,percent,0.016,Bin,6.5,6.6
Connecticut,Season peak percentage,percent,0.002,Bin,6.6,6.7
Connecticut,Season peak percentage,percent,0.018,Bin,6.7,6.8
Connecticut,Season peak percentage,percent,0.004,Bin,6.8,6.9
Connecticut,Season peak percentage,percent,0.014,Bin,6.9,7.0
Connecticut,Season peak percentage,percent,0.016,Bin,7.0,7.1
Connecticut,Season peak percentage,percent,0.008,Bin,7.1,7.2
Connecticut,Season peak percentage,percent,0.01,Bin,7.2,7.3
Connecticut,Season peak percentage,percent,0.01,Bin,7.3,7.4
Connecticut,Season peak percentage,percent,0.006,Bin,7.4,7.5
Connecticut,Season peak percentage,percent,0.002,Bin,7.5,7.6
Connecticut,Season peak percentage,percent,0.002,Bin,7.6,7.7
Connecticut,Season peak percentage,percent,0.008,Bin,7.7,7.8
Connecticut,Season peak percentage,percent,0.016,Bin,7.8,7.9
Connecticut,Season peak percentage,percent,0.006,Bin,7.9,8.0
Connecticut,Season peak percentage,percent,0.008,Bin,8.0,8.1
Connecticut,Season peak percentage,percent,0.012,Bin,8.1,8.2
Connecticut,Season peak percentage,percent,0.01,Bin,8.2,8.3
Connecticut,Season peak percentage,percent,0.004,Bin,8.3,8.4
Connecticut,Season peak percentage,percent,0.008,Bin,8.4,8.5
Connecticut,Season peak percentage,percent,0.008,Bin,8.5,8.6
Connecticut,Season peak percentage,percent,0.016,Bin,8.6,8.7
Connecticut,Season peak percentage,percent,0.004,Bin,8.7,8.8
Connecticut,Season peak percentage,percent,0.002,Bin,8.8,8.9
Connecticut,Season peak percentage,percent,0.008,Bin,8.9,9.0
Connecticut,Season peak percentage,percent,0.006,Bin,9.0,9.1
Connecticut,Season peak percentage,percent,0.01,Bin,9.1,9.2
Connecticut,Season peak percentage,percent,0.006,Bin,9.2,9.3
Connecticut,Season peak percentage,percent,0.008,Bin,9.3,9.4
Connecticut,Season peak percentage,percent,0.016,Bin,9.4,9.5
Connecticut,Season peak percentage,percent,0.004,Bin,9.5,9.6
Connecticut,Season peak percentage,percent,0.008,Bin,9.6,9.7
Connecticut,Season peak percentage,percent,0.004,Bin,9.7,9.8
Connecticut,Season peak percentage,percent,0.008,Bin,9.8,9.9
Connecticut,Season peak percentage,percent,0.014,Bin,9.9,10.0
Connecticut,Season peak percentage,percent,0.004,Bin,10.0,10.1
Connecticut,Season peak percentage,percent,0.006,Bin,10.1,10.2
Connecticut,Season peak percentage,percent,0.008,Bin,10.2,10.3
Connecticut,Season peak percentage,percent,0.002,Bin,10.3,10.4
Connecticut,Season peak percentage,percent,0.002,Bin,10.4,10.5
Connecticut,Season peak percentage,percent,0.01,Bin,10.5,10.6
Connecticut,Season peak percentage,percent,0.008,Bin,10.6,10.7
Connecticut,Season peak percentage,percent,0.006,Bin,10.7,10.8
Connecticut,Season peak percentage,percent,0,Bin,10.8,10.9
Connecticut,Season peak percentage,percent,0.004,Bin,10.9,11.0
Connecticut,Season peak percentage,percent,0.006,Bin,11.0,11.1
Connecticut,Season peak percentage,percent,0.002,Bin,11.1,11.2
Connecticut,Season peak percentage,percent,0.002,Bin,11.2,11.3
Connecticut,Season peak percentage,percent,0,Bin,11.3,11.4
Connecticut,Season peak percentage,percent,0,Bin,11.4,11.5
Connecticut,Season peak percentage,percent,0,Bin,11.5,11.6
Connecticut,Season peak percentage,percent,0.01,Bin,11.6,11.7
Connecticut,Season peak percentage,percent,0.008,Bin,11.7,11.8
Connecticut,Season peak percentage,percent,0.004,Bin,11.8,11.9
Connecticut,Season peak percentage,percent,0.004,Bin,11.9,12.0
Connecticut,Season peak percentage,percent,0.006,Bin,12.0,12.1
Connecticut,Season peak percentage,percent,0.01,Bin,12.1,12.2
Connecticut,Season peak percentage,percent,0.004,Bin,12.2,12.3
Connecticut,Season peak percentage,percent,0.002,Bin,12.3,12.4
Connecticut,Season peak percentage,percent,0.002,Bin,12.4,12.5
Connecticut,Season peak percentage,percent,0.004,Bin,12.5,12.6
Connecticut,Season peak percentage,percent,0.006,Bin,12.6,12.7
Connecticut,Season peak percentage,percent,0.006,Bin,12.7,12.8
Connecticut,Season peak percentage,percent,0.002,Bin,12.8,12.9
Connecticut,Season peak percentage,percent,0.002,Bin,12.9,13.0
Connecticut,Season peak percentage,percent,0.308,Bin,13.0,100.0
Connecticut,Season peak week,week,0,Bin,40.0,41.0
Connecticut,Season peak week,week,0,Bin,41.0,42.0
Connecticut,Season peak week,week,0,Bin,42.0,43.0
Connecticut,Season peak week,week,0,Bin,43.0,44.0
Connecticut,Season peak week,week,0,Bin,44.0,45.0
Connecticut,Season peak week,week,0,Bin,45.0,46.0
Connecticut,Season peak week,week,0,Bin,46.0,47.0
Connecticut,Season peak week,week,0,Bin,47.0,48.0
Connecticut,Season peak week,week,0,Bin,48.0,49.0
Connecticut,Season peak week,week,0.0255905511811024,Bin,49.0,50.0
Connecticut,Season peak week,week,0.0177165354330709,Bin,50.0,51.0
Connecticut,Season peak week,week,0.0216535433070866,Bin,51.0,52.0
Connecticut,Season peak week,week,0.0492125984251968,Bin,52.0,53.0
Connecticut,Season peak week,week,0.0610236220472441,Bin,1.0,2.0
Connecticut,Season peak week,week,0.0669291338582677,Bin,2.0,3.0
Connecticut,Season peak week,week,0.124015748031496,Bin,3.0,4.0
Connecticut,Season peak week,week,0.0905511811023622,Bin,4.0,5.0
Connecticut,Season peak week,week,0.122047244094488,Bin,5.0,6.0
Connecticut,Season peak week,week,0.0866141732283465,Bin,6.0,7.0
Connecticut,Season peak week,week,0.0885826771653543,Bin,7.0,8.0
Connecticut,Season peak week,week,0.0570866141732283,Bin,8.0,9.0
Connecticut,Season peak week,week,0.0413385826771654,Bin,9.0,10.0
Connecticut,Season peak week,week,0.0295275590551181,Bin,10.0,11.0
Connecticut,Season peak week,week,0.0374015748031496,Bin,11.0,12.0
Connecticut,Season peak week,week,0.0118110236220472,Bin,12.0,13.0
Connecticut,Season peak week,week,0.031496062992126,Bin,13.0,14.0
Connecticut,Season peak week,week,0.00590551181102362,Bin,14.0,15.0
Connecticut,Season peak week,week,0.015748031496063,Bin,15.0,16.0
Connecticut,Season peak week,week,0.00984251968503937,Bin,16.0,17.0
Connecticut,Season peak week,week,0,Bin,17.0,18.0
Connecticut,Season peak week,week,0.00196850393700787,Bin,18.0,19.0
Connecticut,Season peak week,week,0.00393700787401575,Bin,19.0,20.0
Connecticut,Season peak week,week,0,Bin,20.0,21.0
Idaho,1 wk ahead,percent,0,Bin,0.0,0.1
Idaho,1 wk ahead,percent,0,Bin,0.1,0.2
Idaho,1 wk ahead,percent,0.006,Bin,0.2,0.3
Idaho,1 wk ahead,percent,0.012,Bin,0.3,0.4
Idaho,1 wk ahead,percent,0.002,Bin,0.4,0.5
Idaho,1 wk ahead,percent,0.024,Bin,0.5,0.6
Idaho,1 wk ahead,percent,0.018,Bin,0.6,0.7
Idaho,1 wk ahead,percent,0.024,Bin,0.7,0.8
Idaho,1 wk ahead,percent,0.042,Bin,0.8,0.9
Idaho,1 wk ahead,percent,0.028,Bin,0.9,1.0
Idaho,1 wk ahead,percent,0.066,Bin,1.0,1.1
Idaho,1 wk ahead,percent,0.048,Bin,1.1,1.2
Idaho,1 wk ahead,percent,0.104,Bin,1.2,1.3
Idaho,1 wk ahead,percent,0.108,Bin,1.3,1.4
Idaho,1 wk ahead,percent,0.1,Bin,1.4,1.5
Idaho,1 wk ahead,percent,0.034,Bin,1.5,1.6
Idaho,1 wk ahead,percent,0.06,Bin,1.6,1.7
Idaho,1 wk ahead,percent,0.038,Bin,1.7,1.8
Idaho,1 wk ahead,percent,0.054,Bin,1.8,1.9
Idaho,1 wk ahead,percent,0.04,Bin,1.9,2.0
Idaho,1 wk ahead,percent,0.04,Bin,2.0,2.1
Idaho,1 wk ahead,percent,0.03,Bin,2.1,2.2
Idaho,1 wk ahead,percent,0.024,Bin,2.2,2.3
Idaho,1 wk ahead,percent,0.014,Bin,2.3,2.4
Idaho,1 wk ahead,percent,0,Bin,2.4,2.5
Idaho,1 wk ahead,percent,0.018,Bin,2.5,2.6
Idaho,1 wk ahead,percent,0.002,Bin,2.6,2.7
Idaho,1 wk ahead,percent,0.01,Bin,2.7,2.8
Idaho,1 wk ahead,percent,0.022,Bin,2.8,2.9
Idaho,1 wk ahead,percent,0,Bin,2.9,3.0
Idaho,1 wk ahead,percent,0,Bin,3.0,3.1
Idaho,1 wk ahead,percent,0.004,Bin,3.1,3.2
Idaho,1 wk ahead,percent,0.002,Bin,3.2,3.3
Idaho,1 wk ahead,percent,0,Bin,3.3,3.4
Idaho,1 wk ahead,percent,0,Bin,3.4,3.5
Idaho,1 wk ahead,percent,0.004,Bin,3.5,3.6
Idaho,1 wk ahead,percent,0,Bin,3.6,3.7
Idaho,1 wk ahead,percent,0.002,Bin,3.7,3.8
Idaho,1 wk ahead,percent,0.008,Bin,3.8,3.9
Idaho,1 wk ahead,percent,0,Bin,3.9,4.0
Idaho,1 wk ahead,percent,0,Bin,4.0,4.1
Idaho,1 wk ahead,percent,0,Bin,4.1,4.2
Idaho,1 wk ahead,percent,0,Bin,4.2,4.3
Idaho,1 wk ahead,percent,0.002,Bin,4.3,4.4
Idaho,1 wk ahead,percent,0.004,Bin,4.4,4.5
Idaho,1 wk ahead,percent,0.004,Bin,4.5,4.6
Idaho,1 wk ahead,percent,0,Bin,4.6,4.7
Idaho,1 wk ahead,percent,0,Bin,4.7,4.8
Idaho,1 wk ahead,percent,0,Bin,4.8,4.9
Idaho,1 wk ahead,percent,0,Bin,4.9,5.0
Idaho,1 wk ahead,percent,0,Bin,5.0,5.1
Idaho,1 wk ahead,percent,0,Bin,5.1,5.2
Idaho,1 wk ahead,percent,0,Bin,5.2,5.3
Idaho,1 wk ahead,percent,0,Bin,5.3,5.4
Idaho,1 wk ahead,percent,0,Bin,5.4,5.5
Idaho,1 wk ahead,percent,0,Bin,5.5,5.6
Idaho,1 wk ahead,percent,0,Bin,5.6,5.7
Idaho,1 wk ahead,percent,0,Bin,5.7,5.8
Idaho,1 wk ahead,percent,0,Bin,5.8,5.9
Idaho,1 wk ahead,percent,0,Bin,5.9,6.0
Idaho,1 wk ahead,percent,0,Bin,6.0,6.1
Idaho,1 wk ahead,percent,0,Bin,6.1,6.2
Idaho,1 wk ahead,percent,0,Bin,6.2,6.3
Idaho,1 wk ahead,percent,0,Bin,6.3,6.4
Idaho,1 wk ahead,percent,0,Bin,6.4,6.5
Idaho,1 wk ahead,percent,0,Bin,6.5,6.6
Idaho,1 wk ahead,percent,0,Bin,6.6,6.7
Idaho,1 wk ahead,percent,0,Bin,6.7,6.8
Idaho,1 wk ahead,percent,0,Bin,6.8,6.9
Idaho,1 wk ahead,percent,0,Bin,6.9,7.0
Idaho,1 wk ahead,percent,0,Bin,7.0,7.1
Idaho,1 wk ahead,percent,0,Bin,7.1,7.2
Idaho,1 wk ahead,percent,0,Bin,7.2,7.3
Idaho,1 wk ahead,percent,0,Bin,7.3,7.4
Idaho,1 wk ahead,percent,0,Bin,7.4,7.5
Idaho,1 wk ahead,percent,0,Bin,7.5,7.6
Idaho,1 wk ahead,percent,0,Bin,7.6,7.7
Idaho,1 wk ahead,percent,0,Bin,7.7,7.8
Idaho,1 wk ahead,percent,0,Bin,7.8,7.9
Idaho,1 wk ahead,percent,0,Bin,7.9,8.0
Idaho,1 wk ahead,percent,0,Bin,8.0,8.1
Idaho,1 wk ahead,percent,0,Bin,8.1,8.2
Idaho,1 wk ahead,percent,0,Bin,8.2,8.3
Idaho,1 wk ahead,percent,0,Bin,8.3,8.4
Idaho,1 wk ahead,percent,0,Bin,8.4,8.5
Idaho,1 wk ahead,percent,0,Bin,8.5,8.6
Idaho,1 wk ahead,percent,0,Bin,8.6,8.7
Idaho,1 wk ahead,percent,0,Bin,8.7,8.8
Idaho,1 wk ahead,percent,0,Bin,8.8,8.9
Idaho,1 wk ahead,percent,0.002,Bin,8.9,9.0
Idaho,1 wk ahead,percent,0,Bin,9.0,9.1
Idaho,1 wk ahead,percent,0,Bin,9.1,9.2
Idaho,1 wk ahead,percent,0,Bin,9.2,9.3
Idaho,1 wk ahead,percent,0,Bin,9.3,9.4
Idaho,1 wk ahead,percent,0,Bin,9.4,9.5
Idaho,1 wk ahead,percent,0,Bin,9.5,9.6
Idaho,1 wk ahead,percent,0,Bin,9.6,9.7
Idaho,1 wk ahead,percent,0,Bin,9.7,9.8
Idaho,1 wk ahead,percent,0,Bin,9.8,9.9
Idaho,1 wk ahead,percent,0,Bin,9.9,10.0
Idaho,1 wk ahead,percent,0,Bin,10.0,10.1
Idaho,1 wk ahead,percent,0,Bin,10.1,10.2
Idaho,1 wk ahead,percent,0,Bin,10.2,10.3
Idaho,1 wk ahead,percent,0,Bin,10.3,10.4
Idaho,1 wk ahead,percent,0,Bin,10.4,10.5
Idaho,1 wk ahead,percent,0,Bin,10.5,10.6
Idaho,1 wk ahead,percent,0,Bin,10.6,10.7
Idaho,1 wk ahead,percent,0,Bin,10.7,10.8
Idaho,1 wk ahead,percent,0,Bin,10.8,10.9
Idaho,1 wk ahead,percent,0,Bin,10.9,11.0
Idaho,1 wk ahead,percent,0,Bin,11.0,11.1
Idaho,1 wk ahead,percent,0,Bin,11.1,11.2
Idaho,1 wk ahead,percent,0,Bin,11.2,11.3
Idaho,1 wk ahead,percent,0,Bin,11.3,11.4
Idaho,1 wk ahead,percent,0,Bin,11.4,11.5
Idaho,1 wk ahead,percent,0,Bin,11.5,11.6
Idaho,1 wk ahead,percent,0,Bin,11.6,11.7
Idaho,1 wk ahead,percent,0,Bin,11.7,11.8
Idaho,1 wk ahead,percent,0,Bin,11.8,11.9
Idaho,1 wk ahead,percent,0,Bin,11.9,12.0
Idaho,1 wk ahead,percent,0,Bin,12.0,12.1
Idaho,1 wk ahead,percent,0,Bin,12.1,12.2
Idaho,1 wk ahead,percent,0,Bin,12.2,12.3
Idaho,1 wk ahead,percent,0,Bin,12.3,12.4
Idaho,1 wk ahead,percent,0,Bin,12.4,12.5
Idaho,1 wk ahead,percent,0,Bin,12.5,12.6
Idaho,1 wk ahead,percent,0,Bin,12.6,12.7
Idaho,1 wk ahead,percent,0,Bin,12.7,12.8
Idaho,1 wk ahead,percent,0,Bin,12.8,12.9
Idaho,1 wk ahead,percent,0,Bin,12.9,13.0
Idaho,1 wk ahead,percent,0,Bin,13.0,100.0
Idaho,2 wk ahead,percent,0,Bin,0.0,0.1
Idaho,2 wk ahead,percent,0.002,Bin,0.1,0.2
Idaho,2 wk ahead,percent,0.002,Bin,0.2,0.3
Idaho,2 wk ahead,percent,0.008,Bin,0.3,0.4
Idaho,2 wk ahead,percent,0.012,Bin,0.4,0.5
Idaho,2 wk ahead,percent,0.014,Bin,0.5,0.6
Idaho,2 wk ahead,percent,0.018,Bin,0.6,0.7
Idaho,2 wk ahead,percent,0.032,Bin,0.7,0.8
Idaho,2 wk ahead,percent,0.03,Bin,0.8,0.9
Idaho,2 wk ahead,percent,0.022,Bin,0.9,1.0
Idaho,2 wk ahead,percent,0.044,Bin,1.0,1.1
Idaho,2 wk ahead,percent,0.06,Bin,1.1,1.2
Idaho,2 wk ahead,percent,0.052,Bin,1.2,1.3
Idaho,2 wk ahead,percent,0.074,Bin,1.3,1.4
Idaho,2 wk ahead,percent,0.054,Bin,1.4,1.5
Idaho,2 wk ahead,percent,0.05,Bin,1.5,1.6
Idaho,2 wk ahead,percent,0.052,Bin,1.6,1.7
Idaho,2 wk ahead,percent,0.054,Bin,1.7,1.8
Idaho,2 wk ahead,percent,0.052,Bin,1.8,1.9
Idaho,2 wk ahead,percent,0.028,Bin,1.9,2.0
Idaho,2 wk ahead,percent,0.03,Bin,2.0,2.1
Idaho,2 wk ahead,percent,0.034,Bin,2.1,2.2
Idaho,2 wk ahead,percent,0.026,Bin,2.2,2.3
Idaho,2 wk ahead,percent,0.032,Bin,2.3,2.4
Idaho,2 wk ahead,percent,0.024,Bin,2.4,2.5
Idaho,2 wk ahead,percent,0.026,Bin,2.5,2.6
Idaho,2 wk ahead,percent,0.024,Bin,2.6,2.7
Idaho,2 wk ahead,percent,0.016,Bin,2.7,2.8
Idaho,2 wk ahead,percent,0.01,Bin,2.8,2.9
Idaho,2 wk ahead,percent,0.008,Bin,2.9,3.0
Idaho,2 wk ahead,percent,0.006,Bin,3.0,3.1
Idaho,2 wk ahead,percent,0.004,Bin,3.1,3.2
Idaho,2 wk ahead,percent,0.012,Bin,3.2,3.3
Idaho,2 wk ahead,percent,0.008,Bin,3.3,3.4
Idaho,2 wk ahead,percent,0.008,Bin,3.4,3.5
Idaho,2 wk ahead,percent,0.006,Bin,3.5,3.6
Idaho,2 wk ahead,percent,0.004,Bin,3.6,3.7
Idaho,2 wk ahead,percent,0.006,Bin,3.7,3.8
Idaho,2 wk ahead,percent,0.004,Bin,3.8,3.9
Idaho,2 wk ahead,percent,0,Bin,3.9,4.0
Idaho,2 wk ahead,percent,0.002,Bin,4.0,4.1
Idaho,2 wk ahead,percent,0.002,Bin,4.1,4.2
Idaho,2 wk ahead,percent,0.002,Bin,4.2,4.3
Idaho,2 wk ahead,percent,0.004,Bin,4.3,4.4
Idaho,2 wk ahead,percent,0,Bin,4.4,4.5
Idaho,2 wk ahead,percent,0.012,Bin,4.5,4.6
Idaho,2 wk ahead,percent,0.002,Bin,4.6,4.7
Idaho,2 wk ahead,percent,0,Bin,4.7,4.8
Idaho,2 wk ahead,percent,0.002,Bin,4.8,4.9
Idaho,2 wk ahead,percent,0.004,Bin,4.9,5.0
Idaho,2 wk ahead,percent,0,Bin,5.0,5.1
Idaho,2 wk ahead,percent,0,Bin,5.1,5.2
Idaho,2 wk ahead,percent,0.002,Bin,5.2,5.3
Idaho,2 wk ahead,percent,0,Bin,5.3,5.4
Idaho,2 wk ahead,percent,0,Bin,5.4,5.5
Idaho,2 wk ahead,percent,0,Bin,5.5,5.6
Idaho,2 wk ahead,percent,0,Bin,5.6,5.7
Idaho,2 wk ahead,percent,0,Bin,5.7,5.8
Idaho,2 wk ahead,percent,0,Bin,5.8,5.9
Idaho,2 wk ahead,percent,0.004,Bin,5.9,6.0
Idaho,2 wk ahead,percent,0.004,Bin,6.0,6.1
Idaho,2 wk ahead,percent,0.002,Bin,6.1,6.2
Idaho,2 wk ahead,percent,0,Bin,6.2,6.3
Idaho,2 wk ahead,percent,0,Bin,6.3,6.4
Idaho,2 wk ahead,percent,0,Bin,6.4,6.5
Idaho,2 wk ahead,percent,0,Bin,6.5,6.6
Idaho,2 wk ahead,percent,0,Bin,6.6,6.7
Idaho,2 wk ahead,percent,0,Bin,6.7,6.8
Idaho,2 wk ahead,percent,0,Bin,6.8,6.9
Idaho,2 wk ahead,percent,0,Bin,6.9,7.0
Idaho,2 wk ahead,percent,0,Bin,7.0,7.1
Idaho,2 wk ahead,percent,0,Bin,7.1,7.2
Idaho,2 wk ahead,percent,0,Bin,7.2,7.3
Idaho,2 wk ahead,percent,0,Bin,7.3,7.4
Idaho,2 wk ahead,percent,0,Bin,7.4,7.5
Idaho,2 wk ahead,percent,0,Bin,7.5,7.6
Idaho,2 wk ahead,percent,0,Bin,7.6,7.7
Idaho,2 wk ahead,percent,0.002,Bin,7.7,7.8
Idaho,2 wk ahead,percent,0,Bin,7.8,7.9
Idaho,2 wk ahead,percent,0,Bin,7.9,8.0
Idaho,2 wk ahead,percent,0,Bin,8.0,8.1
Idaho,2 wk ahead,percent,0,Bin,8.1,8.2
Idaho,2 wk ahead,percent,0,Bin,8.2,8.3
Idaho,2 wk ahead,percent,0,Bin,8.3,8.4
Idaho,2 wk ahead,percent,0.002,Bin,8.4,8.5
Idaho,2 wk ahead,percent,0,Bin,8.5,8.6
Idaho,2 wk ahead,percent,0.002,Bin,8.6,8.7
Idaho,2 wk ahead,percent,0,Bin,8.7,8.8
Idaho,2 wk ahead,percent,0,Bin,8.8,8.9
Idaho,2 wk ahead,percent,0,Bin,8.9,9.0
Idaho,2 wk ahead,percent,0,Bin,9.0,9.1
Idaho,2 wk ahead,percent,0,Bin,9.1,9.2
Idaho,2 wk ahead,percent,0,Bin,9.2,9.3
Idaho,2 wk ahead,percent,0,Bin,9.3,9.4
Idaho,2 wk ahead,percent,0.002,Bin,9.4,9.5
Idaho,2 wk ahead,percent,0,Bin,9.5,9.6
Idaho,2 wk ahead,percent,0,Bin,9.6,9.7
Idaho,2 wk ahead,percent,0,Bin,9.7,9.8
Idaho,2 wk ahead,percent,0,Bin,9.8,9.9
Idaho,2 wk ahead,percent,0,Bin,9.9,10.0
Idaho,2 wk ahead,percent,0,Bin,10.0,10.1
Idaho,2 wk ahead,percent,0,Bin,10.1,10.2
Idaho,2 wk ahead,percent,0,Bin,10.2,10.3
Idaho,2 wk ahead,percent,0,Bin,10.3,10.4
Idaho,2 wk ahead,percent,0,Bin,10.4,10.5
Idaho,2 wk ahead,percent,0,Bin,10.5,10.6
Idaho,2 wk ahead,percent,0,Bin,10.6,10.7
Idaho,2 wk ahead,percent,0,Bin,10.7,10.8
Idaho,2 wk ahead,percent,0,Bin,10.8,10.9
Idaho,2 wk ahead,percent,0,Bin,10.9,11.0
Idaho,2 wk ahead,percent,0,Bin,11.0,11.1
Idaho,2 wk ahead,percent,0,Bin,11.1,11.2
Idaho,2 wk ahead,percent,0,Bin,11.2,11.3
Idaho,2 wk ahead,percent,0,Bin,11.3,11.4
Idaho,2 wk ahead,percent,0,Bin,11.4,11.5
Idaho,2 wk ahead,percent,0,Bin,11.5,11.6
Idaho,2 wk ahead,percent,0,Bin,11.6,11.7
Idaho,2 wk ahead,percent,0,Bin,11.7,11.8
Idaho,2 wk ahead,percent,0,Bin,11.8,11.9
Idaho,2 wk ahead,percent,0,Bin,11.9,12.0
Idaho,2 wk ahead,percent,0.002,Bin,12.0,12.1
Idaho,2 wk ahead,percent,0,Bin,12.1,12.2
Idaho,2 wk ahead,percent,0,Bin,12.2,12.3
Idaho,2 wk ahead,percent,0,Bin,12.3,12.4
Idaho,2 wk ahead,percent,0,Bin,12.4,12.5
Idaho,2 wk ahead,percent,0,Bin,12.5,12.6
Idaho,2 wk ahead,percent,0,Bin,12.6,12.7
Idaho,2 wk ahead,percent,0,Bin,12.7,12.8
Idaho,2 wk ahead,percent,0,Bin,12.8,12.9
Idaho,2 wk ahead,percent,0,Bin,12.9,13.0
Idaho,2 wk ahead,percent,0,Bin,13.0,100.0
Idaho,3 wk ahead,percent,0,Bin,0.0,0.1
Idaho,3 wk ahead,percent,0.002,Bin,0.1,0.2
Idaho,3 wk ahead,percent,0.002,Bin,0.2,0.3
Idaho,3 wk ahead,percent,0.004,Bin,0.3,0.4
Idaho,3 wk ahead,percent,0.016,Bin,0.4,0.5
Idaho,3 wk ahead,percent,0.006,Bin,0.5,0.6
Idaho,3 wk ahead,percent,0.024,Bin,0.6,0.7
Idaho,3 wk ahead,percent,0.014,Bin,0.7,0.8
Idaho,3 wk ahead,percent,0.018,Bin,0.8,0.9
Idaho,3 wk ahead,percent,0.03,Bin,0.9,1.0
Idaho,3 wk ahead,percent,0.03,Bin,1.0,1.1
Idaho,3 wk ahead,percent,0.036,Bin,1.1,1.2
Idaho,3 wk ahead,percent,0.036,Bin,1.2,1.3
Idaho,3 wk ahead,percent,0.046,Bin,1.3,1.4
Idaho,3 wk ahead,percent,0.034,Bin,1.4,1.5
Idaho,3 wk ahead,percent,0.072,Bin,1.5,1.6
Idaho,3 wk ahead,percent,0.042,Bin,1.6,1.7
Idaho,3 wk ahead,percent,0.042,Bin,1.7,1.8
Idaho,3 wk ahead,percent,0.042,Bin,1.8,1.9
Idaho,3 wk ahead,percent,0.042,Bin,1.9,2.0
Idaho,3 wk ahead,percent,0.038,Bin,2.0,2.1
Idaho,3 wk ahead,percent,0.032,Bin,2.1,2.2
Idaho,3 wk ahead,percent,0.044,Bin,2.2,2.3
Idaho,3 wk ahead,percent,0.024,Bin,2.3,2.4
Idaho,3 wk ahead,percent,0.022,Bin,2.4,2.5
Idaho,3 wk ahead,percent,0.026,Bin,2.5,2.6
Idaho,3 wk ahead,percent,0.036,Bin,2.6,2.7
Idaho,3 wk ahead,percent,0.022,Bin,2.7,2.8
Idaho,3 wk ahead,percent,0.02,Bin,2.8,2.9
Idaho,3 wk ahead,percent,0.014,Bin,2.9,3.0
Idaho,3 wk ahead,percent,0.026,Bin,3.0,3.1
Idaho,3 wk ahead,percent,0.004,Bin,3.1,3.2
Idaho,3 wk ahead,percent,0.014,Bin,3.2,3.3
Idaho,3 wk ahead,percent,0.002,Bin,3.3,3.4
Idaho,3 wk ahead,percent,0.008,Bin,3.4,3.5
Idaho,3 wk ahead,percent,0.004,Bin,3.5,3.6
Idaho,3 wk ahead,percent,0.004,Bin,3.6,3.7
Idaho,3 wk ahead,percent,0.004,Bin,3.7,3.8
Idaho,3 wk ahead,percent,0.004,Bin,3.8,3.9
Idaho,3 wk ahead,percent,0.016,Bin,3.9,4.0
Idaho,3 wk ahead,percent,0.002,Bin,4.0,4.1
Idaho,3 wk ahead,percent,0,Bin,4.1,4.2
Idaho,3 wk ahead,percent,0.008,Bin,4.2,4.3
Idaho,3 wk ahead,percent,0.004,Bin,4.3,4.4
Idaho,3 wk ahead,percent,0.008,Bin,4.4,4.5
Idaho,3 wk ahead,percent,0.008,Bin,4.5,4.6
Idaho,3 wk ahead,percent,0.002,Bin,4.6,4.7
Idaho,3 wk ahead,percent,0.01,Bin,4.7,4.8
Idaho,3 wk ahead,percent,0.004,Bin,4.8,4.9
Idaho,3 wk ahead,percent,0.002,Bin,4.9,5.0
Idaho,3 wk ahead,percent,0.004,Bin,5.0,5.1
Idaho,3 wk ahead,percent,0.002,Bin,5.1,5.2
Idaho,3 wk ahead,percent,0.004,Bin,5.2,5.3
Idaho,3 wk ahead,percent,0.004,Bin,5.3,5.4
Idaho,3 wk ahead,percent,0,Bin,5.4,5.5
Idaho,3 wk ahead,percent,0,Bin,5.5,5.6
Idaho,3 wk ahead,percent,0.004,Bin,5.6,5.7
Idaho,3 wk ahead,percent,0,Bin,5.7,5.8
Idaho,3 wk ahead,percent,0.002,Bin,5.8,5.9
Idaho,3 wk ahead,percent,0,Bin,5.9,6.0
Idaho,3 wk ahead,percent,0,Bin,6.0,6.1
Idaho,3 wk ahead,percent,0,Bin,6.1,6.2
Idaho,3 wk ahead,percent,0.002,Bin,6.2,6.3
Idaho,3 wk ahead,percent,0,Bin,6.3,6.4
Idaho,3 wk ahead,percent,0,Bin,6.4,6.5
Idaho,3 wk ahead,percent,0,Bin,6.5,6.6
Idaho,3 wk ahead,percent,0,Bin,6.6,6.7
Idaho,3 wk ahead,percent,0.002,Bin,6.7,6.8
Idaho,3 wk ahead,percent,0.002,Bin,6.8,6.9
Idaho,3 wk ahead,percent,0,Bin,6.9,7.0
Idaho,3 wk ahead,percent,0.002,Bin,7.0,7.1
Idaho,3 wk ahead,percent,0.002,Bin,7.1,7.2
Idaho,3 wk ahead,percent,0,Bin,7.2,7.3
Idaho,3 wk ahead,percent,0.002,Bin,7.3,7.4
Idaho,3 wk ahead,percent,0,Bin,7.4,7.5
Idaho,3 wk ahead,percent,0,Bin,7.5,7.6
Idaho,3 wk ahead,percent,0.004,Bin,7.6,7.7
Idaho,3 wk ahead,percent,0.002,Bin,7.7,7.8
Idaho,3 wk ahead,percent,0,Bin,7.8,7.9
Idaho,3 wk ahead,percent,0.002,Bin,7.9,8.0
Idaho,3 wk ahead,percent,0,Bin,8.0,8.1
Idaho,3 wk ahead,percent,0,Bin,8.1,8.2
Idaho,3 wk ahead,percent,0,Bin,8.2,8.3
Idaho,3 wk ahead,percent,0,Bin,8.3,8.4
Idaho,3 wk ahead,percent,0,Bin,8.4,8.5
Idaho,3 wk ahead,percent,0,Bin,8.5,8.6
Idaho,3 wk ahead,percent,0,Bin,8.6,8.7
Idaho,3 wk ahead,percent,0,Bin,8.7,8.8
Idaho,3 wk ahead,percent,0.002,Bin,8.8,8.9
Idaho,3 wk ahead,percent,0,Bin,8.9,9.0
Idaho,3 wk ahead,percent,0,Bin,9.0,9.1
Idaho,3 wk ahead,percent,0,Bin,9.1,9.2
Idaho,3 wk ahead,percent,0.002,Bin,9.2,9.3
Idaho,3 wk ahead,percent,0,Bin,9.3,9.4
Idaho,3 wk ahead,percent,0,Bin,9.4,9.5
Idaho,3 wk ahead,percent,0,Bin,9.5,9.6
Idaho,3 wk ahead,percent,0,Bin,9.6,9.7
Idaho,3 wk ahead,percent,0,Bin,9.7,9.8
Idaho,3 wk ahead,percent,0,Bin,9.8,9.9
Idaho,3 wk ahead,percent,0,Bin,9.9,10.0
Idaho,3 wk ahead,percent,0,Bin,10.0,10.1
Idaho,3 wk ahead,percent,0,Bin,10.1,10.2
Idaho,3 wk ahead,percent,0.002,Bin,10.2,10.3
Idaho,3 wk ahead,percent,0.002,Bin,10.3,10.4
Idaho,3 wk ahead,percent,0,Bin,10.4,10.5
Idaho,3 wk ahead,percent,0,Bin,10.5,10.6
Idaho,3 wk ahead,percent,0,Bin,10.6,10.7
Idaho,3 wk ahead,percent,0,Bin,10.7,10.8
Idaho,3 wk ahead,percent,0,Bin,10.8,10.9
Idaho,3 wk ahead,percent,0,Bin,10.9,11.0
Idaho,3 wk ahead,percent,0,Bin,11.0,11.1
Idaho,3 wk ahead,percent,0,Bin,11.1,11.2
Idaho,3 wk ahead,percent,0,Bin,11.2,11.3
Idaho,3 wk ahead,percent,0,Bin,11.3,11.4
Idaho,3 wk ahead,percent,0,Bin,11.4,11.5
Idaho,3 wk ahead,percent,0,Bin,11.5,11.6
Idaho,3 wk ahead,percent,0,Bin,11.6,11.7
Idaho,3 wk ahead,percent,0,Bin,11.7,11.8
Idaho,3 wk ahead,percent,0,Bin,11.8,11.9
Idaho,3 wk ahead,percent,0,Bin,11.9,12.0
Idaho,3 wk ahead,percent,0,Bin,12.0,12.1
Idaho,3 wk ahead,percent,0,Bin,12.1,12.2
Idaho,3 wk ahead,percent,0,Bin,12.2,12.3
Idaho,3 wk ahead,percent,0,Bin,12.3,12.4
Idaho,3 wk ahead,percent,0,Bin,12.4,12.5
Idaho,3 wk ahead,percent,0,Bin,12.5,12.6
Idaho,3 wk ahead,percent,0,Bin,12.6,12.7
Idaho,3 wk ahead,percent,0,Bin,12.7,12.8
Idaho,3 wk ahead,percent,0,Bin,12.8,12.9
Idaho,3 wk ahead,percent,0,Bin,12.9,13.0
Idaho,3 wk ahead,percent,0.002,Bin,13.0,100.0
Idaho,4 wk ahead,percent,0,Bin,0.0,0.1
Idaho,4 wk ahead,percent,0,Bin,0.1,0.2
Idaho,4 wk ahead,percent,0.004,Bin,0.2,0.3
Idaho,4 wk ahead,percent,0.006,Bin,0.3,0.4
Idaho,4 wk ahead,percent,0.008,Bin,0.4,0.5
Idaho,4 wk ahead,percent,0.016,Bin,0.5,0.6
Idaho,4 wk ahead,percent,0.02,Bin,0.6,0.7
Idaho,4 wk ahead,percent,0.012,Bin,0.7,0.8
Idaho,4 wk ahead,percent,0.018,Bin,0.8,0.9
Idaho,4 wk ahead,percent,0.024,Bin,0.9,1.0
Idaho,4 wk ahead,percent,0.018,Bin,1.0,1.1
Idaho,4 wk ahead,percent,0.034,Bin,1.1,1.2
Idaho,4 wk ahead,percent,0.024,Bin,1.2,1.3
Idaho,4 wk ahead,percent,0.038,Bin,1.3,1.4
Idaho,4 wk ahead,percent,0.034,Bin,1.4,1.5
Idaho,4 wk ahead,percent,0.038,Bin,1.5,1.6
Idaho,4 wk ahead,percent,0.04,Bin,1.6,1.7
Idaho,4 wk ahead,percent,0.03,Bin,1.7,1.8
Idaho,4 wk ahead,percent,0.028,Bin,1.8,1.9
Idaho,4 wk ahead,percent,0.026,Bin,1.9,2.0
Idaho,4 wk ahead,percent,0.046,Bin,2.0,2.1
Idaho,4 wk ahead,percent,0.024,Bin,2.1,2.2
Idaho,4 wk ahead,percent,0.036,Bin,2.2,2.3
Idaho,4 wk ahead,percent,0.034,Bin,2.3,2.4
Idaho,4 wk ahead,percent,0.04,Bin,2.4,2.5
Idaho,4 wk ahead,percent,0.028,Bin,2.5,2.6
Idaho,4 wk ahead,percent,0.028,Bin,2.6,2.7
Idaho,4 wk ahead,percent,0.016,Bin,2.7,2.8
Idaho,4 wk ahead,percent,0.028,Bin,2.8,2.9
Idaho,4 wk ahead,percent,0.018,Bin,2.9,3.0
Idaho,4 wk ahead,percent,0.012,Bin,3.0,3.1
Idaho,4 wk ahead,percent,0.026,Bin,3.1,3.2
Idaho,4 wk ahead,percent,0.014,Bin,3.2,3.3
Idaho,4 wk ahead,percent,0.016,Bin,3.3,3.4
Idaho,4 wk ahead,percent,0.014,Bin,3.4,3.5
Idaho,4 wk ahead,percent,0.014,Bin,3.5,3.6
Idaho,4 wk ahead,percent,0.018,Bin,3.6,3.7
Idaho,4 wk ahead,percent,0.008,Bin,3.7,3.8
Idaho,4 wk ahead,percent,0.008,Bin,3.8,3.9
Idaho,4 wk ahead,percent,0.008,Bin,3.9,4.0
Idaho,4 wk ahead,percent,0.008,Bin,4.0,4.1
Idaho,4 wk ahead,percent,0.014,Bin,4.1,4.2
Idaho,4 wk ahead,percent,0.008,Bin,4.2,4.3
Idaho,4 wk ahead,percent,0.012,Bin,4.3,4.4
Idaho,4 wk ahead,percent,0.006,Bin,4.4,4.5
Idaho,4 wk ahead,percent,0.008,Bin,4.5,4.6
Idaho,4 wk ahead,percent,0.006,Bin,4.6,4.7
Idaho,4 wk ahead,percent,0.004,Bin,4.7,4.8
Idaho,4 wk ahead,percent,0.004,Bin,4.8,4.9
Idaho,4 wk ahead,percent,0.006,Bin,4.9,5.0
Idaho,4 wk ahead,percent,0.004,Bin,5.0,5.1
Idaho,4 wk ahead,percent,0.008,Bin,5.1,5.2
Idaho,4 wk ahead,percent,0.002,Bin,5.2,5.3
Idaho,4 wk ahead,percent,0.002,Bin,5.3,5.4
Idaho,4 wk ahead,percent,0.002,Bin,5.4,5.5
Idaho,4 wk ahead,percent,0.006,Bin,5.5,5.6
Idaho,4 wk ahead,percent,0.004,Bin,5.6,5.7
Idaho,4 wk ahead,percent,0.004,Bin,5.7,5.8
Idaho,4 wk ahead,percent,0,Bin,5.8,5.9
Idaho,4 wk ahead,percent,0,Bin,5.9,6.0
Idaho,4 wk ahead,percent,0.002,Bin,6.0,6.1
Idaho,4 wk ahead,percent,0,Bin,6.1,6.2
Idaho,4 wk ahead,percent,0.002,Bin,6.2,6.3
Idaho,4 wk ahead,percent,0.004,Bin,6.3,6.4
Idaho,4 wk ahead,percent,0,Bin,6.4,6.5
Idaho,4 wk ahead,percent,0,Bin,6.5,6.6
Idaho,4 wk ahead,percent,0.004,Bin,6.6,6.7
Idaho,4 wk ahead,percent,0.002,Bin,6.7,6.8
Idaho,4 wk ahead,percent,0.002,Bin,6.8,6.9
Idaho,4 wk ahead,percent,0.002,Bin,6.9,7.0
Idaho,4 wk ahead,percent,0.004,Bin,7.0,7.1
Idaho,4 wk ahead,percent,0.004,Bin,7.1,7.2
Idaho,4 wk ahead,percent,0,Bin,7.2,7.3
Idaho,4 wk ahead,percent,0,Bin,7.3,7.4
Idaho,4 wk ahead,percent,0,Bin,7.4,7.5
Idaho,4 wk ahead,percent,0.002,Bin,7.5,7.6
Idaho,4 wk ahead,percent,0,Bin,7.6,7.7
Idaho,4 wk ahead,percent,0,Bin,7.7,7.8
Idaho,4 wk ahead,percent,0,Bin,7.8,7.9
Idaho,4 wk ahead,percent,0.002,Bin,7.9,8.0
Idaho,4 wk ahead,percent,0,Bin,8.0,8.1
Idaho,4 wk ahead,percent,0,Bin,8.1,8.2
Idaho,4 wk ahead,percent,0,Bin,8.2,8.3
Idaho,4 wk ahead,percent,0,Bin,8.3,8.4
Idaho,4 wk ahead,percent,0,Bin,8.4,8.5
Idaho,4 wk ahead,percent,0,Bin,8.5,8.6
Idaho,4 wk ahead,percent,0,Bin,8.6,8.7
Idaho,4 wk ahead,percent,0,Bin,8.7,8.8
Idaho,4 wk ahead,percent,0,Bin,8.8,8.9
Idaho,4 wk ahead,percent,0,Bin,8.9,9.0
Idaho,4 wk ahead,percent,0,Bin,9.0,9.1
Idaho,4 wk ahead,percent,0,Bin,9.1,9.2
Idaho,4 wk ahead,percent,0,Bin,9.2,9.3
Idaho,4 wk ahead,percent,0.002,Bin,9.3,9.4
Idaho,4 wk ahead,percent,0,Bin,9.4,9.5
Idaho,4 wk ahead,percent,0,Bin,9.5,9.6
Idaho,4 wk ahead,percent,0,Bin,9.6,9.7
Idaho,4 wk ahead,percent,0,Bin,9.7,9.8
Idaho,4 wk ahead,percent,0,Bin,9.8,9.9
Idaho,4 wk ahead,percent,0,Bin,9.9,10.0
Idaho,4 wk ahead,percent,0,Bin,10.0,10.1
Idaho,4 wk ahead,percent,0,Bin,10.1,10.2
Idaho,4 wk ahead,percent,0,Bin,10.2,10.3
Idaho,4 wk ahead,percent,0,Bin,10.3,10.4
Idaho,4 wk ahead,percent,0,Bin,10.4,10.5
Idaho,4 wk ahead,percent,0,Bin,10.5,10.6
Idaho,4 wk ahead,percent,0,Bin,10.6,10.7
Idaho,4 wk ahead,percent,0,Bin,10.7,10.8
Idaho,4 wk ahead,percent,0,Bin,10.8,10.9
Idaho,4 wk ahead,percent,0,Bin,10.9,11.0
Idaho,4 wk ahead,percent,0.002,Bin,11.0,11.1
Idaho,4 wk ahead,percent,0,Bin,11.1,11.2
Idaho,4 wk ahead,percent,0,Bin,11.2,11.3
Idaho,4 wk ahead,percent,0,Bin,11.3,11.4
Idaho,4 wk ahead,percent,0,Bin,11.4,11.5
Idaho,4 wk ahead,percent,0,Bin,11.5,11.6
Idaho,4 wk ahead,percent,0,Bin,11.6,11.7
Idaho,4 wk ahead,percent,0,Bin,11.7,11.8
Idaho,4 wk ahead,percent,0,Bin,11.8,11.9
Idaho,4 wk ahead,percent,0,Bin,11.9,12.0
Idaho,4 wk ahead,percent,0,Bin,12.0,12.1
Idaho,4 wk ahead,percent,0,Bin,12.1,12.2
Idaho,4 wk ahead,percent,0,Bin,12.2,12.3
Idaho,4 wk ahead,percent,0,Bin,12.3,12.4
Idaho,4 wk ahead,percent,0,Bin,12.4,12.5
Idaho,4 wk ahead,percent,0,Bin,12.5,12.6
Idaho,4 wk ahead,percent,0,Bin,12.6,12.7
Idaho,4 wk ahead,percent,0,Bin,12.7,12.8
Idaho,4 wk ahead,percent,0,Bin,12.8,12.9
Idaho,4 wk ahead,percent,0,Bin,12.9,13.0
Idaho,4 wk ahead,percent,0.004,Bin,13.0,100.0
Idaho,Season peak percentage,percent,0,Bin,0.0,0.1
Idaho,Season peak percentage,percent,0,Bin,0.1,0.2
Idaho,Season peak percentage,percent,0,Bin,0.2,0.3
Idaho,Season peak percentage,percent,0,Bin,0.3,0.4
Idaho,Season peak percentage,percent,0,Bin,0.4,0.5
Idaho,Season peak percentage,percent,0,Bin,0.5,0.6
Idaho,Season peak percentage,percent,0,Bin,0.6,0.7
Idaho,Season peak percentage,percent,0,Bin,0.7,0.8
Idaho,Season peak percentage,percent,0,Bin,0.8,0.9
Idaho,Season peak percentage,percent,0,Bin,0.9,1.0
Idaho,Season peak percentage,percent,0,Bin,1.0,1.1
Idaho,Season peak percentage,percent,0,Bin,1.1,1.2
Idaho,Season peak percentage,percent,0.006,Bin,1.2,1.3
Idaho,Season peak percentage,percent,0.004,Bin,1.3,1.4
Idaho,Season peak percentage,percent,0.01,Bin,1.4,1.5
Idaho,Season peak percentage,percent,0.006,Bin,1.5,1.6
Idaho,Season peak percentage,percent,0,Bin,1.6,1.7
Idaho,Season peak percentage,percent,0.012,Bin,1.7,1.8
Idaho,Season peak percentage,percent,0.008,Bin,1.8,1.9
Idaho,Season peak percentage,percent,0.016,Bin,1.9,2.0
Idaho,Season peak percentage,percent,0.006,Bin,2.0,2.1
Idaho,Season peak percentage,percent,0.016,Bin,2.1,2.2
Idaho,Season peak percentage,percent,0.018,Bin,2.2,2.3
Idaho,Season peak percentage,percent,0.01,Bin,2.3,2.4
Idaho,Season peak percentage,percent,0.022,Bin,2.4,2.5
Idaho,Season peak percentage,percent,0.012,Bin,2.5,2.6
Idaho,Season peak percentage,percent,0.024,Bin,2.6,2.7
Idaho,Season peak percentage,percent,0.014,Bin,2.7,2.8
Idaho,Season peak percentage,percent,0.016,Bin,2.8,2.9
Idaho,Season peak percentage,percent,0.016,Bin,2.9,3.0
Idaho,Season peak percentage,percent,0.014,Bin,3.0,3.1
Idaho,Season peak percentage,percent,0.016,Bin,3.1,3.2
Idaho,Season peak percentage,percent,0.016,Bin,3.2,3.3
Idaho,Season peak percentage,percent,0.022,Bin,3.3,3.4
Idaho,Season peak percentage,percent,0.014,Bin,3.4,3.5
Idaho,Season peak percentage,percent,0.022,Bin,3.5,3.6
Idaho,Season peak percentage,percent,0.016,Bin,3.6,3.7
Idaho,Season peak percentage,percent,0.016,Bin,3.7,3.8
Idaho,Season peak percentage,percent,0.012,Bin,3.8,3.9
Idaho,Season peak percentage,percent,0.018,Bin,3.9,4.0
Idaho,Season peak percentage,percent,0.022,Bin,4.0,4.1
Idaho,Season peak percentage,percent,0.024,Bin,4.1,4.2
Idaho,Season peak percentage,percent,0.012,Bin,4.2,4.3
Idaho,Season peak percentage,percent,0.008,Bin,4.3,4.4
Idaho,Season peak percentage,percent,0.014,Bin,4.4,4.5
Idaho,Season peak percentage,percent,0.02,Bin,4.5,4.6
Idaho,Season peak percentage,percent,0.018,Bin,4.6,4.7
Idaho,Season peak percentage,percent,0.006,Bin,4.7,4.8
Idaho,Season peak percentage,percent,0.016,Bin,4.8,4.9
Idaho,Season peak percentage,percent,0.016,Bin,4.9,5.0
Idaho,Season peak percentage,percent,0.01,Bin,5.0,5.1
Idaho,Season peak percentage,percent,0.018,Bin,5.1,5.2
Idaho,Season peak percentage,percent,0.008,Bin,5.2,5.3
Idaho,Season peak percentage,percent,0.01,Bin,5.3,5.4
Idaho,Season peak percentage,percent,0.008,Bin,5.4,5.5
Idaho,Season peak percentage,percent,0.01,Bin,5.5,5.6
Idaho,Season peak percentage,percent,0.012,Bin,5.6,5.7
Idaho,Season peak percentage,percent,0.004,Bin,5.7,5.8
Idaho,Season peak percentage,percent,0.01,Bin,5.8,5.9
Idaho,Season peak percentage,percent,0.018,Bin,5.9,6.0
Idaho,Season peak percentage,percent,0.016,Bin,6.0,6.1
Idaho,Season peak percentage,percent,0.012,Bin,6.1,6.2
Idaho,Season peak percentage,percent,0.006,Bin,6.2,6.3
Idaho,Season peak percentage,percent,0.004,Bin,6.3,6.4
Idaho,Season peak percentage,percent,0.004,Bin,6.4,6.5
Idaho,Season peak percentage,percent,0.006,Bin,6.5,6.6
Idaho,Season peak percentage,percent,0.002,Bin,6.6,6.7
Idaho,Season peak percentage,percent,0.01,Bin,6.7,6.8
Idaho,Season peak percentage,percent,0.004,Bin,6.8,6.9
Idaho,Season peak percentage,percent,0.006,Bin,6.9,7.0
Idaho,Season peak percentage,percent,0.014,Bin,7.0,7.1
Idaho,Season peak percentage,percent,0.006,Bin,7.1,7.2
Idaho,Season peak percentage,percent,0,Bin,7.2,7.3
Idaho,Season peak percentage,percent,0.006,Bin,7.3,7.4
Idaho,Season peak percentage,percent,0.002,Bin,7.4,7.5
Idaho,Season peak percentage,percent,0.008,Bin,7.5,7.6
Idaho,Season peak percentage,percent,0.006,Bin,7.6,7.7
Idaho,Season peak percentage,percent,0.006,Bin,7.7,7.8
Idaho,Season peak percentage,percent,0.002,Bin,7.8,7.9
Idaho,Season peak percentage,percent,0.01,Bin,7.9,8.0
Idaho,Season peak percentage,percent,0.004,Bin,8.0,8.1
Idaho,Season peak percentage,percent,0.002,Bin,8.1,8.2
Idaho,Season peak percentage,percent,0.004,Bin,8.2,8.3
Idaho,Season peak percentage,percent,0.002,Bin,8.3,8.4
Idaho,Season peak percentage,percent,0.002,Bin,8.4,8.5
Idaho,Season peak percentage,percent,0.004,Bin,8.5,8.6
Idaho,Season peak percentage,percent,0.002,Bin,8.6,8.7
Idaho,Season peak percentage,percent,0.006,Bin,8.7,8.8
Idaho,Season peak percentage,percent,0.002,Bin,8.8,8.9
Idaho,Season peak percentage,percent,0.006,Bin,8.9,9.0
Idaho,Season peak percentage,percent,0.01,Bin,9.0,9.1
Idaho,Season peak percentage,percent,0.002,Bin,9.1,9.2
Idaho,Season peak percentage,percent,0.002,Bin,9.2,9.3
Idaho,Season peak percentage,percent,0.006,Bin,9.3,9.4
Idaho,Season peak percentage,percent,0.002,Bin,9.4,9.5
Idaho,Season peak percentage,percent,0.004,Bin,9.5,9.6
Idaho,Season peak percentage,percent,0.006,Bin,9.6,9.7
Idaho,Season peak percentage,percent,0,Bin,9.7,9.8
Idaho,Season peak percentage,percent,0.002,Bin,9.8,9.9
Idaho,Season peak percentage,percent,0,Bin,9.9,10.0
Idaho,Season peak percentage,percent,0.004,Bin,10.0,10.1
Idaho,Season peak percentage,percent,0.008,Bin,10.1,10.2
Idaho,Season peak percentage,percent,0.002,Bin,10.2,10.3
Idaho,Season peak percentage,percent,0.004,Bin,10.3,10.4
Idaho,Season peak percentage,percent,0.006,Bin,10.4,10.5
Idaho,Season peak percentage,percent,0.004,Bin,10.5,10.6
Idaho,Season peak percentage,percent,0.004,Bin,10.6,10.7
Idaho,Season peak percentage,percent,0,Bin,10.7,10.8
Idaho,Season peak percentage,percent,0.004,Bin,10.8,10.9
Idaho,Season peak percentage,percent,0,Bin,10.9,11.0
Idaho,Season peak percentage,percent,0.008,Bin,11.0,11.1
Idaho,Season peak percentage,percent,0.002,Bin,11.1,11.2
Idaho,Season peak percentage,percent,0.004,Bin,11.2,11.3
Idaho,Season peak percentage,percent,0.002,Bin,11.3,11.4
Idaho,Season peak percentage,percent,0,Bin,11.4,11.5
Idaho,Season peak percentage,percent,0.002,Bin,11.5,11.6
Idaho,Season peak percentage,percent,0,Bin,11.6,11.7
Idaho,Season peak percentage,percent,0.002,Bin,11.7,11.8
Idaho,Season peak percentage,percent,0.006,Bin,11.8,11.9
Idaho,Season peak percentage,percent,0,Bin,11.9,12.0
Idaho,Season peak percentage,percent,0,Bin,12.0,12.1
Idaho,Season peak percentage,percent,0,Bin,12.1,12.2
Idaho,Season peak percentage,percent,0.004,Bin,12.2,12.3
Idaho,Season peak percentage,percent,0,Bin,12.3,12.4
Idaho,Season peak percentage,percent,0,Bin,12.4,12.5
Idaho,Season peak percentage,percent,0,Bin,12.5,12.6
Idaho,Season peak percentage,percent,0,Bin,12.6,12.7
Idaho,Season peak percentage,percent,0,Bin,12.7,12.8
Idaho,Season peak percentage,percent,0.002,Bin,12.8,12.9
Idaho,Season peak percentage,percent,0,Bin,12.9,13.0
Idaho,Season peak percentage,percent,0.088,Bin,13.0,100.0
Idaho,Season peak week,week,0,Bin,40.0,41.0
Idaho,Season peak week,week,0,Bin,41.0,42.0
Idaho,Season peak week,week,0,Bin,42.0,43.0
Idaho,Season peak week,week,0,Bin,43.0,44.0
Idaho,Season peak week,week,0,Bin,44.0,45.0
Idaho,Season peak week,week,0,Bin,45.0,46.0
Idaho,Season peak week,week,0,Bin,46.0,47.0
Idaho,Season peak week,week,0,Bin,47.0,48.0
Idaho,Season peak week,week,0.00566037735849057,Bin,48.0,49.0
Idaho,Season peak week,week,0,Bin,49.0,50.0
Idaho,Season peak week,week,0.0226415094339623,Bin,50.0,51.0
Idaho,Season peak week,week,0.0245283018867925,Bin,51.0,52.0
Idaho,Season peak week,week,0.060377358490566,Bin,52.0,53.0
Idaho,Season peak week,week,0.0924528301886793,Bin,1.0,2.0
Idaho,Season peak week,week,0.0754716981132075,Bin,2.0,3.0
Idaho,Season peak week,week,0.0792452830188679,Bin,3.0,4.0
Idaho,Season peak week,week,0.0566037735849057,Bin,4.0,5.0
Idaho,Season peak week,week,0.0849056603773585,Bin,5.0,6.0
Idaho,Season peak week,week,0.0924528301886793,Bin,6.0,7.0
Idaho,Season peak week,week,0.0981132075471698,Bin,7.0,8.0
Idaho,Season peak week,week,0.0773584905660377,Bin,8.0,9.0
Idaho,Season peak week,week,0.0528301886792453,Bin,9.0,10.0
Idaho,Season peak week,week,0.0415094339622642,Bin,10.0,11.0
Idaho,Season peak week,week,0.0264150943396226,Bin,11.0,12.0
Idaho,Season peak week,week,0.0226415094339623,Bin,12.0,13.0
Idaho,Season peak week,week,0.0245283018867925,Bin,13.0,14.0
Idaho,Season peak week,week,0.0132075471698113,Bin,14.0,15.0
Idaho,Season peak week,week,0.00566037735849057,Bin,15.0,16.0
Idaho,Season peak week,week,0.0113207547169811,Bin,16.0,17.0
Idaho,Season peak week,week,0.00943396226415094,Bin,17.0,18.0
Idaho,Season peak week,week,0.0113207547169811,Bin,18.0,19.0
Idaho,Season peak week,week,0.00943396226415094,Bin,19.0,20.0
Idaho,Season peak week,week,0.00188679245283019,Bin,20.0,21.0
Iowa,1 wk ahead,percent,0,Bin,0.0,0.1
Iowa,1 wk ahead,percent,0,Bin,0.1,0.2
Iowa,1 wk ahead,percent,0.002,Bin,0.2,0.3
Iowa,1 wk ahead,percent,0.008,Bin,0.3,0.4
Iowa,1 wk ahead,percent,0.024,Bin,0.4,0.5
Iowa,1 wk ahead,percent,0.036,Bin,0.5,0.6
Iowa,1 wk ahead,percent,0.036,Bin,0.6,0.7
Iowa,1 wk ahead,percent,0.084,Bin,0.7,0.8
Iowa,1 wk ahead,percent,0.078,Bin,0.8,0.9
Iowa,1 wk ahead,percent,0.112,Bin,0.9,1.0
Iowa,1 wk ahead,percent,0.156,Bin,1.0,1.1
Iowa,1 wk ahead,percent,0.096,Bin,1.1,1.2
Iowa,1 wk ahead,percent,0.094,Bin,1.2,1.3
Iowa,1 wk ahead,percent,0.056,Bin,1.3,1.4
Iowa,1 wk ahead,percent,0.042,Bin,1.4,1.5
Iowa,1 wk ahead,percent,0.052,Bin,1.5,1.6
Iowa,1 wk ahead,percent,0.014,Bin,1.6,1.7
Iowa,1 wk ahead,percent,0.02,Bin,1.7,1.8
Iowa,1 wk ahead,percent,0.02,Bin,1.8,1.9
Iowa,1 wk ahead,percent,0.014,Bin,1.9,2.0
Iowa,1 wk ahead,percent,0.014,Bin,2.0,2.1
Iowa,1 wk ahead,percent,0.008,Bin,2.1,2.2
Iowa,1 wk ahead,percent,0.004,Bin,2.2,2.3
Iowa,1 wk ahead,percent,0,Bin,2.3,2.4
Iowa,1 wk ahead,percent,0,Bin,2.4,2.5
Iowa,1 wk ahead,percent,0,Bin,2.5,2.6
Iowa,1 wk ahead,percent,0.006,Bin,2.6,2.7
Iowa,1 wk ahead,percent,0.006,Bin,2.7,2.8
Iowa,1 wk ahead,percent,0,Bin,2.8,2.9
Iowa,1 wk ahead,percent,0.014,Bin,2.9,3.0
Iowa,1 wk ahead,percent,0.002,Bin,3.0,3.1
Iowa,1 wk ahead,percent,0,Bin,3.1,3.2
Iowa,1 wk ahead,percent,0.002,Bin,3.2,3.3
Iowa,1 wk ahead,percent,0,Bin,3.3,3.4
Iowa,1 wk ahead,percent,0,Bin,3.4,3.5
Iowa,1 wk ahead,percent,0,Bin,3.5,3.6
Iowa,1 wk ahead,percent,0,Bin,3.6,3.7
Iowa,1 wk ahead,percent,0,Bin,3.7,3.8
Iowa,1 wk ahead,percent,0,Bin,3.8,3.9
Iowa,1 wk ahead,percent,0,Bin,3.9,4.0
Iowa,1 wk ahead,percent,0,Bin,4.0,4.1
Iowa,1 wk ahead,percent,0,Bin,4.1,4.2
Iowa,1 wk ahead,percent,0,Bin,4.2,4.3
Iowa,1 wk ahead,percent,0,Bin,4.3,4.4
Iowa,1 wk ahead,percent,0,Bin,4.4,4.5
Iowa,1 wk ahead,percent,0,Bin,4.5,4.6
Iowa,1 wk ahead,percent,0,Bin,4.6,4.7
Iowa,1 wk ahead,percent,0,Bin,4.7,4.8
Iowa,1 wk ahead,percent,0,Bin,4.8,4.9
Iowa,1 wk ahead,percent,0,Bin,4.9,5.0
Iowa,1 wk ahead,percent,0,Bin,5.0,5.1
Iowa,1 wk ahead,percent,0,Bin,5.1,5.2
Iowa,1 wk ahead,percent,0,Bin,5.2,5.3
Iowa,1 wk ahead,percent,0,Bin,5.3,5.4
Iowa,1 wk ahead,percent,0,Bin,5.4,5.5
Iowa,1 wk ahead,percent,0,Bin,5.5,5.6
Iowa,1 wk ahead,percent,0,Bin,5.6,5.7
Iowa,1 wk ahead,percent,0,Bin,5.7,5.8
Iowa,1 wk ahead,percent,0,Bin,5.8,5.9
Iowa,1 wk ahead,percent,0,Bin,5.9,6.0
Iowa,1 wk ahead,percent,0,Bin,6.0,6.1
Iowa,1 wk ahead,percent,0,Bin,6.1,6.2
Iowa,1 wk ahead,percent,0,Bin,6.2,6.3
Iowa,1 wk ahead,percent,0,Bin,6.3,6.4
Iowa,1 wk ahead,percent,0,Bin,6.4,6.5
Iowa,1 wk ahead,percent,0,Bin,6.5,6.6
Iowa,1 wk ahead,percent,0,Bin,6.6,6.7
Iowa,1 wk ahead,percent,0,Bin,6.7,6.8
Iowa,1 wk ahead,percent,0,Bin,6.8,6.9
Iowa,1 wk ahead,percent,0,Bin,6.9,7.0
Iowa,1 wk ahead,percent,0,Bin,7.0,7.1
Iowa,1 wk ahead,percent,0,Bin,7.1,7.2
Iowa,1 wk ahead,percent,0,Bin,7.2,7.3
Iowa,1 wk ahead,percent,0,Bin,7.3,7.4
Iowa,1 wk ahead,percent,0,Bin,7.4,7.5
Iowa,1 wk ahead,percent,0,Bin,7.5,7.6
Iowa,1 wk ahead,percent,0,Bin,7.6,7.7
Iowa,1 wk ahead,percent,0,Bin,7.7,7.8
Iowa,1 wk ahead,percent,0,Bin,7.8,7.9
Iowa,1 wk ahead,percent,0,Bin,7.9,8.0
Iowa,1 wk ahead,percent,0,Bin,8.0,8.1
Iowa,1 wk ahead,percent,0,Bin,8.1,8.2
Iowa,1 wk ahead,percent,0,Bin,8.2,8.3
Iowa,1 wk ahead,percent,0,Bin,8.3,8.4
Iowa,1 wk ahead,percent,0,Bin,8.4,8.5
Iowa,1 wk ahead,percent,0,Bin,8.5,8.6
Iowa,1 wk ahead,percent,0,Bin,8.6,8.7
Iowa,1 wk ahead,percent,0,Bin,8.7,8.8
Iowa,1 wk ahead,percent,0,Bin,8.8,8.9
Iowa,1 wk ahead,percent,0,Bin,8.9,9.0
Iowa,1 wk ahead,percent,0,Bin,9.0,9.1
Iowa,1 wk ahead,percent,0,Bin,9.1,9.2
Iowa,1 wk ahead,percent,0,Bin,9.2,9.3
Iowa,1 wk ahead,percent,0,Bin,9.3,9.4
Iowa,1 wk ahead,percent,0,Bin,9.4,9.5
Iowa,1 wk ahead,percent,0,Bin,9.5,9.6
Iowa,1 wk ahead,percent,0,Bin,9.6,9.7
Iowa,1 wk ahead,percent,0,Bin,9.7,9.8
Iowa,1 wk ahead,percent,0,Bin,9.8,9.9
Iowa,1 wk ahead,percent,0,Bin,9.9,10.0
Iowa,1 wk ahead,percent,0,Bin,10.0,10.1
Iowa,1 wk ahead,percent,0,Bin,10.1,10.2
Iowa,1 wk ahead,percent,0,Bin,10.2,10.3
Iowa,1 wk ahead,percent,0,Bin,10.3,10.4
Iowa,1 wk ahead,percent,0,Bin,10.4,10.5
Iowa,1 wk ahead,percent,0,Bin,10.5,10.6
Iowa,1 wk ahead,percent,0,Bin,10.6,10.7
Iowa,1 wk ahead,percent,0,Bin,10.7,10.8
Iowa,1 wk ahead,percent,0,Bin,10.8,10.9
Iowa,1 wk ahead,percent,0,Bin,10.9,11.0
Iowa,1 wk ahead,percent,0,Bin,11.0,11.1
Iowa,1 wk ahead,percent,0,Bin,11.1,11.2
Iowa,1 wk ahead,percent,0,Bin,11.2,11.3
Iowa,1 wk ahead,percent,0,Bin,11.3,11.4
Iowa,1 wk ahead,percent,0,Bin,11.4,11.5
Iowa,1 wk ahead,percent,0,Bin,11.5,11.6
Iowa,1 wk ahead,percent,0,Bin,11.6,11.7
Iowa,1 wk ahead,percent,0,Bin,11.7,11.8
Iowa,1 wk ahead,percent,0,Bin,11.8,11.9
Iowa,1 wk ahead,percent,0,Bin,11.9,12.0
Iowa,1 wk ahead,percent,0,Bin,12.0,12.1
Iowa,1 wk ahead,percent,0,Bin,12.1,12.2
Iowa,1 wk ahead,percent,0,Bin,12.2,12.3
Iowa,1 wk ahead,percent,0,Bin,12.3,12.4
Iowa,1 wk ahead,percent,0,Bin,12.4,12.5
Iowa,1 wk ahead,percent,0,Bin,12.5,12.6
Iowa,1 wk ahead,percent,0,Bin,12.6,12.7
Iowa,1 wk ahead,percent,0,Bin,12.7,12.8
Iowa,1 wk ahead,percent,0,Bin,12.8,12.9
Iowa,1 wk ahead,percent,0,Bin,12.9,13.0
Iowa,1 wk ahead,percent,0,Bin,13.0,100.0
Iowa,2 wk ahead,percent,0,Bin,0.0,0.1
Iowa,2 wk ahead,percent,0,Bin,0.1,0.2
Iowa,2 wk ahead,percent,0.002,Bin,0.2,0.3
Iowa,2 wk ahead,percent,0.014,Bin,0.3,0.4
Iowa,2 wk ahead,percent,0.022,Bin,0.4,0.5
Iowa,2 wk ahead,percent,0.03,Bin,0.5,0.6
Iowa,2 wk ahead,percent,0.074,Bin,0.6,0.7
Iowa,2 wk ahead,percent,0.09,Bin,0.7,0.8
Iowa,2 wk ahead,percent,0.098,Bin,0.8,0.9
Iowa,2 wk ahead,percent,0.082,Bin,0.9,1.0
Iowa,2 wk ahead,percent,0.11,Bin,1.0,1.1
Iowa,2 wk ahead,percent,0.078,Bin,1.1,1.2
Iowa,2 wk ahead,percent,0.076,Bin,1.2,1.3
Iowa,2 wk ahead,percent,0.054,Bin,1.3,1.4
Iowa,2 wk ahead,percent,0.038,Bin,1.4,1.5
Iowa,2 wk ahead,percent,0.03,Bin,1.5,1.6
Iowa,2 wk ahead,percent,0.036,Bin,1.6,1.7
Iowa,2 wk ahead,percent,0.03,Bin,1.7,1.8
Iowa,2 wk ahead,percent,0.02,Bin,1.8,1.9
Iowa,2 wk ahead,percent,0.028,Bin,1.9,2.0
Iowa,2 wk ahead,percent,0.014,Bin,2.0,2.1
Iowa,2 wk ahead,percent,0.01,Bin,2.1,2.2
Iowa,2 wk ahead,percent,0.01,Bin,2.2,2.3
Iowa,2 wk ahead,percent,0.006,Bin,2.3,2.4
Iowa,2 wk ahead,percent,0.008,Bin,2.4,2.5
Iowa,2 wk ahead,percent,0.006,Bin,2.5,2.6
Iowa,2 wk ahead,percent,0.004,Bin,2.6,2.7
Iowa,2 wk ahead,percent,0.004,Bin,2.7,2.8
Iowa,2 wk ahead,percent,0.002,Bin,2.8,2.9
Iowa,2 wk ahead,percent,0.004,Bin,2.9,3.0
Iowa,2 wk ahead,percent,0.004,Bin,3.0,3.1
Iowa,2 wk ahead,percent,0.002,Bin,3.1,3.2
Iowa,2 wk ahead,percent,0.002,Bin,3.2,3.3
Iowa,2 wk ahead,percent,0.004,Bin,3.3,3.4
Iowa,2 wk ahead,percent,0,Bin,3.4,3.5
Iowa,2 wk ahead,percent,0.004,Bin,3.5,3.6
Iowa,2 wk ahead,percent,0,Bin,3.6,3.7
Iowa,2 wk ahead,percent,0,Bin,3.7,3.8
Iowa,2 wk ahead,percent,0,Bin,3.8,3.9
Iowa,2 wk ahead,percent,0,Bin,3.9,4.0
Iowa,2 wk ahead,percent,0,Bin,4.0,4.1
Iowa,2 wk ahead,percent,0,Bin,4.1,4.2
Iowa,2 wk ahead,percent,0.002,Bin,4.2,4.3
Iowa,2 wk ahead,percent,0,Bin,4.3,4.4
Iowa,2 wk ahead,percent,0,Bin,4.4,4.5
Iowa,2 wk ahead,percent,0,Bin,4.5,4.6
Iowa,2 wk ahead,percent,0,Bin,4.6,4.7
Iowa,2 wk ahead,percent,0,Bin,4.7,4.8
Iowa,2 wk ahead,percent,0,Bin,4.8,4.9
Iowa,2 wk ahead,percent,0,Bin,4.9,5.0
Iowa,2 wk ahead,percent,0,Bin,5.0,5.1
Iowa,2 wk ahead,percent,0,Bin,5.1,5.2
Iowa,2 wk ahead,percent,0.002,Bin,5.2,5.3
Iowa,2 wk ahead,percent,0,Bin,5.3,5.4
Iowa,2 wk ahead,percent,0,Bin,5.4,5.5
Iowa,2 wk ahead,percent,0,Bin,5.5,5.6
Iowa,2 wk ahead,percent,0,Bin,5.6,5.7
Iowa,2 wk ahead,percent,0,Bin,5.7,5.8
Iowa,2 wk ahead,percent,0,Bin,5.8,5.9
Iowa,2 wk ahead,percent,0,Bin,5.9,6.0
Iowa,2 wk ahead,percent,0,Bin,6.0,6.1
Iowa,2 wk ahead,percent,0,Bin,6.1,6.2
Iowa,2 wk ahead,percent,0,Bin,6.2,6.3
Iowa,2 wk ahead,percent,0,Bin,6.3,6.4
Iowa,2 wk ahead,percent,0,Bin,6.4,6.5
Iowa,2 wk ahead,percent,0,Bin,6.5,6.6
Iowa,2 wk ahead,percent,0,Bin,6.6,6.7
Iowa,2 wk ahead,percent,0,Bin,6.7,6.8
Iowa,2 wk ahead,percent,0,Bin,6.8,6.9
Iowa,2 wk ahead,percent,0,Bin,6.9,7.0
Iowa,2 wk ahead,percent,0,Bin,7.0,7.1
Iowa,2 wk ahead,percent,0,Bin,7.1,7.2
Iowa,2 wk ahead,percent,0,Bin,7.2,7.3
Iowa,2 wk ahead,percent,0,Bin,7.3,7.4
Iowa,2 wk ahead,percent,0,Bin,7.4,7.5
Iowa,2 wk ahead,percent,0,Bin,7.5,7.6
Iowa,2 wk ahead,percent,0,Bin,7.6,7.7
Iowa,2 wk ahead,percent,0,Bin,7.7,7.8
Iowa,2 wk ahead,percent,0,Bin,7.8,7.9
Iowa,2 wk ahead,percent,0,Bin,7.9,8.0
Iowa,2 wk ahead,percent,0,Bin,8.0,8.1
Iowa,2 wk ahead,percent,0,Bin,8.1,8.2
Iowa,2 wk ahead,percent,0,Bin,8.2,8.3
Iowa,2 wk ahead,percent,0,Bin,8.3,8.4
Iowa,2 wk ahead,percent,0,Bin,8.4,8.5
Iowa,2 wk ahead,percent,0,Bin,8.5,8.6
Iowa,2 wk ahead,percent,0,Bin,8.6,8.7
Iowa,2 wk ahead,percent,0,Bin,8.7,8.8
Iowa,2 wk ahead,percent,0,Bin,8.8,8.9
Iowa,2 wk ahead,percent,0,Bin,8.9,9.0
Iowa,2 wk ahead,percent,0,Bin,9.0,9.1
Iowa,2 wk ahead,percent,0,Bin,9.1,9.2
Iowa,2 wk ahead,percent,0,Bin,9.2,9.3
Iowa,2 wk ahead,percent,0,Bin,9.3,9.4
Iowa,2 wk ahead,percent,0,Bin,9.4,9.5
Iowa,2 wk ahead,percent,0,Bin,9.5,9.6
Iowa,2 wk ahead,percent,0,Bin,9.6,9.7
Iowa,2 wk ahead,percent,0,Bin,9.7,9.8
Iowa,2 wk ahead,percent,0,Bin,9.8,9.9
Iowa,2 wk ahead,percent,0,Bin,9.9,10.0
Iowa,2 wk ahead,percent,0,Bin,10.0,10.1
Iowa,2 wk ahead,percent,0,Bin,10.1,10.2
Iowa,2 wk ahead,percent,0,Bin,10.2,10.3
Iowa,2 wk ahead,percent,0,Bin,10.3,10.4
Iowa,2 wk ahead,percent,0,Bin,10.4,10.5
Iowa,2 wk ahead,percent,0,Bin,10.5,10.6
Iowa,2 wk ahead,percent,0,Bin,10.6,10.7
Iowa,2 wk ahead,percent,0,Bin,10.7,10.8
Iowa,2 wk ahead,percent,0,Bin,10.8,10.9
Iowa,2 wk ahead,percent,0,Bin,10.9,11.0
Iowa,2 wk ahead,percent,0,Bin,11.0,11.1
Iowa,2 wk ahead,percent,0,Bin,11.1,11.2
Iowa,2 wk ahead,percent,0,Bin,11.2,11.3
Iowa,2 wk ahead,percent,0,Bin,11.3,11.4
Iowa,2 wk ahead,percent,0,Bin,11.4,11.5
Iowa,2 wk ahead,percent,0,Bin,11.5,11.6
Iowa,2 wk ahead,percent,0,Bin,11.6,11.7
Iowa,2 wk ahead,percent,0,Bin,11.7,11.8
Iowa,2 wk ahead,percent,0,Bin,11.8,11.9
Iowa,2 wk ahead,percent,0,Bin,11.9,12.0
Iowa,2 wk ahead,percent,0,Bin,12.0,12.1
Iowa,2 wk ahead,percent,0,Bin,12.1,12.2
Iowa,2 wk ahead,percent,0,Bin,12.2,12.3
Iowa,2 wk ahead,percent,0,Bin,12.3,12.4
Iowa,2 wk ahead,percent,0,Bin,12.4,12.5
Iowa,2 wk ahead,percent,0,Bin,12.5,12.6
Iowa,2 wk ahead,percent,0,Bin,12.6,12.7
Iowa,2 wk ahead,percent,0,Bin,12.7,12.8
Iowa,2 wk ahead,percent,0,Bin,12.8,12.9
Iowa,2 wk ahead,percent,0,Bin,12.9,13.0
Iowa,2 wk ahead,percent,0,Bin,13.0,100.0
Iowa,3 wk ahead,percent,0,Bin,0.0,0.1
Iowa,3 wk ahead,percent,0,Bin,0.1,0.2
Iowa,3 wk ahead,percent,0.002,Bin,0.2,0.3
Iowa,3 wk ahead,percent,0.008,Bin,0.3,0.4
Iowa,3 wk ahead,percent,0.03,Bin,0.4,0.5
Iowa,3 wk ahead,percent,0.048,Bin,0.5,0.6
Iowa,3 wk ahead,percent,0.044,Bin,0.6,0.7
Iowa,3 wk ahead,percent,0.064,Bin,0.7,0.8
Iowa,3 wk ahead,percent,0.088,Bin,0.8,0.9
Iowa,3 wk ahead,percent,0.094,Bin,0.9,1.0
Iowa,3 wk ahead,percent,0.064,Bin,1.0,1.1
Iowa,3 wk ahead,percent,0.08,Bin,1.1,1.2
Iowa,3 wk ahead,percent,0.062,Bin,1.2,1.3
Iowa,3 wk ahead,percent,0.052,Bin,1.3,1.4
Iowa,3 wk ahead,percent,0.062,Bin,1.4,1.5
Iowa,3 wk ahead,percent,0.046,Bin,1.5,1.6
Iowa,3 wk ahead,percent,0.052,Bin,1.6,1.7
Iowa,3 wk ahead,percent,0.038,Bin,1.7,1.8
Iowa,3 wk ahead,percent,0.016,Bin,1.8,1.9
Iowa,3 wk ahead,percent,0.016,Bin,1.9,2.0
Iowa,3 wk ahead,percent,0.02,Bin,2.0,2.1
Iowa,3 wk ahead,percent,0.01,Bin,2.1,2.2
Iowa,3 wk ahead,percent,0.014,Bin,2.2,2.3
Iowa,3 wk ahead,percent,0.016,Bin,2.3,2.4
Iowa,3 wk ahead,percent,0.002,Bin,2.4,2.5
Iowa,3 wk ahead,percent,0.008,Bin,2.5,2.6
Iowa,3 wk ahead,percent,0.004,Bin,2.6,2.7
Iowa,3 wk ahead,percent,0.01,Bin,2.7,2.8
Iowa,3 wk ahead,percent,0.006,Bin,2.8,2.9
Iowa,3 wk ahead,percent,0.006,Bin,2.9,3.0
Iowa,3 wk ahead,percent,0,Bin,3.0,3.1
Iowa,3 wk ahead,percent,0.004,Bin,3.1,3.2
Iowa,3 wk ahead,percent,0.004,Bin,3.2,3.3
Iowa,3 wk ahead,percent,0.002,Bin,3.3,3.4
Iowa,3 wk ahead,percent,0.002,Bin,3.4,3.5
Iowa,3 wk ahead,percent,0.002,Bin,3.5,3.6
Iowa,3 wk ahead,percent,0,Bin,3.6,3.7
Iowa,3 wk ahead,percent,0.002,Bin,3.7,3.8
Iowa,3 wk ahead,percent,0.004,Bin,3.8,3.9
Iowa,3 wk ahead,percent,0,Bin,3.9,4.0
Iowa,3 wk ahead,percent,0,Bin,4.0,4.1
Iowa,3 wk ahead,percent,0,Bin,4.1,4.2
Iowa,3 wk ahead,percent,0.006,Bin,4.2,4.3
Iowa,3 wk ahead,percent,0,Bin,4.3,4.4
Iowa,3 wk ahead,percent,0.002,Bin,4.4,4.5
Iowa,3 wk ahead,percent,0,Bin,4.5,4.6
Iowa,3 wk ahead,percent,0.002,Bin,4.6,4.7
Iowa,3 wk ahead,percent,0,Bin,4.7,4.8
Iowa,3 wk ahead,percent,0.004,Bin,4.8,4.9
Iowa,3 wk ahead,percent,0,Bin,4.9,5.0
Iowa,3 wk ahead,percent,0,Bin,5.0,5.1
Iowa,3 wk ahead,percent,0,Bin,5.1,5.2
Iowa,3 wk ahead,percent,0,Bin,5.2,5.3
Iowa,3 wk ahead,percent,0,Bin,5.3,5.4
Iowa,3 wk ahead,percent,0,Bin,5.4,5.5
Iowa,3 wk ahead,percent,0.002,Bin,5.5,5.6
Iowa,3 wk ahead,percent,0,Bin,5.6,5.7
Iowa,3 wk ahead,percent,0,Bin,5.7,5.8
Iowa,3 wk ahead,percent,0,Bin,5.8,5.9
Iowa,3 wk ahead,percent,0,Bin,5.9,6.0
Iowa,3 wk ahead,percent,0,Bin,6.0,6.1
Iowa,3 wk ahead,percent,0,Bin,6.1,6.2
Iowa,3 wk ahead,percent,0,Bin,6.2,6.3
Iowa,3 wk ahead,percent,0.002,Bin,6.3,6.4
Iowa,3 wk ahead,percent,0,Bin,6.4,6.5
Iowa,3 wk ahead,percent,0,Bin,6.5,6.6
Iowa,3 wk ahead,percent,0,Bin,6.6,6.7
Iowa,3 wk ahead,percent,0,Bin,6.7,6.8
Iowa,3 wk ahead,percent,0,Bin,6.8,6.9
Iowa,3 wk ahead,percent,0,Bin,6.9,7.0
Iowa,3 wk ahead,percent,0,Bin,7.0,7.1
Iowa,3 wk ahead,percent,0,Bin,7.1,7.2
Iowa,3 wk ahead,percent,0,Bin,7.2,7.3
Iowa,3 wk ahead,percent,0,Bin,7.3,7.4
Iowa,3 wk ahead,percent,0,Bin,7.4,7.5
Iowa,3 wk ahead,percent,0,Bin,7.5,7.6
Iowa,3 wk ahead,percent,0,Bin,7.6,7.7
Iowa,3 wk ahead,percent,0,Bin,7.7,7.8
Iowa,3 wk ahead,percent,0,Bin,7.8,7.9
Iowa,3 wk ahead,percent,0,Bin,7.9,8.0
Iowa,3 wk ahead,percent,0,Bin,8.0,8.1
Iowa,3 wk ahead,percent,0,Bin,8.1,8.2
Iowa,3 wk ahead,percent,0,Bin,8.2,8.3
Iowa,3 wk ahead,percent,0,Bin,8.3,8.4
Iowa,3 wk ahead,percent,0,Bin,8.4,8.5
Iowa,3 wk ahead,percent,0,Bin,8.5,8.6
Iowa,3 wk ahead,percent,0,Bin,8.6,8.7
Iowa,3 wk ahead,percent,0,Bin,8.7,8.8
Iowa,3 wk ahead,percent,0,Bin,8.8,8.9
Iowa,3 wk ahead,percent,0,Bin,8.9,9.0
Iowa,3 wk ahead,percent,0,Bin,9.0,9.1
Iowa,3 wk ahead,percent,0,Bin,9.1,9.2
Iowa,3 wk ahead,percent,0,Bin,9.2,9.3
Iowa,3 wk ahead,percent,0,Bin,9.3,9.4
Iowa,3 wk ahead,percent,0,Bin,9.4,9.5
Iowa,3 wk ahead,percent,0,Bin,9.5,9.6
Iowa,3 wk ahead,percent,0,Bin,9.6,9.7
Iowa,3 wk ahead,percent,0,Bin,9.7,9.8
Iowa,3 wk ahead,percent,0,Bin,9.8,9.9
Iowa,3 wk ahead,percent,0,Bin,9.9,10.0
Iowa,3 wk ahead,percent,0,Bin,10.0,10.1
Iowa,3 wk ahead,percent,0,Bin,10.1,10.2
Iowa,3 wk ahead,percent,0,Bin,10.2,10.3
Iowa,3 wk ahead,percent,0,Bin,10.3,10.4
Iowa,3 wk ahead,percent,0,Bin,10.4,10.5
Iowa,3 wk ahead,percent,0,Bin,10.5,10.6
Iowa,3 wk ahead,percent,0,Bin,10.6,10.7
Iowa,3 wk ahead,percent,0,Bin,10.7,10.8
Iowa,3 wk ahead,percent,0,Bin,10.8,10.9
Iowa,3 wk ahead,percent,0,Bin,10.9,11.0
Iowa,3 wk ahead,percent,0,Bin,11.0,11.1
Iowa,3 wk ahead,percent,0,Bin,11.1,11.2
Iowa,3 wk ahead,percent,0,Bin,11.2,11.3
Iowa,3 wk ahead,percent,0,Bin,11.3,11.4
Iowa,3 wk ahead,percent,0,Bin,11.4,11.5
Iowa,3 wk ahead,percent,0,Bin,11.5,11.6
Iowa,3 wk ahead,percent,0,Bin,11.6,11.7
Iowa,3 wk ahead,percent,0,Bin,11.7,11.8
Iowa,3 wk ahead,percent,0,Bin,11.8,11.9
Iowa,3 wk ahead,percent,0,Bin,11.9,12.0
Iowa,3 wk ahead,percent,0,Bin,12.0,12.1
Iowa,3 wk ahead,percent,0,Bin,12.1,12.2
Iowa,3 wk ahead,percent,0,Bin,12.2,12.3
Iowa,3 wk ahead,percent,0,Bin,12.3,12.4
Iowa,3 wk ahead,percent,0,Bin,12.4,12.5
Iowa,3 wk ahead,percent,0,Bin,12.5,12.6
Iowa,3 wk ahead,percent,0,Bin,12.6,12.7
Iowa,3 wk ahead,percent,0,Bin,12.7,12.8
Iowa,3 wk ahead,percent,0,Bin,12.8,12.9
Iowa,3 wk ahead,percent,0,Bin,12.9,13.0
Iowa,3 wk ahead,percent,0,Bin,13.0,100.0
Iowa,4 wk ahead,percent,0,Bin,0.0,0.1
Iowa,4 wk ahead,percent,0,Bin,0.1,0.2
Iowa,4 wk ahead,percent,0.002,Bin,0.2,0.3
Iowa,4 wk ahead,percent,0.012,Bin,0.3,0.4
Iowa,4 wk ahead,percent,0.01,Bin,0.4,0.5
Iowa,4 wk ahead,percent,0.03,Bin,0.5,0.6
Iowa,4 wk ahead,percent,0.03,Bin,0.6,0.7
Iowa,4 wk ahead,percent,0.058,Bin,0.7,0.8
Iowa,4 wk ahead,percent,0.074,Bin,0.8,0.9
Iowa,4 wk ahead,percent,0.084,Bin,0.9,1.0
Iowa,4 wk ahead,percent,0.08,Bin,1.0,1.1
Iowa,4 wk ahead,percent,0.054,Bin,1.1,1.2
Iowa,4 wk ahead,percent,0.056,Bin,1.2,1.3
Iowa,4 wk ahead,percent,0.062,Bin,1.3,1.4
Iowa,4 wk ahead,percent,0.052,Bin,1.4,1.5
Iowa,4 wk ahead,percent,0.046,Bin,1.5,1.6
Iowa,4 wk ahead,percent,0.05,Bin,1.6,1.7
Iowa,4 wk ahead,percent,0.032,Bin,1.7,1.8
Iowa,4 wk ahead,percent,0.042,Bin,1.8,1.9
Iowa,4 wk ahead,percent,0.03,Bin,1.9,2.0
Iowa,4 wk ahead,percent,0.034,Bin,2.0,2.1
Iowa,4 wk ahead,percent,0.018,Bin,2.1,2.2
Iowa,4 wk ahead,percent,0.01,Bin,2.2,2.3
Iowa,4 wk ahead,percent,0.012,Bin,2.3,2.4
Iowa,4 wk ahead,percent,0.01,Bin,2.4,2.5
Iowa,4 wk ahead,percent,0.012,Bin,2.5,2.6
Iowa,4 wk ahead,percent,0.004,Bin,2.6,2.7
Iowa,4 wk ahead,percent,0.008,Bin,2.7,2.8
Iowa,4 wk ahead,percent,0.004,Bin,2.8,2.9
Iowa,4 wk ahead,percent,0.004,Bin,2.9,3.0
Iowa,4 wk ahead,percent,0.004,Bin,3.0,3.1
Iowa,4 wk ahead,percent,0.008,Bin,3.1,3.2
Iowa,4 wk ahead,percent,0.014,Bin,3.2,3.3
Iowa,4 wk ahead,percent,0.006,Bin,3.3,3.4
Iowa,4 wk ahead,percent,0.002,Bin,3.4,3.5
Iowa,4 wk ahead,percent,0.006,Bin,3.5,3.6
Iowa,4 wk ahead,percent,0.002,Bin,3.6,3.7
Iowa,4 wk ahead,percent,0.004,Bin,3.7,3.8
Iowa,4 wk ahead,percent,0.002,Bin,3.8,3.9
Iowa,4 wk ahead,percent,0,Bin,3.9,4.0
Iowa,4 wk ahead,percent,0.002,Bin,4.0,4.1
Iowa,4 wk ahead,percent,0,Bin,4.1,4.2
Iowa,4 wk ahead,percent,0.004,Bin,4.2,4.3
Iowa,4 wk ahead,percent,0.002,Bin,4.3,4.4
Iowa,4 wk ahead,percent,0.002,Bin,4.4,4.5
Iowa,4 wk ahead,percent,0.002,Bin,4.5,4.6
Iowa,4 wk ahead,percent,0.002,Bin,4.6,4.7
Iowa,4 wk ahead,percent,0,Bin,4.7,4.8
Iowa,4 wk ahead,percent,0,Bin,4.8,4.9
Iowa,4 wk ahead,percent,0.002,Bin,4.9,5.0
Iowa,4 wk ahead,percent,0,Bin,5.0,5.1
Iowa,4 wk ahead,percent,0,Bin,5.1,5.2
Iowa,4 wk ahead,percent,0,Bin,5.2,5.3
Iowa,4 wk ahead,percent,0,Bin,5.3,5.4
Iowa,4 wk ahead,percent,0,Bin,5.4,5.5
Iowa,4 wk ahead,percent,0.006,Bin,5.5,5.6
Iowa,4 wk ahead,percent,0,Bin,5.6,5.7
Iowa,4 wk ahead,percent,0,Bin,5.7,5.8
Iowa,4 wk ahead,percent,0.002,Bin,5.8,5.9
Iowa,4 wk ahead,percent,0,Bin,5.9,6.0
Iowa,4 wk ahead,percent,0,Bin,6.0,6.1
Iowa,4 wk ahead,percent,0,Bin,6.1,6.2
Iowa,4 wk ahead,percent,0,Bin,6.2,6.3
Iowa,4 wk ahead,percent,0.002,Bin,6.3,6.4
Iowa,4 wk ahead,percent,0,Bin,6.4,6.5
Iowa,4 wk ahead,percent,0,Bin,6.5,6.6
Iowa,4 wk ahead,percent,0.002,Bin,6.6,6.7
Iowa,4 wk ahead,percent,0,Bin,6.7,6.8
Iowa,4 wk ahead,percent,0,Bin,6.8,6.9
Iowa,4 wk ahead,percent,0,Bin,6.9,7.0
Iowa,4 wk ahead,percent,0,Bin,7.0,7.1
Iowa,4 wk ahead,percent,0,Bin,7.1,7.2
Iowa,4 wk ahead,percent,0,Bin,7.2,7.3
Iowa,4 wk ahead,percent,0,Bin,7.3,7.4
Iowa,4 wk ahead,percent,0,Bin,7.4,7.5
Iowa,4 wk ahead,percent,0,Bin,7.5,7.6
Iowa,4 wk ahead,percent,0,Bin,7.6,7.7
Iowa,4 wk ahead,percent,0,Bin,7.7,7.8
Iowa,4 wk ahead,percent,0,Bin,7.8,7.9
Iowa,4 wk ahead,percent,0,Bin,7.9,8.0
Iowa,4 wk ahead,percent,0,Bin,8.0,8.1
Iowa,4 wk ahead,percent,0,Bin,8.1,8.2
Iowa,4 wk ahead,percent,0.002,Bin,8.2,8.3
Iowa,4 wk ahead,percent,0,Bin,8.3,8.4
Iowa,4 wk ahead,percent,0.002,Bin,8.4,8.5
Iowa,4 wk ahead,percent,0,Bin,8.5,8.6
Iowa,4 wk ahead,percent,0,Bin,8.6,8.7
Iowa,4 wk ahead,percent,0,Bin,8.7,8.8
Iowa,4 wk ahead,percent,0,Bin,8.8,8.9
Iowa,4 wk ahead,percent,0,Bin,8.9,9.0
Iowa,4 wk ahead,percent,0,Bin,9.0,9.1
Iowa,4 wk ahead,percent,0,Bin,9.1,9.2
Iowa,4 wk ahead,percent,0,Bin,9.2,9.3
Iowa,4 wk ahead,percent,0,Bin,9.3,9.4
Iowa,4 wk ahead,percent,0,Bin,9.4,9.5
Iowa,4 wk ahead,percent,0,Bin,9.5,9.6
Iowa,4 wk ahead,percent,0,Bin,9.6,9.7
Iowa,4 wk ahead,percent,0,Bin,9.7,9.8
Iowa,4 wk ahead,percent,0,Bin,9.8,9.9
Iowa,4 wk ahead,percent,0,Bin,9.9,10.0
Iowa,4 wk ahead,percent,0,Bin,10.0,10.1
Iowa,4 wk ahead,percent,0,Bin,10.1,10.2
Iowa,4 wk ahead,percent,0,Bin,10.2,10.3
Iowa,4 wk ahead,percent,0,Bin,10.3,10.4
Iowa,4 wk ahead,percent,0,Bin,10.4,10.5
Iowa,4 wk ahead,percent,0,Bin,10.5,10.6
Iowa,4 wk ahead,percent,0,Bin,10.6,10.7
Iowa,4 wk ahead,percent,0,Bin,10.7,10.8
Iowa,4 wk ahead,percent,0,Bin,10.8,10.9
Iowa,4 wk ahead,percent,0,Bin,10.9,11.0
Iowa,4 wk ahead,percent,0,Bin,11.0,11.1
Iowa,4 wk ahead,percent,0,Bin,11.1,11.2
Iowa,4 wk ahead,percent,0,Bin,11.2,11.3
Iowa,4 wk ahead,percent,0,Bin,11.3,11.4
Iowa,4 wk ahead,percent,0,Bin,11.4,11.5
Iowa,4 wk ahead,percent,0,Bin,11.5,11.6
Iowa,4 wk ahead,percent,0,Bin,11.6,11.7
Iowa,4 wk ahead,percent,0,Bin,11.7,11.8
Iowa,4 wk ahead,percent,0,Bin,11.8,11.9
Iowa,4 wk ahead,percent,0,Bin,11.9,12.0
Iowa,4 wk ahead,percent,0,Bin,12.0,12.1
Iowa,4 wk ahead,percent,0,Bin,12.1,12.2
Iowa,4 wk ahead,percent,0,Bin,12.2,12.3
Iowa,4 wk ahead,percent,0,Bin,12.3,12.4
Iowa,4 wk ahead,percent,0,Bin,12.4,12.5
Iowa,4 wk ahead,percent,0,Bin,12.5,12.6
Iowa,4 wk ahead,percent,0,Bin,12.6,12.7
Iowa,4 wk ahead,percent,0,Bin,12.7,12.8
Iowa,4 wk ahead,percent,0,Bin,12.8,12.9
Iowa,4 wk ahead,percent,0,Bin,12.9,13.0
Iowa,4 wk ahead,percent,0,Bin,13.0,100.0
Iowa,Season peak percentage,percent,0,Bin,0.0,0.1
Iowa,Season peak percentage,percent,0,Bin,0.1,0.2
Iowa,Season peak percentage,percent,0,Bin,0.2,0.3
Iowa,Season peak percentage,percent,0,Bin,0.3,0.4
Iowa,Season peak percentage,percent,0,Bin,0.4,0.5
Iowa,Season peak percentage,percent,0,Bin,0.5,0.6
Iowa,Season peak percentage,percent,0,Bin,0.6,0.7
Iowa,Season peak percentage,percent,0,Bin,0.7,0.8
Iowa,Season peak percentage,percent,0,Bin,0.8,0.9
Iowa,Season peak percentage,percent,0,Bin,0.9,1.0
Iowa,Season peak percentage,percent,0,Bin,1.0,1.1
Iowa,Season peak percentage,percent,0.004,Bin,1.1,1.2
Iowa,Season peak percentage,percent,0.012,Bin,1.2,1.3
Iowa,Season peak percentage,percent,0.012,Bin,1.3,1.4
Iowa,Season peak percentage,percent,0.012,Bin,1.4,1.5
Iowa,Season peak percentage,percent,0.02,Bin,1.5,1.6
Iowa,Season peak percentage,percent,0.016,Bin,1.6,1.7
Iowa,Season peak percentage,percent,0.03,Bin,1.7,1.8
Iowa,Season peak percentage,percent,0.034,Bin,1.8,1.9
Iowa,Season peak percentage,percent,0.026,Bin,1.9,2.0
Iowa,Season peak percentage,percent,0.032,Bin,2.0,2.1
Iowa,Season peak percentage,percent,0.042,Bin,2.1,2.2
Iowa,Season peak percentage,percent,0.024,Bin,2.2,2.3
Iowa,Season peak percentage,percent,0.04,Bin,2.3,2.4
Iowa,Season peak percentage,percent,0.028,Bin,2.4,2.5
Iowa,Season peak percentage,percent,0.032,Bin,2.5,2.6
Iowa,Season peak percentage,percent,0.018,Bin,2.6,2.7
Iowa,Season peak percentage,percent,0.034,Bin,2.7,2.8
Iowa,Season peak percentage,percent,0.048,Bin,2.8,2.9
Iowa,Season peak percentage,percent,0.034,Bin,2.9,3.0
Iowa,Season peak percentage,percent,0.02,Bin,3.0,3.1
Iowa,Season peak percentage,percent,0.038,Bin,3.1,3.2
Iowa,Season peak percentage,percent,0.034,Bin,3.2,3.3
Iowa,Season peak percentage,percent,0.026,Bin,3.3,3.4
Iowa,Season peak percentage,percent,0.02,Bin,3.4,3.5
Iowa,Season peak percentage,percent,0.01,Bin,3.5,3.6
Iowa,Season peak percentage,percent,0.018,Bin,3.6,3.7
Iowa,Season peak percentage,percent,0.008,Bin,3.7,3.8
Iowa,Season peak percentage,percent,0.018,Bin,3.8,3.9
Iowa,Season peak percentage,percent,0.024,Bin,3.9,4.0
Iowa,Season peak percentage,percent,0.018,Bin,4.0,4.1
Iowa,Season peak percentage,percent,0.02,Bin,4.1,4.2
Iowa,Season peak percentage,percent,0.024,Bin,4.2,4.3
Iowa,Season peak percentage,percent,0.014,Bin,4.3,4.4
Iowa,Season peak percentage,percent,0.014,Bin,4.4,4.5
Iowa,Season peak percentage,percent,0.012,Bin,4.5,4.6
Iowa,Season peak percentage,percent,0.008,Bin,4.6,4.7
Iowa,Season peak percentage,percent,0.012,Bin,4.7,4.8
Iowa,Season peak percentage,percent,0.012,Bin,4.8,4.9
Iowa,Season peak percentage,percent,0.01,Bin,4.9,5.0
Iowa,Season peak percentage,percent,0.004,Bin,5.0,5.1
Iowa,Season peak percentage,percent,0.01,Bin,5.1,5.2
Iowa,Season peak percentage,percent,0.008,Bin,5.2,5.3
Iowa,Season peak percentage,percent,0.012,Bin,5.3,5.4
Iowa,Season peak percentage,percent,0.008,Bin,5.4,5.5
Iowa,Season peak percentage,percent,0.014,Bin,5.5,5.6
Iowa,Season peak percentage,percent,0.002,Bin,5.6,5.7
Iowa,Season peak percentage,percent,0.002,Bin,5.7,5.8
Iowa,Season peak percentage,percent,0.004,Bin,5.8,5.9
Iowa,Season peak percentage,percent,0.002,Bin,5.9,6.0
Iowa,Season peak percentage,percent,0.008,Bin,6.0,6.1
Iowa,Season peak percentage,percent,0.002,Bin,6.1,6.2
Iowa,Season peak percentage,percent,0.006,Bin,6.2,6.3
Iowa,Season peak percentage,percent,0.004,Bin,6.3,6.4
Iowa,Season peak percentage,percent,0.002,Bin,6.4,6.5
Iowa,Season peak percentage,percent,0.002,Bin,6.5,6.6
Iowa,Season peak percentage,percent,0.004,Bin,6.6,6.7
Iowa,Season peak percentage,percent,0.006,Bin,6.7,6.8
Iowa,Season peak percentage,percent,0,Bin,6.8,6.9
Iowa,Season peak percentage,percent,0.002,Bin,6.9,7.0
Iowa,Season peak percentage,percent,0.002,Bin,7.0,7.1
Iowa,Season peak percentage,percent,0.002,Bin,7.1,7.2
Iowa,Season peak percentage,percent,0.002,Bin,7.2,7.3
Iowa,Season peak percentage,percent,0,Bin,7.3,7.4
Iowa,Season peak percentage,percent,0.002,Bin,7.4,7.5
Iowa,Season peak percentage,percent,0,Bin,7.5,7.6
Iowa,Season peak percentage,percent,0.002,Bin,7.6,7.7
Iowa,Season peak percentage,percent,0.002,Bin,7.7,7.8
Iowa,Season peak percentage,percent,0.004,Bin,7.8,7.9
Iowa,Season peak percentage,percent,0,Bin,7.9,8.0
Iowa,Season peak percentage,percent,0,Bin,8.0,8.1
Iowa,Season peak percentage,percent,0,Bin,8.1,8.2
Iowa,Season peak percentage,percent,0.002,Bin,8.2,8.3
Iowa,Season peak percentage,percent,0,Bin,8.3,8.4
Iowa,Season peak percentage,percent,0.004,Bin,8.4,8.5
Iowa,Season peak percentage,percent,0,Bin,8.5,8.6
Iowa,Season peak percentage,percent,0.002,Bin,8.6,8.7
Iowa,Season peak percentage,percent,0,Bin,8.7,8.8
Iowa,Season peak percentage,percent,0,Bin,8.8,8.9
Iowa,Season peak percentage,percent,0.002,Bin,8.9,9.0
Iowa,Season peak percentage,percent,0.004,Bin,9.0,9.1
Iowa,Season peak percentage,percent,0,Bin,9.1,9.2
Iowa,Season peak percentage,percent,0,Bin,9.2,9.3
Iowa,Season peak percentage,percent,0.004,Bin,9.3,9.4
Iowa,Season peak percentage,percent,0,Bin,9.4,9.5
Iowa,Season peak percentage,percent,0,Bin,9.5,9.6
Iowa,Season peak percentage,percent,0,Bin,9.6,9.7
Iowa,Season peak percentage,percent,0,Bin,9.7,9.8
Iowa,Season peak percentage,percent,0,Bin,9.8,9.9
Iowa,Season peak percentage,percent,0.002,Bin,9.9,10.0
Iowa,Season peak percentage,percent,0,Bin,10.0,10.1
Iowa,Season peak percentage,percent,0,Bin,10.1,10.2
Iowa,Season peak percentage,percent,0,Bin,10.2,10.3
Iowa,Season peak percentage,percent,0.002,Bin,10.3,10.4
Iowa,Season peak percentage,percent,0,Bin,10.4,10.5
Iowa,Season peak percentage,percent,0,Bin,10.5,10.6
Iowa,Season peak percentage,percent,0,Bin,10.6,10.7
Iowa,Season peak percentage,percent,0,Bin,10.7,10.8
Iowa,Season peak percentage,percent,0,Bin,10.8,10.9
Iowa,Season peak percentage,percent,0,Bin,10.9,11.0
Iowa,Season peak percentage,percent,0,Bin,11.0,11.1
Iowa,Season peak percentage,percent,0,Bin,11.1,11.2
Iowa,Season peak percentage,percent,0,Bin,11.2,11.3
Iowa,Season peak percentage,percent,0,Bin,11.3,11.4
Iowa,Season peak percentage,percent,0,Bin,11.4,11.5
Iowa,Season peak percentage,percent,0,Bin,11.5,11.6
Iowa,Season peak percentage,percent,0,Bin,11.6,11.7
Iowa,Season peak percentage,percent,0,Bin,11.7,11.8
Iowa,Season peak percentage,percent,0,Bin,11.8,11.9
Iowa,Season peak percentage,percent,0,Bin,11.9,12.0
Iowa,Season peak percentage,percent,0,Bin,12.0,12.1
Iowa,Season peak percentage,percent,0,Bin,12.1,12.2
Iowa,Season peak percentage,percent,0,Bin,12.2,12.3
Iowa,Season peak percentage,percent,0,Bin,12.3,12.4
Iowa,Season peak percentage,percent,0,Bin,12.4,12.5
Iowa,Season peak percentage,percent,0.002,Bin,12.5,12.6
Iowa,Season peak percentage,percent,0,Bin,12.6,12.7
Iowa,Season peak percentage,percent,0,Bin,12.7,12.8
Iowa,Season peak percentage,percent,0,Bin,12.8,12.9
Iowa,Season peak percentage,percent,0,Bin,12.9,13.0
Iowa,Season peak percentage,percent,0,Bin,13.0,100.0
Iowa,Season peak week,week,0,Bin,40.0,41.0
Iowa,Season peak week,week,0,Bin,41.0,42.0
Iowa,Season peak week,week,0,Bin,42.0,43.0
Iowa,Season peak week,week,0,Bin,43.0,44.0
Iowa,Season peak week,week,0,Bin,44.0,45.0
Iowa,Season peak week,week,0,Bin,45.0,46.0
Iowa,Season peak week,week,0,Bin,46.0,47.0
Iowa,Season peak week,week,0,Bin,47.0,48.0
Iowa,Season peak week,week,0,Bin,48.0,49.0
Iowa,Season peak week,week,0.00371057513914657,Bin,49.0,50.0
Iowa,Season peak week,week,0.025974025974026,Bin,50.0,51.0
Iowa,Season peak week,week,0.0241187384044527,Bin,51.0,52.0
Iowa,Season peak week,week,0.0333951762523191,Bin,52.0,53.0
Iowa,Season peak week,week,0.0667903525046382,Bin,1.0,2.0
Iowa,Season peak week,week,0.0482374768089054,Bin,2.0,3.0
Iowa,Season peak week,week,0.0909090909090909,Bin,3.0,4.0
Iowa,Season peak week,week,0.0964749536178108,Bin,4.0,5.0
Iowa,Season peak week,week,0.120593692022263,Bin,5.0,6.0
Iowa,Season peak week,week,0.128014842300557,Bin,6.0,7.0
Iowa,Season peak week,week,0.133580705009276,Bin,7.0,8.0
Iowa,Season peak week,week,0.0853432282003711,Bin,8.0,9.0
Iowa,Season peak week,week,0.0500927643784787,Bin,9.0,10.0
Iowa,Season peak week,week,0.0371057513914657,Bin,10.0,11.0
Iowa,Season peak week,week,0.0222634508348794,Bin,11.0,12.0
Iowa,Season peak week,week,0.0241187384044527,Bin,12.0,13.0
Iowa,Season peak week,week,0.00556586270871985,Bin,13.0,14.0
Iowa,Season peak week,week,0.00185528756957328,Bin,14.0,15.0
Iowa,Season peak week,week,0,Bin,15.0,16.0
Iowa,Season peak week,week,0.00185528756957328,Bin,16.0,17.0
Iowa,Season peak week,week,0,Bin,17.0,18.0
Iowa,Season peak week,week,0,Bin,18.0,19.0
Iowa,Season peak week,week,0,Bin,19.0,20.0
Iowa,Season peak week,week,0,Bin,20.0,21.0
Kansas,1 wk ahead,percent,0,Bin,0.0,0.1
Kansas,1 wk ahead,percent,0,Bin,0.1,0.2
Kansas,1 wk ahead,percent,0,Bin,0.2,0.3
Kansas,1 wk ahead,percent,0,Bin,0.3,0.4
Kansas,1 wk ahead,percent,0,Bin,0.4,0.5
Kansas,1 wk ahead,percent,0.002,Bin,0.5,0.6
Kansas,1 wk ahead,percent,0,Bin,0.6,0.7
Kansas,1 wk ahead,percent,0.008,Bin,0.7,0.8
Kansas,1 wk ahead,percent,0.002,Bin,0.8,0.9
Kansas,1 wk ahead,percent,0.006,Bin,0.9,1.0
Kansas,1 wk ahead,percent,0,Bin,1.0,1.1
Kansas,1 wk ahead,percent,0.006,Bin,1.1,1.2
Kansas,1 wk ahead,percent,0.014,Bin,1.2,1.3
Kansas,1 wk ahead,percent,0.008,Bin,1.3,1.4
Kansas,1 wk ahead,percent,0.006,Bin,1.4,1.5
Kansas,1 wk ahead,percent,0.002,Bin,1.5,1.6
Kansas,1 wk ahead,percent,0.008,Bin,1.6,1.7
Kansas,1 wk ahead,percent,0.004,Bin,1.7,1.8
Kansas,1 wk ahead,percent,0.01,Bin,1.8,1.9
Kansas,1 wk ahead,percent,0.016,Bin,1.9,2.0
Kansas,1 wk ahead,percent,0.034,Bin,2.0,2.1
Kansas,1 wk ahead,percent,0.024,Bin,2.1,2.2
Kansas,1 wk ahead,percent,0.02,Bin,2.2,2.3
Kansas,1 wk ahead,percent,0.044,Bin,2.3,2.4
Kansas,1 wk ahead,percent,0.036,Bin,2.4,2.5
Kansas,1 wk ahead,percent,0.044,Bin,2.5,2.6
Kansas,1 wk ahead,percent,0.032,Bin,2.6,2.7
Kansas,1 wk ahead,percent,0.026,Bin,2.7,2.8
Kansas,1 wk ahead,percent,0.038,Bin,2.8,2.9
Kansas,1 wk ahead,percent,0.04,Bin,2.9,3.0
Kansas,1 wk ahead,percent,0.058,Bin,3.0,3.1
Kansas,1 wk ahead,percent,0.054,Bin,3.1,3.2
Kansas,1 wk ahead,percent,0.032,Bin,3.2,3.3
Kansas,1 wk ahead,percent,0.048,Bin,3.3,3.4
Kansas,1 wk ahead,percent,0.022,Bin,3.4,3.5
Kansas,1 wk ahead,percent,0.032,Bin,3.5,3.6
Kansas,1 wk ahead,percent,0.012,Bin,3.6,3.7
Kansas,1 wk ahead,percent,0.026,Bin,3.7,3.8
Kansas,1 wk ahead,percent,0.018,Bin,3.8,3.9
Kansas,1 wk ahead,percent,0.022,Bin,3.9,4.0
Kansas,1 wk ahead,percent,0.026,Bin,4.0,4.1
Kansas,1 wk ahead,percent,0.026,Bin,4.1,4.2
Kansas,1 wk ahead,percent,0.008,Bin,4.2,4.3
Kansas,1 wk ahead,percent,0.006,Bin,4.3,4.4
Kansas,1 wk ahead,percent,0.018,Bin,4.4,4.5
Kansas,1 wk ahead,percent,0.004,Bin,4.5,4.6
Kansas,1 wk ahead,percent,0.006,Bin,4.6,4.7
Kansas,1 wk ahead,percent,0.01,Bin,4.7,4.8
Kansas,1 wk ahead,percent,0.008,Bin,4.8,4.9
Kansas,1 wk ahead,percent,0.012,Bin,4.9,5.0
Kansas,1 wk ahead,percent,0.006,Bin,5.0,5.1
Kansas,1 wk ahead,percent,0.014,Bin,5.1,5.2
Kansas,1 wk ahead,percent,0.018,Bin,5.2,5.3
Kansas,1 wk ahead,percent,0.006,Bin,5.3,5.4
Kansas,1 wk ahead,percent,0.01,Bin,5.4,5.5
Kansas,1 wk ahead,percent,0.002,Bin,5.5,5.6
Kansas,1 wk ahead,percent,0.002,Bin,5.6,5.7
Kansas,1 wk ahead,percent,0,Bin,5.7,5.8
Kansas,1 wk ahead,percent,0.004,Bin,5.8,5.9
Kansas,1 wk ahead,percent,0.006,Bin,5.9,6.0
Kansas,1 wk ahead,percent,0.004,Bin,6.0,6.1
Kansas,1 wk ahead,percent,0,Bin,6.1,6.2
Kansas,1 wk ahead,percent,0.01,Bin,6.2,6.3
Kansas,1 wk ahead,percent,0.006,Bin,6.3,6.4
Kansas,1 wk ahead,percent,0.002,Bin,6.4,6.5
Kansas,1 wk ahead,percent,0,Bin,6.5,6.6
Kansas,1 wk ahead,percent,0.002,Bin,6.6,6.7
Kansas,1 wk ahead,percent,0,Bin,6.7,6.8
Kansas,1 wk ahead,percent,0,Bin,6.8,6.9
Kansas,1 wk ahead,percent,0,Bin,6.9,7.0
Kansas,1 wk ahead,percent,0,Bin,7.0,7.1
Kansas,1 wk ahead,percent,0,Bin,7.1,7.2
Kansas,1 wk ahead,percent,0,Bin,7.2,7.3
Kansas,1 wk ahead,percent,0,Bin,7.3,7.4
Kansas,1 wk ahead,percent,0,Bin,7.4,7.5
Kansas,1 wk ahead,percent,0,Bin,7.5,7.6
Kansas,1 wk ahead,percent,0,Bin,7.6,7.7
Kansas,1 wk ahead,percent,0.002,Bin,7.7,7.8
Kansas,1 wk ahead,percent,0,Bin,7.8,7.9
Kansas,1 wk ahead,percent,0,Bin,7.9,8.0
Kansas,1 wk ahead,percent,0,Bin,8.0,8.1
Kansas,1 wk ahead,percent,0,Bin,8.1,8.2
Kansas,1 wk ahead,percent,0,Bin,8.2,8.3
Kansas,1 wk ahead,percent,0.004,Bin,8.3,8.4
Kansas,1 wk ahead,percent,0,Bin,8.4,8.5
Kansas,1 wk ahead,percent,0,Bin,8.5,8.6
Kansas,1 wk ahead,percent,0,Bin,8.6,8.7
Kansas,1 wk ahead,percent,0,Bin,8.7,8.8
Kansas,1 wk ahead,percent,0,Bin,8.8,8.9
Kansas,1 wk ahead,percent,0,Bin,8.9,9.0
Kansas,1 wk ahead,percent,0,Bin,9.0,9.1
Kansas,1 wk ahead,percent,0,Bin,9.1,9.2
Kansas,1 wk ahead,percent,0,Bin,9.2,9.3
Kansas,1 wk ahead,percent,0,Bin,9.3,9.4
Kansas,1 wk ahead,percent,0,Bin,9.4,9.5
Kansas,1 wk ahead,percent,0.002,Bin,9.5,9.6
Kansas,1 wk ahead,percent,0,Bin,9.6,9.7
Kansas,1 wk ahead,percent,0,Bin,9.7,9.8
Kansas,1 wk ahead,percent,0,Bin,9.8,9.9
Kansas,1 wk ahead,percent,0,Bin,9.9,10.0
Kansas,1 wk ahead,percent,0,Bin,10.0,10.1
Kansas,1 wk ahead,percent,0,Bin,10.1,10.2
Kansas,1 wk ahead,percent,0,Bin,10.2,10.3
Kansas,1 wk ahead,percent,0,Bin,10.3,10.4
Kansas,1 wk ahead,percent,0,Bin,10.4,10.5
Kansas,1 wk ahead,percent,0,Bin,10.5,10.6
Kansas,1 wk ahead,percent,0,Bin,10.6,10.7
Kansas,1 wk ahead,percent,0,Bin,10.7,10.8
Kansas,1 wk ahead,percent,0,Bin,10.8,10.9
Kansas,1 wk ahead,percent,0,Bin,10.9,11.0
Kansas,1 wk ahead,percent,0,Bin,11.0,11.1
Kansas,1 wk ahead,percent,0,Bin,11.1,11.2
Kansas,1 wk ahead,percent,0,Bin,11.2,11.3
Kansas,1 wk ahead,percent,0,Bin,11.3,11.4
Kansas,1 wk ahead,percent,0,Bin,11.4,11.5
Kansas,1 wk ahead,percent,0.006,Bin,11.5,11.6
Kansas,1 wk ahead,percent,0,Bin,11.6,11.7
Kansas,1 wk ahead,percent,0,Bin,11.7,11.8
Kansas,1 wk ahead,percent,0,Bin,11.8,11.9
Kansas,1 wk ahead,percent,0,Bin,11.9,12.0
Kansas,1 wk ahead,percent,0,Bin,12.0,12.1
Kansas,1 wk ahead,percent,0,Bin,12.1,12.2
Kansas,1 wk ahead,percent,0,Bin,12.2,12.3
Kansas,1 wk ahead,percent,0,Bin,12.3,12.4
Kansas,1 wk ahead,percent,0,Bin,12.4,12.5
Kansas,1 wk ahead,percent,0,Bin,12.5,12.6
Kansas,1 wk ahead,percent,0,Bin,12.6,12.7
Kansas,1 wk ahead,percent,0,Bin,12.7,12.8
Kansas,1 wk ahead,percent,0,Bin,12.8,12.9
Kansas,1 wk ahead,percent,0,Bin,12.9,13.0
Kansas,1 wk ahead,percent,0.016,Bin,13.0,100.0
Kansas,2 wk ahead,percent,0,Bin,0.0,0.1
Kansas,2 wk ahead,percent,0,Bin,0.1,0.2
Kansas,2 wk ahead,percent,0,Bin,0.2,0.3
Kansas,2 wk ahead,percent,0,Bin,0.3,0.4
Kansas,2 wk ahead,percent,0.002,Bin,0.4,0.5
Kansas,2 wk ahead,percent,0.006,Bin,0.5,0.6
Kansas,2 wk ahead,percent,0.006,Bin,0.6,0.7
Kansas,2 wk ahead,percent,0.006,Bin,0.7,0.8
Kansas,2 wk ahead,percent,0.002,Bin,0.8,0.9
Kansas,2 wk ahead,percent,0.006,Bin,0.9,1.0
Kansas,2 wk ahead,percent,0,Bin,1.0,1.1
Kansas,2 wk ahead,percent,0.002,Bin,1.1,1.2
Kansas,2 wk ahead,percent,0.004,Bin,1.2,1.3
Kansas,2 wk ahead,percent,0.006,Bin,1.3,1.4
Kansas,2 wk ahead,percent,0.022,Bin,1.4,1.5
Kansas,2 wk ahead,percent,0.01,Bin,1.5,1.6
Kansas,2 wk ahead,percent,0.012,Bin,1.6,1.7
Kansas,2 wk ahead,percent,0.018,Bin,1.7,1.8
Kansas,2 wk ahead,percent,0.006,Bin,1.8,1.9
Kansas,2 wk ahead,percent,0.014,Bin,1.9,2.0
Kansas,2 wk ahead,percent,0.01,Bin,2.0,2.1
Kansas,2 wk ahead,percent,0.026,Bin,2.1,2.2
Kansas,2 wk ahead,percent,0.03,Bin,2.2,2.3
Kansas,2 wk ahead,percent,0.032,Bin,2.3,2.4
Kansas,2 wk ahead,percent,0.032,Bin,2.4,2.5
Kansas,2 wk ahead,percent,0.03,Bin,2.5,2.6
Kansas,2 wk ahead,percent,0.022,Bin,2.6,2.7
Kansas,2 wk ahead,percent,0.03,Bin,2.7,2.8
Kansas,2 wk ahead,percent,0.034,Bin,2.8,2.9
Kansas,2 wk ahead,percent,0.03,Bin,2.9,3.0
Kansas,2 wk ahead,percent,0.02,Bin,3.0,3.1
Kansas,2 wk ahead,percent,0.028,Bin,3.1,3.2
Kansas,2 wk ahead,percent,0.03,Bin,3.2,3.3
Kansas,2 wk ahead,percent,0.042,Bin,3.3,3.4
Kansas,2 wk ahead,percent,0.042,Bin,3.4,3.5
Kansas,2 wk ahead,percent,0.026,Bin,3.5,3.6
Kansas,2 wk ahead,percent,0.02,Bin,3.6,3.7
Kansas,2 wk ahead,percent,0.02,Bin,3.7,3.8
Kansas,2 wk ahead,percent,0.022,Bin,3.8,3.9
Kansas,2 wk ahead,percent,0.018,Bin,3.9,4.0
Kansas,2 wk ahead,percent,0.022,Bin,4.0,4.1
Kansas,2 wk ahead,percent,0.012,Bin,4.1,4.2
Kansas,2 wk ahead,percent,0.024,Bin,4.2,4.3
Kansas,2 wk ahead,percent,0.016,Bin,4.3,4.4
Kansas,2 wk ahead,percent,0.002,Bin,4.4,4.5
Kansas,2 wk ahead,percent,0.018,Bin,4.5,4.6
Kansas,2 wk ahead,percent,0.018,Bin,4.6,4.7
Kansas,2 wk ahead,percent,0.008,Bin,4.7,4.8
Kansas,2 wk ahead,percent,0.018,Bin,4.8,4.9
Kansas,2 wk ahead,percent,0.008,Bin,4.9,5.0
Kansas,2 wk ahead,percent,0.02,Bin,5.0,5.1
Kansas,2 wk ahead,percent,0.004,Bin,5.1,5.2
Kansas,2 wk ahead,percent,0.01,Bin,5.2,5.3
Kansas,2 wk ahead,percent,0.01,Bin,5.3,5.4
Kansas,2 wk ahead,percent,0.012,Bin,5.4,5.5
Kansas,2 wk ahead,percent,0.002,Bin,5.5,5.6
Kansas,2 wk ahead,percent,0.008,Bin,5.6,5.7
Kansas,2 wk ahead,percent,0.008,Bin,5.7,5.8
Kansas,2 wk ahead,percent,0.01,Bin,5.8,5.9
Kansas,2 wk ahead,percent,0.006,Bin,5.9,6.0
Kansas,2 wk ahead,percent,0.006,Bin,6.0,6.1
Kansas,2 wk ahead,percent,0.002,Bin,6.1,6.2
Kansas,2 wk ahead,percent,0.006,Bin,6.2,6.3
Kansas,2 wk ahead,percent,0.008,Bin,6.3,6.4
Kansas,2 wk ahead,percent,0.006,Bin,6.4,6.5
Kansas,2 wk ahead,percent,0,Bin,6.5,6.6
Kansas,2 wk ahead,percent,0.002,Bin,6.6,6.7
Kansas,2 wk ahead,percent,0.002,Bin,6.7,6.8
Kansas,2 wk ahead,percent,0.004,Bin,6.8,6.9
Kansas,2 wk ahead,percent,0.01,Bin,6.9,7.0
Kansas,2 wk ahead,percent,0.006,Bin,7.0,7.1
Kansas,2 wk ahead,percent,0.002,Bin,7.1,7.2
Kansas,2 wk ahead,percent,0.002,Bin,7.2,7.3
Kansas,2 wk ahead,percent,0,Bin,7.3,7.4
Kansas,2 wk ahead,percent,0.002,Bin,7.4,7.5
Kansas,2 wk ahead,percent,0,Bin,7.5,7.6
Kansas,2 wk ahead,percent,0.002,Bin,7.6,7.7
Kansas,2 wk ahead,percent,0.002,Bin,7.7,7.8
Kansas,2 wk ahead,percent,0,Bin,7.8,7.9
Kansas,2 wk ahead,percent,0,Bin,7.9,8.0
Kansas,2 wk ahead,percent,0,Bin,8.0,8.1
Kansas,2 wk ahead,percent,0,Bin,8.1,8.2
Kansas,2 wk ahead,percent,0,Bin,8.2,8.3
Kansas,2 wk ahead,percent,0.002,Bin,8.3,8.4
Kansas,2 wk ahead,percent,0.004,Bin,8.4,8.5
Kansas,2 wk ahead,percent,0.002,Bin,8.5,8.6
Kansas,2 wk ahead,percent,0.004,Bin,8.6,8.7
Kansas,2 wk ahead,percent,0.004,Bin,8.7,8.8
Kansas,2 wk ahead,percent,0,Bin,8.8,8.9
Kansas,2 wk ahead,percent,0.004,Bin,8.9,9.0
Kansas,2 wk ahead,percent,0,Bin,9.0,9.1
Kansas,2 wk ahead,percent,0.002,Bin,9.1,9.2
Kansas,2 wk ahead,percent,0,Bin,9.2,9.3
Kansas,2 wk ahead,percent,0,Bin,9.3,9.4
Kansas,2 wk ahead,percent,0,Bin,9.4,9.5
Kansas,2 wk ahead,percent,0,Bin,9.5,9.6
Kansas,2 wk ahead,percent,0,Bin,9.6,9.7
Kansas,2 wk ahead,percent,0.002,Bin,9.7,9.8
Kansas,2 wk ahead,percent,0.002,Bin,9.8,9.9
Kansas,2 wk ahead,percent,0,Bin,9.9,10.0
Kansas,2 wk ahead,percent,0,Bin,10.0,10.1
Kansas,2 wk ahead,percent,0,Bin,10.1,10.2
Kansas,2 wk ahead,percent,0,Bin,10.2,10.3
Kansas,2 wk ahead,percent,0.002,Bin,10.3,10.4
Kansas,2 wk ahead,percent,0,Bin,10.4,10.5
Kansas,2 wk ahead,percent,0,Bin,10.5,10.6
Kansas,2 wk ahead,percent,0,Bin,10.6,10.7
Kansas,2 wk ahead,percent,0,Bin,10.7,10.8
Kansas,2 wk ahead,percent,0,Bin,10.8,10.9
Kansas,2 wk ahead,percent,0,Bin,10.9,11.0
Kansas,2 wk ahead,percent,0,Bin,11.0,11.1
Kansas,2 wk ahead,percent,0,Bin,11.1,11.2
Kansas,2 wk ahead,percent,0.002,Bin,11.2,11.3
Kansas,2 wk ahead,percent,0,Bin,11.3,11.4
Kansas,2 wk ahead,percent,0,Bin,11.4,11.5
Kansas,2 wk ahead,percent,0.002,Bin,11.5,11.6
Kansas,2 wk ahead,percent,0,Bin,11.6,11.7
Kansas,2 wk ahead,percent,0.002,Bin,11.7,11.8
Kansas,2 wk ahead,percent,0,Bin,11.8,11.9
Kansas,2 wk ahead,percent,0,Bin,11.9,12.0
Kansas,2 wk ahead,percent,0,Bin,12.0,12.1
Kansas,2 wk ahead,percent,0,Bin,12.1,12.2
Kansas,2 wk ahead,percent,0,Bin,12.2,12.3
Kansas,2 wk ahead,percent,0,Bin,12.3,12.4
Kansas,2 wk ahead,percent,0,Bin,12.4,12.5
Kansas,2 wk ahead,percent,0,Bin,12.5,12.6
Kansas,2 wk ahead,percent,0,Bin,12.6,12.7
Kansas,2 wk ahead,percent,0,Bin,12.7,12.8
Kansas,2 wk ahead,percent,0,Bin,12.8,12.9
Kansas,2 wk ahead,percent,0,Bin,12.9,13.0
Kansas,2 wk ahead,percent,0.002,Bin,13.0,100.0
Kansas,3 wk ahead,percent,0,Bin,0.0,0.1
Kansas,3 wk ahead,percent,0,Bin,0.1,0.2
Kansas,3 wk ahead,percent,0,Bin,0.2,0.3
Kansas,3 wk ahead,percent,0,Bin,0.3,0.4
Kansas,3 wk ahead,percent,0,Bin,0.4,0.5
Kansas,3 wk ahead,percent,0.006,Bin,0.5,0.6
Kansas,3 wk ahead,percent,0.004,Bin,0.6,0.7
Kansas,3 wk ahead,percent,0.002,Bin,0.7,0.8
Kansas,3 wk ahead,percent,0.002,Bin,0.8,0.9
Kansas,3 wk ahead,percent,0.002,Bin,0.9,1.0
Kansas,3 wk ahead,percent,0.004,Bin,1.0,1.1
Kansas,3 wk ahead,percent,0.008,Bin,1.1,1.2
Kansas,3 wk ahead,percent,0.012,Bin,1.2,1.3
Kansas,3 wk ahead,percent,0.006,Bin,1.3,1.4
Kansas,3 wk ahead,percent,0.01,Bin,1.4,1.5
Kansas,3 wk ahead,percent,0.01,Bin,1.5,1.6
Kansas,3 wk ahead,percent,0.014,Bin,1.6,1.7
Kansas,3 wk ahead,percent,0.008,Bin,1.7,1.8
Kansas,3 wk ahead,percent,0.012,Bin,1.8,1.9
Kansas,3 wk ahead,percent,0.01,Bin,1.9,2.0
Kansas,3 wk ahead,percent,0.008,Bin,2.0,2.1
Kansas,3 wk ahead,percent,0.028,Bin,2.1,2.2
Kansas,3 wk ahead,percent,0.02,Bin,2.2,2.3
Kansas,3 wk ahead,percent,0.028,Bin,2.3,2.4
Kansas,3 wk ahead,percent,0.024,Bin,2.4,2.5
Kansas,3 wk ahead,percent,0.032,Bin,2.5,2.6
Kansas,3 wk ahead,percent,0.026,Bin,2.6,2.7
Kansas,3 wk ahead,percent,0.024,Bin,2.7,2.8
Kansas,3 wk ahead,percent,0.032,Bin,2.8,2.9
Kansas,3 wk ahead,percent,0.028,Bin,2.9,3.0
Kansas,3 wk ahead,percent,0.028,Bin,3.0,3.1
Kansas,3 wk ahead,percent,0.028,Bin,3.1,3.2
Kansas,3 wk ahead,percent,0.008,Bin,3.2,3.3
Kansas,3 wk ahead,percent,0.026,Bin,3.3,3.4
Kansas,3 wk ahead,percent,0.028,Bin,3.4,3.5
Kansas,3 wk ahead,percent,0.028,Bin,3.5,3.6
Kansas,3 wk ahead,percent,0.03,Bin,3.6,3.7
Kansas,3 wk ahead,percent,0.038,Bin,3.7,3.8
Kansas,3 wk ahead,percent,0.014,Bin,3.8,3.9
Kansas,3 wk ahead,percent,0.018,Bin,3.9,4.0
Kansas,3 wk ahead,percent,0.024,Bin,4.0,4.1
Kansas,3 wk ahead,percent,0.028,Bin,4.1,4.2
Kansas,3 wk ahead,percent,0.018,Bin,4.2,4.3
Kansas,3 wk ahead,percent,0.018,Bin,4.3,4.4
Kansas,3 wk ahead,percent,0.016,Bin,4.4,4.5
Kansas,3 wk ahead,percent,0.02,Bin,4.5,4.6
Kansas,3 wk ahead,percent,0.018,Bin,4.6,4.7
Kansas,3 wk ahead,percent,0.014,Bin,4.7,4.8
Kansas,3 wk ahead,percent,0.014,Bin,4.8,4.9
Kansas,3 wk ahead,percent,0.016,Bin,4.9,5.0
Kansas,3 wk ahead,percent,0.014,Bin,5.0,5.1
Kansas,3 wk ahead,percent,0.008,Bin,5.1,5.2
Kansas,3 wk ahead,percent,0.012,Bin,5.2,5.3
Kansas,3 wk ahead,percent,0.014,Bin,5.3,5.4
Kansas,3 wk ahead,percent,0.004,Bin,5.4,5.5
Kansas,3 wk ahead,percent,0.01,Bin,5.5,5.6
Kansas,3 wk ahead,percent,0.004,Bin,5.6,5.7
Kansas,3 wk ahead,percent,0.006,Bin,5.7,5.8
Kansas,3 wk ahead,percent,0.008,Bin,5.8,5.9
Kansas,3 wk ahead,percent,0.008,Bin,5.9,6.0
Kansas,3 wk ahead,percent,0.006,Bin,6.0,6.1
Kansas,3 wk ahead,percent,0.006,Bin,6.1,6.2
Kansas,3 wk ahead,percent,0.006,Bin,6.2,6.3
Kansas,3 wk ahead,percent,0.004,Bin,6.3,6.4
Kansas,3 wk ahead,percent,0.004,Bin,6.4,6.5
Kansas,3 wk ahead,percent,0,Bin,6.5,6.6
Kansas,3 wk ahead,percent,0,Bin,6.6,6.7
Kansas,3 wk ahead,percent,0.002,Bin,6.7,6.8
Kansas,3 wk ahead,percent,0.002,Bin,6.8,6.9
Kansas,3 wk ahead,percent,0.004,Bin,6.9,7.0
Kansas,3 wk ahead,percent,0.002,Bin,7.0,7.1
Kansas,3 wk ahead,percent,0.002,Bin,7.1,7.2
Kansas,3 wk ahead,percent,0.002,Bin,7.2,7.3
Kansas,3 wk ahead,percent,0.002,Bin,7.3,7.4
Kansas,3 wk ahead,percent,0,Bin,7.4,7.5
Kansas,3 wk ahead,percent,0.002,Bin,7.5,7.6
Kansas,3 wk ahead,percent,0.004,Bin,7.6,7.7
Kansas,3 wk ahead,percent,0.004,Bin,7.7,7.8
Kansas,3 wk ahead,percent,0.006,Bin,7.8,7.9
Kansas,3 wk ahead,percent,0.006,Bin,7.9,8.0
Kansas,3 wk ahead,percent,0.002,Bin,8.0,8.1
Kansas,3 wk ahead,percent,0.004,Bin,8.1,8.2
Kansas,3 wk ahead,percent,0.002,Bin,8.2,8.3
Kansas,3 wk ahead,percent,0.008,Bin,8.3,8.4
Kansas,3 wk ahead,percent,0.004,Bin,8.4,8.5
Kansas,3 wk ahead,percent,0,Bin,8.5,8.6
Kansas,3 wk ahead,percent,0.006,Bin,8.6,8.7
Kansas,3 wk ahead,percent,0,Bin,8.7,8.8
Kansas,3 wk ahead,percent,0,Bin,8.8,8.9
Kansas,3 wk ahead,percent,0,Bin,8.9,9.0
Kansas,3 wk ahead,percent,0,Bin,9.0,9.1
Kansas,3 wk ahead,percent,0.002,Bin,9.1,9.2
Kansas,3 wk ahead,percent,0,Bin,9.2,9.3
Kansas,3 wk ahead,percent,0,Bin,9.3,9.4
Kansas,3 wk ahead,percent,0,Bin,9.4,9.5
Kansas,3 wk ahead,percent,0.002,Bin,9.5,9.6
Kansas,3 wk ahead,percent,0,Bin,9.6,9.7
Kansas,3 wk ahead,percent,0.002,Bin,9.7,9.8
Kansas,3 wk ahead,percent,0,Bin,9.8,9.9
Kansas,3 wk ahead,percent,0.002,Bin,9.9,10.0
Kansas,3 wk ahead,percent,0.002,Bin,10.0,10.1
Kansas,3 wk ahead,percent,0,Bin,10.1,10.2
Kansas,3 wk ahead,percent,0,Bin,10.2,10.3
Kansas,3 wk ahead,percent,0,Bin,10.3,10.4
Kansas,3 wk ahead,percent,0,Bin,10.4,10.5
Kansas,3 wk ahead,percent,0,Bin,10.5,10.6
Kansas,3 wk ahead,percent,0,Bin,10.6,10.7
Kansas,3 wk ahead,percent,0,Bin,10.7,10.8
Kansas,3 wk ahead,percent,0,Bin,10.8,10.9
Kansas,3 wk ahead,percent,0,Bin,10.9,11.0
Kansas,3 wk ahead,percent,0,Bin,11.0,11.1
Kansas,3 wk ahead,percent,0.002,Bin,11.1,11.2
Kansas,3 wk ahead,percent,0,Bin,11.2,11.3
Kansas,3 wk ahead,percent,0,Bin,11.3,11.4
Kansas,3 wk ahead,percent,0.002,Bin,11.4,11.5
Kansas,3 wk ahead,percent,0,Bin,11.5,11.6
Kansas,3 wk ahead,percent,0.002,Bin,11.6,11.7
Kansas,3 wk ahead,percent,0,Bin,11.7,11.8
Kansas,3 wk ahead,percent,0,Bin,11.8,11.9
Kansas,3 wk ahead,percent,0,Bin,11.9,12.0
Kansas,3 wk ahead,percent,0.002,Bin,12.0,12.1
Kansas,3 wk ahead,percent,0,Bin,12.1,12.2
Kansas,3 wk ahead,percent,0,Bin,12.2,12.3
Kansas,3 wk ahead,percent,0,Bin,12.3,12.4
Kansas,3 wk ahead,percent,0.002,Bin,12.4,12.5
Kansas,3 wk ahead,percent,0,Bin,12.5,12.6
Kansas,3 wk ahead,percent,0.002,Bin,12.6,12.7
Kansas,3 wk ahead,percent,0,Bin,12.7,12.8
Kansas,3 wk ahead,percent,0,Bin,12.8,12.9
Kansas,3 wk ahead,percent,0,Bin,12.9,13.0
Kansas,3 wk ahead,percent,0.008,Bin,13.0,100.0
Kansas,4 wk ahead,percent,0,Bin,0.0,0.1
Kansas,4 wk ahead,percent,0,Bin,0.1,0.2
Kansas,4 wk ahead,percent,0,Bin,0.2,0.3
Kansas,4 wk ahead,percent,0,Bin,0.3,0.4
Kansas,4 wk ahead,percent,0.002,Bin,0.4,0.5
Kansas,4 wk ahead,percent,0.002,Bin,0.5,0.6
Kansas,4 wk ahead,percent,0.004,Bin,0.6,0.7
Kansas,4 wk ahead,percent,0.004,Bin,0.7,0.8
Kansas,4 wk ahead,percent,0.006,Bin,0.8,0.9
Kansas,4 wk ahead,percent,0.004,Bin,0.9,1.0
Kansas,4 wk ahead,percent,0.006,Bin,1.0,1.1
Kansas,4 wk ahead,percent,0.004,Bin,1.1,1.2
Kansas,4 wk ahead,percent,0.01,Bin,1.2,1.3
Kansas,4 wk ahead,percent,0.004,Bin,1.3,1.4
Kansas,4 wk ahead,percent,0.006,Bin,1.4,1.5
Kansas,4 wk ahead,percent,0.004,Bin,1.5,1.6
Kansas,4 wk ahead,percent,0.008,Bin,1.6,1.7
Kansas,4 wk ahead,percent,0.012,Bin,1.7,1.8
Kansas,4 wk ahead,percent,0.008,Bin,1.8,1.9
Kansas,4 wk ahead,percent,0.02,Bin,1.9,2.0
Kansas,4 wk ahead,percent,0.018,Bin,2.0,2.1
Kansas,4 wk ahead,percent,0.014,Bin,2.1,2.2
Kansas,4 wk ahead,percent,0.018,Bin,2.2,2.3
Kansas,4 wk ahead,percent,0.016,Bin,2.3,2.4
Kansas,4 wk ahead,percent,0.014,Bin,2.4,2.5
Kansas,4 wk ahead,percent,0.026,Bin,2.5,2.6
Kansas,4 wk ahead,percent,0.008,Bin,2.6,2.7
Kansas,4 wk ahead,percent,0.02,Bin,2.7,2.8
Kansas,4 wk ahead,percent,0.04,Bin,2.8,2.9
Kansas,4 wk ahead,percent,0.018,Bin,2.9,3.0
Kansas,4 wk ahead,percent,0.018,Bin,3.0,3.1
Kansas,4 wk ahead,percent,0.026,Bin,3.1,3.2
Kansas,4 wk ahead,percent,0.026,Bin,3.2,3.3
Kansas,4 wk ahead,percent,0.02,Bin,3.3,3.4
Kansas,4 wk ahead,percent,0.024,Bin,3.4,3.5
Kansas,4 wk ahead,percent,0.022,Bin,3.5,3.6
Kansas,4 wk ahead,percent,0.02,Bin,3.6,3.7
Kansas,4 wk ahead,percent,0.02,Bin,3.7,3.8
Kansas,4 wk ahead,percent,0.03,Bin,3.8,3.9
Kansas,4 wk ahead,percent,0.018,Bin,3.9,4.0
Kansas,4 wk ahead,percent,0.014,Bin,4.0,4.1
Kansas,4 wk ahead,percent,0.022,Bin,4.1,4.2
Kansas,4 wk ahead,percent,0.012,Bin,4.2,4.3
Kansas,4 wk ahead,percent,0.02,Bin,4.3,4.4
Kansas,4 wk ahead,percent,0.014,Bin,4.4,4.5
Kansas,4 wk ahead,percent,0.01,Bin,4.5,4.6
Kansas,4 wk ahead,percent,0.012,Bin,4.6,4.7
Kansas,4 wk ahead,percent,0.01,Bin,4.7,4.8
Kansas,4 wk ahead,percent,0.012,Bin,4.8,4.9
Kansas,4 wk ahead,percent,0.008,Bin,4.9,5.0
Kansas,4 wk ahead,percent,0.008,Bin,5.0,5.1
Kansas,4 wk ahead,percent,0.024,Bin,5.1,5.2
Kansas,4 wk ahead,percent,0.016,Bin,5.2,5.3
Kansas,4 wk ahead,percent,0.008,Bin,5.3,5.4
Kansas,4 wk ahead,percent,0.008,Bin,5.4,5.5
Kansas,4 wk ahead,percent,0.01,Bin,5.5,5.6
Kansas,4 wk ahead,percent,0.014,Bin,5.6,5.7
Kansas,4 wk ahead,percent,0.012,Bin,5.7,5.8
Kansas,4 wk ahead,percent,0.004,Bin,5.8,5.9
Kansas,4 wk ahead,percent,0.01,Bin,5.9,6.0
Kansas,4 wk ahead,percent,0.01,Bin,6.0,6.1
Kansas,4 wk ahead,percent,0.004,Bin,6.1,6.2
Kansas,4 wk ahead,percent,0.006,Bin,6.2,6.3
Kansas,4 wk ahead,percent,0.006,Bin,6.3,6.4
Kansas,4 wk ahead,percent,0.01,Bin,6.4,6.5
Kansas,4 wk ahead,percent,0.004,Bin,6.5,6.6
Kansas,4 wk ahead,percent,0.004,Bin,6.6,6.7
Kansas,4 wk ahead,percent,0.008,Bin,6.7,6.8
Kansas,4 wk ahead,percent,0.004,Bin,6.8,6.9
Kansas,4 wk ahead,percent,0.006,Bin,6.9,7.0
Kansas,4 wk ahead,percent,0.012,Bin,7.0,7.1
Kansas,4 wk ahead,percent,0.006,Bin,7.1,7.2
Kansas,4 wk ahead,percent,0.014,Bin,7.2,7.3
Kansas,4 wk ahead,percent,0,Bin,7.3,7.4
Kansas,4 wk ahead,percent,0.002,Bin,7.4,7.5
Kansas,4 wk ahead,percent,0.008,Bin,7.5,7.6
Kansas,4 wk ahead,percent,0.006,Bin,7.6,7.7
Kansas,4 wk ahead,percent,0.004,Bin,7.7,7.8
Kansas,4 wk ahead,percent,0.002,Bin,7.8,7.9
Kansas,4 wk ahead,percent,0.006,Bin,7.9,8.0
Kansas,4 wk ahead,percent,0.004,Bin,8.0,8.1
Kansas,4 wk ahead,percent,0.006,Bin,8.1,8.2
Kansas,4 wk ahead,percent,0,Bin,8.2,8.3
Kansas,4 wk ahead,percent,0.004,Bin,8.3,8.4
Kansas,4 wk ahead,percent,0,Bin,8.4,8.5
Kansas,4 wk ahead,percent,0.006,Bin,8.5,8.6
Kansas,4 wk ahead,percent,0.002,Bin,8.6,8.7
Kansas,4 wk ahead,percent,0.002,Bin,8.7,8.8
Kansas,4 wk ahead,percent,0,Bin,8.8,8.9
Kansas,4 wk ahead,percent,0.006,Bin,8.9,9.0
Kansas,4 wk ahead,percent,0.004,Bin,9.0,9.1
Kansas,4 wk ahead,percent,0.002,Bin,9.1,9.2
Kansas,4 wk ahead,percent,0,Bin,9.2,9.3
Kansas,4 wk ahead,percent,0,Bin,9.3,9.4
Kansas,4 wk ahead,percent,0,Bin,9.4,9.5
Kansas,4 wk ahead,percent,0,Bin,9.5,9.6
Kansas,4 wk ahead,percent,0.006,Bin,9.6,9.7
Kansas,4 wk ahead,percent,0,Bin,9.7,9.8
Kansas,4 wk ahead,percent,0,Bin,9.8,9.9
Kansas,4 wk ahead,percent,0.002,Bin,9.9,10.0
Kansas,4 wk ahead,percent,0,Bin,10.0,10.1
Kansas,4 wk ahead,percent,0,Bin,10.1,10.2
Kansas,4 wk ahead,percent,0,Bin,10.2,10.3
Kansas,4 wk ahead,percent,0,Bin,10.3,10.4
Kansas,4 wk ahead,percent,0.002,Bin,10.4,10.5
Kansas,4 wk ahead,percent,0.006,Bin,10.5,10.6
Kansas,4 wk ahead,percent,0.006,Bin,10.6,10.7
Kansas,4 wk ahead,percent,0,Bin,10.7,10.8
Kansas,4 wk ahead,percent,0.002,Bin,10.8,10.9
Kansas,4 wk ahead,percent,0,Bin,10.9,11.0
Kansas,4 wk ahead,percent,0,Bin,11.0,11.1
Kansas,4 wk ahead,percent,0,Bin,11.1,11.2
Kansas,4 wk ahead,percent,0.004,Bin,11.2,11.3
Kansas,4 wk ahead,percent,0,Bin,11.3,11.4
Kansas,4 wk ahead,percent,0,Bin,11.4,11.5
Kansas,4 wk ahead,percent,0,Bin,11.5,11.6
Kansas,4 wk ahead,percent,0,Bin,11.6,11.7
Kansas,4 wk ahead,percent,0,Bin,11.7,11.8
Kansas,4 wk ahead,percent,0.002,Bin,11.8,11.9
Kansas,4 wk ahead,percent,0.002,Bin,11.9,12.0
Kansas,4 wk ahead,percent,0,Bin,12.0,12.1
Kansas,4 wk ahead,percent,0,Bin,12.1,12.2
Kansas,4 wk ahead,percent,0,Bin,12.2,12.3
Kansas,4 wk ahead,percent,0,Bin,12.3,12.4
Kansas,4 wk ahead,percent,0.002,Bin,12.4,12.5
Kansas,4 wk ahead,percent,0.004,Bin,12.5,12.6
Kansas,4 wk ahead,percent,0,Bin,12.6,12.7
Kansas,4 wk ahead,percent,0.002,Bin,12.7,12.8
Kansas,4 wk ahead,percent,0,Bin,12.8,12.9
Kansas,4 wk ahead,percent,0,Bin,12.9,13.0
Kansas,4 wk ahead,percent,0.034,Bin,13.0,100.0
Kansas,Season peak percentage,percent,0,Bin,0.0,0.1
Kansas,Season peak percentage,percent,0,Bin,0.1,0.2
Kansas,Season peak percentage,percent,0,Bin,0.2,0.3
Kansas,Season peak percentage,percent,0,Bin,0.3,0.4
Kansas,Season peak percentage,percent,0,Bin,0.4,0.5
Kansas,Season peak percentage,percent,0,Bin,0.5,0.6
Kansas,Season peak percentage,percent,0,Bin,0.6,0.7
Kansas,Season peak percentage,percent,0,Bin,0.7,0.8
Kansas,Season peak percentage,percent,0,Bin,0.8,0.9
Kansas,Season peak percentage,percent,0,Bin,0.9,1.0
Kansas,Season peak percentage,percent,0,Bin,1.0,1.1
Kansas,Season peak percentage,percent,0,Bin,1.1,1.2
Kansas,Season peak percentage,percent,0,Bin,1.2,1.3
Kansas,Season peak percentage,percent,0,Bin,1.3,1.4
Kansas,Season peak percentage,percent,0,Bin,1.4,1.5
Kansas,Season peak percentage,percent,0,Bin,1.5,1.6
Kansas,Season peak percentage,percent,0,Bin,1.6,1.7
Kansas,Season peak percentage,percent,0,Bin,1.7,1.8
Kansas,Season peak percentage,percent,0,Bin,1.8,1.9
Kansas,Season peak percentage,percent,0,Bin,1.9,2.0
Kansas,Season peak percentage,percent,0,Bin,2.0,2.1
Kansas,Season peak percentage,percent,0,Bin,2.1,2.2
Kansas,Season peak percentage,percent,0,Bin,2.2,2.3
Kansas,Season peak percentage,percent,0,Bin,2.3,2.4
Kansas,Season peak percentage,percent,0,Bin,2.4,2.5
Kansas,Season peak percentage,percent,0,Bin,2.5,2.6
Kansas,Season peak percentage,percent,0.004,Bin,2.6,2.7
Kansas,Season peak percentage,percent,0.002,Bin,2.7,2.8
Kansas,Season peak percentage,percent,0.002,Bin,2.8,2.9
Kansas,Season peak percentage,percent,0.002,Bin,2.9,3.0
Kansas,Season peak percentage,percent,0.004,Bin,3.0,3.1
Kansas,Season peak percentage,percent,0.004,Bin,3.1,3.2
Kansas,Season peak percentage,percent,0,Bin,3.2,3.3
Kansas,Season peak percentage,percent,0.006,Bin,3.3,3.4
Kansas,Season peak percentage,percent,0.004,Bin,3.4,3.5
Kansas,Season peak percentage,percent,0.006,Bin,3.5,3.6
Kansas,Season peak percentage,percent,0.006,Bin,3.6,3.7
Kansas,Season peak percentage,percent,0.006,Bin,3.7,3.8
Kansas,Season peak percentage,percent,0.006,Bin,3.8,3.9
Kansas,Season peak percentage,percent,0.006,Bin,3.9,4.0
Kansas,Season peak percentage,percent,0.006,Bin,4.0,4.1
Kansas,Season peak percentage,percent,0.014,Bin,4.1,4.2
Kansas,Season peak percentage,percent,0.008,Bin,4.2,4.3
Kansas,Season peak percentage,percent,0.002,Bin,4.3,4.4
Kansas,Season peak percentage,percent,0,Bin,4.4,4.5
Kansas,Season peak percentage,percent,0.012,Bin,4.5,4.6
Kansas,Season peak percentage,percent,0.002,Bin,4.6,4.7
Kansas,Season peak percentage,percent,0.004,Bin,4.7,4.8
Kansas,Season peak percentage,percent,0.012,Bin,4.8,4.9
Kansas,Season peak percentage,percent,0.012,Bin,4.9,5.0
Kansas,Season peak percentage,percent,0.002,Bin,5.0,5.1
Kansas,Season peak percentage,percent,0.008,Bin,5.1,5.2
Kansas,Season peak percentage,percent,0.01,Bin,5.2,5.3
Kansas,Season peak percentage,percent,0.01,Bin,5.3,5.4
Kansas,Season peak percentage,percent,0.006,Bin,5.4,5.5
Kansas,Season peak percentage,percent,0.006,Bin,5.5,5.6
Kansas,Season peak percentage,percent,0.01,Bin,5.6,5.7
Kansas,Season peak percentage,percent,0.006,Bin,5.7,5.8
Kansas,Season peak percentage,percent,0.004,Bin,5.8,5.9
Kansas,Season peak percentage,percent,0.002,Bin,5.9,6.0
Kansas,Season peak percentage,percent,0.01,Bin,6.0,6.1
Kansas,Season peak percentage,percent,0.01,Bin,6.1,6.2
Kansas,Season peak percentage,percent,0.004,Bin,6.2,6.3
Kansas,Season peak percentage,percent,0.01,Bin,6.3,6.4
Kansas,Season peak percentage,percent,0.006,Bin,6.4,6.5
Kansas,Season peak percentage,percent,0.016,Bin,6.5,6.6
Kansas,Season peak percentage,percent,0.008,Bin,6.6,6.7
Kansas,Season peak percentage,percent,0.002,Bin,6.7,6.8
Kansas,Season peak percentage,percent,0.012,Bin,6.8,6.9
Kansas,Season peak percentage,percent,0.004,Bin,6.9,7.0
Kansas,Season peak percentage,percent,0.004,Bin,7.0,7.1
Kansas,Season peak percentage,percent,0.006,Bin,7.1,7.2
Kansas,Season peak percentage,percent,0.006,Bin,7.2,7.3
Kansas,Season peak percentage,percent,0.008,Bin,7.3,7.4
Kansas,Season peak percentage,percent,0.002,Bin,7.4,7.5
Kansas,Season peak percentage,percent,0.002,Bin,7.5,7.6
Kansas,Season peak percentage,percent,0.008,Bin,7.6,7.7
Kansas,Season peak percentage,percent,0.008,Bin,7.7,7.8
Kansas,Season peak percentage,percent,0.002,Bin,7.8,7.9
Kansas,Season peak percentage,percent,0.016,Bin,7.9,8.0
Kansas,Season peak percentage,percent,0.004,Bin,8.0,8.1
Kansas,Season peak percentage,percent,0.012,Bin,8.1,8.2
Kansas,Season peak percentage,percent,0,Bin,8.2,8.3
Kansas,Season peak percentage,percent,0.006,Bin,8.3,8.4
Kansas,Season peak percentage,percent,0.002,Bin,8.4,8.5
Kansas,Season peak percentage,percent,0.014,Bin,8.5,8.6
Kansas,Season peak percentage,percent,0.002,Bin,8.6,8.7
Kansas,Season peak percentage,percent,0.01,Bin,8.7,8.8
Kansas,Season peak percentage,percent,0.006,Bin,8.8,8.9
Kansas,Season peak percentage,percent,0.01,Bin,8.9,9.0
Kansas,Season peak percentage,percent,0.004,Bin,9.0,9.1
Kansas,Season peak percentage,percent,0.004,Bin,9.1,9.2
Kansas,Season peak percentage,percent,0.002,Bin,9.2,9.3
Kansas,Season peak percentage,percent,0.006,Bin,9.3,9.4
Kansas,Season peak percentage,percent,0.008,Bin,9.4,9.5
Kansas,Season peak percentage,percent,0.004,Bin,9.5,9.6
Kansas,Season peak percentage,percent,0.008,Bin,9.6,9.7
Kansas,Season peak percentage,percent,0.01,Bin,9.7,9.8
Kansas,Season peak percentage,percent,0.004,Bin,9.8,9.9
Kansas,Season peak percentage,percent,0.006,Bin,9.9,10.0
Kansas,Season peak percentage,percent,0,Bin,10.0,10.1
Kansas,Season peak percentage,percent,0.004,Bin,10.1,10.2
Kansas,Season peak percentage,percent,0,Bin,10.2,10.3
Kansas,Season peak percentage,percent,0.004,Bin,10.3,10.4
Kansas,Season peak percentage,percent,0.004,Bin,10.4,10.5
Kansas,Season peak percentage,percent,0.006,Bin,10.5,10.6
Kansas,Season peak percentage,percent,0.008,Bin,10.6,10.7
Kansas,Season peak percentage,percent,0.002,Bin,10.7,10.8
Kansas,Season peak percentage,percent,0.004,Bin,10.8,10.9
Kansas,Season peak percentage,percent,0.004,Bin,10.9,11.0
Kansas,Season peak percentage,percent,0.004,Bin,11.0,11.1
Kansas,Season peak percentage,percent,0.006,Bin,11.1,11.2
Kansas,Season peak percentage,percent,0.002,Bin,11.2,11.3
Kansas,Season peak percentage,percent,0.01,Bin,11.3,11.4
Kansas,Season peak percentage,percent,0.008,Bin,11.4,11.5
Kansas,Season peak percentage,percent,0.008,Bin,11.5,11.6
Kansas,Season peak percentage,percent,0.004,Bin,11.6,11.7
Kansas,Season peak percentage,percent,0,Bin,11.7,11.8
Kansas,Season peak percentage,percent,0.008,Bin,11.8,11.9
Kansas,Season peak percentage,percent,0.004,Bin,11.9,12.0
Kansas,Season peak percentage,percent,0.006,Bin,12.0,12.1
Kansas,Season peak percentage,percent,0.002,Bin,12.1,12.2
Kansas,Season peak percentage,percent,0.008,Bin,12.2,12.3
Kansas,Season peak percentage,percent,0.004,Bin,12.3,12.4
Kansas,Season peak percentage,percent,0.008,Bin,12.4,12.5
Kansas,Season peak percentage,percent,0.002,Bin,12.5,12.6
Kansas,Season peak percentage,percent,0.002,Bin,12.6,12.7
Kansas,Season peak percentage,percent,0.004,Bin,12.7,12.8
Kansas,Season peak percentage,percent,0.004,Bin,12.8,12.9
Kansas,Season peak percentage,percent,0,Bin,12.9,13.0
Kansas,Season peak percentage,percent,0.41,Bin,13.0,100.0
Kansas,Season peak week,week,0,Bin,40.0,41.0
Kansas,Season peak week,week,0,Bin,41.0,42.0
Kansas,Season peak week,week,0,Bin,42.0,43.0
Kansas,Season peak week,week,0,Bin,43.0,44.0
Kansas,Season peak week,week,0,Bin,44.0,45.0
Kansas,Season peak week,week,0,Bin,45.0,46.0
Kansas,Season peak week,week,0,Bin,46.0,47.0
Kansas,Season peak week,week,0,Bin,47.0,48.0
Kansas,Season peak week,week,0,Bin,48.0,49.0
Kansas,Season peak week,week,0.00390625,Bin,49.0,50.0
Kansas,Season peak week,week,0.037109375,Bin,50.0,51.0
Kansas,Season peak week,week,0.017578125,Bin,51.0,52.0
Kansas,Season peak week,week,0.029296875,Bin,52.0,53.0
Kansas,Season peak week,week,0.029296875,Bin,1.0,2.0
Kansas,Season peak week,week,0.0546875,Bin,2.0,3.0
Kansas,Season peak week,week,0.078125,Bin,3.0,4.0
Kansas,Season peak week,week,0.0703125,Bin,4.0,5.0
Kansas,Season peak week,week,0.095703125,Bin,5.0,6.0
Kansas,Season peak week,week,0.26953125,Bin,6.0,7.0
Kansas,Season peak week,week,0.126953125,Bin,7.0,8.0
Kansas,Season peak week,week,0.0546875,Bin,8.0,9.0
Kansas,Season peak week,week,0.0234375,Bin,9.0,10.0
Kansas,Season peak week,week,0.041015625,Bin,10.0,11.0
Kansas,Season peak week,week,0.013671875,Bin,11.0,12.0
Kansas,Season peak week,week,0.021484375,Bin,12.0,13.0
Kansas,Season peak week,week,0.009765625,Bin,13.0,14.0
Kansas,Season peak week,week,0.0078125,Bin,14.0,15.0
Kansas,Season peak week,week,0.009765625,Bin,15.0,16.0
Kansas,Season peak week,week,0.001953125,Bin,16.0,17.0
Kansas,Season peak week,week,0,Bin,17.0,18.0
Kansas,Season peak week,week,0,Bin,18.0,19.0
Kansas,Season peak week,week,0.001953125,Bin,19.0,20.0
Kansas,Season peak week,week,0.001953125,Bin,20.0,21.0
Kentucky,1 wk ahead,percent,0,Bin,0.0,0.1
Kentucky,1 wk ahead,percent,0,Bin,0.1,0.2
Kentucky,1 wk ahead,percent,0.002,Bin,0.2,0.3
Kentucky,1 wk ahead,percent,0,Bin,0.3,0.4
Kentucky,1 wk ahead,percent,0.004,Bin,0.4,0.5
Kentucky,1 wk ahead,percent,0,Bin,0.5,0.6
Kentucky,1 wk ahead,percent,0.01,Bin,0.6,0.7
Kentucky,1 wk ahead,percent,0.006,Bin,0.7,0.8
Kentucky,1 wk ahead,percent,0.002,Bin,0.8,0.9
Kentucky,1 wk ahead,percent,0.002,Bin,0.9,1.0
Kentucky,1 wk ahead,percent,0,Bin,1.0,1.1
Kentucky,1 wk ahead,percent,0.012,Bin,1.1,1.2
Kentucky,1 wk ahead,percent,0,Bin,1.2,1.3
Kentucky,1 wk ahead,percent,0,Bin,1.3,1.4
Kentucky,1 wk ahead,percent,0,Bin,1.4,1.5
Kentucky,1 wk ahead,percent,0.008,Bin,1.5,1.6
Kentucky,1 wk ahead,percent,0.01,Bin,1.6,1.7
Kentucky,1 wk ahead,percent,0.016,Bin,1.7,1.8
Kentucky,1 wk ahead,percent,0.01,Bin,1.8,1.9
Kentucky,1 wk ahead,percent,0.02,Bin,1.9,2.0
Kentucky,1 wk ahead,percent,0.008,Bin,2.0,2.1
Kentucky,1 wk ahead,percent,0.024,Bin,2.1,2.2
Kentucky,1 wk ahead,percent,0.016,Bin,2.2,2.3
Kentucky,1 wk ahead,percent,0.008,Bin,2.3,2.4
Kentucky,1 wk ahead,percent,0.01,Bin,2.4,2.5
Kentucky,1 wk ahead,percent,0.006,Bin,2.5,2.6
Kentucky,1 wk ahead,percent,0.02,Bin,2.6,2.7
Kentucky,1 wk ahead,percent,0.022,Bin,2.7,2.8
Kentucky,1 wk ahead,percent,0,Bin,2.8,2.9
Kentucky,1 wk ahead,percent,0.032,Bin,2.9,3.0
Kentucky,1 wk ahead,percent,0.026,Bin,3.0,3.1
Kentucky,1 wk ahead,percent,0.016,Bin,3.1,3.2
Kentucky,1 wk ahead,percent,0.02,Bin,3.2,3.3
Kentucky,1 wk ahead,percent,0.002,Bin,3.3,3.4
Kentucky,1 wk ahead,percent,0.008,Bin,3.4,3.5
Kentucky,1 wk ahead,percent,0.03,Bin,3.5,3.6
Kentucky,1 wk ahead,percent,0.01,Bin,3.6,3.7
Kentucky,1 wk ahead,percent,0.03,Bin,3.7,3.8
Kentucky,1 wk ahead,percent,0.034,Bin,3.8,3.9
Kentucky,1 wk ahead,percent,0.012,Bin,3.9,4.0
Kentucky,1 wk ahead,percent,0.026,Bin,4.0,4.1
Kentucky,1 wk ahead,percent,0.028,Bin,4.1,4.2
Kentucky,1 wk ahead,percent,0.01,Bin,4.2,4.3
Kentucky,1 wk ahead,percent,0.022,Bin,4.3,4.4
Kentucky,1 wk ahead,percent,0.032,Bin,4.4,4.5
Kentucky,1 wk ahead,percent,0.006,Bin,4.5,4.6
Kentucky,1 wk ahead,percent,0.028,Bin,4.6,4.7
Kentucky,1 wk ahead,percent,0.022,Bin,4.7,4.8
Kentucky,1 wk ahead,percent,0.034,Bin,4.8,4.9
Kentucky,1 wk ahead,percent,0.018,Bin,4.9,5.0
Kentucky,1 wk ahead,percent,0.006,Bin,5.0,5.1
Kentucky,1 wk ahead,percent,0.008,Bin,5.1,5.2
Kentucky,1 wk ahead,percent,0.024,Bin,5.2,5.3
Kentucky,1 wk ahead,percent,0.008,Bin,5.3,5.4
Kentucky,1 wk ahead,percent,0.002,Bin,5.4,5.5
Kentucky,1 wk ahead,percent,0.006,Bin,5.5,5.6
Kentucky,1 wk ahead,percent,0.006,Bin,5.6,5.7
Kentucky,1 wk ahead,percent,0.008,Bin,5.7,5.8
Kentucky,1 wk ahead,percent,0.024,Bin,5.8,5.9
Kentucky,1 wk ahead,percent,0.006,Bin,5.9,6.0
Kentucky,1 wk ahead,percent,0,Bin,6.0,6.1
Kentucky,1 wk ahead,percent,0.006,Bin,6.1,6.2
Kentucky,1 wk ahead,percent,0.02,Bin,6.2,6.3
Kentucky,1 wk ahead,percent,0.004,Bin,6.3,6.4
Kentucky,1 wk ahead,percent,0.016,Bin,6.4,6.5
Kentucky,1 wk ahead,percent,0.014,Bin,6.5,6.6
Kentucky,1 wk ahead,percent,0.01,Bin,6.6,6.7
Kentucky,1 wk ahead,percent,0.004,Bin,6.7,6.8
Kentucky,1 wk ahead,percent,0.006,Bin,6.8,6.9
Kentucky,1 wk ahead,percent,0.01,Bin,6.9,7.0
Kentucky,1 wk ahead,percent,0.006,Bin,7.0,7.1
Kentucky,1 wk ahead,percent,0.004,Bin,7.1,7.2
Kentucky,1 wk ahead,percent,0.006,Bin,7.2,7.3
Kentucky,1 wk ahead,percent,0,Bin,7.3,7.4
Kentucky,1 wk ahead,percent,0.014,Bin,7.4,7.5
Kentucky,1 wk ahead,percent,0.008,Bin,7.5,7.6
Kentucky,1 wk ahead,percent,0,Bin,7.6,7.7
Kentucky,1 wk ahead,percent,0.008,Bin,7.7,7.8
Kentucky,1 wk ahead,percent,0.002,Bin,7.8,7.9
Kentucky,1 wk ahead,percent,0.002,Bin,7.9,8.0
Kentucky,1 wk ahead,percent,0.004,Bin,8.0,8.1
Kentucky,1 wk ahead,percent,0.002,Bin,8.1,8.2
Kentucky,1 wk ahead,percent,0.002,Bin,8.2,8.3
Kentucky,1 wk ahead,percent,0.002,Bin,8.3,8.4
Kentucky,1 wk ahead,percent,0,Bin,8.4,8.5
Kentucky,1 wk ahead,percent,0,Bin,8.5,8.6
Kentucky,1 wk ahead,percent,0.002,Bin,8.6,8.7
Kentucky,1 wk ahead,percent,0,Bin,8.7,8.8
Kentucky,1 wk ahead,percent,0,Bin,8.8,8.9
Kentucky,1 wk ahead,percent,0.004,Bin,8.9,9.0
Kentucky,1 wk ahead,percent,0.002,Bin,9.0,9.1
Kentucky,1 wk ahead,percent,0.01,Bin,9.1,9.2
Kentucky,1 wk ahead,percent,0,Bin,9.2,9.3
Kentucky,1 wk ahead,percent,0,Bin,9.3,9.4
Kentucky,1 wk ahead,percent,0.006,Bin,9.4,9.5
Kentucky,1 wk ahead,percent,0,Bin,9.5,9.6
Kentucky,1 wk ahead,percent,0.002,Bin,9.6,9.7
Kentucky,1 wk ahead,percent,0,Bin,9.7,9.8
Kentucky,1 wk ahead,percent,0,Bin,9.8,9.9
Kentucky,1 wk ahead,percent,0.006,Bin,9.9,10.0
Kentucky,1 wk ahead,percent,0.002,Bin,10.0,10.1
Kentucky,1 wk ahead,percent,0,Bin,10.1,10.2
Kentucky,1 wk ahead,percent,0,Bin,10.2,10.3
Kentucky,1 wk ahead,percent,0,Bin,10.3,10.4
Kentucky,1 wk ahead,percent,0,Bin,10.4,10.5
Kentucky,1 wk ahead,percent,0,Bin,10.5,10.6
Kentucky,1 wk ahead,percent,0.004,Bin,10.6,10.7
Kentucky,1 wk ahead,percent,0,Bin,10.7,10.8
Kentucky,1 wk ahead,percent,0,Bin,10.8,10.9
Kentucky,1 wk ahead,percent,0,Bin,10.9,11.0
Kentucky,1 wk ahead,percent,0,Bin,11.0,11.1
Kentucky,1 wk ahead,percent,0,Bin,11.1,11.2
Kentucky,1 wk ahead,percent,0,Bin,11.2,11.3
Kentucky,1 wk ahead,percent,0,Bin,11.3,11.4
Kentucky,1 wk ahead,percent,0,Bin,11.4,11.5
Kentucky,1 wk ahead,percent,0,Bin,11.5,11.6
Kentucky,1 wk ahead,percent,0,Bin,11.6,11.7
Kentucky,1 wk ahead,percent,0,Bin,11.7,11.8
Kentucky,1 wk ahead,percent,0,Bin,11.8,11.9
Kentucky,1 wk ahead,percent,0,Bin,11.9,12.0
Kentucky,1 wk ahead,percent,0,Bin,12.0,12.1
Kentucky,1 wk ahead,percent,0,Bin,12.1,12.2
Kentucky,1 wk ahead,percent,0,Bin,12.2,12.3
Kentucky,1 wk ahead,percent,0,Bin,12.3,12.4
Kentucky,1 wk ahead,percent,0,Bin,12.4,12.5
Kentucky,1 wk ahead,percent,0,Bin,12.5,12.6
Kentucky,1 wk ahead,percent,0,Bin,12.6,12.7
Kentucky,1 wk ahead,percent,0,Bin,12.7,12.8
Kentucky,1 wk ahead,percent,0,Bin,12.8,12.9
Kentucky,1 wk ahead,percent,0,Bin,12.9,13.0
Kentucky,1 wk ahead,percent,0.052,Bin,13.0,100.0
Kentucky,2 wk ahead,percent,0,Bin,0.0,0.1
Kentucky,2 wk ahead,percent,0,Bin,0.1,0.2
Kentucky,2 wk ahead,percent,0,Bin,0.2,0.3
Kentucky,2 wk ahead,percent,0,Bin,0.3,0.4
Kentucky,2 wk ahead,percent,0.002,Bin,0.4,0.5
Kentucky,2 wk ahead,percent,0.004,Bin,0.5,0.6
Kentucky,2 wk ahead,percent,0.002,Bin,0.6,0.7
Kentucky,2 wk ahead,percent,0.002,Bin,0.7,0.8
Kentucky,2 wk ahead,percent,0.002,Bin,0.8,0.9
Kentucky,2 wk ahead,percent,0.008,Bin,0.9,1.0
Kentucky,2 wk ahead,percent,0,Bin,1.0,1.1
Kentucky,2 wk ahead,percent,0.002,Bin,1.1,1.2
Kentucky,2 wk ahead,percent,0.002,Bin,1.2,1.3
Kentucky,2 wk ahead,percent,0.01,Bin,1.3,1.4
Kentucky,2 wk ahead,percent,0,Bin,1.4,1.5
Kentucky,2 wk ahead,percent,0.004,Bin,1.5,1.6
Kentucky,2 wk ahead,percent,0.006,Bin,1.6,1.7
Kentucky,2 wk ahead,percent,0.01,Bin,1.7,1.8
Kentucky,2 wk ahead,percent,0.014,Bin,1.8,1.9
Kentucky,2 wk ahead,percent,0.02,Bin,1.9,2.0
Kentucky,2 wk ahead,percent,0.006,Bin,2.0,2.1
Kentucky,2 wk ahead,percent,0.012,Bin,2.1,2.2
Kentucky,2 wk ahead,percent,0.01,Bin,2.2,2.3
Kentucky,2 wk ahead,percent,0.006,Bin,2.3,2.4
Kentucky,2 wk ahead,percent,0.008,Bin,2.4,2.5
Kentucky,2 wk ahead,percent,0.014,Bin,2.5,2.6
Kentucky,2 wk ahead,percent,0.008,Bin,2.6,2.7
Kentucky,2 wk ahead,percent,0.008,Bin,2.7,2.8
Kentucky,2 wk ahead,percent,0.024,Bin,2.8,2.9
Kentucky,2 wk ahead,percent,0.014,Bin,2.9,3.0
Kentucky,2 wk ahead,percent,0.006,Bin,3.0,3.1
Kentucky,2 wk ahead,percent,0.01,Bin,3.1,3.2
Kentucky,2 wk ahead,percent,0.01,Bin,3.2,3.3
Kentucky,2 wk ahead,percent,0.012,Bin,3.3,3.4
Kentucky,2 wk ahead,percent,0.012,Bin,3.4,3.5
Kentucky,2 wk ahead,percent,0.01,Bin,3.5,3.6
Kentucky,2 wk ahead,percent,0.01,Bin,3.6,3.7
Kentucky,2 wk ahead,percent,0.01,Bin,3.7,3.8
Kentucky,2 wk ahead,percent,0.008,Bin,3.8,3.9
Kentucky,2 wk ahead,percent,0.016,Bin,3.9,4.0
Kentucky,2 wk ahead,percent,0.014,Bin,4.0,4.1
Kentucky,2 wk ahead,percent,0.01,Bin,4.1,4.2
Kentucky,2 wk ahead,percent,0.01,Bin,4.2,4.3
Kentucky,2 wk ahead,percent,0.014,Bin,4.3,4.4
Kentucky,2 wk ahead,percent,0.022,Bin,4.4,4.5
Kentucky,2 wk ahead,percent,0.006,Bin,4.5,4.6
Kentucky,2 wk ahead,percent,0.01,Bin,4.6,4.7
Kentucky,2 wk ahead,percent,0.008,Bin,4.7,4.8
Kentucky,2 wk ahead,percent,0.028,Bin,4.8,4.9
Kentucky,2 wk ahead,percent,0.012,Bin,4.9,5.0
Kentucky,2 wk ahead,percent,0.01,Bin,5.0,5.1
Kentucky,2 wk ahead,percent,0.022,Bin,5.1,5.2
Kentucky,2 wk ahead,percent,0.006,Bin,5.2,5.3
Kentucky,2 wk ahead,percent,0.012,Bin,5.3,5.4
Kentucky,2 wk ahead,percent,0.012,Bin,5.4,5.5
Kentucky,2 wk ahead,percent,0.02,Bin,5.5,5.6
Kentucky,2 wk ahead,percent,0.012,Bin,5.6,5.7
Kentucky,2 wk ahead,percent,0.002,Bin,5.7,5.8
Kentucky,2 wk ahead,percent,0.012,Bin,5.8,5.9
Kentucky,2 wk ahead,percent,0.01,Bin,5.9,6.0
Kentucky,2 wk ahead,percent,0.014,Bin,6.0,6.1
Kentucky,2 wk ahead,percent,0.01,Bin,6.1,6.2
Kentucky,2 wk ahead,percent,0.012,Bin,6.2,6.3
Kentucky,2 wk ahead,percent,0.012,Bin,6.3,6.4
Kentucky,2 wk ahead,percent,0.006,Bin,6.4,6.5
Kentucky,2 wk ahead,percent,0.014,Bin,6.5,6.6
Kentucky,2 wk ahead,percent,0.01,Bin,6.6,6.7
Kentucky,2 wk ahead,percent,0.004,Bin,6.7,6.8
Kentucky,2 wk ahead,percent,0.008,Bin,6.8,6.9
Kentucky,2 wk ahead,percent,0.012,Bin,6.9,7.0
Kentucky,2 wk ahead,percent,0.008,Bin,7.0,7.1
Kentucky,2 wk ahead,percent,0.012,Bin,7.1,7.2
Kentucky,2 wk ahead,percent,0.012,Bin,7.2,7.3
Kentucky,2 wk ahead,percent,0.012,Bin,7.3,7.4
Kentucky,2 wk ahead,percent,0.01,Bin,7.4,7.5
Kentucky,2 wk ahead,percent,0.01,Bin,7.5,7.6
Kentucky,2 wk ahead,percent,0.002,Bin,7.6,7.7
Kentucky,2 wk ahead,percent,0.004,Bin,7.7,7.8
Kentucky,2 wk ahead,percent,0.008,Bin,7.8,7.9
Kentucky,2 wk ahead,percent,0.006,Bin,7.9,8.0
Kentucky,2 wk ahead,percent,0,Bin,8.0,8.1
Kentucky,2 wk ahead,percent,0.002,Bin,8.1,8.2
Kentucky,2 wk ahead,percent,0.006,Bin,8.2,8.3
Kentucky,2 wk ahead,percent,0.006,Bin,8.3,8.4
Kentucky,2 wk ahead,percent,0.008,Bin,8.4,8.5
Kentucky,2 wk ahead,percent,0.004,Bin,8.5,8.6
Kentucky,2 wk ahead,percent,0.008,Bin,8.6,8.7
Kentucky,2 wk ahead,percent,0.002,Bin,8.7,8.8
Kentucky,2 wk ahead,percent,0.004,Bin,8.8,8.9
Kentucky,2 wk ahead,percent,0.008,Bin,8.9,9.0
Kentucky,2 wk ahead,percent,0.004,Bin,9.0,9.1
Kentucky,2 wk ahead,percent,0.002,Bin,9.1,9.2
Kentucky,2 wk ahead,percent,0.01,Bin,9.2,9.3
Kentucky,2 wk ahead,percent,0.008,Bin,9.3,9.4
Kentucky,2 wk ahead,percent,0.002,Bin,9.4,9.5
Kentucky,2 wk ahead,percent,0.002,Bin,9.5,9.6
Kentucky,2 wk ahead,percent,0.004,Bin,9.6,9.7
Kentucky,2 wk ahead,percent,0.004,Bin,9.7,9.8
Kentucky,2 wk ahead,percent,0,Bin,9.8,9.9
Kentucky,2 wk ahead,percent,0,Bin,9.9,10.0
Kentucky,2 wk ahead,percent,0.002,Bin,10.0,10.1
Kentucky,2 wk ahead,percent,0.004,Bin,10.1,10.2
Kentucky,2 wk ahead,percent,0.008,Bin,10.2,10.3
Kentucky,2 wk ahead,percent,0.002,Bin,10.3,10.4
Kentucky,2 wk ahead,percent,0.002,Bin,10.4,10.5
Kentucky,2 wk ahead,percent,0,Bin,10.5,10.6
Kentucky,2 wk ahead,percent,0.002,Bin,10.6,10.7
Kentucky,2 wk ahead,percent,0.002,Bin,10.7,10.8
Kentucky,2 wk ahead,percent,0.002,Bin,10.8,10.9
Kentucky,2 wk ahead,percent,0.002,Bin,10.9,11.0
Kentucky,2 wk ahead,percent,0.002,Bin,11.0,11.1
Kentucky,2 wk ahead,percent,0.004,Bin,11.1,11.2
Kentucky,2 wk ahead,percent,0.002,Bin,11.2,11.3
Kentucky,2 wk ahead,percent,0.004,Bin,11.3,11.4
Kentucky,2 wk ahead,percent,0,Bin,11.4,11.5
Kentucky,2 wk ahead,percent,0,Bin,11.5,11.6
Kentucky,2 wk ahead,percent,0.002,Bin,11.6,11.7
Kentucky,2 wk ahead,percent,0.002,Bin,11.7,11.8
Kentucky,2 wk ahead,percent,0.004,Bin,11.8,11.9
Kentucky,2 wk ahead,percent,0.002,Bin,11.9,12.0
Kentucky,2 wk ahead,percent,0.002,Bin,12.0,12.1
Kentucky,2 wk ahead,percent,0.002,Bin,12.1,12.2
Kentucky,2 wk ahead,percent,0,Bin,12.2,12.3
Kentucky,2 wk ahead,percent,0,Bin,12.3,12.4
Kentucky,2 wk ahead,percent,0.002,Bin,12.4,12.5
Kentucky,2 wk ahead,percent,0.006,Bin,12.5,12.6
Kentucky,2 wk ahead,percent,0.002,Bin,12.6,12.7
Kentucky,2 wk ahead,percent,0,Bin,12.7,12.8
Kentucky,2 wk ahead,percent,0,Bin,12.8,12.9
Kentucky,2 wk ahead,percent,0.002,Bin,12.9,13.0
Kentucky,2 wk ahead,percent,0.112,Bin,13.0,100.0
Kentucky,3 wk ahead,percent,0,Bin,0.0,0.1
Kentucky,3 wk ahead,percent,0,Bin,0.1,0.2
Kentucky,3 wk ahead,percent,0.006,Bin,0.2,0.3
Kentucky,3 wk ahead,percent,0.002,Bin,0.3,0.4
Kentucky,3 wk ahead,percent,0.002,Bin,0.4,0.5
Kentucky,3 wk ahead,percent,0.006,Bin,0.5,0.6
Kentucky,3 wk ahead,percent,0.006,Bin,0.6,0.7
Kentucky,3 wk ahead,percent,0.002,Bin,0.7,0.8
Kentucky,3 wk ahead,percent,0.002,Bin,0.8,0.9
Kentucky,3 wk ahead,percent,0.01,Bin,0.9,1.0
Kentucky,3 wk ahead,percent,0.008,Bin,1.0,1.1
Kentucky,3 wk ahead,percent,0.004,Bin,1.1,1.2
Kentucky,3 wk ahead,percent,0.006,Bin,1.2,1.3
Kentucky,3 wk ahead,percent,0.008,Bin,1.3,1.4
Kentucky,3 wk ahead,percent,0.006,Bin,1.4,1.5
Kentucky,3 wk ahead,percent,0.014,Bin,1.5,1.6
Kentucky,3 wk ahead,percent,0.006,Bin,1.6,1.7
Kentucky,3 wk ahead,percent,0.008,Bin,1.7,1.8
Kentucky,3 wk ahead,percent,0.022,Bin,1.8,1.9
Kentucky,3 wk ahead,percent,0.016,Bin,1.9,2.0
Kentucky,3 wk ahead,percent,0.006,Bin,2.0,2.1
Kentucky,3 wk ahead,percent,0.014,Bin,2.1,2.2
Kentucky,3 wk ahead,percent,0.008,Bin,2.2,2.3
Kentucky,3 wk ahead,percent,0.008,Bin,2.3,2.4
Kentucky,3 wk ahead,percent,0.016,Bin,2.4,2.5
Kentucky,3 wk ahead,percent,0.016,Bin,2.5,2.6
Kentucky,3 wk ahead,percent,0.016,Bin,2.6,2.7
Kentucky,3 wk ahead,percent,0.012,Bin,2.7,2.8
Kentucky,3 wk ahead,percent,0.008,Bin,2.8,2.9
Kentucky,3 wk ahead,percent,0.006,Bin,2.9,3.0
Kentucky,3 wk ahead,percent,0.008,Bin,3.0,3.1
Kentucky,3 wk ahead,percent,0.01,Bin,3.1,3.2
Kentucky,3 wk ahead,percent,0.006,Bin,3.2,3.3
Kentucky,3 wk ahead,percent,0.006,Bin,3.3,3.4
Kentucky,3 wk ahead,percent,0.016,Bin,3.4,3.5
Kentucky,3 wk ahead,percent,0.018,Bin,3.5,3.6
Kentucky,3 wk ahead,percent,0.012,Bin,3.6,3.7
Kentucky,3 wk ahead,percent,0.006,Bin,3.7,3.8
Kentucky,3 wk ahead,percent,0.018,Bin,3.8,3.9
Kentucky,3 wk ahead,percent,0.012,Bin,3.9,4.0
Kentucky,3 wk ahead,percent,0.004,Bin,4.0,4.1
Kentucky,3 wk ahead,percent,0.026,Bin,4.1,4.2
Kentucky,3 wk ahead,percent,0.014,Bin,4.2,4.3
Kentucky,3 wk ahead,percent,0.01,Bin,4.3,4.4
Kentucky,3 wk ahead,percent,0.008,Bin,4.4,4.5
Kentucky,3 wk ahead,percent,0.016,Bin,4.5,4.6
Kentucky,3 wk ahead,percent,0.02,Bin,4.6,4.7
Kentucky,3 wk ahead,percent,0.012,Bin,4.7,4.8
Kentucky,3 wk ahead,percent,0.01,Bin,4.8,4.9
Kentucky,3 wk ahead,percent,0.01,Bin,4.9,5.0
Kentucky,3 wk ahead,percent,0.004,Bin,5.0,5.1
Kentucky,3 wk ahead,percent,0.012,Bin,5.1,5.2
Kentucky,3 wk ahead,percent,0.006,Bin,5.2,5.3
Kentucky,3 wk ahead,percent,0.018,Bin,5.3,5.4
Kentucky,3 wk ahead,percent,0.002,Bin,5.4,5.5
Kentucky,3 wk ahead,percent,0.004,Bin,5.5,5.6
Kentucky,3 wk ahead,percent,0.01,Bin,5.6,5.7
Kentucky,3 wk ahead,percent,0.008,Bin,5.7,5.8
Kentucky,3 wk ahead,percent,0.004,Bin,5.8,5.9
Kentucky,3 wk ahead,percent,0.008,Bin,5.9,6.0
Kentucky,3 wk ahead,percent,0.004,Bin,6.0,6.1
Kentucky,3 wk ahead,percent,0.014,Bin,6.1,6.2
Kentucky,3 wk ahead,percent,0.008,Bin,6.2,6.3
Kentucky,3 wk ahead,percent,0.004,Bin,6.3,6.4
Kentucky,3 wk ahead,percent,0.008,Bin,6.4,6.5
Kentucky,3 wk ahead,percent,0.008,Bin,6.5,6.6
Kentucky,3 wk ahead,percent,0.016,Bin,6.6,6.7
Kentucky,3 wk ahead,percent,0.012,Bin,6.7,6.8
Kentucky,3 wk ahead,percent,0.004,Bin,6.8,6.9
Kentucky,3 wk ahead,percent,0.004,Bin,6.9,7.0
Kentucky,3 wk ahead,percent,0.004,Bin,7.0,7.1
Kentucky,3 wk ahead,percent,0.008,Bin,7.1,7.2
Kentucky,3 wk ahead,percent,0.014,Bin,7.2,7.3
Kentucky,3 wk ahead,percent,0.008,Bin,7.3,7.4
Kentucky,3 wk ahead,percent,0.01,Bin,7.4,7.5
Kentucky,3 wk ahead,percent,0.006,Bin,7.5,7.6
Kentucky,3 wk ahead,percent,0.002,Bin,7.6,7.7
Kentucky,3 wk ahead,percent,0.004,Bin,7.7,7.8
Kentucky,3 wk ahead,percent,0.006,Bin,7.8,7.9
Kentucky,3 wk ahead,percent,0.002,Bin,7.9,8.0
Kentucky,3 wk ahead,percent,0.006,Bin,8.0,8.1
Kentucky,3 wk ahead,percent,0,Bin,8.1,8.2
Kentucky,3 wk ahead,percent,0.006,Bin,8.2,8.3
Kentucky,3 wk ahead,percent,0.002,Bin,8.3,8.4
Kentucky,3 wk ahead,percent,0,Bin,8.4,8.5
Kentucky,3 wk ahead,percent,0.008,Bin,8.5,8.6
Kentucky,3 wk ahead,percent,0.004,Bin,8.6,8.7
Kentucky,3 wk ahead,percent,0.006,Bin,8.7,8.8
Kentucky,3 wk ahead,percent,0.006,Bin,8.8,8.9
Kentucky,3 wk ahead,percent,0.006,Bin,8.9,9.0
Kentucky,3 wk ahead,percent,0.004,Bin,9.0,9.1
Kentucky,3 wk ahead,percent,0.002,Bin,9.1,9.2
Kentucky,3 wk ahead,percent,0,Bin,9.2,9.3
Kentucky,3 wk ahead,percent,0.002,Bin,9.3,9.4
Kentucky,3 wk ahead,percent,0.002,Bin,9.4,9.5
Kentucky,3 wk ahead,percent,0.008,Bin,9.5,9.6
Kentucky,3 wk ahead,percent,0.004,Bin,9.6,9.7
Kentucky,3 wk ahead,percent,0.002,Bin,9.7,9.8
Kentucky,3 wk ahead,percent,0,Bin,9.8,9.9
Kentucky,3 wk ahead,percent,0.008,Bin,9.9,10.0
Kentucky,3 wk ahead,percent,0.006,Bin,10.0,10.1
Kentucky,3 wk ahead,percent,0.004,Bin,10.1,10.2
Kentucky,3 wk ahead,percent,0.002,Bin,10.2,10.3
Kentucky,3 wk ahead,percent,0,Bin,10.3,10.4
Kentucky,3 wk ahead,percent,0.002,Bin,10.4,10.5
Kentucky,3 wk ahead,percent,0.004,Bin,10.5,10.6
Kentucky,3 wk ahead,percent,0.004,Bin,10.6,10.7
Kentucky,3 wk ahead,percent,0.004,Bin,10.7,10.8
Kentucky,3 wk ahead,percent,0.008,Bin,10.8,10.9
Kentucky,3 wk ahead,percent,0.004,Bin,10.9,11.0
Kentucky,3 wk ahead,percent,0,Bin,11.0,11.1
Kentucky,3 wk ahead,percent,0.004,Bin,11.1,11.2
Kentucky,3 wk ahead,percent,0,Bin,11.2,11.3
Kentucky,3 wk ahead,percent,0,Bin,11.3,11.4
Kentucky,3 wk ahead,percent,0.002,Bin,11.4,11.5
Kentucky,3 wk ahead,percent,0,Bin,11.5,11.6
Kentucky,3 wk ahead,percent,0.006,Bin,11.6,11.7
Kentucky,3 wk ahead,percent,0.004,Bin,11.7,11.8
Kentucky,3 wk ahead,percent,0.006,Bin,11.8,11.9
Kentucky,3 wk ahead,percent,0,Bin,11.9,12.0
Kentucky,3 wk ahead,percent,0,Bin,12.0,12.1
Kentucky,3 wk ahead,percent,0,Bin,12.1,12.2
Kentucky,3 wk ahead,percent,0.002,Bin,12.2,12.3
Kentucky,3 wk ahead,percent,0,Bin,12.3,12.4
Kentucky,3 wk ahead,percent,0.004,Bin,12.4,12.5
Kentucky,3 wk ahead,percent,0.002,Bin,12.5,12.6
Kentucky,3 wk ahead,percent,0,Bin,12.6,12.7
Kentucky,3 wk ahead,percent,0,Bin,12.7,12.8
Kentucky,3 wk ahead,percent,0.002,Bin,12.8,12.9
Kentucky,3 wk ahead,percent,0.002,Bin,12.9,13.0
Kentucky,3 wk ahead,percent,0.144,Bin,13.0,100.0
Kentucky,4 wk ahead,percent,0,Bin,0.0,0.1
Kentucky,4 wk ahead,percent,0.002,Bin,0.1,0.2
Kentucky,4 wk ahead,percent,0,Bin,0.2,0.3
Kentucky,4 wk ahead,percent,0.006,Bin,0.3,0.4
Kentucky,4 wk ahead,percent,0.008,Bin,0.4,0.5
Kentucky,4 wk ahead,percent,0.012,Bin,0.5,0.6
Kentucky,4 wk ahead,percent,0.006,Bin,0.6,0.7
Kentucky,4 wk ahead,percent,0.002,Bin,0.7,0.8
Kentucky,4 wk ahead,percent,0.006,Bin,0.8,0.9
Kentucky,4 wk ahead,percent,0.008,Bin,0.9,1.0
Kentucky,4 wk ahead,percent,0.006,Bin,1.0,1.1
Kentucky,4 wk ahead,percent,0.004,Bin,1.1,1.2
Kentucky,4 wk ahead,percent,0.014,Bin,1.2,1.3
Kentucky,4 wk ahead,percent,0.006,Bin,1.3,1.4
Kentucky,4 wk ahead,percent,0.012,Bin,1.4,1.5
Kentucky,4 wk ahead,percent,0.014,Bin,1.5,1.6
Kentucky,4 wk ahead,percent,0.01,Bin,1.6,1.7
Kentucky,4 wk ahead,percent,0.008,Bin,1.7,1.8
Kentucky,4 wk ahead,percent,0.012,Bin,1.8,1.9
Kentucky,4 wk ahead,percent,0.01,Bin,1.9,2.0
Kentucky,4 wk ahead,percent,0.004,Bin,2.0,2.1
Kentucky,4 wk ahead,percent,0.012,Bin,2.1,2.2
Kentucky,4 wk ahead,percent,0.012,Bin,2.2,2.3
Kentucky,4 wk ahead,percent,0.01,Bin,2.3,2.4
Kentucky,4 wk ahead,percent,0.008,Bin,2.4,2.5
Kentucky,4 wk ahead,percent,0.012,Bin,2.5,2.6
Kentucky,4 wk ahead,percent,0.01,Bin,2.6,2.7
Kentucky,4 wk ahead,percent,0.006,Bin,2.7,2.8
Kentucky,4 wk ahead,percent,0.008,Bin,2.8,2.9
Kentucky,4 wk ahead,percent,0.008,Bin,2.9,3.0
Kentucky,4 wk ahead,percent,0.006,Bin,3.0,3.1
Kentucky,4 wk ahead,percent,0.014,Bin,3.1,3.2
Kentucky,4 wk ahead,percent,0.012,Bin,3.2,3.3
Kentucky,4 wk ahead,percent,0.014,Bin,3.3,3.4
Kentucky,4 wk ahead,percent,0.016,Bin,3.4,3.5
Kentucky,4 wk ahead,percent,0.01,Bin,3.5,3.6
Kentucky,4 wk ahead,percent,0.018,Bin,3.6,3.7
Kentucky,4 wk ahead,percent,0.012,Bin,3.7,3.8
Kentucky,4 wk ahead,percent,0.008,Bin,3.8,3.9
Kentucky,4 wk ahead,percent,0.01,Bin,3.9,4.0
Kentucky,4 wk ahead,percent,0.014,Bin,4.0,4.1
Kentucky,4 wk ahead,percent,0.008,Bin,4.1,4.2
Kentucky,4 wk ahead,percent,0.004,Bin,4.2,4.3
Kentucky,4 wk ahead,percent,0.014,Bin,4.3,4.4
Kentucky,4 wk ahead,percent,0.01,Bin,4.4,4.5
Kentucky,4 wk ahead,percent,0.008,Bin,4.5,4.6
Kentucky,4 wk ahead,percent,0.016,Bin,4.6,4.7
Kentucky,4 wk ahead,percent,0.006,Bin,4.7,4.8
Kentucky,4 wk ahead,percent,0.014,Bin,4.8,4.9
Kentucky,4 wk ahead,percent,0.01,Bin,4.9,5.0
Kentucky,4 wk ahead,percent,0.008,Bin,5.0,5.1
Kentucky,4 wk ahead,percent,0.006,Bin,5.1,5.2
Kentucky,4 wk ahead,percent,0.016,Bin,5.2,5.3
Kentucky,4 wk ahead,percent,0.008,Bin,5.3,5.4
Kentucky,4 wk ahead,percent,0.008,Bin,5.4,5.5
Kentucky,4 wk ahead,percent,0.002,Bin,5.5,5.6
Kentucky,4 wk ahead,percent,0.004,Bin,5.6,5.7
Kentucky,4 wk ahead,percent,0.008,Bin,5.7,5.8
Kentucky,4 wk ahead,percent,0.008,Bin,5.8,5.9
Kentucky,4 wk ahead,percent,0.008,Bin,5.9,6.0
Kentucky,4 wk ahead,percent,0.006,Bin,6.0,6.1
Kentucky,4 wk ahead,percent,0.006,Bin,6.1,6.2
Kentucky,4 wk ahead,percent,0.01,Bin,6.2,6.3
Kentucky,4 wk ahead,percent,0,Bin,6.3,6.4
Kentucky,4 wk ahead,percent,0.01,Bin,6.4,6.5
Kentucky,4 wk ahead,percent,0.004,Bin,6.5,6.6
Kentucky,4 wk ahead,percent,0.008,Bin,6.6,6.7
Kentucky,4 wk ahead,percent,0.004,Bin,6.7,6.8
Kentucky,4 wk ahead,percent,0.004,Bin,6.8,6.9
Kentucky,4 wk ahead,percent,0.002,Bin,6.9,7.0
Kentucky,4 wk ahead,percent,0.01,Bin,7.0,7.1
Kentucky,4 wk ahead,percent,0.004,Bin,7.1,7.2
Kentucky,4 wk ahead,percent,0.004,Bin,7.2,7.3
Kentucky,4 wk ahead,percent,0.006,Bin,7.3,7.4
Kentucky,4 wk ahead,percent,0.008,Bin,7.4,7.5
Kentucky,4 wk ahead,percent,0,Bin,7.5,7.6
Kentucky,4 wk ahead,percent,0.004,Bin,7.6,7.7
Kentucky,4 wk ahead,percent,0.006,Bin,7.7,7.8
Kentucky,4 wk ahead,percent,0.006,Bin,7.8,7.9
Kentucky,4 wk ahead,percent,0.008,Bin,7.9,8.0
Kentucky,4 wk ahead,percent,0.008,Bin,8.0,8.1
Kentucky,4 wk ahead,percent,0.008,Bin,8.1,8.2
Kentucky,4 wk ahead,percent,0.006,Bin,8.2,8.3
Kentucky,4 wk ahead,percent,0.002,Bin,8.3,8.4
Kentucky,4 wk ahead,percent,0.002,Bin,8.4,8.5
Kentucky,4 wk ahead,percent,0.004,Bin,8.5,8.6
Kentucky,4 wk ahead,percent,0.006,Bin,8.6,8.7
Kentucky,4 wk ahead,percent,0.004,Bin,8.7,8.8
Kentucky,4 wk ahead,percent,0.004,Bin,8.8,8.9
Kentucky,4 wk ahead,percent,0.01,Bin,8.9,9.0
Kentucky,4 wk ahead,percent,0.002,Bin,9.0,9.1
Kentucky,4 wk ahead,percent,0.004,Bin,9.1,9.2
Kentucky,4 wk ahead,percent,0.002,Bin,9.2,9.3
Kentucky,4 wk ahead,percent,0,Bin,9.3,9.4
Kentucky,4 wk ahead,percent,0.002,Bin,9.4,9.5
Kentucky,4 wk ahead,percent,0.006,Bin,9.5,9.6
Kentucky,4 wk ahead,percent,0.004,Bin,9.6,9.7
Kentucky,4 wk ahead,percent,0,Bin,9.7,9.8
Kentucky,4 wk ahead,percent,0,Bin,9.8,9.9
Kentucky,4 wk ahead,percent,0,Bin,9.9,10.0
Kentucky,4 wk ahead,percent,0.002,Bin,10.0,10.1
Kentucky,4 wk ahead,percent,0.002,Bin,10.1,10.2
Kentucky,4 wk ahead,percent,0.002,Bin,10.2,10.3
Kentucky,4 wk ahead,percent,0.002,Bin,10.3,10.4
Kentucky,4 wk ahead,percent,0.002,Bin,10.4,10.5
Kentucky,4 wk ahead,percent,0.006,Bin,10.5,10.6
Kentucky,4 wk ahead,percent,0.004,Bin,10.6,10.7
Kentucky,4 wk ahead,percent,0,Bin,10.7,10.8
Kentucky,4 wk ahead,percent,0.008,Bin,10.8,10.9
Kentucky,4 wk ahead,percent,0.006,Bin,10.9,11.0
Kentucky,4 wk ahead,percent,0.002,Bin,11.0,11.1
Kentucky,4 wk ahead,percent,0.008,Bin,11.1,11.2
Kentucky,4 wk ahead,percent,0,Bin,11.2,11.3
Kentucky,4 wk ahead,percent,0.004,Bin,11.3,11.4
Kentucky,4 wk ahead,percent,0.002,Bin,11.4,11.5
Kentucky,4 wk ahead,percent,0,Bin,11.5,11.6
Kentucky,4 wk ahead,percent,0,Bin,11.6,11.7
Kentucky,4 wk ahead,percent,0,Bin,11.7,11.8
Kentucky,4 wk ahead,percent,0,Bin,11.8,11.9
Kentucky,4 wk ahead,percent,0.004,Bin,11.9,12.0
Kentucky,4 wk ahead,percent,0.004,Bin,12.0,12.1
Kentucky,4 wk ahead,percent,0,Bin,12.1,12.2
Kentucky,4 wk ahead,percent,0.004,Bin,12.2,12.3
Kentucky,4 wk ahead,percent,0,Bin,12.3,12.4
Kentucky,4 wk ahead,percent,0.008,Bin,12.4,12.5
Kentucky,4 wk ahead,percent,0.002,Bin,12.5,12.6
Kentucky,4 wk ahead,percent,0,Bin,12.6,12.7
Kentucky,4 wk ahead,percent,0,Bin,12.7,12.8
Kentucky,4 wk ahead,percent,0,Bin,12.8,12.9
Kentucky,4 wk ahead,percent,0.002,Bin,12.9,13.0
Kentucky,4 wk ahead,percent,0.206,Bin,13.0,100.0
Kentucky,Season peak percentage,percent,0,Bin,0.0,0.1
Kentucky,Season peak percentage,percent,0,Bin,0.1,0.2
Kentucky,Season peak percentage,percent,0,Bin,0.2,0.3
Kentucky,Season peak percentage,percent,0,Bin,0.3,0.4
Kentucky,Season peak percentage,percent,0,Bin,0.4,0.5
Kentucky,Season peak percentage,percent,0,Bin,0.5,0.6
Kentucky,Season peak percentage,percent,0,Bin,0.6,0.7
Kentucky,Season peak percentage,percent,0,Bin,0.7,0.8
Kentucky,Season peak percentage,percent,0,Bin,0.8,0.9
Kentucky,Season peak percentage,percent,0,Bin,0.9,1.0
Kentucky,Season peak percentage,percent,0,Bin,1.0,1.1
Kentucky,Season peak percentage,percent,0,Bin,1.1,1.2
Kentucky,Season peak percentage,percent,0,Bin,1.2,1.3
Kentucky,Season peak percentage,percent,0,Bin,1.3,1.4
Kentucky,Season peak percentage,percent,0,Bin,1.4,1.5
Kentucky,Season peak percentage,percent,0,Bin,1.5,1.6
Kentucky,Season peak percentage,percent,0,Bin,1.6,1.7
Kentucky,Season peak percentage,percent,0,Bin,1.7,1.8
Kentucky,Season peak percentage,percent,0,Bin,1.8,1.9
Kentucky,Season peak percentage,percent,0,Bin,1.9,2.0
Kentucky,Season peak percentage,percent,0,Bin,2.0,2.1
Kentucky,Season peak percentage,percent,0,Bin,2.1,2.2
Kentucky,Season peak percentage,percent,0,Bin,2.2,2.3
Kentucky,Season peak percentage,percent,0,Bin,2.3,2.4
Kentucky,Season peak percentage,percent,0,Bin,2.4,2.5
Kentucky,Season peak percentage,percent,0,Bin,2.5,2.6
Kentucky,Season peak percentage,percent,0,Bin,2.6,2.7
Kentucky,Season peak percentage,percent,0,Bin,2.7,2.8
Kentucky,Season peak percentage,percent,0,Bin,2.8,2.9
Kentucky,Season peak percentage,percent,0,Bin,2.9,3.0
Kentucky,Season peak percentage,percent,0,Bin,3.0,3.1
Kentucky,Season peak percentage,percent,0,Bin,3.1,3.2
Kentucky,Season peak percentage,percent,0,Bin,3.2,3.3
Kentucky,Season peak percentage,percent,0,Bin,3.3,3.4
Kentucky,Season peak percentage,percent,0,Bin,3.4,3.5
Kentucky,Season peak percentage,percent,0,Bin,3.5,3.6
Kentucky,Season peak percentage,percent,0,Bin,3.6,3.7
Kentucky,Season peak percentage,percent,0,Bin,3.7,3.8
Kentucky,Season peak percentage,percent,0,Bin,3.8,3.9
Kentucky,Season peak percentage,percent,0,Bin,3.9,4.0
Kentucky,Season peak percentage,percent,0,Bin,4.0,4.1
Kentucky,Season peak percentage,percent,0,Bin,4.1,4.2
Kentucky,Season peak percentage,percent,0,Bin,4.2,4.3
Kentucky,Season peak percentage,percent,0,Bin,4.3,4.4
Kentucky,Season peak percentage,percent,0,Bin,4.4,4.5
Kentucky,Season peak percentage,percent,0.076,Bin,4.5,4.6
Kentucky,Season peak percentage,percent,0.014,Bin,4.6,4.7
Kentucky,Season peak percentage,percent,0.004,Bin,4.7,4.8
Kentucky,Season peak percentage,percent,0.004,Bin,4.8,4.9
Kentucky,Season peak percentage,percent,0.004,Bin,4.9,5.0
Kentucky,Season peak percentage,percent,0,Bin,5.0,5.1
Kentucky,Season peak percentage,percent,0.002,Bin,5.1,5.2
Kentucky,Season peak percentage,percent,0,Bin,5.2,5.3
Kentucky,Season peak percentage,percent,0.002,Bin,5.3,5.4
Kentucky,Season peak percentage,percent,0.004,Bin,5.4,5.5
Kentucky,Season peak percentage,percent,0.006,Bin,5.5,5.6
Kentucky,Season peak percentage,percent,0.004,Bin,5.6,5.7
Kentucky,Season peak percentage,percent,0.002,Bin,5.7,5.8
Kentucky,Season peak percentage,percent,0,Bin,5.8,5.9
Kentucky,Season peak percentage,percent,0.004,Bin,5.9,6.0
Kentucky,Season peak percentage,percent,0.004,Bin,6.0,6.1
Kentucky,Season peak percentage,percent,0.008,Bin,6.1,6.2
Kentucky,Season peak percentage,percent,0.002,Bin,6.2,6.3
Kentucky,Season peak percentage,percent,0.004,Bin,6.3,6.4
Kentucky,Season peak percentage,percent,0.002,Bin,6.4,6.5
Kentucky,Season peak percentage,percent,0.006,Bin,6.5,6.6
Kentucky,Season peak percentage,percent,0.004,Bin,6.6,6.7
Kentucky,Season peak percentage,percent,0.002,Bin,6.7,6.8
Kentucky,Season peak percentage,percent,0.004,Bin,6.8,6.9
Kentucky,Season peak percentage,percent,0.008,Bin,6.9,7.0
Kentucky,Season peak percentage,percent,0.002,Bin,7.0,7.1
Kentucky,Season peak percentage,percent,0.006,Bin,7.1,7.2
Kentucky,Season peak percentage,percent,0.004,Bin,7.2,7.3
Kentucky,Season peak percentage,percent,0.008,Bin,7.3,7.4
Kentucky,Season peak percentage,percent,0.004,Bin,7.4,7.5
Kentucky,Season peak percentage,percent,0.002,Bin,7.5,7.6
Kentucky,Season peak percentage,percent,0,Bin,7.6,7.7
Kentucky,Season peak percentage,percent,0.002,Bin,7.7,7.8
Kentucky,Season peak percentage,percent,0.002,Bin,7.8,7.9
Kentucky,Season peak percentage,percent,0.004,Bin,7.9,8.0
Kentucky,Season peak percentage,percent,0.002,Bin,8.0,8.1
Kentucky,Season peak percentage,percent,0.006,Bin,8.1,8.2
Kentucky,Season peak percentage,percent,0.008,Bin,8.2,8.3
Kentucky,Season peak percentage,percent,0.004,Bin,8.3,8.4
Kentucky,Season peak percentage,percent,0.006,Bin,8.4,8.5
Kentucky,Season peak percentage,percent,0.002,Bin,8.5,8.6
Kentucky,Season peak percentage,percent,0.012,Bin,8.6,8.7
Kentucky,Season peak percentage,percent,0.002,Bin,8.7,8.8
Kentucky,Season peak percentage,percent,0.004,Bin,8.8,8.9
Kentucky,Season peak percentage,percent,0.012,Bin,8.9,9.0
Kentucky,Season peak percentage,percent,0.004,Bin,9.0,9.1
Kentucky,Season peak percentage,percent,0.002,Bin,9.1,9.2
Kentucky,Season peak percentage,percent,0.002,Bin,9.2,9.3
Kentucky,Season peak percentage,percent,0.002,Bin,9.3,9.4
Kentucky,Season peak percentage,percent,0,Bin,9.4,9.5
Kentucky,Season peak percentage,percent,0.006,Bin,9.5,9.6
Kentucky,Season peak percentage,percent,0.002,Bin,9.6,9.7
Kentucky,Season peak percentage,percent,0.002,Bin,9.7,9.8
Kentucky,Season peak percentage,percent,0.008,Bin,9.8,9.9
Kentucky,Season peak percentage,percent,0.008,Bin,9.9,10.0
Kentucky,Season peak percentage,percent,0.002,Bin,10.0,10.1
Kentucky,Season peak percentage,percent,0.002,Bin,10.1,10.2
Kentucky,Season peak percentage,percent,0.006,Bin,10.2,10.3
Kentucky,Season peak percentage,percent,0.002,Bin,10.3,10.4
Kentucky,Season peak percentage,percent,0.002,Bin,10.4,10.5
Kentucky,Season peak percentage,percent,0.002,Bin,10.5,10.6
Kentucky,Season peak percentage,percent,0.006,Bin,10.6,10.7
Kentucky,Season peak percentage,percent,0.002,Bin,10.7,10.8
Kentucky,Season peak percentage,percent,0.004,Bin,10.8,10.9
Kentucky,Season peak percentage,percent,0.002,Bin,10.9,11.0
Kentucky,Season peak percentage,percent,0.004,Bin,11.0,11.1
Kentucky,Season peak percentage,percent,0.006,Bin,11.1,11.2
Kentucky,Season peak percentage,percent,0.008,Bin,11.2,11.3
Kentucky,Season peak percentage,percent,0.004,Bin,11.3,11.4
Kentucky,Season peak percentage,percent,0.002,Bin,11.4,11.5
Kentucky,Season peak percentage,percent,0,Bin,11.5,11.6
Kentucky,Season peak percentage,percent,0.002,Bin,11.6,11.7
Kentucky,Season peak percentage,percent,0.004,Bin,11.7,11.8
Kentucky,Season peak percentage,percent,0.004,Bin,11.8,11.9
Kentucky,Season peak percentage,percent,0.006,Bin,11.9,12.0
Kentucky,Season peak percentage,percent,0.002,Bin,12.0,12.1
Kentucky,Season peak percentage,percent,0.002,Bin,12.1,12.2
Kentucky,Season peak percentage,percent,0,Bin,12.2,12.3
Kentucky,Season peak percentage,percent,0.002,Bin,12.3,12.4
Kentucky,Season peak percentage,percent,0,Bin,12.4,12.5
Kentucky,Season peak percentage,percent,0.002,Bin,12.5,12.6
Kentucky,Season peak percentage,percent,0.002,Bin,12.6,12.7
Kentucky,Season peak percentage,percent,0,Bin,12.7,12.8
Kentucky,Season peak percentage,percent,0.002,Bin,12.8,12.9
Kentucky,Season peak percentage,percent,0,Bin,12.9,13.0
Kentucky,Season peak percentage,percent,0.62,Bin,13.0,100.0
Kentucky,Season peak week,week,0,Bin,40.0,41.0
Kentucky,Season peak week,week,0,Bin,41.0,42.0
Kentucky,Season peak week,week,0,Bin,42.0,43.0
Kentucky,Season peak week,week,0,Bin,43.0,44.0
Kentucky,Season peak week,week,0,Bin,44.0,45.0
Kentucky,Season peak week,week,0,Bin,45.0,46.0
Kentucky,Season peak week,week,0,Bin,46.0,47.0
Kentucky,Season peak week,week,0,Bin,47.0,48.0
Kentucky,Season peak week,week,0,Bin,48.0,49.0
Kentucky,Season peak week,week,0.0769230769230769,Bin,49.0,50.0
Kentucky,Season peak week,week,0.0465587044534413,Bin,50.0,51.0
Kentucky,Season peak week,week,0.0587044534412955,Bin,51.0,52.0
Kentucky,Season peak week,week,0.0384615384615385,Bin,52.0,53.0
Kentucky,Season peak week,week,0.0425101214574899,Bin,1.0,2.0
Kentucky,Season peak week,week,0.0748987854251012,Bin,2.0,3.0
Kentucky,Season peak week,week,0.0404858299595142,Bin,3.0,4.0
Kentucky,Season peak week,week,0.0425101214574899,Bin,4.0,5.0
Kentucky,Season peak week,week,0.0425101214574899,Bin,5.0,6.0
Kentucky,Season peak week,week,0.119433198380567,Bin,6.0,7.0
Kentucky,Season peak week,week,0.168016194331984,Bin,7.0,8.0
Kentucky,Season peak week,week,0.0809716599190283,Bin,8.0,9.0
Kentucky,Season peak week,week,0.0161943319838057,Bin,9.0,10.0
Kentucky,Season peak week,week,0.034412955465587,Bin,10.0,11.0
Kentucky,Season peak week,week,0.0323886639676113,Bin,11.0,12.0
Kentucky,Season peak week,week,0.0202429149797571,Bin,12.0,13.0
Kentucky,Season peak week,week,0.0121457489878543,Bin,13.0,14.0
Kentucky,Season peak week,week,0.01417004048583,Bin,14.0,15.0
Kentucky,Season peak week,week,0.00809716599190283,Bin,15.0,16.0
Kentucky,Season peak week,week,0.0101214574898785,Bin,16.0,17.0
Kentucky,Season peak week,week,0.00607287449392713,Bin,17.0,18.0
Kentucky,Season peak week,week,0.00404858299595142,Bin,18.0,19.0
Kentucky,Season peak week,week,0.00607287449392713,Bin,19.0,20.0
Kentucky,Season peak week,week,0.00404858299595142,Bin,20.0,21.0
Louisiana,1 wk ahead,percent,0,Bin,0.0,0.1
Louisiana,1 wk ahead,percent,0,Bin,0.1,0.2
Louisiana,1 wk ahead,percent,0,Bin,0.2,0.3
Louisiana,1 wk ahead,percent,0,Bin,0.3,0.4
Louisiana,1 wk ahead,percent,0,Bin,0.4,0.5
Louisiana,1 wk ahead,percent,0,Bin,0.5,0.6
Louisiana,1 wk ahead,percent,0,Bin,0.6,0.7
Louisiana,1 wk ahead,percent,0,Bin,0.7,0.8
Louisiana,1 wk ahead,percent,0,Bin,0.8,0.9
Louisiana,1 wk ahead,percent,0,Bin,0.9,1.0
Louisiana,1 wk ahead,percent,0,Bin,1.0,1.1
Louisiana,1 wk ahead,percent,0,Bin,1.1,1.2
Louisiana,1 wk ahead,percent,0,Bin,1.2,1.3
Louisiana,1 wk ahead,percent,0,Bin,1.3,1.4
Louisiana,1 wk ahead,percent,0,Bin,1.4,1.5
Louisiana,1 wk ahead,percent,0,Bin,1.5,1.6
Louisiana,1 wk ahead,percent,0,Bin,1.6,1.7
Louisiana,1 wk ahead,percent,0,Bin,1.7,1.8
Louisiana,1 wk ahead,percent,0,Bin,1.8,1.9
Louisiana,1 wk ahead,percent,0,Bin,1.9,2.0
Louisiana,1 wk ahead,percent,0,Bin,2.0,2.1
Louisiana,1 wk ahead,percent,0,Bin,2.1,2.2
Louisiana,1 wk ahead,percent,0,Bin,2.2,2.3
Louisiana,1 wk ahead,percent,0,Bin,2.3,2.4
Louisiana,1 wk ahead,percent,0,Bin,2.4,2.5
Louisiana,1 wk ahead,percent,0,Bin,2.5,2.6
Louisiana,1 wk ahead,percent,0,Bin,2.6,2.7
Louisiana,1 wk ahead,percent,0,Bin,2.7,2.8
Louisiana,1 wk ahead,percent,0,Bin,2.8,2.9
Louisiana,1 wk ahead,percent,0,Bin,2.9,3.0
Louisiana,1 wk ahead,percent,0,Bin,3.0,3.1
Louisiana,1 wk ahead,percent,0,Bin,3.1,3.2
Louisiana,1 wk ahead,percent,0,Bin,3.2,3.3
Louisiana,1 wk ahead,percent,0,Bin,3.3,3.4
Louisiana,1 wk ahead,percent,0,Bin,3.4,3.5
Louisiana,1 wk ahead,percent,0,Bin,3.5,3.6
Louisiana,1 wk ahead,percent,0,Bin,3.6,3.7
Louisiana,1 wk ahead,percent,0,Bin,3.7,3.8
Louisiana,1 wk ahead,percent,0,Bin,3.8,3.9
Louisiana,1 wk ahead,percent,0,Bin,3.9,4.0
Louisiana,1 wk ahead,percent,0,Bin,4.0,4.1
Louisiana,1 wk ahead,percent,0,Bin,4.1,4.2
Louisiana,1 wk ahead,percent,0,Bin,4.2,4.3
Louisiana,1 wk ahead,percent,0,Bin,4.3,4.4
Louisiana,1 wk ahead,percent,0,Bin,4.4,4.5
Louisiana,1 wk ahead,percent,0.012,Bin,4.5,4.6
Louisiana,1 wk ahead,percent,0.02,Bin,4.6,4.7
Louisiana,1 wk ahead,percent,0,Bin,4.7,4.8
Louisiana,1 wk ahead,percent,0.03,Bin,4.8,4.9
Louisiana,1 wk ahead,percent,0.086,Bin,4.9,5.0
Louisiana,1 wk ahead,percent,0.04,Bin,5.0,5.1
Louisiana,1 wk ahead,percent,0.052,Bin,5.1,5.2
Louisiana,1 wk ahead,percent,0.062,Bin,5.2,5.3
Louisiana,1 wk ahead,percent,0,Bin,5.3,5.4
Louisiana,1 wk ahead,percent,0.144,Bin,5.4,5.5
Louisiana,1 wk ahead,percent,0.114,Bin,5.5,5.6
Louisiana,1 wk ahead,percent,0.064,Bin,5.6,5.7
Louisiana,1 wk ahead,percent,0.08,Bin,5.7,5.8
Louisiana,1 wk ahead,percent,0.014,Bin,5.8,5.9
Louisiana,1 wk ahead,percent,0.06,Bin,5.9,6.0
Louisiana,1 wk ahead,percent,0.058,Bin,6.0,6.1
Louisiana,1 wk ahead,percent,0.02,Bin,6.1,6.2
Louisiana,1 wk ahead,percent,0.072,Bin,6.2,6.3
Louisiana,1 wk ahead,percent,0.04,Bin,6.3,6.4
Louisiana,1 wk ahead,percent,0.012,Bin,6.4,6.5
Louisiana,1 wk ahead,percent,0.02,Bin,6.5,6.6
Louisiana,1 wk ahead,percent,0,Bin,6.6,6.7
Louisiana,1 wk ahead,percent,0,Bin,6.7,6.8
Louisiana,1 wk ahead,percent,0,Bin,6.8,6.9
Louisiana,1 wk ahead,percent,0,Bin,6.9,7.0
Louisiana,1 wk ahead,percent,0,Bin,7.0,7.1
Louisiana,1 wk ahead,percent,0,Bin,7.1,7.2
Louisiana,1 wk ahead,percent,0,Bin,7.2,7.3
Louisiana,1 wk ahead,percent,0,Bin,7.3,7.4
Louisiana,1 wk ahead,percent,0,Bin,7.4,7.5
Louisiana,1 wk ahead,percent,0,Bin,7.5,7.6
Louisiana,1 wk ahead,percent,0,Bin,7.6,7.7
Louisiana,1 wk ahead,percent,0,Bin,7.7,7.8
Louisiana,1 wk ahead,percent,0,Bin,7.8,7.9
Louisiana,1 wk ahead,percent,0,Bin,7.9,8.0
Louisiana,1 wk ahead,percent,0,Bin,8.0,8.1
Louisiana,1 wk ahead,percent,0,Bin,8.1,8.2
Louisiana,1 wk ahead,percent,0,Bin,8.2,8.3
Louisiana,1 wk ahead,percent,0,Bin,8.3,8.4
Louisiana,1 wk ahead,percent,0,Bin,8.4,8.5
Louisiana,1 wk ahead,percent,0,Bin,8.5,8.6
Louisiana,1 wk ahead,percent,0,Bin,8.6,8.7
Louisiana,1 wk ahead,percent,0,Bin,8.7,8.8
Louisiana,1 wk ahead,percent,0,Bin,8.8,8.9
Louisiana,1 wk ahead,percent,0,Bin,8.9,9.0
Louisiana,1 wk ahead,percent,0,Bin,9.0,9.1
Louisiana,1 wk ahead,percent,0,Bin,9.1,9.2
Louisiana,1 wk ahead,percent,0,Bin,9.2,9.3
Louisiana,1 wk ahead,percent,0,Bin,9.3,9.4
Louisiana,1 wk ahead,percent,0,Bin,9.4,9.5
Louisiana,1 wk ahead,percent,0,Bin,9.5,9.6
Louisiana,1 wk ahead,percent,0,Bin,9.6,9.7
Louisiana,1 wk ahead,percent,0,Bin,9.7,9.8
Louisiana,1 wk ahead,percent,0,Bin,9.8,9.9
Louisiana,1 wk ahead,percent,0,Bin,9.9,10.0
Louisiana,1 wk ahead,percent,0,Bin,10.0,10.1
Louisiana,1 wk ahead,percent,0,Bin,10.1,10.2
Louisiana,1 wk ahead,percent,0,Bin,10.2,10.3
Louisiana,1 wk ahead,percent,0,Bin,10.3,10.4
Louisiana,1 wk ahead,percent,0,Bin,10.4,10.5
Louisiana,1 wk ahead,percent,0,Bin,10.5,10.6
Louisiana,1 wk ahead,percent,0,Bin,10.6,10.7
Louisiana,1 wk ahead,percent,0,Bin,10.7,10.8
Louisiana,1 wk ahead,percent,0,Bin,10.8,10.9
Louisiana,1 wk ahead,percent,0,Bin,10.9,11.0
Louisiana,1 wk ahead,percent,0,Bin,11.0,11.1
Louisiana,1 wk ahead,percent,0,Bin,11.1,11.2
Louisiana,1 wk ahead,percent,0,Bin,11.2,11.3
Louisiana,1 wk ahead,percent,0,Bin,11.3,11.4
Louisiana,1 wk ahead,percent,0,Bin,11.4,11.5
Louisiana,1 wk ahead,percent,0,Bin,11.5,11.6
Louisiana,1 wk ahead,percent,0,Bin,11.6,11.7
Louisiana,1 wk ahead,percent,0,Bin,11.7,11.8
Louisiana,1 wk ahead,percent,0,Bin,11.8,11.9
Louisiana,1 wk ahead,percent,0,Bin,11.9,12.0
Louisiana,1 wk ahead,percent,0,Bin,12.0,12.1
Louisiana,1 wk ahead,percent,0,Bin,12.1,12.2
Louisiana,1 wk ahead,percent,0,Bin,12.2,12.3
Louisiana,1 wk ahead,percent,0,Bin,12.3,12.4
Louisiana,1 wk ahead,percent,0,Bin,12.4,12.5
Louisiana,1 wk ahead,percent,0,Bin,12.5,12.6
Louisiana,1 wk ahead,percent,0,Bin,12.6,12.7
Louisiana,1 wk ahead,percent,0,Bin,12.7,12.8
Louisiana,1 wk ahead,percent,0,Bin,12.8,12.9
Louisiana,1 wk ahead,percent,0,Bin,12.9,13.0
Louisiana,1 wk ahead,percent,0,Bin,13.0,100.0
Louisiana,2 wk ahead,percent,0,Bin,0.0,0.1
Louisiana,2 wk ahead,percent,0,Bin,0.1,0.2
Louisiana,2 wk ahead,percent,0,Bin,0.2,0.3
Louisiana,2 wk ahead,percent,0,Bin,0.3,0.4
Louisiana,2 wk ahead,percent,0,Bin,0.4,0.5
Louisiana,2 wk ahead,percent,0,Bin,0.5,0.6
Louisiana,2 wk ahead,percent,0,Bin,0.6,0.7
Louisiana,2 wk ahead,percent,0,Bin,0.7,0.8
Louisiana,2 wk ahead,percent,0,Bin,0.8,0.9
Louisiana,2 wk ahead,percent,0,Bin,0.9,1.0
Louisiana,2 wk ahead,percent,0,Bin,1.0,1.1
Louisiana,2 wk ahead,percent,0,Bin,1.1,1.2
Louisiana,2 wk ahead,percent,0,Bin,1.2,1.3
Louisiana,2 wk ahead,percent,0,Bin,1.3,1.4
Louisiana,2 wk ahead,percent,0,Bin,1.4,1.5
Louisiana,2 wk ahead,percent,0,Bin,1.5,1.6
Louisiana,2 wk ahead,percent,0,Bin,1.6,1.7
Louisiana,2 wk ahead,percent,0,Bin,1.7,1.8
Louisiana,2 wk ahead,percent,0,Bin,1.8,1.9
Louisiana,2 wk ahead,percent,0,Bin,1.9,2.0
Louisiana,2 wk ahead,percent,0,Bin,2.0,2.1
Louisiana,2 wk ahead,percent,0,Bin,2.1,2.2
Louisiana,2 wk ahead,percent,0,Bin,2.2,2.3
Louisiana,2 wk ahead,percent,0,Bin,2.3,2.4
Louisiana,2 wk ahead,percent,0,Bin,2.4,2.5
Louisiana,2 wk ahead,percent,0,Bin,2.5,2.6
Louisiana,2 wk ahead,percent,0,Bin,2.6,2.7
Louisiana,2 wk ahead,percent,0,Bin,2.7,2.8
Louisiana,2 wk ahead,percent,0,Bin,2.8,2.9
Louisiana,2 wk ahead,percent,0,Bin,2.9,3.0
Louisiana,2 wk ahead,percent,0,Bin,3.0,3.1
Louisiana,2 wk ahead,percent,0,Bin,3.1,3.2
Louisiana,2 wk ahead,percent,0,Bin,3.2,3.3
Louisiana,2 wk ahead,percent,0,Bin,3.3,3.4
Louisiana,2 wk ahead,percent,0,Bin,3.4,3.5
Louisiana,2 wk ahead,percent,0.002,Bin,3.5,3.6
Louisiana,2 wk ahead,percent,0,Bin,3.6,3.7
Louisiana,2 wk ahead,percent,0,Bin,3.7,3.8
Louisiana,2 wk ahead,percent,0.002,Bin,3.8,3.9
Louisiana,2 wk ahead,percent,0,Bin,3.9,4.0
Louisiana,2 wk ahead,percent,0,Bin,4.0,4.1
Louisiana,2 wk ahead,percent,0.018,Bin,4.1,4.2
Louisiana,2 wk ahead,percent,0.008,Bin,4.2,4.3
Louisiana,2 wk ahead,percent,0.014,Bin,4.3,4.4
Louisiana,2 wk ahead,percent,0.032,Bin,4.4,4.5
Louisiana,2 wk ahead,percent,0.028,Bin,4.5,4.6
Louisiana,2 wk ahead,percent,0.04,Bin,4.6,4.7
Louisiana,2 wk ahead,percent,0.05,Bin,4.7,4.8
Louisiana,2 wk ahead,percent,0.05,Bin,4.8,4.9
Louisiana,2 wk ahead,percent,0.056,Bin,4.9,5.0
Louisiana,2 wk ahead,percent,0.034,Bin,5.0,5.1
Louisiana,2 wk ahead,percent,0.052,Bin,5.1,5.2
Louisiana,2 wk ahead,percent,0.07,Bin,5.2,5.3
Louisiana,2 wk ahead,percent,0.058,Bin,5.3,5.4
Louisiana,2 wk ahead,percent,0.068,Bin,5.4,5.5
Louisiana,2 wk ahead,percent,0.044,Bin,5.5,5.6
Louisiana,2 wk ahead,percent,0.05,Bin,5.6,5.7
Louisiana,2 wk ahead,percent,0.056,Bin,5.7,5.8
Louisiana,2 wk ahead,percent,0.024,Bin,5.8,5.9
Louisiana,2 wk ahead,percent,0.064,Bin,5.9,6.0
Louisiana,2 wk ahead,percent,0.03,Bin,6.0,6.1
Louisiana,2 wk ahead,percent,0.024,Bin,6.1,6.2
Louisiana,2 wk ahead,percent,0.038,Bin,6.2,6.3
Louisiana,2 wk ahead,percent,0.014,Bin,6.3,6.4
Louisiana,2 wk ahead,percent,0.016,Bin,6.4,6.5
Louisiana,2 wk ahead,percent,0.016,Bin,6.5,6.6
Louisiana,2 wk ahead,percent,0.01,Bin,6.6,6.7
Louisiana,2 wk ahead,percent,0.012,Bin,6.7,6.8
Louisiana,2 wk ahead,percent,0.008,Bin,6.8,6.9
Louisiana,2 wk ahead,percent,0.004,Bin,6.9,7.0
Louisiana,2 wk ahead,percent,0.002,Bin,7.0,7.1
Louisiana,2 wk ahead,percent,0.002,Bin,7.1,7.2
Louisiana,2 wk ahead,percent,0.004,Bin,7.2,7.3
Louisiana,2 wk ahead,percent,0,Bin,7.3,7.4
Louisiana,2 wk ahead,percent,0,Bin,7.4,7.5
Louisiana,2 wk ahead,percent,0,Bin,7.5,7.6
Louisiana,2 wk ahead,percent,0,Bin,7.6,7.7
Louisiana,2 wk ahead,percent,0,Bin,7.7,7.8
Louisiana,2 wk ahead,percent,0,Bin,7.8,7.9
Louisiana,2 wk ahead,percent,0,Bin,7.9,8.0
Louisiana,2 wk ahead,percent,0,Bin,8.0,8.1
Louisiana,2 wk ahead,percent,0,Bin,8.1,8.2
Louisiana,2 wk ahead,percent,0,Bin,8.2,8.3
Louisiana,2 wk ahead,percent,0,Bin,8.3,8.4
Louisiana,2 wk ahead,percent,0,Bin,8.4,8.5
Louisiana,2 wk ahead,percent,0,Bin,8.5,8.6
Louisiana,2 wk ahead,percent,0,Bin,8.6,8.7
Louisiana,2 wk ahead,percent,0,Bin,8.7,8.8
Louisiana,2 wk ahead,percent,0,Bin,8.8,8.9
Louisiana,2 wk ahead,percent,0,Bin,8.9,9.0
Louisiana,2 wk ahead,percent,0,Bin,9.0,9.1
Louisiana,2 wk ahead,percent,0,Bin,9.1,9.2
Louisiana,2 wk ahead,percent,0,Bin,9.2,9.3
Louisiana,2 wk ahead,percent,0,Bin,9.3,9.4
Louisiana,2 wk ahead,percent,0,Bin,9.4,9.5
Louisiana,2 wk ahead,percent,0,Bin,9.5,9.6
Louisiana,2 wk ahead,percent,0,Bin,9.6,9.7
Louisiana,2 wk ahead,percent,0,Bin,9.7,9.8
Louisiana,2 wk ahead,percent,0,Bin,9.8,9.9
Louisiana,2 wk ahead,percent,0,Bin,9.9,10.0
Louisiana,2 wk ahead,percent,0,Bin,10.0,10.1
Louisiana,2 wk ahead,percent,0,Bin,10.1,10.2
Louisiana,2 wk ahead,percent,0,Bin,10.2,10.3
Louisiana,2 wk ahead,percent,0,Bin,10.3,10.4
Louisiana,2 wk ahead,percent,0,Bin,10.4,10.5
Louisiana,2 wk ahead,percent,0,Bin,10.5,10.6
Louisiana,2 wk ahead,percent,0,Bin,10.6,10.7
Louisiana,2 wk ahead,percent,0,Bin,10.7,10.8
Louisiana,2 wk ahead,percent,0,Bin,10.8,10.9
Louisiana,2 wk ahead,percent,0,Bin,10.9,11.0
Louisiana,2 wk ahead,percent,0,Bin,11.0,11.1
Louisiana,2 wk ahead,percent,0,Bin,11.1,11.2
Louisiana,2 wk ahead,percent,0,Bin,11.2,11.3
Louisiana,2 wk ahead,percent,0,Bin,11.3,11.4
Louisiana,2 wk ahead,percent,0,Bin,11.4,11.5
Louisiana,2 wk ahead,percent,0,Bin,11.5,11.6
Louisiana,2 wk ahead,percent,0,Bin,11.6,11.7
Louisiana,2 wk ahead,percent,0,Bin,11.7,11.8
Louisiana,2 wk ahead,percent,0,Bin,11.8,11.9
Louisiana,2 wk ahead,percent,0,Bin,11.9,12.0
Louisiana,2 wk ahead,percent,0,Bin,12.0,12.1
Louisiana,2 wk ahead,percent,0,Bin,12.1,12.2
Louisiana,2 wk ahead,percent,0,Bin,12.2,12.3
Louisiana,2 wk ahead,percent,0,Bin,12.3,12.4
Louisiana,2 wk ahead,percent,0,Bin,12.4,12.5
Louisiana,2 wk ahead,percent,0,Bin,12.5,12.6
Louisiana,2 wk ahead,percent,0,Bin,12.6,12.7
Louisiana,2 wk ahead,percent,0,Bin,12.7,12.8
Louisiana,2 wk ahead,percent,0,Bin,12.8,12.9
Louisiana,2 wk ahead,percent,0,Bin,12.9,13.0
Louisiana,2 wk ahead,percent,0,Bin,13.0,100.0
Louisiana,3 wk ahead,percent,0,Bin,0.0,0.1
Louisiana,3 wk ahead,percent,0,Bin,0.1,0.2
Louisiana,3 wk ahead,percent,0,Bin,0.2,0.3
Louisiana,3 wk ahead,percent,0,Bin,0.3,0.4
Louisiana,3 wk ahead,percent,0,Bin,0.4,0.5
Louisiana,3 wk ahead,percent,0,Bin,0.5,0.6
Louisiana,3 wk ahead,percent,0,Bin,0.6,0.7
Louisiana,3 wk ahead,percent,0,Bin,0.7,0.8
Louisiana,3 wk ahead,percent,0,Bin,0.8,0.9
Louisiana,3 wk ahead,percent,0,Bin,0.9,1.0
Louisiana,3 wk ahead,percent,0,Bin,1.0,1.1
Louisiana,3 wk ahead,percent,0,Bin,1.1,1.2
Louisiana,3 wk ahead,percent,0,Bin,1.2,1.3
Louisiana,3 wk ahead,percent,0,Bin,1.3,1.4
Louisiana,3 wk ahead,percent,0,Bin,1.4,1.5
Louisiana,3 wk ahead,percent,0,Bin,1.5,1.6
Louisiana,3 wk ahead,percent,0,Bin,1.6,1.7
Louisiana,3 wk ahead,percent,0,Bin,1.7,1.8
Louisiana,3 wk ahead,percent,0,Bin,1.8,1.9
Louisiana,3 wk ahead,percent,0,Bin,1.9,2.0
Louisiana,3 wk ahead,percent,0,Bin,2.0,2.1
Louisiana,3 wk ahead,percent,0,Bin,2.1,2.2
Louisiana,3 wk ahead,percent,0,Bin,2.2,2.3
Louisiana,3 wk ahead,percent,0,Bin,2.3,2.4
Louisiana,3 wk ahead,percent,0,Bin,2.4,2.5
Louisiana,3 wk ahead,percent,0,Bin,2.5,2.6
Louisiana,3 wk ahead,percent,0,Bin,2.6,2.7
Louisiana,3 wk ahead,percent,0,Bin,2.7,2.8
Louisiana,3 wk ahead,percent,0,Bin,2.8,2.9
Louisiana,3 wk ahead,percent,0,Bin,2.9,3.0
Louisiana,3 wk ahead,percent,0,Bin,3.0,3.1
Louisiana,3 wk ahead,percent,0,Bin,3.1,3.2
Louisiana,3 wk ahead,percent,0.002,Bin,3.2,3.3
Louisiana,3 wk ahead,percent,0,Bin,3.3,3.4
Louisiana,3 wk ahead,percent,0,Bin,3.4,3.5
Louisiana,3 wk ahead,percent,0,Bin,3.5,3.6
Louisiana,3 wk ahead,percent,0.002,Bin,3.6,3.7
Louisiana,3 wk ahead,percent,0,Bin,3.7,3.8
Louisiana,3 wk ahead,percent,0,Bin,3.8,3.9
Louisiana,3 wk ahead,percent,0.002,Bin,3.9,4.0
Louisiana,3 wk ahead,percent,0.006,Bin,4.0,4.1
Louisiana,3 wk ahead,percent,0.008,Bin,4.1,4.2
Louisiana,3 wk ahead,percent,0.018,Bin,4.2,4.3
Louisiana,3 wk ahead,percent,0.01,Bin,4.3,4.4
Louisiana,3 wk ahead,percent,0.01,Bin,4.4,4.5
Louisiana,3 wk ahead,percent,0.012,Bin,4.5,4.6
Louisiana,3 wk ahead,percent,0.02,Bin,4.6,4.7
Louisiana,3 wk ahead,percent,0.03,Bin,4.7,4.8
Louisiana,3 wk ahead,percent,0.038,Bin,4.8,4.9
Louisiana,3 wk ahead,percent,0.046,Bin,4.9,5.0
Louisiana,3 wk ahead,percent,0.024,Bin,5.0,5.1
Louisiana,3 wk ahead,percent,0.03,Bin,5.1,5.2
Louisiana,3 wk ahead,percent,0.044,Bin,5.2,5.3
Louisiana,3 wk ahead,percent,0.028,Bin,5.3,5.4
Louisiana,3 wk ahead,percent,0.048,Bin,5.4,5.5
Louisiana,3 wk ahead,percent,0.05,Bin,5.5,5.6
Louisiana,3 wk ahead,percent,0.012,Bin,5.6,5.7
Louisiana,3 wk ahead,percent,0.042,Bin,5.7,5.8
Louisiana,3 wk ahead,percent,0.038,Bin,5.8,5.9
Louisiana,3 wk ahead,percent,0.024,Bin,5.9,6.0
Louisiana,3 wk ahead,percent,0.046,Bin,6.0,6.1
Louisiana,3 wk ahead,percent,0.038,Bin,6.1,6.2
Louisiana,3 wk ahead,percent,0.046,Bin,6.2,6.3
Louisiana,3 wk ahead,percent,0.048,Bin,6.3,6.4
Louisiana,3 wk ahead,percent,0.032,Bin,6.4,6.5
Louisiana,3 wk ahead,percent,0.022,Bin,6.5,6.6
Louisiana,3 wk ahead,percent,0.046,Bin,6.6,6.7
Louisiana,3 wk ahead,percent,0.02,Bin,6.7,6.8
Louisiana,3 wk ahead,percent,0.012,Bin,6.8,6.9
Louisiana,3 wk ahead,percent,0.02,Bin,6.9,7.0
Louisiana,3 wk ahead,percent,0.008,Bin,7.0,7.1
Louisiana,3 wk ahead,percent,0.024,Bin,7.1,7.2
Louisiana,3 wk ahead,percent,0.008,Bin,7.2,7.3
Louisiana,3 wk ahead,percent,0.018,Bin,7.3,7.4
Louisiana,3 wk ahead,percent,0.01,Bin,7.4,7.5
Louisiana,3 wk ahead,percent,0.014,Bin,7.5,7.6
Louisiana,3 wk ahead,percent,0.014,Bin,7.6,7.7
Louisiana,3 wk ahead,percent,0.002,Bin,7.7,7.8
Louisiana,3 wk ahead,percent,0.008,Bin,7.8,7.9
Louisiana,3 wk ahead,percent,0.006,Bin,7.9,8.0
Louisiana,3 wk ahead,percent,0,Bin,8.0,8.1
Louisiana,3 wk ahead,percent,0.004,Bin,8.1,8.2
Louisiana,3 wk ahead,percent,0.004,Bin,8.2,8.3
Louisiana,3 wk ahead,percent,0,Bin,8.3,8.4
Louisiana,3 wk ahead,percent,0,Bin,8.4,8.5
Louisiana,3 wk ahead,percent,0,Bin,8.5,8.6
Louisiana,3 wk ahead,percent,0.002,Bin,8.6,8.7
Louisiana,3 wk ahead,percent,0,Bin,8.7,8.8
Louisiana,3 wk ahead,percent,0.002,Bin,8.8,8.9
Louisiana,3 wk ahead,percent,0.002,Bin,8.9,9.0
Louisiana,3 wk ahead,percent,0,Bin,9.0,9.1
Louisiana,3 wk ahead,percent,0,Bin,9.1,9.2
Louisiana,3 wk ahead,percent,0,Bin,9.2,9.3
Louisiana,3 wk ahead,percent,0,Bin,9.3,9.4
Louisiana,3 wk ahead,percent,0,Bin,9.4,9.5
Louisiana,3 wk ahead,percent,0,Bin,9.5,9.6
Louisiana,3 wk ahead,percent,0,Bin,9.6,9.7
Louisiana,3 wk ahead,percent,0,Bin,9.7,9.8
Louisiana,3 wk ahead,percent,0,Bin,9.8,9.9
Louisiana,3 wk ahead,percent,0,Bin,9.9,10.0
Louisiana,3 wk ahead,percent,0,Bin,10.0,10.1
Louisiana,3 wk ahead,percent,0,Bin,10.1,10.2
Louisiana,3 wk ahead,percent,0,Bin,10.2,10.3
Louisiana,3 wk ahead,percent,0,Bin,10.3,10.4
Louisiana,3 wk ahead,percent,0,Bin,10.4,10.5
Louisiana,3 wk ahead,percent,0,Bin,10.5,10.6
Louisiana,3 wk ahead,percent,0,Bin,10.6,10.7
Louisiana,3 wk ahead,percent,0,Bin,10.7,10.8
Louisiana,3 wk ahead,percent,0,Bin,10.8,10.9
Louisiana,3 wk ahead,percent,0,Bin,10.9,11.0
Louisiana,3 wk ahead,percent,0,Bin,11.0,11.1
Louisiana,3 wk ahead,percent,0,Bin,11.1,11.2
Louisiana,3 wk ahead,percent,0,Bin,11.2,11.3
Louisiana,3 wk ahead,percent,0,Bin,11.3,11.4
Louisiana,3 wk ahead,percent,0,Bin,11.4,11.5
Louisiana,3 wk ahead,percent,0,Bin,11.5,11.6
Louisiana,3 wk ahead,percent,0,Bin,11.6,11.7
Louisiana,3 wk ahead,percent,0,Bin,11.7,11.8
Louisiana,3 wk ahead,percent,0,Bin,11.8,11.9
Louisiana,3 wk ahead,percent,0,Bin,11.9,12.0
Louisiana,3 wk ahead,percent,0,Bin,12.0,12.1
Louisiana,3 wk ahead,percent,0,Bin,12.1,12.2
Louisiana,3 wk ahead,percent,0,Bin,12.2,12.3
Louisiana,3 wk ahead,percent,0,Bin,12.3,12.4
Louisiana,3 wk ahead,percent,0,Bin,12.4,12.5
Louisiana,3 wk ahead,percent,0,Bin,12.5,12.6
Louisiana,3 wk ahead,percent,0,Bin,12.6,12.7
Louisiana,3 wk ahead,percent,0,Bin,12.7,12.8
Louisiana,3 wk ahead,percent,0,Bin,12.8,12.9
Louisiana,3 wk ahead,percent,0,Bin,12.9,13.0
Louisiana,3 wk ahead,percent,0,Bin,13.0,100.0
Louisiana,4 wk ahead,percent,0,Bin,0.0,0.1
Louisiana,4 wk ahead,percent,0,Bin,0.1,0.2
Louisiana,4 wk ahead,percent,0,Bin,0.2,0.3
Louisiana,4 wk ahead,percent,0,Bin,0.3,0.4
Louisiana,4 wk ahead,percent,0,Bin,0.4,0.5
Louisiana,4 wk ahead,percent,0,Bin,0.5,0.6
Louisiana,4 wk ahead,percent,0,Bin,0.6,0.7
Louisiana,4 wk ahead,percent,0,Bin,0.7,0.8
Louisiana,4 wk ahead,percent,0,Bin,0.8,0.9
Louisiana,4 wk ahead,percent,0,Bin,0.9,1.0
Louisiana,4 wk ahead,percent,0,Bin,1.0,1.1
Louisiana,4 wk ahead,percent,0,Bin,1.1,1.2
Louisiana,4 wk ahead,percent,0,Bin,1.2,1.3
Louisiana,4 wk ahead,percent,0,Bin,1.3,1.4
Louisiana,4 wk ahead,percent,0,Bin,1.4,1.5
Louisiana,4 wk ahead,percent,0,Bin,1.5,1.6
Louisiana,4 wk ahead,percent,0,Bin,1.6,1.7
Louisiana,4 wk ahead,percent,0,Bin,1.7,1.8
Louisiana,4 wk ahead,percent,0,Bin,1.8,1.9
Louisiana,4 wk ahead,percent,0,Bin,1.9,2.0
Louisiana,4 wk ahead,percent,0,Bin,2.0,2.1
Louisiana,4 wk ahead,percent,0,Bin,2.1,2.2
Louisiana,4 wk ahead,percent,0,Bin,2.2,2.3
Louisiana,4 wk ahead,percent,0,Bin,2.3,2.4
Louisiana,4 wk ahead,percent,0,Bin,2.4,2.5
Louisiana,4 wk ahead,percent,0,Bin,2.5,2.6
Louisiana,4 wk ahead,percent,0,Bin,2.6,2.7
Louisiana,4 wk ahead,percent,0,Bin,2.7,2.8
Louisiana,4 wk ahead,percent,0,Bin,2.8,2.9
Louisiana,4 wk ahead,percent,0,Bin,2.9,3.0
Louisiana,4 wk ahead,percent,0,Bin,3.0,3.1
Louisiana,4 wk ahead,percent,0,Bin,3.1,3.2
Louisiana,4 wk ahead,percent,0,Bin,3.2,3.3
Louisiana,4 wk ahead,percent,0,Bin,3.3,3.4
Louisiana,4 wk ahead,percent,0,Bin,3.4,3.5
Louisiana,4 wk ahead,percent,0.002,Bin,3.5,3.6
Louisiana,4 wk ahead,percent,0,Bin,3.6,3.7
Louisiana,4 wk ahead,percent,0.004,Bin,3.7,3.8
Louisiana,4 wk ahead,percent,0,Bin,3.8,3.9
Louisiana,4 wk ahead,percent,0.002,Bin,3.9,4.0
Louisiana,4 wk ahead,percent,0.008,Bin,4.0,4.1
Louisiana,4 wk ahead,percent,0.002,Bin,4.1,4.2
Louisiana,4 wk ahead,percent,0.002,Bin,4.2,4.3
Louisiana,4 wk ahead,percent,0.014,Bin,4.3,4.4
Louisiana,4 wk ahead,percent,0.008,Bin,4.4,4.5
Louisiana,4 wk ahead,percent,0.006,Bin,4.5,4.6
Louisiana,4 wk ahead,percent,0.004,Bin,4.6,4.7
Louisiana,4 wk ahead,percent,0.012,Bin,4.7,4.8
Louisiana,4 wk ahead,percent,0.012,Bin,4.8,4.9
Louisiana,4 wk ahead,percent,0.026,Bin,4.9,5.0
Louisiana,4 wk ahead,percent,0.018,Bin,5.0,5.1
Louisiana,4 wk ahead,percent,0.016,Bin,5.1,5.2
Louisiana,4 wk ahead,percent,0.02,Bin,5.2,5.3
Louisiana,4 wk ahead,percent,0.044,Bin,5.3,5.4
Louisiana,4 wk ahead,percent,0.04,Bin,5.4,5.5
Louisiana,4 wk ahead,percent,0.026,Bin,5.5,5.6
Louisiana,4 wk ahead,percent,0.022,Bin,5.6,5.7
Louisiana,4 wk ahead,percent,0.02,Bin,5.7,5.8
Louisiana,4 wk ahead,percent,0.026,Bin,5.8,5.9
Louisiana,4 wk ahead,percent,0.026,Bin,5.9,6.0
Louisiana,4 wk ahead,percent,0.026,Bin,6.0,6.1
Louisiana,4 wk ahead,percent,0.04,Bin,6.1,6.2
Louisiana,4 wk ahead,percent,0.024,Bin,6.2,6.3
Louisiana,4 wk ahead,percent,0.028,Bin,6.3,6.4
Louisiana,4 wk ahead,percent,0.036,Bin,6.4,6.5
Louisiana,4 wk ahead,percent,0.034,Bin,6.5,6.6
Louisiana,4 wk ahead,percent,0.026,Bin,6.6,6.7
Louisiana,4 wk ahead,percent,0.028,Bin,6.7,6.8
Louisiana,4 wk ahead,percent,0.028,Bin,6.8,6.9
Louisiana,4 wk ahead,percent,0.03,Bin,6.9,7.0
Louisiana,4 wk ahead,percent,0.024,Bin,7.0,7.1
Louisiana,4 wk ahead,percent,0.018,Bin,7.1,7.2
Louisiana,4 wk ahead,percent,0.024,Bin,7.2,7.3
Louisiana,4 wk ahead,percent,0.04,Bin,7.3,7.4
Louisiana,4 wk ahead,percent,0.026,Bin,7.4,7.5
Louisiana,4 wk ahead,percent,0.024,Bin,7.5,7.6
Louisiana,4 wk ahead,percent,0.006,Bin,7.6,7.7
Louisiana,4 wk ahead,percent,0.02,Bin,7.7,7.8
Louisiana,4 wk ahead,percent,0.016,Bin,7.8,7.9
Louisiana,4 wk ahead,percent,0.02,Bin,7.9,8.0
Louisiana,4 wk ahead,percent,0.024,Bin,8.0,8.1
Louisiana,4 wk ahead,percent,0.008,Bin,8.1,8.2
Louisiana,4 wk ahead,percent,0.012,Bin,8.2,8.3
Louisiana,4 wk ahead,percent,0.012,Bin,8.3,8.4
Louisiana,4 wk ahead,percent,0.01,Bin,8.4,8.5
Louisiana,4 wk ahead,percent,0.002,Bin,8.5,8.6
Louisiana,4 wk ahead,percent,0.004,Bin,8.6,8.7
Louisiana,4 wk ahead,percent,0.004,Bin,8.7,8.8
Louisiana,4 wk ahead,percent,0.006,Bin,8.8,8.9
Louisiana,4 wk ahead,percent,0.002,Bin,8.9,9.0
Louisiana,4 wk ahead,percent,0.004,Bin,9.0,9.1
Louisiana,4 wk ahead,percent,0.004,Bin,9.1,9.2
Louisiana,4 wk ahead,percent,0.002,Bin,9.2,9.3
Louisiana,4 wk ahead,percent,0.002,Bin,9.3,9.4
Louisiana,4 wk ahead,percent,0.006,Bin,9.4,9.5
Louisiana,4 wk ahead,percent,0.002,Bin,9.5,9.6
Louisiana,4 wk ahead,percent,0,Bin,9.6,9.7
Louisiana,4 wk ahead,percent,0,Bin,9.7,9.8
Louisiana,4 wk ahead,percent,0.004,Bin,9.8,9.9
Louisiana,4 wk ahead,percent,0.006,Bin,9.9,10.0
Louisiana,4 wk ahead,percent,0.004,Bin,10.0,10.1
Louisiana,4 wk ahead,percent,0,Bin,10.1,10.2
Louisiana,4 wk ahead,percent,0,Bin,10.2,10.3
Louisiana,4 wk ahead,percent,0.002,Bin,10.3,10.4
Louisiana,4 wk ahead,percent,0,Bin,10.4,10.5
Louisiana,4 wk ahead,percent,0,Bin,10.5,10.6
Louisiana,4 wk ahead,percent,0,Bin,10.6,10.7
Louisiana,4 wk ahead,percent,0,Bin,10.7,10.8
Louisiana,4 wk ahead,percent,0,Bin,10.8,10.9
Louisiana,4 wk ahead,percent,0,Bin,10.9,11.0
Louisiana,4 wk ahead,percent,0,Bin,11.0,11.1
Louisiana,4 wk ahead,percent,0,Bin,11.1,11.2
Louisiana,4 wk ahead,percent,0,Bin,11.2,11.3
Louisiana,4 wk ahead,percent,0,Bin,11.3,11.4
Louisiana,4 wk ahead,percent,0,Bin,11.4,11.5
Louisiana,4 wk ahead,percent,0,Bin,11.5,11.6
Louisiana,4 wk ahead,percent,0.002,Bin,11.6,11.7
Louisiana,4 wk ahead,percent,0,Bin,11.7,11.8
Louisiana,4 wk ahead,percent,0,Bin,11.8,11.9
Louisiana,4 wk ahead,percent,0,Bin,11.9,12.0
Louisiana,4 wk ahead,percent,0,Bin,12.0,12.1
Louisiana,4 wk ahead,percent,0,Bin,12.1,12.2
Louisiana,4 wk ahead,percent,0,Bin,12.2,12.3
Louisiana,4 wk ahead,percent,0,Bin,12.3,12.4
Louisiana,4 wk ahead,percent,0,Bin,12.4,12.5
Louisiana,4 wk ahead,percent,0,Bin,12.5,12.6
Louisiana,4 wk ahead,percent,0,Bin,12.6,12.7
Louisiana,4 wk ahead,percent,0,Bin,12.7,12.8
Louisiana,4 wk ahead,percent,0,Bin,12.8,12.9
Louisiana,4 wk ahead,percent,0,Bin,12.9,13.0
Louisiana,4 wk ahead,percent,0,Bin,13.0,100.0
Louisiana,Season peak percentage,percent,0,Bin,0.0,0.1
Louisiana,Season peak percentage,percent,0,Bin,0.1,0.2
Louisiana,Season peak percentage,percent,0,Bin,0.2,0.3
Louisiana,Season peak percentage,percent,0,Bin,0.3,0.4
Louisiana,Season peak percentage,percent,0,Bin,0.4,0.5
Louisiana,Season peak percentage,percent,0,Bin,0.5,0.6
Louisiana,Season peak percentage,percent,0,Bin,0.6,0.7
Louisiana,Season peak percentage,percent,0,Bin,0.7,0.8
Louisiana,Season peak percentage,percent,0,Bin,0.8,0.9
Louisiana,Season peak percentage,percent,0,Bin,0.9,1.0
Louisiana,Season peak percentage,percent,0,Bin,1.0,1.1
Louisiana,Season peak percentage,percent,0,Bin,1.1,1.2
Louisiana,Season peak percentage,percent,0,Bin,1.2,1.3
Louisiana,Season peak percentage,percent,0,Bin,1.3,1.4
Louisiana,Season peak percentage,percent,0,Bin,1.4,1.5
Louisiana,Season peak percentage,percent,0,Bin,1.5,1.6
Louisiana,Season peak percentage,percent,0,Bin,1.6,1.7
Louisiana,Season peak percentage,percent,0,Bin,1.7,1.8
Louisiana,Season peak percentage,percent,0,Bin,1.8,1.9
Louisiana,Season peak percentage,percent,0,Bin,1.9,2.0
Louisiana,Season peak percentage,percent,0,Bin,2.0,2.1
Louisiana,Season peak percentage,percent,0,Bin,2.1,2.2
Louisiana,Season peak percentage,percent,0,Bin,2.2,2.3
Louisiana,Season peak percentage,percent,0,Bin,2.3,2.4
Louisiana,Season peak percentage,percent,0,Bin,2.4,2.5
Louisiana,Season peak percentage,percent,0,Bin,2.5,2.6
Louisiana,Season peak percentage,percent,0,Bin,2.6,2.7
Louisiana,Season peak percentage,percent,0,Bin,2.7,2.8
Louisiana,Season peak percentage,percent,0,Bin,2.8,2.9
Louisiana,Season peak percentage,percent,0,Bin,2.9,3.0
Louisiana,Season peak percentage,percent,0,Bin,3.0,3.1
Louisiana,Season peak percentage,percent,0,Bin,3.1,3.2
Louisiana,Season peak percentage,percent,0,Bin,3.2,3.3
Louisiana,Season peak percentage,percent,0,Bin,3.3,3.4
Louisiana,Season peak percentage,percent,0,Bin,3.4,3.5
Louisiana,Season peak percentage,percent,0,Bin,3.5,3.6
Louisiana,Season peak percentage,percent,0,Bin,3.6,3.7
Louisiana,Season peak percentage,percent,0,Bin,3.7,3.8
Louisiana,Season peak percentage,percent,0,Bin,3.8,3.9
Louisiana,Season peak percentage,percent,0,Bin,3.9,4.0
Louisiana,Season peak percentage,percent,0,Bin,4.0,4.1
Louisiana,Season peak percentage,percent,0,Bin,4.1,4.2
Louisiana,Season peak percentage,percent,0,Bin,4.2,4.3
Louisiana,Season peak percentage,percent,0,Bin,4.3,4.4
Louisiana,Season peak percentage,percent,0,Bin,4.4,4.5
Louisiana,Season peak percentage,percent,0,Bin,4.5,4.6
Louisiana,Season peak percentage,percent,0,Bin,4.6,4.7
Louisiana,Season peak percentage,percent,0,Bin,4.7,4.8
Louisiana,Season peak percentage,percent,0,Bin,4.8,4.9
Louisiana,Season peak percentage,percent,0,Bin,4.9,5.0
Louisiana,Season peak percentage,percent,0,Bin,5.0,5.1
Louisiana,Season peak percentage,percent,0,Bin,5.1,5.2
Louisiana,Season peak percentage,percent,0.042,Bin,5.2,5.3
Louisiana,Season peak percentage,percent,0.006,Bin,5.3,5.4
Louisiana,Season peak percentage,percent,0.012,Bin,5.4,5.5
Louisiana,Season peak percentage,percent,0.012,Bin,5.5,5.6
Louisiana,Season peak percentage,percent,0.012,Bin,5.6,5.7
Louisiana,Season peak percentage,percent,0.018,Bin,5.7,5.8
Louisiana,Season peak percentage,percent,0.016,Bin,5.8,5.9
Louisiana,Season peak percentage,percent,0.02,Bin,5.9,6.0
Louisiana,Season peak percentage,percent,0.018,Bin,6.0,6.1
Louisiana,Season peak percentage,percent,0.01,Bin,6.1,6.2
Louisiana,Season peak percentage,percent,0.016,Bin,6.2,6.3
Louisiana,Season peak percentage,percent,0.024,Bin,6.3,6.4
Louisiana,Season peak percentage,percent,0.02,Bin,6.4,6.5
Louisiana,Season peak percentage,percent,0.028,Bin,6.5,6.6
Louisiana,Season peak percentage,percent,0.02,Bin,6.6,6.7
Louisiana,Season peak percentage,percent,0.016,Bin,6.7,6.8
Louisiana,Season peak percentage,percent,0.024,Bin,6.8,6.9
Louisiana,Season peak percentage,percent,0.016,Bin,6.9,7.0
Louisiana,Season peak percentage,percent,0.02,Bin,7.0,7.1
Louisiana,Season peak percentage,percent,0.024,Bin,7.1,7.2
Louisiana,Season peak percentage,percent,0.02,Bin,7.2,7.3
Louisiana,Season peak percentage,percent,0.016,Bin,7.3,7.4
Louisiana,Season peak percentage,percent,0.02,Bin,7.4,7.5
Louisiana,Season peak percentage,percent,0.03,Bin,7.5,7.6
Louisiana,Season peak percentage,percent,0.03,Bin,7.6,7.7
Louisiana,Season peak percentage,percent,0.03,Bin,7.7,7.8
Louisiana,Season peak percentage,percent,0.024,Bin,7.8,7.9
Louisiana,Season peak percentage,percent,0.014,Bin,7.9,8.0
Louisiana,Season peak percentage,percent,0.016,Bin,8.0,8.1
Louisiana,Season peak percentage,percent,0.016,Bin,8.1,8.2
Louisiana,Season peak percentage,percent,0.016,Bin,8.2,8.3
Louisiana,Season peak percentage,percent,0.014,Bin,8.3,8.4
Louisiana,Season peak percentage,percent,0.016,Bin,8.4,8.5
Louisiana,Season peak percentage,percent,0.022,Bin,8.5,8.6
Louisiana,Season peak percentage,percent,0.014,Bin,8.6,8.7
Louisiana,Season peak percentage,percent,0.008,Bin,8.7,8.8
Louisiana,Season peak percentage,percent,0.016,Bin,8.8,8.9
Louisiana,Season peak percentage,percent,0.018,Bin,8.9,9.0
Louisiana,Season peak percentage,percent,0.018,Bin,9.0,9.1
Louisiana,Season peak percentage,percent,0.016,Bin,9.1,9.2
Louisiana,Season peak percentage,percent,0.02,Bin,9.2,9.3
Louisiana,Season peak percentage,percent,0.008,Bin,9.3,9.4
Louisiana,Season peak percentage,percent,0.016,Bin,9.4,9.5
Louisiana,Season peak percentage,percent,0.01,Bin,9.5,9.6
Louisiana,Season peak percentage,percent,0.008,Bin,9.6,9.7
Louisiana,Season peak percentage,percent,0.012,Bin,9.7,9.8
Louisiana,Season peak percentage,percent,0.02,Bin,9.8,9.9
Louisiana,Season peak percentage,percent,0,Bin,9.9,10.0
Louisiana,Season peak percentage,percent,0.006,Bin,10.0,10.1
Louisiana,Season peak percentage,percent,0.01,Bin,10.1,10.2
Louisiana,Season peak percentage,percent,0.012,Bin,10.2,10.3
Louisiana,Season peak percentage,percent,0.006,Bin,10.3,10.4
Louisiana,Season peak percentage,percent,0.002,Bin,10.4,10.5
Louisiana,Season peak percentage,percent,0.004,Bin,10.5,10.6
Louisiana,Season peak percentage,percent,0,Bin,10.6,10.7
Louisiana,Season peak percentage,percent,0.006,Bin,10.7,10.8
Louisiana,Season peak percentage,percent,0.004,Bin,10.8,10.9
Louisiana,Season peak percentage,percent,0.006,Bin,10.9,11.0
Louisiana,Season peak percentage,percent,0.006,Bin,11.0,11.1
Louisiana,Season peak percentage,percent,0.006,Bin,11.1,11.2
Louisiana,Season peak percentage,percent,0.002,Bin,11.2,11.3
Louisiana,Season peak percentage,percent,0.006,Bin,11.3,11.4
Louisiana,Season peak percentage,percent,0.004,Bin,11.4,11.5
Louisiana,Season peak percentage,percent,0.006,Bin,11.5,11.6
Louisiana,Season peak percentage,percent,0.004,Bin,11.6,11.7
Louisiana,Season peak percentage,percent,0.006,Bin,11.7,11.8
Louisiana,Season peak percentage,percent,0.004,Bin,11.8,11.9
Louisiana,Season peak percentage,percent,0.004,Bin,11.9,12.0
Louisiana,Season peak percentage,percent,0.008,Bin,12.0,12.1
Louisiana,Season peak percentage,percent,0.006,Bin,12.1,12.2
Louisiana,Season peak percentage,percent,0.006,Bin,12.2,12.3
Louisiana,Season peak percentage,percent,0.006,Bin,12.3,12.4
Louisiana,Season peak percentage,percent,0.002,Bin,12.4,12.5
Louisiana,Season peak percentage,percent,0.002,Bin,12.5,12.6
Louisiana,Season peak percentage,percent,0,Bin,12.6,12.7
Louisiana,Season peak percentage,percent,0,Bin,12.7,12.8
Louisiana,Season peak percentage,percent,0.006,Bin,12.8,12.9
Louisiana,Season peak percentage,percent,0,Bin,12.9,13.0
Louisiana,Season peak percentage,percent,0.018,Bin,13.0,100.0
Louisiana,Season peak week,week,0,Bin,40.0,41.0
Louisiana,Season peak week,week,0,Bin,41.0,42.0
Louisiana,Season peak week,week,0,Bin,42.0,43.0
Louisiana,Season peak week,week,0,Bin,43.0,44.0
Louisiana,Season peak week,week,0,Bin,44.0,45.0
Louisiana,Season peak week,week,0,Bin,45.0,46.0
Louisiana,Season peak week,week,0,Bin,46.0,47.0
Louisiana,Season peak week,week,0,Bin,47.0,48.0
Louisiana,Season peak week,week,0,Bin,48.0,49.0
Louisiana,Season peak week,week,0.0364583333333333,Bin,49.0,50.0
Louisiana,Season peak week,week,0.0329861111111111,Bin,50.0,51.0
Louisiana,Season peak week,week,0.00173611111111111,Bin,51.0,52.0
Louisiana,Season peak week,week,0.0173611111111111,Bin,52.0,53.0
Louisiana,Season peak week,week,0.102430555555556,Bin,1.0,2.0
Louisiana,Season peak week,week,0.112847222222222,Bin,2.0,3.0
Louisiana,Season peak week,week,0.0399305555555556,Bin,3.0,4.0
Louisiana,Season peak week,week,0.0208333333333333,Bin,4.0,5.0
Louisiana,Season peak week,week,0.0729166666666667,Bin,5.0,6.0
Louisiana,Season peak week,week,0.258680555555556,Bin,6.0,7.0
Louisiana,Season peak week,week,0.170138888888889,Bin,7.0,8.0
Louisiana,Season peak week,week,0.0451388888888889,Bin,8.0,9.0
Louisiana,Season peak week,week,0.0208333333333333,Bin,9.0,10.0
Louisiana,Season peak week,week,0.0173611111111111,Bin,10.0,11.0
Louisiana,Season peak week,week,0.0225694444444444,Bin,11.0,12.0
Louisiana,Season peak week,week,0.00347222222222222,Bin,12.0,13.0
Louisiana,Season peak week,week,0.00694444444444444,Bin,13.0,14.0
Louisiana,Season peak week,week,0.00694444444444444,Bin,14.0,15.0
Louisiana,Season peak week,week,0.00347222222222222,Bin,15.0,16.0
Louisiana,Season peak week,week,0.00173611111111111,Bin,16.0,17.0
Louisiana,Season peak week,week,0.00347222222222222,Bin,17.0,18.0
Louisiana,Season peak week,week,0.00173611111111111,Bin,18.0,19.0
Louisiana,Season peak week,week,0,Bin,19.0,20.0
Louisiana,Season peak week,week,0,Bin,20.0,21.0
Maine,1 wk ahead,percent,0,Bin,0.0,0.1
Maine,1 wk ahead,percent,0,Bin,0.1,0.2
Maine,1 wk ahead,percent,0.012,Bin,0.2,0.3
Maine,1 wk ahead,percent,0,Bin,0.3,0.4
Maine,1 wk ahead,percent,0.008,Bin,0.4,0.5
Maine,1 wk ahead,percent,0.032,Bin,0.5,0.6
Maine,1 wk ahead,percent,0.036,Bin,0.6,0.7
Maine,1 wk ahead,percent,0.088,Bin,0.7,0.8
Maine,1 wk ahead,percent,0.168,Bin,0.8,0.9
Maine,1 wk ahead,percent,0.124,Bin,0.9,1.0
Maine,1 wk ahead,percent,0.158,Bin,1.0,1.1
Maine,1 wk ahead,percent,0.09,Bin,1.1,1.2
Maine,1 wk ahead,percent,0.098,Bin,1.2,1.3
Maine,1 wk ahead,percent,0.064,Bin,1.3,1.4
Maine,1 wk ahead,percent,0.044,Bin,1.4,1.5
Maine,1 wk ahead,percent,0.038,Bin,1.5,1.6
Maine,1 wk ahead,percent,0.014,Bin,1.6,1.7
Maine,1 wk ahead,percent,0.008,Bin,1.7,1.8
Maine,1 wk ahead,percent,0.004,Bin,1.8,1.9
Maine,1 wk ahead,percent,0.01,Bin,1.9,2.0
Maine,1 wk ahead,percent,0,Bin,2.0,2.1
Maine,1 wk ahead,percent,0,Bin,2.1,2.2
Maine,1 wk ahead,percent,0,Bin,2.2,2.3
Maine,1 wk ahead,percent,0,Bin,2.3,2.4
Maine,1 wk ahead,percent,0,Bin,2.4,2.5
Maine,1 wk ahead,percent,0.002,Bin,2.5,2.6
Maine,1 wk ahead,percent,0,Bin,2.6,2.7
Maine,1 wk ahead,percent,0,Bin,2.7,2.8
Maine,1 wk ahead,percent,0.002,Bin,2.8,2.9
Maine,1 wk ahead,percent,0,Bin,2.9,3.0
Maine,1 wk ahead,percent,0,Bin,3.0,3.1
Maine,1 wk ahead,percent,0,Bin,3.1,3.2
Maine,1 wk ahead,percent,0,Bin,3.2,3.3
Maine,1 wk ahead,percent,0,Bin,3.3,3.4
Maine,1 wk ahead,percent,0,Bin,3.4,3.5
Maine,1 wk ahead,percent,0,Bin,3.5,3.6
Maine,1 wk ahead,percent,0,Bin,3.6,3.7
Maine,1 wk ahead,percent,0,Bin,3.7,3.8
Maine,1 wk ahead,percent,0,Bin,3.8,3.9
Maine,1 wk ahead,percent,0,Bin,3.9,4.0
Maine,1 wk ahead,percent,0,Bin,4.0,4.1
Maine,1 wk ahead,percent,0,Bin,4.1,4.2
Maine,1 wk ahead,percent,0,Bin,4.2,4.3
Maine,1 wk ahead,percent,0,Bin,4.3,4.4
Maine,1 wk ahead,percent,0,Bin,4.4,4.5
Maine,1 wk ahead,percent,0,Bin,4.5,4.6
Maine,1 wk ahead,percent,0,Bin,4.6,4.7
Maine,1 wk ahead,percent,0,Bin,4.7,4.8
Maine,1 wk ahead,percent,0,Bin,4.8,4.9
Maine,1 wk ahead,percent,0,Bin,4.9,5.0
Maine,1 wk ahead,percent,0,Bin,5.0,5.1
Maine,1 wk ahead,percent,0,Bin,5.1,5.2
Maine,1 wk ahead,percent,0,Bin,5.2,5.3
Maine,1 wk ahead,percent,0,Bin,5.3,5.4
Maine,1 wk ahead,percent,0,Bin,5.4,5.5
Maine,1 wk ahead,percent,0,Bin,5.5,5.6
Maine,1 wk ahead,percent,0,Bin,5.6,5.7
Maine,1 wk ahead,percent,0,Bin,5.7,5.8
Maine,1 wk ahead,percent,0,Bin,5.8,5.9
Maine,1 wk ahead,percent,0,Bin,5.9,6.0
Maine,1 wk ahead,percent,0,Bin,6.0,6.1
Maine,1 wk ahead,percent,0,Bin,6.1,6.2
Maine,1 wk ahead,percent,0,Bin,6.2,6.3
Maine,1 wk ahead,percent,0,Bin,6.3,6.4
Maine,1 wk ahead,percent,0,Bin,6.4,6.5
Maine,1 wk ahead,percent,0,Bin,6.5,6.6
Maine,1 wk ahead,percent,0,Bin,6.6,6.7
Maine,1 wk ahead,percent,0,Bin,6.7,6.8
Maine,1 wk ahead,percent,0,Bin,6.8,6.9
Maine,1 wk ahead,percent,0,Bin,6.9,7.0
Maine,1 wk ahead,percent,0,Bin,7.0,7.1
Maine,1 wk ahead,percent,0,Bin,7.1,7.2
Maine,1 wk ahead,percent,0,Bin,7.2,7.3
Maine,1 wk ahead,percent,0,Bin,7.3,7.4
Maine,1 wk ahead,percent,0,Bin,7.4,7.5
Maine,1 wk ahead,percent,0,Bin,7.5,7.6
Maine,1 wk ahead,percent,0,Bin,7.6,7.7
Maine,1 wk ahead,percent,0,Bin,7.7,7.8
Maine,1 wk ahead,percent,0,Bin,7.8,7.9
Maine,1 wk ahead,percent,0,Bin,7.9,8.0
Maine,1 wk ahead,percent,0,Bin,8.0,8.1
Maine,1 wk ahead,percent,0,Bin,8.1,8.2
Maine,1 wk ahead,percent,0,Bin,8.2,8.3
Maine,1 wk ahead,percent,0,Bin,8.3,8.4
Maine,1 wk ahead,percent,0,Bin,8.4,8.5
Maine,1 wk ahead,percent,0,Bin,8.5,8.6
Maine,1 wk ahead,percent,0,Bin,8.6,8.7
Maine,1 wk ahead,percent,0,Bin,8.7,8.8
Maine,1 wk ahead,percent,0,Bin,8.8,8.9
Maine,1 wk ahead,percent,0,Bin,8.9,9.0
Maine,1 wk ahead,percent,0,Bin,9.0,9.1
Maine,1 wk ahead,percent,0,Bin,9.1,9.2
Maine,1 wk ahead,percent,0,Bin,9.2,9.3
Maine,1 wk ahead,percent,0,Bin,9.3,9.4
Maine,1 wk ahead,percent,0,Bin,9.4,9.5
Maine,1 wk ahead,percent,0,Bin,9.5,9.6
Maine,1 wk ahead,percent,0,Bin,9.6,9.7
Maine,1 wk ahead,percent,0,Bin,9.7,9.8
Maine,1 wk ahead,percent,0,Bin,9.8,9.9
Maine,1 wk ahead,percent,0,Bin,9.9,10.0
Maine,1 wk ahead,percent,0,Bin,10.0,10.1
Maine,1 wk ahead,percent,0,Bin,10.1,10.2
Maine,1 wk ahead,percent,0,Bin,10.2,10.3
Maine,1 wk ahead,percent,0,Bin,10.3,10.4
Maine,1 wk ahead,percent,0,Bin,10.4,10.5
Maine,1 wk ahead,percent,0,Bin,10.5,10.6
Maine,1 wk ahead,percent,0,Bin,10.6,10.7
Maine,1 wk ahead,percent,0,Bin,10.7,10.8
Maine,1 wk ahead,percent,0,Bin,10.8,10.9
Maine,1 wk ahead,percent,0,Bin,10.9,11.0
Maine,1 wk ahead,percent,0,Bin,11.0,11.1
Maine,1 wk ahead,percent,0,Bin,11.1,11.2
Maine,1 wk ahead,percent,0,Bin,11.2,11.3
Maine,1 wk ahead,percent,0,Bin,11.3,11.4
Maine,1 wk ahead,percent,0,Bin,11.4,11.5
Maine,1 wk ahead,percent,0,Bin,11.5,11.6
Maine,1 wk ahead,percent,0,Bin,11.6,11.7
Maine,1 wk ahead,percent,0,Bin,11.7,11.8
Maine,1 wk ahead,percent,0,Bin,11.8,11.9
Maine,1 wk ahead,percent,0,Bin,11.9,12.0
Maine,1 wk ahead,percent,0,Bin,12.0,12.1
Maine,1 wk ahead,percent,0,Bin,12.1,12.2
Maine,1 wk ahead,percent,0,Bin,12.2,12.3
Maine,1 wk ahead,percent,0,Bin,12.3,12.4
Maine,1 wk ahead,percent,0,Bin,12.4,12.5
Maine,1 wk ahead,percent,0,Bin,12.5,12.6
Maine,1 wk ahead,percent,0,Bin,12.6,12.7
Maine,1 wk ahead,percent,0,Bin,12.7,12.8
Maine,1 wk ahead,percent,0,Bin,12.8,12.9
Maine,1 wk ahead,percent,0,Bin,12.9,13.0
Maine,1 wk ahead,percent,0,Bin,13.0,100.0
Maine,2 wk ahead,percent,0,Bin,0.0,0.1
Maine,2 wk ahead,percent,0,Bin,0.1,0.2
Maine,2 wk ahead,percent,0,Bin,0.2,0.3
Maine,2 wk ahead,percent,0.008,Bin,0.3,0.4
Maine,2 wk ahead,percent,0.016,Bin,0.4,0.5
Maine,2 wk ahead,percent,0.028,Bin,0.5,0.6
Maine,2 wk ahead,percent,0.064,Bin,0.6,0.7
Maine,2 wk ahead,percent,0.1,Bin,0.7,0.8
Maine,2 wk ahead,percent,0.122,Bin,0.8,0.9
Maine,2 wk ahead,percent,0.102,Bin,0.9,1.0
Maine,2 wk ahead,percent,0.106,Bin,1.0,1.1
Maine,2 wk ahead,percent,0.12,Bin,1.1,1.2
Maine,2 wk ahead,percent,0.07,Bin,1.2,1.3
Maine,2 wk ahead,percent,0.08,Bin,1.3,1.4
Maine,2 wk ahead,percent,0.052,Bin,1.4,1.5
Maine,2 wk ahead,percent,0.036,Bin,1.5,1.6
Maine,2 wk ahead,percent,0.022,Bin,1.6,1.7
Maine,2 wk ahead,percent,0.02,Bin,1.7,1.8
Maine,2 wk ahead,percent,0.006,Bin,1.8,1.9
Maine,2 wk ahead,percent,0.014,Bin,1.9,2.0
Maine,2 wk ahead,percent,0.002,Bin,2.0,2.1
Maine,2 wk ahead,percent,0.006,Bin,2.1,2.2
Maine,2 wk ahead,percent,0.006,Bin,2.2,2.3
Maine,2 wk ahead,percent,0.004,Bin,2.3,2.4
Maine,2 wk ahead,percent,0.002,Bin,2.4,2.5
Maine,2 wk ahead,percent,0.002,Bin,2.5,2.6
Maine,2 wk ahead,percent,0.004,Bin,2.6,2.7
Maine,2 wk ahead,percent,0,Bin,2.7,2.8
Maine,2 wk ahead,percent,0.006,Bin,2.8,2.9
Maine,2 wk ahead,percent,0,Bin,2.9,3.0
Maine,2 wk ahead,percent,0.002,Bin,3.0,3.1
Maine,2 wk ahead,percent,0,Bin,3.1,3.2
Maine,2 wk ahead,percent,0,Bin,3.2,3.3
Maine,2 wk ahead,percent,0,Bin,3.3,3.4
Maine,2 wk ahead,percent,0,Bin,3.4,3.5
Maine,2 wk ahead,percent,0,Bin,3.5,3.6
Maine,2 wk ahead,percent,0,Bin,3.6,3.7
Maine,2 wk ahead,percent,0,Bin,3.7,3.8
Maine,2 wk ahead,percent,0,Bin,3.8,3.9
Maine,2 wk ahead,percent,0,Bin,3.9,4.0
Maine,2 wk ahead,percent,0,Bin,4.0,4.1
Maine,2 wk ahead,percent,0,Bin,4.1,4.2
Maine,2 wk ahead,percent,0,Bin,4.2,4.3
Maine,2 wk ahead,percent,0,Bin,4.3,4.4
Maine,2 wk ahead,percent,0,Bin,4.4,4.5
Maine,2 wk ahead,percent,0,Bin,4.5,4.6
Maine,2 wk ahead,percent,0,Bin,4.6,4.7
Maine,2 wk ahead,percent,0,Bin,4.7,4.8
Maine,2 wk ahead,percent,0,Bin,4.8,4.9
Maine,2 wk ahead,percent,0,Bin,4.9,5.0
Maine,2 wk ahead,percent,0,Bin,5.0,5.1
Maine,2 wk ahead,percent,0,Bin,5.1,5.2
Maine,2 wk ahead,percent,0,Bin,5.2,5.3
Maine,2 wk ahead,percent,0,Bin,5.3,5.4
Maine,2 wk ahead,percent,0,Bin,5.4,5.5
Maine,2 wk ahead,percent,0,Bin,5.5,5.6
Maine,2 wk ahead,percent,0,Bin,5.6,5.7
Maine,2 wk ahead,percent,0,Bin,5.7,5.8
Maine,2 wk ahead,percent,0,Bin,5.8,5.9
Maine,2 wk ahead,percent,0,Bin,5.9,6.0
Maine,2 wk ahead,percent,0,Bin,6.0,6.1
Maine,2 wk ahead,percent,0,Bin,6.1,6.2
Maine,2 wk ahead,percent,0,Bin,6.2,6.3
Maine,2 wk ahead,percent,0,Bin,6.3,6.4
Maine,2 wk ahead,percent,0,Bin,6.4,6.5
Maine,2 wk ahead,percent,0,Bin,6.5,6.6
Maine,2 wk ahead,percent,0,Bin,6.6,6.7
Maine,2 wk ahead,percent,0,Bin,6.7,6.8
Maine,2 wk ahead,percent,0,Bin,6.8,6.9
Maine,2 wk ahead,percent,0,Bin,6.9,7.0
Maine,2 wk ahead,percent,0,Bin,7.0,7.1
Maine,2 wk ahead,percent,0,Bin,7.1,7.2
Maine,2 wk ahead,percent,0,Bin,7.2,7.3
Maine,2 wk ahead,percent,0,Bin,7.3,7.4
Maine,2 wk ahead,percent,0,Bin,7.4,7.5
Maine,2 wk ahead,percent,0,Bin,7.5,7.6
Maine,2 wk ahead,percent,0,Bin,7.6,7.7
Maine,2 wk ahead,percent,0,Bin,7.7,7.8
Maine,2 wk ahead,percent,0,Bin,7.8,7.9
Maine,2 wk ahead,percent,0,Bin,7.9,8.0
Maine,2 wk ahead,percent,0,Bin,8.0,8.1
Maine,2 wk ahead,percent,0,Bin,8.1,8.2
Maine,2 wk ahead,percent,0,Bin,8.2,8.3
Maine,2 wk ahead,percent,0,Bin,8.3,8.4
Maine,2 wk ahead,percent,0,Bin,8.4,8.5
Maine,2 wk ahead,percent,0,Bin,8.5,8.6
Maine,2 wk ahead,percent,0,Bin,8.6,8.7
Maine,2 wk ahead,percent,0,Bin,8.7,8.8
Maine,2 wk ahead,percent,0,Bin,8.8,8.9
Maine,2 wk ahead,percent,0,Bin,8.9,9.0
Maine,2 wk ahead,percent,0,Bin,9.0,9.1
Maine,2 wk ahead,percent,0,Bin,9.1,9.2
Maine,2 wk ahead,percent,0,Bin,9.2,9.3
Maine,2 wk ahead,percent,0,Bin,9.3,9.4
Maine,2 wk ahead,percent,0,Bin,9.4,9.5
Maine,2 wk ahead,percent,0,Bin,9.5,9.6
Maine,2 wk ahead,percent,0,Bin,9.6,9.7
Maine,2 wk ahead,percent,0,Bin,9.7,9.8
Maine,2 wk ahead,percent,0,Bin,9.8,9.9
Maine,2 wk ahead,percent,0,Bin,9.9,10.0
Maine,2 wk ahead,percent,0,Bin,10.0,10.1
Maine,2 wk ahead,percent,0,Bin,10.1,10.2
Maine,2 wk ahead,percent,0,Bin,10.2,10.3
Maine,2 wk ahead,percent,0,Bin,10.3,10.4
Maine,2 wk ahead,percent,0,Bin,10.4,10.5
Maine,2 wk ahead,percent,0,Bin,10.5,10.6
Maine,2 wk ahead,percent,0,Bin,10.6,10.7
Maine,2 wk ahead,percent,0,Bin,10.7,10.8
Maine,2 wk ahead,percent,0,Bin,10.8,10.9
Maine,2 wk ahead,percent,0,Bin,10.9,11.0
Maine,2 wk ahead,percent,0,Bin,11.0,11.1
Maine,2 wk ahead,percent,0,Bin,11.1,11.2
Maine,2 wk ahead,percent,0,Bin,11.2,11.3
Maine,2 wk ahead,percent,0,Bin,11.3,11.4
Maine,2 wk ahead,percent,0,Bin,11.4,11.5
Maine,2 wk ahead,percent,0,Bin,11.5,11.6
Maine,2 wk ahead,percent,0,Bin,11.6,11.7
Maine,2 wk ahead,percent,0,Bin,11.7,11.8
Maine,2 wk ahead,percent,0,Bin,11.8,11.9
Maine,2 wk ahead,percent,0,Bin,11.9,12.0
Maine,2 wk ahead,percent,0,Bin,12.0,12.1
Maine,2 wk ahead,percent,0,Bin,12.1,12.2
Maine,2 wk ahead,percent,0,Bin,12.2,12.3
Maine,2 wk ahead,percent,0,Bin,12.3,12.4
Maine,2 wk ahead,percent,0,Bin,12.4,12.5
Maine,2 wk ahead,percent,0,Bin,12.5,12.6
Maine,2 wk ahead,percent,0,Bin,12.6,12.7
Maine,2 wk ahead,percent,0,Bin,12.7,12.8
Maine,2 wk ahead,percent,0,Bin,12.8,12.9
Maine,2 wk ahead,percent,0,Bin,12.9,13.0
Maine,2 wk ahead,percent,0,Bin,13.0,100.0
Maine,3 wk ahead,percent,0,Bin,0.0,0.1
Maine,3 wk ahead,percent,0.002,Bin,0.1,0.2
Maine,3 wk ahead,percent,0.008,Bin,0.2,0.3
Maine,3 wk ahead,percent,0.002,Bin,0.3,0.4
Maine,3 wk ahead,percent,0.01,Bin,0.4,0.5
Maine,3 wk ahead,percent,0.012,Bin,0.5,0.6
Maine,3 wk ahead,percent,0.048,Bin,0.6,0.7
Maine,3 wk ahead,percent,0.074,Bin,0.7,0.8
Maine,3 wk ahead,percent,0.086,Bin,0.8,0.9
Maine,3 wk ahead,percent,0.096,Bin,0.9,1.0
Maine,3 wk ahead,percent,0.106,Bin,1.0,1.1
Maine,3 wk ahead,percent,0.11,Bin,1.1,1.2
Maine,3 wk ahead,percent,0.104,Bin,1.2,1.3
Maine,3 wk ahead,percent,0.072,Bin,1.3,1.4
Maine,3 wk ahead,percent,0.07,Bin,1.4,1.5
Maine,3 wk ahead,percent,0.03,Bin,1.5,1.6
Maine,3 wk ahead,percent,0.044,Bin,1.6,1.7
Maine,3 wk ahead,percent,0.034,Bin,1.7,1.8
Maine,3 wk ahead,percent,0.024,Bin,1.8,1.9
Maine,3 wk ahead,percent,0.014,Bin,1.9,2.0
Maine,3 wk ahead,percent,0.018,Bin,2.0,2.1
Maine,3 wk ahead,percent,0.004,Bin,2.1,2.2
Maine,3 wk ahead,percent,0.006,Bin,2.2,2.3
Maine,3 wk ahead,percent,0.01,Bin,2.3,2.4
Maine,3 wk ahead,percent,0.002,Bin,2.4,2.5
Maine,3 wk ahead,percent,0,Bin,2.5,2.6
Maine,3 wk ahead,percent,0.002,Bin,2.6,2.7
Maine,3 wk ahead,percent,0.002,Bin,2.7,2.8
Maine,3 wk ahead,percent,0.002,Bin,2.8,2.9
Maine,3 wk ahead,percent,0,Bin,2.9,3.0
Maine,3 wk ahead,percent,0,Bin,3.0,3.1
Maine,3 wk ahead,percent,0.004,Bin,3.1,3.2
Maine,3 wk ahead,percent,0.002,Bin,3.2,3.3
Maine,3 wk ahead,percent,0,Bin,3.3,3.4
Maine,3 wk ahead,percent,0,Bin,3.4,3.5
Maine,3 wk ahead,percent,0,Bin,3.5,3.6
Maine,3 wk ahead,percent,0,Bin,3.6,3.7
Maine,3 wk ahead,percent,0.002,Bin,3.7,3.8
Maine,3 wk ahead,percent,0,Bin,3.8,3.9
Maine,3 wk ahead,percent,0,Bin,3.9,4.0
Maine,3 wk ahead,percent,0,Bin,4.0,4.1
Maine,3 wk ahead,percent,0,Bin,4.1,4.2
Maine,3 wk ahead,percent,0,Bin,4.2,4.3
Maine,3 wk ahead,percent,0,Bin,4.3,4.4
Maine,3 wk ahead,percent,0,Bin,4.4,4.5
Maine,3 wk ahead,percent,0,Bin,4.5,4.6
Maine,3 wk ahead,percent,0,Bin,4.6,4.7
Maine,3 wk ahead,percent,0,Bin,4.7,4.8
Maine,3 wk ahead,percent,0,Bin,4.8,4.9
Maine,3 wk ahead,percent,0,Bin,4.9,5.0
Maine,3 wk ahead,percent,0,Bin,5.0,5.1
Maine,3 wk ahead,percent,0,Bin,5.1,5.2
Maine,3 wk ahead,percent,0,Bin,5.2,5.3
Maine,3 wk ahead,percent,0,Bin,5.3,5.4
Maine,3 wk ahead,percent,0,Bin,5.4,5.5
Maine,3 wk ahead,percent,0,Bin,5.5,5.6
Maine,3 wk ahead,percent,0,Bin,5.6,5.7
Maine,3 wk ahead,percent,0,Bin,5.7,5.8
Maine,3 wk ahead,percent,0,Bin,5.8,5.9
Maine,3 wk ahead,percent,0,Bin,5.9,6.0
Maine,3 wk ahead,percent,0,Bin,6.0,6.1
Maine,3 wk ahead,percent,0,Bin,6.1,6.2
Maine,3 wk ahead,percent,0,Bin,6.2,6.3
Maine,3 wk ahead,percent,0,Bin,6.3,6.4
Maine,3 wk ahead,percent,0,Bin,6.4,6.5
Maine,3 wk ahead,percent,0,Bin,6.5,6.6
Maine,3 wk ahead,percent,0,Bin,6.6,6.7
Maine,3 wk ahead,percent,0,Bin,6.7,6.8
Maine,3 wk ahead,percent,0,Bin,6.8,6.9
Maine,3 wk ahead,percent,0,Bin,6.9,7.0
Maine,3 wk ahead,percent,0,Bin,7.0,7.1
Maine,3 wk ahead,percent,0,Bin,7.1,7.2
Maine,3 wk ahead,percent,0,Bin,7.2,7.3
Maine,3 wk ahead,percent,0,Bin,7.3,7.4
Maine,3 wk ahead,percent,0,Bin,7.4,7.5
Maine,3 wk ahead,percent,0,Bin,7.5,7.6
Maine,3 wk ahead,percent,0,Bin,7.6,7.7
Maine,3 wk ahead,percent,0,Bin,7.7,7.8
Maine,3 wk ahead,percent,0,Bin,7.8,7.9
Maine,3 wk ahead,percent,0,Bin,7.9,8.0
Maine,3 wk ahead,percent,0,Bin,8.0,8.1
Maine,3 wk ahead,percent,0,Bin,8.1,8.2
Maine,3 wk ahead,percent,0,Bin,8.2,8.3
Maine,3 wk ahead,percent,0,Bin,8.3,8.4
Maine,3 wk ahead,percent,0,Bin,8.4,8.5
Maine,3 wk ahead,percent,0,Bin,8.5,8.6
Maine,3 wk ahead,percent,0,Bin,8.6,8.7
Maine,3 wk ahead,percent,0,Bin,8.7,8.8
Maine,3 wk ahead,percent,0,Bin,8.8,8.9
Maine,3 wk ahead,percent,0,Bin,8.9,9.0
Maine,3 wk ahead,percent,0,Bin,9.0,9.1
Maine,3 wk ahead,percent,0,Bin,9.1,9.2
Maine,3 wk ahead,percent,0,Bin,9.2,9.3
Maine,3 wk ahead,percent,0,Bin,9.3,9.4
Maine,3 wk ahead,percent,0,Bin,9.4,9.5
Maine,3 wk ahead,percent,0,Bin,9.5,9.6
Maine,3 wk ahead,percent,0,Bin,9.6,9.7
Maine,3 wk ahead,percent,0,Bin,9.7,9.8
Maine,3 wk ahead,percent,0,Bin,9.8,9.9
Maine,3 wk ahead,percent,0,Bin,9.9,10.0
Maine,3 wk ahead,percent,0,Bin,10.0,10.1
Maine,3 wk ahead,percent,0,Bin,10.1,10.2
Maine,3 wk ahead,percent,0,Bin,10.2,10.3
Maine,3 wk ahead,percent,0,Bin,10.3,10.4
Maine,3 wk ahead,percent,0,Bin,10.4,10.5
Maine,3 wk ahead,percent,0,Bin,10.5,10.6
Maine,3 wk ahead,percent,0,Bin,10.6,10.7
Maine,3 wk ahead,percent,0,Bin,10.7,10.8
Maine,3 wk ahead,percent,0,Bin,10.8,10.9
Maine,3 wk ahead,percent,0,Bin,10.9,11.0
Maine,3 wk ahead,percent,0,Bin,11.0,11.1
Maine,3 wk ahead,percent,0,Bin,11.1,11.2
Maine,3 wk ahead,percent,0,Bin,11.2,11.3
Maine,3 wk ahead,percent,0,Bin,11.3,11.4
Maine,3 wk ahead,percent,0,Bin,11.4,11.5
Maine,3 wk ahead,percent,0,Bin,11.5,11.6
Maine,3 wk ahead,percent,0,Bin,11.6,11.7
Maine,3 wk ahead,percent,0,Bin,11.7,11.8
Maine,3 wk ahead,percent,0,Bin,11.8,11.9
Maine,3 wk ahead,percent,0,Bin,11.9,12.0
Maine,3 wk ahead,percent,0,Bin,12.0,12.1
Maine,3 wk ahead,percent,0,Bin,12.1,12.2
Maine,3 wk ahead,percent,0,Bin,12.2,12.3
Maine,3 wk ahead,percent,0,Bin,12.3,12.4
Maine,3 wk ahead,percent,0,Bin,12.4,12.5
Maine,3 wk ahead,percent,0,Bin,12.5,12.6
Maine,3 wk ahead,percent,0,Bin,12.6,12.7
Maine,3 wk ahead,percent,0,Bin,12.7,12.8
Maine,3 wk ahead,percent,0,Bin,12.8,12.9
Maine,3 wk ahead,percent,0,Bin,12.9,13.0
Maine,3 wk ahead,percent,0,Bin,13.0,100.0
Maine,4 wk ahead,percent,0,Bin,0.0,0.1
Maine,4 wk ahead,percent,0,Bin,0.1,0.2
Maine,4 wk ahead,percent,0.006,Bin,0.2,0.3
Maine,4 wk ahead,percent,0.006,Bin,0.3,0.4
Maine,4 wk ahead,percent,0.012,Bin,0.4,0.5
Maine,4 wk ahead,percent,0.02,Bin,0.5,0.6
Maine,4 wk ahead,percent,0.03,Bin,0.6,0.7
Maine,4 wk ahead,percent,0.068,Bin,0.7,0.8
Maine,4 wk ahead,percent,0.098,Bin,0.8,0.9
Maine,4 wk ahead,percent,0.07,Bin,0.9,1.0
Maine,4 wk ahead,percent,0.092,Bin,1.0,1.1
Maine,4 wk ahead,percent,0.096,Bin,1.1,1.2
Maine,4 wk ahead,percent,0.09,Bin,1.2,1.3
Maine,4 wk ahead,percent,0.084,Bin,1.3,1.4
Maine,4 wk ahead,percent,0.068,Bin,1.4,1.5
Maine,4 wk ahead,percent,0.056,Bin,1.5,1.6
Maine,4 wk ahead,percent,0.062,Bin,1.6,1.7
Maine,4 wk ahead,percent,0.036,Bin,1.7,1.8
Maine,4 wk ahead,percent,0.02,Bin,1.8,1.9
Maine,4 wk ahead,percent,0.01,Bin,1.9,2.0
Maine,4 wk ahead,percent,0.024,Bin,2.0,2.1
Maine,4 wk ahead,percent,0.006,Bin,2.1,2.2
Maine,4 wk ahead,percent,0.014,Bin,2.2,2.3
Maine,4 wk ahead,percent,0.004,Bin,2.3,2.4
Maine,4 wk ahead,percent,0.006,Bin,2.4,2.5
Maine,4 wk ahead,percent,0.01,Bin,2.5,2.6
Maine,4 wk ahead,percent,0.004,Bin,2.6,2.7
Maine,4 wk ahead,percent,0.002,Bin,2.7,2.8
Maine,4 wk ahead,percent,0.002,Bin,2.8,2.9
Maine,4 wk ahead,percent,0,Bin,2.9,3.0
Maine,4 wk ahead,percent,0.002,Bin,3.0,3.1
Maine,4 wk ahead,percent,0,Bin,3.1,3.2
Maine,4 wk ahead,percent,0,Bin,3.2,3.3
Maine,4 wk ahead,percent,0,Bin,3.3,3.4
Maine,4 wk ahead,percent,0,Bin,3.4,3.5
Maine,4 wk ahead,percent,0,Bin,3.5,3.6
Maine,4 wk ahead,percent,0.002,Bin,3.6,3.7
Maine,4 wk ahead,percent,0,Bin,3.7,3.8
Maine,4 wk ahead,percent,0,Bin,3.8,3.9
Maine,4 wk ahead,percent,0,Bin,3.9,4.0
Maine,4 wk ahead,percent,0,Bin,4.0,4.1
Maine,4 wk ahead,percent,0,Bin,4.1,4.2
Maine,4 wk ahead,percent,0,Bin,4.2,4.3
Maine,4 wk ahead,percent,0,Bin,4.3,4.4
Maine,4 wk ahead,percent,0,Bin,4.4,4.5
Maine,4 wk ahead,percent,0,Bin,4.5,4.6
Maine,4 wk ahead,percent,0,Bin,4.6,4.7
Maine,4 wk ahead,percent,0,Bin,4.7,4.8
Maine,4 wk ahead,percent,0,Bin,4.8,4.9
Maine,4 wk ahead,percent,0,Bin,4.9,5.0
Maine,4 wk ahead,percent,0,Bin,5.0,5.1
Maine,4 wk ahead,percent,0,Bin,5.1,5.2
Maine,4 wk ahead,percent,0,Bin,5.2,5.3
Maine,4 wk ahead,percent,0,Bin,5.3,5.4
Maine,4 wk ahead,percent,0,Bin,5.4,5.5
Maine,4 wk ahead,percent,0,Bin,5.5,5.6
Maine,4 wk ahead,percent,0,Bin,5.6,5.7
Maine,4 wk ahead,percent,0,Bin,5.7,5.8
Maine,4 wk ahead,percent,0,Bin,5.8,5.9
Maine,4 wk ahead,percent,0,Bin,5.9,6.0
Maine,4 wk ahead,percent,0,Bin,6.0,6.1
Maine,4 wk ahead,percent,0,Bin,6.1,6.2
Maine,4 wk ahead,percent,0,Bin,6.2,6.3
Maine,4 wk ahead,percent,0,Bin,6.3,6.4
Maine,4 wk ahead,percent,0,Bin,6.4,6.5
Maine,4 wk ahead,percent,0,Bin,6.5,6.6
Maine,4 wk ahead,percent,0,Bin,6.6,6.7
Maine,4 wk ahead,percent,0,Bin,6.7,6.8
Maine,4 wk ahead,percent,0,Bin,6.8,6.9
Maine,4 wk ahead,percent,0,Bin,6.9,7.0
Maine,4 wk ahead,percent,0,Bin,7.0,7.1
Maine,4 wk ahead,percent,0,Bin,7.1,7.2
Maine,4 wk ahead,percent,0,Bin,7.2,7.3
Maine,4 wk ahead,percent,0,Bin,7.3,7.4
Maine,4 wk ahead,percent,0,Bin,7.4,7.5
Maine,4 wk ahead,percent,0,Bin,7.5,7.6
Maine,4 wk ahead,percent,0,Bin,7.6,7.7
Maine,4 wk ahead,percent,0,Bin,7.7,7.8
Maine,4 wk ahead,percent,0,Bin,7.8,7.9
Maine,4 wk ahead,percent,0,Bin,7.9,8.0
Maine,4 wk ahead,percent,0,Bin,8.0,8.1
Maine,4 wk ahead,percent,0,Bin,8.1,8.2
Maine,4 wk ahead,percent,0,Bin,8.2,8.3
Maine,4 wk ahead,percent,0,Bin,8.3,8.4
Maine,4 wk ahead,percent,0,Bin,8.4,8.5
Maine,4 wk ahead,percent,0,Bin,8.5,8.6
Maine,4 wk ahead,percent,0,Bin,8.6,8.7
Maine,4 wk ahead,percent,0,Bin,8.7,8.8
Maine,4 wk ahead,percent,0,Bin,8.8,8.9
Maine,4 wk ahead,percent,0,Bin,8.9,9.0
Maine,4 wk ahead,percent,0,Bin,9.0,9.1
Maine,4 wk ahead,percent,0,Bin,9.1,9.2
Maine,4 wk ahead,percent,0,Bin,9.2,9.3
Maine,4 wk ahead,percent,0,Bin,9.3,9.4
Maine,4 wk ahead,percent,0,Bin,9.4,9.5
Maine,4 wk ahead,percent,0,Bin,9.5,9.6
Maine,4 wk ahead,percent,0,Bin,9.6,9.7
Maine,4 wk ahead,percent,0,Bin,9.7,9.8
Maine,4 wk ahead,percent,0,Bin,9.8,9.9
Maine,4 wk ahead,percent,0,Bin,9.9,10.0
Maine,4 wk ahead,percent,0,Bin,10.0,10.1
Maine,4 wk ahead,percent,0,Bin,10.1,10.2
Maine,4 wk ahead,percent,0,Bin,10.2,10.3
Maine,4 wk ahead,percent,0,Bin,10.3,10.4
Maine,4 wk ahead,percent,0,Bin,10.4,10.5
Maine,4 wk ahead,percent,0,Bin,10.5,10.6
Maine,4 wk ahead,percent,0,Bin,10.6,10.7
Maine,4 wk ahead,percent,0,Bin,10.7,10.8
Maine,4 wk ahead,percent,0,Bin,10.8,10.9
Maine,4 wk ahead,percent,0,Bin,10.9,11.0
Maine,4 wk ahead,percent,0,Bin,11.0,11.1
Maine,4 wk ahead,percent,0,Bin,11.1,11.2
Maine,4 wk ahead,percent,0,Bin,11.2,11.3
Maine,4 wk ahead,percent,0,Bin,11.3,11.4
Maine,4 wk ahead,percent,0,Bin,11.4,11.5
Maine,4 wk ahead,percent,0,Bin,11.5,11.6
Maine,4 wk ahead,percent,0,Bin,11.6,11.7
Maine,4 wk ahead,percent,0,Bin,11.7,11.8
Maine,4 wk ahead,percent,0,Bin,11.8,11.9
Maine,4 wk ahead,percent,0,Bin,11.9,12.0
Maine,4 wk ahead,percent,0,Bin,12.0,12.1
Maine,4 wk ahead,percent,0,Bin,12.1,12.2
Maine,4 wk ahead,percent,0,Bin,12.2,12.3
Maine,4 wk ahead,percent,0,Bin,12.3,12.4
Maine,4 wk ahead,percent,0,Bin,12.4,12.5
Maine,4 wk ahead,percent,0,Bin,12.5,12.6
Maine,4 wk ahead,percent,0,Bin,12.6,12.7
Maine,4 wk ahead,percent,0,Bin,12.7,12.8
Maine,4 wk ahead,percent,0,Bin,12.8,12.9
Maine,4 wk ahead,percent,0,Bin,12.9,13.0
Maine,4 wk ahead,percent,0,Bin,13.0,100.0
Maine,Season peak percentage,percent,0,Bin,0.0,0.1
Maine,Season peak percentage,percent,0,Bin,0.1,0.2
Maine,Season peak percentage,percent,0,Bin,0.2,0.3
Maine,Season peak percentage,percent,0,Bin,0.3,0.4
Maine,Season peak percentage,percent,0,Bin,0.4,0.5
Maine,Season peak percentage,percent,0,Bin,0.5,0.6
Maine,Season peak percentage,percent,0,Bin,0.6,0.7
Maine,Season peak percentage,percent,0,Bin,0.7,0.8
Maine,Season peak percentage,percent,0,Bin,0.8,0.9
Maine,Season peak percentage,percent,0.004,Bin,0.9,1.0
Maine,Season peak percentage,percent,0.004,Bin,1.0,1.1
Maine,Season peak percentage,percent,0.004,Bin,1.1,1.2
Maine,Season peak percentage,percent,0.026,Bin,1.2,1.3
Maine,Season peak percentage,percent,0.036,Bin,1.3,1.4
Maine,Season peak percentage,percent,0.048,Bin,1.4,1.5
Maine,Season peak percentage,percent,0.054,Bin,1.5,1.6
Maine,Season peak percentage,percent,0.06,Bin,1.6,1.7
Maine,Season peak percentage,percent,0.06,Bin,1.7,1.8
Maine,Season peak percentage,percent,0.048,Bin,1.8,1.9
Maine,Season peak percentage,percent,0.062,Bin,1.9,2.0
Maine,Season peak percentage,percent,0.07,Bin,2.0,2.1
Maine,Season peak percentage,percent,0.042,Bin,2.1,2.2
Maine,Season peak percentage,percent,0.048,Bin,2.2,2.3
Maine,Season peak percentage,percent,0.038,Bin,2.3,2.4
Maine,Season peak percentage,percent,0.038,Bin,2.4,2.5
Maine,Season peak percentage,percent,0.044,Bin,2.5,2.6
Maine,Season peak percentage,percent,0.036,Bin,2.6,2.7
Maine,Season peak percentage,percent,0.034,Bin,2.7,2.8
Maine,Season peak percentage,percent,0.046,Bin,2.8,2.9
Maine,Season peak percentage,percent,0.024,Bin,2.9,3.0
Maine,Season peak percentage,percent,0.026,Bin,3.0,3.1
Maine,Season peak percentage,percent,0.03,Bin,3.1,3.2
Maine,Season peak percentage,percent,0.02,Bin,3.2,3.3
Maine,Season peak percentage,percent,0.01,Bin,3.3,3.4
Maine,Season peak percentage,percent,0.014,Bin,3.4,3.5
Maine,Season peak percentage,percent,0.01,Bin,3.5,3.6
Maine,Season peak percentage,percent,0.004,Bin,3.6,3.7
Maine,Season peak percentage,percent,0.008,Bin,3.7,3.8
Maine,Season peak percentage,percent,0.008,Bin,3.8,3.9
Maine,Season peak percentage,percent,0.006,Bin,3.9,4.0
Maine,Season peak percentage,percent,0.006,Bin,4.0,4.1
Maine,Season peak percentage,percent,0.012,Bin,4.1,4.2
Maine,Season peak percentage,percent,0,Bin,4.2,4.3
Maine,Season peak percentage,percent,0.004,Bin,4.3,4.4
Maine,Season peak percentage,percent,0.004,Bin,4.4,4.5
Maine,Season peak percentage,percent,0.004,Bin,4.5,4.6
Maine,Season peak percentage,percent,0,Bin,4.6,4.7
Maine,Season peak percentage,percent,0,Bin,4.7,4.8
Maine,Season peak percentage,percent,0.002,Bin,4.8,4.9
Maine,Season peak percentage,percent,0,Bin,4.9,5.0
Maine,Season peak percentage,percent,0,Bin,5.0,5.1
Maine,Season peak percentage,percent,0,Bin,5.1,5.2
Maine,Season peak percentage,percent,0,Bin,5.2,5.3
Maine,Season peak percentage,percent,0,Bin,5.3,5.4
Maine,Season peak percentage,percent,0.004,Bin,5.4,5.5
Maine,Season peak percentage,percent,0,Bin,5.5,5.6
Maine,Season peak percentage,percent,0,Bin,5.6,5.7
Maine,Season peak percentage,percent,0,Bin,5.7,5.8
Maine,Season peak percentage,percent,0,Bin,5.8,5.9
Maine,Season peak percentage,percent,0,Bin,5.9,6.0
Maine,Season peak percentage,percent,0,Bin,6.0,6.1
Maine,Season peak percentage,percent,0,Bin,6.1,6.2
Maine,Season peak percentage,percent,0,Bin,6.2,6.3
Maine,Season peak percentage,percent,0,Bin,6.3,6.4
Maine,Season peak percentage,percent,0,Bin,6.4,6.5
Maine,Season peak percentage,percent,0,Bin,6.5,6.6
Maine,Season peak percentage,percent,0.002,Bin,6.6,6.7
Maine,Season peak percentage,percent,0,Bin,6.7,6.8
Maine,Season peak percentage,percent,0,Bin,6.8,6.9
Maine,Season peak percentage,percent,0,Bin,6.9,7.0
Maine,Season peak percentage,percent,0,Bin,7.0,7.1
Maine,Season peak percentage,percent,0,Bin,7.1,7.2
Maine,Season peak percentage,percent,0,Bin,7.2,7.3
Maine,Season peak percentage,percent,0,Bin,7.3,7.4
Maine,Season peak percentage,percent,0,Bin,7.4,7.5
Maine,Season peak percentage,percent,0,Bin,7.5,7.6
Maine,Season peak percentage,percent,0,Bin,7.6,7.7
Maine,Season peak percentage,percent,0,Bin,7.7,7.8
Maine,Season peak percentage,percent,0,Bin,7.8,7.9
Maine,Season peak percentage,percent,0,Bin,7.9,8.0
Maine,Season peak percentage,percent,0,Bin,8.0,8.1
Maine,Season peak percentage,percent,0,Bin,8.1,8.2
Maine,Season peak percentage,percent,0,Bin,8.2,8.3
Maine,Season peak percentage,percent,0,Bin,8.3,8.4
Maine,Season peak percentage,percent,0,Bin,8.4,8.5
Maine,Season peak percentage,percent,0,Bin,8.5,8.6
Maine,Season peak percentage,percent,0,Bin,8.6,8.7
Maine,Season peak percentage,percent,0,Bin,8.7,8.8
Maine,Season peak percentage,percent,0,Bin,8.8,8.9
Maine,Season peak percentage,percent,0,Bin,8.9,9.0
Maine,Season peak percentage,percent,0,Bin,9.0,9.1
Maine,Season peak percentage,percent,0,Bin,9.1,9.2
Maine,Season peak percentage,percent,0,Bin,9.2,9.3
Maine,Season peak percentage,percent,0,Bin,9.3,9.4
Maine,Season peak percentage,percent,0,Bin,9.4,9.5
Maine,Season peak percentage,percent,0,Bin,9.5,9.6
Maine,Season peak percentage,percent,0,Bin,9.6,9.7
Maine,Season peak percentage,percent,0,Bin,9.7,9.8
Maine,Season peak percentage,percent,0,Bin,9.8,9.9
Maine,Season peak percentage,percent,0,Bin,9.9,10.0
Maine,Season peak percentage,percent,0,Bin,10.0,10.1
Maine,Season peak percentage,percent,0,Bin,10.1,10.2
Maine,Season peak percentage,percent,0,Bin,10.2,10.3
Maine,Season peak percentage,percent,0,Bin,10.3,10.4
Maine,Season peak percentage,percent,0,Bin,10.4,10.5
Maine,Season peak percentage,percent,0,Bin,10.5,10.6
Maine,Season peak percentage,percent,0,Bin,10.6,10.7
Maine,Season peak percentage,percent,0,Bin,10.7,10.8
Maine,Season peak percentage,percent,0,Bin,10.8,10.9
Maine,Season peak percentage,percent,0,Bin,10.9,11.0
Maine,Season peak percentage,percent,0,Bin,11.0,11.1
Maine,Season peak percentage,percent,0,Bin,11.1,11.2
Maine,Season peak percentage,percent,0,Bin,11.2,11.3
Maine,Season peak percentage,percent,0,Bin,11.3,11.4
Maine,Season peak percentage,percent,0,Bin,11.4,11.5
Maine,Season peak percentage,percent,0,Bin,11.5,11.6
Maine,Season peak percentage,percent,0,Bin,11.6,11.7
Maine,Season peak percentage,percent,0,Bin,11.7,11.8
Maine,Season peak percentage,percent,0,Bin,11.8,11.9
Maine,Season peak percentage,percent,0,Bin,11.9,12.0
Maine,Season peak percentage,percent,0,Bin,12.0,12.1
Maine,Season peak percentage,percent,0,Bin,12.1,12.2
Maine,Season peak percentage,percent,0,Bin,12.2,12.3
Maine,Season peak percentage,percent,0,Bin,12.3,12.4
Maine,Season peak percentage,percent,0,Bin,12.4,12.5
Maine,Season peak percentage,percent,0,Bin,12.5,12.6
Maine,Season peak percentage,percent,0,Bin,12.6,12.7
Maine,Season peak percentage,percent,0,Bin,12.7,12.8
Maine,Season peak percentage,percent,0,Bin,12.8,12.9
Maine,Season peak percentage,percent,0,Bin,12.9,13.0
Maine,Season peak percentage,percent,0,Bin,13.0,100.0
Maine,Season peak week,week,0,Bin,40.0,41.0
Maine,Season peak week,week,0,Bin,41.0,42.0
Maine,Season peak week,week,0,Bin,42.0,43.0
Maine,Season peak week,week,0,Bin,43.0,44.0
Maine,Season peak week,week,0,Bin,44.0,45.0
Maine,Season peak week,week,0,Bin,45.0,46.0
Maine,Season peak week,week,0,Bin,46.0,47.0
Maine,Season peak week,week,0.00350262697022767,Bin,47.0,48.0
Maine,Season peak week,week,0,Bin,48.0,49.0
Maine,Season peak week,week,0,Bin,49.0,50.0
Maine,Season peak week,week,0.0175131348511384,Bin,50.0,51.0
Maine,Season peak week,week,0.0262697022767075,Bin,51.0,52.0
Maine,Season peak week,week,0.042031523642732,Bin,52.0,53.0
Maine,Season peak week,week,0.042031523642732,Bin,1.0,2.0
Maine,Season peak week,week,0.0507880910683012,Bin,2.0,3.0
Maine,Season peak week,week,0.0770577933450088,Bin,3.0,4.0
Maine,Season peak week,week,0.0630472854640981,Bin,4.0,5.0
Maine,Season peak week,week,0.0788091068301226,Bin,5.0,6.0
Maine,Season peak week,week,0.0910683012259194,Bin,6.0,7.0
Maine,Season peak week,week,0.0928196147110333,Bin,7.0,8.0
Maine,Season peak week,week,0.0735551663747811,Bin,8.0,9.0
Maine,Season peak week,week,0.0735551663747811,Bin,9.0,10.0
Maine,Season peak week,week,0.0402802101576182,Bin,10.0,11.0
Maine,Season peak week,week,0.0507880910683012,Bin,11.0,12.0
Maine,Season peak week,week,0.0367775831873905,Bin,12.0,13.0
Maine,Season peak week,week,0.0472854640980735,Bin,13.0,14.0
Maine,Season peak week,week,0.021015761821366,Bin,14.0,15.0
Maine,Season peak week,week,0.0175131348511384,Bin,15.0,16.0
Maine,Season peak week,week,0.0245183887915937,Bin,16.0,17.0
Maine,Season peak week,week,0.00700525394045534,Bin,17.0,18.0
Maine,Season peak week,week,0.00700525394045534,Bin,18.0,19.0
Maine,Season peak week,week,0.00700525394045534,Bin,19.0,20.0
Maine,Season peak week,week,0.00875656742556918,Bin,20.0,21.0
Massachusetts,1 wk ahead,percent,0,Bin,0.0,0.1
Massachusetts,1 wk ahead,percent,0,Bin,0.1,0.2
Massachusetts,1 wk ahead,percent,0,Bin,0.2,0.3
Massachusetts,1 wk ahead,percent,0,Bin,0.3,0.4
Massachusetts,1 wk ahead,percent,0.002,Bin,0.4,0.5
Massachusetts,1 wk ahead,percent,0,Bin,0.5,0.6
Massachusetts,1 wk ahead,percent,0,Bin,0.6,0.7
Massachusetts,1 wk ahead,percent,0.006,Bin,0.7,0.8
Massachusetts,1 wk ahead,percent,0.01,Bin,0.8,0.9
Massachusetts,1 wk ahead,percent,0.002,Bin,0.9,1.0
Massachusetts,1 wk ahead,percent,0.012,Bin,1.0,1.1
Massachusetts,1 wk ahead,percent,0.046,Bin,1.1,1.2
Massachusetts,1 wk ahead,percent,0.022,Bin,1.2,1.3
Massachusetts,1 wk ahead,percent,0.056,Bin,1.3,1.4
Massachusetts,1 wk ahead,percent,0.042,Bin,1.4,1.5
Massachusetts,1 wk ahead,percent,0.058,Bin,1.5,1.6
Massachusetts,1 wk ahead,percent,0.1,Bin,1.6,1.7
Massachusetts,1 wk ahead,percent,0.098,Bin,1.7,1.8
Massachusetts,1 wk ahead,percent,0.09,Bin,1.8,1.9
Massachusetts,1 wk ahead,percent,0.06,Bin,1.9,2.0
Massachusetts,1 wk ahead,percent,0.038,Bin,2.0,2.1
Massachusetts,1 wk ahead,percent,0.086,Bin,2.1,2.2
Massachusetts,1 wk ahead,percent,0.034,Bin,2.2,2.3
Massachusetts,1 wk ahead,percent,0.036,Bin,2.3,2.4
Massachusetts,1 wk ahead,percent,0.032,Bin,2.4,2.5
Massachusetts,1 wk ahead,percent,0.008,Bin,2.5,2.6
Massachusetts,1 wk ahead,percent,0.018,Bin,2.6,2.7
Massachusetts,1 wk ahead,percent,0.016,Bin,2.7,2.8
Massachusetts,1 wk ahead,percent,0.012,Bin,2.8,2.9
Massachusetts,1 wk ahead,percent,0.014,Bin,2.9,3.0
Massachusetts,1 wk ahead,percent,0.022,Bin,3.0,3.1
Massachusetts,1 wk ahead,percent,0.002,Bin,3.1,3.2
Massachusetts,1 wk ahead,percent,0,Bin,3.2,3.3
Massachusetts,1 wk ahead,percent,0.002,Bin,3.3,3.4
Massachusetts,1 wk ahead,percent,0.004,Bin,3.4,3.5
Massachusetts,1 wk ahead,percent,0.002,Bin,3.5,3.6
Massachusetts,1 wk ahead,percent,0.006,Bin,3.6,3.7
Massachusetts,1 wk ahead,percent,0.002,Bin,3.7,3.8
Massachusetts,1 wk ahead,percent,0.008,Bin,3.8,3.9
Massachusetts,1 wk ahead,percent,0,Bin,3.9,4.0
Massachusetts,1 wk ahead,percent,0.008,Bin,4.0,4.1
Massachusetts,1 wk ahead,percent,0.004,Bin,4.1,4.2
Massachusetts,1 wk ahead,percent,0,Bin,4.2,4.3
Massachusetts,1 wk ahead,percent,0.002,Bin,4.3,4.4
Massachusetts,1 wk ahead,percent,0.004,Bin,4.4,4.5
Massachusetts,1 wk ahead,percent,0,Bin,4.5,4.6
Massachusetts,1 wk ahead,percent,0,Bin,4.6,4.7
Massachusetts,1 wk ahead,percent,0,Bin,4.7,4.8
Massachusetts,1 wk ahead,percent,0.004,Bin,4.8,4.9
Massachusetts,1 wk ahead,percent,0,Bin,4.9,5.0
Massachusetts,1 wk ahead,percent,0,Bin,5.0,5.1
Massachusetts,1 wk ahead,percent,0,Bin,5.1,5.2
Massachusetts,1 wk ahead,percent,0,Bin,5.2,5.3
Massachusetts,1 wk ahead,percent,0,Bin,5.3,5.4
Massachusetts,1 wk ahead,percent,0.002,Bin,5.4,5.5
Massachusetts,1 wk ahead,percent,0,Bin,5.5,5.6
Massachusetts,1 wk ahead,percent,0,Bin,5.6,5.7
Massachusetts,1 wk ahead,percent,0,Bin,5.7,5.8
Massachusetts,1 wk ahead,percent,0,Bin,5.8,5.9
Massachusetts,1 wk ahead,percent,0.002,Bin,5.9,6.0
Massachusetts,1 wk ahead,percent,0,Bin,6.0,6.1
Massachusetts,1 wk ahead,percent,0,Bin,6.1,6.2
Massachusetts,1 wk ahead,percent,0,Bin,6.2,6.3
Massachusetts,1 wk ahead,percent,0,Bin,6.3,6.4
Massachusetts,1 wk ahead,percent,0,Bin,6.4,6.5
Massachusetts,1 wk ahead,percent,0,Bin,6.5,6.6
Massachusetts,1 wk ahead,percent,0,Bin,6.6,6.7
Massachusetts,1 wk ahead,percent,0,Bin,6.7,6.8
Massachusetts,1 wk ahead,percent,0.006,Bin,6.8,6.9
Massachusetts,1 wk ahead,percent,0,Bin,6.9,7.0
Massachusetts,1 wk ahead,percent,0,Bin,7.0,7.1
Massachusetts,1 wk ahead,percent,0.004,Bin,7.1,7.2
Massachusetts,1 wk ahead,percent,0,Bin,7.2,7.3
Massachusetts,1 wk ahead,percent,0,Bin,7.3,7.4
Massachusetts,1 wk ahead,percent,0,Bin,7.4,7.5
Massachusetts,1 wk ahead,percent,0.002,Bin,7.5,7.6
Massachusetts,1 wk ahead,percent,0,Bin,7.6,7.7
Massachusetts,1 wk ahead,percent,0,Bin,7.7,7.8
Massachusetts,1 wk ahead,percent,0,Bin,7.8,7.9
Massachusetts,1 wk ahead,percent,0,Bin,7.9,8.0
Massachusetts,1 wk ahead,percent,0,Bin,8.0,8.1
Massachusetts,1 wk ahead,percent,0,Bin,8.1,8.2
Massachusetts,1 wk ahead,percent,0,Bin,8.2,8.3
Massachusetts,1 wk ahead,percent,0,Bin,8.3,8.4
Massachusetts,1 wk ahead,percent,0,Bin,8.4,8.5
Massachusetts,1 wk ahead,percent,0,Bin,8.5,8.6
Massachusetts,1 wk ahead,percent,0,Bin,8.6,8.7
Massachusetts,1 wk ahead,percent,0,Bin,8.7,8.8
Massachusetts,1 wk ahead,percent,0,Bin,8.8,8.9
Massachusetts,1 wk ahead,percent,0.002,Bin,8.9,9.0
Massachusetts,1 wk ahead,percent,0,Bin,9.0,9.1
Massachusetts,1 wk ahead,percent,0,Bin,9.1,9.2
Massachusetts,1 wk ahead,percent,0,Bin,9.2,9.3
Massachusetts,1 wk ahead,percent,0,Bin,9.3,9.4
Massachusetts,1 wk ahead,percent,0,Bin,9.4,9.5
Massachusetts,1 wk ahead,percent,0,Bin,9.5,9.6
Massachusetts,1 wk ahead,percent,0,Bin,9.6,9.7
Massachusetts,1 wk ahead,percent,0,Bin,9.7,9.8
Massachusetts,1 wk ahead,percent,0,Bin,9.8,9.9
Massachusetts,1 wk ahead,percent,0,Bin,9.9,10.0
Massachusetts,1 wk ahead,percent,0,Bin,10.0,10.1
Massachusetts,1 wk ahead,percent,0,Bin,10.1,10.2
Massachusetts,1 wk ahead,percent,0,Bin,10.2,10.3
Massachusetts,1 wk ahead,percent,0,Bin,10.3,10.4
Massachusetts,1 wk ahead,percent,0,Bin,10.4,10.5
Massachusetts,1 wk ahead,percent,0,Bin,10.5,10.6
Massachusetts,1 wk ahead,percent,0,Bin,10.6,10.7
Massachusetts,1 wk ahead,percent,0,Bin,10.7,10.8
Massachusetts,1 wk ahead,percent,0,Bin,10.8,10.9
Massachusetts,1 wk ahead,percent,0,Bin,10.9,11.0
Massachusetts,1 wk ahead,percent,0,Bin,11.0,11.1
Massachusetts,1 wk ahead,percent,0,Bin,11.1,11.2
Massachusetts,1 wk ahead,percent,0,Bin,11.2,11.3
Massachusetts,1 wk ahead,percent,0,Bin,11.3,11.4
Massachusetts,1 wk ahead,percent,0,Bin,11.4,11.5
Massachusetts,1 wk ahead,percent,0,Bin,11.5,11.6
Massachusetts,1 wk ahead,percent,0,Bin,11.6,11.7
Massachusetts,1 wk ahead,percent,0,Bin,11.7,11.8
Massachusetts,1 wk ahead,percent,0,Bin,11.8,11.9
Massachusetts,1 wk ahead,percent,0,Bin,11.9,12.0
Massachusetts,1 wk ahead,percent,0,Bin,12.0,12.1
Massachusetts,1 wk ahead,percent,0,Bin,12.1,12.2
Massachusetts,1 wk ahead,percent,0,Bin,12.2,12.3
Massachusetts,1 wk ahead,percent,0,Bin,12.3,12.4
Massachusetts,1 wk ahead,percent,0,Bin,12.4,12.5
Massachusetts,1 wk ahead,percent,0,Bin,12.5,12.6
Massachusetts,1 wk ahead,percent,0,Bin,12.6,12.7
Massachusetts,1 wk ahead,percent,0,Bin,12.7,12.8
Massachusetts,1 wk ahead,percent,0,Bin,12.8,12.9
Massachusetts,1 wk ahead,percent,0,Bin,12.9,13.0
Massachusetts,1 wk ahead,percent,0.014,Bin,13.0,100.0
Massachusetts,2 wk ahead,percent,0,Bin,0.0,0.1
Massachusetts,2 wk ahead,percent,0,Bin,0.1,0.2
Massachusetts,2 wk ahead,percent,0,Bin,0.2,0.3
Massachusetts,2 wk ahead,percent,0,Bin,0.3,0.4
Massachusetts,2 wk ahead,percent,0.00202020202020202,Bin,0.4,0.5
Massachusetts,2 wk ahead,percent,0.00404040404040404,Bin,0.5,0.6
Massachusetts,2 wk ahead,percent,0.00202020202020202,Bin,0.6,0.7
Massachusetts,2 wk ahead,percent,0,Bin,0.7,0.8
Massachusetts,2 wk ahead,percent,0.00404040404040404,Bin,0.8,0.9
Massachusetts,2 wk ahead,percent,0.0141414141414141,Bin,0.9,1.0
Massachusetts,2 wk ahead,percent,0.0141414141414141,Bin,1.0,1.1
Massachusetts,2 wk ahead,percent,0.0242424242424242,Bin,1.1,1.2
Massachusetts,2 wk ahead,percent,0.0222222222222222,Bin,1.2,1.3
Massachusetts,2 wk ahead,percent,0.0444444444444444,Bin,1.3,1.4
Massachusetts,2 wk ahead,percent,0.0606060606060606,Bin,1.4,1.5
Massachusetts,2 wk ahead,percent,0.0484848484848485,Bin,1.5,1.6
Massachusetts,2 wk ahead,percent,0.0565656565656566,Bin,1.6,1.7
Massachusetts,2 wk ahead,percent,0.0828282828282828,Bin,1.7,1.8
Massachusetts,2 wk ahead,percent,0.0565656565656566,Bin,1.8,1.9
Massachusetts,2 wk ahead,percent,0.0444444444444444,Bin,1.9,2.0
Massachusetts,2 wk ahead,percent,0.0707070707070707,Bin,2.0,2.1
Massachusetts,2 wk ahead,percent,0.0484848484848485,Bin,2.1,2.2
Massachusetts,2 wk ahead,percent,0.0343434343434343,Bin,2.2,2.3
Massachusetts,2 wk ahead,percent,0.0303030303030303,Bin,2.3,2.4
Massachusetts,2 wk ahead,percent,0.0404040404040404,Bin,2.4,2.5
Massachusetts,2 wk ahead,percent,0.0424242424242424,Bin,2.5,2.6
Massachusetts,2 wk ahead,percent,0.0303030303030303,Bin,2.6,2.7
Massachusetts,2 wk ahead,percent,0.0282828282828283,Bin,2.7,2.8
Massachusetts,2 wk ahead,percent,0.0161616161616162,Bin,2.8,2.9
Massachusetts,2 wk ahead,percent,0.00606060606060606,Bin,2.9,3.0
Massachusetts,2 wk ahead,percent,0.0141414141414141,Bin,3.0,3.1
Massachusetts,2 wk ahead,percent,0.00808080808080808,Bin,3.1,3.2
Massachusetts,2 wk ahead,percent,0.00808080808080808,Bin,3.2,3.3
Massachusetts,2 wk ahead,percent,0.0121212121212121,Bin,3.3,3.4
Massachusetts,2 wk ahead,percent,0.0121212121212121,Bin,3.4,3.5
Massachusetts,2 wk ahead,percent,0.0121212121212121,Bin,3.5,3.6
Massachusetts,2 wk ahead,percent,0.00404040404040404,Bin,3.6,3.7
Massachusetts,2 wk ahead,percent,0.00808080808080808,Bin,3.7,3.8
Massachusetts,2 wk ahead,percent,0.00606060606060606,Bin,3.8,3.9
Massachusetts,2 wk ahead,percent,0.00202020202020202,Bin,3.9,4.0
Massachusetts,2 wk ahead,percent,0.0121212121212121,Bin,4.0,4.1
Massachusetts,2 wk ahead,percent,0,Bin,4.1,4.2
Massachusetts,2 wk ahead,percent,0.00404040404040404,Bin,4.2,4.3
Massachusetts,2 wk ahead,percent,0.00202020202020202,Bin,4.3,4.4
Massachusetts,2 wk ahead,percent,0.00202020202020202,Bin,4.4,4.5
Massachusetts,2 wk ahead,percent,0.00202020202020202,Bin,4.5,4.6
Massachusetts,2 wk ahead,percent,0,Bin,4.6,4.7
Massachusetts,2 wk ahead,percent,0,Bin,4.7,4.8
Massachusetts,2 wk ahead,percent,0,Bin,4.8,4.9
Massachusetts,2 wk ahead,percent,0,Bin,4.9,5.0
Massachusetts,2 wk ahead,percent,0.00808080808080808,Bin,5.0,5.1
Massachusetts,2 wk ahead,percent,0.00202020202020202,Bin,5.1,5.2
Massachusetts,2 wk ahead,percent,0.00202020202020202,Bin,5.2,5.3
Massachusetts,2 wk ahead,percent,0.00606060606060606,Bin,5.3,5.4
Massachusetts,2 wk ahead,percent,0,Bin,5.4,5.5
Massachusetts,2 wk ahead,percent,0,Bin,5.5,5.6
Massachusetts,2 wk ahead,percent,0,Bin,5.6,5.7
Massachusetts,2 wk ahead,percent,0.00202020202020202,Bin,5.7,5.8
Massachusetts,2 wk ahead,percent,0.00404040404040404,Bin,5.8,5.9
Massachusetts,2 wk ahead,percent,0,Bin,5.9,6.0
Massachusetts,2 wk ahead,percent,0.00404040404040404,Bin,6.0,6.1
Massachusetts,2 wk ahead,percent,0.00202020202020202,Bin,6.1,6.2
Massachusetts,2 wk ahead,percent,0,Bin,6.2,6.3
Massachusetts,2 wk ahead,percent,0,Bin,6.3,6.4
Massachusetts,2 wk ahead,percent,0,Bin,6.4,6.5
Massachusetts,2 wk ahead,percent,0,Bin,6.5,6.6
Massachusetts,2 wk ahead,percent,0.00202020202020202,Bin,6.6,6.7
Massachusetts,2 wk ahead,percent,0,Bin,6.7,6.8
Massachusetts,2 wk ahead,percent,0,Bin,6.8,6.9
Massachusetts,2 wk ahead,percent,0,Bin,6.9,7.0
Massachusetts,2 wk ahead,percent,0,Bin,7.0,7.1
Massachusetts,2 wk ahead,percent,0,Bin,7.1,7.2
Massachusetts,2 wk ahead,percent,0.00202020202020202,Bin,7.2,7.3
Massachusetts,2 wk ahead,percent,0.00404040404040404,Bin,7.3,7.4
Massachusetts,2 wk ahead,percent,0,Bin,7.4,7.5
Massachusetts,2 wk ahead,percent,0,Bin,7.5,7.6
Massachusetts,2 wk ahead,percent,0,Bin,7.6,7.7
Massachusetts,2 wk ahead,percent,0.00202020202020202,Bin,7.7,7.8
Massachusetts,2 wk ahead,percent,0,Bin,7.8,7.9
Massachusetts,2 wk ahead,percent,0.00202020202020202,Bin,7.9,8.0
Massachusetts,2 wk ahead,percent,0,Bin,8.0,8.1
Massachusetts,2 wk ahead,percent,0.00202020202020202,Bin,8.1,8.2
Massachusetts,2 wk ahead,percent,0,Bin,8.2,8.3
Massachusetts,2 wk ahead,percent,0,Bin,8.3,8.4
Massachusetts,2 wk ahead,percent,0,Bin,8.4,8.5
Massachusetts,2 wk ahead,percent,0,Bin,8.5,8.6
Massachusetts,2 wk ahead,percent,0,Bin,8.6,8.7
Massachusetts,2 wk ahead,percent,0.00202020202020202,Bin,8.7,8.8
Massachusetts,2 wk ahead,percent,0,Bin,8.8,8.9
Massachusetts,2 wk ahead,percent,0,Bin,8.9,9.0
Massachusetts,2 wk ahead,percent,0,Bin,9.0,9.1
Massachusetts,2 wk ahead,percent,0,Bin,9.1,9.2
Massachusetts,2 wk ahead,percent,0,Bin,9.2,9.3
Massachusetts,2 wk ahead,percent,0,Bin,9.3,9.4
Massachusetts,2 wk ahead,percent,0,Bin,9.4,9.5
Massachusetts,2 wk ahead,percent,0,Bin,9.5,9.6
Massachusetts,2 wk ahead,percent,0,Bin,9.6,9.7
Massachusetts,2 wk ahead,percent,0,Bin,9.7,9.8
Massachusetts,2 wk ahead,percent,0,Bin,9.8,9.9
Massachusetts,2 wk ahead,percent,0.00202020202020202,Bin,9.9,10.0
Massachusetts,2 wk ahead,percent,0,Bin,10.0,10.1
Massachusetts,2 wk ahead,percent,0,Bin,10.1,10.2
Massachusetts,2 wk ahead,percent,0,Bin,10.2,10.3
Massachusetts,2 wk ahead,percent,0,Bin,10.3,10.4
Massachusetts,2 wk ahead,percent,0,Bin,10.4,10.5
Massachusetts,2 wk ahead,percent,0,Bin,10.5,10.6
Massachusetts,2 wk ahead,percent,0,Bin,10.6,10.7
Massachusetts,2 wk ahead,percent,0,Bin,10.7,10.8
Massachusetts,2 wk ahead,percent,0,Bin,10.8,10.9
Massachusetts,2 wk ahead,percent,0,Bin,10.9,11.0
Massachusetts,2 wk ahead,percent,0,Bin,11.0,11.1
Massachusetts,2 wk ahead,percent,0,Bin,11.1,11.2
Massachusetts,2 wk ahead,percent,0.00202020202020202,Bin,11.2,11.3
Massachusetts,2 wk ahead,percent,0,Bin,11.3,11.4
Massachusetts,2 wk ahead,percent,0,Bin,11.4,11.5
Massachusetts,2 wk ahead,percent,0,Bin,11.5,11.6
Massachusetts,2 wk ahead,percent,0,Bin,11.6,11.7
Massachusetts,2 wk ahead,percent,0,Bin,11.7,11.8
Massachusetts,2 wk ahead,percent,0,Bin,11.8,11.9
Massachusetts,2 wk ahead,percent,0,Bin,11.9,12.0
Massachusetts,2 wk ahead,percent,0,Bin,12.0,12.1
Massachusetts,2 wk ahead,percent,0,Bin,12.1,12.2
Massachusetts,2 wk ahead,percent,0,Bin,12.2,12.3
Massachusetts,2 wk ahead,percent,0,Bin,12.3,12.4
Massachusetts,2 wk ahead,percent,0,Bin,12.4,12.5
Massachusetts,2 wk ahead,percent,0,Bin,12.5,12.6
Massachusetts,2 wk ahead,percent,0,Bin,12.6,12.7
Massachusetts,2 wk ahead,percent,0,Bin,12.7,12.8
Massachusetts,2 wk ahead,percent,0,Bin,12.8,12.9
Massachusetts,2 wk ahead,percent,0,Bin,12.9,13.0
Massachusetts,2 wk ahead,percent,0.0121212121212121,Bin,13.0,100.0
Massachusetts,3 wk ahead,percent,0,Bin,0.0,0.1
Massachusetts,3 wk ahead,percent,0,Bin,0.1,0.2
Massachusetts,3 wk ahead,percent,0,Bin,0.2,0.3
Massachusetts,3 wk ahead,percent,0,Bin,0.3,0.4
Massachusetts,3 wk ahead,percent,0,Bin,0.4,0.5
Massachusetts,3 wk ahead,percent,0.00404040404040404,Bin,0.5,0.6
Massachusetts,3 wk ahead,percent,0.00202020202020202,Bin,0.6,0.7
Massachusetts,3 wk ahead,percent,0.00202020202020202,Bin,0.7,0.8
Massachusetts,3 wk ahead,percent,0.00606060606060606,Bin,0.8,0.9
Massachusetts,3 wk ahead,percent,0.0101010101010101,Bin,0.9,1.0
Massachusetts,3 wk ahead,percent,0.0141414141414141,Bin,1.0,1.1
Massachusetts,3 wk ahead,percent,0.0181818181818182,Bin,1.1,1.2
Massachusetts,3 wk ahead,percent,0.0323232323232323,Bin,1.2,1.3
Massachusetts,3 wk ahead,percent,0.0404040404040404,Bin,1.3,1.4
Massachusetts,3 wk ahead,percent,0.0464646464646465,Bin,1.4,1.5
Massachusetts,3 wk ahead,percent,0.0585858585858586,Bin,1.5,1.6
Massachusetts,3 wk ahead,percent,0.0545454545454545,Bin,1.6,1.7
Massachusetts,3 wk ahead,percent,0.0606060606060606,Bin,1.7,1.8
Massachusetts,3 wk ahead,percent,0.0464646464646465,Bin,1.8,1.9
Massachusetts,3 wk ahead,percent,0.0383838383838384,Bin,1.9,2.0
Massachusetts,3 wk ahead,percent,0.0383838383838384,Bin,2.0,2.1
Massachusetts,3 wk ahead,percent,0.0444444444444444,Bin,2.1,2.2
Massachusetts,3 wk ahead,percent,0.0545454545454545,Bin,2.2,2.3
Massachusetts,3 wk ahead,percent,0.0404040404040404,Bin,2.3,2.4
Massachusetts,3 wk ahead,percent,0.0262626262626263,Bin,2.4,2.5
Massachusetts,3 wk ahead,percent,0.0323232323232323,Bin,2.5,2.6
Massachusetts,3 wk ahead,percent,0.0303030303030303,Bin,2.6,2.7
Massachusetts,3 wk ahead,percent,0.0101010101010101,Bin,2.7,2.8
Massachusetts,3 wk ahead,percent,0.0222222222222222,Bin,2.8,2.9
Massachusetts,3 wk ahead,percent,0.0121212121212121,Bin,2.9,3.0
Massachusetts,3 wk ahead,percent,0.0303030303030303,Bin,3.0,3.1
Massachusetts,3 wk ahead,percent,0.0222222222222222,Bin,3.1,3.2
Massachusetts,3 wk ahead,percent,0.00606060606060606,Bin,3.2,3.3
Massachusetts,3 wk ahead,percent,0.0141414141414141,Bin,3.3,3.4
Massachusetts,3 wk ahead,percent,0.0202020202020202,Bin,3.4,3.5
Massachusetts,3 wk ahead,percent,0.00606060606060606,Bin,3.5,3.6
Massachusetts,3 wk ahead,percent,0.00202020202020202,Bin,3.6,3.7
Massachusetts,3 wk ahead,percent,0.00606060606060606,Bin,3.7,3.8
Massachusetts,3 wk ahead,percent,0.00606060606060606,Bin,3.8,3.9
Massachusetts,3 wk ahead,percent,0.00808080808080808,Bin,3.9,4.0
Massachusetts,3 wk ahead,percent,0.00404040404040404,Bin,4.0,4.1
Massachusetts,3 wk ahead,percent,0.00808080808080808,Bin,4.1,4.2
Massachusetts,3 wk ahead,percent,0.00606060606060606,Bin,4.2,4.3
Massachusetts,3 wk ahead,percent,0.00202020202020202,Bin,4.3,4.4
Massachusetts,3 wk ahead,percent,0.00606060606060606,Bin,4.4,4.5
Massachusetts,3 wk ahead,percent,0.00404040404040404,Bin,4.5,4.6
Massachusetts,3 wk ahead,percent,0.00606060606060606,Bin,4.6,4.7
Massachusetts,3 wk ahead,percent,0,Bin,4.7,4.8
Massachusetts,3 wk ahead,percent,0.00404040404040404,Bin,4.8,4.9
Massachusetts,3 wk ahead,percent,0.00404040404040404,Bin,4.9,5.0
Massachusetts,3 wk ahead,percent,0.0101010101010101,Bin,5.0,5.1
Massachusetts,3 wk ahead,percent,0.00202020202020202,Bin,5.1,5.2
Massachusetts,3 wk ahead,percent,0.00202020202020202,Bin,5.2,5.3
Massachusetts,3 wk ahead,percent,0,Bin,5.3,5.4
Massachusetts,3 wk ahead,percent,0.00202020202020202,Bin,5.4,5.5
Massachusetts,3 wk ahead,percent,0.00404040404040404,Bin,5.5,5.6
Massachusetts,3 wk ahead,percent,0,Bin,5.6,5.7
Massachusetts,3 wk ahead,percent,0,Bin,5.7,5.8
Massachusetts,3 wk ahead,percent,0,Bin,5.8,5.9
Massachusetts,3 wk ahead,percent,0.00202020202020202,Bin,5.9,6.0
Massachusetts,3 wk ahead,percent,0,Bin,6.0,6.1
Massachusetts,3 wk ahead,percent,0.00404040404040404,Bin,6.1,6.2
Massachusetts,3 wk ahead,percent,0.00404040404040404,Bin,6.2,6.3
Massachusetts,3 wk ahead,percent,0.00202020202020202,Bin,6.3,6.4
Massachusetts,3 wk ahead,percent,0.00202020202020202,Bin,6.4,6.5
Massachusetts,3 wk ahead,percent,0,Bin,6.5,6.6
Massachusetts,3 wk ahead,percent,0,Bin,6.6,6.7
Massachusetts,3 wk ahead,percent,0,Bin,6.7,6.8
Massachusetts,3 wk ahead,percent,0.00404040404040404,Bin,6.8,6.9
Massachusetts,3 wk ahead,percent,0.00202020202020202,Bin,6.9,7.0
Massachusetts,3 wk ahead,percent,0.00404040404040404,Bin,7.0,7.1
Massachusetts,3 wk ahead,percent,0.00202020202020202,Bin,7.1,7.2
Massachusetts,3 wk ahead,percent,0,Bin,7.2,7.3
Massachusetts,3 wk ahead,percent,0,Bin,7.3,7.4
Massachusetts,3 wk ahead,percent,0,Bin,7.4,7.5
Massachusetts,3 wk ahead,percent,0,Bin,7.5,7.6
Massachusetts,3 wk ahead,percent,0,Bin,7.6,7.7
Massachusetts,3 wk ahead,percent,0,Bin,7.7,7.8
Massachusetts,3 wk ahead,percent,0.00202020202020202,Bin,7.8,7.9
Massachusetts,3 wk ahead,percent,0,Bin,7.9,8.0
Massachusetts,3 wk ahead,percent,0.00202020202020202,Bin,8.0,8.1
Massachusetts,3 wk ahead,percent,0,Bin,8.1,8.2
Massachusetts,3 wk ahead,percent,0.00202020202020202,Bin,8.2,8.3
Massachusetts,3 wk ahead,percent,0.00202020202020202,Bin,8.3,8.4
Massachusetts,3 wk ahead,percent,0,Bin,8.4,8.5
Massachusetts,3 wk ahead,percent,0,Bin,8.5,8.6
Massachusetts,3 wk ahead,percent,0.00202020202020202,Bin,8.6,8.7
Massachusetts,3 wk ahead,percent,0,Bin,8.7,8.8
Massachusetts,3 wk ahead,percent,0,Bin,8.8,8.9
Massachusetts,3 wk ahead,percent,0,Bin,8.9,9.0
Massachusetts,3 wk ahead,percent,0.00202020202020202,Bin,9.0,9.1
Massachusetts,3 wk ahead,percent,0.00202020202020202,Bin,9.1,9.2
Massachusetts,3 wk ahead,percent,0,Bin,9.2,9.3
Massachusetts,3 wk ahead,percent,0.00202020202020202,Bin,9.3,9.4
Massachusetts,3 wk ahead,percent,0,Bin,9.4,9.5
Massachusetts,3 wk ahead,percent,0,Bin,9.5,9.6
Massachusetts,3 wk ahead,percent,0.00202020202020202,Bin,9.6,9.7
Massachusetts,3 wk ahead,percent,0.00202020202020202,Bin,9.7,9.8
Massachusetts,3 wk ahead,percent,0,Bin,9.8,9.9
Massachusetts,3 wk ahead,percent,0,Bin,9.9,10.0
Massachusetts,3 wk ahead,percent,0,Bin,10.0,10.1
Massachusetts,3 wk ahead,percent,0,Bin,10.1,10.2
Massachusetts,3 wk ahead,percent,0.00202020202020202,Bin,10.2,10.3
Massachusetts,3 wk ahead,percent,0,Bin,10.3,10.4
Massachusetts,3 wk ahead,percent,0,Bin,10.4,10.5
Massachusetts,3 wk ahead,percent,0,Bin,10.5,10.6
Massachusetts,3 wk ahead,percent,0,Bin,10.6,10.7
Massachusetts,3 wk ahead,percent,0.00202020202020202,Bin,10.7,10.8
Massachusetts,3 wk ahead,percent,0,Bin,10.8,10.9
Massachusetts,3 wk ahead,percent,0.00202020202020202,Bin,10.9,11.0
Massachusetts,3 wk ahead,percent,0,Bin,11.0,11.1
Massachusetts,3 wk ahead,percent,0,Bin,11.1,11.2
Massachusetts,3 wk ahead,percent,0,Bin,11.2,11.3
Massachusetts,3 wk ahead,percent,0.00202020202020202,Bin,11.3,11.4
Massachusetts,3 wk ahead,percent,0,Bin,11.4,11.5
Massachusetts,3 wk ahead,percent,0,Bin,11.5,11.6
Massachusetts,3 wk ahead,percent,0,Bin,11.6,11.7
Massachusetts,3 wk ahead,percent,0.00202020202020202,Bin,11.7,11.8
Massachusetts,3 wk ahead,percent,0,Bin,11.8,11.9
Massachusetts,3 wk ahead,percent,0,Bin,11.9,12.0
Massachusetts,3 wk ahead,percent,0,Bin,12.0,12.1
Massachusetts,3 wk ahead,percent,0.00202020202020202,Bin,12.1,12.2
Massachusetts,3 wk ahead,percent,0,Bin,12.2,12.3
Massachusetts,3 wk ahead,percent,0,Bin,12.3,12.4
Massachusetts,3 wk ahead,percent,0,Bin,12.4,12.5
Massachusetts,3 wk ahead,percent,0.00202020202020202,Bin,12.5,12.6
Massachusetts,3 wk ahead,percent,0,Bin,12.6,12.7
Massachusetts,3 wk ahead,percent,0,Bin,12.7,12.8
Massachusetts,3 wk ahead,percent,0,Bin,12.8,12.9
Massachusetts,3 wk ahead,percent,0,Bin,12.9,13.0
Massachusetts,3 wk ahead,percent,0.00808080808080808,Bin,13.0,100.0
Massachusetts,4 wk ahead,percent,0,Bin,0.0,0.1
Massachusetts,4 wk ahead,percent,0,Bin,0.1,0.2
Massachusetts,4 wk ahead,percent,0,Bin,0.2,0.3
Massachusetts,4 wk ahead,percent,0,Bin,0.3,0.4
Massachusetts,4 wk ahead,percent,0.00204081632653061,Bin,0.4,0.5
Massachusetts,4 wk ahead,percent,0,Bin,0.5,0.6
Massachusetts,4 wk ahead,percent,0.00612244897959184,Bin,0.6,0.7
Massachusetts,4 wk ahead,percent,0.00408163265306122,Bin,0.7,0.8
Massachusetts,4 wk ahead,percent,0.00408163265306122,Bin,0.8,0.9
Massachusetts,4 wk ahead,percent,0.0102040816326531,Bin,0.9,1.0
Massachusetts,4 wk ahead,percent,0.0183673469387755,Bin,1.0,1.1
Massachusetts,4 wk ahead,percent,0.0285714285714286,Bin,1.1,1.2
Massachusetts,4 wk ahead,percent,0.0224489795918367,Bin,1.2,1.3
Massachusetts,4 wk ahead,percent,0.0530612244897959,Bin,1.3,1.4
Massachusetts,4 wk ahead,percent,0.0428571428571429,Bin,1.4,1.5
Massachusetts,4 wk ahead,percent,0.0489795918367347,Bin,1.5,1.6
Massachusetts,4 wk ahead,percent,0.0428571428571429,Bin,1.6,1.7
Massachusetts,4 wk ahead,percent,0.0571428571428571,Bin,1.7,1.8
Massachusetts,4 wk ahead,percent,0.036734693877551,Bin,1.8,1.9
Massachusetts,4 wk ahead,percent,0.0387755102040816,Bin,1.9,2.0
Massachusetts,4 wk ahead,percent,0.0387755102040816,Bin,2.0,2.1
Massachusetts,4 wk ahead,percent,0.0612244897959184,Bin,2.1,2.2
Massachusetts,4 wk ahead,percent,0.0306122448979592,Bin,2.2,2.3
Massachusetts,4 wk ahead,percent,0.026530612244898,Bin,2.3,2.4
Massachusetts,4 wk ahead,percent,0.0244897959183673,Bin,2.4,2.5
Massachusetts,4 wk ahead,percent,0.026530612244898,Bin,2.5,2.6
Massachusetts,4 wk ahead,percent,0.0244897959183673,Bin,2.6,2.7
Massachusetts,4 wk ahead,percent,0.0285714285714286,Bin,2.7,2.8
Massachusetts,4 wk ahead,percent,0.0306122448979592,Bin,2.8,2.9
Massachusetts,4 wk ahead,percent,0.0122448979591837,Bin,2.9,3.0
Massachusetts,4 wk ahead,percent,0.0163265306122449,Bin,3.0,3.1
Massachusetts,4 wk ahead,percent,0.00816326530612245,Bin,3.1,3.2
Massachusetts,4 wk ahead,percent,0.0122448979591837,Bin,3.2,3.3
Massachusetts,4 wk ahead,percent,0.0122448979591837,Bin,3.3,3.4
Massachusetts,4 wk ahead,percent,0.0142857142857143,Bin,3.4,3.5
Massachusetts,4 wk ahead,percent,0.0122448979591837,Bin,3.5,3.6
Massachusetts,4 wk ahead,percent,0.0102040816326531,Bin,3.6,3.7
Massachusetts,4 wk ahead,percent,0.0102040816326531,Bin,3.7,3.8
Massachusetts,4 wk ahead,percent,0.00816326530612245,Bin,3.8,3.9
Massachusetts,4 wk ahead,percent,0.00816326530612245,Bin,3.9,4.0
Massachusetts,4 wk ahead,percent,0.0122448979591837,Bin,4.0,4.1
Massachusetts,4 wk ahead,percent,0.0142857142857143,Bin,4.1,4.2
Massachusetts,4 wk ahead,percent,0.00612244897959184,Bin,4.2,4.3
Massachusetts,4 wk ahead,percent,0.00816326530612245,Bin,4.3,4.4
Massachusetts,4 wk ahead,percent,0.0102040816326531,Bin,4.4,4.5
Massachusetts,4 wk ahead,percent,0.00612244897959184,Bin,4.5,4.6
Massachusetts,4 wk ahead,percent,0.00408163265306122,Bin,4.6,4.7
Massachusetts,4 wk ahead,percent,0.00204081632653061,Bin,4.7,4.8
Massachusetts,4 wk ahead,percent,0,Bin,4.8,4.9
Massachusetts,4 wk ahead,percent,0.00816326530612245,Bin,4.9,5.0
Massachusetts,4 wk ahead,percent,0.00612244897959184,Bin,5.0,5.1
Massachusetts,4 wk ahead,percent,0.00816326530612245,Bin,5.1,5.2
Massachusetts,4 wk ahead,percent,0.00204081632653061,Bin,5.2,5.3
Massachusetts,4 wk ahead,percent,0.00612244897959184,Bin,5.3,5.4
Massachusetts,4 wk ahead,percent,0.00408163265306122,Bin,5.4,5.5
Massachusetts,4 wk ahead,percent,0.00408163265306122,Bin,5.5,5.6
Massachusetts,4 wk ahead,percent,0.00204081632653061,Bin,5.6,5.7
Massachusetts,4 wk ahead,percent,0,Bin,5.7,5.8
Massachusetts,4 wk ahead,percent,0,Bin,5.8,5.9
Massachusetts,4 wk ahead,percent,0,Bin,5.9,6.0
Massachusetts,4 wk ahead,percent,0,Bin,6.0,6.1
Massachusetts,4 wk ahead,percent,0,Bin,6.1,6.2
Massachusetts,4 wk ahead,percent,0,Bin,6.2,6.3
Massachusetts,4 wk ahead,percent,0.00204081632653061,Bin,6.3,6.4
Massachusetts,4 wk ahead,percent,0.00204081632653061,Bin,6.4,6.5
Massachusetts,4 wk ahead,percent,0,Bin,6.5,6.6
Massachusetts,4 wk ahead,percent,0,Bin,6.6,6.7
Massachusetts,4 wk ahead,percent,0.00204081632653061,Bin,6.7,6.8
Massachusetts,4 wk ahead,percent,0,Bin,6.8,6.9
Massachusetts,4 wk ahead,percent,0,Bin,6.9,7.0
Massachusetts,4 wk ahead,percent,0,Bin,7.0,7.1
Massachusetts,4 wk ahead,percent,0.00204081632653061,Bin,7.1,7.2
Massachusetts,4 wk ahead,percent,0,Bin,7.2,7.3
Massachusetts,4 wk ahead,percent,0,Bin,7.3,7.4
Massachusetts,4 wk ahead,percent,0,Bin,7.4,7.5
Massachusetts,4 wk ahead,percent,0,Bin,7.5,7.6
Massachusetts,4 wk ahead,percent,0,Bin,7.6,7.7
Massachusetts,4 wk ahead,percent,0,Bin,7.7,7.8
Massachusetts,4 wk ahead,percent,0,Bin,7.8,7.9
Massachusetts,4 wk ahead,percent,0,Bin,7.9,8.0
Massachusetts,4 wk ahead,percent,0,Bin,8.0,8.1
Massachusetts,4 wk ahead,percent,0,Bin,8.1,8.2
Massachusetts,4 wk ahead,percent,0,Bin,8.2,8.3
Massachusetts,4 wk ahead,percent,0.00204081632653061,Bin,8.3,8.4
Massachusetts,4 wk ahead,percent,0.00408163265306122,Bin,8.4,8.5
Massachusetts,4 wk ahead,percent,0.00204081632653061,Bin,8.5,8.6
Massachusetts,4 wk ahead,percent,0,Bin,8.6,8.7
Massachusetts,4 wk ahead,percent,0,Bin,8.7,8.8
Massachusetts,4 wk ahead,percent,0,Bin,8.8,8.9
Massachusetts,4 wk ahead,percent,0,Bin,8.9,9.0
Massachusetts,4 wk ahead,percent,0,Bin,9.0,9.1
Massachusetts,4 wk ahead,percent,0.00204081632653061,Bin,9.1,9.2
Massachusetts,4 wk ahead,percent,0,Bin,9.2,9.3
Massachusetts,4 wk ahead,percent,0,Bin,9.3,9.4
Massachusetts,4 wk ahead,percent,0,Bin,9.4,9.5
Massachusetts,4 wk ahead,percent,0,Bin,9.5,9.6
Massachusetts,4 wk ahead,percent,0,Bin,9.6,9.7
Massachusetts,4 wk ahead,percent,0,Bin,9.7,9.8
Massachusetts,4 wk ahead,percent,0,Bin,9.8,9.9
Massachusetts,4 wk ahead,percent,0,Bin,9.9,10.0
Massachusetts,4 wk ahead,percent,0.00204081632653061,Bin,10.0,10.1
Massachusetts,4 wk ahead,percent,0,Bin,10.1,10.2
Massachusetts,4 wk ahead,percent,0,Bin,10.2,10.3
Massachusetts,4 wk ahead,percent,0,Bin,10.3,10.4
Massachusetts,4 wk ahead,percent,0,Bin,10.4,10.5
Massachusetts,4 wk ahead,percent,0,Bin,10.5,10.6
Massachusetts,4 wk ahead,percent,0.00408163265306122,Bin,10.6,10.7
Massachusetts,4 wk ahead,percent,0,Bin,10.7,10.8
Massachusetts,4 wk ahead,percent,0,Bin,10.8,10.9
Massachusetts,4 wk ahead,percent,0.00204081632653061,Bin,10.9,11.0
Massachusetts,4 wk ahead,percent,0,Bin,11.0,11.1
Massachusetts,4 wk ahead,percent,0,Bin,11.1,11.2
Massachusetts,4 wk ahead,percent,0,Bin,11.2,11.3
Massachusetts,4 wk ahead,percent,0.00204081632653061,Bin,11.3,11.4
Massachusetts,4 wk ahead,percent,0,Bin,11.4,11.5
Massachusetts,4 wk ahead,percent,0,Bin,11.5,11.6
Massachusetts,4 wk ahead,percent,0,Bin,11.6,11.7
Massachusetts,4 wk ahead,percent,0,Bin,11.7,11.8
Massachusetts,4 wk ahead,percent,0,Bin,11.8,11.9
Massachusetts,4 wk ahead,percent,0,Bin,11.9,12.0
Massachusetts,4 wk ahead,percent,0,Bin,12.0,12.1
Massachusetts,4 wk ahead,percent,0,Bin,12.1,12.2
Massachusetts,4 wk ahead,percent,0,Bin,12.2,12.3
Massachusetts,4 wk ahead,percent,0,Bin,12.3,12.4
Massachusetts,4 wk ahead,percent,0.00204081632653061,Bin,12.4,12.5
Massachusetts,4 wk ahead,percent,0,Bin,12.5,12.6
Massachusetts,4 wk ahead,percent,0,Bin,12.6,12.7
Massachusetts,4 wk ahead,percent,0.00204081632653061,Bin,12.7,12.8
Massachusetts,4 wk ahead,percent,0.00204081632653061,Bin,12.8,12.9
Massachusetts,4 wk ahead,percent,0,Bin,12.9,13.0
Massachusetts,4 wk ahead,percent,0.0285714285714286,Bin,13.0,100.0
Massachusetts,Season peak percentage,percent,0,Bin,0.0,0.1
Massachusetts,Season peak percentage,percent,0,Bin,0.1,0.2
Massachusetts,Season peak percentage,percent,0,Bin,0.2,0.3
Massachusetts,Season peak percentage,percent,0,Bin,0.3,0.4
Massachusetts,Season peak percentage,percent,0,Bin,0.4,0.5
Massachusetts,Season peak percentage,percent,0,Bin,0.5,0.6
Massachusetts,Season peak percentage,percent,0,Bin,0.6,0.7
Massachusetts,Season peak percentage,percent,0,Bin,0.7,0.8
Massachusetts,Season peak percentage,percent,0,Bin,0.8,0.9
Massachusetts,Season peak percentage,percent,0,Bin,0.9,1.0
Massachusetts,Season peak percentage,percent,0,Bin,1.0,1.1
Massachusetts,Season peak percentage,percent,0,Bin,1.1,1.2
Massachusetts,Season peak percentage,percent,0,Bin,1.2,1.3
Massachusetts,Season peak percentage,percent,0,Bin,1.3,1.4
Massachusetts,Season peak percentage,percent,0,Bin,1.4,1.5
Massachusetts,Season peak percentage,percent,0,Bin,1.5,1.6
Massachusetts,Season peak percentage,percent,0,Bin,1.6,1.7
Massachusetts,Season peak percentage,percent,0,Bin,1.7,1.8
Massachusetts,Season peak percentage,percent,0.01,Bin,1.8,1.9
Massachusetts,Season peak percentage,percent,0.002,Bin,1.9,2.0
Massachusetts,Season peak percentage,percent,0.004,Bin,2.0,2.1
Massachusetts,Season peak percentage,percent,0.008,Bin,2.1,2.2
Massachusetts,Season peak percentage,percent,0.002,Bin,2.2,2.3
Massachusetts,Season peak percentage,percent,0.002,Bin,2.3,2.4
Massachusetts,Season peak percentage,percent,0.012,Bin,2.4,2.5
Massachusetts,Season peak percentage,percent,0.004,Bin,2.5,2.6
Massachusetts,Season peak percentage,percent,0.008,Bin,2.6,2.7
Massachusetts,Season peak percentage,percent,0.01,Bin,2.7,2.8
Massachusetts,Season peak percentage,percent,0.016,Bin,2.8,2.9
Massachusetts,Season peak percentage,percent,0.014,Bin,2.9,3.0
Massachusetts,Season peak percentage,percent,0.022,Bin,3.0,3.1
Massachusetts,Season peak percentage,percent,0.024,Bin,3.1,3.2
Massachusetts,Season peak percentage,percent,0.018,Bin,3.2,3.3
Massachusetts,Season peak percentage,percent,0.016,Bin,3.3,3.4
Massachusetts,Season peak percentage,percent,0.01,Bin,3.4,3.5
Massachusetts,Season peak percentage,percent,0.016,Bin,3.5,3.6
Massachusetts,Season peak percentage,percent,0.01,Bin,3.6,3.7
Massachusetts,Season peak percentage,percent,0.014,Bin,3.7,3.8
Massachusetts,Season peak percentage,percent,0.008,Bin,3.8,3.9
Massachusetts,Season peak percentage,percent,0.004,Bin,3.9,4.0
Massachusetts,Season peak percentage,percent,0.008,Bin,4.0,4.1
Massachusetts,Season peak percentage,percent,0.016,Bin,4.1,4.2
Massachusetts,Season peak percentage,percent,0.012,Bin,4.2,4.3
Massachusetts,Season peak percentage,percent,0.006,Bin,4.3,4.4
Massachusetts,Season peak percentage,percent,0.014,Bin,4.4,4.5
Massachusetts,Season peak percentage,percent,0.008,Bin,4.5,4.6
Massachusetts,Season peak percentage,percent,0.002,Bin,4.6,4.7
Massachusetts,Season peak percentage,percent,0.004,Bin,4.7,4.8
Massachusetts,Season peak percentage,percent,0.008,Bin,4.8,4.9
Massachusetts,Season peak percentage,percent,0.02,Bin,4.9,5.0
Massachusetts,Season peak percentage,percent,0.018,Bin,5.0,5.1
Massachusetts,Season peak percentage,percent,0.012,Bin,5.1,5.2
Massachusetts,Season peak percentage,percent,0.014,Bin,5.2,5.3
Massachusetts,Season peak percentage,percent,0.008,Bin,5.3,5.4
Massachusetts,Season peak percentage,percent,0.008,Bin,5.4,5.5
Massachusetts,Season peak percentage,percent,0.002,Bin,5.5,5.6
Massachusetts,Season peak percentage,percent,0.006,Bin,5.6,5.7
Massachusetts,Season peak percentage,percent,0.008,Bin,5.7,5.8
Massachusetts,Season peak percentage,percent,0.004,Bin,5.8,5.9
Massachusetts,Season peak percentage,percent,0.01,Bin,5.9,6.0
Massachusetts,Season peak percentage,percent,0.01,Bin,6.0,6.1
Massachusetts,Season peak percentage,percent,0.008,Bin,6.1,6.2
Massachusetts,Season peak percentage,percent,0.006,Bin,6.2,6.3
Massachusetts,Season peak percentage,percent,0.008,Bin,6.3,6.4
Massachusetts,Season peak percentage,percent,0.004,Bin,6.4,6.5
Massachusetts,Season peak percentage,percent,0.004,Bin,6.5,6.6
Massachusetts,Season peak percentage,percent,0.004,Bin,6.6,6.7
Massachusetts,Season peak percentage,percent,0.008,Bin,6.7,6.8
Massachusetts,Season peak percentage,percent,0.012,Bin,6.8,6.9
Massachusetts,Season peak percentage,percent,0.004,Bin,6.9,7.0
Massachusetts,Season peak percentage,percent,0.012,Bin,7.0,7.1
Massachusetts,Season peak percentage,percent,0.004,Bin,7.1,7.2
Massachusetts,Season peak percentage,percent,0.002,Bin,7.2,7.3
Massachusetts,Season peak percentage,percent,0.006,Bin,7.3,7.4
Massachusetts,Season peak percentage,percent,0.01,Bin,7.4,7.5
Massachusetts,Season peak percentage,percent,0.004,Bin,7.5,7.6
Massachusetts,Season peak percentage,percent,0.002,Bin,7.6,7.7
Massachusetts,Season peak percentage,percent,0.008,Bin,7.7,7.8
Massachusetts,Season peak percentage,percent,0,Bin,7.8,7.9
Massachusetts,Season peak percentage,percent,0.002,Bin,7.9,8.0
Massachusetts,Season peak percentage,percent,0.004,Bin,8.0,8.1
Massachusetts,Season peak percentage,percent,0.008,Bin,8.1,8.2
Massachusetts,Season peak percentage,percent,0.004,Bin,8.2,8.3
Massachusetts,Season peak percentage,percent,0.004,Bin,8.3,8.4
Massachusetts,Season peak percentage,percent,0.004,Bin,8.4,8.5
Massachusetts,Season peak percentage,percent,0.002,Bin,8.5,8.6
Massachusetts,Season peak percentage,percent,0.006,Bin,8.6,8.7
Massachusetts,Season peak percentage,percent,0.004,Bin,8.7,8.8
Massachusetts,Season peak percentage,percent,0.002,Bin,8.8,8.9
Massachusetts,Season peak percentage,percent,0.002,Bin,8.9,9.0
Massachusetts,Season peak percentage,percent,0.002,Bin,9.0,9.1
Massachusetts,Season peak percentage,percent,0.008,Bin,9.1,9.2
Massachusetts,Season peak percentage,percent,0.004,Bin,9.2,9.3
Massachusetts,Season peak percentage,percent,0.006,Bin,9.3,9.4
Massachusetts,Season peak percentage,percent,0.008,Bin,9.4,9.5
Massachusetts,Season peak percentage,percent,0.006,Bin,9.5,9.6
Massachusetts,Season peak percentage,percent,0.002,Bin,9.6,9.7
Massachusetts,Season peak percentage,percent,0.008,Bin,9.7,9.8
Massachusetts,Season peak percentage,percent,0,Bin,9.8,9.9
Massachusetts,Season peak percentage,percent,0.006,Bin,9.9,10.0
Massachusetts,Season peak percentage,percent,0.006,Bin,10.0,10.1
Massachusetts,Season peak percentage,percent,0,Bin,10.1,10.2
Massachusetts,Season peak percentage,percent,0.004,Bin,10.2,10.3
Massachusetts,Season peak percentage,percent,0.002,Bin,10.3,10.4
Massachusetts,Season peak percentage,percent,0,Bin,10.4,10.5
Massachusetts,Season peak percentage,percent,0.002,Bin,10.5,10.6
Massachusetts,Season peak percentage,percent,0.004,Bin,10.6,10.7
Massachusetts,Season peak percentage,percent,0.004,Bin,10.7,10.8
Massachusetts,Season peak percentage,percent,0,Bin,10.8,10.9
Massachusetts,Season peak percentage,percent,0.008,Bin,10.9,11.0
Massachusetts,Season peak percentage,percent,0,Bin,11.0,11.1
Massachusetts,Season peak percentage,percent,0,Bin,11.1,11.2
Massachusetts,Season peak percentage,percent,0.002,Bin,11.2,11.3
Massachusetts,Season peak percentage,percent,0.002,Bin,11.3,11.4
Massachusetts,Season peak percentage,percent,0,Bin,11.4,11.5
Massachusetts,Season peak percentage,percent,0,Bin,11.5,11.6
Massachusetts,Season peak percentage,percent,0,Bin,11.6,11.7
Massachusetts,Season peak percentage,percent,0.004,Bin,11.7,11.8
Massachusetts,Season peak percentage,percent,0.002,Bin,11.8,11.9
Massachusetts,Season peak percentage,percent,0,Bin,11.9,12.0
Massachusetts,Season peak percentage,percent,0,Bin,12.0,12.1
Massachusetts,Season peak percentage,percent,0.002,Bin,12.1,12.2
Massachusetts,Season peak percentage,percent,0.004,Bin,12.2,12.3
Massachusetts,Season peak percentage,percent,0.008,Bin,12.3,12.4
Massachusetts,Season peak percentage,percent,0.004,Bin,12.4,12.5
Massachusetts,Season peak percentage,percent,0,Bin,12.5,12.6
Massachusetts,Season peak percentage,percent,0.002,Bin,12.6,12.7
Massachusetts,Season peak percentage,percent,0,Bin,12.7,12.8
Massachusetts,Season peak percentage,percent,0.002,Bin,12.8,12.9
Massachusetts,Season peak percentage,percent,0.002,Bin,12.9,13.0
Massachusetts,Season peak percentage,percent,0.306,Bin,13.0,100.0
Massachusetts,Season peak week,week,0,Bin,40.0,41.0
Massachusetts,Season peak week,week,0,Bin,41.0,42.0
Massachusetts,Season peak week,week,0,Bin,42.0,43.0
Massachusetts,Season peak week,week,0,Bin,43.0,44.0
Massachusetts,Season peak week,week,0,Bin,44.0,45.0
Massachusetts,Season peak week,week,0,Bin,45.0,46.0
Massachusetts,Season peak week,week,0,Bin,46.0,47.0
Massachusetts,Season peak week,week,0,Bin,47.0,48.0
Massachusetts,Season peak week,week,0,Bin,48.0,49.0
Massachusetts,Season peak week,week,0.00961538461538462,Bin,49.0,50.0
Massachusetts,Season peak week,week,0.0269230769230769,Bin,50.0,51.0
Massachusetts,Season peak week,week,0.0346153846153846,Bin,51.0,52.0
Massachusetts,Season peak week,week,0.0423076923076923,Bin,52.0,53.0
Massachusetts,Season peak week,week,0.0557692307692308,Bin,1.0,2.0
Massachusetts,Season peak week,week,0.0846153846153846,Bin,2.0,3.0
Massachusetts,Season peak week,week,0.0673076923076923,Bin,3.0,4.0
Massachusetts,Season peak week,week,0.0653846153846154,Bin,4.0,5.0
Massachusetts,Season peak week,week,0.0980769230769231,Bin,5.0,6.0
Massachusetts,Season peak week,week,0.0884615384615385,Bin,6.0,7.0
Massachusetts,Season peak week,week,0.117307692307692,Bin,7.0,8.0
Massachusetts,Season peak week,week,0.0711538461538462,Bin,8.0,9.0
Massachusetts,Season peak week,week,0.0730769230769231,Bin,9.0,10.0
Massachusetts,Season peak week,week,0.0769230769230769,Bin,10.0,11.0
Massachusetts,Season peak week,week,0.0307692307692308,Bin,11.0,12.0
Massachusetts,Season peak week,week,0.0307692307692308,Bin,12.0,13.0
Massachusetts,Season peak week,week,0.00961538461538462,Bin,13.0,14.0
Massachusetts,Season peak week,week,0.00384615384615385,Bin,14.0,15.0
Massachusetts,Season peak week,week,0.00961538461538462,Bin,15.0,16.0
Massachusetts,Season peak week,week,0.00192307692307692,Bin,16.0,17.0
Massachusetts,Season peak week,week,0.00192307692307692,Bin,17.0,18.0
Massachusetts,Season peak week,week,0,Bin,18.0,19.0
Massachusetts,Season peak week,week,0,Bin,19.0,20.0
Massachusetts,Season peak week,week,0,Bin,20.0,21.0
Mississippi,1 wk ahead,percent,0,Bin,0.0,0.1
Mississippi,1 wk ahead,percent,0,Bin,0.1,0.2
Mississippi,1 wk ahead,percent,0,Bin,0.2,0.3
Mississippi,1 wk ahead,percent,0,Bin,0.3,0.4
Mississippi,1 wk ahead,percent,0,Bin,0.4,0.5
Mississippi,1 wk ahead,percent,0,Bin,0.5,0.6
Mississippi,1 wk ahead,percent,0,Bin,0.6,0.7
Mississippi,1 wk ahead,percent,0,Bin,0.7,0.8
Mississippi,1 wk ahead,percent,0,Bin,0.8,0.9
Mississippi,1 wk ahead,percent,0,Bin,0.9,1.0
Mississippi,1 wk ahead,percent,0,Bin,1.0,1.1
Mississippi,1 wk ahead,percent,0,Bin,1.1,1.2
Mississippi,1 wk ahead,percent,0,Bin,1.2,1.3
Mississippi,1 wk ahead,percent,0,Bin,1.3,1.4
Mississippi,1 wk ahead,percent,0,Bin,1.4,1.5
Mississippi,1 wk ahead,percent,0,Bin,1.5,1.6
Mississippi,1 wk ahead,percent,0,Bin,1.6,1.7
Mississippi,1 wk ahead,percent,0,Bin,1.7,1.8
Mississippi,1 wk ahead,percent,0,Bin,1.8,1.9
Mississippi,1 wk ahead,percent,0,Bin,1.9,2.0
Mississippi,1 wk ahead,percent,0,Bin,2.0,2.1
Mississippi,1 wk ahead,percent,0,Bin,2.1,2.2
Mississippi,1 wk ahead,percent,0,Bin,2.2,2.3
Mississippi,1 wk ahead,percent,0.00201207243460765,Bin,2.3,2.4
Mississippi,1 wk ahead,percent,0,Bin,2.4,2.5
Mississippi,1 wk ahead,percent,0,Bin,2.5,2.6
Mississippi,1 wk ahead,percent,0,Bin,2.6,2.7
Mississippi,1 wk ahead,percent,0.00201207243460765,Bin,2.7,2.8
Mississippi,1 wk ahead,percent,0.00201207243460765,Bin,2.8,2.9
Mississippi,1 wk ahead,percent,0,Bin,2.9,3.0
Mississippi,1 wk ahead,percent,0.00804828973843058,Bin,3.0,3.1
Mississippi,1 wk ahead,percent,0,Bin,3.1,3.2
Mississippi,1 wk ahead,percent,0.00603621730382294,Bin,3.2,3.3
Mississippi,1 wk ahead,percent,0.00201207243460765,Bin,3.3,3.4
Mississippi,1 wk ahead,percent,0.00201207243460765,Bin,3.4,3.5
Mississippi,1 wk ahead,percent,0.0160965794768612,Bin,3.5,3.6
Mississippi,1 wk ahead,percent,0.00804828973843058,Bin,3.6,3.7
Mississippi,1 wk ahead,percent,0.00804828973843058,Bin,3.7,3.8
Mississippi,1 wk ahead,percent,0.00201207243460765,Bin,3.8,3.9
Mississippi,1 wk ahead,percent,0.00603621730382294,Bin,3.9,4.0
Mississippi,1 wk ahead,percent,0.00804828973843058,Bin,4.0,4.1
Mississippi,1 wk ahead,percent,0.00603621730382294,Bin,4.1,4.2
Mississippi,1 wk ahead,percent,0.00603621730382294,Bin,4.2,4.3
Mississippi,1 wk ahead,percent,0.0201207243460765,Bin,4.3,4.4
Mississippi,1 wk ahead,percent,0.0140845070422535,Bin,4.4,4.5
Mississippi,1 wk ahead,percent,0.00804828973843058,Bin,4.5,4.6
Mississippi,1 wk ahead,percent,0.0201207243460765,Bin,4.6,4.7
Mississippi,1 wk ahead,percent,0.00804828973843058,Bin,4.7,4.8
Mississippi,1 wk ahead,percent,0.0181086519114688,Bin,4.8,4.9
Mississippi,1 wk ahead,percent,0.0201207243460765,Bin,4.9,5.0
Mississippi,1 wk ahead,percent,0.0120724346076459,Bin,5.0,5.1
Mississippi,1 wk ahead,percent,0.0181086519114688,Bin,5.1,5.2
Mississippi,1 wk ahead,percent,0.03420523138833,Bin,5.2,5.3
Mississippi,1 wk ahead,percent,0.0422535211267606,Bin,5.3,5.4
Mississippi,1 wk ahead,percent,0.0301810865191147,Bin,5.4,5.5
Mississippi,1 wk ahead,percent,0.0201207243460765,Bin,5.5,5.6
Mississippi,1 wk ahead,percent,0.0160965794768612,Bin,5.6,5.7
Mississippi,1 wk ahead,percent,0.0301810865191147,Bin,5.7,5.8
Mississippi,1 wk ahead,percent,0.0181086519114688,Bin,5.8,5.9
Mississippi,1 wk ahead,percent,0.0301810865191147,Bin,5.9,6.0
Mississippi,1 wk ahead,percent,0.03420523138833,Bin,6.0,6.1
Mississippi,1 wk ahead,percent,0.0221327967806841,Bin,6.1,6.2
Mississippi,1 wk ahead,percent,0.0422535211267606,Bin,6.2,6.3
Mississippi,1 wk ahead,percent,0.0221327967806841,Bin,6.3,6.4
Mississippi,1 wk ahead,percent,0.0402414486921529,Bin,6.4,6.5
Mississippi,1 wk ahead,percent,0.0100603621730382,Bin,6.5,6.6
Mississippi,1 wk ahead,percent,0.0201207243460765,Bin,6.6,6.7
Mississippi,1 wk ahead,percent,0.0160965794768612,Bin,6.7,6.8
Mississippi,1 wk ahead,percent,0.0221327967806841,Bin,6.8,6.9
Mississippi,1 wk ahead,percent,0.0181086519114688,Bin,6.9,7.0
Mississippi,1 wk ahead,percent,0.0261569416498994,Bin,7.0,7.1
Mississippi,1 wk ahead,percent,0,Bin,7.1,7.2
Mississippi,1 wk ahead,percent,0.0160965794768612,Bin,7.2,7.3
Mississippi,1 wk ahead,percent,0.0140845070422535,Bin,7.3,7.4
Mississippi,1 wk ahead,percent,0.0120724346076459,Bin,7.4,7.5
Mississippi,1 wk ahead,percent,0.0221327967806841,Bin,7.5,7.6
Mississippi,1 wk ahead,percent,0.0120724346076459,Bin,7.6,7.7
Mississippi,1 wk ahead,percent,0.0100603621730382,Bin,7.7,7.8
Mississippi,1 wk ahead,percent,0.00201207243460765,Bin,7.8,7.9
Mississippi,1 wk ahead,percent,0.0241448692152917,Bin,7.9,8.0
Mississippi,1 wk ahead,percent,0.0160965794768612,Bin,8.0,8.1
Mississippi,1 wk ahead,percent,0.0120724346076459,Bin,8.1,8.2
Mississippi,1 wk ahead,percent,0.0241448692152917,Bin,8.2,8.3
Mississippi,1 wk ahead,percent,0,Bin,8.3,8.4
Mississippi,1 wk ahead,percent,0.0100603621730382,Bin,8.4,8.5
Mississippi,1 wk ahead,percent,0.00402414486921529,Bin,8.5,8.6
Mississippi,1 wk ahead,percent,0.0140845070422535,Bin,8.6,8.7
Mississippi,1 wk ahead,percent,0,Bin,8.7,8.8
Mississippi,1 wk ahead,percent,0.00402414486921529,Bin,8.8,8.9
Mississippi,1 wk ahead,percent,0,Bin,8.9,9.0
Mississippi,1 wk ahead,percent,0,Bin,9.0,9.1
Mississippi,1 wk ahead,percent,0.00603621730382294,Bin,9.1,9.2
Mississippi,1 wk ahead,percent,0.00402414486921529,Bin,9.2,9.3
Mississippi,1 wk ahead,percent,0.00201207243460765,Bin,9.3,9.4
Mississippi,1 wk ahead,percent,0.0100603621730382,Bin,9.4,9.5
Mississippi,1 wk ahead,percent,0.00603621730382294,Bin,9.5,9.6
Mississippi,1 wk ahead,percent,0,Bin,9.6,9.7
Mississippi,1 wk ahead,percent,0.00402414486921529,Bin,9.7,9.8
Mississippi,1 wk ahead,percent,0,Bin,9.8,9.9
Mississippi,1 wk ahead,percent,0,Bin,9.9,10.0
Mississippi,1 wk ahead,percent,0,Bin,10.0,10.1
Mississippi,1 wk ahead,percent,0.0120724346076459,Bin,10.1,10.2
Mississippi,1 wk ahead,percent,0,Bin,10.2,10.3
Mississippi,1 wk ahead,percent,0,Bin,10.3,10.4
Mississippi,1 wk ahead,percent,0,Bin,10.4,10.5
Mississippi,1 wk ahead,percent,0,Bin,10.5,10.6
Mississippi,1 wk ahead,percent,0,Bin,10.6,10.7
Mississippi,1 wk ahead,percent,0,Bin,10.7,10.8
Mississippi,1 wk ahead,percent,0,Bin,10.8,10.9
Mississippi,1 wk ahead,percent,0.00402414486921529,Bin,10.9,11.0
Mississippi,1 wk ahead,percent,0,Bin,11.0,11.1
Mississippi,1 wk ahead,percent,0,Bin,11.1,11.2
Mississippi,1 wk ahead,percent,0.00402414486921529,Bin,11.2,11.3
Mississippi,1 wk ahead,percent,0,Bin,11.3,11.4
Mississippi,1 wk ahead,percent,0,Bin,11.4,11.5
Mississippi,1 wk ahead,percent,0,Bin,11.5,11.6
Mississippi,1 wk ahead,percent,0,Bin,11.6,11.7
Mississippi,1 wk ahead,percent,0,Bin,11.7,11.8
Mississippi,1 wk ahead,percent,0.00201207243460765,Bin,11.8,11.9
Mississippi,1 wk ahead,percent,0,Bin,11.9,12.0
Mississippi,1 wk ahead,percent,0,Bin,12.0,12.1
Mississippi,1 wk ahead,percent,0,Bin,12.1,12.2
Mississippi,1 wk ahead,percent,0,Bin,12.2,12.3
Mississippi,1 wk ahead,percent,0,Bin,12.3,12.4
Mississippi,1 wk ahead,percent,0.00201207243460765,Bin,12.4,12.5
Mississippi,1 wk ahead,percent,0,Bin,12.5,12.6
Mississippi,1 wk ahead,percent,0,Bin,12.6,12.7
Mississippi,1 wk ahead,percent,0,Bin,12.7,12.8
Mississippi,1 wk ahead,percent,0,Bin,12.8,12.9
Mississippi,1 wk ahead,percent,0,Bin,12.9,13.0
Mississippi,1 wk ahead,percent,0.028169014084507,Bin,13.0,100.0
Mississippi,2 wk ahead,percent,0,Bin,0.0,0.1
Mississippi,2 wk ahead,percent,0,Bin,0.1,0.2
Mississippi,2 wk ahead,percent,0,Bin,0.2,0.3
Mississippi,2 wk ahead,percent,0,Bin,0.3,0.4
Mississippi,2 wk ahead,percent,0,Bin,0.4,0.5
Mississippi,2 wk ahead,percent,0,Bin,0.5,0.6
Mississippi,2 wk ahead,percent,0,Bin,0.6,0.7
Mississippi,2 wk ahead,percent,0,Bin,0.7,0.8
Mississippi,2 wk ahead,percent,0,Bin,0.8,0.9
Mississippi,2 wk ahead,percent,0,Bin,0.9,1.0
Mississippi,2 wk ahead,percent,0,Bin,1.0,1.1
Mississippi,2 wk ahead,percent,0,Bin,1.1,1.2
Mississippi,2 wk ahead,percent,0,Bin,1.2,1.3
Mississippi,2 wk ahead,percent,0,Bin,1.3,1.4
Mississippi,2 wk ahead,percent,0,Bin,1.4,1.5
Mississippi,2 wk ahead,percent,0,Bin,1.5,1.6
Mississippi,2 wk ahead,percent,0,Bin,1.6,1.7
Mississippi,2 wk ahead,percent,0,Bin,1.7,1.8
Mississippi,2 wk ahead,percent,0,Bin,1.8,1.9
Mississippi,2 wk ahead,percent,0,Bin,1.9,2.0
Mississippi,2 wk ahead,percent,0,Bin,2.0,2.1
Mississippi,2 wk ahead,percent,0,Bin,2.1,2.2
Mississippi,2 wk ahead,percent,0,Bin,2.2,2.3
Mississippi,2 wk ahead,percent,0,Bin,2.3,2.4
Mississippi,2 wk ahead,percent,0.00202839756592292,Bin,2.4,2.5
Mississippi,2 wk ahead,percent,0,Bin,2.5,2.6
Mississippi,2 wk ahead,percent,0.00202839756592292,Bin,2.6,2.7
Mississippi,2 wk ahead,percent,0.00202839756592292,Bin,2.7,2.8
Mississippi,2 wk ahead,percent,0,Bin,2.8,2.9
Mississippi,2 wk ahead,percent,0.00202839756592292,Bin,2.9,3.0
Mississippi,2 wk ahead,percent,0,Bin,3.0,3.1
Mississippi,2 wk ahead,percent,0.00202839756592292,Bin,3.1,3.2
Mississippi,2 wk ahead,percent,0.0101419878296146,Bin,3.2,3.3
Mississippi,2 wk ahead,percent,0.00202839756592292,Bin,3.3,3.4
Mississippi,2 wk ahead,percent,0.00608519269776876,Bin,3.4,3.5
Mississippi,2 wk ahead,percent,0.00811359026369168,Bin,3.5,3.6
Mississippi,2 wk ahead,percent,0.0162271805273834,Bin,3.6,3.7
Mississippi,2 wk ahead,percent,0.00405679513184584,Bin,3.7,3.8
Mississippi,2 wk ahead,percent,0.00811359026369168,Bin,3.8,3.9
Mississippi,2 wk ahead,percent,0.00811359026369168,Bin,3.9,4.0
Mississippi,2 wk ahead,percent,0.0121703853955375,Bin,4.0,4.1
Mississippi,2 wk ahead,percent,0.0162271805273834,Bin,4.1,4.2
Mississippi,2 wk ahead,percent,0.0101419878296146,Bin,4.2,4.3
Mississippi,2 wk ahead,percent,0.0141987829614604,Bin,4.3,4.4
Mississippi,2 wk ahead,percent,0.0141987829614604,Bin,4.4,4.5
Mississippi,2 wk ahead,percent,0.0141987829614604,Bin,4.5,4.6
Mississippi,2 wk ahead,percent,0.00405679513184584,Bin,4.6,4.7
Mississippi,2 wk ahead,percent,0.0182555780933063,Bin,4.7,4.8
Mississippi,2 wk ahead,percent,0.0141987829614604,Bin,4.8,4.9
Mississippi,2 wk ahead,percent,0.0141987829614604,Bin,4.9,5.0
Mississippi,2 wk ahead,percent,0.0344827586206897,Bin,5.0,5.1
Mississippi,2 wk ahead,percent,0.0182555780933063,Bin,5.1,5.2
Mississippi,2 wk ahead,percent,0.026369168356998,Bin,5.2,5.3
Mississippi,2 wk ahead,percent,0.0101419878296146,Bin,5.3,5.4
Mississippi,2 wk ahead,percent,0.0202839756592292,Bin,5.4,5.5
Mississippi,2 wk ahead,percent,0.0141987829614604,Bin,5.5,5.6
Mississippi,2 wk ahead,percent,0.0121703853955375,Bin,5.6,5.7
Mississippi,2 wk ahead,percent,0.0182555780933063,Bin,5.7,5.8
Mississippi,2 wk ahead,percent,0.026369168356998,Bin,5.8,5.9
Mississippi,2 wk ahead,percent,0.0121703853955375,Bin,5.9,6.0
Mississippi,2 wk ahead,percent,0.0162271805273834,Bin,6.0,6.1
Mississippi,2 wk ahead,percent,0.0182555780933063,Bin,6.1,6.2
Mississippi,2 wk ahead,percent,0.0202839756592292,Bin,6.2,6.3
Mississippi,2 wk ahead,percent,0.0182555780933063,Bin,6.3,6.4
Mississippi,2 wk ahead,percent,0.0243407707910751,Bin,6.4,6.5
Mississippi,2 wk ahead,percent,0.0283975659229209,Bin,6.5,6.6
Mississippi,2 wk ahead,percent,0.0223123732251521,Bin,6.6,6.7
Mississippi,2 wk ahead,percent,0.0121703853955375,Bin,6.7,6.8
Mississippi,2 wk ahead,percent,0.0121703853955375,Bin,6.8,6.9
Mississippi,2 wk ahead,percent,0.00811359026369168,Bin,6.9,7.0
Mississippi,2 wk ahead,percent,0.0182555780933063,Bin,7.0,7.1
Mississippi,2 wk ahead,percent,0.0141987829614604,Bin,7.1,7.2
Mississippi,2 wk ahead,percent,0.0223123732251521,Bin,7.2,7.3
Mississippi,2 wk ahead,percent,0.0121703853955375,Bin,7.3,7.4
Mississippi,2 wk ahead,percent,0.00608519269776876,Bin,7.4,7.5
Mississippi,2 wk ahead,percent,0.00608519269776876,Bin,7.5,7.6
Mississippi,2 wk ahead,percent,0.0101419878296146,Bin,7.6,7.7
Mississippi,2 wk ahead,percent,0.00405679513184584,Bin,7.7,7.8
Mississippi,2 wk ahead,percent,0.00202839756592292,Bin,7.8,7.9
Mississippi,2 wk ahead,percent,0.00811359026369168,Bin,7.9,8.0
Mississippi,2 wk ahead,percent,0.00811359026369168,Bin,8.0,8.1
Mississippi,2 wk ahead,percent,0.0283975659229209,Bin,8.1,8.2
Mississippi,2 wk ahead,percent,0.00405679513184584,Bin,8.2,8.3
Mississippi,2 wk ahead,percent,0.00811359026369168,Bin,8.3,8.4
Mississippi,2 wk ahead,percent,0.00608519269776876,Bin,8.4,8.5
Mississippi,2 wk ahead,percent,0.00811359026369168,Bin,8.5,8.6
Mississippi,2 wk ahead,percent,0.00608519269776876,Bin,8.6,8.7
Mississippi,2 wk ahead,percent,0.0121703853955375,Bin,8.7,8.8
Mississippi,2 wk ahead,percent,0.00608519269776876,Bin,8.8,8.9
Mississippi,2 wk ahead,percent,0.0101419878296146,Bin,8.9,9.0
Mississippi,2 wk ahead,percent,0.0162271805273834,Bin,9.0,9.1
Mississippi,2 wk ahead,percent,0.00608519269776876,Bin,9.1,9.2
Mississippi,2 wk ahead,percent,0.00405679513184584,Bin,9.2,9.3
Mississippi,2 wk ahead,percent,0.00405679513184584,Bin,9.3,9.4
Mississippi,2 wk ahead,percent,0.00405679513184584,Bin,9.4,9.5
Mississippi,2 wk ahead,percent,0.00405679513184584,Bin,9.5,9.6
Mississippi,2 wk ahead,percent,0.0101419878296146,Bin,9.6,9.7
Mississippi,2 wk ahead,percent,0.00608519269776876,Bin,9.7,9.8
Mississippi,2 wk ahead,percent,0.00202839756592292,Bin,9.8,9.9
Mississippi,2 wk ahead,percent,0,Bin,9.9,10.0
Mississippi,2 wk ahead,percent,0.00608519269776876,Bin,10.0,10.1
Mississippi,2 wk ahead,percent,0.00608519269776876,Bin,10.1,10.2
Mississippi,2 wk ahead,percent,0.0101419878296146,Bin,10.2,10.3
Mississippi,2 wk ahead,percent,0.00202839756592292,Bin,10.3,10.4
Mississippi,2 wk ahead,percent,0,Bin,10.4,10.5
Mississippi,2 wk ahead,percent,0.00405679513184584,Bin,10.5,10.6
Mississippi,2 wk ahead,percent,0.00811359026369168,Bin,10.6,10.7
Mississippi,2 wk ahead,percent,0,Bin,10.7,10.8
Mississippi,2 wk ahead,percent,0.00405679513184584,Bin,10.8,10.9
Mississippi,2 wk ahead,percent,0.00202839756592292,Bin,10.9,11.0
Mississippi,2 wk ahead,percent,0.00405679513184584,Bin,11.0,11.1
Mississippi,2 wk ahead,percent,0.00608519269776876,Bin,11.1,11.2
Mississippi,2 wk ahead,percent,0.00811359026369168,Bin,11.2,11.3
Mississippi,2 wk ahead,percent,0.00405679513184584,Bin,11.3,11.4
Mississippi,2 wk ahead,percent,0.00202839756592292,Bin,11.4,11.5
Mississippi,2 wk ahead,percent,0.00202839756592292,Bin,11.5,11.6
Mississippi,2 wk ahead,percent,0,Bin,11.6,11.7
Mississippi,2 wk ahead,percent,0.00202839756592292,Bin,11.7,11.8
Mississippi,2 wk ahead,percent,0.00405679513184584,Bin,11.8,11.9
Mississippi,2 wk ahead,percent,0,Bin,11.9,12.0
Mississippi,2 wk ahead,percent,0.00202839756592292,Bin,12.0,12.1
Mississippi,2 wk ahead,percent,0.00202839756592292,Bin,12.1,12.2
Mississippi,2 wk ahead,percent,0,Bin,12.2,12.3
Mississippi,2 wk ahead,percent,0.00405679513184584,Bin,12.3,12.4
Mississippi,2 wk ahead,percent,0,Bin,12.4,12.5
Mississippi,2 wk ahead,percent,0.00202839756592292,Bin,12.5,12.6
Mississippi,2 wk ahead,percent,0.00405679513184584,Bin,12.6,12.7
Mississippi,2 wk ahead,percent,0.00405679513184584,Bin,12.7,12.8
Mississippi,2 wk ahead,percent,0,Bin,12.8,12.9
Mississippi,2 wk ahead,percent,0,Bin,12.9,13.0
Mississippi,2 wk ahead,percent,0.0709939148073022,Bin,13.0,100.0
Mississippi,3 wk ahead,percent,0,Bin,0.0,0.1
Mississippi,3 wk ahead,percent,0,Bin,0.1,0.2
Mississippi,3 wk ahead,percent,0,Bin,0.2,0.3
Mississippi,3 wk ahead,percent,0,Bin,0.3,0.4
Mississippi,3 wk ahead,percent,0,Bin,0.4,0.5
Mississippi,3 wk ahead,percent,0,Bin,0.5,0.6
Mississippi,3 wk ahead,percent,0,Bin,0.6,0.7
Mississippi,3 wk ahead,percent,0,Bin,0.7,0.8
Mississippi,3 wk ahead,percent,0,Bin,0.8,0.9
Mississippi,3 wk ahead,percent,0,Bin,0.9,1.0
Mississippi,3 wk ahead,percent,0,Bin,1.0,1.1
Mississippi,3 wk ahead,percent,0,Bin,1.1,1.2
Mississippi,3 wk ahead,percent,0,Bin,1.2,1.3
Mississippi,3 wk ahead,percent,0,Bin,1.3,1.4
Mississippi,3 wk ahead,percent,0,Bin,1.4,1.5
Mississippi,3 wk ahead,percent,0,Bin,1.5,1.6
Mississippi,3 wk ahead,percent,0,Bin,1.6,1.7
Mississippi,3 wk ahead,percent,0,Bin,1.7,1.8
Mississippi,3 wk ahead,percent,0,Bin,1.8,1.9
Mississippi,3 wk ahead,percent,0,Bin,1.9,2.0
Mississippi,3 wk ahead,percent,0,Bin,2.0,2.1
Mississippi,3 wk ahead,percent,0.00203665987780041,Bin,2.1,2.2
Mississippi,3 wk ahead,percent,0,Bin,2.2,2.3
Mississippi,3 wk ahead,percent,0,Bin,2.3,2.4
Mississippi,3 wk ahead,percent,0.00203665987780041,Bin,2.4,2.5
Mississippi,3 wk ahead,percent,0,Bin,2.5,2.6
Mississippi,3 wk ahead,percent,0.00203665987780041,Bin,2.6,2.7
Mississippi,3 wk ahead,percent,0.00203665987780041,Bin,2.7,2.8
Mississippi,3 wk ahead,percent,0.00203665987780041,Bin,2.8,2.9
Mississippi,3 wk ahead,percent,0.00610997963340122,Bin,2.9,3.0
Mississippi,3 wk ahead,percent,0.00407331975560081,Bin,3.0,3.1
Mississippi,3 wk ahead,percent,0.00407331975560081,Bin,3.1,3.2
Mississippi,3 wk ahead,percent,0.00407331975560081,Bin,3.2,3.3
Mississippi,3 wk ahead,percent,0.00814663951120163,Bin,3.3,3.4
Mississippi,3 wk ahead,percent,0.010183299389002,Bin,3.4,3.5
Mississippi,3 wk ahead,percent,0.00407331975560081,Bin,3.5,3.6
Mississippi,3 wk ahead,percent,0.010183299389002,Bin,3.6,3.7
Mississippi,3 wk ahead,percent,0.0122199592668024,Bin,3.7,3.8
Mississippi,3 wk ahead,percent,0.00407331975560081,Bin,3.8,3.9
Mississippi,3 wk ahead,percent,0.0162932790224033,Bin,3.9,4.0
Mississippi,3 wk ahead,percent,0.00610997963340122,Bin,4.0,4.1
Mississippi,3 wk ahead,percent,0.00814663951120163,Bin,4.1,4.2
Mississippi,3 wk ahead,percent,0.0142566191446029,Bin,4.2,4.3
Mississippi,3 wk ahead,percent,0.00610997963340122,Bin,4.3,4.4
Mississippi,3 wk ahead,percent,0.0183299389002037,Bin,4.4,4.5
Mississippi,3 wk ahead,percent,0.0142566191446029,Bin,4.5,4.6
Mississippi,3 wk ahead,percent,0.0162932790224033,Bin,4.6,4.7
Mississippi,3 wk ahead,percent,0.0142566191446029,Bin,4.7,4.8
Mississippi,3 wk ahead,percent,0.0142566191446029,Bin,4.8,4.9
Mississippi,3 wk ahead,percent,0.0183299389002037,Bin,4.9,5.0
Mississippi,3 wk ahead,percent,0.0122199592668024,Bin,5.0,5.1
Mississippi,3 wk ahead,percent,0.0183299389002037,Bin,5.1,5.2
Mississippi,3 wk ahead,percent,0.0142566191446029,Bin,5.2,5.3
Mississippi,3 wk ahead,percent,0.0162932790224033,Bin,5.3,5.4
Mississippi,3 wk ahead,percent,0.00203665987780041,Bin,5.4,5.5
Mississippi,3 wk ahead,percent,0.0142566191446029,Bin,5.5,5.6
Mississippi,3 wk ahead,percent,0.0244399185336049,Bin,5.6,5.7
Mississippi,3 wk ahead,percent,0.0142566191446029,Bin,5.7,5.8
Mississippi,3 wk ahead,percent,0.010183299389002,Bin,5.8,5.9
Mississippi,3 wk ahead,percent,0.0183299389002037,Bin,5.9,6.0
Mississippi,3 wk ahead,percent,0.0162932790224033,Bin,6.0,6.1
Mississippi,3 wk ahead,percent,0.00814663951120163,Bin,6.1,6.2
Mississippi,3 wk ahead,percent,0.0183299389002037,Bin,6.2,6.3
Mississippi,3 wk ahead,percent,0.0183299389002037,Bin,6.3,6.4
Mississippi,3 wk ahead,percent,0.0122199592668024,Bin,6.4,6.5
Mississippi,3 wk ahead,percent,0.00814663951120163,Bin,6.5,6.6
Mississippi,3 wk ahead,percent,0.0122199592668024,Bin,6.6,6.7
Mississippi,3 wk ahead,percent,0.00610997963340122,Bin,6.7,6.8
Mississippi,3 wk ahead,percent,0.0142566191446029,Bin,6.8,6.9
Mississippi,3 wk ahead,percent,0.00610997963340122,Bin,6.9,7.0
Mississippi,3 wk ahead,percent,0.0183299389002037,Bin,7.0,7.1
Mississippi,3 wk ahead,percent,0.0142566191446029,Bin,7.1,7.2
Mississippi,3 wk ahead,percent,0.010183299389002,Bin,7.2,7.3
Mississippi,3 wk ahead,percent,0.00814663951120163,Bin,7.3,7.4
Mississippi,3 wk ahead,percent,0.0183299389002037,Bin,7.4,7.5
Mississippi,3 wk ahead,percent,0.0162932790224033,Bin,7.5,7.6
Mississippi,3 wk ahead,percent,0.00814663951120163,Bin,7.6,7.7
Mississippi,3 wk ahead,percent,0.0122199592668024,Bin,7.7,7.8
Mississippi,3 wk ahead,percent,0.00610997963340122,Bin,7.8,7.9
Mississippi,3 wk ahead,percent,0.0122199592668024,Bin,7.9,8.0
Mississippi,3 wk ahead,percent,0.0122199592668024,Bin,8.0,8.1
Mississippi,3 wk ahead,percent,0.00407331975560081,Bin,8.1,8.2
Mississippi,3 wk ahead,percent,0.0142566191446029,Bin,8.2,8.3
Mississippi,3 wk ahead,percent,0.00814663951120163,Bin,8.3,8.4
Mississippi,3 wk ahead,percent,0.00407331975560081,Bin,8.4,8.5
Mississippi,3 wk ahead,percent,0.0142566191446029,Bin,8.5,8.6
Mississippi,3 wk ahead,percent,0.010183299389002,Bin,8.6,8.7
Mississippi,3 wk ahead,percent,0.0122199592668024,Bin,8.7,8.8
Mississippi,3 wk ahead,percent,0.0162932790224033,Bin,8.8,8.9
Mississippi,3 wk ahead,percent,0.010183299389002,Bin,8.9,9.0
Mississippi,3 wk ahead,percent,0.00203665987780041,Bin,9.0,9.1
Mississippi,3 wk ahead,percent,0.0162932790224033,Bin,9.1,9.2
Mississippi,3 wk ahead,percent,0.00203665987780041,Bin,9.2,9.3
Mississippi,3 wk ahead,percent,0.00814663951120163,Bin,9.3,9.4
Mississippi,3 wk ahead,percent,0.00203665987780041,Bin,9.4,9.5
Mississippi,3 wk ahead,percent,0.00407331975560081,Bin,9.5,9.6
Mississippi,3 wk ahead,percent,0.00407331975560081,Bin,9.6,9.7
Mississippi,3 wk ahead,percent,0.00610997963340122,Bin,9.7,9.8
Mississippi,3 wk ahead,percent,0.00407331975560081,Bin,9.8,9.9
Mississippi,3 wk ahead,percent,0.00407331975560081,Bin,9.9,10.0
Mississippi,3 wk ahead,percent,0.00610997963340122,Bin,10.0,10.1
Mississippi,3 wk ahead,percent,0.0122199592668024,Bin,10.1,10.2
Mississippi,3 wk ahead,percent,0.00407331975560081,Bin,10.2,10.3
Mississippi,3 wk ahead,percent,0.00203665987780041,Bin,10.3,10.4
Mississippi,3 wk ahead,percent,0.00203665987780041,Bin,10.4,10.5
Mississippi,3 wk ahead,percent,0.00610997963340122,Bin,10.5,10.6
Mississippi,3 wk ahead,percent,0.00407331975560081,Bin,10.6,10.7
Mississippi,3 wk ahead,percent,0.00203665987780041,Bin,10.7,10.8
Mississippi,3 wk ahead,percent,0.00407331975560081,Bin,10.8,10.9
Mississippi,3 wk ahead,percent,0.00203665987780041,Bin,10.9,11.0
Mississippi,3 wk ahead,percent,0.00610997963340122,Bin,11.0,11.1
Mississippi,3 wk ahead,percent,0.00203665987780041,Bin,11.1,11.2
Mississippi,3 wk ahead,percent,0,Bin,11.2,11.3
Mississippi,3 wk ahead,percent,0,Bin,11.3,11.4
Mississippi,3 wk ahead,percent,0.00407331975560081,Bin,11.4,11.5
Mississippi,3 wk ahead,percent,0,Bin,11.5,11.6
Mississippi,3 wk ahead,percent,0.00203665987780041,Bin,11.6,11.7
Mississippi,3 wk ahead,percent,0.00407331975560081,Bin,11.7,11.8
Mississippi,3 wk ahead,percent,0.00203665987780041,Bin,11.8,11.9
Mississippi,3 wk ahead,percent,0.00203665987780041,Bin,11.9,12.0
Mississippi,3 wk ahead,percent,0.00203665987780041,Bin,12.0,12.1
Mississippi,3 wk ahead,percent,0.00203665987780041,Bin,12.1,12.2
Mississippi,3 wk ahead,percent,0.00610997963340122,Bin,12.2,12.3
Mississippi,3 wk ahead,percent,0.00203665987780041,Bin,12.3,12.4
Mississippi,3 wk ahead,percent,0.00407331975560081,Bin,12.4,12.5
Mississippi,3 wk ahead,percent,0.00203665987780041,Bin,12.5,12.6
Mississippi,3 wk ahead,percent,0.00203665987780041,Bin,12.6,12.7
Mississippi,3 wk ahead,percent,0.00203665987780041,Bin,12.7,12.8
Mississippi,3 wk ahead,percent,0.00407331975560081,Bin,12.8,12.9
Mississippi,3 wk ahead,percent,0.00407331975560081,Bin,12.9,13.0
Mississippi,3 wk ahead,percent,0.130346232179226,Bin,13.0,100.0
Mississippi,4 wk ahead,percent,0,Bin,0.0,0.1
Mississippi,4 wk ahead,percent,0,Bin,0.1,0.2
Mississippi,4 wk ahead,percent,0,Bin,0.2,0.3
Mississippi,4 wk ahead,percent,0,Bin,0.3,0.4
Mississippi,4 wk ahead,percent,0,Bin,0.4,0.5
Mississippi,4 wk ahead,percent,0,Bin,0.5,0.6
Mississippi,4 wk ahead,percent,0,Bin,0.6,0.7
Mississippi,4 wk ahead,percent,0,Bin,0.7,0.8
Mississippi,4 wk ahead,percent,0,Bin,0.8,0.9
Mississippi,4 wk ahead,percent,0,Bin,0.9,1.0
Mississippi,4 wk ahead,percent,0,Bin,1.0,1.1
Mississippi,4 wk ahead,percent,0,Bin,1.1,1.2
Mississippi,4 wk ahead,percent,0,Bin,1.2,1.3
Mississippi,4 wk ahead,percent,0,Bin,1.3,1.4
Mississippi,4 wk ahead,percent,0,Bin,1.4,1.5
Mississippi,4 wk ahead,percent,0,Bin,1.5,1.6
Mississippi,4 wk ahead,percent,0,Bin,1.6,1.7
Mississippi,4 wk ahead,percent,0,Bin,1.7,1.8
Mississippi,4 wk ahead,percent,0,Bin,1.8,1.9
Mississippi,4 wk ahead,percent,0,Bin,1.9,2.0
Mississippi,4 wk ahead,percent,0,Bin,2.0,2.1
Mississippi,4 wk ahead,percent,0,Bin,2.1,2.2
Mississippi,4 wk ahead,percent,0,Bin,2.2,2.3
Mississippi,4 wk ahead,percent,0,Bin,2.3,2.4
Mississippi,4 wk ahead,percent,0.0020746887966805,Bin,2.4,2.5
Mississippi,4 wk ahead,percent,0,Bin,2.5,2.6
Mississippi,4 wk ahead,percent,0,Bin,2.6,2.7
Mississippi,4 wk ahead,percent,0,Bin,2.7,2.8
Mississippi,4 wk ahead,percent,0.00829875518672199,Bin,2.8,2.9
Mississippi,4 wk ahead,percent,0.004149377593361,Bin,2.9,3.0
Mississippi,4 wk ahead,percent,0.004149377593361,Bin,3.0,3.1
Mississippi,4 wk ahead,percent,0.00829875518672199,Bin,3.1,3.2
Mississippi,4 wk ahead,percent,0.004149377593361,Bin,3.2,3.3
Mississippi,4 wk ahead,percent,0.0103734439834025,Bin,3.3,3.4
Mississippi,4 wk ahead,percent,0.016597510373444,Bin,3.4,3.5
Mississippi,4 wk ahead,percent,0.004149377593361,Bin,3.5,3.6
Mississippi,4 wk ahead,percent,0.0103734439834025,Bin,3.6,3.7
Mississippi,4 wk ahead,percent,0.0145228215767635,Bin,3.7,3.8
Mississippi,4 wk ahead,percent,0.0103734439834025,Bin,3.8,3.9
Mississippi,4 wk ahead,percent,0.0103734439834025,Bin,3.9,4.0
Mississippi,4 wk ahead,percent,0.00622406639004149,Bin,4.0,4.1
Mississippi,4 wk ahead,percent,0.0145228215767635,Bin,4.1,4.2
Mississippi,4 wk ahead,percent,0.016597510373444,Bin,4.2,4.3
Mississippi,4 wk ahead,percent,0.0145228215767635,Bin,4.3,4.4
Mississippi,4 wk ahead,percent,0.016597510373444,Bin,4.4,4.5
Mississippi,4 wk ahead,percent,0.0103734439834025,Bin,4.5,4.6
Mississippi,4 wk ahead,percent,0.0228215767634855,Bin,4.6,4.7
Mississippi,4 wk ahead,percent,0.0145228215767635,Bin,4.7,4.8
Mississippi,4 wk ahead,percent,0.0186721991701245,Bin,4.8,4.9
Mississippi,4 wk ahead,percent,0.0103734439834025,Bin,4.9,5.0
Mississippi,4 wk ahead,percent,0.012448132780083,Bin,5.0,5.1
Mississippi,4 wk ahead,percent,0.016597510373444,Bin,5.1,5.2
Mississippi,4 wk ahead,percent,0.020746887966805,Bin,5.2,5.3
Mississippi,4 wk ahead,percent,0.0145228215767635,Bin,5.3,5.4
Mississippi,4 wk ahead,percent,0.020746887966805,Bin,5.4,5.5
Mississippi,4 wk ahead,percent,0.012448132780083,Bin,5.5,5.6
Mississippi,4 wk ahead,percent,0.016597510373444,Bin,5.6,5.7
Mississippi,4 wk ahead,percent,0.016597510373444,Bin,5.7,5.8
Mississippi,4 wk ahead,percent,0.0103734439834025,Bin,5.8,5.9
Mississippi,4 wk ahead,percent,0.0103734439834025,Bin,5.9,6.0
Mississippi,4 wk ahead,percent,0.029045643153527,Bin,6.0,6.1
Mississippi,4 wk ahead,percent,0.0228215767634855,Bin,6.1,6.2
Mississippi,4 wk ahead,percent,0.016597510373444,Bin,6.2,6.3
Mississippi,4 wk ahead,percent,0.016597510373444,Bin,6.3,6.4
Mississippi,4 wk ahead,percent,0.0103734439834025,Bin,6.4,6.5
Mississippi,4 wk ahead,percent,0.00622406639004149,Bin,6.5,6.6
Mississippi,4 wk ahead,percent,0.012448132780083,Bin,6.6,6.7
Mississippi,4 wk ahead,percent,0.0186721991701245,Bin,6.7,6.8
Mississippi,4 wk ahead,percent,0.0145228215767635,Bin,6.8,6.9
Mississippi,4 wk ahead,percent,0.0145228215767635,Bin,6.9,7.0
Mississippi,4 wk ahead,percent,0.016597510373444,Bin,7.0,7.1
Mississippi,4 wk ahead,percent,0.012448132780083,Bin,7.1,7.2
Mississippi,4 wk ahead,percent,0.0145228215767635,Bin,7.2,7.3
Mississippi,4 wk ahead,percent,0.012448132780083,Bin,7.3,7.4
Mississippi,4 wk ahead,percent,0.004149377593361,Bin,7.4,7.5
Mississippi,4 wk ahead,percent,0.020746887966805,Bin,7.5,7.6
Mississippi,4 wk ahead,percent,0.00622406639004149,Bin,7.6,7.7
Mississippi,4 wk ahead,percent,0.0103734439834025,Bin,7.7,7.8
Mississippi,4 wk ahead,percent,0.0103734439834025,Bin,7.8,7.9
Mississippi,4 wk ahead,percent,0.00829875518672199,Bin,7.9,8.0
Mississippi,4 wk ahead,percent,0.012448132780083,Bin,8.0,8.1
Mississippi,4 wk ahead,percent,0.00829875518672199,Bin,8.1,8.2
Mississippi,4 wk ahead,percent,0.00622406639004149,Bin,8.2,8.3
Mississippi,4 wk ahead,percent,0.00622406639004149,Bin,8.3,8.4
Mississippi,4 wk ahead,percent,0.00622406639004149,Bin,8.4,8.5
Mississippi,4 wk ahead,percent,0.0103734439834025,Bin,8.5,8.6
Mississippi,4 wk ahead,percent,0.004149377593361,Bin,8.6,8.7
Mississippi,4 wk ahead,percent,0.00622406639004149,Bin,8.7,8.8
Mississippi,4 wk ahead,percent,0.00622406639004149,Bin,8.8,8.9
Mississippi,4 wk ahead,percent,0,Bin,8.9,9.0
Mississippi,4 wk ahead,percent,0.0103734439834025,Bin,9.0,9.1
Mississippi,4 wk ahead,percent,0.00622406639004149,Bin,9.1,9.2
Mississippi,4 wk ahead,percent,0.0020746887966805,Bin,9.2,9.3
Mississippi,4 wk ahead,percent,0.004149377593361,Bin,9.3,9.4
Mississippi,4 wk ahead,percent,0.0020746887966805,Bin,9.4,9.5
Mississippi,4 wk ahead,percent,0.00622406639004149,Bin,9.5,9.6
Mississippi,4 wk ahead,percent,0.0103734439834025,Bin,9.6,9.7
Mississippi,4 wk ahead,percent,0,Bin,9.7,9.8
Mississippi,4 wk ahead,percent,0.0020746887966805,Bin,9.8,9.9
Mississippi,4 wk ahead,percent,0.0020746887966805,Bin,9.9,10.0
Mississippi,4 wk ahead,percent,0.00622406639004149,Bin,10.0,10.1
Mississippi,4 wk ahead,percent,0,Bin,10.1,10.2
Mississippi,4 wk ahead,percent,0.004149377593361,Bin,10.2,10.3
Mississippi,4 wk ahead,percent,0.0020746887966805,Bin,10.3,10.4
Mississippi,4 wk ahead,percent,0,Bin,10.4,10.5
Mississippi,4 wk ahead,percent,0.00622406639004149,Bin,10.5,10.6
Mississippi,4 wk ahead,percent,0.00829875518672199,Bin,10.6,10.7
Mississippi,4 wk ahead,percent,0.00829875518672199,Bin,10.7,10.8
Mississippi,4 wk ahead,percent,0.0020746887966805,Bin,10.8,10.9
Mississippi,4 wk ahead,percent,0.004149377593361,Bin,10.9,11.0
Mississippi,4 wk ahead,percent,0.00622406639004149,Bin,11.0,11.1
Mississippi,4 wk ahead,percent,0.00829875518672199,Bin,11.1,11.2
Mississippi,4 wk ahead,percent,0.00622406639004149,Bin,11.2,11.3
Mississippi,4 wk ahead,percent,0.0020746887966805,Bin,11.3,11.4
Mississippi,4 wk ahead,percent,0,Bin,11.4,11.5
Mississippi,4 wk ahead,percent,0,Bin,11.5,11.6
Mississippi,4 wk ahead,percent,0.0020746887966805,Bin,11.6,11.7
Mississippi,4 wk ahead,percent,0,Bin,11.7,11.8
Mississippi,4 wk ahead,percent,0,Bin,11.8,11.9
Mississippi,4 wk ahead,percent,0.0020746887966805,Bin,11.9,12.0
Mississippi,4 wk ahead,percent,0,Bin,12.0,12.1
Mississippi,4 wk ahead,percent,0.0103734439834025,Bin,12.1,12.2
Mississippi,4 wk ahead,percent,0,Bin,12.2,12.3
Mississippi,4 wk ahead,percent,0.00829875518672199,Bin,12.3,12.4
Mississippi,4 wk ahead,percent,0,Bin,12.4,12.5
Mississippi,4 wk ahead,percent,0.00622406639004149,Bin,12.5,12.6
Mississippi,4 wk ahead,percent,0,Bin,12.6,12.7
Mississippi,4 wk ahead,percent,0.0020746887966805,Bin,12.7,12.8
Mississippi,4 wk ahead,percent,0,Bin,12.8,12.9
Mississippi,4 wk ahead,percent,0.004149377593361,Bin,12.9,13.0
Mississippi,4 wk ahead,percent,0.105809128630705,Bin,13.0,100.0
Mississippi,Season peak percentage,percent,0,Bin,0.0,0.1
Mississippi,Season peak percentage,percent,0,Bin,0.1,0.2
Mississippi,Season peak percentage,percent,0,Bin,0.2,0.3
Mississippi,Season peak percentage,percent,0,Bin,0.3,0.4
Mississippi,Season peak percentage,percent,0,Bin,0.4,0.5
Mississippi,Season peak percentage,percent,0,Bin,0.5,0.6
Mississippi,Season peak percentage,percent,0,Bin,0.6,0.7
Mississippi,Season peak percentage,percent,0,Bin,0.7,0.8
Mississippi,Season peak percentage,percent,0,Bin,0.8,0.9
Mississippi,Season peak percentage,percent,0,Bin,0.9,1.0
Mississippi,Season peak percentage,percent,0,Bin,1.0,1.1
Mississippi,Season peak percentage,percent,0,Bin,1.1,1.2
Mississippi,Season peak percentage,percent,0,Bin,1.2,1.3
Mississippi,Season peak percentage,percent,0,Bin,1.3,1.4
Mississippi,Season peak percentage,percent,0,Bin,1.4,1.5
Mississippi,Season peak percentage,percent,0,Bin,1.5,1.6
Mississippi,Season peak percentage,percent,0,Bin,1.6,1.7
Mississippi,Season peak percentage,percent,0,Bin,1.7,1.8
Mississippi,Season peak percentage,percent,0,Bin,1.8,1.9
Mississippi,Season peak percentage,percent,0,Bin,1.9,2.0
Mississippi,Season peak percentage,percent,0,Bin,2.0,2.1
Mississippi,Season peak percentage,percent,0,Bin,2.1,2.2
Mississippi,Season peak percentage,percent,0,Bin,2.2,2.3
Mississippi,Season peak percentage,percent,0,Bin,2.3,2.4
Mississippi,Season peak percentage,percent,0,Bin,2.4,2.5
Mississippi,Season peak percentage,percent,0,Bin,2.5,2.6
Mississippi,Season peak percentage,percent,0,Bin,2.6,2.7
Mississippi,Season peak percentage,percent,0,Bin,2.7,2.8
Mississippi,Season peak percentage,percent,0,Bin,2.8,2.9
Mississippi,Season peak percentage,percent,0,Bin,2.9,3.0
Mississippi,Season peak percentage,percent,0,Bin,3.0,3.1
Mississippi,Season peak percentage,percent,0,Bin,3.1,3.2
Mississippi,Season peak percentage,percent,0,Bin,3.2,3.3
Mississippi,Season peak percentage,percent,0,Bin,3.3,3.4
Mississippi,Season peak percentage,percent,0,Bin,3.4,3.5
Mississippi,Season peak percentage,percent,0,Bin,3.5,3.6
Mississippi,Season peak percentage,percent,0,Bin,3.6,3.7
Mississippi,Season peak percentage,percent,0,Bin,3.7,3.8
Mississippi,Season peak percentage,percent,0,Bin,3.8,3.9
Mississippi,Season peak percentage,percent,0,Bin,3.9,4.0
Mississippi,Season peak percentage,percent,0,Bin,4.0,4.1
Mississippi,Season peak percentage,percent,0,Bin,4.1,4.2
Mississippi,Season peak percentage,percent,0,Bin,4.2,4.3
Mississippi,Season peak percentage,percent,0,Bin,4.3,4.4
Mississippi,Season peak percentage,percent,0,Bin,4.4,4.5
Mississippi,Season peak percentage,percent,0,Bin,4.5,4.6
Mississippi,Season peak percentage,percent,0,Bin,4.6,4.7
Mississippi,Season peak percentage,percent,0,Bin,4.7,4.8
Mississippi,Season peak percentage,percent,0,Bin,4.8,4.9
Mississippi,Season peak percentage,percent,0,Bin,4.9,5.0
Mississippi,Season peak percentage,percent,0,Bin,5.0,5.1
Mississippi,Season peak percentage,percent,0,Bin,5.1,5.2
Mississippi,Season peak percentage,percent,0,Bin,5.2,5.3
Mississippi,Season peak percentage,percent,0,Bin,5.3,5.4
Mississippi,Season peak percentage,percent,0,Bin,5.4,5.5
Mississippi,Season peak percentage,percent,0,Bin,5.5,5.6
Mississippi,Season peak percentage,percent,0,Bin,5.6,5.7
Mississippi,Season peak percentage,percent,0,Bin,5.7,5.8
Mississippi,Season peak percentage,percent,0,Bin,5.8,5.9
Mississippi,Season peak percentage,percent,0,Bin,5.9,6.0
Mississippi,Season peak percentage,percent,0,Bin,6.0,6.1
Mississippi,Season peak percentage,percent,0.064,Bin,6.1,6.2
Mississippi,Season peak percentage,percent,0.004,Bin,6.2,6.3
Mississippi,Season peak percentage,percent,0.002,Bin,6.3,6.4
Mississippi,Season peak percentage,percent,0.01,Bin,6.4,6.5
Mississippi,Season peak percentage,percent,0.002,Bin,6.5,6.6
Mississippi,Season peak percentage,percent,0.008,Bin,6.6,6.7
Mississippi,Season peak percentage,percent,0.008,Bin,6.7,6.8
Mississippi,Season peak percentage,percent,0.012,Bin,6.8,6.9
Mississippi,Season peak percentage,percent,0.014,Bin,6.9,7.0
Mississippi,Season peak percentage,percent,0.01,Bin,7.0,7.1
Mississippi,Season peak percentage,percent,0.006,Bin,7.1,7.2
Mississippi,Season peak percentage,percent,0.008,Bin,7.2,7.3
Mississippi,Season peak percentage,percent,0.016,Bin,7.3,7.4
Mississippi,Season peak percentage,percent,0.01,Bin,7.4,7.5
Mississippi,Season peak percentage,percent,0.012,Bin,7.5,7.6
Mississippi,Season peak percentage,percent,0.014,Bin,7.6,7.7
Mississippi,Season peak percentage,percent,0.008,Bin,7.7,7.8
Mississippi,Season peak percentage,percent,0.006,Bin,7.8,7.9
Mississippi,Season peak percentage,percent,0.004,Bin,7.9,8.0
Mississippi,Season peak percentage,percent,0.012,Bin,8.0,8.1
Mississippi,Season peak percentage,percent,0.008,Bin,8.1,8.2
Mississippi,Season peak percentage,percent,0.022,Bin,8.2,8.3
Mississippi,Season peak percentage,percent,0.004,Bin,8.3,8.4
Mississippi,Season peak percentage,percent,0.006,Bin,8.4,8.5
Mississippi,Season peak percentage,percent,0.002,Bin,8.5,8.6
Mississippi,Season peak percentage,percent,0.01,Bin,8.6,8.7
Mississippi,Season peak percentage,percent,0.008,Bin,8.7,8.8
Mississippi,Season peak percentage,percent,0.004,Bin,8.8,8.9
Mississippi,Season peak percentage,percent,0.006,Bin,8.9,9.0
Mississippi,Season peak percentage,percent,0.008,Bin,9.0,9.1
Mississippi,Season peak percentage,percent,0.012,Bin,9.1,9.2
Mississippi,Season peak percentage,percent,0.004,Bin,9.2,9.3
Mississippi,Season peak percentage,percent,0.006,Bin,9.3,9.4
Mississippi,Season peak percentage,percent,0.01,Bin,9.4,9.5
Mississippi,Season peak percentage,percent,0.004,Bin,9.5,9.6
Mississippi,Season peak percentage,percent,0.006,Bin,9.6,9.7
Mississippi,Season peak percentage,percent,0.008,Bin,9.7,9.8
Mississippi,Season peak percentage,percent,0.008,Bin,9.8,9.9
Mississippi,Season peak percentage,percent,0.006,Bin,9.9,10.0
Mississippi,Season peak percentage,percent,0.008,Bin,10.0,10.1
Mississippi,Season peak percentage,percent,0.012,Bin,10.1,10.2
Mississippi,Season peak percentage,percent,0.01,Bin,10.2,10.3
Mississippi,Season peak percentage,percent,0.006,Bin,10.3,10.4
Mississippi,Season peak percentage,percent,0.002,Bin,10.4,10.5
Mississippi,Season peak percentage,percent,0.008,Bin,10.5,10.6
Mississippi,Season peak percentage,percent,0.002,Bin,10.6,10.7
Mississippi,Season peak percentage,percent,0,Bin,10.7,10.8
Mississippi,Season peak percentage,percent,0.008,Bin,10.8,10.9
Mississippi,Season peak percentage,percent,0.004,Bin,10.9,11.0
Mississippi,Season peak percentage,percent,0.008,Bin,11.0,11.1
Mississippi,Season peak percentage,percent,0.004,Bin,11.1,11.2
Mississippi,Season peak percentage,percent,0.012,Bin,11.2,11.3
Mississippi,Season peak percentage,percent,0.008,Bin,11.3,11.4
Mississippi,Season peak percentage,percent,0.008,Bin,11.4,11.5
Mississippi,Season peak percentage,percent,0.002,Bin,11.5,11.6
Mississippi,Season peak percentage,percent,0.004,Bin,11.6,11.7
Mississippi,Season peak percentage,percent,0.004,Bin,11.7,11.8
Mississippi,Season peak percentage,percent,0.004,Bin,11.8,11.9
Mississippi,Season peak percentage,percent,0.002,Bin,11.9,12.0
Mississippi,Season peak percentage,percent,0.004,Bin,12.0,12.1
Mississippi,Season peak percentage,percent,0.004,Bin,12.1,12.2
Mississippi,Season peak percentage,percent,0,Bin,12.2,12.3
Mississippi,Season peak percentage,percent,0,Bin,12.3,12.4
Mississippi,Season peak percentage,percent,0.006,Bin,12.4,12.5
Mississippi,Season peak percentage,percent,0.006,Bin,12.5,12.6
Mississippi,Season peak percentage,percent,0.008,Bin,12.6,12.7
Mississippi,Season peak percentage,percent,0.004,Bin,12.7,12.8
Mississippi,Season peak percentage,percent,0,Bin,12.8,12.9
Mississippi,Season peak percentage,percent,0.002,Bin,12.9,13.0
Mississippi,Season peak percentage,percent,0.478,Bin,13.0,100.0
Mississippi,Season peak week,week,0,Bin,40.0,41.0
Mississippi,Season peak week,week,0,Bin,41.0,42.0
Mississippi,Season peak week,week,0,Bin,42.0,43.0
Mississippi,Season peak week,week,0,Bin,43.0,44.0
Mississippi,Season peak week,week,0,Bin,44.0,45.0
Mississippi,Season peak week,week,0,Bin,45.0,46.0
Mississippi,Season peak week,week,0,Bin,46.0,47.0
Mississippi,Season peak week,week,0.0623781676413255,Bin,47.0,48.0
Mississippi,Season peak week,week,0,Bin,48.0,49.0
Mississippi,Season peak week,week,0,Bin,49.0,50.0
Mississippi,Season peak week,week,0.0662768031189084,Bin,50.0,51.0
Mississippi,Season peak week,week,0.0935672514619883,Bin,51.0,52.0
Mississippi,Season peak week,week,0.128654970760234,Bin,52.0,53.0
Mississippi,Season peak week,week,0.0701754385964912,Bin,1.0,2.0
Mississippi,Season peak week,week,0.103313840155945,Bin,2.0,3.0
Mississippi,Season peak week,week,0.0916179337231969,Bin,3.0,4.0
Mississippi,Season peak week,week,0.0896686159844055,Bin,4.0,5.0
Mississippi,Season peak week,week,0.0682261208576998,Bin,5.0,6.0
Mississippi,Season peak week,week,0.0467836257309941,Bin,6.0,7.0
Mississippi,Season peak week,week,0.0565302144249513,Bin,7.0,8.0
Mississippi,Season peak week,week,0.0292397660818713,Bin,8.0,9.0
Mississippi,Season peak week,week,0.0292397660818713,Bin,9.0,10.0
Mississippi,Season peak week,week,0.0253411306042885,Bin,10.0,11.0
Mississippi,Season peak week,week,0.01364522417154,Bin,11.0,12.0
Mississippi,Season peak week,week,0.00974658869395711,Bin,12.0,13.0
Mississippi,Season peak week,week,0.00194931773879142,Bin,13.0,14.0
Mississippi,Season peak week,week,0.00584795321637427,Bin,14.0,15.0
Mississippi,Season peak week,week,0.00389863547758285,Bin,15.0,16.0
Mississippi,Season peak week,week,0,Bin,16.0,17.0
Mississippi,Season peak week,week,0.00389863547758285,Bin,17.0,18.0
Mississippi,Season peak week,week,0,Bin,18.0,19.0
Mississippi,Season peak week,week,0,Bin,19.0,20.0
Mississippi,Season peak week,week,0,Bin,20.0,21.0
Montana,1 wk ahead,percent,0.018,Bin,0.0,0.1
Montana,1 wk ahead,percent,0.232,Bin,0.1,0.2
Montana,1 wk ahead,percent,0.52,Bin,0.2,0.3
Montana,1 wk ahead,percent,0.122,Bin,0.3,0.4
Montana,1 wk ahead,percent,0.044,Bin,0.4,0.5
Montana,1 wk ahead,percent,0.02,Bin,0.5,0.6
Montana,1 wk ahead,percent,0.026,Bin,0.6,0.7
Montana,1 wk ahead,percent,0.01,Bin,0.7,0.8
Montana,1 wk ahead,percent,0.002,Bin,0.8,0.9
Montana,1 wk ahead,percent,0,Bin,0.9,1.0
Montana,1 wk ahead,percent,0,Bin,1.0,1.1
Montana,1 wk ahead,percent,0,Bin,1.1,1.2
Montana,1 wk ahead,percent,0,Bin,1.2,1.3
Montana,1 wk ahead,percent,0.006,Bin,1.3,1.4
Montana,1 wk ahead,percent,0,Bin,1.4,1.5
Montana,1 wk ahead,percent,0,Bin,1.5,1.6
Montana,1 wk ahead,percent,0,Bin,1.6,1.7
Montana,1 wk ahead,percent,0,Bin,1.7,1.8
Montana,1 wk ahead,percent,0,Bin,1.8,1.9
Montana,1 wk ahead,percent,0,Bin,1.9,2.0
Montana,1 wk ahead,percent,0,Bin,2.0,2.1
Montana,1 wk ahead,percent,0,Bin,2.1,2.2
Montana,1 wk ahead,percent,0,Bin,2.2,2.3
Montana,1 wk ahead,percent,0,Bin,2.3,2.4
Montana,1 wk ahead,percent,0,Bin,2.4,2.5
Montana,1 wk ahead,percent,0,Bin,2.5,2.6
Montana,1 wk ahead,percent,0,Bin,2.6,2.7
Montana,1 wk ahead,percent,0,Bin,2.7,2.8
Montana,1 wk ahead,percent,0,Bin,2.8,2.9
Montana,1 wk ahead,percent,0,Bin,2.9,3.0
Montana,1 wk ahead,percent,0,Bin,3.0,3.1
Montana,1 wk ahead,percent,0,Bin,3.1,3.2
Montana,1 wk ahead,percent,0,Bin,3.2,3.3
Montana,1 wk ahead,percent,0,Bin,3.3,3.4
Montana,1 wk ahead,percent,0,Bin,3.4,3.5
Montana,1 wk ahead,percent,0,Bin,3.5,3.6
Montana,1 wk ahead,percent,0,Bin,3.6,3.7
Montana,1 wk ahead,percent,0,Bin,3.7,3.8
Montana,1 wk ahead,percent,0,Bin,3.8,3.9
Montana,1 wk ahead,percent,0,Bin,3.9,4.0
Montana,1 wk ahead,percent,0,Bin,4.0,4.1
Montana,1 wk ahead,percent,0,Bin,4.1,4.2
Montana,1 wk ahead,percent,0,Bin,4.2,4.3
Montana,1 wk ahead,percent,0,Bin,4.3,4.4
Montana,1 wk ahead,percent,0,Bin,4.4,4.5
Montana,1 wk ahead,percent,0,Bin,4.5,4.6
Montana,1 wk ahead,percent,0,Bin,4.6,4.7
Montana,1 wk ahead,percent,0,Bin,4.7,4.8
Montana,1 wk ahead,percent,0,Bin,4.8,4.9
Montana,1 wk ahead,percent,0,Bin,4.9,5.0
Montana,1 wk ahead,percent,0,Bin,5.0,5.1
Montana,1 wk ahead,percent,0,Bin,5.1,5.2
Montana,1 wk ahead,percent,0,Bin,5.2,5.3
Montana,1 wk ahead,percent,0,Bin,5.3,5.4
Montana,1 wk ahead,percent,0,Bin,5.4,5.5
Montana,1 wk ahead,percent,0,Bin,5.5,5.6
Montana,1 wk ahead,percent,0,Bin,5.6,5.7
Montana,1 wk ahead,percent,0,Bin,5.7,5.8
Montana,1 wk ahead,percent,0,Bin,5.8,5.9
Montana,1 wk ahead,percent,0,Bin,5.9,6.0
Montana,1 wk ahead,percent,0,Bin,6.0,6.1
Montana,1 wk ahead,percent,0,Bin,6.1,6.2
Montana,1 wk ahead,percent,0,Bin,6.2,6.3
Montana,1 wk ahead,percent,0,Bin,6.3,6.4
Montana,1 wk ahead,percent,0,Bin,6.4,6.5
Montana,1 wk ahead,percent,0,Bin,6.5,6.6
Montana,1 wk ahead,percent,0,Bin,6.6,6.7
Montana,1 wk ahead,percent,0,Bin,6.7,6.8
Montana,1 wk ahead,percent,0,Bin,6.8,6.9
Montana,1 wk ahead,percent,0,Bin,6.9,7.0
Montana,1 wk ahead,percent,0,Bin,7.0,7.1
Montana,1 wk ahead,percent,0,Bin,7.1,7.2
Montana,1 wk ahead,percent,0,Bin,7.2,7.3
Montana,1 wk ahead,percent,0,Bin,7.3,7.4
Montana,1 wk ahead,percent,0,Bin,7.4,7.5
Montana,1 wk ahead,percent,0,Bin,7.5,7.6
Montana,1 wk ahead,percent,0,Bin,7.6,7.7
Montana,1 wk ahead,percent,0,Bin,7.7,7.8
Montana,1 wk ahead,percent,0,Bin,7.8,7.9
Montana,1 wk ahead,percent,0,Bin,7.9,8.0
Montana,1 wk ahead,percent,0,Bin,8.0,8.1
Montana,1 wk ahead,percent,0,Bin,8.1,8.2
Montana,1 wk ahead,percent,0,Bin,8.2,8.3
Montana,1 wk ahead,percent,0,Bin,8.3,8.4
Montana,1 wk ahead,percent,0,Bin,8.4,8.5
Montana,1 wk ahead,percent,0,Bin,8.5,8.6
Montana,1 wk ahead,percent,0,Bin,8.6,8.7
Montana,1 wk ahead,percent,0,Bin,8.7,8.8
Montana,1 wk ahead,percent,0,Bin,8.8,8.9
Montana,1 wk ahead,percent,0,Bin,8.9,9.0
Montana,1 wk ahead,percent,0,Bin,9.0,9.1
Montana,1 wk ahead,percent,0,Bin,9.1,9.2
Montana,1 wk ahead,percent,0,Bin,9.2,9.3
Montana,1 wk ahead,percent,0,Bin,9.3,9.4
Montana,1 wk ahead,percent,0,Bin,9.4,9.5
Montana,1 wk ahead,percent,0,Bin,9.5,9.6
Montana,1 wk ahead,percent,0,Bin,9.6,9.7
Montana,1 wk ahead,percent,0,Bin,9.7,9.8
Montana,1 wk ahead,percent,0,Bin,9.8,9.9
Montana,1 wk ahead,percent,0,Bin,9.9,10.0
Montana,1 wk ahead,percent,0,Bin,10.0,10.1
Montana,1 wk ahead,percent,0,Bin,10.1,10.2
Montana,1 wk ahead,percent,0,Bin,10.2,10.3
Montana,1 wk ahead,percent,0,Bin,10.3,10.4
Montana,1 wk ahead,percent,0,Bin,10.4,10.5
Montana,1 wk ahead,percent,0,Bin,10.5,10.6
Montana,1 wk ahead,percent,0,Bin,10.6,10.7
Montana,1 wk ahead,percent,0,Bin,10.7,10.8
Montana,1 wk ahead,percent,0,Bin,10.8,10.9
Montana,1 wk ahead,percent,0,Bin,10.9,11.0
Montana,1 wk ahead,percent,0,Bin,11.0,11.1
Montana,1 wk ahead,percent,0,Bin,11.1,11.2
Montana,1 wk ahead,percent,0,Bin,11.2,11.3
Montana,1 wk ahead,percent,0,Bin,11.3,11.4
Montana,1 wk ahead,percent,0,Bin,11.4,11.5
Montana,1 wk ahead,percent,0,Bin,11.5,11.6
Montana,1 wk ahead,percent,0,Bin,11.6,11.7
Montana,1 wk ahead,percent,0,Bin,11.7,11.8
Montana,1 wk ahead,percent,0,Bin,11.8,11.9
Montana,1 wk ahead,percent,0,Bin,11.9,12.0
Montana,1 wk ahead,percent,0,Bin,12.0,12.1
Montana,1 wk ahead,percent,0,Bin,12.1,12.2
Montana,1 wk ahead,percent,0,Bin,12.2,12.3
Montana,1 wk ahead,percent,0,Bin,12.3,12.4
Montana,1 wk ahead,percent,0,Bin,12.4,12.5
Montana,1 wk ahead,percent,0,Bin,12.5,12.6
Montana,1 wk ahead,percent,0,Bin,12.6,12.7
Montana,1 wk ahead,percent,0,Bin,12.7,12.8
Montana,1 wk ahead,percent,0,Bin,12.8,12.9
Montana,1 wk ahead,percent,0,Bin,12.9,13.0
Montana,1 wk ahead,percent,0,Bin,13.0,100.0
Montana,2 wk ahead,percent,0.012,Bin,0.0,0.1
Montana,2 wk ahead,percent,0.136,Bin,0.1,0.2
Montana,2 wk ahead,percent,0.386,Bin,0.2,0.3
Montana,2 wk ahead,percent,0.266,Bin,0.3,0.4
Montana,2 wk ahead,percent,0.098,Bin,0.4,0.5
Montana,2 wk ahead,percent,0.03,Bin,0.5,0.6
Montana,2 wk ahead,percent,0.018,Bin,0.6,0.7
Montana,2 wk ahead,percent,0.014,Bin,0.7,0.8
Montana,2 wk ahead,percent,0.014,Bin,0.8,0.9
Montana,2 wk ahead,percent,0.006,Bin,0.9,1.0
Montana,2 wk ahead,percent,0.008,Bin,1.0,1.1
Montana,2 wk ahead,percent,0.006,Bin,1.1,1.2
Montana,2 wk ahead,percent,0,Bin,1.2,1.3
Montana,2 wk ahead,percent,0,Bin,1.3,1.4
Montana,2 wk ahead,percent,0.004,Bin,1.4,1.5
Montana,2 wk ahead,percent,0,Bin,1.5,1.6
Montana,2 wk ahead,percent,0.002,Bin,1.6,1.7
Montana,2 wk ahead,percent,0,Bin,1.7,1.8
Montana,2 wk ahead,percent,0,Bin,1.8,1.9
Montana,2 wk ahead,percent,0,Bin,1.9,2.0
Montana,2 wk ahead,percent,0,Bin,2.0,2.1
Montana,2 wk ahead,percent,0,Bin,2.1,2.2
Montana,2 wk ahead,percent,0,Bin,2.2,2.3
Montana,2 wk ahead,percent,0,Bin,2.3,2.4
Montana,2 wk ahead,percent,0,Bin,2.4,2.5
Montana,2 wk ahead,percent,0,Bin,2.5,2.6
Montana,2 wk ahead,percent,0,Bin,2.6,2.7
Montana,2 wk ahead,percent,0,Bin,2.7,2.8
Montana,2 wk ahead,percent,0,Bin,2.8,2.9
Montana,2 wk ahead,percent,0,Bin,2.9,3.0
Montana,2 wk ahead,percent,0,Bin,3.0,3.1
Montana,2 wk ahead,percent,0,Bin,3.1,3.2
Montana,2 wk ahead,percent,0,Bin,3.2,3.3
Montana,2 wk ahead,percent,0,Bin,3.3,3.4
Montana,2 wk ahead,percent,0,Bin,3.4,3.5
Montana,2 wk ahead,percent,0,Bin,3.5,3.6
Montana,2 wk ahead,percent,0,Bin,3.6,3.7
Montana,2 wk ahead,percent,0,Bin,3.7,3.8
Montana,2 wk ahead,percent,0,Bin,3.8,3.9
Montana,2 wk ahead,percent,0,Bin,3.9,4.0
Montana,2 wk ahead,percent,0,Bin,4.0,4.1
Montana,2 wk ahead,percent,0,Bin,4.1,4.2
Montana,2 wk ahead,percent,0,Bin,4.2,4.3
Montana,2 wk ahead,percent,0,Bin,4.3,4.4
Montana,2 wk ahead,percent,0,Bin,4.4,4.5
Montana,2 wk ahead,percent,0,Bin,4.5,4.6
Montana,2 wk ahead,percent,0,Bin,4.6,4.7
Montana,2 wk ahead,percent,0,Bin,4.7,4.8
Montana,2 wk ahead,percent,0,Bin,4.8,4.9
Montana,2 wk ahead,percent,0,Bin,4.9,5.0
Montana,2 wk ahead,percent,0,Bin,5.0,5.1
Montana,2 wk ahead,percent,0,Bin,5.1,5.2
Montana,2 wk ahead,percent,0,Bin,5.2,5.3
Montana,2 wk ahead,percent,0,Bin,5.3,5.4
Montana,2 wk ahead,percent,0,Bin,5.4,5.5
Montana,2 wk ahead,percent,0,Bin,5.5,5.6
Montana,2 wk ahead,percent,0,Bin,5.6,5.7
Montana,2 wk ahead,percent,0,Bin,5.7,5.8
Montana,2 wk ahead,percent,0,Bin,5.8,5.9
Montana,2 wk ahead,percent,0,Bin,5.9,6.0
Montana,2 wk ahead,percent,0,Bin,6.0,6.1
Montana,2 wk ahead,percent,0,Bin,6.1,6.2
Montana,2 wk ahead,percent,0,Bin,6.2,6.3
Montana,2 wk ahead,percent,0,Bin,6.3,6.4
Montana,2 wk ahead,percent,0,Bin,6.4,6.5
Montana,2 wk ahead,percent,0,Bin,6.5,6.6
Montana,2 wk ahead,percent,0,Bin,6.6,6.7
Montana,2 wk ahead,percent,0,Bin,6.7,6.8
Montana,2 wk ahead,percent,0,Bin,6.8,6.9
Montana,2 wk ahead,percent,0,Bin,6.9,7.0
Montana,2 wk ahead,percent,0,Bin,7.0,7.1
Montana,2 wk ahead,percent,0,Bin,7.1,7.2
Montana,2 wk ahead,percent,0,Bin,7.2,7.3
Montana,2 wk ahead,percent,0,Bin,7.3,7.4
Montana,2 wk ahead,percent,0,Bin,7.4,7.5
Montana,2 wk ahead,percent,0,Bin,7.5,7.6
Montana,2 wk ahead,percent,0,Bin,7.6,7.7
Montana,2 wk ahead,percent,0,Bin,7.7,7.8
Montana,2 wk ahead,percent,0,Bin,7.8,7.9
Montana,2 wk ahead,percent,0,Bin,7.9,8.0
Montana,2 wk ahead,percent,0,Bin,8.0,8.1
Montana,2 wk ahead,percent,0,Bin,8.1,8.2
Montana,2 wk ahead,percent,0,Bin,8.2,8.3
Montana,2 wk ahead,percent,0,Bin,8.3,8.4
Montana,2 wk ahead,percent,0,Bin,8.4,8.5
Montana,2 wk ahead,percent,0,Bin,8.5,8.6
Montana,2 wk ahead,percent,0,Bin,8.6,8.7
Montana,2 wk ahead,percent,0,Bin,8.7,8.8
Montana,2 wk ahead,percent,0,Bin,8.8,8.9
Montana,2 wk ahead,percent,0,Bin,8.9,9.0
Montana,2 wk ahead,percent,0,Bin,9.0,9.1
Montana,2 wk ahead,percent,0,Bin,9.1,9.2
Montana,2 wk ahead,percent,0,Bin,9.2,9.3
Montana,2 wk ahead,percent,0,Bin,9.3,9.4
Montana,2 wk ahead,percent,0,Bin,9.4,9.5
Montana,2 wk ahead,percent,0,Bin,9.5,9.6
Montana,2 wk ahead,percent,0,Bin,9.6,9.7
Montana,2 wk ahead,percent,0,Bin,9.7,9.8
Montana,2 wk ahead,percent,0,Bin,9.8,9.9
Montana,2 wk ahead,percent,0,Bin,9.9,10.0
Montana,2 wk ahead,percent,0,Bin,10.0,10.1
Montana,2 wk ahead,percent,0,Bin,10.1,10.2
Montana,2 wk ahead,percent,0,Bin,10.2,10.3
Montana,2 wk ahead,percent,0,Bin,10.3,10.4
Montana,2 wk ahead,percent,0,Bin,10.4,10.5
Montana,2 wk ahead,percent,0,Bin,10.5,10.6
Montana,2 wk ahead,percent,0,Bin,10.6,10.7
Montana,2 wk ahead,percent,0,Bin,10.7,10.8
Montana,2 wk ahead,percent,0,Bin,10.8,10.9
Montana,2 wk ahead,percent,0,Bin,10.9,11.0
Montana,2 wk ahead,percent,0,Bin,11.0,11.1
Montana,2 wk ahead,percent,0,Bin,11.1,11.2
Montana,2 wk ahead,percent,0,Bin,11.2,11.3
Montana,2 wk ahead,percent,0,Bin,11.3,11.4
Montana,2 wk ahead,percent,0,Bin,11.4,11.5
Montana,2 wk ahead,percent,0,Bin,11.5,11.6
Montana,2 wk ahead,percent,0,Bin,11.6,11.7
Montana,2 wk ahead,percent,0,Bin,11.7,11.8
Montana,2 wk ahead,percent,0,Bin,11.8,11.9
Montana,2 wk ahead,percent,0,Bin,11.9,12.0
Montana,2 wk ahead,percent,0,Bin,12.0,12.1
Montana,2 wk ahead,percent,0,Bin,12.1,12.2
Montana,2 wk ahead,percent,0,Bin,12.2,12.3
Montana,2 wk ahead,percent,0,Bin,12.3,12.4
Montana,2 wk ahead,percent,0,Bin,12.4,12.5
Montana,2 wk ahead,percent,0,Bin,12.5,12.6
Montana,2 wk ahead,percent,0,Bin,12.6,12.7
Montana,2 wk ahead,percent,0,Bin,12.7,12.8
Montana,2 wk ahead,percent,0,Bin,12.8,12.9
Montana,2 wk ahead,percent,0,Bin,12.9,13.0
Montana,2 wk ahead,percent,0,Bin,13.0,100.0
Montana,3 wk ahead,percent,0.002,Bin,0.0,0.1
Montana,3 wk ahead,percent,0.062,Bin,0.1,0.2
Montana,3 wk ahead,percent,0.108,Bin,0.2,0.3
Montana,3 wk ahead,percent,0.222,Bin,0.3,0.4
Montana,3 wk ahead,percent,0.258,Bin,0.4,0.5
Montana,3 wk ahead,percent,0.14,Bin,0.5,0.6
Montana,3 wk ahead,percent,0.068,Bin,0.6,0.7
Montana,3 wk ahead,percent,0.046,Bin,0.7,0.8
Montana,3 wk ahead,percent,0.038,Bin,0.8,0.9
Montana,3 wk ahead,percent,0.014,Bin,0.9,1.0
Montana,3 wk ahead,percent,0.008,Bin,1.0,1.1
Montana,3 wk ahead,percent,0.008,Bin,1.1,1.2
Montana,3 wk ahead,percent,0.008,Bin,1.2,1.3
Montana,3 wk ahead,percent,0.004,Bin,1.3,1.4
Montana,3 wk ahead,percent,0.002,Bin,1.4,1.5
Montana,3 wk ahead,percent,0.002,Bin,1.5,1.6
Montana,3 wk ahead,percent,0,Bin,1.6,1.7
Montana,3 wk ahead,percent,0.008,Bin,1.7,1.8
Montana,3 wk ahead,percent,0.002,Bin,1.8,1.9
Montana,3 wk ahead,percent,0,Bin,1.9,2.0
Montana,3 wk ahead,percent,0,Bin,2.0,2.1
Montana,3 wk ahead,percent,0,Bin,2.1,2.2
Montana,3 wk ahead,percent,0,Bin,2.2,2.3
Montana,3 wk ahead,percent,0,Bin,2.3,2.4
Montana,3 wk ahead,percent,0,Bin,2.4,2.5
Montana,3 wk ahead,percent,0,Bin,2.5,2.6
Montana,3 wk ahead,percent,0,Bin,2.6,2.7
Montana,3 wk ahead,percent,0,Bin,2.7,2.8
Montana,3 wk ahead,percent,0,Bin,2.8,2.9
Montana,3 wk ahead,percent,0,Bin,2.9,3.0
Montana,3 wk ahead,percent,0,Bin,3.0,3.1
Montana,3 wk ahead,percent,0,Bin,3.1,3.2
Montana,3 wk ahead,percent,0,Bin,3.2,3.3
Montana,3 wk ahead,percent,0,Bin,3.3,3.4
Montana,3 wk ahead,percent,0,Bin,3.4,3.5
Montana,3 wk ahead,percent,0,Bin,3.5,3.6
Montana,3 wk ahead,percent,0,Bin,3.6,3.7
Montana,3 wk ahead,percent,0,Bin,3.7,3.8
Montana,3 wk ahead,percent,0,Bin,3.8,3.9
Montana,3 wk ahead,percent,0,Bin,3.9,4.0
Montana,3 wk ahead,percent,0,Bin,4.0,4.1
Montana,3 wk ahead,percent,0,Bin,4.1,4.2
Montana,3 wk ahead,percent,0,Bin,4.2,4.3
Montana,3 wk ahead,percent,0,Bin,4.3,4.4
Montana,3 wk ahead,percent,0,Bin,4.4,4.5
Montana,3 wk ahead,percent,0,Bin,4.5,4.6
Montana,3 wk ahead,percent,0,Bin,4.6,4.7
Montana,3 wk ahead,percent,0,Bin,4.7,4.8
Montana,3 wk ahead,percent,0,Bin,4.8,4.9
Montana,3 wk ahead,percent,0,Bin,4.9,5.0
Montana,3 wk ahead,percent,0,Bin,5.0,5.1
Montana,3 wk ahead,percent,0,Bin,5.1,5.2
Montana,3 wk ahead,percent,0,Bin,5.2,5.3
Montana,3 wk ahead,percent,0,Bin,5.3,5.4
Montana,3 wk ahead,percent,0,Bin,5.4,5.5
Montana,3 wk ahead,percent,0,Bin,5.5,5.6
Montana,3 wk ahead,percent,0,Bin,5.6,5.7
Montana,3 wk ahead,percent,0,Bin,5.7,5.8
Montana,3 wk ahead,percent,0,Bin,5.8,5.9
Montana,3 wk ahead,percent,0,Bin,5.9,6.0
Montana,3 wk ahead,percent,0,Bin,6.0,6.1
Montana,3 wk ahead,percent,0,Bin,6.1,6.2
Montana,3 wk ahead,percent,0,Bin,6.2,6.3
Montana,3 wk ahead,percent,0,Bin,6.3,6.4
Montana,3 wk ahead,percent,0,Bin,6.4,6.5
Montana,3 wk ahead,percent,0,Bin,6.5,6.6
Montana,3 wk ahead,percent,0,Bin,6.6,6.7
Montana,3 wk ahead,percent,0,Bin,6.7,6.8
Montana,3 wk ahead,percent,0,Bin,6.8,6.9
Montana,3 wk ahead,percent,0,Bin,6.9,7.0
Montana,3 wk ahead,percent,0,Bin,7.0,7.1
Montana,3 wk ahead,percent,0,Bin,7.1,7.2
Montana,3 wk ahead,percent,0,Bin,7.2,7.3
Montana,3 wk ahead,percent,0,Bin,7.3,7.4
Montana,3 wk ahead,percent,0,Bin,7.4,7.5
Montana,3 wk ahead,percent,0,Bin,7.5,7.6
Montana,3 wk ahead,percent,0,Bin,7.6,7.7
Montana,3 wk ahead,percent,0,Bin,7.7,7.8
Montana,3 wk ahead,percent,0,Bin,7.8,7.9
Montana,3 wk ahead,percent,0,Bin,7.9,8.0
Montana,3 wk ahead,percent,0,Bin,8.0,8.1
Montana,3 wk ahead,percent,0,Bin,8.1,8.2
Montana,3 wk ahead,percent,0,Bin,8.2,8.3
Montana,3 wk ahead,percent,0,Bin,8.3,8.4
Montana,3 wk ahead,percent,0,Bin,8.4,8.5
Montana,3 wk ahead,percent,0,Bin,8.5,8.6
Montana,3 wk ahead,percent,0,Bin,8.6,8.7
Montana,3 wk ahead,percent,0,Bin,8.7,8.8
Montana,3 wk ahead,percent,0,Bin,8.8,8.9
Montana,3 wk ahead,percent,0,Bin,8.9,9.0
Montana,3 wk ahead,percent,0,Bin,9.0,9.1
Montana,3 wk ahead,percent,0,Bin,9.1,9.2
Montana,3 wk ahead,percent,0,Bin,9.2,9.3
Montana,3 wk ahead,percent,0,Bin,9.3,9.4
Montana,3 wk ahead,percent,0,Bin,9.4,9.5
Montana,3 wk ahead,percent,0,Bin,9.5,9.6
Montana,3 wk ahead,percent,0,Bin,9.6,9.7
Montana,3 wk ahead,percent,0,Bin,9.7,9.8
Montana,3 wk ahead,percent,0,Bin,9.8,9.9
Montana,3 wk ahead,percent,0,Bin,9.9,10.0
Montana,3 wk ahead,percent,0,Bin,10.0,10.1
Montana,3 wk ahead,percent,0,Bin,10.1,10.2
Montana,3 wk ahead,percent,0,Bin,10.2,10.3
Montana,3 wk ahead,percent,0,Bin,10.3,10.4
Montana,3 wk ahead,percent,0,Bin,10.4,10.5
Montana,3 wk ahead,percent,0,Bin,10.5,10.6
Montana,3 wk ahead,percent,0,Bin,10.6,10.7
Montana,3 wk ahead,percent,0,Bin,10.7,10.8
Montana,3 wk ahead,percent,0,Bin,10.8,10.9
Montana,3 wk ahead,percent,0,Bin,10.9,11.0
Montana,3 wk ahead,percent,0,Bin,11.0,11.1
Montana,3 wk ahead,percent,0,Bin,11.1,11.2
Montana,3 wk ahead,percent,0,Bin,11.2,11.3
Montana,3 wk ahead,percent,0,Bin,11.3,11.4
Montana,3 wk ahead,percent,0,Bin,11.4,11.5
Montana,3 wk ahead,percent,0,Bin,11.5,11.6
Montana,3 wk ahead,percent,0,Bin,11.6,11.7
Montana,3 wk ahead,percent,0,Bin,11.7,11.8
Montana,3 wk ahead,percent,0,Bin,11.8,11.9
Montana,3 wk ahead,percent,0,Bin,11.9,12.0
Montana,3 wk ahead,percent,0,Bin,12.0,12.1
Montana,3 wk ahead,percent,0,Bin,12.1,12.2
Montana,3 wk ahead,percent,0,Bin,12.2,12.3
Montana,3 wk ahead,percent,0,Bin,12.3,12.4
Montana,3 wk ahead,percent,0,Bin,12.4,12.5
Montana,3 wk ahead,percent,0,Bin,12.5,12.6
Montana,3 wk ahead,percent,0,Bin,12.6,12.7
Montana,3 wk ahead,percent,0,Bin,12.7,12.8
Montana,3 wk ahead,percent,0,Bin,12.8,12.9
Montana,3 wk ahead,percent,0,Bin,12.9,13.0
Montana,3 wk ahead,percent,0,Bin,13.0,100.0
Montana,4 wk ahead,percent,0,Bin,0.0,0.1
Montana,4 wk ahead,percent,0.05,Bin,0.1,0.2
Montana,4 wk ahead,percent,0.142,Bin,0.2,0.3
Montana,4 wk ahead,percent,0.172,Bin,0.3,0.4
Montana,4 wk ahead,percent,0.184,Bin,0.4,0.5
Montana,4 wk ahead,percent,0.158,Bin,0.5,0.6
Montana,4 wk ahead,percent,0.084,Bin,0.6,0.7
Montana,4 wk ahead,percent,0.054,Bin,0.7,0.8
Montana,4 wk ahead,percent,0.028,Bin,0.8,0.9
Montana,4 wk ahead,percent,0.028,Bin,0.9,1.0
Montana,4 wk ahead,percent,0.016,Bin,1.0,1.1
Montana,4 wk ahead,percent,0.02,Bin,1.1,1.2
Montana,4 wk ahead,percent,0.012,Bin,1.2,1.3
Montana,4 wk ahead,percent,0.01,Bin,1.3,1.4
Montana,4 wk ahead,percent,0.012,Bin,1.4,1.5
Montana,4 wk ahead,percent,0.002,Bin,1.5,1.6
Montana,4 wk ahead,percent,0.006,Bin,1.6,1.7
Montana,4 wk ahead,percent,0.004,Bin,1.7,1.8
Montana,4 wk ahead,percent,0.004,Bin,1.8,1.9
Montana,4 wk ahead,percent,0.006,Bin,1.9,2.0
Montana,4 wk ahead,percent,0,Bin,2.0,2.1
Montana,4 wk ahead,percent,0.002,Bin,2.1,2.2
Montana,4 wk ahead,percent,0.002,Bin,2.2,2.3
Montana,4 wk ahead,percent,0,Bin,2.3,2.4
Montana,4 wk ahead,percent,0,Bin,2.4,2.5
Montana,4 wk ahead,percent,0,Bin,2.5,2.6
Montana,4 wk ahead,percent,0.004,Bin,2.6,2.7
Montana,4 wk ahead,percent,0,Bin,2.7,2.8
Montana,4 wk ahead,percent,0,Bin,2.8,2.9
Montana,4 wk ahead,percent,0,Bin,2.9,3.0
Montana,4 wk ahead,percent,0,Bin,3.0,3.1
Montana,4 wk ahead,percent,0,Bin,3.1,3.2
Montana,4 wk ahead,percent,0,Bin,3.2,3.3
Montana,4 wk ahead,percent,0,Bin,3.3,3.4
Montana,4 wk ahead,percent,0,Bin,3.4,3.5
Montana,4 wk ahead,percent,0,Bin,3.5,3.6
Montana,4 wk ahead,percent,0,Bin,3.6,3.7
Montana,4 wk ahead,percent,0,Bin,3.7,3.8
Montana,4 wk ahead,percent,0,Bin,3.8,3.9
Montana,4 wk ahead,percent,0,Bin,3.9,4.0
Montana,4 wk ahead,percent,0,Bin,4.0,4.1
Montana,4 wk ahead,percent,0,Bin,4.1,4.2
Montana,4 wk ahead,percent,0,Bin,4.2,4.3
Montana,4 wk ahead,percent,0,Bin,4.3,4.4
Montana,4 wk ahead,percent,0,Bin,4.4,4.5
Montana,4 wk ahead,percent,0,Bin,4.5,4.6
Montana,4 wk ahead,percent,0,Bin,4.6,4.7
Montana,4 wk ahead,percent,0,Bin,4.7,4.8
Montana,4 wk ahead,percent,0,Bin,4.8,4.9
Montana,4 wk ahead,percent,0,Bin,4.9,5.0
Montana,4 wk ahead,percent,0,Bin,5.0,5.1
Montana,4 wk ahead,percent,0,Bin,5.1,5.2
Montana,4 wk ahead,percent,0,Bin,5.2,5.3
Montana,4 wk ahead,percent,0,Bin,5.3,5.4
Montana,4 wk ahead,percent,0,Bin,5.4,5.5
Montana,4 wk ahead,percent,0,Bin,5.5,5.6
Montana,4 wk ahead,percent,0,Bin,5.6,5.7
Montana,4 wk ahead,percent,0,Bin,5.7,5.8
Montana,4 wk ahead,percent,0,Bin,5.8,5.9
Montana,4 wk ahead,percent,0,Bin,5.9,6.0
Montana,4 wk ahead,percent,0,Bin,6.0,6.1
Montana,4 wk ahead,percent,0,Bin,6.1,6.2
Montana,4 wk ahead,percent,0,Bin,6.2,6.3
Montana,4 wk ahead,percent,0,Bin,6.3,6.4
Montana,4 wk ahead,percent,0,Bin,6.4,6.5
Montana,4 wk ahead,percent,0,Bin,6.5,6.6
Montana,4 wk ahead,percent,0,Bin,6.6,6.7
Montana,4 wk ahead,percent,0,Bin,6.7,6.8
Montana,4 wk ahead,percent,0,Bin,6.8,6.9
Montana,4 wk ahead,percent,0,Bin,6.9,7.0
Montana,4 wk ahead,percent,0,Bin,7.0,7.1
Montana,4 wk ahead,percent,0,Bin,7.1,7.2
Montana,4 wk ahead,percent,0,Bin,7.2,7.3
Montana,4 wk ahead,percent,0,Bin,7.3,7.4
Montana,4 wk ahead,percent,0,Bin,7.4,7.5
Montana,4 wk ahead,percent,0,Bin,7.5,7.6
Montana,4 wk ahead,percent,0,Bin,7.6,7.7
Montana,4 wk ahead,percent,0,Bin,7.7,7.8
Montana,4 wk ahead,percent,0,Bin,7.8,7.9
Montana,4 wk ahead,percent,0,Bin,7.9,8.0
Montana,4 wk ahead,percent,0,Bin,8.0,8.1
Montana,4 wk ahead,percent,0,Bin,8.1,8.2
Montana,4 wk ahead,percent,0,Bin,8.2,8.3
Montana,4 wk ahead,percent,0,Bin,8.3,8.4
Montana,4 wk ahead,percent,0,Bin,8.4,8.5
Montana,4 wk ahead,percent,0,Bin,8.5,8.6
Montana,4 wk ahead,percent,0,Bin,8.6,8.7
Montana,4 wk ahead,percent,0,Bin,8.7,8.8
Montana,4 wk ahead,percent,0,Bin,8.8,8.9
Montana,4 wk ahead,percent,0,Bin,8.9,9.0
Montana,4 wk ahead,percent,0,Bin,9.0,9.1
Montana,4 wk ahead,percent,0,Bin,9.1,9.2
Montana,4 wk ahead,percent,0,Bin,9.2,9.3
Montana,4 wk ahead,percent,0,Bin,9.3,9.4
Montana,4 wk ahead,percent,0,Bin,9.4,9.5
Montana,4 wk ahead,percent,0,Bin,9.5,9.6
Montana,4 wk ahead,percent,0,Bin,9.6,9.7
Montana,4 wk ahead,percent,0,Bin,9.7,9.8
Montana,4 wk ahead,percent,0,Bin,9.8,9.9
Montana,4 wk ahead,percent,0,Bin,9.9,10.0
Montana,4 wk ahead,percent,0,Bin,10.0,10.1
Montana,4 wk ahead,percent,0,Bin,10.1,10.2
Montana,4 wk ahead,percent,0,Bin,10.2,10.3
Montana,4 wk ahead,percent,0,Bin,10.3,10.4
Montana,4 wk ahead,percent,0,Bin,10.4,10.5
Montana,4 wk ahead,percent,0,Bin,10.5,10.6
Montana,4 wk ahead,percent,0,Bin,10.6,10.7
Montana,4 wk ahead,percent,0,Bin,10.7,10.8
Montana,4 wk ahead,percent,0,Bin,10.8,10.9
Montana,4 wk ahead,percent,0,Bin,10.9,11.0
Montana,4 wk ahead,percent,0,Bin,11.0,11.1
Montana,4 wk ahead,percent,0,Bin,11.1,11.2
Montana,4 wk ahead,percent,0,Bin,11.2,11.3
Montana,4 wk ahead,percent,0,Bin,11.3,11.4
Montana,4 wk ahead,percent,0,Bin,11.4,11.5
Montana,4 wk ahead,percent,0,Bin,11.5,11.6
Montana,4 wk ahead,percent,0,Bin,11.6,11.7
Montana,4 wk ahead,percent,0,Bin,11.7,11.8
Montana,4 wk ahead,percent,0,Bin,11.8,11.9
Montana,4 wk ahead,percent,0,Bin,11.9,12.0
Montana,4 wk ahead,percent,0,Bin,12.0,12.1
Montana,4 wk ahead,percent,0,Bin,12.1,12.2
Montana,4 wk ahead,percent,0,Bin,12.2,12.3
Montana,4 wk ahead,percent,0,Bin,12.3,12.4
Montana,4 wk ahead,percent,0,Bin,12.4,12.5
Montana,4 wk ahead,percent,0,Bin,12.5,12.6
Montana,4 wk ahead,percent,0,Bin,12.6,12.7
Montana,4 wk ahead,percent,0,Bin,12.7,12.8
Montana,4 wk ahead,percent,0,Bin,12.8,12.9
Montana,4 wk ahead,percent,0,Bin,12.9,13.0
Montana,4 wk ahead,percent,0,Bin,13.0,100.0
Montana,Season peak percentage,percent,0,Bin,0.0,0.1
Montana,Season peak percentage,percent,0,Bin,0.1,0.2
Montana,Season peak percentage,percent,0,Bin,0.2,0.3
Montana,Season peak percentage,percent,0.002,Bin,0.3,0.4
Montana,Season peak percentage,percent,0.014,Bin,0.4,0.5
Montana,Season peak percentage,percent,0.046,Bin,0.5,0.6
Montana,Season peak percentage,percent,0.066,Bin,0.6,0.7
Montana,Season peak percentage,percent,0.088,Bin,0.7,0.8
Montana,Season peak percentage,percent,0.1,Bin,0.8,0.9
Montana,Season peak percentage,percent,0.102,Bin,0.9,1.0
Montana,Season peak percentage,percent,0.066,Bin,1.0,1.1
Montana,Season peak percentage,percent,0.082,Bin,1.1,1.2
Montana,Season peak percentage,percent,0.074,Bin,1.2,1.3
Montana,Season peak percentage,percent,0.048,Bin,1.3,1.4
Montana,Season peak percentage,percent,0.038,Bin,1.4,1.5
Montana,Season peak percentage,percent,0.046,Bin,1.5,1.6
Montana,Season peak percentage,percent,0.028,Bin,1.6,1.7
Montana,Season peak percentage,percent,0.028,Bin,1.7,1.8
Montana,Season peak percentage,percent,0.028,Bin,1.8,1.9
Montana,Season peak percentage,percent,0.028,Bin,1.9,2.0
Montana,Season peak percentage,percent,0.014,Bin,2.0,2.1
Montana,Season peak percentage,percent,0.01,Bin,2.1,2.2
Montana,Season peak percentage,percent,0.024,Bin,2.2,2.3
Montana,Season peak percentage,percent,0.008,Bin,2.3,2.4
Montana,Season peak percentage,percent,0.006,Bin,2.4,2.5
Montana,Season peak percentage,percent,0.016,Bin,2.5,2.6
Montana,Season peak percentage,percent,0.008,Bin,2.6,2.7
Montana,Season peak percentage,percent,0.004,Bin,2.7,2.8
Montana,Season peak percentage,percent,0.006,Bin,2.8,2.9
Montana,Season peak percentage,percent,0.002,Bin,2.9,3.0
Montana,Season peak percentage,percent,0.004,Bin,3.0,3.1
Montana,Season peak percentage,percent,0.002,Bin,3.1,3.2
Montana,Season peak percentage,percent,0.004,Bin,3.2,3.3
Montana,Season peak percentage,percent,0.004,Bin,3.3,3.4
Montana,Season peak percentage,percent,0,Bin,3.4,3.5
Montana,Season peak percentage,percent,0,Bin,3.5,3.6
Montana,Season peak percentage,percent,0,Bin,3.6,3.7
Montana,Season peak percentage,percent,0,Bin,3.7,3.8
Montana,Season peak percentage,percent,0,Bin,3.8,3.9
Montana,Season peak percentage,percent,0,Bin,3.9,4.0
Montana,Season peak percentage,percent,0,Bin,4.0,4.1
Montana,Season peak percentage,percent,0.002,Bin,4.1,4.2
Montana,Season peak percentage,percent,0,Bin,4.2,4.3
Montana,Season peak percentage,percent,0,Bin,4.3,4.4
Montana,Season peak percentage,percent,0,Bin,4.4,4.5
Montana,Season peak percentage,percent,0.002,Bin,4.5,4.6
Montana,Season peak percentage,percent,0,Bin,4.6,4.7
Montana,Season peak percentage,percent,0,Bin,4.7,4.8
Montana,Season peak percentage,percent,0,Bin,4.8,4.9
Montana,Season peak percentage,percent,0,Bin,4.9,5.0
Montana,Season peak percentage,percent,0,Bin,5.0,5.1
Montana,Season peak percentage,percent,0,Bin,5.1,5.2
Montana,Season peak percentage,percent,0,Bin,5.2,5.3
Montana,Season peak percentage,percent,0,Bin,5.3,5.4
Montana,Season peak percentage,percent,0,Bin,5.4,5.5
Montana,Season peak percentage,percent,0,Bin,5.5,5.6
Montana,Season peak percentage,percent,0,Bin,5.6,5.7
Montana,Season peak percentage,percent,0,Bin,5.7,5.8
Montana,Season peak percentage,percent,0,Bin,5.8,5.9
Montana,Season peak percentage,percent,0,Bin,5.9,6.0
Montana,Season peak percentage,percent,0,Bin,6.0,6.1
Montana,Season peak percentage,percent,0,Bin,6.1,6.2
Montana,Season peak percentage,percent,0,Bin,6.2,6.3
Montana,Season peak percentage,percent,0,Bin,6.3,6.4
Montana,Season peak percentage,percent,0,Bin,6.4,6.5
Montana,Season peak percentage,percent,0,Bin,6.5,6.6
Montana,Season peak percentage,percent,0,Bin,6.6,6.7
Montana,Season peak percentage,percent,0,Bin,6.7,6.8
Montana,Season peak percentage,percent,0,Bin,6.8,6.9
Montana,Season peak percentage,percent,0,Bin,6.9,7.0
Montana,Season peak percentage,percent,0,Bin,7.0,7.1
Montana,Season peak percentage,percent,0,Bin,7.1,7.2
Montana,Season peak percentage,percent,0,Bin,7.2,7.3
Montana,Season peak percentage,percent,0,Bin,7.3,7.4
Montana,Season peak percentage,percent,0,Bin,7.4,7.5
Montana,Season peak percentage,percent,0,Bin,7.5,7.6
Montana,Season peak percentage,percent,0,Bin,7.6,7.7
Montana,Season peak percentage,percent,0,Bin,7.7,7.8
Montana,Season peak percentage,percent,0,Bin,7.8,7.9
Montana,Season peak percentage,percent,0,Bin,7.9,8.0
Montana,Season peak percentage,percent,0,Bin,8.0,8.1
Montana,Season peak percentage,percent,0,Bin,8.1,8.2
Montana,Season peak percentage,percent,0,Bin,8.2,8.3
Montana,Season peak percentage,percent,0,Bin,8.3,8.4
Montana,Season peak percentage,percent,0,Bin,8.4,8.5
Montana,Season peak percentage,percent,0,Bin,8.5,8.6
Montana,Season peak percentage,percent,0,Bin,8.6,8.7
Montana,Season peak percentage,percent,0,Bin,8.7,8.8
Montana,Season peak percentage,percent,0,Bin,8.8,8.9
Montana,Season peak percentage,percent,0,Bin,8.9,9.0
Montana,Season peak percentage,percent,0,Bin,9.0,9.1
Montana,Season peak percentage,percent,0,Bin,9.1,9.2
Montana,Season peak percentage,percent,0,Bin,9.2,9.3
Montana,Season peak percentage,percent,0,Bin,9.3,9.4
Montana,Season peak percentage,percent,0,Bin,9.4,9.5
Montana,Season peak percentage,percent,0,Bin,9.5,9.6
Montana,Season peak percentage,percent,0,Bin,9.6,9.7
Montana,Season peak percentage,percent,0,Bin,9.7,9.8
Montana,Season peak percentage,percent,0,Bin,9.8,9.9
Montana,Season peak percentage,percent,0,Bin,9.9,10.0
Montana,Season peak percentage,percent,0,Bin,10.0,10.1
Montana,Season peak percentage,percent,0,Bin,10.1,10.2
Montana,Season peak percentage,percent,0,Bin,10.2,10.3
Montana,Season peak percentage,percent,0,Bin,10.3,10.4
Montana,Season peak percentage,percent,0,Bin,10.4,10.5
Montana,Season peak percentage,percent,0,Bin,10.5,10.6
Montana,Season peak percentage,percent,0,Bin,10.6,10.7
Montana,Season peak percentage,percent,0,Bin,10.7,10.8
Montana,Season peak percentage,percent,0,Bin,10.8,10.9
Montana,Season peak percentage,percent,0,Bin,10.9,11.0
Montana,Season peak percentage,percent,0,Bin,11.0,11.1
Montana,Season peak percentage,percent,0,Bin,11.1,11.2
Montana,Season peak percentage,percent,0,Bin,11.2,11.3
Montana,Season peak percentage,percent,0,Bin,11.3,11.4
Montana,Season peak percentage,percent,0,Bin,11.4,11.5
Montana,Season peak percentage,percent,0,Bin,11.5,11.6
Montana,Season peak percentage,percent,0,Bin,11.6,11.7
Montana,Season peak percentage,percent,0,Bin,11.7,11.8
Montana,Season peak percentage,percent,0,Bin,11.8,11.9
Montana,Season peak percentage,percent,0,Bin,11.9,12.0
Montana,Season peak percentage,percent,0,Bin,12.0,12.1
Montana,Season peak percentage,percent,0,Bin,12.1,12.2
Montana,Season peak percentage,percent,0,Bin,12.2,12.3
Montana,Season peak percentage,percent,0,Bin,12.3,12.4
Montana,Season peak percentage,percent,0,Bin,12.4,12.5
Montana,Season peak percentage,percent,0,Bin,12.5,12.6
Montana,Season peak percentage,percent,0,Bin,12.6,12.7
Montana,Season peak percentage,percent,0,Bin,12.7,12.8
Montana,Season peak percentage,percent,0,Bin,12.8,12.9
Montana,Season peak percentage,percent,0,Bin,12.9,13.0
Montana,Season peak percentage,percent,0,Bin,13.0,100.0
Montana,Season peak week,week,0,Bin,40.0,41.0
Montana,Season peak week,week,0,Bin,41.0,42.0
Montana,Season peak week,week,0,Bin,42.0,43.0
Montana,Season peak week,week,0,Bin,43.0,44.0
Montana,Season peak week,week,0,Bin,44.0,45.0
Montana,Season peak week,week,0,Bin,45.0,46.0
Montana,Season peak week,week,0,Bin,46.0,47.0
Montana,Season peak week,week,0,Bin,47.0,48.0
Montana,Season peak week,week,0,Bin,48.0,49.0
Montana,Season peak week,week,0,Bin,49.0,50.0
Montana,Season peak week,week,0.00805152979066023,Bin,50.0,51.0
Montana,Season peak week,week,0.0177133655394525,Bin,51.0,52.0
Montana,Season peak week,week,0.0628019323671498,Bin,52.0,53.0
Montana,Season peak week,week,0.0772946859903382,Bin,1.0,2.0
Montana,Season peak week,week,0.101449275362319,Bin,2.0,3.0
Montana,Season peak week,week,0.0998389694041868,Bin,3.0,4.0
Montana,Season peak week,week,0.0676328502415459,Bin,4.0,5.0
Montana,Season peak week,week,0.0547504025764895,Bin,5.0,6.0
Montana,Season peak week,week,0.0563607085346216,Bin,6.0,7.0
Montana,Season peak week,week,0.072463768115942,Bin,7.0,8.0
Montana,Season peak week,week,0.0595813204508857,Bin,8.0,9.0
Montana,Season peak week,week,0.0933977455716586,Bin,9.0,10.0
Montana,Season peak week,week,0.0821256038647343,Bin,10.0,11.0
Montana,Season peak week,week,0.0885668276972625,Bin,11.0,12.0
Montana,Season peak week,week,0.0305958132045089,Bin,12.0,13.0
Montana,Season peak week,week,0.0177133655394525,Bin,13.0,14.0
Montana,Season peak week,week,0.00161030595813205,Bin,14.0,15.0
Montana,Season peak week,week,0,Bin,15.0,16.0
Montana,Season peak week,week,0.00322061191626409,Bin,16.0,17.0
Montana,Season peak week,week,0,Bin,17.0,18.0
Montana,Season peak week,week,0,Bin,18.0,19.0
Montana,Season peak week,week,0.00161030595813205,Bin,19.0,20.0
Montana,Season peak week,week,0.00322061191626409,Bin,20.0,21.0
Nebraska,1 wk ahead,percent,0,Bin,0.0,0.1
Nebraska,1 wk ahead,percent,0,Bin,0.1,0.2
Nebraska,1 wk ahead,percent,0,Bin,0.2,0.3
Nebraska,1 wk ahead,percent,0,Bin,0.3,0.4
Nebraska,1 wk ahead,percent,0.002,Bin,0.4,0.5
Nebraska,1 wk ahead,percent,0.008,Bin,0.5,0.6
Nebraska,1 wk ahead,percent,0.002,Bin,0.6,0.7
Nebraska,1 wk ahead,percent,0.004,Bin,0.7,0.8
Nebraska,1 wk ahead,percent,0,Bin,0.8,0.9
Nebraska,1 wk ahead,percent,0.008,Bin,0.9,1.0
Nebraska,1 wk ahead,percent,0.012,Bin,1.0,1.1
Nebraska,1 wk ahead,percent,0.02,Bin,1.1,1.2
Nebraska,1 wk ahead,percent,0.008,Bin,1.2,1.3
Nebraska,1 wk ahead,percent,0.016,Bin,1.3,1.4
Nebraska,1 wk ahead,percent,0.012,Bin,1.4,1.5
Nebraska,1 wk ahead,percent,0.006,Bin,1.5,1.6
Nebraska,1 wk ahead,percent,0.024,Bin,1.6,1.7
Nebraska,1 wk ahead,percent,0.006,Bin,1.7,1.8
Nebraska,1 wk ahead,percent,0.01,Bin,1.8,1.9
Nebraska,1 wk ahead,percent,0.034,Bin,1.9,2.0
Nebraska,1 wk ahead,percent,0.016,Bin,2.0,2.1
Nebraska,1 wk ahead,percent,0.05,Bin,2.1,2.2
Nebraska,1 wk ahead,percent,0.026,Bin,2.2,2.3
Nebraska,1 wk ahead,percent,0.022,Bin,2.3,2.4
Nebraska,1 wk ahead,percent,0.016,Bin,2.4,2.5
Nebraska,1 wk ahead,percent,0.034,Bin,2.5,2.6
Nebraska,1 wk ahead,percent,0.034,Bin,2.6,2.7
Nebraska,1 wk ahead,percent,0.03,Bin,2.7,2.8
Nebraska,1 wk ahead,percent,0.038,Bin,2.8,2.9
Nebraska,1 wk ahead,percent,0.038,Bin,2.9,3.0
Nebraska,1 wk ahead,percent,0.032,Bin,3.0,3.1
Nebraska,1 wk ahead,percent,0.038,Bin,3.1,3.2
Nebraska,1 wk ahead,percent,0.052,Bin,3.2,3.3
Nebraska,1 wk ahead,percent,0.002,Bin,3.3,3.4
Nebraska,1 wk ahead,percent,0.026,Bin,3.4,3.5
Nebraska,1 wk ahead,percent,0.034,Bin,3.5,3.6
Nebraska,1 wk ahead,percent,0.022,Bin,3.6,3.7
Nebraska,1 wk ahead,percent,0.03,Bin,3.7,3.8
Nebraska,1 wk ahead,percent,0.012,Bin,3.8,3.9
Nebraska,1 wk ahead,percent,0.02,Bin,3.9,4.0
Nebraska,1 wk ahead,percent,0.028,Bin,4.0,4.1
Nebraska,1 wk ahead,percent,0.012,Bin,4.1,4.2
Nebraska,1 wk ahead,percent,0.014,Bin,4.2,4.3
Nebraska,1 wk ahead,percent,0.02,Bin,4.3,4.4
Nebraska,1 wk ahead,percent,0.006,Bin,4.4,4.5
Nebraska,1 wk ahead,percent,0.014,Bin,4.5,4.6
Nebraska,1 wk ahead,percent,0.002,Bin,4.6,4.7
Nebraska,1 wk ahead,percent,0.014,Bin,4.7,4.8
Nebraska,1 wk ahead,percent,0.01,Bin,4.8,4.9
Nebraska,1 wk ahead,percent,0.006,Bin,4.9,5.0
Nebraska,1 wk ahead,percent,0.002,Bin,5.0,5.1
Nebraska,1 wk ahead,percent,0,Bin,5.1,5.2
Nebraska,1 wk ahead,percent,0,Bin,5.2,5.3
Nebraska,1 wk ahead,percent,0.006,Bin,5.3,5.4
Nebraska,1 wk ahead,percent,0.006,Bin,5.4,5.5
Nebraska,1 wk ahead,percent,0.02,Bin,5.5,5.6
Nebraska,1 wk ahead,percent,0.004,Bin,5.6,5.7
Nebraska,1 wk ahead,percent,0,Bin,5.7,5.8
Nebraska,1 wk ahead,percent,0.008,Bin,5.8,5.9
Nebraska,1 wk ahead,percent,0.004,Bin,5.9,6.0
Nebraska,1 wk ahead,percent,0.008,Bin,6.0,6.1
Nebraska,1 wk ahead,percent,0.002,Bin,6.1,6.2
Nebraska,1 wk ahead,percent,0,Bin,6.2,6.3
Nebraska,1 wk ahead,percent,0.002,Bin,6.3,6.4
Nebraska,1 wk ahead,percent,0,Bin,6.4,6.5
Nebraska,1 wk ahead,percent,0.002,Bin,6.5,6.6
Nebraska,1 wk ahead,percent,0.002,Bin,6.6,6.7
Nebraska,1 wk ahead,percent,0,Bin,6.7,6.8
Nebraska,1 wk ahead,percent,0.006,Bin,6.8,6.9
Nebraska,1 wk ahead,percent,0,Bin,6.9,7.0
Nebraska,1 wk ahead,percent,0.008,Bin,7.0,7.1
Nebraska,1 wk ahead,percent,0,Bin,7.1,7.2
Nebraska,1 wk ahead,percent,0.002,Bin,7.2,7.3
Nebraska,1 wk ahead,percent,0.002,Bin,7.3,7.4
Nebraska,1 wk ahead,percent,0.004,Bin,7.4,7.5
Nebraska,1 wk ahead,percent,0,Bin,7.5,7.6
Nebraska,1 wk ahead,percent,0.006,Bin,7.6,7.7
Nebraska,1 wk ahead,percent,0,Bin,7.7,7.8
Nebraska,1 wk ahead,percent,0.002,Bin,7.8,7.9
Nebraska,1 wk ahead,percent,0,Bin,7.9,8.0
Nebraska,1 wk ahead,percent,0,Bin,8.0,8.1
Nebraska,1 wk ahead,percent,0,Bin,8.1,8.2
Nebraska,1 wk ahead,percent,0,Bin,8.2,8.3
Nebraska,1 wk ahead,percent,0,Bin,8.3,8.4
Nebraska,1 wk ahead,percent,0.002,Bin,8.4,8.5
Nebraska,1 wk ahead,percent,0,Bin,8.5,8.6
Nebraska,1 wk ahead,percent,0,Bin,8.6,8.7
Nebraska,1 wk ahead,percent,0,Bin,8.7,8.8
Nebraska,1 wk ahead,percent,0.002,Bin,8.8,8.9
Nebraska,1 wk ahead,percent,0,Bin,8.9,9.0
Nebraska,1 wk ahead,percent,0.002,Bin,9.0,9.1
Nebraska,1 wk ahead,percent,0,Bin,9.1,9.2
Nebraska,1 wk ahead,percent,0,Bin,9.2,9.3
Nebraska,1 wk ahead,percent,0.006,Bin,9.3,9.4
Nebraska,1 wk ahead,percent,0,Bin,9.4,9.5
Nebraska,1 wk ahead,percent,0,Bin,9.5,9.6
Nebraska,1 wk ahead,percent,0.004,Bin,9.6,9.7
Nebraska,1 wk ahead,percent,0,Bin,9.7,9.8
Nebraska,1 wk ahead,percent,0,Bin,9.8,9.9
Nebraska,1 wk ahead,percent,0,Bin,9.9,10.0
Nebraska,1 wk ahead,percent,0,Bin,10.0,10.1
Nebraska,1 wk ahead,percent,0,Bin,10.1,10.2
Nebraska,1 wk ahead,percent,0,Bin,10.2,10.3
Nebraska,1 wk ahead,percent,0,Bin,10.3,10.4
Nebraska,1 wk ahead,percent,0,Bin,10.4,10.5
Nebraska,1 wk ahead,percent,0,Bin,10.5,10.6
Nebraska,1 wk ahead,percent,0,Bin,10.6,10.7
Nebraska,1 wk ahead,percent,0,Bin,10.7,10.8
Nebraska,1 wk ahead,percent,0,Bin,10.8,10.9
Nebraska,1 wk ahead,percent,0,Bin,10.9,11.0
Nebraska,1 wk ahead,percent,0,Bin,11.0,11.1
Nebraska,1 wk ahead,percent,0,Bin,11.1,11.2
Nebraska,1 wk ahead,percent,0,Bin,11.2,11.3
Nebraska,1 wk ahead,percent,0,Bin,11.3,11.4
Nebraska,1 wk ahead,percent,0,Bin,11.4,11.5
Nebraska,1 wk ahead,percent,0,Bin,11.5,11.6
Nebraska,1 wk ahead,percent,0,Bin,11.6,11.7
Nebraska,1 wk ahead,percent,0,Bin,11.7,11.8
Nebraska,1 wk ahead,percent,0,Bin,11.8,11.9
Nebraska,1 wk ahead,percent,0,Bin,11.9,12.0
Nebraska,1 wk ahead,percent,0,Bin,12.0,12.1
Nebraska,1 wk ahead,percent,0,Bin,12.1,12.2
Nebraska,1 wk ahead,percent,0,Bin,12.2,12.3
Nebraska,1 wk ahead,percent,0,Bin,12.3,12.4
Nebraska,1 wk ahead,percent,0,Bin,12.4,12.5
Nebraska,1 wk ahead,percent,0,Bin,12.5,12.6
Nebraska,1 wk ahead,percent,0,Bin,12.6,12.7
Nebraska,1 wk ahead,percent,0,Bin,12.7,12.8
Nebraska,1 wk ahead,percent,0,Bin,12.8,12.9
Nebraska,1 wk ahead,percent,0,Bin,12.9,13.0
Nebraska,1 wk ahead,percent,0.018,Bin,13.0,100.0
Nebraska,2 wk ahead,percent,0,Bin,0.0,0.1
Nebraska,2 wk ahead,percent,0,Bin,0.1,0.2
Nebraska,2 wk ahead,percent,0,Bin,0.2,0.3
Nebraska,2 wk ahead,percent,0,Bin,0.3,0.4
Nebraska,2 wk ahead,percent,0,Bin,0.4,0.5
Nebraska,2 wk ahead,percent,0.004,Bin,0.5,0.6
Nebraska,2 wk ahead,percent,0.004,Bin,0.6,0.7
Nebraska,2 wk ahead,percent,0.006,Bin,0.7,0.8
Nebraska,2 wk ahead,percent,0.006,Bin,0.8,0.9
Nebraska,2 wk ahead,percent,0.004,Bin,0.9,1.0
Nebraska,2 wk ahead,percent,0.004,Bin,1.0,1.1
Nebraska,2 wk ahead,percent,0.01,Bin,1.1,1.2
Nebraska,2 wk ahead,percent,0.008,Bin,1.2,1.3
Nebraska,2 wk ahead,percent,0.022,Bin,1.3,1.4
Nebraska,2 wk ahead,percent,0.018,Bin,1.4,1.5
Nebraska,2 wk ahead,percent,0.01,Bin,1.5,1.6
Nebraska,2 wk ahead,percent,0.022,Bin,1.6,1.7
Nebraska,2 wk ahead,percent,0.028,Bin,1.7,1.8
Nebraska,2 wk ahead,percent,0.028,Bin,1.8,1.9
Nebraska,2 wk ahead,percent,0.028,Bin,1.9,2.0
Nebraska,2 wk ahead,percent,0.02,Bin,2.0,2.1
Nebraska,2 wk ahead,percent,0.022,Bin,2.1,2.2
Nebraska,2 wk ahead,percent,0.012,Bin,2.2,2.3
Nebraska,2 wk ahead,percent,0.022,Bin,2.3,2.4
Nebraska,2 wk ahead,percent,0.026,Bin,2.4,2.5
Nebraska,2 wk ahead,percent,0.026,Bin,2.5,2.6
Nebraska,2 wk ahead,percent,0.028,Bin,2.6,2.7
Nebraska,2 wk ahead,percent,0.022,Bin,2.7,2.8
Nebraska,2 wk ahead,percent,0.024,Bin,2.8,2.9
Nebraska,2 wk ahead,percent,0.028,Bin,2.9,3.0
Nebraska,2 wk ahead,percent,0.02,Bin,3.0,3.1
Nebraska,2 wk ahead,percent,0.026,Bin,3.1,3.2
Nebraska,2 wk ahead,percent,0.018,Bin,3.2,3.3
Nebraska,2 wk ahead,percent,0.022,Bin,3.3,3.4
Nebraska,2 wk ahead,percent,0.03,Bin,3.4,3.5
Nebraska,2 wk ahead,percent,0.024,Bin,3.5,3.6
Nebraska,2 wk ahead,percent,0.02,Bin,3.6,3.7
Nebraska,2 wk ahead,percent,0.016,Bin,3.7,3.8
Nebraska,2 wk ahead,percent,0.024,Bin,3.8,3.9
Nebraska,2 wk ahead,percent,0.028,Bin,3.9,4.0
Nebraska,2 wk ahead,percent,0.026,Bin,4.0,4.1
Nebraska,2 wk ahead,percent,0.02,Bin,4.1,4.2
Nebraska,2 wk ahead,percent,0.026,Bin,4.2,4.3
Nebraska,2 wk ahead,percent,0.018,Bin,4.3,4.4
Nebraska,2 wk ahead,percent,0.012,Bin,4.4,4.5
Nebraska,2 wk ahead,percent,0.012,Bin,4.5,4.6
Nebraska,2 wk ahead,percent,0.016,Bin,4.6,4.7
Nebraska,2 wk ahead,percent,0.012,Bin,4.7,4.8
Nebraska,2 wk ahead,percent,0.002,Bin,4.8,4.9
Nebraska,2 wk ahead,percent,0.008,Bin,4.9,5.0
Nebraska,2 wk ahead,percent,0.01,Bin,5.0,5.1
Nebraska,2 wk ahead,percent,0.01,Bin,5.1,5.2
Nebraska,2 wk ahead,percent,0.014,Bin,5.2,5.3
Nebraska,2 wk ahead,percent,0.008,Bin,5.3,5.4
Nebraska,2 wk ahead,percent,0.004,Bin,5.4,5.5
Nebraska,2 wk ahead,percent,0.006,Bin,5.5,5.6
Nebraska,2 wk ahead,percent,0.002,Bin,5.6,5.7
Nebraska,2 wk ahead,percent,0.002,Bin,5.7,5.8
Nebraska,2 wk ahead,percent,0.002,Bin,5.8,5.9
Nebraska,2 wk ahead,percent,0.006,Bin,5.9,6.0
Nebraska,2 wk ahead,percent,0.002,Bin,6.0,6.1
Nebraska,2 wk ahead,percent,0,Bin,6.1,6.2
Nebraska,2 wk ahead,percent,0.012,Bin,6.2,6.3
Nebraska,2 wk ahead,percent,0.004,Bin,6.3,6.4
Nebraska,2 wk ahead,percent,0.002,Bin,6.4,6.5
Nebraska,2 wk ahead,percent,0.006,Bin,6.5,6.6
Nebraska,2 wk ahead,percent,0.002,Bin,6.6,6.7
Nebraska,2 wk ahead,percent,0.006,Bin,6.7,6.8
Nebraska,2 wk ahead,percent,0.004,Bin,6.8,6.9
Nebraska,2 wk ahead,percent,0.006,Bin,6.9,7.0
Nebraska,2 wk ahead,percent,0.004,Bin,7.0,7.1
Nebraska,2 wk ahead,percent,0.008,Bin,7.1,7.2
Nebraska,2 wk ahead,percent,0.004,Bin,7.2,7.3
Nebraska,2 wk ahead,percent,0,Bin,7.3,7.4
Nebraska,2 wk ahead,percent,0,Bin,7.4,7.5
Nebraska,2 wk ahead,percent,0.002,Bin,7.5,7.6
Nebraska,2 wk ahead,percent,0.006,Bin,7.6,7.7
Nebraska,2 wk ahead,percent,0.004,Bin,7.7,7.8
Nebraska,2 wk ahead,percent,0.004,Bin,7.8,7.9
Nebraska,2 wk ahead,percent,0,Bin,7.9,8.0
Nebraska,2 wk ahead,percent,0,Bin,8.0,8.1
Nebraska,2 wk ahead,percent,0.002,Bin,8.1,8.2
Nebraska,2 wk ahead,percent,0,Bin,8.2,8.3
Nebraska,2 wk ahead,percent,0.004,Bin,8.3,8.4
Nebraska,2 wk ahead,percent,0,Bin,8.4,8.5
Nebraska,2 wk ahead,percent,0.002,Bin,8.5,8.6
Nebraska,2 wk ahead,percent,0,Bin,8.6,8.7
Nebraska,2 wk ahead,percent,0.002,Bin,8.7,8.8
Nebraska,2 wk ahead,percent,0,Bin,8.8,8.9
Nebraska,2 wk ahead,percent,0.002,Bin,8.9,9.0
Nebraska,2 wk ahead,percent,0,Bin,9.0,9.1
Nebraska,2 wk ahead,percent,0,Bin,9.1,9.2
Nebraska,2 wk ahead,percent,0.002,Bin,9.2,9.3
Nebraska,2 wk ahead,percent,0.002,Bin,9.3,9.4
Nebraska,2 wk ahead,percent,0.002,Bin,9.4,9.5
Nebraska,2 wk ahead,percent,0,Bin,9.5,9.6
Nebraska,2 wk ahead,percent,0,Bin,9.6,9.7
Nebraska,2 wk ahead,percent,0,Bin,9.7,9.8
Nebraska,2 wk ahead,percent,0.002,Bin,9.8,9.9
Nebraska,2 wk ahead,percent,0,Bin,9.9,10.0
Nebraska,2 wk ahead,percent,0,Bin,10.0,10.1
Nebraska,2 wk ahead,percent,0,Bin,10.1,10.2
Nebraska,2 wk ahead,percent,0.002,Bin,10.2,10.3
Nebraska,2 wk ahead,percent,0.002,Bin,10.3,10.4
Nebraska,2 wk ahead,percent,0,Bin,10.4,10.5
Nebraska,2 wk ahead,percent,0,Bin,10.5,10.6
Nebraska,2 wk ahead,percent,0.004,Bin,10.6,10.7
Nebraska,2 wk ahead,percent,0.002,Bin,10.7,10.8
Nebraska,2 wk ahead,percent,0,Bin,10.8,10.9
Nebraska,2 wk ahead,percent,0,Bin,10.9,11.0
Nebraska,2 wk ahead,percent,0,Bin,11.0,11.1
Nebraska,2 wk ahead,percent,0,Bin,11.1,11.2
Nebraska,2 wk ahead,percent,0,Bin,11.2,11.3
Nebraska,2 wk ahead,percent,0,Bin,11.3,11.4
Nebraska,2 wk ahead,percent,0.002,Bin,11.4,11.5
Nebraska,2 wk ahead,percent,0,Bin,11.5,11.6
Nebraska,2 wk ahead,percent,0.002,Bin,11.6,11.7
Nebraska,2 wk ahead,percent,0,Bin,11.7,11.8
Nebraska,2 wk ahead,percent,0,Bin,11.8,11.9
Nebraska,2 wk ahead,percent,0,Bin,11.9,12.0
Nebraska,2 wk ahead,percent,0,Bin,12.0,12.1
Nebraska,2 wk ahead,percent,0.002,Bin,12.1,12.2
Nebraska,2 wk ahead,percent,0,Bin,12.2,12.3
Nebraska,2 wk ahead,percent,0,Bin,12.3,12.4
Nebraska,2 wk ahead,percent,0,Bin,12.4,12.5
Nebraska,2 wk ahead,percent,0,Bin,12.5,12.6
Nebraska,2 wk ahead,percent,0,Bin,12.6,12.7
Nebraska,2 wk ahead,percent,0,Bin,12.7,12.8
Nebraska,2 wk ahead,percent,0,Bin,12.8,12.9
Nebraska,2 wk ahead,percent,0.002,Bin,12.9,13.0
Nebraska,2 wk ahead,percent,0.01,Bin,13.0,100.0
Nebraska,3 wk ahead,percent,0,Bin,0.0,0.1
Nebraska,3 wk ahead,percent,0,Bin,0.1,0.2
Nebraska,3 wk ahead,percent,0,Bin,0.2,0.3
Nebraska,3 wk ahead,percent,0.002,Bin,0.3,0.4
Nebraska,3 wk ahead,percent,0.002,Bin,0.4,0.5
Nebraska,3 wk ahead,percent,0.004,Bin,0.5,0.6
Nebraska,3 wk ahead,percent,0.006,Bin,0.6,0.7
Nebraska,3 wk ahead,percent,0.006,Bin,0.7,0.8
Nebraska,3 wk ahead,percent,0.006,Bin,0.8,0.9
Nebraska,3 wk ahead,percent,0.004,Bin,0.9,1.0
Nebraska,3 wk ahead,percent,0.006,Bin,1.0,1.1
Nebraska,3 wk ahead,percent,0.01,Bin,1.1,1.2
Nebraska,3 wk ahead,percent,0.012,Bin,1.2,1.3
Nebraska,3 wk ahead,percent,0.012,Bin,1.3,1.4
Nebraska,3 wk ahead,percent,0.01,Bin,1.4,1.5
Nebraska,3 wk ahead,percent,0.002,Bin,1.5,1.6
Nebraska,3 wk ahead,percent,0.008,Bin,1.6,1.7
Nebraska,3 wk ahead,percent,0.012,Bin,1.7,1.8
Nebraska,3 wk ahead,percent,0.022,Bin,1.8,1.9
Nebraska,3 wk ahead,percent,0.016,Bin,1.9,2.0
Nebraska,3 wk ahead,percent,0.02,Bin,2.0,2.1
Nebraska,3 wk ahead,percent,0.008,Bin,2.1,2.2
Nebraska,3 wk ahead,percent,0.032,Bin,2.2,2.3
Nebraska,3 wk ahead,percent,0.022,Bin,2.3,2.4
Nebraska,3 wk ahead,percent,0.024,Bin,2.4,2.5
Nebraska,3 wk ahead,percent,0.026,Bin,2.5,2.6
Nebraska,3 wk ahead,percent,0.022,Bin,2.6,2.7
Nebraska,3 wk ahead,percent,0.022,Bin,2.7,2.8
Nebraska,3 wk ahead,percent,0.014,Bin,2.8,2.9
Nebraska,3 wk ahead,percent,0.034,Bin,2.9,3.0
Nebraska,3 wk ahead,percent,0.022,Bin,3.0,3.1
Nebraska,3 wk ahead,percent,0.008,Bin,3.1,3.2
Nebraska,3 wk ahead,percent,0.028,Bin,3.2,3.3
Nebraska,3 wk ahead,percent,0.02,Bin,3.3,3.4
Nebraska,3 wk ahead,percent,0.016,Bin,3.4,3.5
Nebraska,3 wk ahead,percent,0.016,Bin,3.5,3.6
Nebraska,3 wk ahead,percent,0.02,Bin,3.6,3.7
Nebraska,3 wk ahead,percent,0.024,Bin,3.7,3.8
Nebraska,3 wk ahead,percent,0.004,Bin,3.8,3.9
Nebraska,3 wk ahead,percent,0.016,Bin,3.9,4.0
Nebraska,3 wk ahead,percent,0.006,Bin,4.0,4.1
Nebraska,3 wk ahead,percent,0.01,Bin,4.1,4.2
Nebraska,3 wk ahead,percent,0.02,Bin,4.2,4.3
Nebraska,3 wk ahead,percent,0.022,Bin,4.3,4.4
Nebraska,3 wk ahead,percent,0.018,Bin,4.4,4.5
Nebraska,3 wk ahead,percent,0.016,Bin,4.5,4.6
Nebraska,3 wk ahead,percent,0.016,Bin,4.6,4.7
Nebraska,3 wk ahead,percent,0.016,Bin,4.7,4.8
Nebraska,3 wk ahead,percent,0.014,Bin,4.8,4.9
Nebraska,3 wk ahead,percent,0.018,Bin,4.9,5.0
Nebraska,3 wk ahead,percent,0.016,Bin,5.0,5.1
Nebraska,3 wk ahead,percent,0.018,Bin,5.1,5.2
Nebraska,3 wk ahead,percent,0.008,Bin,5.2,5.3
Nebraska,3 wk ahead,percent,0.008,Bin,5.3,5.4
Nebraska,3 wk ahead,percent,0.006,Bin,5.4,5.5
Nebraska,3 wk ahead,percent,0.008,Bin,5.5,5.6
Nebraska,3 wk ahead,percent,0.012,Bin,5.6,5.7
Nebraska,3 wk ahead,percent,0.014,Bin,5.7,5.8
Nebraska,3 wk ahead,percent,0.006,Bin,5.8,5.9
Nebraska,3 wk ahead,percent,0.006,Bin,5.9,6.0
Nebraska,3 wk ahead,percent,0.012,Bin,6.0,6.1
Nebraska,3 wk ahead,percent,0.008,Bin,6.1,6.2
Nebraska,3 wk ahead,percent,0.006,Bin,6.2,6.3
Nebraska,3 wk ahead,percent,0.008,Bin,6.3,6.4
Nebraska,3 wk ahead,percent,0.004,Bin,6.4,6.5
Nebraska,3 wk ahead,percent,0.008,Bin,6.5,6.6
Nebraska,3 wk ahead,percent,0.01,Bin,6.6,6.7
Nebraska,3 wk ahead,percent,0.006,Bin,6.7,6.8
Nebraska,3 wk ahead,percent,0.002,Bin,6.8,6.9
Nebraska,3 wk ahead,percent,0.002,Bin,6.9,7.0
Nebraska,3 wk ahead,percent,0.006,Bin,7.0,7.1
Nebraska,3 wk ahead,percent,0.006,Bin,7.1,7.2
Nebraska,3 wk ahead,percent,0.002,Bin,7.2,7.3
Nebraska,3 wk ahead,percent,0.004,Bin,7.3,7.4
Nebraska,3 wk ahead,percent,0.014,Bin,7.4,7.5
Nebraska,3 wk ahead,percent,0,Bin,7.5,7.6
Nebraska,3 wk ahead,percent,0.004,Bin,7.6,7.7
Nebraska,3 wk ahead,percent,0.004,Bin,7.7,7.8
Nebraska,3 wk ahead,percent,0.006,Bin,7.8,7.9
Nebraska,3 wk ahead,percent,0.002,Bin,7.9,8.0
Nebraska,3 wk ahead,percent,0.006,Bin,8.0,8.1
Nebraska,3 wk ahead,percent,0,Bin,8.1,8.2
Nebraska,3 wk ahead,percent,0.002,Bin,8.2,8.3
Nebraska,3 wk ahead,percent,0.002,Bin,8.3,8.4
Nebraska,3 wk ahead,percent,0.008,Bin,8.4,8.5
Nebraska,3 wk ahead,percent,0.004,Bin,8.5,8.6
Nebraska,3 wk ahead,percent,0.004,Bin,8.6,8.7
Nebraska,3 wk ahead,percent,0.002,Bin,8.7,8.8
Nebraska,3 wk ahead,percent,0,Bin,8.8,8.9
Nebraska,3 wk ahead,percent,0,Bin,8.9,9.0
Nebraska,3 wk ahead,percent,0.004,Bin,9.0,9.1
Nebraska,3 wk ahead,percent,0.002,Bin,9.1,9.2
Nebraska,3 wk ahead,percent,0.002,Bin,9.2,9.3
Nebraska,3 wk ahead,percent,0,Bin,9.3,9.4
Nebraska,3 wk ahead,percent,0.002,Bin,9.4,9.5
Nebraska,3 wk ahead,percent,0.002,Bin,9.5,9.6
Nebraska,3 wk ahead,percent,0,Bin,9.6,9.7
Nebraska,3 wk ahead,percent,0,Bin,9.7,9.8
Nebraska,3 wk ahead,percent,0,Bin,9.8,9.9
Nebraska,3 wk ahead,percent,0.004,Bin,9.9,10.0
Nebraska,3 wk ahead,percent,0.002,Bin,10.0,10.1
Nebraska,3 wk ahead,percent,0,Bin,10.1,10.2
Nebraska,3 wk ahead,percent,0.002,Bin,10.2,10.3
Nebraska,3 wk ahead,percent,0,Bin,10.3,10.4
Nebraska,3 wk ahead,percent,0,Bin,10.4,10.5
Nebraska,3 wk ahead,percent,0,Bin,10.5,10.6
Nebraska,3 wk ahead,percent,0,Bin,10.6,10.7
Nebraska,3 wk ahead,percent,0,Bin,10.7,10.8
Nebraska,3 wk ahead,percent,0,Bin,10.8,10.9
Nebraska,3 wk ahead,percent,0.002,Bin,10.9,11.0
Nebraska,3 wk ahead,percent,0.002,Bin,11.0,11.1
Nebraska,3 wk ahead,percent,0.004,Bin,11.1,11.2
Nebraska,3 wk ahead,percent,0,Bin,11.2,11.3
Nebraska,3 wk ahead,percent,0.002,Bin,11.3,11.4
Nebraska,3 wk ahead,percent,0.004,Bin,11.4,11.5
Nebraska,3 wk ahead,percent,0.002,Bin,11.5,11.6
Nebraska,3 wk ahead,percent,0.004,Bin,11.6,11.7
Nebraska,3 wk ahead,percent,0,Bin,11.7,11.8
Nebraska,3 wk ahead,percent,0.002,Bin,11.8,11.9
Nebraska,3 wk ahead,percent,0,Bin,11.9,12.0
Nebraska,3 wk ahead,percent,0,Bin,12.0,12.1
Nebraska,3 wk ahead,percent,0.002,Bin,12.1,12.2
Nebraska,3 wk ahead,percent,0,Bin,12.2,12.3
Nebraska,3 wk ahead,percent,0.002,Bin,12.3,12.4
Nebraska,3 wk ahead,percent,0,Bin,12.4,12.5
Nebraska,3 wk ahead,percent,0,Bin,12.5,12.6
Nebraska,3 wk ahead,percent,0,Bin,12.6,12.7
Nebraska,3 wk ahead,percent,0,Bin,12.7,12.8
Nebraska,3 wk ahead,percent,0,Bin,12.8,12.9
Nebraska,3 wk ahead,percent,0,Bin,12.9,13.0
Nebraska,3 wk ahead,percent,0.016,Bin,13.0,100.0
Nebraska,4 wk ahead,percent,0,Bin,0.0,0.1
Nebraska,4 wk ahead,percent,0,Bin,0.1,0.2
Nebraska,4 wk ahead,percent,0,Bin,0.2,0.3
Nebraska,4 wk ahead,percent,0.002,Bin,0.3,0.4
Nebraska,4 wk ahead,percent,0,Bin,0.4,0.5
Nebraska,4 wk ahead,percent,0.002,Bin,0.5,0.6
Nebraska,4 wk ahead,percent,0.002,Bin,0.6,0.7
Nebraska,4 wk ahead,percent,0.004,Bin,0.7,0.8
Nebraska,4 wk ahead,percent,0.004,Bin,0.8,0.9
Nebraska,4 wk ahead,percent,0.008,Bin,0.9,1.0
Nebraska,4 wk ahead,percent,0.002,Bin,1.0,1.1
Nebraska,4 wk ahead,percent,0.008,Bin,1.1,1.2
Nebraska,4 wk ahead,percent,0.008,Bin,1.2,1.3
Nebraska,4 wk ahead,percent,0.012,Bin,1.3,1.4
Nebraska,4 wk ahead,percent,0.02,Bin,1.4,1.5
Nebraska,4 wk ahead,percent,0.008,Bin,1.5,1.6
Nebraska,4 wk ahead,percent,0.01,Bin,1.6,1.7
Nebraska,4 wk ahead,percent,0.02,Bin,1.7,1.8
Nebraska,4 wk ahead,percent,0.012,Bin,1.8,1.9
Nebraska,4 wk ahead,percent,0.016,Bin,1.9,2.0
Nebraska,4 wk ahead,percent,0.016,Bin,2.0,2.1
Nebraska,4 wk ahead,percent,0.006,Bin,2.1,2.2
Nebraska,4 wk ahead,percent,0.018,Bin,2.2,2.3
Nebraska,4 wk ahead,percent,0.016,Bin,2.3,2.4
Nebraska,4 wk ahead,percent,0.018,Bin,2.4,2.5
Nebraska,4 wk ahead,percent,0.012,Bin,2.5,2.6
Nebraska,4 wk ahead,percent,0.03,Bin,2.6,2.7
Nebraska,4 wk ahead,percent,0.018,Bin,2.7,2.8
Nebraska,4 wk ahead,percent,0.002,Bin,2.8,2.9
Nebraska,4 wk ahead,percent,0.014,Bin,2.9,3.0
Nebraska,4 wk ahead,percent,0.016,Bin,3.0,3.1
Nebraska,4 wk ahead,percent,0.03,Bin,3.1,3.2
Nebraska,4 wk ahead,percent,0.02,Bin,3.2,3.3
Nebraska,4 wk ahead,percent,0.02,Bin,3.3,3.4
Nebraska,4 wk ahead,percent,0.014,Bin,3.4,3.5
Nebraska,4 wk ahead,percent,0.014,Bin,3.5,3.6
Nebraska,4 wk ahead,percent,0.018,Bin,3.6,3.7
Nebraska,4 wk ahead,percent,0.016,Bin,3.7,3.8
Nebraska,4 wk ahead,percent,0.014,Bin,3.8,3.9
Nebraska,4 wk ahead,percent,0.034,Bin,3.9,4.0
Nebraska,4 wk ahead,percent,0.016,Bin,4.0,4.1
Nebraska,4 wk ahead,percent,0.008,Bin,4.1,4.2
Nebraska,4 wk ahead,percent,0.012,Bin,4.2,4.3
Nebraska,4 wk ahead,percent,0.014,Bin,4.3,4.4
Nebraska,4 wk ahead,percent,0.016,Bin,4.4,4.5
Nebraska,4 wk ahead,percent,0.014,Bin,4.5,4.6
Nebraska,4 wk ahead,percent,0.006,Bin,4.6,4.7
Nebraska,4 wk ahead,percent,0.008,Bin,4.7,4.8
Nebraska,4 wk ahead,percent,0.02,Bin,4.8,4.9
Nebraska,4 wk ahead,percent,0.028,Bin,4.9,5.0
Nebraska,4 wk ahead,percent,0.012,Bin,5.0,5.1
Nebraska,4 wk ahead,percent,0.01,Bin,5.1,5.2
Nebraska,4 wk ahead,percent,0.016,Bin,5.2,5.3
Nebraska,4 wk ahead,percent,0.016,Bin,5.3,5.4
Nebraska,4 wk ahead,percent,0.004,Bin,5.4,5.5
Nebraska,4 wk ahead,percent,0.008,Bin,5.5,5.6
Nebraska,4 wk ahead,percent,0.014,Bin,5.6,5.7
Nebraska,4 wk ahead,percent,0.01,Bin,5.7,5.8
Nebraska,4 wk ahead,percent,0.012,Bin,5.8,5.9
Nebraska,4 wk ahead,percent,0.008,Bin,5.9,6.0
Nebraska,4 wk ahead,percent,0.01,Bin,6.0,6.1
Nebraska,4 wk ahead,percent,0.008,Bin,6.1,6.2
Nebraska,4 wk ahead,percent,0.008,Bin,6.2,6.3
Nebraska,4 wk ahead,percent,0.002,Bin,6.3,6.4
Nebraska,4 wk ahead,percent,0.012,Bin,6.4,6.5
Nebraska,4 wk ahead,percent,0.014,Bin,6.5,6.6
Nebraska,4 wk ahead,percent,0.008,Bin,6.6,6.7
Nebraska,4 wk ahead,percent,0.01,Bin,6.7,6.8
Nebraska,4 wk ahead,percent,0.006,Bin,6.8,6.9
Nebraska,4 wk ahead,percent,0.004,Bin,6.9,7.0
Nebraska,4 wk ahead,percent,0.006,Bin,7.0,7.1
Nebraska,4 wk ahead,percent,0.008,Bin,7.1,7.2
Nebraska,4 wk ahead,percent,0.002,Bin,7.2,7.3
Nebraska,4 wk ahead,percent,0,Bin,7.3,7.4
Nebraska,4 wk ahead,percent,0.008,Bin,7.4,7.5
Nebraska,4 wk ahead,percent,0.004,Bin,7.5,7.6
Nebraska,4 wk ahead,percent,0.004,Bin,7.6,7.7
Nebraska,4 wk ahead,percent,0.004,Bin,7.7,7.8
Nebraska,4 wk ahead,percent,0.004,Bin,7.8,7.9
Nebraska,4 wk ahead,percent,0,Bin,7.9,8.0
Nebraska,4 wk ahead,percent,0.008,Bin,8.0,8.1
Nebraska,4 wk ahead,percent,0.006,Bin,8.1,8.2
Nebraska,4 wk ahead,percent,0.002,Bin,8.2,8.3
Nebraska,4 wk ahead,percent,0.01,Bin,8.3,8.4
Nebraska,4 wk ahead,percent,0.002,Bin,8.4,8.5
Nebraska,4 wk ahead,percent,0.004,Bin,8.5,8.6
Nebraska,4 wk ahead,percent,0.008,Bin,8.6,8.7
Nebraska,4 wk ahead,percent,0.002,Bin,8.7,8.8
Nebraska,4 wk ahead,percent,0.004,Bin,8.8,8.9
Nebraska,4 wk ahead,percent,0.006,Bin,8.9,9.0
Nebraska,4 wk ahead,percent,0.006,Bin,9.0,9.1
Nebraska,4 wk ahead,percent,0,Bin,9.1,9.2
Nebraska,4 wk ahead,percent,0.002,Bin,9.2,9.3
Nebraska,4 wk ahead,percent,0.002,Bin,9.3,9.4
Nebraska,4 wk ahead,percent,0.01,Bin,9.4,9.5
Nebraska,4 wk ahead,percent,0.002,Bin,9.5,9.6
Nebraska,4 wk ahead,percent,0.002,Bin,9.6,9.7
Nebraska,4 wk ahead,percent,0.002,Bin,9.7,9.8
Nebraska,4 wk ahead,percent,0,Bin,9.8,9.9
Nebraska,4 wk ahead,percent,0,Bin,9.9,10.0
Nebraska,4 wk ahead,percent,0,Bin,10.0,10.1
Nebraska,4 wk ahead,percent,0,Bin,10.1,10.2
Nebraska,4 wk ahead,percent,0.002,Bin,10.2,10.3
Nebraska,4 wk ahead,percent,0.004,Bin,10.3,10.4
Nebraska,4 wk ahead,percent,0,Bin,10.4,10.5
Nebraska,4 wk ahead,percent,0.002,Bin,10.5,10.6
Nebraska,4 wk ahead,percent,0.004,Bin,10.6,10.7
Nebraska,4 wk ahead,percent,0,Bin,10.7,10.8
Nebraska,4 wk ahead,percent,0.002,Bin,10.8,10.9
Nebraska,4 wk ahead,percent,0.002,Bin,10.9,11.0
Nebraska,4 wk ahead,percent,0,Bin,11.0,11.1
Nebraska,4 wk ahead,percent,0.002,Bin,11.1,11.2
Nebraska,4 wk ahead,percent,0,Bin,11.2,11.3
Nebraska,4 wk ahead,percent,0.002,Bin,11.3,11.4
Nebraska,4 wk ahead,percent,0.008,Bin,11.4,11.5
Nebraska,4 wk ahead,percent,0.002,Bin,11.5,11.6
Nebraska,4 wk ahead,percent,0,Bin,11.6,11.7
Nebraska,4 wk ahead,percent,0.006,Bin,11.7,11.8
Nebraska,4 wk ahead,percent,0.002,Bin,11.8,11.9
Nebraska,4 wk ahead,percent,0,Bin,11.9,12.0
Nebraska,4 wk ahead,percent,0.006,Bin,12.0,12.1
Nebraska,4 wk ahead,percent,0,Bin,12.1,12.2
Nebraska,4 wk ahead,percent,0,Bin,12.2,12.3
Nebraska,4 wk ahead,percent,0,Bin,12.3,12.4
Nebraska,4 wk ahead,percent,0,Bin,12.4,12.5
Nebraska,4 wk ahead,percent,0,Bin,12.5,12.6
Nebraska,4 wk ahead,percent,0,Bin,12.6,12.7
Nebraska,4 wk ahead,percent,0,Bin,12.7,12.8
Nebraska,4 wk ahead,percent,0,Bin,12.8,12.9
Nebraska,4 wk ahead,percent,0.002,Bin,12.9,13.0
Nebraska,4 wk ahead,percent,0.018,Bin,13.0,100.0
Nebraska,Season peak percentage,percent,0,Bin,0.0,0.1
Nebraska,Season peak percentage,percent,0,Bin,0.1,0.2
Nebraska,Season peak percentage,percent,0,Bin,0.2,0.3
Nebraska,Season peak percentage,percent,0,Bin,0.3,0.4
Nebraska,Season peak percentage,percent,0,Bin,0.4,0.5
Nebraska,Season peak percentage,percent,0,Bin,0.5,0.6
Nebraska,Season peak percentage,percent,0,Bin,0.6,0.7
Nebraska,Season peak percentage,percent,0,Bin,0.7,0.8
Nebraska,Season peak percentage,percent,0,Bin,0.8,0.9
Nebraska,Season peak percentage,percent,0,Bin,0.9,1.0
Nebraska,Season peak percentage,percent,0,Bin,1.0,1.1
Nebraska,Season peak percentage,percent,0,Bin,1.1,1.2
Nebraska,Season peak percentage,percent,0,Bin,1.2,1.3
Nebraska,Season peak percentage,percent,0,Bin,1.3,1.4
Nebraska,Season peak percentage,percent,0,Bin,1.4,1.5
Nebraska,Season peak percentage,percent,0,Bin,1.5,1.6
Nebraska,Season peak percentage,percent,0,Bin,1.6,1.7
Nebraska,Season peak percentage,percent,0,Bin,1.7,1.8
Nebraska,Season peak percentage,percent,0,Bin,1.8,1.9
Nebraska,Season peak percentage,percent,0,Bin,1.9,2.0
Nebraska,Season peak percentage,percent,0,Bin,2.0,2.1
Nebraska,Season peak percentage,percent,0,Bin,2.1,2.2
Nebraska,Season peak percentage,percent,0,Bin,2.2,2.3
Nebraska,Season peak percentage,percent,0,Bin,2.3,2.4
Nebraska,Season peak percentage,percent,0,Bin,2.4,2.5
Nebraska,Season peak percentage,percent,0,Bin,2.5,2.6
Nebraska,Season peak percentage,percent,0,Bin,2.6,2.7
Nebraska,Season peak percentage,percent,0,Bin,2.7,2.8
Nebraska,Season peak percentage,percent,0,Bin,2.8,2.9
Nebraska,Season peak percentage,percent,0,Bin,2.9,3.0
Nebraska,Season peak percentage,percent,0,Bin,3.0,3.1
Nebraska,Season peak percentage,percent,0,Bin,3.1,3.2
Nebraska,Season peak percentage,percent,0,Bin,3.2,3.3
Nebraska,Season peak percentage,percent,0.03,Bin,3.3,3.4
Nebraska,Season peak percentage,percent,0,Bin,3.4,3.5
Nebraska,Season peak percentage,percent,0.006,Bin,3.5,3.6
Nebraska,Season peak percentage,percent,0.006,Bin,3.6,3.7
Nebraska,Season peak percentage,percent,0.004,Bin,3.7,3.8
Nebraska,Season peak percentage,percent,0.002,Bin,3.8,3.9
Nebraska,Season peak percentage,percent,0.012,Bin,3.9,4.0
Nebraska,Season peak percentage,percent,0.002,Bin,4.0,4.1
Nebraska,Season peak percentage,percent,0.002,Bin,4.1,4.2
Nebraska,Season peak percentage,percent,0.014,Bin,4.2,4.3
Nebraska,Season peak percentage,percent,0.01,Bin,4.3,4.4
Nebraska,Season peak percentage,percent,0.01,Bin,4.4,4.5
Nebraska,Season peak percentage,percent,0.008,Bin,4.5,4.6
Nebraska,Season peak percentage,percent,0.004,Bin,4.6,4.7
Nebraska,Season peak percentage,percent,0.004,Bin,4.7,4.8
Nebraska,Season peak percentage,percent,0.004,Bin,4.8,4.9
Nebraska,Season peak percentage,percent,0.006,Bin,4.9,5.0
Nebraska,Season peak percentage,percent,0.008,Bin,5.0,5.1
Nebraska,Season peak percentage,percent,0.004,Bin,5.1,5.2
Nebraska,Season peak percentage,percent,0.004,Bin,5.2,5.3
Nebraska,Season peak percentage,percent,0.004,Bin,5.3,5.4
Nebraska,Season peak percentage,percent,0.006,Bin,5.4,5.5
Nebraska,Season peak percentage,percent,0.01,Bin,5.5,5.6
Nebraska,Season peak percentage,percent,0.006,Bin,5.6,5.7
Nebraska,Season peak percentage,percent,0.006,Bin,5.7,5.8
Nebraska,Season peak percentage,percent,0.01,Bin,5.8,5.9
Nebraska,Season peak percentage,percent,0.002,Bin,5.9,6.0
Nebraska,Season peak percentage,percent,0.01,Bin,6.0,6.1
Nebraska,Season peak percentage,percent,0.004,Bin,6.1,6.2
Nebraska,Season peak percentage,percent,0.008,Bin,6.2,6.3
Nebraska,Season peak percentage,percent,0.006,Bin,6.3,6.4
Nebraska,Season peak percentage,percent,0.002,Bin,6.4,6.5
Nebraska,Season peak percentage,percent,0.008,Bin,6.5,6.6
Nebraska,Season peak percentage,percent,0.004,Bin,6.6,6.7
Nebraska,Season peak percentage,percent,0.002,Bin,6.7,6.8
Nebraska,Season peak percentage,percent,0.012,Bin,6.8,6.9
Nebraska,Season peak percentage,percent,0,Bin,6.9,7.0
Nebraska,Season peak percentage,percent,0.004,Bin,7.0,7.1
Nebraska,Season peak percentage,percent,0.002,Bin,7.1,7.2
Nebraska,Season peak percentage,percent,0.008,Bin,7.2,7.3
Nebraska,Season peak percentage,percent,0.006,Bin,7.3,7.4
Nebraska,Season peak percentage,percent,0.006,Bin,7.4,7.5
Nebraska,Season peak percentage,percent,0.004,Bin,7.5,7.6
Nebraska,Season peak percentage,percent,0.006,Bin,7.6,7.7
Nebraska,Season peak percentage,percent,0.006,Bin,7.7,7.8
Nebraska,Season peak percentage,percent,0.006,Bin,7.8,7.9
Nebraska,Season peak percentage,percent,0.006,Bin,7.9,8.0
Nebraska,Season peak percentage,percent,0.012,Bin,8.0,8.1
Nebraska,Season peak percentage,percent,0.008,Bin,8.1,8.2
Nebraska,Season peak percentage,percent,0.01,Bin,8.2,8.3
Nebraska,Season peak percentage,percent,0.006,Bin,8.3,8.4
Nebraska,Season peak percentage,percent,0.01,Bin,8.4,8.5
Nebraska,Season peak percentage,percent,0,Bin,8.5,8.6
Nebraska,Season peak percentage,percent,0.004,Bin,8.6,8.7
Nebraska,Season peak percentage,percent,0.008,Bin,8.7,8.8
Nebraska,Season peak percentage,percent,0.008,Bin,8.8,8.9
Nebraska,Season peak percentage,percent,0.004,Bin,8.9,9.0
Nebraska,Season peak percentage,percent,0.004,Bin,9.0,9.1
Nebraska,Season peak percentage,percent,0.002,Bin,9.1,9.2
Nebraska,Season peak percentage,percent,0.006,Bin,9.2,9.3
Nebraska,Season peak percentage,percent,0.008,Bin,9.3,9.4
Nebraska,Season peak percentage,percent,0.01,Bin,9.4,9.5
Nebraska,Season peak percentage,percent,0.006,Bin,9.5,9.6
Nebraska,Season peak percentage,percent,0.006,Bin,9.6,9.7
Nebraska,Season peak percentage,percent,0.004,Bin,9.7,9.8
Nebraska,Season peak percentage,percent,0.01,Bin,9.8,9.9
Nebraska,Season peak percentage,percent,0.008,Bin,9.9,10.0
Nebraska,Season peak percentage,percent,0.014,Bin,10.0,10.1
Nebraska,Season peak percentage,percent,0.002,Bin,10.1,10.2
Nebraska,Season peak percentage,percent,0.008,Bin,10.2,10.3
Nebraska,Season peak percentage,percent,0.004,Bin,10.3,10.4
Nebraska,Season peak percentage,percent,0.014,Bin,10.4,10.5
Nebraska,Season peak percentage,percent,0.002,Bin,10.5,10.6
Nebraska,Season peak percentage,percent,0.014,Bin,10.6,10.7
Nebraska,Season peak percentage,percent,0.01,Bin,10.7,10.8
Nebraska,Season peak percentage,percent,0,Bin,10.8,10.9
Nebraska,Season peak percentage,percent,0.002,Bin,10.9,11.0
Nebraska,Season peak percentage,percent,0.002,Bin,11.0,11.1
Nebraska,Season peak percentage,percent,0.002,Bin,11.1,11.2
Nebraska,Season peak percentage,percent,0.002,Bin,11.2,11.3
Nebraska,Season peak percentage,percent,0,Bin,11.3,11.4
Nebraska,Season peak percentage,percent,0.004,Bin,11.4,11.5
Nebraska,Season peak percentage,percent,0.01,Bin,11.5,11.6
Nebraska,Season peak percentage,percent,0.004,Bin,11.6,11.7
Nebraska,Season peak percentage,percent,0.002,Bin,11.7,11.8
Nebraska,Season peak percentage,percent,0.008,Bin,11.8,11.9
Nebraska,Season peak percentage,percent,0.004,Bin,11.9,12.0
Nebraska,Season peak percentage,percent,0.006,Bin,12.0,12.1
Nebraska,Season peak percentage,percent,0.002,Bin,12.1,12.2
Nebraska,Season peak percentage,percent,0.006,Bin,12.2,12.3
Nebraska,Season peak percentage,percent,0.004,Bin,12.3,12.4
Nebraska,Season peak percentage,percent,0.002,Bin,12.4,12.5
Nebraska,Season peak percentage,percent,0.008,Bin,12.5,12.6
Nebraska,Season peak percentage,percent,0.004,Bin,12.6,12.7
Nebraska,Season peak percentage,percent,0.002,Bin,12.7,12.8
Nebraska,Season peak percentage,percent,0,Bin,12.8,12.9
Nebraska,Season peak percentage,percent,0.002,Bin,12.9,13.0
Nebraska,Season peak percentage,percent,0.428,Bin,13.0,100.0
Nebraska,Season peak week,week,0,Bin,40.0,41.0
Nebraska,Season peak week,week,0,Bin,41.0,42.0
Nebraska,Season peak week,week,0,Bin,42.0,43.0
Nebraska,Season peak week,week,0,Bin,43.0,44.0
Nebraska,Season peak week,week,0,Bin,44.0,45.0
Nebraska,Season peak week,week,0,Bin,45.0,46.0
Nebraska,Season peak week,week,0,Bin,46.0,47.0
Nebraska,Season peak week,week,0.0294695481335953,Bin,47.0,48.0
Nebraska,Season peak week,week,0,Bin,48.0,49.0
Nebraska,Season peak week,week,0,Bin,49.0,50.0
Nebraska,Season peak week,week,0.0255402750491159,Bin,50.0,51.0
Nebraska,Season peak week,week,0.0275049115913556,Bin,51.0,52.0
Nebraska,Season peak week,week,0.0235756385068762,Bin,52.0,53.0
Nebraska,Season peak week,week,0.0451866404715128,Bin,1.0,2.0
Nebraska,Season peak week,week,0.037328094302554,Bin,2.0,3.0
Nebraska,Season peak week,week,0.0648330058939096,Bin,3.0,4.0
Nebraska,Season peak week,week,0.037328094302554,Bin,4.0,5.0
Nebraska,Season peak week,week,0.0884086444007859,Bin,5.0,6.0
Nebraska,Season peak week,week,0.100196463654224,Bin,6.0,7.0
Nebraska,Season peak week,week,0.111984282907662,Bin,7.0,8.0
Nebraska,Season peak week,week,0.106090373280943,Bin,8.0,9.0
Nebraska,Season peak week,week,0.0648330058939096,Bin,9.0,10.0
Nebraska,Season peak week,week,0.0805500982318271,Bin,10.0,11.0
Nebraska,Season peak week,week,0.0471512770137525,Bin,11.0,12.0
Nebraska,Season peak week,week,0.0275049115913556,Bin,12.0,13.0
Nebraska,Season peak week,week,0.0392927308447937,Bin,13.0,14.0
Nebraska,Season peak week,week,0.0117878192534381,Bin,14.0,15.0
Nebraska,Season peak week,week,0.00982318271119843,Bin,15.0,16.0
Nebraska,Season peak week,week,0.00589390962671906,Bin,16.0,17.0
Nebraska,Season peak week,week,0.00589390962671906,Bin,17.0,18.0
Nebraska,Season peak week,week,0.00392927308447937,Bin,18.0,19.0
Nebraska,Season peak week,week,0.00196463654223969,Bin,19.0,20.0
Nebraska,Season peak week,week,0.00392927308447937,Bin,20.0,21.0
Nevada,1 wk ahead,percent,0,Bin,0.0,0.1
Nevada,1 wk ahead,percent,0,Bin,0.1,0.2
Nevada,1 wk ahead,percent,0,Bin,0.2,0.3
Nevada,1 wk ahead,percent,0,Bin,0.3,0.4
Nevada,1 wk ahead,percent,0,Bin,0.4,0.5
Nevada,1 wk ahead,percent,0,Bin,0.5,0.6
Nevada,1 wk ahead,percent,0.002,Bin,0.6,0.7
Nevada,1 wk ahead,percent,0,Bin,0.7,0.8
Nevada,1 wk ahead,percent,0,Bin,0.8,0.9
Nevada,1 wk ahead,percent,0,Bin,0.9,1.0
Nevada,1 wk ahead,percent,0.008,Bin,1.0,1.1
Nevada,1 wk ahead,percent,0,Bin,1.1,1.2
Nevada,1 wk ahead,percent,0.008,Bin,1.2,1.3
Nevada,1 wk ahead,percent,0.042,Bin,1.3,1.4
Nevada,1 wk ahead,percent,0.014,Bin,1.4,1.5
Nevada,1 wk ahead,percent,0.036,Bin,1.5,1.6
Nevada,1 wk ahead,percent,0.066,Bin,1.6,1.7
Nevada,1 wk ahead,percent,0.062,Bin,1.7,1.8
Nevada,1 wk ahead,percent,0.084,Bin,1.8,1.9
Nevada,1 wk ahead,percent,0.05,Bin,1.9,2.0
Nevada,1 wk ahead,percent,0.08,Bin,2.0,2.1
Nevada,1 wk ahead,percent,0.1,Bin,2.1,2.2
Nevada,1 wk ahead,percent,0.078,Bin,2.2,2.3
Nevada,1 wk ahead,percent,0.056,Bin,2.3,2.4
Nevada,1 wk ahead,percent,0.036,Bin,2.4,2.5
Nevada,1 wk ahead,percent,0.044,Bin,2.5,2.6
Nevada,1 wk ahead,percent,0.056,Bin,2.6,2.7
Nevada,1 wk ahead,percent,0.044,Bin,2.7,2.8
Nevada,1 wk ahead,percent,0.016,Bin,2.8,2.9
Nevada,1 wk ahead,percent,0.02,Bin,2.9,3.0
Nevada,1 wk ahead,percent,0.014,Bin,3.0,3.1
Nevada,1 wk ahead,percent,0.02,Bin,3.1,3.2
Nevada,1 wk ahead,percent,0.01,Bin,3.2,3.3
Nevada,1 wk ahead,percent,0.01,Bin,3.3,3.4
Nevada,1 wk ahead,percent,0.008,Bin,3.4,3.5
Nevada,1 wk ahead,percent,0.012,Bin,3.5,3.6
Nevada,1 wk ahead,percent,0,Bin,3.6,3.7
Nevada,1 wk ahead,percent,0.002,Bin,3.7,3.8
Nevada,1 wk ahead,percent,0.008,Bin,3.8,3.9
Nevada,1 wk ahead,percent,0,Bin,3.9,4.0
Nevada,1 wk ahead,percent,0,Bin,4.0,4.1
Nevada,1 wk ahead,percent,0.002,Bin,4.1,4.2
Nevada,1 wk ahead,percent,0,Bin,4.2,4.3
Nevada,1 wk ahead,percent,0,Bin,4.3,4.4
Nevada,1 wk ahead,percent,0,Bin,4.4,4.5
Nevada,1 wk ahead,percent,0.002,Bin,4.5,4.6
Nevada,1 wk ahead,percent,0,Bin,4.6,4.7
Nevada,1 wk ahead,percent,0,Bin,4.7,4.8
Nevada,1 wk ahead,percent,0.006,Bin,4.8,4.9
Nevada,1 wk ahead,percent,0,Bin,4.9,5.0
Nevada,1 wk ahead,percent,0.002,Bin,5.0,5.1
Nevada,1 wk ahead,percent,0.002,Bin,5.1,5.2
Nevada,1 wk ahead,percent,0,Bin,5.2,5.3
Nevada,1 wk ahead,percent,0,Bin,5.3,5.4
Nevada,1 wk ahead,percent,0,Bin,5.4,5.5
Nevada,1 wk ahead,percent,0,Bin,5.5,5.6
Nevada,1 wk ahead,percent,0,Bin,5.6,5.7
Nevada,1 wk ahead,percent,0,Bin,5.7,5.8
Nevada,1 wk ahead,percent,0,Bin,5.8,5.9
Nevada,1 wk ahead,percent,0,Bin,5.9,6.0
Nevada,1 wk ahead,percent,0,Bin,6.0,6.1
Nevada,1 wk ahead,percent,0,Bin,6.1,6.2
Nevada,1 wk ahead,percent,0,Bin,6.2,6.3
Nevada,1 wk ahead,percent,0,Bin,6.3,6.4
Nevada,1 wk ahead,percent,0,Bin,6.4,6.5
Nevada,1 wk ahead,percent,0,Bin,6.5,6.6
Nevada,1 wk ahead,percent,0,Bin,6.6,6.7
Nevada,1 wk ahead,percent,0,Bin,6.7,6.8
Nevada,1 wk ahead,percent,0,Bin,6.8,6.9
Nevada,1 wk ahead,percent,0,Bin,6.9,7.0
Nevada,1 wk ahead,percent,0,Bin,7.0,7.1
Nevada,1 wk ahead,percent,0,Bin,7.1,7.2
Nevada,1 wk ahead,percent,0,Bin,7.2,7.3
Nevada,1 wk ahead,percent,0,Bin,7.3,7.4
Nevada,1 wk ahead,percent,0,Bin,7.4,7.5
Nevada,1 wk ahead,percent,0,Bin,7.5,7.6
Nevada,1 wk ahead,percent,0,Bin,7.6,7.7
Nevada,1 wk ahead,percent,0,Bin,7.7,7.8
Nevada,1 wk ahead,percent,0,Bin,7.8,7.9
Nevada,1 wk ahead,percent,0,Bin,7.9,8.0
Nevada,1 wk ahead,percent,0,Bin,8.0,8.1
Nevada,1 wk ahead,percent,0,Bin,8.1,8.2
Nevada,1 wk ahead,percent,0,Bin,8.2,8.3
Nevada,1 wk ahead,percent,0,Bin,8.3,8.4
Nevada,1 wk ahead,percent,0,Bin,8.4,8.5
Nevada,1 wk ahead,percent,0,Bin,8.5,8.6
Nevada,1 wk ahead,percent,0,Bin,8.6,8.7
Nevada,1 wk ahead,percent,0,Bin,8.7,8.8
Nevada,1 wk ahead,percent,0,Bin,8.8,8.9
Nevada,1 wk ahead,percent,0,Bin,8.9,9.0
Nevada,1 wk ahead,percent,0,Bin,9.0,9.1
Nevada,1 wk ahead,percent,0,Bin,9.1,9.2
Nevada,1 wk ahead,percent,0,Bin,9.2,9.3
Nevada,1 wk ahead,percent,0,Bin,9.3,9.4
Nevada,1 wk ahead,percent,0,Bin,9.4,9.5
Nevada,1 wk ahead,percent,0,Bin,9.5,9.6
Nevada,1 wk ahead,percent,0,Bin,9.6,9.7
Nevada,1 wk ahead,percent,0,Bin,9.7,9.8
Nevada,1 wk ahead,percent,0,Bin,9.8,9.9
Nevada,1 wk ahead,percent,0,Bin,9.9,10.0
Nevada,1 wk ahead,percent,0,Bin,10.0,10.1
Nevada,1 wk ahead,percent,0,Bin,10.1,10.2
Nevada,1 wk ahead,percent,0,Bin,10.2,10.3
Nevada,1 wk ahead,percent,0,Bin,10.3,10.4
Nevada,1 wk ahead,percent,0,Bin,10.4,10.5
Nevada,1 wk ahead,percent,0,Bin,10.5,10.6
Nevada,1 wk ahead,percent,0,Bin,10.6,10.7
Nevada,1 wk ahead,percent,0,Bin,10.7,10.8
Nevada,1 wk ahead,percent,0,Bin,10.8,10.9
Nevada,1 wk ahead,percent,0,Bin,10.9,11.0
Nevada,1 wk ahead,percent,0,Bin,11.0,11.1
Nevada,1 wk ahead,percent,0,Bin,11.1,11.2
Nevada,1 wk ahead,percent,0,Bin,11.2,11.3
Nevada,1 wk ahead,percent,0,Bin,11.3,11.4
Nevada,1 wk ahead,percent,0,Bin,11.4,11.5
Nevada,1 wk ahead,percent,0,Bin,11.5,11.6
Nevada,1 wk ahead,percent,0,Bin,11.6,11.7
Nevada,1 wk ahead,percent,0,Bin,11.7,11.8
Nevada,1 wk ahead,percent,0,Bin,11.8,11.9
Nevada,1 wk ahead,percent,0,Bin,11.9,12.0
Nevada,1 wk ahead,percent,0,Bin,12.0,12.1
Nevada,1 wk ahead,percent,0,Bin,12.1,12.2
Nevada,1 wk ahead,percent,0,Bin,12.2,12.3
Nevada,1 wk ahead,percent,0,Bin,12.3,12.4
Nevada,1 wk ahead,percent,0,Bin,12.4,12.5
Nevada,1 wk ahead,percent,0,Bin,12.5,12.6
Nevada,1 wk ahead,percent,0,Bin,12.6,12.7
Nevada,1 wk ahead,percent,0,Bin,12.7,12.8
Nevada,1 wk ahead,percent,0,Bin,12.8,12.9
Nevada,1 wk ahead,percent,0,Bin,12.9,13.0
Nevada,1 wk ahead,percent,0,Bin,13.0,100.0
Nevada,2 wk ahead,percent,0,Bin,0.0,0.1
Nevada,2 wk ahead,percent,0,Bin,0.1,0.2
Nevada,2 wk ahead,percent,0,Bin,0.2,0.3
Nevada,2 wk ahead,percent,0,Bin,0.3,0.4
Nevada,2 wk ahead,percent,0,Bin,0.4,0.5
Nevada,2 wk ahead,percent,0.002,Bin,0.5,0.6
Nevada,2 wk ahead,percent,0.002,Bin,0.6,0.7
Nevada,2 wk ahead,percent,0.006,Bin,0.7,0.8
Nevada,2 wk ahead,percent,0.004,Bin,0.8,0.9
Nevada,2 wk ahead,percent,0.004,Bin,0.9,1.0
Nevada,2 wk ahead,percent,0.006,Bin,1.0,1.1
Nevada,2 wk ahead,percent,0.016,Bin,1.1,1.2
Nevada,2 wk ahead,percent,0.01,Bin,1.2,1.3
Nevada,2 wk ahead,percent,0.012,Bin,1.3,1.4
Nevada,2 wk ahead,percent,0.018,Bin,1.4,1.5
Nevada,2 wk ahead,percent,0.032,Bin,1.5,1.6
Nevada,2 wk ahead,percent,0.042,Bin,1.6,1.7
Nevada,2 wk ahead,percent,0.032,Bin,1.7,1.8
Nevada,2 wk ahead,percent,0.066,Bin,1.8,1.9
Nevada,2 wk ahead,percent,0.068,Bin,1.9,2.0
Nevada,2 wk ahead,percent,0.068,Bin,2.0,2.1
Nevada,2 wk ahead,percent,0.06,Bin,2.1,2.2
Nevada,2 wk ahead,percent,0.072,Bin,2.2,2.3
Nevada,2 wk ahead,percent,0.05,Bin,2.3,2.4
Nevada,2 wk ahead,percent,0.046,Bin,2.4,2.5
Nevada,2 wk ahead,percent,0.044,Bin,2.5,2.6
Nevada,2 wk ahead,percent,0.044,Bin,2.6,2.7
Nevada,2 wk ahead,percent,0.036,Bin,2.7,2.8
Nevada,2 wk ahead,percent,0.034,Bin,2.8,2.9
Nevada,2 wk ahead,percent,0.048,Bin,2.9,3.0
Nevada,2 wk ahead,percent,0.03,Bin,3.0,3.1
Nevada,2 wk ahead,percent,0.02,Bin,3.1,3.2
Nevada,2 wk ahead,percent,0.02,Bin,3.2,3.3
Nevada,2 wk ahead,percent,0.018,Bin,3.3,3.4
Nevada,2 wk ahead,percent,0.022,Bin,3.4,3.5
Nevada,2 wk ahead,percent,0.01,Bin,3.5,3.6
Nevada,2 wk ahead,percent,0.004,Bin,3.6,3.7
Nevada,2 wk ahead,percent,0.01,Bin,3.7,3.8
Nevada,2 wk ahead,percent,0.01,Bin,3.8,3.9
Nevada,2 wk ahead,percent,0.002,Bin,3.9,4.0
Nevada,2 wk ahead,percent,0.004,Bin,4.0,4.1
Nevada,2 wk ahead,percent,0.004,Bin,4.1,4.2
Nevada,2 wk ahead,percent,0.002,Bin,4.2,4.3
Nevada,2 wk ahead,percent,0.006,Bin,4.3,4.4
Nevada,2 wk ahead,percent,0,Bin,4.4,4.5
Nevada,2 wk ahead,percent,0.004,Bin,4.5,4.6
Nevada,2 wk ahead,percent,0.002,Bin,4.6,4.7
Nevada,2 wk ahead,percent,0,Bin,4.7,4.8
Nevada,2 wk ahead,percent,0,Bin,4.8,4.9
Nevada,2 wk ahead,percent,0,Bin,4.9,5.0
Nevada,2 wk ahead,percent,0.002,Bin,5.0,5.1
Nevada,2 wk ahead,percent,0,Bin,5.1,5.2
Nevada,2 wk ahead,percent,0,Bin,5.2,5.3
Nevada,2 wk ahead,percent,0.002,Bin,5.3,5.4
Nevada,2 wk ahead,percent,0.002,Bin,5.4,5.5
Nevada,2 wk ahead,percent,0,Bin,5.5,5.6
Nevada,2 wk ahead,percent,0,Bin,5.6,5.7
Nevada,2 wk ahead,percent,0,Bin,5.7,5.8
Nevada,2 wk ahead,percent,0,Bin,5.8,5.9
Nevada,2 wk ahead,percent,0.002,Bin,5.9,6.0
Nevada,2 wk ahead,percent,0.002,Bin,6.0,6.1
Nevada,2 wk ahead,percent,0,Bin,6.1,6.2
Nevada,2 wk ahead,percent,0,Bin,6.2,6.3
Nevada,2 wk ahead,percent,0,Bin,6.3,6.4
Nevada,2 wk ahead,percent,0,Bin,6.4,6.5
Nevada,2 wk ahead,percent,0,Bin,6.5,6.6
Nevada,2 wk ahead,percent,0,Bin,6.6,6.7
Nevada,2 wk ahead,percent,0,Bin,6.7,6.8
Nevada,2 wk ahead,percent,0,Bin,6.8,6.9
Nevada,2 wk ahead,percent,0,Bin,6.9,7.0
Nevada,2 wk ahead,percent,0,Bin,7.0,7.1
Nevada,2 wk ahead,percent,0,Bin,7.1,7.2
Nevada,2 wk ahead,percent,0,Bin,7.2,7.3
Nevada,2 wk ahead,percent,0,Bin,7.3,7.4
Nevada,2 wk ahead,percent,0,Bin,7.4,7.5
Nevada,2 wk ahead,percent,0,Bin,7.5,7.6
Nevada,2 wk ahead,percent,0,Bin,7.6,7.7
Nevada,2 wk ahead,percent,0,Bin,7.7,7.8
Nevada,2 wk ahead,percent,0,Bin,7.8,7.9
Nevada,2 wk ahead,percent,0,Bin,7.9,8.0
Nevada,2 wk ahead,percent,0,Bin,8.0,8.1
Nevada,2 wk ahead,percent,0,Bin,8.1,8.2
Nevada,2 wk ahead,percent,0,Bin,8.2,8.3
Nevada,2 wk ahead,percent,0,Bin,8.3,8.4
Nevada,2 wk ahead,percent,0,Bin,8.4,8.5
Nevada,2 wk ahead,percent,0,Bin,8.5,8.6
Nevada,2 wk ahead,percent,0,Bin,8.6,8.7
Nevada,2 wk ahead,percent,0,Bin,8.7,8.8
Nevada,2 wk ahead,percent,0,Bin,8.8,8.9
Nevada,2 wk ahead,percent,0,Bin,8.9,9.0
Nevada,2 wk ahead,percent,0,Bin,9.0,9.1
Nevada,2 wk ahead,percent,0,Bin,9.1,9.2
Nevada,2 wk ahead,percent,0,Bin,9.2,9.3
Nevada,2 wk ahead,percent,0,Bin,9.3,9.4
Nevada,2 wk ahead,percent,0,Bin,9.4,9.5
Nevada,2 wk ahead,percent,0,Bin,9.5,9.6
Nevada,2 wk ahead,percent,0,Bin,9.6,9.7
Nevada,2 wk ahead,percent,0,Bin,9.7,9.8
Nevada,2 wk ahead,percent,0,Bin,9.8,9.9
Nevada,2 wk ahead,percent,0,Bin,9.9,10.0
Nevada,2 wk ahead,percent,0,Bin,10.0,10.1
Nevada,2 wk ahead,percent,0,Bin,10.1,10.2
Nevada,2 wk ahead,percent,0,Bin,10.2,10.3
Nevada,2 wk ahead,percent,0,Bin,10.3,10.4
Nevada,2 wk ahead,percent,0,Bin,10.4,10.5
Nevada,2 wk ahead,percent,0,Bin,10.5,10.6
Nevada,2 wk ahead,percent,0,Bin,10.6,10.7
Nevada,2 wk ahead,percent,0,Bin,10.7,10.8
Nevada,2 wk ahead,percent,0,Bin,10.8,10.9
Nevada,2 wk ahead,percent,0,Bin,10.9,11.0
Nevada,2 wk ahead,percent,0,Bin,11.0,11.1
Nevada,2 wk ahead,percent,0,Bin,11.1,11.2
Nevada,2 wk ahead,percent,0,Bin,11.2,11.3
Nevada,2 wk ahead,percent,0,Bin,11.3,11.4
Nevada,2 wk ahead,percent,0,Bin,11.4,11.5
Nevada,2 wk ahead,percent,0,Bin,11.5,11.6
Nevada,2 wk ahead,percent,0,Bin,11.6,11.7
Nevada,2 wk ahead,percent,0,Bin,11.7,11.8
Nevada,2 wk ahead,percent,0,Bin,11.8,11.9
Nevada,2 wk ahead,percent,0,Bin,11.9,12.0
Nevada,2 wk ahead,percent,0,Bin,12.0,12.1
Nevada,2 wk ahead,percent,0,Bin,12.1,12.2
Nevada,2 wk ahead,percent,0,Bin,12.2,12.3
Nevada,2 wk ahead,percent,0,Bin,12.3,12.4
Nevada,2 wk ahead,percent,0,Bin,12.4,12.5
Nevada,2 wk ahead,percent,0,Bin,12.5,12.6
Nevada,2 wk ahead,percent,0,Bin,12.6,12.7
Nevada,2 wk ahead,percent,0,Bin,12.7,12.8
Nevada,2 wk ahead,percent,0,Bin,12.8,12.9
Nevada,2 wk ahead,percent,0,Bin,12.9,13.0
Nevada,2 wk ahead,percent,0,Bin,13.0,100.0
Nevada,3 wk ahead,percent,0,Bin,0.0,0.1
Nevada,3 wk ahead,percent,0,Bin,0.1,0.2
Nevada,3 wk ahead,percent,0,Bin,0.2,0.3
Nevada,3 wk ahead,percent,0.002,Bin,0.3,0.4
Nevada,3 wk ahead,percent,0,Bin,0.4,0.5
Nevada,3 wk ahead,percent,0,Bin,0.5,0.6
Nevada,3 wk ahead,percent,0.002,Bin,0.6,0.7
Nevada,3 wk ahead,percent,0.004,Bin,0.7,0.8
Nevada,3 wk ahead,percent,0,Bin,0.8,0.9
Nevada,3 wk ahead,percent,0.01,Bin,0.9,1.0
Nevada,3 wk ahead,percent,0.008,Bin,1.0,1.1
Nevada,3 wk ahead,percent,0.008,Bin,1.1,1.2
Nevada,3 wk ahead,percent,0.008,Bin,1.2,1.3
Nevada,3 wk ahead,percent,0.01,Bin,1.3,1.4
Nevada,3 wk ahead,percent,0.026,Bin,1.4,1.5
Nevada,3 wk ahead,percent,0.018,Bin,1.5,1.6
Nevada,3 wk ahead,percent,0.032,Bin,1.6,1.7
Nevada,3 wk ahead,percent,0.038,Bin,1.7,1.8
Nevada,3 wk ahead,percent,0.05,Bin,1.8,1.9
Nevada,3 wk ahead,percent,0.03,Bin,1.9,2.0
Nevada,3 wk ahead,percent,0.074,Bin,2.0,2.1
Nevada,3 wk ahead,percent,0.048,Bin,2.1,2.2
Nevada,3 wk ahead,percent,0.066,Bin,2.2,2.3
Nevada,3 wk ahead,percent,0.054,Bin,2.3,2.4
Nevada,3 wk ahead,percent,0.052,Bin,2.4,2.5
Nevada,3 wk ahead,percent,0.054,Bin,2.5,2.6
Nevada,3 wk ahead,percent,0.048,Bin,2.6,2.7
Nevada,3 wk ahead,percent,0.032,Bin,2.7,2.8
Nevada,3 wk ahead,percent,0.042,Bin,2.8,2.9
Nevada,3 wk ahead,percent,0.036,Bin,2.9,3.0
Nevada,3 wk ahead,percent,0.024,Bin,3.0,3.1
Nevada,3 wk ahead,percent,0.026,Bin,3.1,3.2
Nevada,3 wk ahead,percent,0.022,Bin,3.2,3.3
Nevada,3 wk ahead,percent,0.012,Bin,3.3,3.4
Nevada,3 wk ahead,percent,0.024,Bin,3.4,3.5
Nevada,3 wk ahead,percent,0.018,Bin,3.5,3.6
Nevada,3 wk ahead,percent,0.024,Bin,3.6,3.7
Nevada,3 wk ahead,percent,0.016,Bin,3.7,3.8
Nevada,3 wk ahead,percent,0.01,Bin,3.8,3.9
Nevada,3 wk ahead,percent,0.006,Bin,3.9,4.0
Nevada,3 wk ahead,percent,0.008,Bin,4.0,4.1
Nevada,3 wk ahead,percent,0.006,Bin,4.1,4.2
Nevada,3 wk ahead,percent,0.008,Bin,4.2,4.3
Nevada,3 wk ahead,percent,0.002,Bin,4.3,4.4
Nevada,3 wk ahead,percent,0.01,Bin,4.4,4.5
Nevada,3 wk ahead,percent,0.002,Bin,4.5,4.6
Nevada,3 wk ahead,percent,0.006,Bin,4.6,4.7
Nevada,3 wk ahead,percent,0.004,Bin,4.7,4.8
Nevada,3 wk ahead,percent,0.002,Bin,4.8,4.9
Nevada,3 wk ahead,percent,0.004,Bin,4.9,5.0
Nevada,3 wk ahead,percent,0,Bin,5.0,5.1
Nevada,3 wk ahead,percent,0,Bin,5.1,5.2
Nevada,3 wk ahead,percent,0,Bin,5.2,5.3
Nevada,3 wk ahead,percent,0.002,Bin,5.3,5.4
Nevada,3 wk ahead,percent,0.004,Bin,5.4,5.5
Nevada,3 wk ahead,percent,0,Bin,5.5,5.6
Nevada,3 wk ahead,percent,0,Bin,5.6,5.7
Nevada,3 wk ahead,percent,0,Bin,5.7,5.8
Nevada,3 wk ahead,percent,0.002,Bin,5.8,5.9
Nevada,3 wk ahead,percent,0.002,Bin,5.9,6.0
Nevada,3 wk ahead,percent,0,Bin,6.0,6.1
Nevada,3 wk ahead,percent,0,Bin,6.1,6.2
Nevada,3 wk ahead,percent,0.002,Bin,6.2,6.3
Nevada,3 wk ahead,percent,0,Bin,6.3,6.4
Nevada,3 wk ahead,percent,0,Bin,6.4,6.5
Nevada,3 wk ahead,percent,0,Bin,6.5,6.6
Nevada,3 wk ahead,percent,0.002,Bin,6.6,6.7
Nevada,3 wk ahead,percent,0,Bin,6.7,6.8
Nevada,3 wk ahead,percent,0,Bin,6.8,6.9
Nevada,3 wk ahead,percent,0,Bin,6.9,7.0
Nevada,3 wk ahead,percent,0,Bin,7.0,7.1
Nevada,3 wk ahead,percent,0,Bin,7.1,7.2
Nevada,3 wk ahead,percent,0,Bin,7.2,7.3
Nevada,3 wk ahead,percent,0,Bin,7.3,7.4
Nevada,3 wk ahead,percent,0,Bin,7.4,7.5
Nevada,3 wk ahead,percent,0,Bin,7.5,7.6
Nevada,3 wk ahead,percent,0,Bin,7.6,7.7
Nevada,3 wk ahead,percent,0,Bin,7.7,7.8
Nevada,3 wk ahead,percent,0,Bin,7.8,7.9
Nevada,3 wk ahead,percent,0,Bin,7.9,8.0
Nevada,3 wk ahead,percent,0,Bin,8.0,8.1
Nevada,3 wk ahead,percent,0,Bin,8.1,8.2
Nevada,3 wk ahead,percent,0,Bin,8.2,8.3
Nevada,3 wk ahead,percent,0,Bin,8.3,8.4
Nevada,3 wk ahead,percent,0,Bin,8.4,8.5
Nevada,3 wk ahead,percent,0,Bin,8.5,8.6
Nevada,3 wk ahead,percent,0,Bin,8.6,8.7
Nevada,3 wk ahead,percent,0,Bin,8.7,8.8
Nevada,3 wk ahead,percent,0,Bin,8.8,8.9
Nevada,3 wk ahead,percent,0,Bin,8.9,9.0
Nevada,3 wk ahead,percent,0,Bin,9.0,9.1
Nevada,3 wk ahead,percent,0,Bin,9.1,9.2
Nevada,3 wk ahead,percent,0,Bin,9.2,9.3
Nevada,3 wk ahead,percent,0,Bin,9.3,9.4
Nevada,3 wk ahead,percent,0,Bin,9.4,9.5
Nevada,3 wk ahead,percent,0,Bin,9.5,9.6
Nevada,3 wk ahead,percent,0,Bin,9.6,9.7
Nevada,3 wk ahead,percent,0,Bin,9.7,9.8
Nevada,3 wk ahead,percent,0,Bin,9.8,9.9
Nevada,3 wk ahead,percent,0,Bin,9.9,10.0
Nevada,3 wk ahead,percent,0,Bin,10.0,10.1
Nevada,3 wk ahead,percent,0,Bin,10.1,10.2
Nevada,3 wk ahead,percent,0,Bin,10.2,10.3
Nevada,3 wk ahead,percent,0,Bin,10.3,10.4
Nevada,3 wk ahead,percent,0,Bin,10.4,10.5
Nevada,3 wk ahead,percent,0,Bin,10.5,10.6
Nevada,3 wk ahead,percent,0,Bin,10.6,10.7
Nevada,3 wk ahead,percent,0,Bin,10.7,10.8
Nevada,3 wk ahead,percent,0,Bin,10.8,10.9
Nevada,3 wk ahead,percent,0,Bin,10.9,11.0
Nevada,3 wk ahead,percent,0,Bin,11.0,11.1
Nevada,3 wk ahead,percent,0,Bin,11.1,11.2
Nevada,3 wk ahead,percent,0,Bin,11.2,11.3
Nevada,3 wk ahead,percent,0,Bin,11.3,11.4
Nevada,3 wk ahead,percent,0,Bin,11.4,11.5
Nevada,3 wk ahead,percent,0,Bin,11.5,11.6
Nevada,3 wk ahead,percent,0,Bin,11.6,11.7
Nevada,3 wk ahead,percent,0,Bin,11.7,11.8
Nevada,3 wk ahead,percent,0,Bin,11.8,11.9
Nevada,3 wk ahead,percent,0,Bin,11.9,12.0
Nevada,3 wk ahead,percent,0,Bin,12.0,12.1
Nevada,3 wk ahead,percent,0,Bin,12.1,12.2
Nevada,3 wk ahead,percent,0,Bin,12.2,12.3
Nevada,3 wk ahead,percent,0,Bin,12.3,12.4
Nevada,3 wk ahead,percent,0,Bin,12.4,12.5
Nevada,3 wk ahead,percent,0,Bin,12.5,12.6
Nevada,3 wk ahead,percent,0,Bin,12.6,12.7
Nevada,3 wk ahead,percent,0,Bin,12.7,12.8
Nevada,3 wk ahead,percent,0,Bin,12.8,12.9
Nevada,3 wk ahead,percent,0,Bin,12.9,13.0
Nevada,3 wk ahead,percent,0,Bin,13.0,100.0
Nevada,4 wk ahead,percent,0,Bin,0.0,0.1
Nevada,4 wk ahead,percent,0,Bin,0.1,0.2
Nevada,4 wk ahead,percent,0,Bin,0.2,0.3
Nevada,4 wk ahead,percent,0,Bin,0.3,0.4
Nevada,4 wk ahead,percent,0.002,Bin,0.4,0.5
Nevada,4 wk ahead,percent,0,Bin,0.5,0.6
Nevada,4 wk ahead,percent,0.004,Bin,0.6,0.7
Nevada,4 wk ahead,percent,0.002,Bin,0.7,0.8
Nevada,4 wk ahead,percent,0.006,Bin,0.8,0.9
Nevada,4 wk ahead,percent,0.004,Bin,0.9,1.0
Nevada,4 wk ahead,percent,0.006,Bin,1.0,1.1
Nevada,4 wk ahead,percent,0.008,Bin,1.1,1.2
Nevada,4 wk ahead,percent,0.016,Bin,1.2,1.3
Nevada,4 wk ahead,percent,0.012,Bin,1.3,1.4
Nevada,4 wk ahead,percent,0.02,Bin,1.4,1.5
Nevada,4 wk ahead,percent,0.04,Bin,1.5,1.6
Nevada,4 wk ahead,percent,0.036,Bin,1.6,1.7
Nevada,4 wk ahead,percent,0.034,Bin,1.7,1.8
Nevada,4 wk ahead,percent,0.058,Bin,1.8,1.9
Nevada,4 wk ahead,percent,0.038,Bin,1.9,2.0
Nevada,4 wk ahead,percent,0.052,Bin,2.0,2.1
Nevada,4 wk ahead,percent,0.058,Bin,2.1,2.2
Nevada,4 wk ahead,percent,0.038,Bin,2.2,2.3
Nevada,4 wk ahead,percent,0.048,Bin,2.3,2.4
Nevada,4 wk ahead,percent,0.046,Bin,2.4,2.5
Nevada,4 wk ahead,percent,0.04,Bin,2.5,2.6
Nevada,4 wk ahead,percent,0.05,Bin,2.6,2.7
Nevada,4 wk ahead,percent,0.054,Bin,2.7,2.8
Nevada,4 wk ahead,percent,0.028,Bin,2.8,2.9
Nevada,4 wk ahead,percent,0.04,Bin,2.9,3.0
Nevada,4 wk ahead,percent,0.018,Bin,3.0,3.1
Nevada,4 wk ahead,percent,0.024,Bin,3.1,3.2
Nevada,4 wk ahead,percent,0.024,Bin,3.2,3.3
Nevada,4 wk ahead,percent,0.022,Bin,3.3,3.4
Nevada,4 wk ahead,percent,0.014,Bin,3.4,3.5
Nevada,4 wk ahead,percent,0.022,Bin,3.5,3.6
Nevada,4 wk ahead,percent,0.016,Bin,3.6,3.7
Nevada,4 wk ahead,percent,0.014,Bin,3.7,3.8
Nevada,4 wk ahead,percent,0.014,Bin,3.8,3.9
Nevada,4 wk ahead,percent,0.014,Bin,3.9,4.0
Nevada,4 wk ahead,percent,0.006,Bin,4.0,4.1
Nevada,4 wk ahead,percent,0.006,Bin,4.1,4.2
Nevada,4 wk ahead,percent,0.006,Bin,4.2,4.3
Nevada,4 wk ahead,percent,0.004,Bin,4.3,4.4
Nevada,4 wk ahead,percent,0.008,Bin,4.4,4.5
Nevada,4 wk ahead,percent,0.004,Bin,4.5,4.6
Nevada,4 wk ahead,percent,0.002,Bin,4.6,4.7
Nevada,4 wk ahead,percent,0.004,Bin,4.7,4.8
Nevada,4 wk ahead,percent,0.006,Bin,4.8,4.9
Nevada,4 wk ahead,percent,0.002,Bin,4.9,5.0
Nevada,4 wk ahead,percent,0.004,Bin,5.0,5.1
Nevada,4 wk ahead,percent,0.012,Bin,5.1,5.2
Nevada,4 wk ahead,percent,0.002,Bin,5.2,5.3
Nevada,4 wk ahead,percent,0,Bin,5.3,5.4
Nevada,4 wk ahead,percent,0,Bin,5.4,5.5
Nevada,4 wk ahead,percent,0.002,Bin,5.5,5.6
Nevada,4 wk ahead,percent,0,Bin,5.6,5.7
Nevada,4 wk ahead,percent,0.004,Bin,5.7,5.8
Nevada,4 wk ahead,percent,0,Bin,5.8,5.9
Nevada,4 wk ahead,percent,0,Bin,5.9,6.0
Nevada,4 wk ahead,percent,0,Bin,6.0,6.1
Nevada,4 wk ahead,percent,0,Bin,6.1,6.2
Nevada,4 wk ahead,percent,0,Bin,6.2,6.3
Nevada,4 wk ahead,percent,0,Bin,6.3,6.4
Nevada,4 wk ahead,percent,0,Bin,6.4,6.5
Nevada,4 wk ahead,percent,0,Bin,6.5,6.6
Nevada,4 wk ahead,percent,0,Bin,6.6,6.7
Nevada,4 wk ahead,percent,0,Bin,6.7,6.8
Nevada,4 wk ahead,percent,0,Bin,6.8,6.9
Nevada,4 wk ahead,percent,0,Bin,6.9,7.0
Nevada,4 wk ahead,percent,0,Bin,7.0,7.1
Nevada,4 wk ahead,percent,0,Bin,7.1,7.2
Nevada,4 wk ahead,percent,0,Bin,7.2,7.3
Nevada,4 wk ahead,percent,0,Bin,7.3,7.4
Nevada,4 wk ahead,percent,0,Bin,7.4,7.5
Nevada,4 wk ahead,percent,0,Bin,7.5,7.6
Nevada,4 wk ahead,percent,0,Bin,7.6,7.7
Nevada,4 wk ahead,percent,0,Bin,7.7,7.8
Nevada,4 wk ahead,percent,0.004,Bin,7.8,7.9
Nevada,4 wk ahead,percent,0,Bin,7.9,8.0
Nevada,4 wk ahead,percent,0,Bin,8.0,8.1
Nevada,4 wk ahead,percent,0,Bin,8.1,8.2
Nevada,4 wk ahead,percent,0,Bin,8.2,8.3
Nevada,4 wk ahead,percent,0,Bin,8.3,8.4
Nevada,4 wk ahead,percent,0,Bin,8.4,8.5
Nevada,4 wk ahead,percent,0,Bin,8.5,8.6
Nevada,4 wk ahead,percent,0,Bin,8.6,8.7
Nevada,4 wk ahead,percent,0,Bin,8.7,8.8
Nevada,4 wk ahead,percent,0,Bin,8.8,8.9
Nevada,4 wk ahead,percent,0,Bin,8.9,9.0
Nevada,4 wk ahead,percent,0.002,Bin,9.0,9.1
Nevada,4 wk ahead,percent,0,Bin,9.1,9.2
Nevada,4 wk ahead,percent,0,Bin,9.2,9.3
Nevada,4 wk ahead,percent,0,Bin,9.3,9.4
Nevada,4 wk ahead,percent,0,Bin,9.4,9.5
Nevada,4 wk ahead,percent,0,Bin,9.5,9.6
Nevada,4 wk ahead,percent,0,Bin,9.6,9.7
Nevada,4 wk ahead,percent,0,Bin,9.7,9.8
Nevada,4 wk ahead,percent,0,Bin,9.8,9.9
Nevada,4 wk ahead,percent,0,Bin,9.9,10.0
Nevada,4 wk ahead,percent,0,Bin,10.0,10.1
Nevada,4 wk ahead,percent,0,Bin,10.1,10.2
Nevada,4 wk ahead,percent,0,Bin,10.2,10.3
Nevada,4 wk ahead,percent,0,Bin,10.3,10.4
Nevada,4 wk ahead,percent,0,Bin,10.4,10.5
Nevada,4 wk ahead,percent,0,Bin,10.5,10.6
Nevada,4 wk ahead,percent,0,Bin,10.6,10.7
Nevada,4 wk ahead,percent,0,Bin,10.7,10.8
Nevada,4 wk ahead,percent,0,Bin,10.8,10.9
Nevada,4 wk ahead,percent,0,Bin,10.9,11.0
Nevada,4 wk ahead,percent,0,Bin,11.0,11.1
Nevada,4 wk ahead,percent,0,Bin,11.1,11.2
Nevada,4 wk ahead,percent,0,Bin,11.2,11.3
Nevada,4 wk ahead,percent,0,Bin,11.3,11.4
Nevada,4 wk ahead,percent,0,Bin,11.4,11.5
Nevada,4 wk ahead,percent,0,Bin,11.5,11.6
Nevada,4 wk ahead,percent,0,Bin,11.6,11.7
Nevada,4 wk ahead,percent,0,Bin,11.7,11.8
Nevada,4 wk ahead,percent,0,Bin,11.8,11.9
Nevada,4 wk ahead,percent,0,Bin,11.9,12.0
Nevada,4 wk ahead,percent,0,Bin,12.0,12.1
Nevada,4 wk ahead,percent,0,Bin,12.1,12.2
Nevada,4 wk ahead,percent,0,Bin,12.2,12.3
Nevada,4 wk ahead,percent,0,Bin,12.3,12.4
Nevada,4 wk ahead,percent,0,Bin,12.4,12.5
Nevada,4 wk ahead,percent,0,Bin,12.5,12.6
Nevada,4 wk ahead,percent,0,Bin,12.6,12.7
Nevada,4 wk ahead,percent,0,Bin,12.7,12.8
Nevada,4 wk ahead,percent,0,Bin,12.8,12.9
Nevada,4 wk ahead,percent,0,Bin,12.9,13.0
Nevada,4 wk ahead,percent,0,Bin,13.0,100.0
Nevada,Season peak percentage,percent,0,Bin,0.0,0.1
Nevada,Season peak percentage,percent,0,Bin,0.1,0.2
Nevada,Season peak percentage,percent,0,Bin,0.2,0.3
Nevada,Season peak percentage,percent,0,Bin,0.3,0.4
Nevada,Season peak percentage,percent,0,Bin,0.4,0.5
Nevada,Season peak percentage,percent,0,Bin,0.5,0.6
Nevada,Season peak percentage,percent,0,Bin,0.6,0.7
Nevada,Season peak percentage,percent,0,Bin,0.7,0.8
Nevada,Season peak percentage,percent,0,Bin,0.8,0.9
Nevada,Season peak percentage,percent,0,Bin,0.9,1.0
Nevada,Season peak percentage,percent,0,Bin,1.0,1.1
Nevada,Season peak percentage,percent,0,Bin,1.1,1.2
Nevada,Season peak percentage,percent,0,Bin,1.2,1.3
Nevada,Season peak percentage,percent,0,Bin,1.3,1.4
Nevada,Season peak percentage,percent,0,Bin,1.4,1.5
Nevada,Season peak percentage,percent,0,Bin,1.5,1.6
Nevada,Season peak percentage,percent,0,Bin,1.6,1.7
Nevada,Season peak percentage,percent,0,Bin,1.7,1.8
Nevada,Season peak percentage,percent,0,Bin,1.8,1.9
Nevada,Season peak percentage,percent,0,Bin,1.9,2.0
Nevada,Season peak percentage,percent,0,Bin,2.0,2.1
Nevada,Season peak percentage,percent,0,Bin,2.1,2.2
Nevada,Season peak percentage,percent,0.052,Bin,2.2,2.3
Nevada,Season peak percentage,percent,0.014,Bin,2.3,2.4
Nevada,Season peak percentage,percent,0.016,Bin,2.4,2.5
Nevada,Season peak percentage,percent,0.018,Bin,2.5,2.6
Nevada,Season peak percentage,percent,0.032,Bin,2.6,2.7
Nevada,Season peak percentage,percent,0.036,Bin,2.7,2.8
Nevada,Season peak percentage,percent,0.04,Bin,2.8,2.9
Nevada,Season peak percentage,percent,0.042,Bin,2.9,3.0
Nevada,Season peak percentage,percent,0.02,Bin,3.0,3.1
Nevada,Season peak percentage,percent,0.036,Bin,3.1,3.2
Nevada,Season peak percentage,percent,0.048,Bin,3.2,3.3
Nevada,Season peak percentage,percent,0.034,Bin,3.3,3.4
Nevada,Season peak percentage,percent,0.05,Bin,3.4,3.5
Nevada,Season peak percentage,percent,0.036,Bin,3.5,3.6
Nevada,Season peak percentage,percent,0.034,Bin,3.6,3.7
Nevada,Season peak percentage,percent,0.028,Bin,3.7,3.8
Nevada,Season peak percentage,percent,0.048,Bin,3.8,3.9
Nevada,Season peak percentage,percent,0.032,Bin,3.9,4.0
Nevada,Season peak percentage,percent,0.018,Bin,4.0,4.1
Nevada,Season peak percentage,percent,0.012,Bin,4.1,4.2
Nevada,Season peak percentage,percent,0.03,Bin,4.2,4.3
Nevada,Season peak percentage,percent,0.02,Bin,4.3,4.4
Nevada,Season peak percentage,percent,0.018,Bin,4.4,4.5
Nevada,Season peak percentage,percent,0.024,Bin,4.5,4.6
Nevada,Season peak percentage,percent,0.016,Bin,4.6,4.7
Nevada,Season peak percentage,percent,0.018,Bin,4.7,4.8
Nevada,Season peak percentage,percent,0.02,Bin,4.8,4.9
Nevada,Season peak percentage,percent,0.016,Bin,4.9,5.0
Nevada,Season peak percentage,percent,0.018,Bin,5.0,5.1
Nevada,Season peak percentage,percent,0.03,Bin,5.1,5.2
Nevada,Season peak percentage,percent,0.004,Bin,5.2,5.3
Nevada,Season peak percentage,percent,0.012,Bin,5.3,5.4
Nevada,Season peak percentage,percent,0.014,Bin,5.4,5.5
Nevada,Season peak percentage,percent,0.012,Bin,5.5,5.6
Nevada,Season peak percentage,percent,0.014,Bin,5.6,5.7
Nevada,Season peak percentage,percent,0.008,Bin,5.7,5.8
Nevada,Season peak percentage,percent,0.006,Bin,5.8,5.9
Nevada,Season peak percentage,percent,0.006,Bin,5.9,6.0
Nevada,Season peak percentage,percent,0.012,Bin,6.0,6.1
Nevada,Season peak percentage,percent,0.002,Bin,6.1,6.2
Nevada,Season peak percentage,percent,0.002,Bin,6.2,6.3
Nevada,Season peak percentage,percent,0.004,Bin,6.3,6.4
Nevada,Season peak percentage,percent,0.006,Bin,6.4,6.5
Nevada,Season peak percentage,percent,0,Bin,6.5,6.6
Nevada,Season peak percentage,percent,0.004,Bin,6.6,6.7
Nevada,Season peak percentage,percent,0.004,Bin,6.7,6.8
Nevada,Season peak percentage,percent,0,Bin,6.8,6.9
Nevada,Season peak percentage,percent,0.002,Bin,6.9,7.0
Nevada,Season peak percentage,percent,0.002,Bin,7.0,7.1
Nevada,Season peak percentage,percent,0.002,Bin,7.1,7.2
Nevada,Season peak percentage,percent,0.004,Bin,7.2,7.3
Nevada,Season peak percentage,percent,0.004,Bin,7.3,7.4
Nevada,Season peak percentage,percent,0,Bin,7.4,7.5
Nevada,Season peak percentage,percent,0.002,Bin,7.5,7.6
Nevada,Season peak percentage,percent,0,Bin,7.6,7.7
Nevada,Season peak percentage,percent,0,Bin,7.7,7.8
Nevada,Season peak percentage,percent,0.002,Bin,7.8,7.9
Nevada,Season peak percentage,percent,0,Bin,7.9,8.0
Nevada,Season peak percentage,percent,0,Bin,8.0,8.1
Nevada,Season peak percentage,percent,0.002,Bin,8.1,8.2
Nevada,Season peak percentage,percent,0,Bin,8.2,8.3
Nevada,Season peak percentage,percent,0,Bin,8.3,8.4
Nevada,Season peak percentage,percent,0.002,Bin,8.4,8.5
Nevada,Season peak percentage,percent,0.004,Bin,8.5,8.6
Nevada,Season peak percentage,percent,0,Bin,8.6,8.7
Nevada,Season peak percentage,percent,0,Bin,8.7,8.8
Nevada,Season peak percentage,percent,0,Bin,8.8,8.9
Nevada,Season peak percentage,percent,0,Bin,8.9,9.0
Nevada,Season peak percentage,percent,0.002,Bin,9.0,9.1
Nevada,Season peak percentage,percent,0.002,Bin,9.1,9.2
Nevada,Season peak percentage,percent,0,Bin,9.2,9.3
Nevada,Season peak percentage,percent,0.002,Bin,9.3,9.4
Nevada,Season peak percentage,percent,0,Bin,9.4,9.5
Nevada,Season peak percentage,percent,0,Bin,9.5,9.6
Nevada,Season peak percentage,percent,0.002,Bin,9.6,9.7
Nevada,Season peak percentage,percent,0,Bin,9.7,9.8
Nevada,Season peak percentage,percent,0,Bin,9.8,9.9
Nevada,Season peak percentage,percent,0,Bin,9.9,10.0
Nevada,Season peak percentage,percent,0,Bin,10.0,10.1
Nevada,Season peak percentage,percent,0,Bin,10.1,10.2
Nevada,Season peak percentage,percent,0,Bin,10.2,10.3
Nevada,Season peak percentage,percent,0,Bin,10.3,10.4
Nevada,Season peak percentage,percent,0,Bin,10.4,10.5
Nevada,Season peak percentage,percent,0,Bin,10.5,10.6
Nevada,Season peak percentage,percent,0,Bin,10.6,10.7
Nevada,Season peak percentage,percent,0,Bin,10.7,10.8
Nevada,Season peak percentage,percent,0,Bin,10.8,10.9
Nevada,Season peak percentage,percent,0,Bin,10.9,11.0
Nevada,Season peak percentage,percent,0,Bin,11.0,11.1
Nevada,Season peak percentage,percent,0,Bin,11.1,11.2
Nevada,Season peak percentage,percent,0,Bin,11.2,11.3
Nevada,Season peak percentage,percent,0,Bin,11.3,11.4
Nevada,Season peak percentage,percent,0,Bin,11.4,11.5
Nevada,Season peak percentage,percent,0,Bin,11.5,11.6
Nevada,Season peak percentage,percent,0,Bin,11.6,11.7
Nevada,Season peak percentage,percent,0,Bin,11.7,11.8
Nevada,Season peak percentage,percent,0,Bin,11.8,11.9
Nevada,Season peak percentage,percent,0,Bin,11.9,12.0
Nevada,Season peak percentage,percent,0,Bin,12.0,12.1
Nevada,Season peak percentage,percent,0,Bin,12.1,12.2
Nevada,Season peak percentage,percent,0,Bin,12.2,12.3
Nevada,Season peak percentage,percent,0,Bin,12.3,12.4
Nevada,Season peak percentage,percent,0,Bin,12.4,12.5
Nevada,Season peak percentage,percent,0,Bin,12.5,12.6
Nevada,Season peak percentage,percent,0,Bin,12.6,12.7
Nevada,Season peak percentage,percent,0,Bin,12.7,12.8
Nevada,Season peak percentage,percent,0,Bin,12.8,12.9
Nevada,Season peak percentage,percent,0,Bin,12.9,13.0
Nevada,Season peak percentage,percent,0,Bin,13.0,100.0
Nevada,Season peak week,week,0,Bin,40.0,41.0
Nevada,Season peak week,week,0,Bin,41.0,42.0
Nevada,Season peak week,week,0,Bin,42.0,43.0
Nevada,Season peak week,week,0,Bin,43.0,44.0
Nevada,Season peak week,week,0,Bin,44.0,45.0
Nevada,Season peak week,week,0,Bin,45.0,46.0
Nevada,Season peak week,week,0,Bin,46.0,47.0
Nevada,Season peak week,week,0,Bin,47.0,48.0
Nevada,Season peak week,week,0,Bin,48.0,49.0
Nevada,Season peak week,week,0.0464285714285714,Bin,49.0,50.0
Nevada,Season peak week,week,0.0464285714285714,Bin,50.0,51.0
Nevada,Season peak week,week,0.0857142857142857,Bin,51.0,52.0
Nevada,Season peak week,week,0.0803571428571429,Bin,52.0,53.0
Nevada,Season peak week,week,0.0875,Bin,1.0,2.0
Nevada,Season peak week,week,0.0928571428571429,Bin,2.0,3.0
Nevada,Season peak week,week,0.075,Bin,3.0,4.0
Nevada,Season peak week,week,0.0714285714285714,Bin,4.0,5.0
Nevada,Season peak week,week,0.0821428571428571,Bin,5.0,6.0
Nevada,Season peak week,week,0.0642857142857143,Bin,6.0,7.0
Nevada,Season peak week,week,0.0696428571428571,Bin,7.0,8.0
Nevada,Season peak week,week,0.0625,Bin,8.0,9.0
Nevada,Season peak week,week,0.0392857142857143,Bin,9.0,10.0
Nevada,Season peak week,week,0.0285714285714286,Bin,10.0,11.0
Nevada,Season peak week,week,0.0232142857142857,Bin,11.0,12.0
Nevada,Season peak week,week,0.0160714285714286,Bin,12.0,13.0
Nevada,Season peak week,week,0.00714285714285714,Bin,13.0,14.0
Nevada,Season peak week,week,0.00892857142857143,Bin,14.0,15.0
Nevada,Season peak week,week,0.00535714285714286,Bin,15.0,16.0
Nevada,Season peak week,week,0,Bin,16.0,17.0
Nevada,Season peak week,week,0.00357142857142857,Bin,17.0,18.0
Nevada,Season peak week,week,0.00178571428571429,Bin,18.0,19.0
Nevada,Season peak week,week,0.00178571428571429,Bin,19.0,20.0
Nevada,Season peak week,week,0,Bin,20.0,21.0
New Hampshire,1 wk ahead,percent,0,Bin,0.0,0.1
New Hampshire,1 wk ahead,percent,0,Bin,0.1,0.2
New Hampshire,1 wk ahead,percent,0.012,Bin,0.2,0.3
New Hampshire,1 wk ahead,percent,0.044,Bin,0.3,0.4
New Hampshire,1 wk ahead,percent,0.066,Bin,0.4,0.5
New Hampshire,1 wk ahead,percent,0.074,Bin,0.5,0.6
New Hampshire,1 wk ahead,percent,0.088,Bin,0.6,0.7
New Hampshire,1 wk ahead,percent,0.118,Bin,0.7,0.8
New Hampshire,1 wk ahead,percent,0.08,Bin,0.8,0.9
New Hampshire,1 wk ahead,percent,0.112,Bin,0.9,1.0
New Hampshire,1 wk ahead,percent,0.066,Bin,1.0,1.1
New Hampshire,1 wk ahead,percent,0.044,Bin,1.1,1.2
New Hampshire,1 wk ahead,percent,0.06,Bin,1.2,1.3
New Hampshire,1 wk ahead,percent,0.05,Bin,1.3,1.4
New Hampshire,1 wk ahead,percent,0.038,Bin,1.4,1.5
New Hampshire,1 wk ahead,percent,0.042,Bin,1.5,1.6
New Hampshire,1 wk ahead,percent,0.004,Bin,1.6,1.7
New Hampshire,1 wk ahead,percent,0.004,Bin,1.7,1.8
New Hampshire,1 wk ahead,percent,0.03,Bin,1.8,1.9
New Hampshire,1 wk ahead,percent,0.036,Bin,1.9,2.0
New Hampshire,1 wk ahead,percent,0,Bin,2.0,2.1
New Hampshire,1 wk ahead,percent,0.002,Bin,2.1,2.2
New Hampshire,1 wk ahead,percent,0.01,Bin,2.2,2.3
New Hampshire,1 wk ahead,percent,0,Bin,2.3,2.4
New Hampshire,1 wk ahead,percent,0,Bin,2.4,2.5
New Hampshire,1 wk ahead,percent,0,Bin,2.5,2.6
New Hampshire,1 wk ahead,percent,0,Bin,2.6,2.7
New Hampshire,1 wk ahead,percent,0.006,Bin,2.7,2.8
New Hampshire,1 wk ahead,percent,0,Bin,2.8,2.9
New Hampshire,1 wk ahead,percent,0,Bin,2.9,3.0
New Hampshire,1 wk ahead,percent,0,Bin,3.0,3.1
New Hampshire,1 wk ahead,percent,0,Bin,3.1,3.2
New Hampshire,1 wk ahead,percent,0.004,Bin,3.2,3.3
New Hampshire,1 wk ahead,percent,0,Bin,3.3,3.4
New Hampshire,1 wk ahead,percent,0,Bin,3.4,3.5
New Hampshire,1 wk ahead,percent,0,Bin,3.5,3.6
New Hampshire,1 wk ahead,percent,0,Bin,3.6,3.7
New Hampshire,1 wk ahead,percent,0.01,Bin,3.7,3.8
New Hampshire,1 wk ahead,percent,0,Bin,3.8,3.9
New Hampshire,1 wk ahead,percent,0,Bin,3.9,4.0
New Hampshire,1 wk ahead,percent,0,Bin,4.0,4.1
New Hampshire,1 wk ahead,percent,0,Bin,4.1,4.2
New Hampshire,1 wk ahead,percent,0,Bin,4.2,4.3
New Hampshire,1 wk ahead,percent,0,Bin,4.3,4.4
New Hampshire,1 wk ahead,percent,0,Bin,4.4,4.5
New Hampshire,1 wk ahead,percent,0,Bin,4.5,4.6
New Hampshire,1 wk ahead,percent,0,Bin,4.6,4.7
New Hampshire,1 wk ahead,percent,0,Bin,4.7,4.8
New Hampshire,1 wk ahead,percent,0,Bin,4.8,4.9
New Hampshire,1 wk ahead,percent,0,Bin,4.9,5.0
New Hampshire,1 wk ahead,percent,0,Bin,5.0,5.1
New Hampshire,1 wk ahead,percent,0,Bin,5.1,5.2
New Hampshire,1 wk ahead,percent,0,Bin,5.2,5.3
New Hampshire,1 wk ahead,percent,0,Bin,5.3,5.4
New Hampshire,1 wk ahead,percent,0,Bin,5.4,5.5
New Hampshire,1 wk ahead,percent,0,Bin,5.5,5.6
New Hampshire,1 wk ahead,percent,0,Bin,5.6,5.7
New Hampshire,1 wk ahead,percent,0,Bin,5.7,5.8
New Hampshire,1 wk ahead,percent,0,Bin,5.8,5.9
New Hampshire,1 wk ahead,percent,0,Bin,5.9,6.0
New Hampshire,1 wk ahead,percent,0,Bin,6.0,6.1
New Hampshire,1 wk ahead,percent,0,Bin,6.1,6.2
New Hampshire,1 wk ahead,percent,0,Bin,6.2,6.3
New Hampshire,1 wk ahead,percent,0,Bin,6.3,6.4
New Hampshire,1 wk ahead,percent,0,Bin,6.4,6.5
New Hampshire,1 wk ahead,percent,0,Bin,6.5,6.6
New Hampshire,1 wk ahead,percent,0,Bin,6.6,6.7
New Hampshire,1 wk ahead,percent,0,Bin,6.7,6.8
New Hampshire,1 wk ahead,percent,0,Bin,6.8,6.9
New Hampshire,1 wk ahead,percent,0,Bin,6.9,7.0
New Hampshire,1 wk ahead,percent,0,Bin,7.0,7.1
New Hampshire,1 wk ahead,percent,0,Bin,7.1,7.2
New Hampshire,1 wk ahead,percent,0,Bin,7.2,7.3
New Hampshire,1 wk ahead,percent,0,Bin,7.3,7.4
New Hampshire,1 wk ahead,percent,0,Bin,7.4,7.5
New Hampshire,1 wk ahead,percent,0,Bin,7.5,7.6
New Hampshire,1 wk ahead,percent,0,Bin,7.6,7.7
New Hampshire,1 wk ahead,percent,0,Bin,7.7,7.8
New Hampshire,1 wk ahead,percent,0,Bin,7.8,7.9
New Hampshire,1 wk ahead,percent,0,Bin,7.9,8.0
New Hampshire,1 wk ahead,percent,0,Bin,8.0,8.1
New Hampshire,1 wk ahead,percent,0,Bin,8.1,8.2
New Hampshire,1 wk ahead,percent,0,Bin,8.2,8.3
New Hampshire,1 wk ahead,percent,0,Bin,8.3,8.4
New Hampshire,1 wk ahead,percent,0,Bin,8.4,8.5
New Hampshire,1 wk ahead,percent,0,Bin,8.5,8.6
New Hampshire,1 wk ahead,percent,0,Bin,8.6,8.7
New Hampshire,1 wk ahead,percent,0,Bin,8.7,8.8
New Hampshire,1 wk ahead,percent,0,Bin,8.8,8.9
New Hampshire,1 wk ahead,percent,0,Bin,8.9,9.0
New Hampshire,1 wk ahead,percent,0,Bin,9.0,9.1
New Hampshire,1 wk ahead,percent,0,Bin,9.1,9.2
New Hampshire,1 wk ahead,percent,0,Bin,9.2,9.3
New Hampshire,1 wk ahead,percent,0,Bin,9.3,9.4
New Hampshire,1 wk ahead,percent,0,Bin,9.4,9.5
New Hampshire,1 wk ahead,percent,0,Bin,9.5,9.6
New Hampshire,1 wk ahead,percent,0,Bin,9.6,9.7
New Hampshire,1 wk ahead,percent,0,Bin,9.7,9.8
New Hampshire,1 wk ahead,percent,0,Bin,9.8,9.9
New Hampshire,1 wk ahead,percent,0,Bin,9.9,10.0
New Hampshire,1 wk ahead,percent,0,Bin,10.0,10.1
New Hampshire,1 wk ahead,percent,0,Bin,10.1,10.2
New Hampshire,1 wk ahead,percent,0,Bin,10.2,10.3
New Hampshire,1 wk ahead,percent,0,Bin,10.3,10.4
New Hampshire,1 wk ahead,percent,0,Bin,10.4,10.5
New Hampshire,1 wk ahead,percent,0,Bin,10.5,10.6
New Hampshire,1 wk ahead,percent,0,Bin,10.6,10.7
New Hampshire,1 wk ahead,percent,0,Bin,10.7,10.8
New Hampshire,1 wk ahead,percent,0,Bin,10.8,10.9
New Hampshire,1 wk ahead,percent,0,Bin,10.9,11.0
New Hampshire,1 wk ahead,percent,0,Bin,11.0,11.1
New Hampshire,1 wk ahead,percent,0,Bin,11.1,11.2
New Hampshire,1 wk ahead,percent,0,Bin,11.2,11.3
New Hampshire,1 wk ahead,percent,0,Bin,11.3,11.4
New Hampshire,1 wk ahead,percent,0,Bin,11.4,11.5
New Hampshire,1 wk ahead,percent,0,Bin,11.5,11.6
New Hampshire,1 wk ahead,percent,0,Bin,11.6,11.7
New Hampshire,1 wk ahead,percent,0,Bin,11.7,11.8
New Hampshire,1 wk ahead,percent,0,Bin,11.8,11.9
New Hampshire,1 wk ahead,percent,0,Bin,11.9,12.0
New Hampshire,1 wk ahead,percent,0,Bin,12.0,12.1
New Hampshire,1 wk ahead,percent,0,Bin,12.1,12.2
New Hampshire,1 wk ahead,percent,0,Bin,12.2,12.3
New Hampshire,1 wk ahead,percent,0,Bin,12.3,12.4
New Hampshire,1 wk ahead,percent,0,Bin,12.4,12.5
New Hampshire,1 wk ahead,percent,0,Bin,12.5,12.6
New Hampshire,1 wk ahead,percent,0,Bin,12.6,12.7
New Hampshire,1 wk ahead,percent,0,Bin,12.7,12.8
New Hampshire,1 wk ahead,percent,0,Bin,12.8,12.9
New Hampshire,1 wk ahead,percent,0,Bin,12.9,13.0
New Hampshire,1 wk ahead,percent,0,Bin,13.0,100.0
New Hampshire,2 wk ahead,percent,0,Bin,0.0,0.1
New Hampshire,2 wk ahead,percent,0,Bin,0.1,0.2
New Hampshire,2 wk ahead,percent,0.016,Bin,0.2,0.3
New Hampshire,2 wk ahead,percent,0.046,Bin,0.3,0.4
New Hampshire,2 wk ahead,percent,0.062,Bin,0.4,0.5
New Hampshire,2 wk ahead,percent,0.068,Bin,0.5,0.6
New Hampshire,2 wk ahead,percent,0.116,Bin,0.6,0.7
New Hampshire,2 wk ahead,percent,0.092,Bin,0.7,0.8
New Hampshire,2 wk ahead,percent,0.08,Bin,0.8,0.9
New Hampshire,2 wk ahead,percent,0.098,Bin,0.9,1.0
New Hampshire,2 wk ahead,percent,0.072,Bin,1.0,1.1
New Hampshire,2 wk ahead,percent,0.076,Bin,1.1,1.2
New Hampshire,2 wk ahead,percent,0.042,Bin,1.2,1.3
New Hampshire,2 wk ahead,percent,0.056,Bin,1.3,1.4
New Hampshire,2 wk ahead,percent,0.038,Bin,1.4,1.5
New Hampshire,2 wk ahead,percent,0.03,Bin,1.5,1.6
New Hampshire,2 wk ahead,percent,0.028,Bin,1.6,1.7
New Hampshire,2 wk ahead,percent,0.018,Bin,1.7,1.8
New Hampshire,2 wk ahead,percent,0.01,Bin,1.8,1.9
New Hampshire,2 wk ahead,percent,0.006,Bin,1.9,2.0
New Hampshire,2 wk ahead,percent,0.004,Bin,2.0,2.1
New Hampshire,2 wk ahead,percent,0.004,Bin,2.1,2.2
New Hampshire,2 wk ahead,percent,0.014,Bin,2.2,2.3
New Hampshire,2 wk ahead,percent,0.008,Bin,2.3,2.4
New Hampshire,2 wk ahead,percent,0.002,Bin,2.4,2.5
New Hampshire,2 wk ahead,percent,0.002,Bin,2.5,2.6
New Hampshire,2 wk ahead,percent,0.002,Bin,2.6,2.7
New Hampshire,2 wk ahead,percent,0.002,Bin,2.7,2.8
New Hampshire,2 wk ahead,percent,0.002,Bin,2.8,2.9
New Hampshire,2 wk ahead,percent,0,Bin,2.9,3.0
New Hampshire,2 wk ahead,percent,0,Bin,3.0,3.1
New Hampshire,2 wk ahead,percent,0,Bin,3.1,3.2
New Hampshire,2 wk ahead,percent,0.002,Bin,3.2,3.3
New Hampshire,2 wk ahead,percent,0,Bin,3.3,3.4
New Hampshire,2 wk ahead,percent,0,Bin,3.4,3.5
New Hampshire,2 wk ahead,percent,0,Bin,3.5,3.6
New Hampshire,2 wk ahead,percent,0,Bin,3.6,3.7
New Hampshire,2 wk ahead,percent,0,Bin,3.7,3.8
New Hampshire,2 wk ahead,percent,0.002,Bin,3.8,3.9
New Hampshire,2 wk ahead,percent,0,Bin,3.9,4.0
New Hampshire,2 wk ahead,percent,0.002,Bin,4.0,4.1
New Hampshire,2 wk ahead,percent,0,Bin,4.1,4.2
New Hampshire,2 wk ahead,percent,0,Bin,4.2,4.3
New Hampshire,2 wk ahead,percent,0,Bin,4.3,4.4
New Hampshire,2 wk ahead,percent,0,Bin,4.4,4.5
New Hampshire,2 wk ahead,percent,0,Bin,4.5,4.6
New Hampshire,2 wk ahead,percent,0,Bin,4.6,4.7
New Hampshire,2 wk ahead,percent,0,Bin,4.7,4.8
New Hampshire,2 wk ahead,percent,0,Bin,4.8,4.9
New Hampshire,2 wk ahead,percent,0,Bin,4.9,5.0
New Hampshire,2 wk ahead,percent,0,Bin,5.0,5.1
New Hampshire,2 wk ahead,percent,0,Bin,5.1,5.2
New Hampshire,2 wk ahead,percent,0,Bin,5.2,5.3
New Hampshire,2 wk ahead,percent,0,Bin,5.3,5.4
New Hampshire,2 wk ahead,percent,0,Bin,5.4,5.5
New Hampshire,2 wk ahead,percent,0,Bin,5.5,5.6
New Hampshire,2 wk ahead,percent,0,Bin,5.6,5.7
New Hampshire,2 wk ahead,percent,0,Bin,5.7,5.8
New Hampshire,2 wk ahead,percent,0,Bin,5.8,5.9
New Hampshire,2 wk ahead,percent,0,Bin,5.9,6.0
New Hampshire,2 wk ahead,percent,0,Bin,6.0,6.1
New Hampshire,2 wk ahead,percent,0,Bin,6.1,6.2
New Hampshire,2 wk ahead,percent,0,Bin,6.2,6.3
New Hampshire,2 wk ahead,percent,0,Bin,6.3,6.4
New Hampshire,2 wk ahead,percent,0,Bin,6.4,6.5
New Hampshire,2 wk ahead,percent,0,Bin,6.5,6.6
New Hampshire,2 wk ahead,percent,0,Bin,6.6,6.7
New Hampshire,2 wk ahead,percent,0,Bin,6.7,6.8
New Hampshire,2 wk ahead,percent,0,Bin,6.8,6.9
New Hampshire,2 wk ahead,percent,0,Bin,6.9,7.0
New Hampshire,2 wk ahead,percent,0,Bin,7.0,7.1
New Hampshire,2 wk ahead,percent,0,Bin,7.1,7.2
New Hampshire,2 wk ahead,percent,0,Bin,7.2,7.3
New Hampshire,2 wk ahead,percent,0,Bin,7.3,7.4
New Hampshire,2 wk ahead,percent,0,Bin,7.4,7.5
New Hampshire,2 wk ahead,percent,0,Bin,7.5,7.6
New Hampshire,2 wk ahead,percent,0,Bin,7.6,7.7
New Hampshire,2 wk ahead,percent,0,Bin,7.7,7.8
New Hampshire,2 wk ahead,percent,0,Bin,7.8,7.9
New Hampshire,2 wk ahead,percent,0,Bin,7.9,8.0
New Hampshire,2 wk ahead,percent,0,Bin,8.0,8.1
New Hampshire,2 wk ahead,percent,0,Bin,8.1,8.2
New Hampshire,2 wk ahead,percent,0,Bin,8.2,8.3
New Hampshire,2 wk ahead,percent,0,Bin,8.3,8.4
New Hampshire,2 wk ahead,percent,0,Bin,8.4,8.5
New Hampshire,2 wk ahead,percent,0,Bin,8.5,8.6
New Hampshire,2 wk ahead,percent,0,Bin,8.6,8.7
New Hampshire,2 wk ahead,percent,0,Bin,8.7,8.8
New Hampshire,2 wk ahead,percent,0,Bin,8.8,8.9
New Hampshire,2 wk ahead,percent,0,Bin,8.9,9.0
New Hampshire,2 wk ahead,percent,0,Bin,9.0,9.1
New Hampshire,2 wk ahead,percent,0,Bin,9.1,9.2
New Hampshire,2 wk ahead,percent,0,Bin,9.2,9.3
New Hampshire,2 wk ahead,percent,0,Bin,9.3,9.4
New Hampshire,2 wk ahead,percent,0,Bin,9.4,9.5
New Hampshire,2 wk ahead,percent,0,Bin,9.5,9.6
New Hampshire,2 wk ahead,percent,0,Bin,9.6,9.7
New Hampshire,2 wk ahead,percent,0,Bin,9.7,9.8
New Hampshire,2 wk ahead,percent,0,Bin,9.8,9.9
New Hampshire,2 wk ahead,percent,0,Bin,9.9,10.0
New Hampshire,2 wk ahead,percent,0,Bin,10.0,10.1
New Hampshire,2 wk ahead,percent,0,Bin,10.1,10.2
New Hampshire,2 wk ahead,percent,0,Bin,10.2,10.3
New Hampshire,2 wk ahead,percent,0,Bin,10.3,10.4
New Hampshire,2 wk ahead,percent,0,Bin,10.4,10.5
New Hampshire,2 wk ahead,percent,0,Bin,10.5,10.6
New Hampshire,2 wk ahead,percent,0,Bin,10.6,10.7
New Hampshire,2 wk ahead,percent,0,Bin,10.7,10.8
New Hampshire,2 wk ahead,percent,0,Bin,10.8,10.9
New Hampshire,2 wk ahead,percent,0,Bin,10.9,11.0
New Hampshire,2 wk ahead,percent,0,Bin,11.0,11.1
New Hampshire,2 wk ahead,percent,0,Bin,11.1,11.2
New Hampshire,2 wk ahead,percent,0,Bin,11.2,11.3
New Hampshire,2 wk ahead,percent,0,Bin,11.3,11.4
New Hampshire,2 wk ahead,percent,0,Bin,11.4,11.5
New Hampshire,2 wk ahead,percent,0,Bin,11.5,11.6
New Hampshire,2 wk ahead,percent,0,Bin,11.6,11.7
New Hampshire,2 wk ahead,percent,0,Bin,11.7,11.8
New Hampshire,2 wk ahead,percent,0,Bin,11.8,11.9
New Hampshire,2 wk ahead,percent,0,Bin,11.9,12.0
New Hampshire,2 wk ahead,percent,0,Bin,12.0,12.1
New Hampshire,2 wk ahead,percent,0,Bin,12.1,12.2
New Hampshire,2 wk ahead,percent,0,Bin,12.2,12.3
New Hampshire,2 wk ahead,percent,0,Bin,12.3,12.4
New Hampshire,2 wk ahead,percent,0,Bin,12.4,12.5
New Hampshire,2 wk ahead,percent,0,Bin,12.5,12.6
New Hampshire,2 wk ahead,percent,0,Bin,12.6,12.7
New Hampshire,2 wk ahead,percent,0,Bin,12.7,12.8
New Hampshire,2 wk ahead,percent,0,Bin,12.8,12.9
New Hampshire,2 wk ahead,percent,0,Bin,12.9,13.0
New Hampshire,2 wk ahead,percent,0,Bin,13.0,100.0
New Hampshire,3 wk ahead,percent,0,Bin,0.0,0.1
New Hampshire,3 wk ahead,percent,0.002,Bin,0.1,0.2
New Hampshire,3 wk ahead,percent,0.01,Bin,0.2,0.3
New Hampshire,3 wk ahead,percent,0.034,Bin,0.3,0.4
New Hampshire,3 wk ahead,percent,0.044,Bin,0.4,0.5
New Hampshire,3 wk ahead,percent,0.064,Bin,0.5,0.6
New Hampshire,3 wk ahead,percent,0.08,Bin,0.6,0.7
New Hampshire,3 wk ahead,percent,0.092,Bin,0.7,0.8
New Hampshire,3 wk ahead,percent,0.078,Bin,0.8,0.9
New Hampshire,3 wk ahead,percent,0.07,Bin,0.9,1.0
New Hampshire,3 wk ahead,percent,0.05,Bin,1.0,1.1
New Hampshire,3 wk ahead,percent,0.068,Bin,1.1,1.2
New Hampshire,3 wk ahead,percent,0.06,Bin,1.2,1.3
New Hampshire,3 wk ahead,percent,0.062,Bin,1.3,1.4
New Hampshire,3 wk ahead,percent,0.064,Bin,1.4,1.5
New Hampshire,3 wk ahead,percent,0.034,Bin,1.5,1.6
New Hampshire,3 wk ahead,percent,0.036,Bin,1.6,1.7
New Hampshire,3 wk ahead,percent,0.028,Bin,1.7,1.8
New Hampshire,3 wk ahead,percent,0.014,Bin,1.8,1.9
New Hampshire,3 wk ahead,percent,0.018,Bin,1.9,2.0
New Hampshire,3 wk ahead,percent,0.01,Bin,2.0,2.1
New Hampshire,3 wk ahead,percent,0.008,Bin,2.1,2.2
New Hampshire,3 wk ahead,percent,0.008,Bin,2.2,2.3
New Hampshire,3 wk ahead,percent,0.012,Bin,2.3,2.4
New Hampshire,3 wk ahead,percent,0.004,Bin,2.4,2.5
New Hampshire,3 wk ahead,percent,0.012,Bin,2.5,2.6
New Hampshire,3 wk ahead,percent,0.004,Bin,2.6,2.7
New Hampshire,3 wk ahead,percent,0.006,Bin,2.7,2.8
New Hampshire,3 wk ahead,percent,0.006,Bin,2.8,2.9
New Hampshire,3 wk ahead,percent,0.004,Bin,2.9,3.0
New Hampshire,3 wk ahead,percent,0.004,Bin,3.0,3.1
New Hampshire,3 wk ahead,percent,0,Bin,3.1,3.2
New Hampshire,3 wk ahead,percent,0.002,Bin,3.2,3.3
New Hampshire,3 wk ahead,percent,0,Bin,3.3,3.4
New Hampshire,3 wk ahead,percent,0.004,Bin,3.4,3.5
New Hampshire,3 wk ahead,percent,0,Bin,3.5,3.6
New Hampshire,3 wk ahead,percent,0,Bin,3.6,3.7
New Hampshire,3 wk ahead,percent,0.002,Bin,3.7,3.8
New Hampshire,3 wk ahead,percent,0,Bin,3.8,3.9
New Hampshire,3 wk ahead,percent,0,Bin,3.9,4.0
New Hampshire,3 wk ahead,percent,0,Bin,4.0,4.1
New Hampshire,3 wk ahead,percent,0,Bin,4.1,4.2
New Hampshire,3 wk ahead,percent,0.002,Bin,4.2,4.3
New Hampshire,3 wk ahead,percent,0,Bin,4.3,4.4
New Hampshire,3 wk ahead,percent,0,Bin,4.4,4.5
New Hampshire,3 wk ahead,percent,0,Bin,4.5,4.6
New Hampshire,3 wk ahead,percent,0,Bin,4.6,4.7
New Hampshire,3 wk ahead,percent,0,Bin,4.7,4.8
New Hampshire,3 wk ahead,percent,0,Bin,4.8,4.9
New Hampshire,3 wk ahead,percent,0,Bin,4.9,5.0
New Hampshire,3 wk ahead,percent,0.002,Bin,5.0,5.1
New Hampshire,3 wk ahead,percent,0,Bin,5.1,5.2
New Hampshire,3 wk ahead,percent,0,Bin,5.2,5.3
New Hampshire,3 wk ahead,percent,0,Bin,5.3,5.4
New Hampshire,3 wk ahead,percent,0,Bin,5.4,5.5
New Hampshire,3 wk ahead,percent,0,Bin,5.5,5.6
New Hampshire,3 wk ahead,percent,0,Bin,5.6,5.7
New Hampshire,3 wk ahead,percent,0,Bin,5.7,5.8
New Hampshire,3 wk ahead,percent,0.002,Bin,5.8,5.9
New Hampshire,3 wk ahead,percent,0,Bin,5.9,6.0
New Hampshire,3 wk ahead,percent,0,Bin,6.0,6.1
New Hampshire,3 wk ahead,percent,0,Bin,6.1,6.2
New Hampshire,3 wk ahead,percent,0,Bin,6.2,6.3
New Hampshire,3 wk ahead,percent,0,Bin,6.3,6.4
New Hampshire,3 wk ahead,percent,0,Bin,6.4,6.5
New Hampshire,3 wk ahead,percent,0,Bin,6.5,6.6
New Hampshire,3 wk ahead,percent,0,Bin,6.6,6.7
New Hampshire,3 wk ahead,percent,0,Bin,6.7,6.8
New Hampshire,3 wk ahead,percent,0,Bin,6.8,6.9
New Hampshire,3 wk ahead,percent,0,Bin,6.9,7.0
New Hampshire,3 wk ahead,percent,0,Bin,7.0,7.1
New Hampshire,3 wk ahead,percent,0,Bin,7.1,7.2
New Hampshire,3 wk ahead,percent,0,Bin,7.2,7.3
New Hampshire,3 wk ahead,percent,0,Bin,7.3,7.4
New Hampshire,3 wk ahead,percent,0,Bin,7.4,7.5
New Hampshire,3 wk ahead,percent,0,Bin,7.5,7.6
New Hampshire,3 wk ahead,percent,0,Bin,7.6,7.7
New Hampshire,3 wk ahead,percent,0,Bin,7.7,7.8
New Hampshire,3 wk ahead,percent,0,Bin,7.8,7.9
New Hampshire,3 wk ahead,percent,0,Bin,7.9,8.0
New Hampshire,3 wk ahead,percent,0,Bin,8.0,8.1
New Hampshire,3 wk ahead,percent,0,Bin,8.1,8.2
New Hampshire,3 wk ahead,percent,0,Bin,8.2,8.3
New Hampshire,3 wk ahead,percent,0,Bin,8.3,8.4
New Hampshire,3 wk ahead,percent,0,Bin,8.4,8.5
New Hampshire,3 wk ahead,percent,0,Bin,8.5,8.6
New Hampshire,3 wk ahead,percent,0,Bin,8.6,8.7
New Hampshire,3 wk ahead,percent,0,Bin,8.7,8.8
New Hampshire,3 wk ahead,percent,0,Bin,8.8,8.9
New Hampshire,3 wk ahead,percent,0,Bin,8.9,9.0
New Hampshire,3 wk ahead,percent,0,Bin,9.0,9.1
New Hampshire,3 wk ahead,percent,0,Bin,9.1,9.2
New Hampshire,3 wk ahead,percent,0,Bin,9.2,9.3
New Hampshire,3 wk ahead,percent,0,Bin,9.3,9.4
New Hampshire,3 wk ahead,percent,0,Bin,9.4,9.5
New Hampshire,3 wk ahead,percent,0,Bin,9.5,9.6
New Hampshire,3 wk ahead,percent,0,Bin,9.6,9.7
New Hampshire,3 wk ahead,percent,0,Bin,9.7,9.8
New Hampshire,3 wk ahead,percent,0,Bin,9.8,9.9
New Hampshire,3 wk ahead,percent,0,Bin,9.9,10.0
New Hampshire,3 wk ahead,percent,0,Bin,10.0,10.1
New Hampshire,3 wk ahead,percent,0,Bin,10.1,10.2
New Hampshire,3 wk ahead,percent,0,Bin,10.2,10.3
New Hampshire,3 wk ahead,percent,0,Bin,10.3,10.4
New Hampshire,3 wk ahead,percent,0,Bin,10.4,10.5
New Hampshire,3 wk ahead,percent,0,Bin,10.5,10.6
New Hampshire,3 wk ahead,percent,0,Bin,10.6,10.7
New Hampshire,3 wk ahead,percent,0,Bin,10.7,10.8
New Hampshire,3 wk ahead,percent,0,Bin,10.8,10.9
New Hampshire,3 wk ahead,percent,0,Bin,10.9,11.0
New Hampshire,3 wk ahead,percent,0,Bin,11.0,11.1
New Hampshire,3 wk ahead,percent,0,Bin,11.1,11.2
New Hampshire,3 wk ahead,percent,0,Bin,11.2,11.3
New Hampshire,3 wk ahead,percent,0,Bin,11.3,11.4
New Hampshire,3 wk ahead,percent,0,Bin,11.4,11.5
New Hampshire,3 wk ahead,percent,0,Bin,11.5,11.6
New Hampshire,3 wk ahead,percent,0,Bin,11.6,11.7
New Hampshire,3 wk ahead,percent,0,Bin,11.7,11.8
New Hampshire,3 wk ahead,percent,0,Bin,11.8,11.9
New Hampshire,3 wk ahead,percent,0,Bin,11.9,12.0
New Hampshire,3 wk ahead,percent,0,Bin,12.0,12.1
New Hampshire,3 wk ahead,percent,0,Bin,12.1,12.2
New Hampshire,3 wk ahead,percent,0,Bin,12.2,12.3
New Hampshire,3 wk ahead,percent,0,Bin,12.3,12.4
New Hampshire,3 wk ahead,percent,0,Bin,12.4,12.5
New Hampshire,3 wk ahead,percent,0,Bin,12.5,12.6
New Hampshire,3 wk ahead,percent,0,Bin,12.6,12.7
New Hampshire,3 wk ahead,percent,0,Bin,12.7,12.8
New Hampshire,3 wk ahead,percent,0,Bin,12.8,12.9
New Hampshire,3 wk ahead,percent,0,Bin,12.9,13.0
New Hampshire,3 wk ahead,percent,0,Bin,13.0,100.0
New Hampshire,4 wk ahead,percent,0,Bin,0.0,0.1
New Hampshire,4 wk ahead,percent,0,Bin,0.1,0.2
New Hampshire,4 wk ahead,percent,0.01,Bin,0.2,0.3
New Hampshire,4 wk ahead,percent,0.02,Bin,0.3,0.4
New Hampshire,4 wk ahead,percent,0.024,Bin,0.4,0.5
New Hampshire,4 wk ahead,percent,0.042,Bin,0.5,0.6
New Hampshire,4 wk ahead,percent,0.044,Bin,0.6,0.7
New Hampshire,4 wk ahead,percent,0.058,Bin,0.7,0.8
New Hampshire,4 wk ahead,percent,0.072,Bin,0.8,0.9
New Hampshire,4 wk ahead,percent,0.056,Bin,0.9,1.0
New Hampshire,4 wk ahead,percent,0.06,Bin,1.0,1.1
New Hampshire,4 wk ahead,percent,0.07,Bin,1.1,1.2
New Hampshire,4 wk ahead,percent,0.058,Bin,1.2,1.3
New Hampshire,4 wk ahead,percent,0.052,Bin,1.3,1.4
New Hampshire,4 wk ahead,percent,0.046,Bin,1.4,1.5
New Hampshire,4 wk ahead,percent,0.028,Bin,1.5,1.6
New Hampshire,4 wk ahead,percent,0.042,Bin,1.6,1.7
New Hampshire,4 wk ahead,percent,0.032,Bin,1.7,1.8
New Hampshire,4 wk ahead,percent,0.02,Bin,1.8,1.9
New Hampshire,4 wk ahead,percent,0.026,Bin,1.9,2.0
New Hampshire,4 wk ahead,percent,0.036,Bin,2.0,2.1
New Hampshire,4 wk ahead,percent,0.034,Bin,2.1,2.2
New Hampshire,4 wk ahead,percent,0.022,Bin,2.2,2.3
New Hampshire,4 wk ahead,percent,0.024,Bin,2.3,2.4
New Hampshire,4 wk ahead,percent,0.016,Bin,2.4,2.5
New Hampshire,4 wk ahead,percent,0.01,Bin,2.5,2.6
New Hampshire,4 wk ahead,percent,0.016,Bin,2.6,2.7
New Hampshire,4 wk ahead,percent,0.016,Bin,2.7,2.8
New Hampshire,4 wk ahead,percent,0.006,Bin,2.8,2.9
New Hampshire,4 wk ahead,percent,0.002,Bin,2.9,3.0
New Hampshire,4 wk ahead,percent,0.014,Bin,3.0,3.1
New Hampshire,4 wk ahead,percent,0.004,Bin,3.1,3.2
New Hampshire,4 wk ahead,percent,0.006,Bin,3.2,3.3
New Hampshire,4 wk ahead,percent,0.004,Bin,3.3,3.4
New Hampshire,4 wk ahead,percent,0.002,Bin,3.4,3.5
New Hampshire,4 wk ahead,percent,0.002,Bin,3.5,3.6
New Hampshire,4 wk ahead,percent,0.002,Bin,3.6,3.7
New Hampshire,4 wk ahead,percent,0.002,Bin,3.7,3.8
New Hampshire,4 wk ahead,percent,0,Bin,3.8,3.9
New Hampshire,4 wk ahead,percent,0,Bin,3.9,4.0
New Hampshire,4 wk ahead,percent,0.002,Bin,4.0,4.1
New Hampshire,4 wk ahead,percent,0,Bin,4.1,4.2
New Hampshire,4 wk ahead,percent,0,Bin,4.2,4.3
New Hampshire,4 wk ahead,percent,0.002,Bin,4.3,4.4
New Hampshire,4 wk ahead,percent,0,Bin,4.4,4.5
New Hampshire,4 wk ahead,percent,0,Bin,4.5,4.6
New Hampshire,4 wk ahead,percent,0.002,Bin,4.6,4.7
New Hampshire,4 wk ahead,percent,0,Bin,4.7,4.8
New Hampshire,4 wk ahead,percent,0,Bin,4.8,4.9
New Hampshire,4 wk ahead,percent,0.004,Bin,4.9,5.0
New Hampshire,4 wk ahead,percent,0.002,Bin,5.0,5.1
New Hampshire,4 wk ahead,percent,0,Bin,5.1,5.2
New Hampshire,4 wk ahead,percent,0,Bin,5.2,5.3
New Hampshire,4 wk ahead,percent,0.002,Bin,5.3,5.4
New Hampshire,4 wk ahead,percent,0,Bin,5.4,5.5
New Hampshire,4 wk ahead,percent,0.002,Bin,5.5,5.6
New Hampshire,4 wk ahead,percent,0.002,Bin,5.6,5.7
New Hampshire,4 wk ahead,percent,0.002,Bin,5.7,5.8
New Hampshire,4 wk ahead,percent,0,Bin,5.8,5.9
New Hampshire,4 wk ahead,percent,0,Bin,5.9,6.0
New Hampshire,4 wk ahead,percent,0,Bin,6.0,6.1
New Hampshire,4 wk ahead,percent,0,Bin,6.1,6.2
New Hampshire,4 wk ahead,percent,0,Bin,6.2,6.3
New Hampshire,4 wk ahead,percent,0,Bin,6.3,6.4
New Hampshire,4 wk ahead,percent,0.002,Bin,6.4,6.5
New Hampshire,4 wk ahead,percent,0,Bin,6.5,6.6
New Hampshire,4 wk ahead,percent,0,Bin,6.6,6.7
New Hampshire,4 wk ahead,percent,0,Bin,6.7,6.8
New Hampshire,4 wk ahead,percent,0,Bin,6.8,6.9
New Hampshire,4 wk ahead,percent,0,Bin,6.9,7.0
New Hampshire,4 wk ahead,percent,0,Bin,7.0,7.1
New Hampshire,4 wk ahead,percent,0,Bin,7.1,7.2
New Hampshire,4 wk ahead,percent,0,Bin,7.2,7.3
New Hampshire,4 wk ahead,percent,0,Bin,7.3,7.4
New Hampshire,4 wk ahead,percent,0,Bin,7.4,7.5
New Hampshire,4 wk ahead,percent,0,Bin,7.5,7.6
New Hampshire,4 wk ahead,percent,0,Bin,7.6,7.7
New Hampshire,4 wk ahead,percent,0,Bin,7.7,7.8
New Hampshire,4 wk ahead,percent,0,Bin,7.8,7.9
New Hampshire,4 wk ahead,percent,0,Bin,7.9,8.0
New Hampshire,4 wk ahead,percent,0,Bin,8.0,8.1
New Hampshire,4 wk ahead,percent,0,Bin,8.1,8.2
New Hampshire,4 wk ahead,percent,0,Bin,8.2,8.3
New Hampshire,4 wk ahead,percent,0,Bin,8.3,8.4
New Hampshire,4 wk ahead,percent,0,Bin,8.4,8.5
New Hampshire,4 wk ahead,percent,0,Bin,8.5,8.6
New Hampshire,4 wk ahead,percent,0,Bin,8.6,8.7
New Hampshire,4 wk ahead,percent,0,Bin,8.7,8.8
New Hampshire,4 wk ahead,percent,0,Bin,8.8,8.9
New Hampshire,4 wk ahead,percent,0,Bin,8.9,9.0
New Hampshire,4 wk ahead,percent,0,Bin,9.0,9.1
New Hampshire,4 wk ahead,percent,0,Bin,9.1,9.2
New Hampshire,4 wk ahead,percent,0,Bin,9.2,9.3
New Hampshire,4 wk ahead,percent,0,Bin,9.3,9.4
New Hampshire,4 wk ahead,percent,0,Bin,9.4,9.5
New Hampshire,4 wk ahead,percent,0,Bin,9.5,9.6
New Hampshire,4 wk ahead,percent,0,Bin,9.6,9.7
New Hampshire,4 wk ahead,percent,0,Bin,9.7,9.8
New Hampshire,4 wk ahead,percent,0,Bin,9.8,9.9
New Hampshire,4 wk ahead,percent,0,Bin,9.9,10.0
New Hampshire,4 wk ahead,percent,0,Bin,10.0,10.1
New Hampshire,4 wk ahead,percent,0,Bin,10.1,10.2
New Hampshire,4 wk ahead,percent,0,Bin,10.2,10.3
New Hampshire,4 wk ahead,percent,0,Bin,10.3,10.4
New Hampshire,4 wk ahead,percent,0,Bin,10.4,10.5
New Hampshire,4 wk ahead,percent,0,Bin,10.5,10.6
New Hampshire,4 wk ahead,percent,0,Bin,10.6,10.7
New Hampshire,4 wk ahead,percent,0,Bin,10.7,10.8
New Hampshire,4 wk ahead,percent,0,Bin,10.8,10.9
New Hampshire,4 wk ahead,percent,0,Bin,10.9,11.0
New Hampshire,4 wk ahead,percent,0,Bin,11.0,11.1
New Hampshire,4 wk ahead,percent,0,Bin,11.1,11.2
New Hampshire,4 wk ahead,percent,0,Bin,11.2,11.3
New Hampshire,4 wk ahead,percent,0,Bin,11.3,11.4
New Hampshire,4 wk ahead,percent,0,Bin,11.4,11.5
New Hampshire,4 wk ahead,percent,0,Bin,11.5,11.6
New Hampshire,4 wk ahead,percent,0,Bin,11.6,11.7
New Hampshire,4 wk ahead,percent,0,Bin,11.7,11.8
New Hampshire,4 wk ahead,percent,0,Bin,11.8,11.9
New Hampshire,4 wk ahead,percent,0,Bin,11.9,12.0
New Hampshire,4 wk ahead,percent,0,Bin,12.0,12.1
New Hampshire,4 wk ahead,percent,0,Bin,12.1,12.2
New Hampshire,4 wk ahead,percent,0,Bin,12.2,12.3
New Hampshire,4 wk ahead,percent,0,Bin,12.3,12.4
New Hampshire,4 wk ahead,percent,0,Bin,12.4,12.5
New Hampshire,4 wk ahead,percent,0,Bin,12.5,12.6
New Hampshire,4 wk ahead,percent,0,Bin,12.6,12.7
New Hampshire,4 wk ahead,percent,0,Bin,12.7,12.8
New Hampshire,4 wk ahead,percent,0,Bin,12.8,12.9
New Hampshire,4 wk ahead,percent,0,Bin,12.9,13.0
New Hampshire,4 wk ahead,percent,0,Bin,13.0,100.0
New Hampshire,Season peak percentage,percent,0,Bin,0.0,0.1
New Hampshire,Season peak percentage,percent,0,Bin,0.1,0.2
New Hampshire,Season peak percentage,percent,0,Bin,0.2,0.3
New Hampshire,Season peak percentage,percent,0,Bin,0.3,0.4
New Hampshire,Season peak percentage,percent,0,Bin,0.4,0.5
New Hampshire,Season peak percentage,percent,0,Bin,0.5,0.6
New Hampshire,Season peak percentage,percent,0,Bin,0.6,0.7
New Hampshire,Season peak percentage,percent,0,Bin,0.7,0.8
New Hampshire,Season peak percentage,percent,0,Bin,0.8,0.9
New Hampshire,Season peak percentage,percent,0.004,Bin,0.9,1.0
New Hampshire,Season peak percentage,percent,0.002,Bin,1.0,1.1
New Hampshire,Season peak percentage,percent,0.004,Bin,1.1,1.2
New Hampshire,Season peak percentage,percent,0.006,Bin,1.2,1.3
New Hampshire,Season peak percentage,percent,0.006,Bin,1.3,1.4
New Hampshire,Season peak percentage,percent,0.02,Bin,1.4,1.5
New Hampshire,Season peak percentage,percent,0.018,Bin,1.5,1.6
New Hampshire,Season peak percentage,percent,0.026,Bin,1.6,1.7
New Hampshire,Season peak percentage,percent,0.018,Bin,1.7,1.8
New Hampshire,Season peak percentage,percent,0.026,Bin,1.8,1.9
New Hampshire,Season peak percentage,percent,0.02,Bin,1.9,2.0
New Hampshire,Season peak percentage,percent,0.032,Bin,2.0,2.1
New Hampshire,Season peak percentage,percent,0.034,Bin,2.1,2.2
New Hampshire,Season peak percentage,percent,0.038,Bin,2.2,2.3
New Hampshire,Season peak percentage,percent,0.028,Bin,2.3,2.4
New Hampshire,Season peak percentage,percent,0.032,Bin,2.4,2.5
New Hampshire,Season peak percentage,percent,0.024,Bin,2.5,2.6
New Hampshire,Season peak percentage,percent,0.03,Bin,2.6,2.7
New Hampshire,Season peak percentage,percent,0.018,Bin,2.7,2.8
New Hampshire,Season peak percentage,percent,0.028,Bin,2.8,2.9
New Hampshire,Season peak percentage,percent,0.032,Bin,2.9,3.0
New Hampshire,Season peak percentage,percent,0.038,Bin,3.0,3.1
New Hampshire,Season peak percentage,percent,0.032,Bin,3.1,3.2
New Hampshire,Season peak percentage,percent,0.026,Bin,3.2,3.3
New Hampshire,Season peak percentage,percent,0.018,Bin,3.3,3.4
New Hampshire,Season peak percentage,percent,0.012,Bin,3.4,3.5
New Hampshire,Season peak percentage,percent,0.022,Bin,3.5,3.6
New Hampshire,Season peak percentage,percent,0.018,Bin,3.6,3.7
New Hampshire,Season peak percentage,percent,0.038,Bin,3.7,3.8
New Hampshire,Season peak percentage,percent,0.018,Bin,3.8,3.9
New Hampshire,Season peak percentage,percent,0.014,Bin,3.9,4.0
New Hampshire,Season peak percentage,percent,0.018,Bin,4.0,4.1
New Hampshire,Season peak percentage,percent,0.024,Bin,4.1,4.2
New Hampshire,Season peak percentage,percent,0.01,Bin,4.2,4.3
New Hampshire,Season peak percentage,percent,0.012,Bin,4.3,4.4
New Hampshire,Season peak percentage,percent,0.024,Bin,4.4,4.5
New Hampshire,Season peak percentage,percent,0.008,Bin,4.5,4.6
New Hampshire,Season peak percentage,percent,0.01,Bin,4.6,4.7
New Hampshire,Season peak percentage,percent,0.012,Bin,4.7,4.8
New Hampshire,Season peak percentage,percent,0.014,Bin,4.8,4.9
New Hampshire,Season peak percentage,percent,0.008,Bin,4.9,5.0
New Hampshire,Season peak percentage,percent,0.008,Bin,5.0,5.1
New Hampshire,Season peak percentage,percent,0.002,Bin,5.1,5.2
New Hampshire,Season peak percentage,percent,0.004,Bin,5.2,5.3
New Hampshire,Season peak percentage,percent,0.01,Bin,5.3,5.4
New Hampshire,Season peak percentage,percent,0,Bin,5.4,5.5
New Hampshire,Season peak percentage,percent,0.01,Bin,5.5,5.6
New Hampshire,Season peak percentage,percent,0.004,Bin,5.6,5.7
New Hampshire,Season peak percentage,percent,0.012,Bin,5.7,5.8
New Hampshire,Season peak percentage,percent,0.004,Bin,5.8,5.9
New Hampshire,Season peak percentage,percent,0.006,Bin,5.9,6.0
New Hampshire,Season peak percentage,percent,0.008,Bin,6.0,6.1
New Hampshire,Season peak percentage,percent,0.008,Bin,6.1,6.2
New Hampshire,Season peak percentage,percent,0,Bin,6.2,6.3
New Hampshire,Season peak percentage,percent,0.008,Bin,6.3,6.4
New Hampshire,Season peak percentage,percent,0.004,Bin,6.4,6.5
New Hampshire,Season peak percentage,percent,0.002,Bin,6.5,6.6
New Hampshire,Season peak percentage,percent,0.004,Bin,6.6,6.7
New Hampshire,Season peak percentage,percent,0.006,Bin,6.7,6.8
New Hampshire,Season peak percentage,percent,0.004,Bin,6.8,6.9
New Hampshire,Season peak percentage,percent,0.006,Bin,6.9,7.0
New Hampshire,Season peak percentage,percent,0.004,Bin,7.0,7.1
New Hampshire,Season peak percentage,percent,0.006,Bin,7.1,7.2
New Hampshire,Season peak percentage,percent,0.002,Bin,7.2,7.3
New Hampshire,Season peak percentage,percent,0.004,Bin,7.3,7.4
New Hampshire,Season peak percentage,percent,0,Bin,7.4,7.5
New Hampshire,Season peak percentage,percent,0.012,Bin,7.5,7.6
New Hampshire,Season peak percentage,percent,0.004,Bin,7.6,7.7
New Hampshire,Season peak percentage,percent,0.002,Bin,7.7,7.8
New Hampshire,Season peak percentage,percent,0,Bin,7.8,7.9
New Hampshire,Season peak percentage,percent,0.002,Bin,7.9,8.0
New Hampshire,Season peak percentage,percent,0.006,Bin,8.0,8.1
New Hampshire,Season peak percentage,percent,0.002,Bin,8.1,8.2
New Hampshire,Season peak percentage,percent,0,Bin,8.2,8.3
New Hampshire,Season peak percentage,percent,0.002,Bin,8.3,8.4
New Hampshire,Season peak percentage,percent,0,Bin,8.4,8.5
New Hampshire,Season peak percentage,percent,0,Bin,8.5,8.6
New Hampshire,Season peak percentage,percent,0.002,Bin,8.6,8.7
New Hampshire,Season peak percentage,percent,0,Bin,8.7,8.8
New Hampshire,Season peak percentage,percent,0.002,Bin,8.8,8.9
New Hampshire,Season peak percentage,percent,0,Bin,8.9,9.0
New Hampshire,Season peak percentage,percent,0.002,Bin,9.0,9.1
New Hampshire,Season peak percentage,percent,0.002,Bin,9.1,9.2
New Hampshire,Season peak percentage,percent,0.002,Bin,9.2,9.3
New Hampshire,Season peak percentage,percent,0,Bin,9.3,9.4
New Hampshire,Season peak percentage,percent,0,Bin,9.4,9.5
New Hampshire,Season peak percentage,percent,0.002,Bin,9.5,9.6
New Hampshire,Season peak percentage,percent,0,Bin,9.6,9.7
New Hampshire,Season peak percentage,percent,0.002,Bin,9.7,9.8
New Hampshire,Season peak percentage,percent,0,Bin,9.8,9.9
New Hampshire,Season peak percentage,percent,0,Bin,9.9,10.0
New Hampshire,Season peak percentage,percent,0,Bin,10.0,10.1
New Hampshire,Season peak percentage,percent,0,Bin,10.1,10.2
New Hampshire,Season peak percentage,percent,0,Bin,10.2,10.3
New Hampshire,Season peak percentage,percent,0,Bin,10.3,10.4
New Hampshire,Season peak percentage,percent,0,Bin,10.4,10.5
New Hampshire,Season peak percentage,percent,0,Bin,10.5,10.6
New Hampshire,Season peak percentage,percent,0,Bin,10.6,10.7
New Hampshire,Season peak percentage,percent,0,Bin,10.7,10.8
New Hampshire,Season peak percentage,percent,0,Bin,10.8,10.9
New Hampshire,Season peak percentage,percent,0,Bin,10.9,11.0
New Hampshire,Season peak percentage,percent,0,Bin,11.0,11.1
New Hampshire,Season peak percentage,percent,0,Bin,11.1,11.2
New Hampshire,Season peak percentage,percent,0,Bin,11.2,11.3
New Hampshire,Season peak percentage,percent,0,Bin,11.3,11.4
New Hampshire,Season peak percentage,percent,0,Bin,11.4,11.5
New Hampshire,Season peak percentage,percent,0,Bin,11.5,11.6
New Hampshire,Season peak percentage,percent,0,Bin,11.6,11.7
New Hampshire,Season peak percentage,percent,0,Bin,11.7,11.8
New Hampshire,Season peak percentage,percent,0,Bin,11.8,11.9
New Hampshire,Season peak percentage,percent,0,Bin,11.9,12.0
New Hampshire,Season peak percentage,percent,0,Bin,12.0,12.1
New Hampshire,Season peak percentage,percent,0,Bin,12.1,12.2
New Hampshire,Season peak percentage,percent,0,Bin,12.2,12.3
New Hampshire,Season peak percentage,percent,0,Bin,12.3,12.4
New Hampshire,Season peak percentage,percent,0.002,Bin,12.4,12.5
New Hampshire,Season peak percentage,percent,0,Bin,12.5,12.6
New Hampshire,Season peak percentage,percent,0,Bin,12.6,12.7
New Hampshire,Season peak percentage,percent,0.002,Bin,12.7,12.8
New Hampshire,Season peak percentage,percent,0.002,Bin,12.8,12.9
New Hampshire,Season peak percentage,percent,0,Bin,12.9,13.0
New Hampshire,Season peak percentage,percent,0.002,Bin,13.0,100.0
New Hampshire,Season peak week,week,0,Bin,40.0,41.0
New Hampshire,Season peak week,week,0,Bin,41.0,42.0
New Hampshire,Season peak week,week,0,Bin,42.0,43.0
New Hampshire,Season peak week,week,0,Bin,43.0,44.0
New Hampshire,Season peak week,week,0,Bin,44.0,45.0
New Hampshire,Season peak week,week,0,Bin,45.0,46.0
New Hampshire,Season peak week,week,0,Bin,46.0,47.0
New Hampshire,Season peak week,week,0,Bin,47.0,48.0
New Hampshire,Season peak week,week,0,Bin,48.0,49.0
New Hampshire,Season peak week,week,0,Bin,49.0,50.0
New Hampshire,Season peak week,week,0.0129390018484288,Bin,50.0,51.0
New Hampshire,Season peak week,week,0.0166358595194085,Bin,51.0,52.0
New Hampshire,Season peak week,week,0.0129390018484288,Bin,52.0,53.0
New Hampshire,Season peak week,week,0.0406654343807763,Bin,1.0,2.0
New Hampshire,Season peak week,week,0.077634011090573,Bin,2.0,3.0
New Hampshire,Season peak week,week,0.0868761552680222,Bin,3.0,4.0
New Hampshire,Season peak week,week,0.103512014787431,Bin,4.0,5.0
New Hampshire,Season peak week,week,0.0979667282809612,Bin,5.0,6.0
New Hampshire,Season peak week,week,0.099815157116451,Bin,6.0,7.0
New Hampshire,Season peak week,week,0.0905730129390018,Bin,7.0,8.0
New Hampshire,Season peak week,week,0.0683918669131238,Bin,8.0,9.0
New Hampshire,Season peak week,week,0.0831792975970425,Bin,9.0,10.0
New Hampshire,Season peak week,week,0.0757855822550832,Bin,10.0,11.0
New Hampshire,Season peak week,week,0.0499075785582255,Bin,11.0,12.0
New Hampshire,Season peak week,week,0.0462107208872458,Bin,12.0,13.0
New Hampshire,Season peak week,week,0.0166358595194085,Bin,13.0,14.0
New Hampshire,Season peak week,week,0.00739371534195933,Bin,14.0,15.0
New Hampshire,Season peak week,week,0.00739371534195933,Bin,15.0,16.0
New Hampshire,Season peak week,week,0.00369685767097967,Bin,16.0,17.0
New Hampshire,Season peak week,week,0.00184842883548983,Bin,17.0,18.0
New Hampshire,Season peak week,week,0,Bin,18.0,19.0
New Hampshire,Season peak week,week,0,Bin,19.0,20.0
New Hampshire,Season peak week,week,0,Bin,20.0,21.0
Rhode Island,1 wk ahead,percent,0,Bin,0.0,0.1
Rhode Island,1 wk ahead,percent,0,Bin,0.1,0.2
Rhode Island,1 wk ahead,percent,0,Bin,0.2,0.3
Rhode Island,1 wk ahead,percent,0.012,Bin,0.3,0.4
Rhode Island,1 wk ahead,percent,0.01,Bin,0.4,0.5
Rhode Island,1 wk ahead,percent,0.008,Bin,0.5,0.6
Rhode Island,1 wk ahead,percent,0.032,Bin,0.6,0.7
Rhode Island,1 wk ahead,percent,0.032,Bin,0.7,0.8
Rhode Island,1 wk ahead,percent,0.02,Bin,0.8,0.9
Rhode Island,1 wk ahead,percent,0.028,Bin,0.9,1.0
Rhode Island,1 wk ahead,percent,0.056,Bin,1.0,1.1
Rhode Island,1 wk ahead,percent,0.052,Bin,1.1,1.2
Rhode Island,1 wk ahead,percent,0.056,Bin,1.2,1.3
Rhode Island,1 wk ahead,percent,0.06,Bin,1.3,1.4
Rhode Island,1 wk ahead,percent,0.058,Bin,1.4,1.5
Rhode Island,1 wk ahead,percent,0.052,Bin,1.5,1.6
Rhode Island,1 wk ahead,percent,0.038,Bin,1.6,1.7
Rhode Island,1 wk ahead,percent,0.07,Bin,1.7,1.8
Rhode Island,1 wk ahead,percent,0.056,Bin,1.8,1.9
Rhode Island,1 wk ahead,percent,0.062,Bin,1.9,2.0
Rhode Island,1 wk ahead,percent,0.046,Bin,2.0,2.1
Rhode Island,1 wk ahead,percent,0.024,Bin,2.1,2.2
Rhode Island,1 wk ahead,percent,0.028,Bin,2.2,2.3
Rhode Island,1 wk ahead,percent,0.03,Bin,2.3,2.4
Rhode Island,1 wk ahead,percent,0.016,Bin,2.4,2.5
Rhode Island,1 wk ahead,percent,0.024,Bin,2.5,2.6
Rhode Island,1 wk ahead,percent,0.02,Bin,2.6,2.7
Rhode Island,1 wk ahead,percent,0.016,Bin,2.7,2.8
Rhode Island,1 wk ahead,percent,0.02,Bin,2.8,2.9
Rhode Island,1 wk ahead,percent,0.016,Bin,2.9,3.0
Rhode Island,1 wk ahead,percent,0.01,Bin,3.0,3.1
Rhode Island,1 wk ahead,percent,0.012,Bin,3.1,3.2
Rhode Island,1 wk ahead,percent,0.008,Bin,3.2,3.3
Rhode Island,1 wk ahead,percent,0.002,Bin,3.3,3.4
Rhode Island,1 wk ahead,percent,0.002,Bin,3.4,3.5
Rhode Island,1 wk ahead,percent,0,Bin,3.5,3.6
Rhode Island,1 wk ahead,percent,0,Bin,3.6,3.7
Rhode Island,1 wk ahead,percent,0.002,Bin,3.7,3.8
Rhode Island,1 wk ahead,percent,0,Bin,3.8,3.9
Rhode Island,1 wk ahead,percent,0.004,Bin,3.9,4.0
Rhode Island,1 wk ahead,percent,0,Bin,4.0,4.1
Rhode Island,1 wk ahead,percent,0.002,Bin,4.1,4.2
Rhode Island,1 wk ahead,percent,0,Bin,4.2,4.3
Rhode Island,1 wk ahead,percent,0,Bin,4.3,4.4
Rhode Island,1 wk ahead,percent,0,Bin,4.4,4.5
Rhode Island,1 wk ahead,percent,0.006,Bin,4.5,4.6
Rhode Island,1 wk ahead,percent,0.002,Bin,4.6,4.7
Rhode Island,1 wk ahead,percent,0.004,Bin,4.7,4.8
Rhode Island,1 wk ahead,percent,0,Bin,4.8,4.9
Rhode Island,1 wk ahead,percent,0,Bin,4.9,5.0
Rhode Island,1 wk ahead,percent,0,Bin,5.0,5.1
Rhode Island,1 wk ahead,percent,0,Bin,5.1,5.2
Rhode Island,1 wk ahead,percent,0,Bin,5.2,5.3
Rhode Island,1 wk ahead,percent,0,Bin,5.3,5.4
Rhode Island,1 wk ahead,percent,0,Bin,5.4,5.5
Rhode Island,1 wk ahead,percent,0,Bin,5.5,5.6
Rhode Island,1 wk ahead,percent,0,Bin,5.6,5.7
Rhode Island,1 wk ahead,percent,0,Bin,5.7,5.8
Rhode Island,1 wk ahead,percent,0,Bin,5.8,5.9
Rhode Island,1 wk ahead,percent,0,Bin,5.9,6.0
Rhode Island,1 wk ahead,percent,0,Bin,6.0,6.1
Rhode Island,1 wk ahead,percent,0,Bin,6.1,6.2
Rhode Island,1 wk ahead,percent,0,Bin,6.2,6.3
Rhode Island,1 wk ahead,percent,0,Bin,6.3,6.4
Rhode Island,1 wk ahead,percent,0,Bin,6.4,6.5
Rhode Island,1 wk ahead,percent,0,Bin,6.5,6.6
Rhode Island,1 wk ahead,percent,0,Bin,6.6,6.7
Rhode Island,1 wk ahead,percent,0,Bin,6.7,6.8
Rhode Island,1 wk ahead,percent,0,Bin,6.8,6.9
Rhode Island,1 wk ahead,percent,0,Bin,6.9,7.0
Rhode Island,1 wk ahead,percent,0,Bin,7.0,7.1
Rhode Island,1 wk ahead,percent,0,Bin,7.1,7.2
Rhode Island,1 wk ahead,percent,0,Bin,7.2,7.3
Rhode Island,1 wk ahead,percent,0,Bin,7.3,7.4
Rhode Island,1 wk ahead,percent,0,Bin,7.4,7.5
Rhode Island,1 wk ahead,percent,0,Bin,7.5,7.6
Rhode Island,1 wk ahead,percent,0,Bin,7.6,7.7
Rhode Island,1 wk ahead,percent,0,Bin,7.7,7.8
Rhode Island,1 wk ahead,percent,0,Bin,7.8,7.9
Rhode Island,1 wk ahead,percent,0,Bin,7.9,8.0
Rhode Island,1 wk ahead,percent,0,Bin,8.0,8.1
Rhode Island,1 wk ahead,percent,0,Bin,8.1,8.2
Rhode Island,1 wk ahead,percent,0,Bin,8.2,8.3
Rhode Island,1 wk ahead,percent,0,Bin,8.3,8.4
Rhode Island,1 wk ahead,percent,0,Bin,8.4,8.5
Rhode Island,1 wk ahead,percent,0,Bin,8.5,8.6
Rhode Island,1 wk ahead,percent,0,Bin,8.6,8.7
Rhode Island,1 wk ahead,percent,0,Bin,8.7,8.8
Rhode Island,1 wk ahead,percent,0,Bin,8.8,8.9
Rhode Island,1 wk ahead,percent,0,Bin,8.9,9.0
Rhode Island,1 wk ahead,percent,0,Bin,9.0,9.1
Rhode Island,1 wk ahead,percent,0,Bin,9.1,9.2
Rhode Island,1 wk ahead,percent,0,Bin,9.2,9.3
Rhode Island,1 wk ahead,percent,0,Bin,9.3,9.4
Rhode Island,1 wk ahead,percent,0,Bin,9.4,9.5
Rhode Island,1 wk ahead,percent,0,Bin,9.5,9.6
Rhode Island,1 wk ahead,percent,0,Bin,9.6,9.7
Rhode Island,1 wk ahead,percent,0,Bin,9.7,9.8
Rhode Island,1 wk ahead,percent,0,Bin,9.8,9.9
Rhode Island,1 wk ahead,percent,0,Bin,9.9,10.0
Rhode Island,1 wk ahead,percent,0,Bin,10.0,10.1
Rhode Island,1 wk ahead,percent,0,Bin,10.1,10.2
Rhode Island,1 wk ahead,percent,0,Bin,10.2,10.3
Rhode Island,1 wk ahead,percent,0,Bin,10.3,10.4
Rhode Island,1 wk ahead,percent,0,Bin,10.4,10.5
Rhode Island,1 wk ahead,percent,0,Bin,10.5,10.6
Rhode Island,1 wk ahead,percent,0,Bin,10.6,10.7
Rhode Island,1 wk ahead,percent,0,Bin,10.7,10.8
Rhode Island,1 wk ahead,percent,0,Bin,10.8,10.9
Rhode Island,1 wk ahead,percent,0,Bin,10.9,11.0
Rhode Island,1 wk ahead,percent,0,Bin,11.0,11.1
Rhode Island,1 wk ahead,percent,0,Bin,11.1,11.2
Rhode Island,1 wk ahead,percent,0,Bin,11.2,11.3
Rhode Island,1 wk ahead,percent,0,Bin,11.3,11.4
Rhode Island,1 wk ahead,percent,0,Bin,11.4,11.5
Rhode Island,1 wk ahead,percent,0,Bin,11.5,11.6
Rhode Island,1 wk ahead,percent,0,Bin,11.6,11.7
Rhode Island,1 wk ahead,percent,0,Bin,11.7,11.8
Rhode Island,1 wk ahead,percent,0,Bin,11.8,11.9
Rhode Island,1 wk ahead,percent,0,Bin,11.9,12.0
Rhode Island,1 wk ahead,percent,0,Bin,12.0,12.1
Rhode Island,1 wk ahead,percent,0,Bin,12.1,12.2
Rhode Island,1 wk ahead,percent,0,Bin,12.2,12.3
Rhode Island,1 wk ahead,percent,0,Bin,12.3,12.4
Rhode Island,1 wk ahead,percent,0,Bin,12.4,12.5
Rhode Island,1 wk ahead,percent,0,Bin,12.5,12.6
Rhode Island,1 wk ahead,percent,0,Bin,12.6,12.7
Rhode Island,1 wk ahead,percent,0,Bin,12.7,12.8
Rhode Island,1 wk ahead,percent,0,Bin,12.8,12.9
Rhode Island,1 wk ahead,percent,0,Bin,12.9,13.0
Rhode Island,1 wk ahead,percent,0.004,Bin,13.0,100.0
Rhode Island,2 wk ahead,percent,0,Bin,0.0,0.1
Rhode Island,2 wk ahead,percent,0.004,Bin,0.1,0.2
Rhode Island,2 wk ahead,percent,0.018,Bin,0.2,0.3
Rhode Island,2 wk ahead,percent,0.022,Bin,0.3,0.4
Rhode Island,2 wk ahead,percent,0.04,Bin,0.4,0.5
Rhode Island,2 wk ahead,percent,0.028,Bin,0.5,0.6
Rhode Island,2 wk ahead,percent,0.044,Bin,0.6,0.7
Rhode Island,2 wk ahead,percent,0.048,Bin,0.7,0.8
Rhode Island,2 wk ahead,percent,0.052,Bin,0.8,0.9
Rhode Island,2 wk ahead,percent,0.06,Bin,0.9,1.0
Rhode Island,2 wk ahead,percent,0.048,Bin,1.0,1.1
Rhode Island,2 wk ahead,percent,0.064,Bin,1.1,1.2
Rhode Island,2 wk ahead,percent,0.052,Bin,1.2,1.3
Rhode Island,2 wk ahead,percent,0.066,Bin,1.3,1.4
Rhode Island,2 wk ahead,percent,0.046,Bin,1.4,1.5
Rhode Island,2 wk ahead,percent,0.056,Bin,1.5,1.6
Rhode Island,2 wk ahead,percent,0.052,Bin,1.6,1.7
Rhode Island,2 wk ahead,percent,0.034,Bin,1.7,1.8
Rhode Island,2 wk ahead,percent,0.04,Bin,1.8,1.9
Rhode Island,2 wk ahead,percent,0.026,Bin,1.9,2.0
Rhode Island,2 wk ahead,percent,0.024,Bin,2.0,2.1
Rhode Island,2 wk ahead,percent,0.01,Bin,2.1,2.2
Rhode Island,2 wk ahead,percent,0.016,Bin,2.2,2.3
Rhode Island,2 wk ahead,percent,0.014,Bin,2.3,2.4
Rhode Island,2 wk ahead,percent,0.016,Bin,2.4,2.5
Rhode Island,2 wk ahead,percent,0.012,Bin,2.5,2.6
Rhode Island,2 wk ahead,percent,0.016,Bin,2.6,2.7
Rhode Island,2 wk ahead,percent,0.014,Bin,2.7,2.8
Rhode Island,2 wk ahead,percent,0.006,Bin,2.8,2.9
Rhode Island,2 wk ahead,percent,0.012,Bin,2.9,3.0
Rhode Island,2 wk ahead,percent,0.004,Bin,3.0,3.1
Rhode Island,2 wk ahead,percent,0.006,Bin,3.1,3.2
Rhode Island,2 wk ahead,percent,0.004,Bin,3.2,3.3
Rhode Island,2 wk ahead,percent,0.004,Bin,3.3,3.4
Rhode Island,2 wk ahead,percent,0.006,Bin,3.4,3.5
Rhode Island,2 wk ahead,percent,0.004,Bin,3.5,3.6
Rhode Island,2 wk ahead,percent,0,Bin,3.6,3.7
Rhode Island,2 wk ahead,percent,0.008,Bin,3.7,3.8
Rhode Island,2 wk ahead,percent,0,Bin,3.8,3.9
Rhode Island,2 wk ahead,percent,0,Bin,3.9,4.0
Rhode Island,2 wk ahead,percent,0,Bin,4.0,4.1
Rhode Island,2 wk ahead,percent,0,Bin,4.1,4.2
Rhode Island,2 wk ahead,percent,0.002,Bin,4.2,4.3
Rhode Island,2 wk ahead,percent,0,Bin,4.3,4.4
Rhode Island,2 wk ahead,percent,0,Bin,4.4,4.5
Rhode Island,2 wk ahead,percent,0,Bin,4.5,4.6
Rhode Island,2 wk ahead,percent,0.002,Bin,4.6,4.7
Rhode Island,2 wk ahead,percent,0,Bin,4.7,4.8
Rhode Island,2 wk ahead,percent,0.004,Bin,4.8,4.9
Rhode Island,2 wk ahead,percent,0.002,Bin,4.9,5.0
Rhode Island,2 wk ahead,percent,0,Bin,5.0,5.1
Rhode Island,2 wk ahead,percent,0.002,Bin,5.1,5.2
Rhode Island,2 wk ahead,percent,0,Bin,5.2,5.3
Rhode Island,2 wk ahead,percent,0,Bin,5.3,5.4
Rhode Island,2 wk ahead,percent,0,Bin,5.4,5.5
Rhode Island,2 wk ahead,percent,0,Bin,5.5,5.6
Rhode Island,2 wk ahead,percent,0,Bin,5.6,5.7
Rhode Island,2 wk ahead,percent,0.002,Bin,5.7,5.8
Rhode Island,2 wk ahead,percent,0.002,Bin,5.8,5.9
Rhode Island,2 wk ahead,percent,0.002,Bin,5.9,6.0
Rhode Island,2 wk ahead,percent,0,Bin,6.0,6.1
Rhode Island,2 wk ahead,percent,0,Bin,6.1,6.2
Rhode Island,2 wk ahead,percent,0,Bin,6.2,6.3
Rhode Island,2 wk ahead,percent,0,Bin,6.3,6.4
Rhode Island,2 wk ahead,percent,0,Bin,6.4,6.5
Rhode Island,2 wk ahead,percent,0,Bin,6.5,6.6
Rhode Island,2 wk ahead,percent,0,Bin,6.6,6.7
Rhode Island,2 wk ahead,percent,0,Bin,6.7,6.8
Rhode Island,2 wk ahead,percent,0,Bin,6.8,6.9
Rhode Island,2 wk ahead,percent,0,Bin,6.9,7.0
Rhode Island,2 wk ahead,percent,0,Bin,7.0,7.1
Rhode Island,2 wk ahead,percent,0,Bin,7.1,7.2
Rhode Island,2 wk ahead,percent,0,Bin,7.2,7.3
Rhode Island,2 wk ahead,percent,0,Bin,7.3,7.4
Rhode Island,2 wk ahead,percent,0,Bin,7.4,7.5
Rhode Island,2 wk ahead,percent,0,Bin,7.5,7.6
Rhode Island,2 wk ahead,percent,0,Bin,7.6,7.7
Rhode Island,2 wk ahead,percent,0,Bin,7.7,7.8
Rhode Island,2 wk ahead,percent,0,Bin,7.8,7.9
Rhode Island,2 wk ahead,percent,0,Bin,7.9,8.0
Rhode Island,2 wk ahead,percent,0,Bin,8.0,8.1
Rhode Island,2 wk ahead,percent,0,Bin,8.1,8.2
Rhode Island,2 wk ahead,percent,0.002,Bin,8.2,8.3
Rhode Island,2 wk ahead,percent,0,Bin,8.3,8.4
Rhode Island,2 wk ahead,percent,0,Bin,8.4,8.5
Rhode Island,2 wk ahead,percent,0,Bin,8.5,8.6
Rhode Island,2 wk ahead,percent,0,Bin,8.6,8.7
Rhode Island,2 wk ahead,percent,0,Bin,8.7,8.8
Rhode Island,2 wk ahead,percent,0,Bin,8.8,8.9
Rhode Island,2 wk ahead,percent,0,Bin,8.9,9.0
Rhode Island,2 wk ahead,percent,0,Bin,9.0,9.1
Rhode Island,2 wk ahead,percent,0,Bin,9.1,9.2
Rhode Island,2 wk ahead,percent,0,Bin,9.2,9.3
Rhode Island,2 wk ahead,percent,0,Bin,9.3,9.4
Rhode Island,2 wk ahead,percent,0,Bin,9.4,9.5
Rhode Island,2 wk ahead,percent,0,Bin,9.5,9.6
Rhode Island,2 wk ahead,percent,0,Bin,9.6,9.7
Rhode Island,2 wk ahead,percent,0,Bin,9.7,9.8
Rhode Island,2 wk ahead,percent,0,Bin,9.8,9.9
Rhode Island,2 wk ahead,percent,0,Bin,9.9,10.0
Rhode Island,2 wk ahead,percent,0,Bin,10.0,10.1
Rhode Island,2 wk ahead,percent,0.002,Bin,10.1,10.2
Rhode Island,2 wk ahead,percent,0,Bin,10.2,10.3
Rhode Island,2 wk ahead,percent,0,Bin,10.3,10.4
Rhode Island,2 wk ahead,percent,0,Bin,10.4,10.5
Rhode Island,2 wk ahead,percent,0,Bin,10.5,10.6
Rhode Island,2 wk ahead,percent,0,Bin,10.6,10.7
Rhode Island,2 wk ahead,percent,0,Bin,10.7,10.8
Rhode Island,2 wk ahead,percent,0,Bin,10.8,10.9
Rhode Island,2 wk ahead,percent,0,Bin,10.9,11.0
Rhode Island,2 wk ahead,percent,0,Bin,11.0,11.1
Rhode Island,2 wk ahead,percent,0,Bin,11.1,11.2
Rhode Island,2 wk ahead,percent,0,Bin,11.2,11.3
Rhode Island,2 wk ahead,percent,0,Bin,11.3,11.4
Rhode Island,2 wk ahead,percent,0,Bin,11.4,11.5
Rhode Island,2 wk ahead,percent,0,Bin,11.5,11.6
Rhode Island,2 wk ahead,percent,0,Bin,11.6,11.7
Rhode Island,2 wk ahead,percent,0.002,Bin,11.7,11.8
Rhode Island,2 wk ahead,percent,0,Bin,11.8,11.9
Rhode Island,2 wk ahead,percent,0,Bin,11.9,12.0
Rhode Island,2 wk ahead,percent,0,Bin,12.0,12.1
Rhode Island,2 wk ahead,percent,0,Bin,12.1,12.2
Rhode Island,2 wk ahead,percent,0,Bin,12.2,12.3
Rhode Island,2 wk ahead,percent,0,Bin,12.3,12.4
Rhode Island,2 wk ahead,percent,0,Bin,12.4,12.5
Rhode Island,2 wk ahead,percent,0,Bin,12.5,12.6
Rhode Island,2 wk ahead,percent,0,Bin,12.6,12.7
Rhode Island,2 wk ahead,percent,0,Bin,12.7,12.8
Rhode Island,2 wk ahead,percent,0,Bin,12.8,12.9
Rhode Island,2 wk ahead,percent,0,Bin,12.9,13.0
Rhode Island,2 wk ahead,percent,0,Bin,13.0,100.0
Rhode Island,3 wk ahead,percent,0,Bin,0.0,0.1
Rhode Island,3 wk ahead,percent,0,Bin,0.1,0.2
Rhode Island,3 wk ahead,percent,0.018,Bin,0.2,0.3
Rhode Island,3 wk ahead,percent,0.02,Bin,0.3,0.4
Rhode Island,3 wk ahead,percent,0.026,Bin,0.4,0.5
Rhode Island,3 wk ahead,percent,0.038,Bin,0.5,0.6
Rhode Island,3 wk ahead,percent,0.038,Bin,0.6,0.7
Rhode Island,3 wk ahead,percent,0.038,Bin,0.7,0.8
Rhode Island,3 wk ahead,percent,0.046,Bin,0.8,0.9
Rhode Island,3 wk ahead,percent,0.042,Bin,0.9,1.0
Rhode Island,3 wk ahead,percent,0.042,Bin,1.0,1.1
Rhode Island,3 wk ahead,percent,0.05,Bin,1.1,1.2
Rhode Island,3 wk ahead,percent,0.056,Bin,1.2,1.3
Rhode Island,3 wk ahead,percent,0.028,Bin,1.3,1.4
Rhode Island,3 wk ahead,percent,0.038,Bin,1.4,1.5
Rhode Island,3 wk ahead,percent,0.056,Bin,1.5,1.6
Rhode Island,3 wk ahead,percent,0.046,Bin,1.6,1.7
Rhode Island,3 wk ahead,percent,0.036,Bin,1.7,1.8
Rhode Island,3 wk ahead,percent,0.022,Bin,1.8,1.9
Rhode Island,3 wk ahead,percent,0.034,Bin,1.9,2.0
Rhode Island,3 wk ahead,percent,0.03,Bin,2.0,2.1
Rhode Island,3 wk ahead,percent,0.022,Bin,2.1,2.2
Rhode Island,3 wk ahead,percent,0.02,Bin,2.2,2.3
Rhode Island,3 wk ahead,percent,0.032,Bin,2.3,2.4
Rhode Island,3 wk ahead,percent,0.008,Bin,2.4,2.5
Rhode Island,3 wk ahead,percent,0.02,Bin,2.5,2.6
Rhode Island,3 wk ahead,percent,0.028,Bin,2.6,2.7
Rhode Island,3 wk ahead,percent,0.01,Bin,2.7,2.8
Rhode Island,3 wk ahead,percent,0.016,Bin,2.8,2.9
Rhode Island,3 wk ahead,percent,0.01,Bin,2.9,3.0
Rhode Island,3 wk ahead,percent,0.006,Bin,3.0,3.1
Rhode Island,3 wk ahead,percent,0.008,Bin,3.1,3.2
Rhode Island,3 wk ahead,percent,0.018,Bin,3.2,3.3
Rhode Island,3 wk ahead,percent,0.01,Bin,3.3,3.4
Rhode Island,3 wk ahead,percent,0.002,Bin,3.4,3.5
Rhode Island,3 wk ahead,percent,0.006,Bin,3.5,3.6
Rhode Island,3 wk ahead,percent,0.012,Bin,3.6,3.7
Rhode Island,3 wk ahead,percent,0.002,Bin,3.7,3.8
Rhode Island,3 wk ahead,percent,0.006,Bin,3.8,3.9
Rhode Island,3 wk ahead,percent,0.004,Bin,3.9,4.0
Rhode Island,3 wk ahead,percent,0.002,Bin,4.0,4.1
Rhode Island,3 wk ahead,percent,0.002,Bin,4.1,4.2
Rhode Island,3 wk ahead,percent,0.006,Bin,4.2,4.3
Rhode Island,3 wk ahead,percent,0,Bin,4.3,4.4
Rhode Island,3 wk ahead,percent,0.006,Bin,4.4,4.5
Rhode Island,3 wk ahead,percent,0,Bin,4.5,4.6
Rhode Island,3 wk ahead,percent,0,Bin,4.6,4.7
Rhode Island,3 wk ahead,percent,0,Bin,4.7,4.8
Rhode Island,3 wk ahead,percent,0.004,Bin,4.8,4.9
Rhode Island,3 wk ahead,percent,0,Bin,4.9,5.0
Rhode Island,3 wk ahead,percent,0.002,Bin,5.0,5.1
Rhode Island,3 wk ahead,percent,0.002,Bin,5.1,5.2
Rhode Island,3 wk ahead,percent,0.002,Bin,5.2,5.3
Rhode Island,3 wk ahead,percent,0,Bin,5.3,5.4
Rhode Island,3 wk ahead,percent,0.004,Bin,5.4,5.5
Rhode Island,3 wk ahead,percent,0.002,Bin,5.5,5.6
Rhode Island,3 wk ahead,percent,0.002,Bin,5.6,5.7
Rhode Island,3 wk ahead,percent,0,Bin,5.7,5.8
Rhode Island,3 wk ahead,percent,0.002,Bin,5.8,5.9
Rhode Island,3 wk ahead,percent,0,Bin,5.9,6.0
Rhode Island,3 wk ahead,percent,0,Bin,6.0,6.1
Rhode Island,3 wk ahead,percent,0,Bin,6.1,6.2
Rhode Island,3 wk ahead,percent,0.002,Bin,6.2,6.3
Rhode Island,3 wk ahead,percent,0.002,Bin,6.3,6.4
Rhode Island,3 wk ahead,percent,0,Bin,6.4,6.5
Rhode Island,3 wk ahead,percent,0,Bin,6.5,6.6
Rhode Island,3 wk ahead,percent,0.002,Bin,6.6,6.7
Rhode Island,3 wk ahead,percent,0,Bin,6.7,6.8
Rhode Island,3 wk ahead,percent,0,Bin,6.8,6.9
Rhode Island,3 wk ahead,percent,0,Bin,6.9,7.0
Rhode Island,3 wk ahead,percent,0.002,Bin,7.0,7.1
Rhode Island,3 wk ahead,percent,0,Bin,7.1,7.2
Rhode Island,3 wk ahead,percent,0,Bin,7.2,7.3
Rhode Island,3 wk ahead,percent,0,Bin,7.3,7.4
Rhode Island,3 wk ahead,percent,0.002,Bin,7.4,7.5
Rhode Island,3 wk ahead,percent,0.002,Bin,7.5,7.6
Rhode Island,3 wk ahead,percent,0,Bin,7.6,7.7
Rhode Island,3 wk ahead,percent,0,Bin,7.7,7.8
Rhode Island,3 wk ahead,percent,0,Bin,7.8,7.9
Rhode Island,3 wk ahead,percent,0,Bin,7.9,8.0
Rhode Island,3 wk ahead,percent,0,Bin,8.0,8.1
Rhode Island,3 wk ahead,percent,0,Bin,8.1,8.2
Rhode Island,3 wk ahead,percent,0,Bin,8.2,8.3
Rhode Island,3 wk ahead,percent,0,Bin,8.3,8.4
Rhode Island,3 wk ahead,percent,0,Bin,8.4,8.5
Rhode Island,3 wk ahead,percent,0,Bin,8.5,8.6
Rhode Island,3 wk ahead,percent,0,Bin,8.6,8.7
Rhode Island,3 wk ahead,percent,0,Bin,8.7,8.8
Rhode Island,3 wk ahead,percent,0,Bin,8.8,8.9
Rhode Island,3 wk ahead,percent,0,Bin,8.9,9.0
Rhode Island,3 wk ahead,percent,0.002,Bin,9.0,9.1
Rhode Island,3 wk ahead,percent,0,Bin,9.1,9.2
Rhode Island,3 wk ahead,percent,0,Bin,9.2,9.3
Rhode Island,3 wk ahead,percent,0,Bin,9.3,9.4
Rhode Island,3 wk ahead,percent,0,Bin,9.4,9.5
Rhode Island,3 wk ahead,percent,0,Bin,9.5,9.6
Rhode Island,3 wk ahead,percent,0,Bin,9.6,9.7
Rhode Island,3 wk ahead,percent,0.002,Bin,9.7,9.8
Rhode Island,3 wk ahead,percent,0.002,Bin,9.8,9.9
Rhode Island,3 wk ahead,percent,0,Bin,9.9,10.0
Rhode Island,3 wk ahead,percent,0,Bin,10.0,10.1
Rhode Island,3 wk ahead,percent,0,Bin,10.1,10.2
Rhode Island,3 wk ahead,percent,0,Bin,10.2,10.3
Rhode Island,3 wk ahead,percent,0,Bin,10.3,10.4
Rhode Island,3 wk ahead,percent,0,Bin,10.4,10.5
Rhode Island,3 wk ahead,percent,0,Bin,10.5,10.6
Rhode Island,3 wk ahead,percent,0,Bin,10.6,10.7
Rhode Island,3 wk ahead,percent,0,Bin,10.7,10.8
Rhode Island,3 wk ahead,percent,0,Bin,10.8,10.9
Rhode Island,3 wk ahead,percent,0,Bin,10.9,11.0
Rhode Island,3 wk ahead,percent,0,Bin,11.0,11.1
Rhode Island,3 wk ahead,percent,0,Bin,11.1,11.2
Rhode Island,3 wk ahead,percent,0,Bin,11.2,11.3
Rhode Island,3 wk ahead,percent,0,Bin,11.3,11.4
Rhode Island,3 wk ahead,percent,0,Bin,11.4,11.5
Rhode Island,3 wk ahead,percent,0,Bin,11.5,11.6
Rhode Island,3 wk ahead,percent,0,Bin,11.6,11.7
Rhode Island,3 wk ahead,percent,0,Bin,11.7,11.8
Rhode Island,3 wk ahead,percent,0,Bin,11.8,11.9
Rhode Island,3 wk ahead,percent,0,Bin,11.9,12.0
Rhode Island,3 wk ahead,percent,0,Bin,12.0,12.1
Rhode Island,3 wk ahead,percent,0,Bin,12.1,12.2
Rhode Island,3 wk ahead,percent,0,Bin,12.2,12.3
Rhode Island,3 wk ahead,percent,0,Bin,12.3,12.4
Rhode Island,3 wk ahead,percent,0,Bin,12.4,12.5
Rhode Island,3 wk ahead,percent,0.002,Bin,12.5,12.6
Rhode Island,3 wk ahead,percent,0,Bin,12.6,12.7
Rhode Island,3 wk ahead,percent,0,Bin,12.7,12.8
Rhode Island,3 wk ahead,percent,0,Bin,12.8,12.9
Rhode Island,3 wk ahead,percent,0,Bin,12.9,13.0
Rhode Island,3 wk ahead,percent,0,Bin,13.0,100.0
Rhode Island,4 wk ahead,percent,0,Bin,0.0,0.1
Rhode Island,4 wk ahead,percent,0.002,Bin,0.1,0.2
Rhode Island,4 wk ahead,percent,0.002,Bin,0.2,0.3
Rhode Island,4 wk ahead,percent,0.012,Bin,0.3,0.4
Rhode Island,4 wk ahead,percent,0.032,Bin,0.4,0.5
Rhode Island,4 wk ahead,percent,0.046,Bin,0.5,0.6
Rhode Island,4 wk ahead,percent,0.026,Bin,0.6,0.7
Rhode Island,4 wk ahead,percent,0.04,Bin,0.7,0.8
Rhode Island,4 wk ahead,percent,0.052,Bin,0.8,0.9
Rhode Island,4 wk ahead,percent,0.042,Bin,0.9,1.0
Rhode Island,4 wk ahead,percent,0.04,Bin,1.0,1.1
Rhode Island,4 wk ahead,percent,0.05,Bin,1.1,1.2
Rhode Island,4 wk ahead,percent,0.032,Bin,1.2,1.3
Rhode Island,4 wk ahead,percent,0.05,Bin,1.3,1.4
Rhode Island,4 wk ahead,percent,0.05,Bin,1.4,1.5
Rhode Island,4 wk ahead,percent,0.046,Bin,1.5,1.6
Rhode Island,4 wk ahead,percent,0.024,Bin,1.6,1.7
Rhode Island,4 wk ahead,percent,0.034,Bin,1.7,1.8
Rhode Island,4 wk ahead,percent,0.03,Bin,1.8,1.9
Rhode Island,4 wk ahead,percent,0.03,Bin,1.9,2.0
Rhode Island,4 wk ahead,percent,0.018,Bin,2.0,2.1
Rhode Island,4 wk ahead,percent,0.02,Bin,2.1,2.2
Rhode Island,4 wk ahead,percent,0.026,Bin,2.2,2.3
Rhode Island,4 wk ahead,percent,0.03,Bin,2.3,2.4
Rhode Island,4 wk ahead,percent,0.022,Bin,2.4,2.5
Rhode Island,4 wk ahead,percent,0.02,Bin,2.5,2.6
Rhode Island,4 wk ahead,percent,0.024,Bin,2.6,2.7
Rhode Island,4 wk ahead,percent,0.018,Bin,2.7,2.8
Rhode Island,4 wk ahead,percent,0.022,Bin,2.8,2.9
Rhode Island,4 wk ahead,percent,0.01,Bin,2.9,3.0
Rhode Island,4 wk ahead,percent,0.008,Bin,3.0,3.1
Rhode Island,4 wk ahead,percent,0.008,Bin,3.1,3.2
Rhode Island,4 wk ahead,percent,0.01,Bin,3.2,3.3
Rhode Island,4 wk ahead,percent,0.01,Bin,3.3,3.4
Rhode Island,4 wk ahead,percent,0.004,Bin,3.4,3.5
Rhode Island,4 wk ahead,percent,0.01,Bin,3.5,3.6
Rhode Island,4 wk ahead,percent,0.012,Bin,3.6,3.7
Rhode Island,4 wk ahead,percent,0.004,Bin,3.7,3.8
Rhode Island,4 wk ahead,percent,0.002,Bin,3.8,3.9
Rhode Island,4 wk ahead,percent,0.006,Bin,3.9,4.0
Rhode Island,4 wk ahead,percent,0.004,Bin,4.0,4.1
Rhode Island,4 wk ahead,percent,0.008,Bin,4.1,4.2
Rhode Island,4 wk ahead,percent,0.006,Bin,4.2,4.3
Rhode Island,4 wk ahead,percent,0.004,Bin,4.3,4.4
Rhode Island,4 wk ahead,percent,0.002,Bin,4.4,4.5
Rhode Island,4 wk ahead,percent,0.004,Bin,4.5,4.6
Rhode Island,4 wk ahead,percent,0.006,Bin,4.6,4.7
Rhode Island,4 wk ahead,percent,0.002,Bin,4.7,4.8
Rhode Island,4 wk ahead,percent,0.002,Bin,4.8,4.9
Rhode Island,4 wk ahead,percent,0.002,Bin,4.9,5.0
Rhode Island,4 wk ahead,percent,0.004,Bin,5.0,5.1
Rhode Island,4 wk ahead,percent,0,Bin,5.1,5.2
Rhode Island,4 wk ahead,percent,0,Bin,5.2,5.3
Rhode Island,4 wk ahead,percent,0.004,Bin,5.3,5.4
Rhode Island,4 wk ahead,percent,0,Bin,5.4,5.5
Rhode Island,4 wk ahead,percent,0.006,Bin,5.5,5.6
Rhode Island,4 wk ahead,percent,0,Bin,5.6,5.7
Rhode Island,4 wk ahead,percent,0.002,Bin,5.7,5.8
Rhode Island,4 wk ahead,percent,0,Bin,5.8,5.9
Rhode Island,4 wk ahead,percent,0,Bin,5.9,6.0
Rhode Island,4 wk ahead,percent,0,Bin,6.0,6.1
Rhode Island,4 wk ahead,percent,0,Bin,6.1,6.2
Rhode Island,4 wk ahead,percent,0,Bin,6.2,6.3
Rhode Island,4 wk ahead,percent,0,Bin,6.3,6.4
Rhode Island,4 wk ahead,percent,0.002,Bin,6.4,6.5
Rhode Island,4 wk ahead,percent,0,Bin,6.5,6.6
Rhode Island,4 wk ahead,percent,0.002,Bin,6.6,6.7
Rhode Island,4 wk ahead,percent,0,Bin,6.7,6.8
Rhode Island,4 wk ahead,percent,0,Bin,6.8,6.9
Rhode Island,4 wk ahead,percent,0,Bin,6.9,7.0
Rhode Island,4 wk ahead,percent,0.002,Bin,7.0,7.1
Rhode Island,4 wk ahead,percent,0.004,Bin,7.1,7.2
Rhode Island,4 wk ahead,percent,0,Bin,7.2,7.3
Rhode Island,4 wk ahead,percent,0,Bin,7.3,7.4
Rhode Island,4 wk ahead,percent,0,Bin,7.4,7.5
Rhode Island,4 wk ahead,percent,0,Bin,7.5,7.6
Rhode Island,4 wk ahead,percent,0,Bin,7.6,7.7
Rhode Island,4 wk ahead,percent,0,Bin,7.7,7.8
Rhode Island,4 wk ahead,percent,0,Bin,7.8,7.9
Rhode Island,4 wk ahead,percent,0.002,Bin,7.9,8.0
Rhode Island,4 wk ahead,percent,0,Bin,8.0,8.1
Rhode Island,4 wk ahead,percent,0.002,Bin,8.1,8.2
Rhode Island,4 wk ahead,percent,0,Bin,8.2,8.3
Rhode Island,4 wk ahead,percent,0,Bin,8.3,8.4
Rhode Island,4 wk ahead,percent,0,Bin,8.4,8.5
Rhode Island,4 wk ahead,percent,0,Bin,8.5,8.6
Rhode Island,4 wk ahead,percent,0,Bin,8.6,8.7
Rhode Island,4 wk ahead,percent,0,Bin,8.7,8.8
Rhode Island,4 wk ahead,percent,0,Bin,8.8,8.9
Rhode Island,4 wk ahead,percent,0.002,Bin,8.9,9.0
Rhode Island,4 wk ahead,percent,0,Bin,9.0,9.1
Rhode Island,4 wk ahead,percent,0,Bin,9.1,9.2
Rhode Island,4 wk ahead,percent,0,Bin,9.2,9.3
Rhode Island,4 wk ahead,percent,0,Bin,9.3,9.4
Rhode Island,4 wk ahead,percent,0,Bin,9.4,9.5
Rhode Island,4 wk ahead,percent,0,Bin,9.5,9.6
Rhode Island,4 wk ahead,percent,0,Bin,9.6,9.7
Rhode Island,4 wk ahead,percent,0,Bin,9.7,9.8
Rhode Island,4 wk ahead,percent,0,Bin,9.8,9.9
Rhode Island,4 wk ahead,percent,0.002,Bin,9.9,10.0
Rhode Island,4 wk ahead,percent,0,Bin,10.0,10.1
Rhode Island,4 wk ahead,percent,0,Bin,10.1,10.2
Rhode Island,4 wk ahead,percent,0,Bin,10.2,10.3
Rhode Island,4 wk ahead,percent,0,Bin,10.3,10.4
Rhode Island,4 wk ahead,percent,0,Bin,10.4,10.5
Rhode Island,4 wk ahead,percent,0,Bin,10.5,10.6
Rhode Island,4 wk ahead,percent,0,Bin,10.6,10.7
Rhode Island,4 wk ahead,percent,0,Bin,10.7,10.8
Rhode Island,4 wk ahead,percent,0,Bin,10.8,10.9
Rhode Island,4 wk ahead,percent,0,Bin,10.9,11.0
Rhode Island,4 wk ahead,percent,0,Bin,11.0,11.1
Rhode Island,4 wk ahead,percent,0,Bin,11.1,11.2
Rhode Island,4 wk ahead,percent,0,Bin,11.2,11.3
Rhode Island,4 wk ahead,percent,0,Bin,11.3,11.4
Rhode Island,4 wk ahead,percent,0,Bin,11.4,11.5
Rhode Island,4 wk ahead,percent,0,Bin,11.5,11.6
Rhode Island,4 wk ahead,percent,0,Bin,11.6,11.7
Rhode Island,4 wk ahead,percent,0,Bin,11.7,11.8
Rhode Island,4 wk ahead,percent,0,Bin,11.8,11.9
Rhode Island,4 wk ahead,percent,0,Bin,11.9,12.0
Rhode Island,4 wk ahead,percent,0,Bin,12.0,12.1
Rhode Island,4 wk ahead,percent,0,Bin,12.1,12.2
Rhode Island,4 wk ahead,percent,0,Bin,12.2,12.3
Rhode Island,4 wk ahead,percent,0,Bin,12.3,12.4
Rhode Island,4 wk ahead,percent,0,Bin,12.4,12.5
Rhode Island,4 wk ahead,percent,0,Bin,12.5,12.6
Rhode Island,4 wk ahead,percent,0,Bin,12.6,12.7
Rhode Island,4 wk ahead,percent,0,Bin,12.7,12.8
Rhode Island,4 wk ahead,percent,0,Bin,12.8,12.9
Rhode Island,4 wk ahead,percent,0,Bin,12.9,13.0
Rhode Island,4 wk ahead,percent,0.002,Bin,13.0,100.0
Rhode Island,Season peak percentage,percent,0,Bin,0.0,0.1
Rhode Island,Season peak percentage,percent,0,Bin,0.1,0.2
Rhode Island,Season peak percentage,percent,0,Bin,0.2,0.3
Rhode Island,Season peak percentage,percent,0,Bin,0.3,0.4
Rhode Island,Season peak percentage,percent,0,Bin,0.4,0.5
Rhode Island,Season peak percentage,percent,0,Bin,0.5,0.6
Rhode Island,Season peak percentage,percent,0,Bin,0.6,0.7
Rhode Island,Season peak percentage,percent,0,Bin,0.7,0.8
Rhode Island,Season peak percentage,percent,0,Bin,0.8,0.9
Rhode Island,Season peak percentage,percent,0,Bin,0.9,1.0
Rhode Island,Season peak percentage,percent,0,Bin,1.0,1.1
Rhode Island,Season peak percentage,percent,0,Bin,1.1,1.2
Rhode Island,Season peak percentage,percent,0,Bin,1.2,1.3
Rhode Island,Season peak percentage,percent,0,Bin,1.3,1.4
Rhode Island,Season peak percentage,percent,0,Bin,1.4,1.5
Rhode Island,Season peak percentage,percent,0,Bin,1.5,1.6
Rhode Island,Season peak percentage,percent,0,Bin,1.6,1.7
Rhode Island,Season peak percentage,percent,0,Bin,1.7,1.8
Rhode Island,Season peak percentage,percent,0.03,Bin,1.8,1.9
Rhode Island,Season peak percentage,percent,0.012,Bin,1.9,2.0
Rhode Island,Season peak percentage,percent,0.018,Bin,2.0,2.1
Rhode Island,Season peak percentage,percent,0.026,Bin,2.1,2.2
Rhode Island,Season peak percentage,percent,0.014,Bin,2.2,2.3
Rhode Island,Season peak percentage,percent,0.014,Bin,2.3,2.4
Rhode Island,Season peak percentage,percent,0.022,Bin,2.4,2.5
Rhode Island,Season peak percentage,percent,0.028,Bin,2.5,2.6
Rhode Island,Season peak percentage,percent,0.026,Bin,2.6,2.7
Rhode Island,Season peak percentage,percent,0.028,Bin,2.7,2.8
Rhode Island,Season peak percentage,percent,0.026,Bin,2.8,2.9
Rhode Island,Season peak percentage,percent,0.014,Bin,2.9,3.0
Rhode Island,Season peak percentage,percent,0.02,Bin,3.0,3.1
Rhode Island,Season peak percentage,percent,0.02,Bin,3.1,3.2
Rhode Island,Season peak percentage,percent,0.026,Bin,3.2,3.3
Rhode Island,Season peak percentage,percent,0.028,Bin,3.3,3.4
Rhode Island,Season peak percentage,percent,0.012,Bin,3.4,3.5
Rhode Island,Season peak percentage,percent,0.036,Bin,3.5,3.6
Rhode Island,Season peak percentage,percent,0.02,Bin,3.6,3.7
Rhode Island,Season peak percentage,percent,0.012,Bin,3.7,3.8
Rhode Island,Season peak percentage,percent,0.014,Bin,3.8,3.9
Rhode Island,Season peak percentage,percent,0.016,Bin,3.9,4.0
Rhode Island,Season peak percentage,percent,0.008,Bin,4.0,4.1
Rhode Island,Season peak percentage,percent,0.018,Bin,4.1,4.2
Rhode Island,Season peak percentage,percent,0.016,Bin,4.2,4.3
Rhode Island,Season peak percentage,percent,0.026,Bin,4.3,4.4
Rhode Island,Season peak percentage,percent,0.018,Bin,4.4,4.5
Rhode Island,Season peak percentage,percent,0.01,Bin,4.5,4.6
Rhode Island,Season peak percentage,percent,0.01,Bin,4.6,4.7
Rhode Island,Season peak percentage,percent,0.016,Bin,4.7,4.8
Rhode Island,Season peak percentage,percent,0.028,Bin,4.8,4.9
Rhode Island,Season peak percentage,percent,0.008,Bin,4.9,5.0
Rhode Island,Season peak percentage,percent,0.016,Bin,5.0,5.1
Rhode Island,Season peak percentage,percent,0.012,Bin,5.1,5.2
Rhode Island,Season peak percentage,percent,0.008,Bin,5.2,5.3
Rhode Island,Season peak percentage,percent,0.008,Bin,5.3,5.4
Rhode Island,Season peak percentage,percent,0.012,Bin,5.4,5.5
Rhode Island,Season peak percentage,percent,0.01,Bin,5.5,5.6
Rhode Island,Season peak percentage,percent,0.008,Bin,5.6,5.7
Rhode Island,Season peak percentage,percent,0.008,Bin,5.7,5.8
Rhode Island,Season peak percentage,percent,0.006,Bin,5.8,5.9
Rhode Island,Season peak percentage,percent,0.01,Bin,5.9,6.0
Rhode Island,Season peak percentage,percent,0.006,Bin,6.0,6.1
Rhode Island,Season peak percentage,percent,0.008,Bin,6.1,6.2
Rhode Island,Season peak percentage,percent,0.006,Bin,6.2,6.3
Rhode Island,Season peak percentage,percent,0.002,Bin,6.3,6.4
Rhode Island,Season peak percentage,percent,0.004,Bin,6.4,6.5
Rhode Island,Season peak percentage,percent,0.002,Bin,6.5,6.6
Rhode Island,Season peak percentage,percent,0.004,Bin,6.6,6.7
Rhode Island,Season peak percentage,percent,0.012,Bin,6.7,6.8
Rhode Island,Season peak percentage,percent,0.006,Bin,6.8,6.9
Rhode Island,Season peak percentage,percent,0.002,Bin,6.9,7.0
Rhode Island,Season peak percentage,percent,0.01,Bin,7.0,7.1
Rhode Island,Season peak percentage,percent,0.004,Bin,7.1,7.2
Rhode Island,Season peak percentage,percent,0.012,Bin,7.2,7.3
Rhode Island,Season peak percentage,percent,0.008,Bin,7.3,7.4
Rhode Island,Season peak percentage,percent,0.004,Bin,7.4,7.5
Rhode Island,Season peak percentage,percent,0.006,Bin,7.5,7.6
Rhode Island,Season peak percentage,percent,0.008,Bin,7.6,7.7
Rhode Island,Season peak percentage,percent,0.002,Bin,7.7,7.8
Rhode Island,Season peak percentage,percent,0.002,Bin,7.8,7.9
Rhode Island,Season peak percentage,percent,0.006,Bin,7.9,8.0
Rhode Island,Season peak percentage,percent,0.012,Bin,8.0,8.1
Rhode Island,Season peak percentage,percent,0.004,Bin,8.1,8.2
Rhode Island,Season peak percentage,percent,0.01,Bin,8.2,8.3
Rhode Island,Season peak percentage,percent,0.004,Bin,8.3,8.4
Rhode Island,Season peak percentage,percent,0.002,Bin,8.4,8.5
Rhode Island,Season peak percentage,percent,0.006,Bin,8.5,8.6
Rhode Island,Season peak percentage,percent,0.002,Bin,8.6,8.7
Rhode Island,Season peak percentage,percent,0.002,Bin,8.7,8.8
Rhode Island,Season peak percentage,percent,0.004,Bin,8.8,8.9
Rhode Island,Season peak percentage,percent,0.004,Bin,8.9,9.0
Rhode Island,Season peak percentage,percent,0.002,Bin,9.0,9.1
Rhode Island,Season peak percentage,percent,0.002,Bin,9.1,9.2
Rhode Island,Season peak percentage,percent,0,Bin,9.2,9.3
Rhode Island,Season peak percentage,percent,0,Bin,9.3,9.4
Rhode Island,Season peak percentage,percent,0.004,Bin,9.4,9.5
Rhode Island,Season peak percentage,percent,0.002,Bin,9.5,9.6
Rhode Island,Season peak percentage,percent,0.002,Bin,9.6,9.7
Rhode Island,Season peak percentage,percent,0.004,Bin,9.7,9.8
Rhode Island,Season peak percentage,percent,0.002,Bin,9.8,9.9
Rhode Island,Season peak percentage,percent,0.002,Bin,9.9,10.0
Rhode Island,Season peak percentage,percent,0.002,Bin,10.0,10.1
Rhode Island,Season peak percentage,percent,0.002,Bin,10.1,10.2
Rhode Island,Season peak percentage,percent,0,Bin,10.2,10.3
Rhode Island,Season peak percentage,percent,0.002,Bin,10.3,10.4
Rhode Island,Season peak percentage,percent,0.004,Bin,10.4,10.5
Rhode Island,Season peak percentage,percent,0.002,Bin,10.5,10.6
Rhode Island,Season peak percentage,percent,0.002,Bin,10.6,10.7
Rhode Island,Season peak percentage,percent,0.002,Bin,10.7,10.8
Rhode Island,Season peak percentage,percent,0.002,Bin,10.8,10.9
Rhode Island,Season peak percentage,percent,0.002,Bin,10.9,11.0
Rhode Island,Season peak percentage,percent,0.002,Bin,11.0,11.1
Rhode Island,Season peak percentage,percent,0.002,Bin,11.1,11.2
Rhode Island,Season peak percentage,percent,0,Bin,11.2,11.3
Rhode Island,Season peak percentage,percent,0,Bin,11.3,11.4
Rhode Island,Season peak percentage,percent,0,Bin,11.4,11.5
Rhode Island,Season peak percentage,percent,0,Bin,11.5,11.6
Rhode Island,Season peak percentage,percent,0.004,Bin,11.6,11.7
Rhode Island,Season peak percentage,percent,0.004,Bin,11.7,11.8
Rhode Island,Season peak percentage,percent,0,Bin,11.8,11.9
Rhode Island,Season peak percentage,percent,0.006,Bin,11.9,12.0
Rhode Island,Season peak percentage,percent,0,Bin,12.0,12.1
Rhode Island,Season peak percentage,percent,0.002,Bin,12.1,12.2
Rhode Island,Season peak percentage,percent,0,Bin,12.2,12.3
Rhode Island,Season peak percentage,percent,0,Bin,12.3,12.4
Rhode Island,Season peak percentage,percent,0,Bin,12.4,12.5
Rhode Island,Season peak percentage,percent,0.004,Bin,12.5,12.6
Rhode Island,Season peak percentage,percent,0.004,Bin,12.6,12.7
Rhode Island,Season peak percentage,percent,0,Bin,12.7,12.8
Rhode Island,Season peak percentage,percent,0,Bin,12.8,12.9
Rhode Island,Season peak percentage,percent,0,Bin,12.9,13.0
Rhode Island,Season peak percentage,percent,0.05,Bin,13.0,100.0
Rhode Island,Season peak week,week,0,Bin,40.0,41.0
Rhode Island,Season peak week,week,0,Bin,41.0,42.0
Rhode Island,Season peak week,week,0,Bin,42.0,43.0
Rhode Island,Season peak week,week,0,Bin,43.0,44.0
Rhode Island,Season peak week,week,0,Bin,44.0,45.0
Rhode Island,Season peak week,week,0,Bin,45.0,46.0
Rhode Island,Season peak week,week,0,Bin,46.0,47.0
Rhode Island,Season peak week,week,0,Bin,47.0,48.0
Rhode Island,Season peak week,week,0,Bin,48.0,49.0
Rhode Island,Season peak week,week,0.0280898876404494,Bin,49.0,50.0
Rhode Island,Season peak week,week,0.0374531835205993,Bin,50.0,51.0
Rhode Island,Season peak week,week,0.0243445692883895,Bin,51.0,52.0
Rhode Island,Season peak week,week,0.0674157303370786,Bin,52.0,53.0
Rhode Island,Season peak week,week,0.0430711610486891,Bin,1.0,2.0
Rhode Island,Season peak week,week,0.0543071161048689,Bin,2.0,3.0
Rhode Island,Season peak week,week,0.0430711610486891,Bin,3.0,4.0
Rhode Island,Season peak week,week,0.0692883895131086,Bin,4.0,5.0
Rhode Island,Season peak week,week,0.0692883895131086,Bin,5.0,6.0
Rhode Island,Season peak week,week,0.106741573033708,Bin,6.0,7.0
Rhode Island,Season peak week,week,0.0786516853932584,Bin,7.0,8.0
Rhode Island,Season peak week,week,0.108614232209738,Bin,8.0,9.0
Rhode Island,Season peak week,week,0.0636704119850187,Bin,9.0,10.0
Rhode Island,Season peak week,week,0.0599250936329588,Bin,10.0,11.0
Rhode Island,Season peak week,week,0.0561797752808989,Bin,11.0,12.0
Rhode Island,Season peak week,week,0.0337078651685393,Bin,12.0,13.0
Rhode Island,Season peak week,week,0.0205992509363296,Bin,13.0,14.0
Rhode Island,Season peak week,week,0.0224719101123595,Bin,14.0,15.0
Rhode Island,Season peak week,week,0.00561797752808989,Bin,15.0,16.0
Rhode Island,Season peak week,week,0.00749063670411985,Bin,16.0,17.0
Rhode Island,Season peak week,week,0,Bin,17.0,18.0
Rhode Island,Season peak week,week,0,Bin,18.0,19.0
Rhode Island,Season peak week,week,0,Bin,19.0,20.0
Rhode Island,Season peak week,week,0,Bin,20.0,21.0
South Carolina,1 wk ahead,percent,0,Bin,0.0,0.1
South Carolina,1 wk ahead,percent,0,Bin,0.1,0.2
South Carolina,1 wk ahead,percent,0,Bin,0.2,0.3
South Carolina,1 wk ahead,percent,0,Bin,0.3,0.4
South Carolina,1 wk ahead,percent,0,Bin,0.4,0.5
South Carolina,1 wk ahead,percent,0,Bin,0.5,0.6
South Carolina,1 wk ahead,percent,0.01,Bin,0.6,0.7
South Carolina,1 wk ahead,percent,0.004,Bin,0.7,0.8
South Carolina,1 wk ahead,percent,0,Bin,0.8,0.9
South Carolina,1 wk ahead,percent,0,Bin,0.9,1.0
South Carolina,1 wk ahead,percent,0,Bin,1.0,1.1
South Carolina,1 wk ahead,percent,0.002,Bin,1.1,1.2
South Carolina,1 wk ahead,percent,0,Bin,1.2,1.3
South Carolina,1 wk ahead,percent,0.008,Bin,1.3,1.4
South Carolina,1 wk ahead,percent,0.014,Bin,1.4,1.5
South Carolina,1 wk ahead,percent,0.002,Bin,1.5,1.6
South Carolina,1 wk ahead,percent,0.006,Bin,1.6,1.7
South Carolina,1 wk ahead,percent,0.002,Bin,1.7,1.8
South Carolina,1 wk ahead,percent,0.004,Bin,1.8,1.9
South Carolina,1 wk ahead,percent,0.002,Bin,1.9,2.0
South Carolina,1 wk ahead,percent,0.01,Bin,2.0,2.1
South Carolina,1 wk ahead,percent,0.002,Bin,2.1,2.2
South Carolina,1 wk ahead,percent,0.01,Bin,2.2,2.3
South Carolina,1 wk ahead,percent,0.012,Bin,2.3,2.4
South Carolina,1 wk ahead,percent,0.002,Bin,2.4,2.5
South Carolina,1 wk ahead,percent,0.02,Bin,2.5,2.6
South Carolina,1 wk ahead,percent,0.02,Bin,2.6,2.7
South Carolina,1 wk ahead,percent,0.002,Bin,2.7,2.8
South Carolina,1 wk ahead,percent,0.022,Bin,2.8,2.9
South Carolina,1 wk ahead,percent,0.026,Bin,2.9,3.0
South Carolina,1 wk ahead,percent,0.012,Bin,3.0,3.1
South Carolina,1 wk ahead,percent,0.014,Bin,3.1,3.2
South Carolina,1 wk ahead,percent,0.022,Bin,3.2,3.3
South Carolina,1 wk ahead,percent,0.038,Bin,3.3,3.4
South Carolina,1 wk ahead,percent,0.026,Bin,3.4,3.5
South Carolina,1 wk ahead,percent,0.028,Bin,3.5,3.6
South Carolina,1 wk ahead,percent,0.006,Bin,3.6,3.7
South Carolina,1 wk ahead,percent,0.002,Bin,3.7,3.8
South Carolina,1 wk ahead,percent,0.038,Bin,3.8,3.9
South Carolina,1 wk ahead,percent,0.024,Bin,3.9,4.0
South Carolina,1 wk ahead,percent,0.034,Bin,4.0,4.1
South Carolina,1 wk ahead,percent,0.008,Bin,4.1,4.2
South Carolina,1 wk ahead,percent,0.022,Bin,4.2,4.3
South Carolina,1 wk ahead,percent,0.02,Bin,4.3,4.4
South Carolina,1 wk ahead,percent,0.034,Bin,4.4,4.5
South Carolina,1 wk ahead,percent,0.02,Bin,4.5,4.6
South Carolina,1 wk ahead,percent,0.008,Bin,4.6,4.7
South Carolina,1 wk ahead,percent,0.018,Bin,4.7,4.8
South Carolina,1 wk ahead,percent,0.02,Bin,4.8,4.9
South Carolina,1 wk ahead,percent,0.002,Bin,4.9,5.0
South Carolina,1 wk ahead,percent,0.018,Bin,5.0,5.1
South Carolina,1 wk ahead,percent,0.008,Bin,5.1,5.2
South Carolina,1 wk ahead,percent,0.02,Bin,5.2,5.3
South Carolina,1 wk ahead,percent,0.024,Bin,5.3,5.4
South Carolina,1 wk ahead,percent,0.024,Bin,5.4,5.5
South Carolina,1 wk ahead,percent,0.02,Bin,5.5,5.6
South Carolina,1 wk ahead,percent,0.01,Bin,5.6,5.7
South Carolina,1 wk ahead,percent,0.018,Bin,5.7,5.8
South Carolina,1 wk ahead,percent,0.012,Bin,5.8,5.9
South Carolina,1 wk ahead,percent,0.01,Bin,5.9,6.0
South Carolina,1 wk ahead,percent,0.014,Bin,6.0,6.1
South Carolina,1 wk ahead,percent,0.002,Bin,6.1,6.2
South Carolina,1 wk ahead,percent,0.022,Bin,6.2,6.3
South Carolina,1 wk ahead,percent,0.01,Bin,6.3,6.4
South Carolina,1 wk ahead,percent,0.008,Bin,6.4,6.5
South Carolina,1 wk ahead,percent,0.008,Bin,6.5,6.6
South Carolina,1 wk ahead,percent,0.006,Bin,6.6,6.7
South Carolina,1 wk ahead,percent,0.006,Bin,6.7,6.8
South Carolina,1 wk ahead,percent,0.018,Bin,6.8,6.9
South Carolina,1 wk ahead,percent,0.004,Bin,6.9,7.0
South Carolina,1 wk ahead,percent,0,Bin,7.0,7.1
South Carolina,1 wk ahead,percent,0.006,Bin,7.1,7.2
South Carolina,1 wk ahead,percent,0.002,Bin,7.2,7.3
South Carolina,1 wk ahead,percent,0,Bin,7.3,7.4
South Carolina,1 wk ahead,percent,0,Bin,7.4,7.5
South Carolina,1 wk ahead,percent,0,Bin,7.5,7.6
South Carolina,1 wk ahead,percent,0.004,Bin,7.6,7.7
South Carolina,1 wk ahead,percent,0.008,Bin,7.7,7.8
South Carolina,1 wk ahead,percent,0.004,Bin,7.8,7.9
South Carolina,1 wk ahead,percent,0.002,Bin,7.9,8.0
South Carolina,1 wk ahead,percent,0.014,Bin,8.0,8.1
South Carolina,1 wk ahead,percent,0,Bin,8.1,8.2
South Carolina,1 wk ahead,percent,0.008,Bin,8.2,8.3
South Carolina,1 wk ahead,percent,0,Bin,8.3,8.4
South Carolina,1 wk ahead,percent,0.012,Bin,8.4,8.5
South Carolina,1 wk ahead,percent,0.01,Bin,8.5,8.6
South Carolina,1 wk ahead,percent,0,Bin,8.6,8.7
South Carolina,1 wk ahead,percent,0.006,Bin,8.7,8.8
South Carolina,1 wk ahead,percent,0,Bin,8.8,8.9
South Carolina,1 wk ahead,percent,0,Bin,8.9,9.0
South Carolina,1 wk ahead,percent,0,Bin,9.0,9.1
South Carolina,1 wk ahead,percent,0,Bin,9.1,9.2
South Carolina,1 wk ahead,percent,0.002,Bin,9.2,9.3
South Carolina,1 wk ahead,percent,0,Bin,9.3,9.4
South Carolina,1 wk ahead,percent,0.004,Bin,9.4,9.5
South Carolina,1 wk ahead,percent,0,Bin,9.5,9.6
South Carolina,1 wk ahead,percent,0.006,Bin,9.6,9.7
South Carolina,1 wk ahead,percent,0,Bin,9.7,9.8
South Carolina,1 wk ahead,percent,0.012,Bin,9.8,9.9
South Carolina,1 wk ahead,percent,0,Bin,9.9,10.0
South Carolina,1 wk ahead,percent,0,Bin,10.0,10.1
South Carolina,1 wk ahead,percent,0,Bin,10.1,10.2
South Carolina,1 wk ahead,percent,0.002,Bin,10.2,10.3
South Carolina,1 wk ahead,percent,0,Bin,10.3,10.4
South Carolina,1 wk ahead,percent,0,Bin,10.4,10.5
South Carolina,1 wk ahead,percent,0.01,Bin,10.5,10.6
South Carolina,1 wk ahead,percent,0.004,Bin,10.6,10.7
South Carolina,1 wk ahead,percent,0,Bin,10.7,10.8
South Carolina,1 wk ahead,percent,0.004,Bin,10.8,10.9
South Carolina,1 wk ahead,percent,0,Bin,10.9,11.0
South Carolina,1 wk ahead,percent,0,Bin,11.0,11.1
South Carolina,1 wk ahead,percent,0,Bin,11.1,11.2
South Carolina,1 wk ahead,percent,0,Bin,11.2,11.3
South Carolina,1 wk ahead,percent,0.002,Bin,11.3,11.4
South Carolina,1 wk ahead,percent,0,Bin,11.4,11.5
South Carolina,1 wk ahead,percent,0,Bin,11.5,11.6
South Carolina,1 wk ahead,percent,0,Bin,11.6,11.7
South Carolina,1 wk ahead,percent,0,Bin,11.7,11.8
South Carolina,1 wk ahead,percent,0,Bin,11.8,11.9
South Carolina,1 wk ahead,percent,0,Bin,11.9,12.0
South Carolina,1 wk ahead,percent,0,Bin,12.0,12.1
South Carolina,1 wk ahead,percent,0,Bin,12.1,12.2
South Carolina,1 wk ahead,percent,0,Bin,12.2,12.3
South Carolina,1 wk ahead,percent,0,Bin,12.3,12.4
South Carolina,1 wk ahead,percent,0,Bin,12.4,12.5
South Carolina,1 wk ahead,percent,0,Bin,12.5,12.6
South Carolina,1 wk ahead,percent,0,Bin,12.6,12.7
South Carolina,1 wk ahead,percent,0,Bin,12.7,12.8
South Carolina,1 wk ahead,percent,0,Bin,12.8,12.9
South Carolina,1 wk ahead,percent,0,Bin,12.9,13.0
South Carolina,1 wk ahead,percent,0.04,Bin,13.0,100.0
South Carolina,2 wk ahead,percent,0,Bin,0.0,0.1
South Carolina,2 wk ahead,percent,0,Bin,0.1,0.2
South Carolina,2 wk ahead,percent,0,Bin,0.2,0.3
South Carolina,2 wk ahead,percent,0,Bin,0.3,0.4
South Carolina,2 wk ahead,percent,0,Bin,0.4,0.5
South Carolina,2 wk ahead,percent,0,Bin,0.5,0.6
South Carolina,2 wk ahead,percent,0,Bin,0.6,0.7
South Carolina,2 wk ahead,percent,0.002,Bin,0.7,0.8
South Carolina,2 wk ahead,percent,0.002,Bin,0.8,0.9
South Carolina,2 wk ahead,percent,0.002,Bin,0.9,1.0
South Carolina,2 wk ahead,percent,0,Bin,1.0,1.1
South Carolina,2 wk ahead,percent,0.002,Bin,1.1,1.2
South Carolina,2 wk ahead,percent,0.002,Bin,1.2,1.3
South Carolina,2 wk ahead,percent,0.002,Bin,1.3,1.4
South Carolina,2 wk ahead,percent,0.008,Bin,1.4,1.5
South Carolina,2 wk ahead,percent,0.002,Bin,1.5,1.6
South Carolina,2 wk ahead,percent,0.006,Bin,1.6,1.7
South Carolina,2 wk ahead,percent,0.004,Bin,1.7,1.8
South Carolina,2 wk ahead,percent,0.006,Bin,1.8,1.9
South Carolina,2 wk ahead,percent,0.006,Bin,1.9,2.0
South Carolina,2 wk ahead,percent,0.006,Bin,2.0,2.1
South Carolina,2 wk ahead,percent,0.018,Bin,2.1,2.2
South Carolina,2 wk ahead,percent,0.008,Bin,2.2,2.3
South Carolina,2 wk ahead,percent,0.004,Bin,2.3,2.4
South Carolina,2 wk ahead,percent,0.014,Bin,2.4,2.5
South Carolina,2 wk ahead,percent,0.008,Bin,2.5,2.6
South Carolina,2 wk ahead,percent,0.012,Bin,2.6,2.7
South Carolina,2 wk ahead,percent,0.014,Bin,2.7,2.8
South Carolina,2 wk ahead,percent,0.006,Bin,2.8,2.9
South Carolina,2 wk ahead,percent,0.01,Bin,2.9,3.0
South Carolina,2 wk ahead,percent,0.01,Bin,3.0,3.1
South Carolina,2 wk ahead,percent,0.01,Bin,3.1,3.2
South Carolina,2 wk ahead,percent,0.01,Bin,3.2,3.3
South Carolina,2 wk ahead,percent,0.026,Bin,3.3,3.4
South Carolina,2 wk ahead,percent,0.012,Bin,3.4,3.5
South Carolina,2 wk ahead,percent,0.022,Bin,3.5,3.6
South Carolina,2 wk ahead,percent,0.022,Bin,3.6,3.7
South Carolina,2 wk ahead,percent,0.01,Bin,3.7,3.8
South Carolina,2 wk ahead,percent,0.018,Bin,3.8,3.9
South Carolina,2 wk ahead,percent,0.004,Bin,3.9,4.0
South Carolina,2 wk ahead,percent,0.016,Bin,4.0,4.1
South Carolina,2 wk ahead,percent,0.02,Bin,4.1,4.2
South Carolina,2 wk ahead,percent,0.016,Bin,4.2,4.3
South Carolina,2 wk ahead,percent,0.022,Bin,4.3,4.4
South Carolina,2 wk ahead,percent,0.018,Bin,4.4,4.5
South Carolina,2 wk ahead,percent,0.012,Bin,4.5,4.6
South Carolina,2 wk ahead,percent,0.022,Bin,4.6,4.7
South Carolina,2 wk ahead,percent,0.018,Bin,4.7,4.8
South Carolina,2 wk ahead,percent,0.02,Bin,4.8,4.9
South Carolina,2 wk ahead,percent,0.014,Bin,4.9,5.0
South Carolina,2 wk ahead,percent,0.016,Bin,5.0,5.1
South Carolina,2 wk ahead,percent,0.018,Bin,5.1,5.2
South Carolina,2 wk ahead,percent,0.022,Bin,5.2,5.3
South Carolina,2 wk ahead,percent,0.024,Bin,5.3,5.4
South Carolina,2 wk ahead,percent,0.008,Bin,5.4,5.5
South Carolina,2 wk ahead,percent,0.01,Bin,5.5,5.6
South Carolina,2 wk ahead,percent,0.006,Bin,5.6,5.7
South Carolina,2 wk ahead,percent,0.014,Bin,5.7,5.8
South Carolina,2 wk ahead,percent,0.004,Bin,5.8,5.9
South Carolina,2 wk ahead,percent,0.018,Bin,5.9,6.0
South Carolina,2 wk ahead,percent,0.016,Bin,6.0,6.1
South Carolina,2 wk ahead,percent,0.014,Bin,6.1,6.2
South Carolina,2 wk ahead,percent,0.006,Bin,6.2,6.3
South Carolina,2 wk ahead,percent,0.014,Bin,6.3,6.4
South Carolina,2 wk ahead,percent,0.01,Bin,6.4,6.5
South Carolina,2 wk ahead,percent,0.006,Bin,6.5,6.6
South Carolina,2 wk ahead,percent,0.008,Bin,6.6,6.7
South Carolina,2 wk ahead,percent,0.01,Bin,6.7,6.8
South Carolina,2 wk ahead,percent,0.006,Bin,6.8,6.9
South Carolina,2 wk ahead,percent,0.012,Bin,6.9,7.0
South Carolina,2 wk ahead,percent,0.01,Bin,7.0,7.1
South Carolina,2 wk ahead,percent,0.014,Bin,7.1,7.2
South Carolina,2 wk ahead,percent,0.002,Bin,7.2,7.3
South Carolina,2 wk ahead,percent,0.014,Bin,7.3,7.4
South Carolina,2 wk ahead,percent,0.008,Bin,7.4,7.5
South Carolina,2 wk ahead,percent,0.004,Bin,7.5,7.6
South Carolina,2 wk ahead,percent,0.008,Bin,7.6,7.7
South Carolina,2 wk ahead,percent,0.006,Bin,7.7,7.8
South Carolina,2 wk ahead,percent,0.01,Bin,7.8,7.9
South Carolina,2 wk ahead,percent,0.006,Bin,7.9,8.0
South Carolina,2 wk ahead,percent,0.006,Bin,8.0,8.1
South Carolina,2 wk ahead,percent,0.004,Bin,8.1,8.2
South Carolina,2 wk ahead,percent,0.006,Bin,8.2,8.3
South Carolina,2 wk ahead,percent,0.002,Bin,8.3,8.4
South Carolina,2 wk ahead,percent,0.004,Bin,8.4,8.5
South Carolina,2 wk ahead,percent,0.008,Bin,8.5,8.6
South Carolina,2 wk ahead,percent,0.004,Bin,8.6,8.7
South Carolina,2 wk ahead,percent,0.006,Bin,8.7,8.8
South Carolina,2 wk ahead,percent,0,Bin,8.8,8.9
South Carolina,2 wk ahead,percent,0.004,Bin,8.9,9.0
South Carolina,2 wk ahead,percent,0.01,Bin,9.0,9.1
South Carolina,2 wk ahead,percent,0.004,Bin,9.1,9.2
South Carolina,2 wk ahead,percent,0.002,Bin,9.2,9.3
South Carolina,2 wk ahead,percent,0.004,Bin,9.3,9.4
South Carolina,2 wk ahead,percent,0.008,Bin,9.4,9.5
South Carolina,2 wk ahead,percent,0,Bin,9.5,9.6
South Carolina,2 wk ahead,percent,0.004,Bin,9.6,9.7
South Carolina,2 wk ahead,percent,0,Bin,9.7,9.8
South Carolina,2 wk ahead,percent,0.006,Bin,9.8,9.9
South Carolina,2 wk ahead,percent,0,Bin,9.9,10.0
South Carolina,2 wk ahead,percent,0,Bin,10.0,10.1
South Carolina,2 wk ahead,percent,0.004,Bin,10.1,10.2
South Carolina,2 wk ahead,percent,0.008,Bin,10.2,10.3
South Carolina,2 wk ahead,percent,0,Bin,10.3,10.4
South Carolina,2 wk ahead,percent,0,Bin,10.4,10.5
South Carolina,2 wk ahead,percent,0.004,Bin,10.5,10.6
South Carolina,2 wk ahead,percent,0.002,Bin,10.6,10.7
South Carolina,2 wk ahead,percent,0.002,Bin,10.7,10.8
South Carolina,2 wk ahead,percent,0.004,Bin,10.8,10.9
South Carolina,2 wk ahead,percent,0,Bin,10.9,11.0
South Carolina,2 wk ahead,percent,0.002,Bin,11.0,11.1
South Carolina,2 wk ahead,percent,0,Bin,11.1,11.2
South Carolina,2 wk ahead,percent,0.002,Bin,11.2,11.3
South Carolina,2 wk ahead,percent,0.002,Bin,11.3,11.4
South Carolina,2 wk ahead,percent,0,Bin,11.4,11.5
South Carolina,2 wk ahead,percent,0.002,Bin,11.5,11.6
South Carolina,2 wk ahead,percent,0.004,Bin,11.6,11.7
South Carolina,2 wk ahead,percent,0.002,Bin,11.7,11.8
South Carolina,2 wk ahead,percent,0.002,Bin,11.8,11.9
South Carolina,2 wk ahead,percent,0,Bin,11.9,12.0
South Carolina,2 wk ahead,percent,0,Bin,12.0,12.1
South Carolina,2 wk ahead,percent,0,Bin,12.1,12.2
South Carolina,2 wk ahead,percent,0.002,Bin,12.2,12.3
South Carolina,2 wk ahead,percent,0,Bin,12.3,12.4
South Carolina,2 wk ahead,percent,0,Bin,12.4,12.5
South Carolina,2 wk ahead,percent,0.006,Bin,12.5,12.6
South Carolina,2 wk ahead,percent,0.002,Bin,12.6,12.7
South Carolina,2 wk ahead,percent,0.002,Bin,12.7,12.8
South Carolina,2 wk ahead,percent,0.004,Bin,12.8,12.9
South Carolina,2 wk ahead,percent,0,Bin,12.9,13.0
South Carolina,2 wk ahead,percent,0.072,Bin,13.0,100.0
South Carolina,3 wk ahead,percent,0,Bin,0.0,0.1
South Carolina,3 wk ahead,percent,0,Bin,0.1,0.2
South Carolina,3 wk ahead,percent,0,Bin,0.2,0.3
South Carolina,3 wk ahead,percent,0,Bin,0.3,0.4
South Carolina,3 wk ahead,percent,0.002,Bin,0.4,0.5
South Carolina,3 wk ahead,percent,0,Bin,0.5,0.6
South Carolina,3 wk ahead,percent,0.002,Bin,0.6,0.7
South Carolina,3 wk ahead,percent,0,Bin,0.7,0.8
South Carolina,3 wk ahead,percent,0.002,Bin,0.8,0.9
South Carolina,3 wk ahead,percent,0.002,Bin,0.9,1.0
South Carolina,3 wk ahead,percent,0.004,Bin,1.0,1.1
South Carolina,3 wk ahead,percent,0.01,Bin,1.1,1.2
South Carolina,3 wk ahead,percent,0.002,Bin,1.2,1.3
South Carolina,3 wk ahead,percent,0.008,Bin,1.3,1.4
South Carolina,3 wk ahead,percent,0.002,Bin,1.4,1.5
South Carolina,3 wk ahead,percent,0.006,Bin,1.5,1.6
South Carolina,3 wk ahead,percent,0.004,Bin,1.6,1.7
South Carolina,3 wk ahead,percent,0.006,Bin,1.7,1.8
South Carolina,3 wk ahead,percent,0.004,Bin,1.8,1.9
South Carolina,3 wk ahead,percent,0.012,Bin,1.9,2.0
South Carolina,3 wk ahead,percent,0.008,Bin,2.0,2.1
South Carolina,3 wk ahead,percent,0.01,Bin,2.1,2.2
South Carolina,3 wk ahead,percent,0.008,Bin,2.2,2.3
South Carolina,3 wk ahead,percent,0.01,Bin,2.3,2.4
South Carolina,3 wk ahead,percent,0.008,Bin,2.4,2.5
South Carolina,3 wk ahead,percent,0.008,Bin,2.5,2.6
South Carolina,3 wk ahead,percent,0.01,Bin,2.6,2.7
South Carolina,3 wk ahead,percent,0.016,Bin,2.7,2.8
South Carolina,3 wk ahead,percent,0.014,Bin,2.8,2.9
South Carolina,3 wk ahead,percent,0.01,Bin,2.9,3.0
South Carolina,3 wk ahead,percent,0.014,Bin,3.0,3.1
South Carolina,3 wk ahead,percent,0.01,Bin,3.1,3.2
South Carolina,3 wk ahead,percent,0.012,Bin,3.2,3.3
South Carolina,3 wk ahead,percent,0.016,Bin,3.3,3.4
South Carolina,3 wk ahead,percent,0.022,Bin,3.4,3.5
South Carolina,3 wk ahead,percent,0.016,Bin,3.5,3.6
South Carolina,3 wk ahead,percent,0.014,Bin,3.6,3.7
South Carolina,3 wk ahead,percent,0.018,Bin,3.7,3.8
South Carolina,3 wk ahead,percent,0.012,Bin,3.8,3.9
South Carolina,3 wk ahead,percent,0.016,Bin,3.9,4.0
South Carolina,3 wk ahead,percent,0.02,Bin,4.0,4.1
South Carolina,3 wk ahead,percent,0.02,Bin,4.1,4.2
South Carolina,3 wk ahead,percent,0.016,Bin,4.2,4.3
South Carolina,3 wk ahead,percent,0.016,Bin,4.3,4.4
South Carolina,3 wk ahead,percent,0.018,Bin,4.4,4.5
South Carolina,3 wk ahead,percent,0.01,Bin,4.5,4.6
South Carolina,3 wk ahead,percent,0.008,Bin,4.6,4.7
South Carolina,3 wk ahead,percent,0.012,Bin,4.7,4.8
South Carolina,3 wk ahead,percent,0.006,Bin,4.8,4.9
South Carolina,3 wk ahead,percent,0.014,Bin,4.9,5.0
South Carolina,3 wk ahead,percent,0.012,Bin,5.0,5.1
South Carolina,3 wk ahead,percent,0.006,Bin,5.1,5.2
South Carolina,3 wk ahead,percent,0.006,Bin,5.2,5.3
South Carolina,3 wk ahead,percent,0.006,Bin,5.3,5.4
South Carolina,3 wk ahead,percent,0.02,Bin,5.4,5.5
South Carolina,3 wk ahead,percent,0.012,Bin,5.5,5.6
South Carolina,3 wk ahead,percent,0.018,Bin,5.6,5.7
South Carolina,3 wk ahead,percent,0.012,Bin,5.7,5.8
South Carolina,3 wk ahead,percent,0.012,Bin,5.8,5.9
South Carolina,3 wk ahead,percent,0.012,Bin,5.9,6.0
South Carolina,3 wk ahead,percent,0.006,Bin,6.0,6.1
South Carolina,3 wk ahead,percent,0.01,Bin,6.1,6.2
South Carolina,3 wk ahead,percent,0.006,Bin,6.2,6.3
South Carolina,3 wk ahead,percent,0.014,Bin,6.3,6.4
South Carolina,3 wk ahead,percent,0.004,Bin,6.4,6.5
South Carolina,3 wk ahead,percent,0.008,Bin,6.5,6.6
South Carolina,3 wk ahead,percent,0.004,Bin,6.6,6.7
South Carolina,3 wk ahead,percent,0.002,Bin,6.7,6.8
South Carolina,3 wk ahead,percent,0.006,Bin,6.8,6.9
South Carolina,3 wk ahead,percent,0.002,Bin,6.9,7.0
South Carolina,3 wk ahead,percent,0.012,Bin,7.0,7.1
South Carolina,3 wk ahead,percent,0.014,Bin,7.1,7.2
South Carolina,3 wk ahead,percent,0.002,Bin,7.2,7.3
South Carolina,3 wk ahead,percent,0.014,Bin,7.3,7.4
South Carolina,3 wk ahead,percent,0.008,Bin,7.4,7.5
South Carolina,3 wk ahead,percent,0.008,Bin,7.5,7.6
South Carolina,3 wk ahead,percent,0,Bin,7.6,7.7
South Carolina,3 wk ahead,percent,0.006,Bin,7.7,7.8
South Carolina,3 wk ahead,percent,0.008,Bin,7.8,7.9
South Carolina,3 wk ahead,percent,0.006,Bin,7.9,8.0
South Carolina,3 wk ahead,percent,0.004,Bin,8.0,8.1
South Carolina,3 wk ahead,percent,0.002,Bin,8.1,8.2
South Carolina,3 wk ahead,percent,0.002,Bin,8.2,8.3
South Carolina,3 wk ahead,percent,0.014,Bin,8.3,8.4
South Carolina,3 wk ahead,percent,0.004,Bin,8.4,8.5
South Carolina,3 wk ahead,percent,0.004,Bin,8.5,8.6
South Carolina,3 wk ahead,percent,0,Bin,8.6,8.7
South Carolina,3 wk ahead,percent,0.004,Bin,8.7,8.8
South Carolina,3 wk ahead,percent,0.006,Bin,8.8,8.9
South Carolina,3 wk ahead,percent,0.004,Bin,8.9,9.0
South Carolina,3 wk ahead,percent,0.004,Bin,9.0,9.1
South Carolina,3 wk ahead,percent,0.004,Bin,9.1,9.2
South Carolina,3 wk ahead,percent,0.004,Bin,9.2,9.3
South Carolina,3 wk ahead,percent,0.008,Bin,9.3,9.4
South Carolina,3 wk ahead,percent,0.004,Bin,9.4,9.5
South Carolina,3 wk ahead,percent,0.004,Bin,9.5,9.6
South Carolina,3 wk ahead,percent,0,Bin,9.6,9.7
South Carolina,3 wk ahead,percent,0.004,Bin,9.7,9.8
South Carolina,3 wk ahead,percent,0.004,Bin,9.8,9.9
South Carolina,3 wk ahead,percent,0.002,Bin,9.9,10.0
South Carolina,3 wk ahead,percent,0,Bin,10.0,10.1
South Carolina,3 wk ahead,percent,0.004,Bin,10.1,10.2
South Carolina,3 wk ahead,percent,0.004,Bin,10.2,10.3
South Carolina,3 wk ahead,percent,0,Bin,10.3,10.4
South Carolina,3 wk ahead,percent,0.006,Bin,10.4,10.5
South Carolina,3 wk ahead,percent,0.008,Bin,10.5,10.6
South Carolina,3 wk ahead,percent,0.006,Bin,10.6,10.7
South Carolina,3 wk ahead,percent,0,Bin,10.7,10.8
South Carolina,3 wk ahead,percent,0.006,Bin,10.8,10.9
South Carolina,3 wk ahead,percent,0.006,Bin,10.9,11.0
South Carolina,3 wk ahead,percent,0.002,Bin,11.0,11.1
South Carolina,3 wk ahead,percent,0.002,Bin,11.1,11.2
South Carolina,3 wk ahead,percent,0.006,Bin,11.2,11.3
South Carolina,3 wk ahead,percent,0.004,Bin,11.3,11.4
South Carolina,3 wk ahead,percent,0.002,Bin,11.4,11.5
South Carolina,3 wk ahead,percent,0.004,Bin,11.5,11.6
South Carolina,3 wk ahead,percent,0.002,Bin,11.6,11.7
South Carolina,3 wk ahead,percent,0.006,Bin,11.7,11.8
South Carolina,3 wk ahead,percent,0.002,Bin,11.8,11.9
South Carolina,3 wk ahead,percent,0.004,Bin,11.9,12.0
South Carolina,3 wk ahead,percent,0.002,Bin,12.0,12.1
South Carolina,3 wk ahead,percent,0.004,Bin,12.1,12.2
South Carolina,3 wk ahead,percent,0,Bin,12.2,12.3
South Carolina,3 wk ahead,percent,0,Bin,12.3,12.4
South Carolina,3 wk ahead,percent,0.004,Bin,12.4,12.5
South Carolina,3 wk ahead,percent,0.006,Bin,12.5,12.6
South Carolina,3 wk ahead,percent,0.004,Bin,12.6,12.7
South Carolina,3 wk ahead,percent,0.004,Bin,12.7,12.8
South Carolina,3 wk ahead,percent,0.002,Bin,12.8,12.9
South Carolina,3 wk ahead,percent,0.004,Bin,12.9,13.0
South Carolina,3 wk ahead,percent,0.1,Bin,13.0,100.0
South Carolina,4 wk ahead,percent,0,Bin,0.0,0.1
South Carolina,4 wk ahead,percent,0,Bin,0.1,0.2
South Carolina,4 wk ahead,percent,0,Bin,0.2,0.3
South Carolina,4 wk ahead,percent,0,Bin,0.3,0.4
South Carolina,4 wk ahead,percent,0.002,Bin,0.4,0.5
South Carolina,4 wk ahead,percent,0.002,Bin,0.5,0.6
South Carolina,4 wk ahead,percent,0.004,Bin,0.6,0.7
South Carolina,4 wk ahead,percent,0.006,Bin,0.7,0.8
South Carolina,4 wk ahead,percent,0.004,Bin,0.8,0.9
South Carolina,4 wk ahead,percent,0.002,Bin,0.9,1.0
South Carolina,4 wk ahead,percent,0.008,Bin,1.0,1.1
South Carolina,4 wk ahead,percent,0.002,Bin,1.1,1.2
South Carolina,4 wk ahead,percent,0.002,Bin,1.2,1.3
South Carolina,4 wk ahead,percent,0.012,Bin,1.3,1.4
South Carolina,4 wk ahead,percent,0.006,Bin,1.4,1.5
South Carolina,4 wk ahead,percent,0.01,Bin,1.5,1.6
South Carolina,4 wk ahead,percent,0.004,Bin,1.6,1.7
South Carolina,4 wk ahead,percent,0.014,Bin,1.7,1.8
South Carolina,4 wk ahead,percent,0.004,Bin,1.8,1.9
South Carolina,4 wk ahead,percent,0.01,Bin,1.9,2.0
South Carolina,4 wk ahead,percent,0.01,Bin,2.0,2.1
South Carolina,4 wk ahead,percent,0.014,Bin,2.1,2.2
South Carolina,4 wk ahead,percent,0.008,Bin,2.2,2.3
South Carolina,4 wk ahead,percent,0.008,Bin,2.3,2.4
South Carolina,4 wk ahead,percent,0.016,Bin,2.4,2.5
South Carolina,4 wk ahead,percent,0.006,Bin,2.5,2.6
South Carolina,4 wk ahead,percent,0.012,Bin,2.6,2.7
South Carolina,4 wk ahead,percent,0.012,Bin,2.7,2.8
South Carolina,4 wk ahead,percent,0.012,Bin,2.8,2.9
South Carolina,4 wk ahead,percent,0.006,Bin,2.9,3.0
South Carolina,4 wk ahead,percent,0.006,Bin,3.0,3.1
South Carolina,4 wk ahead,percent,0.002,Bin,3.1,3.2
South Carolina,4 wk ahead,percent,0.008,Bin,3.2,3.3
South Carolina,4 wk ahead,percent,0.01,Bin,3.3,3.4
South Carolina,4 wk ahead,percent,0.016,Bin,3.4,3.5
South Carolina,4 wk ahead,percent,0.01,Bin,3.5,3.6
South Carolina,4 wk ahead,percent,0.012,Bin,3.6,3.7
South Carolina,4 wk ahead,percent,0.02,Bin,3.7,3.8
South Carolina,4 wk ahead,percent,0.008,Bin,3.8,3.9
South Carolina,4 wk ahead,percent,0.012,Bin,3.9,4.0
South Carolina,4 wk ahead,percent,0.008,Bin,4.0,4.1
South Carolina,4 wk ahead,percent,0.01,Bin,4.1,4.2
South Carolina,4 wk ahead,percent,0.016,Bin,4.2,4.3
South Carolina,4 wk ahead,percent,0.014,Bin,4.3,4.4
South Carolina,4 wk ahead,percent,0.01,Bin,4.4,4.5
South Carolina,4 wk ahead,percent,0.018,Bin,4.5,4.6
South Carolina,4 wk ahead,percent,0.014,Bin,4.6,4.7
South Carolina,4 wk ahead,percent,0.004,Bin,4.7,4.8
South Carolina,4 wk ahead,percent,0.012,Bin,4.8,4.9
South Carolina,4 wk ahead,percent,0.002,Bin,4.9,5.0
South Carolina,4 wk ahead,percent,0.008,Bin,5.0,5.1
South Carolina,4 wk ahead,percent,0.006,Bin,5.1,5.2
South Carolina,4 wk ahead,percent,0.008,Bin,5.2,5.3
South Carolina,4 wk ahead,percent,0.012,Bin,5.3,5.4
South Carolina,4 wk ahead,percent,0.01,Bin,5.4,5.5
South Carolina,4 wk ahead,percent,0.008,Bin,5.5,5.6
South Carolina,4 wk ahead,percent,0.014,Bin,5.6,5.7
South Carolina,4 wk ahead,percent,0.02,Bin,5.7,5.8
South Carolina,4 wk ahead,percent,0.008,Bin,5.8,5.9
South Carolina,4 wk ahead,percent,0.004,Bin,5.9,6.0
South Carolina,4 wk ahead,percent,0.01,Bin,6.0,6.1
South Carolina,4 wk ahead,percent,0.004,Bin,6.1,6.2
South Carolina,4 wk ahead,percent,0.008,Bin,6.2,6.3
South Carolina,4 wk ahead,percent,0.008,Bin,6.3,6.4
South Carolina,4 wk ahead,percent,0.014,Bin,6.4,6.5
South Carolina,4 wk ahead,percent,0.008,Bin,6.5,6.6
South Carolina,4 wk ahead,percent,0.01,Bin,6.6,6.7
South Carolina,4 wk ahead,percent,0.004,Bin,6.7,6.8
South Carolina,4 wk ahead,percent,0.012,Bin,6.8,6.9
South Carolina,4 wk ahead,percent,0.004,Bin,6.9,7.0
South Carolina,4 wk ahead,percent,0.016,Bin,7.0,7.1
South Carolina,4 wk ahead,percent,0.004,Bin,7.1,7.2
South Carolina,4 wk ahead,percent,0.006,Bin,7.2,7.3
South Carolina,4 wk ahead,percent,0.01,Bin,7.3,7.4
South Carolina,4 wk ahead,percent,0.01,Bin,7.4,7.5
South Carolina,4 wk ahead,percent,0.008,Bin,7.5,7.6
South Carolina,4 wk ahead,percent,0.004,Bin,7.6,7.7
South Carolina,4 wk ahead,percent,0.006,Bin,7.7,7.8
South Carolina,4 wk ahead,percent,0.016,Bin,7.8,7.9
South Carolina,4 wk ahead,percent,0.006,Bin,7.9,8.0
South Carolina,4 wk ahead,percent,0.004,Bin,8.0,8.1
South Carolina,4 wk ahead,percent,0.006,Bin,8.1,8.2
South Carolina,4 wk ahead,percent,0.002,Bin,8.2,8.3
South Carolina,4 wk ahead,percent,0.014,Bin,8.3,8.4
South Carolina,4 wk ahead,percent,0.01,Bin,8.4,8.5
South Carolina,4 wk ahead,percent,0.006,Bin,8.5,8.6
South Carolina,4 wk ahead,percent,0.008,Bin,8.6,8.7
South Carolina,4 wk ahead,percent,0.004,Bin,8.7,8.8
South Carolina,4 wk ahead,percent,0.006,Bin,8.8,8.9
South Carolina,4 wk ahead,percent,0.004,Bin,8.9,9.0
South Carolina,4 wk ahead,percent,0.006,Bin,9.0,9.1
South Carolina,4 wk ahead,percent,0.016,Bin,9.1,9.2
South Carolina,4 wk ahead,percent,0.004,Bin,9.2,9.3
South Carolina,4 wk ahead,percent,0.006,Bin,9.3,9.4
South Carolina,4 wk ahead,percent,0.002,Bin,9.4,9.5
South Carolina,4 wk ahead,percent,0,Bin,9.5,9.6
South Carolina,4 wk ahead,percent,0.004,Bin,9.6,9.7
South Carolina,4 wk ahead,percent,0.004,Bin,9.7,9.8
South Carolina,4 wk ahead,percent,0.006,Bin,9.8,9.9
South Carolina,4 wk ahead,percent,0.006,Bin,9.9,10.0
South Carolina,4 wk ahead,percent,0.004,Bin,10.0,10.1
South Carolina,4 wk ahead,percent,0.004,Bin,10.1,10.2
South Carolina,4 wk ahead,percent,0,Bin,10.2,10.3
South Carolina,4 wk ahead,percent,0.004,Bin,10.3,10.4
South Carolina,4 wk ahead,percent,0,Bin,10.4,10.5
South Carolina,4 wk ahead,percent,0.002,Bin,10.5,10.6
South Carolina,4 wk ahead,percent,0.006,Bin,10.6,10.7
South Carolina,4 wk ahead,percent,0.002,Bin,10.7,10.8
South Carolina,4 wk ahead,percent,0.008,Bin,10.8,10.9
South Carolina,4 wk ahead,percent,0.004,Bin,10.9,11.0
South Carolina,4 wk ahead,percent,0.008,Bin,11.0,11.1
South Carolina,4 wk ahead,percent,0.002,Bin,11.1,11.2
South Carolina,4 wk ahead,percent,0.002,Bin,11.2,11.3
South Carolina,4 wk ahead,percent,0,Bin,11.3,11.4
South Carolina,4 wk ahead,percent,0,Bin,11.4,11.5
South Carolina,4 wk ahead,percent,0.002,Bin,11.5,11.6
South Carolina,4 wk ahead,percent,0.004,Bin,11.6,11.7
South Carolina,4 wk ahead,percent,0,Bin,11.7,11.8
South Carolina,4 wk ahead,percent,0,Bin,11.8,11.9
South Carolina,4 wk ahead,percent,0.002,Bin,11.9,12.0
South Carolina,4 wk ahead,percent,0.002,Bin,12.0,12.1
South Carolina,4 wk ahead,percent,0,Bin,12.1,12.2
South Carolina,4 wk ahead,percent,0.002,Bin,12.2,12.3
South Carolina,4 wk ahead,percent,0.008,Bin,12.3,12.4
South Carolina,4 wk ahead,percent,0.004,Bin,12.4,12.5
South Carolina,4 wk ahead,percent,0.002,Bin,12.5,12.6
South Carolina,4 wk ahead,percent,0.004,Bin,12.6,12.7
South Carolina,4 wk ahead,percent,0,Bin,12.7,12.8
South Carolina,4 wk ahead,percent,0.004,Bin,12.8,12.9
South Carolina,4 wk ahead,percent,0.002,Bin,12.9,13.0
South Carolina,4 wk ahead,percent,0.126,Bin,13.0,100.0
South Carolina,Season peak percentage,percent,0,Bin,0.0,0.1
South Carolina,Season peak percentage,percent,0,Bin,0.1,0.2
South Carolina,Season peak percentage,percent,0,Bin,0.2,0.3
South Carolina,Season peak percentage,percent,0,Bin,0.3,0.4
South Carolina,Season peak percentage,percent,0,Bin,0.4,0.5
South Carolina,Season peak percentage,percent,0,Bin,0.5,0.6
South Carolina,Season peak percentage,percent,0,Bin,0.6,0.7
South Carolina,Season peak percentage,percent,0,Bin,0.7,0.8
South Carolina,Season peak percentage,percent,0,Bin,0.8,0.9
South Carolina,Season peak percentage,percent,0,Bin,0.9,1.0
South Carolina,Season peak percentage,percent,0,Bin,1.0,1.1
South Carolina,Season peak percentage,percent,0,Bin,1.1,1.2
South Carolina,Season peak percentage,percent,0,Bin,1.2,1.3
South Carolina,Season peak percentage,percent,0,Bin,1.3,1.4
South Carolina,Season peak percentage,percent,0,Bin,1.4,1.5
South Carolina,Season peak percentage,percent,0,Bin,1.5,1.6
South Carolina,Season peak percentage,percent,0,Bin,1.6,1.7
South Carolina,Season peak percentage,percent,0,Bin,1.7,1.8
South Carolina,Season peak percentage,percent,0,Bin,1.8,1.9
South Carolina,Season peak percentage,percent,0,Bin,1.9,2.0
South Carolina,Season peak percentage,percent,0,Bin,2.0,2.1
South Carolina,Season peak percentage,percent,0,Bin,2.1,2.2
South Carolina,Season peak percentage,percent,0,Bin,2.2,2.3
South Carolina,Season peak percentage,percent,0,Bin,2.3,2.4
South Carolina,Season peak percentage,percent,0,Bin,2.4,2.5
South Carolina,Season peak percentage,percent,0,Bin,2.5,2.6
South Carolina,Season peak percentage,percent,0,Bin,2.6,2.7
South Carolina,Season peak percentage,percent,0,Bin,2.7,2.8
South Carolina,Season peak percentage,percent,0,Bin,2.8,2.9
South Carolina,Season peak percentage,percent,0,Bin,2.9,3.0
South Carolina,Season peak percentage,percent,0,Bin,3.0,3.1
South Carolina,Season peak percentage,percent,0,Bin,3.1,3.2
South Carolina,Season peak percentage,percent,0,Bin,3.2,3.3
South Carolina,Season peak percentage,percent,0,Bin,3.3,3.4
South Carolina,Season peak percentage,percent,0,Bin,3.4,3.5
South Carolina,Season peak percentage,percent,0,Bin,3.5,3.6
South Carolina,Season peak percentage,percent,0,Bin,3.6,3.7
South Carolina,Season peak percentage,percent,0,Bin,3.7,3.8
South Carolina,Season peak percentage,percent,0,Bin,3.8,3.9
South Carolina,Season peak percentage,percent,0.046,Bin,3.9,4.0
South Carolina,Season peak percentage,percent,0,Bin,4.0,4.1
South Carolina,Season peak percentage,percent,0,Bin,4.1,4.2
South Carolina,Season peak percentage,percent,0.006,Bin,4.2,4.3
South Carolina,Season peak percentage,percent,0.006,Bin,4.3,4.4
South Carolina,Season peak percentage,percent,0.004,Bin,4.4,4.5
South Carolina,Season peak percentage,percent,0,Bin,4.5,4.6
South Carolina,Season peak percentage,percent,0.006,Bin,4.6,4.7
South Carolina,Season peak percentage,percent,0.004,Bin,4.7,4.8
South Carolina,Season peak percentage,percent,0.004,Bin,4.8,4.9
South Carolina,Season peak percentage,percent,0.002,Bin,4.9,5.0
South Carolina,Season peak percentage,percent,0.012,Bin,5.0,5.1
South Carolina,Season peak percentage,percent,0,Bin,5.1,5.2
South Carolina,Season peak percentage,percent,0.008,Bin,5.2,5.3
South Carolina,Season peak percentage,percent,0.004,Bin,5.3,5.4
South Carolina,Season peak percentage,percent,0.006,Bin,5.4,5.5
South Carolina,Season peak percentage,percent,0.002,Bin,5.5,5.6
South Carolina,Season peak percentage,percent,0.008,Bin,5.6,5.7
South Carolina,Season peak percentage,percent,0.006,Bin,5.7,5.8
South Carolina,Season peak percentage,percent,0.01,Bin,5.8,5.9
South Carolina,Season peak percentage,percent,0.012,Bin,5.9,6.0
South Carolina,Season peak percentage,percent,0.01,Bin,6.0,6.1
South Carolina,Season peak percentage,percent,0.006,Bin,6.1,6.2
South Carolina,Season peak percentage,percent,0.006,Bin,6.2,6.3
South Carolina,Season peak percentage,percent,0.004,Bin,6.3,6.4
South Carolina,Season peak percentage,percent,0.004,Bin,6.4,6.5
South Carolina,Season peak percentage,percent,0.004,Bin,6.5,6.6
South Carolina,Season peak percentage,percent,0,Bin,6.6,6.7
South Carolina,Season peak percentage,percent,0.006,Bin,6.7,6.8
South Carolina,Season peak percentage,percent,0.002,Bin,6.8,6.9
South Carolina,Season peak percentage,percent,0,Bin,6.9,7.0
South Carolina,Season peak percentage,percent,0.014,Bin,7.0,7.1
South Carolina,Season peak percentage,percent,0.016,Bin,7.1,7.2
South Carolina,Season peak percentage,percent,0.002,Bin,7.2,7.3
South Carolina,Season peak percentage,percent,0.004,Bin,7.3,7.4
South Carolina,Season peak percentage,percent,0.014,Bin,7.4,7.5
South Carolina,Season peak percentage,percent,0.002,Bin,7.5,7.6
South Carolina,Season peak percentage,percent,0.006,Bin,7.6,7.7
South Carolina,Season peak percentage,percent,0.01,Bin,7.7,7.8
South Carolina,Season peak percentage,percent,0,Bin,7.8,7.9
South Carolina,Season peak percentage,percent,0.002,Bin,7.9,8.0
South Carolina,Season peak percentage,percent,0.006,Bin,8.0,8.1
South Carolina,Season peak percentage,percent,0.004,Bin,8.1,8.2
South Carolina,Season peak percentage,percent,0.002,Bin,8.2,8.3
South Carolina,Season peak percentage,percent,0.008,Bin,8.3,8.4
South Carolina,Season peak percentage,percent,0.008,Bin,8.4,8.5
South Carolina,Season peak percentage,percent,0.008,Bin,8.5,8.6
South Carolina,Season peak percentage,percent,0.006,Bin,8.6,8.7
South Carolina,Season peak percentage,percent,0.006,Bin,8.7,8.8
South Carolina,Season peak percentage,percent,0.002,Bin,8.8,8.9
South Carolina,Season peak percentage,percent,0.008,Bin,8.9,9.0
South Carolina,Season peak percentage,percent,0.006,Bin,9.0,9.1
South Carolina,Season peak percentage,percent,0.014,Bin,9.1,9.2
South Carolina,Season peak percentage,percent,0.004,Bin,9.2,9.3
South Carolina,Season peak percentage,percent,0.004,Bin,9.3,9.4
South Carolina,Season peak percentage,percent,0.008,Bin,9.4,9.5
South Carolina,Season peak percentage,percent,0,Bin,9.5,9.6
South Carolina,Season peak percentage,percent,0.002,Bin,9.6,9.7
South Carolina,Season peak percentage,percent,0.004,Bin,9.7,9.8
South Carolina,Season peak percentage,percent,0.01,Bin,9.8,9.9
South Carolina,Season peak percentage,percent,0.002,Bin,9.9,10.0
South Carolina,Season peak percentage,percent,0.004,Bin,10.0,10.1
South Carolina,Season peak percentage,percent,0.002,Bin,10.1,10.2
South Carolina,Season peak percentage,percent,0.012,Bin,10.2,10.3
South Carolina,Season peak percentage,percent,0.004,Bin,10.3,10.4
South Carolina,Season peak percentage,percent,0.006,Bin,10.4,10.5
South Carolina,Season peak percentage,percent,0.004,Bin,10.5,10.6
South Carolina,Season peak percentage,percent,0.002,Bin,10.6,10.7
South Carolina,Season peak percentage,percent,0.004,Bin,10.7,10.8
South Carolina,Season peak percentage,percent,0.004,Bin,10.8,10.9
South Carolina,Season peak percentage,percent,0,Bin,10.9,11.0
South Carolina,Season peak percentage,percent,0.008,Bin,11.0,11.1
South Carolina,Season peak percentage,percent,0,Bin,11.1,11.2
South Carolina,Season peak percentage,percent,0.006,Bin,11.2,11.3
South Carolina,Season peak percentage,percent,0.004,Bin,11.3,11.4
South Carolina,Season peak percentage,percent,0.002,Bin,11.4,11.5
South Carolina,Season peak percentage,percent,0.004,Bin,11.5,11.6
South Carolina,Season peak percentage,percent,0.004,Bin,11.6,11.7
South Carolina,Season peak percentage,percent,0.002,Bin,11.7,11.8
South Carolina,Season peak percentage,percent,0.004,Bin,11.8,11.9
South Carolina,Season peak percentage,percent,0.006,Bin,11.9,12.0
South Carolina,Season peak percentage,percent,0.002,Bin,12.0,12.1
South Carolina,Season peak percentage,percent,0.002,Bin,12.1,12.2
South Carolina,Season peak percentage,percent,0,Bin,12.2,12.3
South Carolina,Season peak percentage,percent,0.01,Bin,12.3,12.4
South Carolina,Season peak percentage,percent,0.004,Bin,12.4,12.5
South Carolina,Season peak percentage,percent,0.014,Bin,12.5,12.6
South Carolina,Season peak percentage,percent,0.002,Bin,12.6,12.7
South Carolina,Season peak percentage,percent,0.004,Bin,12.7,12.8
South Carolina,Season peak percentage,percent,0.004,Bin,12.8,12.9
South Carolina,Season peak percentage,percent,0.006,Bin,12.9,13.0
South Carolina,Season peak percentage,percent,0.5,Bin,13.0,100.0
South Carolina,Season peak week,week,0,Bin,40.0,41.0
South Carolina,Season peak week,week,0,Bin,41.0,42.0
South Carolina,Season peak week,week,0,Bin,42.0,43.0
South Carolina,Season peak week,week,0,Bin,43.0,44.0
South Carolina,Season peak week,week,0,Bin,44.0,45.0
South Carolina,Season peak week,week,0,Bin,45.0,46.0
South Carolina,Season peak week,week,0,Bin,46.0,47.0
South Carolina,Season peak week,week,0.0462776659959759,Bin,47.0,48.0
South Carolina,Season peak week,week,0,Bin,48.0,49.0
South Carolina,Season peak week,week,0,Bin,49.0,50.0
South Carolina,Season peak week,week,0.062374245472837,Bin,50.0,51.0
South Carolina,Season peak week,week,0.0603621730382294,Bin,51.0,52.0
South Carolina,Season peak week,week,0.0643863179074447,Bin,52.0,53.0
South Carolina,Season peak week,week,0.0885311871227364,Bin,1.0,2.0
South Carolina,Season peak week,week,0.0784708249496982,Bin,2.0,3.0
South Carolina,Season peak week,week,0.0543259557344064,Bin,3.0,4.0
South Carolina,Season peak week,week,0.0704225352112676,Bin,4.0,5.0
South Carolina,Season peak week,week,0.0462776659959759,Bin,5.0,6.0
South Carolina,Season peak week,week,0.06841046277666,Bin,6.0,7.0
South Carolina,Season peak week,week,0.0523138832997988,Bin,7.0,8.0
South Carolina,Season peak week,week,0.0482897384305835,Bin,8.0,9.0
South Carolina,Season peak week,week,0.0482897384305835,Bin,9.0,10.0
South Carolina,Season peak week,week,0.0462776659959759,Bin,10.0,11.0
South Carolina,Season peak week,week,0.0382293762575453,Bin,11.0,12.0
South Carolina,Season peak week,week,0.0221327967806841,Bin,12.0,13.0
South Carolina,Season peak week,week,0.0241448692152918,Bin,13.0,14.0
South Carolina,Season peak week,week,0.0160965794768612,Bin,14.0,15.0
South Carolina,Season peak week,week,0.0181086519114688,Bin,15.0,16.0
South Carolina,Season peak week,week,0.0120724346076459,Bin,16.0,17.0
South Carolina,Season peak week,week,0.0100603621730382,Bin,17.0,18.0
South Carolina,Season peak week,week,0.0160965794768612,Bin,18.0,19.0
South Carolina,Season peak week,week,0.00402414486921529,Bin,19.0,20.0
South Carolina,Season peak week,week,0.00402414486921529,Bin,20.0,21.0
South Dakota,1 wk ahead,percent,0,Bin,0.0,0.1
South Dakota,1 wk ahead,percent,0,Bin,0.1,0.2
South Dakota,1 wk ahead,percent,0,Bin,0.2,0.3
South Dakota,1 wk ahead,percent,0,Bin,0.3,0.4
South Dakota,1 wk ahead,percent,0.002,Bin,0.4,0.5
South Dakota,1 wk ahead,percent,0,Bin,0.5,0.6
South Dakota,1 wk ahead,percent,0.006,Bin,0.6,0.7
South Dakota,1 wk ahead,percent,0.002,Bin,0.7,0.8
South Dakota,1 wk ahead,percent,0.002,Bin,0.8,0.9
South Dakota,1 wk ahead,percent,0.002,Bin,0.9,1.0
South Dakota,1 wk ahead,percent,0.004,Bin,1.0,1.1
South Dakota,1 wk ahead,percent,0.004,Bin,1.1,1.2
South Dakota,1 wk ahead,percent,0.01,Bin,1.2,1.3
South Dakota,1 wk ahead,percent,0.002,Bin,1.3,1.4
South Dakota,1 wk ahead,percent,0.022,Bin,1.4,1.5
South Dakota,1 wk ahead,percent,0.012,Bin,1.5,1.6
South Dakota,1 wk ahead,percent,0.018,Bin,1.6,1.7
South Dakota,1 wk ahead,percent,0.042,Bin,1.7,1.8
South Dakota,1 wk ahead,percent,0.028,Bin,1.8,1.9
South Dakota,1 wk ahead,percent,0.054,Bin,1.9,2.0
South Dakota,1 wk ahead,percent,0.058,Bin,2.0,2.1
South Dakota,1 wk ahead,percent,0.036,Bin,2.1,2.2
South Dakota,1 wk ahead,percent,0.07,Bin,2.2,2.3
South Dakota,1 wk ahead,percent,0.07,Bin,2.3,2.4
South Dakota,1 wk ahead,percent,0.08,Bin,2.4,2.5
South Dakota,1 wk ahead,percent,0.064,Bin,2.5,2.6
South Dakota,1 wk ahead,percent,0.068,Bin,2.6,2.7
South Dakota,1 wk ahead,percent,0.048,Bin,2.7,2.8
South Dakota,1 wk ahead,percent,0.076,Bin,2.8,2.9
South Dakota,1 wk ahead,percent,0.03,Bin,2.9,3.0
South Dakota,1 wk ahead,percent,0.026,Bin,3.0,3.1
South Dakota,1 wk ahead,percent,0.02,Bin,3.1,3.2
South Dakota,1 wk ahead,percent,0.032,Bin,3.2,3.3
South Dakota,1 wk ahead,percent,0.024,Bin,3.3,3.4
South Dakota,1 wk ahead,percent,0.014,Bin,3.4,3.5
South Dakota,1 wk ahead,percent,0.012,Bin,3.5,3.6
South Dakota,1 wk ahead,percent,0.006,Bin,3.6,3.7
South Dakota,1 wk ahead,percent,0.008,Bin,3.7,3.8
South Dakota,1 wk ahead,percent,0.018,Bin,3.8,3.9
South Dakota,1 wk ahead,percent,0.004,Bin,3.9,4.0
South Dakota,1 wk ahead,percent,0,Bin,4.0,4.1
South Dakota,1 wk ahead,percent,0,Bin,4.1,4.2
South Dakota,1 wk ahead,percent,0.01,Bin,4.2,4.3
South Dakota,1 wk ahead,percent,0.002,Bin,4.3,4.4
South Dakota,1 wk ahead,percent,0,Bin,4.4,4.5
South Dakota,1 wk ahead,percent,0,Bin,4.5,4.6
South Dakota,1 wk ahead,percent,0,Bin,4.6,4.7
South Dakota,1 wk ahead,percent,0,Bin,4.7,4.8
South Dakota,1 wk ahead,percent,0,Bin,4.8,4.9
South Dakota,1 wk ahead,percent,0.004,Bin,4.9,5.0
South Dakota,1 wk ahead,percent,0.002,Bin,5.0,5.1
South Dakota,1 wk ahead,percent,0,Bin,5.1,5.2
South Dakota,1 wk ahead,percent,0,Bin,5.2,5.3
South Dakota,1 wk ahead,percent,0,Bin,5.3,5.4
South Dakota,1 wk ahead,percent,0,Bin,5.4,5.5
South Dakota,1 wk ahead,percent,0,Bin,5.5,5.6
South Dakota,1 wk ahead,percent,0,Bin,5.6,5.7
South Dakota,1 wk ahead,percent,0.006,Bin,5.7,5.8
South Dakota,1 wk ahead,percent,0,Bin,5.8,5.9
South Dakota,1 wk ahead,percent,0.002,Bin,5.9,6.0
South Dakota,1 wk ahead,percent,0,Bin,6.0,6.1
South Dakota,1 wk ahead,percent,0,Bin,6.1,6.2
South Dakota,1 wk ahead,percent,0,Bin,6.2,6.3
South Dakota,1 wk ahead,percent,0,Bin,6.3,6.4
South Dakota,1 wk ahead,percent,0,Bin,6.4,6.5
South Dakota,1 wk ahead,percent,0,Bin,6.5,6.6
South Dakota,1 wk ahead,percent,0,Bin,6.6,6.7
South Dakota,1 wk ahead,percent,0,Bin,6.7,6.8
South Dakota,1 wk ahead,percent,0,Bin,6.8,6.9
South Dakota,1 wk ahead,percent,0,Bin,6.9,7.0
South Dakota,1 wk ahead,percent,0,Bin,7.0,7.1
South Dakota,1 wk ahead,percent,0,Bin,7.1,7.2
South Dakota,1 wk ahead,percent,0,Bin,7.2,7.3
South Dakota,1 wk ahead,percent,0,Bin,7.3,7.4
South Dakota,1 wk ahead,percent,0,Bin,7.4,7.5
South Dakota,1 wk ahead,percent,0,Bin,7.5,7.6
South Dakota,1 wk ahead,percent,0,Bin,7.6,7.7
South Dakota,1 wk ahead,percent,0,Bin,7.7,7.8
South Dakota,1 wk ahead,percent,0,Bin,7.8,7.9
South Dakota,1 wk ahead,percent,0,Bin,7.9,8.0
South Dakota,1 wk ahead,percent,0,Bin,8.0,8.1
South Dakota,1 wk ahead,percent,0,Bin,8.1,8.2
South Dakota,1 wk ahead,percent,0,Bin,8.2,8.3
South Dakota,1 wk ahead,percent,0,Bin,8.3,8.4
South Dakota,1 wk ahead,percent,0,Bin,8.4,8.5
South Dakota,1 wk ahead,percent,0,Bin,8.5,8.6
South Dakota,1 wk ahead,percent,0,Bin,8.6,8.7
South Dakota,1 wk ahead,percent,0,Bin,8.7,8.8
South Dakota,1 wk ahead,percent,0,Bin,8.8,8.9
South Dakota,1 wk ahead,percent,0,Bin,8.9,9.0
South Dakota,1 wk ahead,percent,0,Bin,9.0,9.1
South Dakota,1 wk ahead,percent,0,Bin,9.1,9.2
South Dakota,1 wk ahead,percent,0,Bin,9.2,9.3
South Dakota,1 wk ahead,percent,0,Bin,9.3,9.4
South Dakota,1 wk ahead,percent,0,Bin,9.4,9.5
South Dakota,1 wk ahead,percent,0,Bin,9.5,9.6
South Dakota,1 wk ahead,percent,0,Bin,9.6,9.7
South Dakota,1 wk ahead,percent,0,Bin,9.7,9.8
South Dakota,1 wk ahead,percent,0,Bin,9.8,9.9
South Dakota,1 wk ahead,percent,0,Bin,9.9,10.0
South Dakota,1 wk ahead,percent,0,Bin,10.0,10.1
South Dakota,1 wk ahead,percent,0,Bin,10.1,10.2
South Dakota,1 wk ahead,percent,0,Bin,10.2,10.3
South Dakota,1 wk ahead,percent,0,Bin,10.3,10.4
South Dakota,1 wk ahead,percent,0,Bin,10.4,10.5
South Dakota,1 wk ahead,percent,0,Bin,10.5,10.6
South Dakota,1 wk ahead,percent,0,Bin,10.6,10.7
South Dakota,1 wk ahead,percent,0,Bin,10.7,10.8
South Dakota,1 wk ahead,percent,0,Bin,10.8,10.9
South Dakota,1 wk ahead,percent,0,Bin,10.9,11.0
South Dakota,1 wk ahead,percent,0,Bin,11.0,11.1
South Dakota,1 wk ahead,percent,0,Bin,11.1,11.2
South Dakota,1 wk ahead,percent,0,Bin,11.2,11.3
South Dakota,1 wk ahead,percent,0,Bin,11.3,11.4
South Dakota,1 wk ahead,percent,0,Bin,11.4,11.5
South Dakota,1 wk ahead,percent,0,Bin,11.5,11.6
South Dakota,1 wk ahead,percent,0,Bin,11.6,11.7
South Dakota,1 wk ahead,percent,0,Bin,11.7,11.8
South Dakota,1 wk ahead,percent,0,Bin,11.8,11.9
South Dakota,1 wk ahead,percent,0,Bin,11.9,12.0
South Dakota,1 wk ahead,percent,0,Bin,12.0,12.1
South Dakota,1 wk ahead,percent,0,Bin,12.1,12.2
South Dakota,1 wk ahead,percent,0,Bin,12.2,12.3
South Dakota,1 wk ahead,percent,0,Bin,12.3,12.4
South Dakota,1 wk ahead,percent,0,Bin,12.4,12.5
South Dakota,1 wk ahead,percent,0,Bin,12.5,12.6
South Dakota,1 wk ahead,percent,0,Bin,12.6,12.7
South Dakota,1 wk ahead,percent,0,Bin,12.7,12.8
South Dakota,1 wk ahead,percent,0,Bin,12.8,12.9
South Dakota,1 wk ahead,percent,0,Bin,12.9,13.0
South Dakota,1 wk ahead,percent,0,Bin,13.0,100.0
South Dakota,2 wk ahead,percent,0,Bin,0.0,0.1
South Dakota,2 wk ahead,percent,0,Bin,0.1,0.2
South Dakota,2 wk ahead,percent,0,Bin,0.2,0.3
South Dakota,2 wk ahead,percent,0.004,Bin,0.3,0.4
South Dakota,2 wk ahead,percent,0,Bin,0.4,0.5
South Dakota,2 wk ahead,percent,0,Bin,0.5,0.6
South Dakota,2 wk ahead,percent,0.002,Bin,0.6,0.7
South Dakota,2 wk ahead,percent,0.004,Bin,0.7,0.8
South Dakota,2 wk ahead,percent,0.004,Bin,0.8,0.9
South Dakota,2 wk ahead,percent,0.004,Bin,0.9,1.0
South Dakota,2 wk ahead,percent,0.002,Bin,1.0,1.1
South Dakota,2 wk ahead,percent,0.012,Bin,1.1,1.2
South Dakota,2 wk ahead,percent,0.01,Bin,1.2,1.3
South Dakota,2 wk ahead,percent,0.024,Bin,1.3,1.4
South Dakota,2 wk ahead,percent,0.014,Bin,1.4,1.5
South Dakota,2 wk ahead,percent,0.014,Bin,1.5,1.6
South Dakota,2 wk ahead,percent,0.02,Bin,1.6,1.7
South Dakota,2 wk ahead,percent,0.028,Bin,1.7,1.8
South Dakota,2 wk ahead,percent,0.034,Bin,1.8,1.9
South Dakota,2 wk ahead,percent,0.032,Bin,1.9,2.0
South Dakota,2 wk ahead,percent,0.064,Bin,2.0,2.1
South Dakota,2 wk ahead,percent,0.056,Bin,2.1,2.2
South Dakota,2 wk ahead,percent,0.068,Bin,2.2,2.3
South Dakota,2 wk ahead,percent,0.064,Bin,2.3,2.4
South Dakota,2 wk ahead,percent,0.062,Bin,2.4,2.5
South Dakota,2 wk ahead,percent,0.056,Bin,2.5,2.6
South Dakota,2 wk ahead,percent,0.03,Bin,2.6,2.7
South Dakota,2 wk ahead,percent,0.06,Bin,2.7,2.8
South Dakota,2 wk ahead,percent,0.034,Bin,2.8,2.9
South Dakota,2 wk ahead,percent,0.044,Bin,2.9,3.0
South Dakota,2 wk ahead,percent,0.032,Bin,3.0,3.1
South Dakota,2 wk ahead,percent,0.032,Bin,3.1,3.2
South Dakota,2 wk ahead,percent,0.032,Bin,3.2,3.3
South Dakota,2 wk ahead,percent,0.022,Bin,3.3,3.4
South Dakota,2 wk ahead,percent,0.014,Bin,3.4,3.5
South Dakota,2 wk ahead,percent,0.024,Bin,3.5,3.6
South Dakota,2 wk ahead,percent,0.008,Bin,3.6,3.7
South Dakota,2 wk ahead,percent,0.008,Bin,3.7,3.8
South Dakota,2 wk ahead,percent,0.014,Bin,3.8,3.9
South Dakota,2 wk ahead,percent,0.01,Bin,3.9,4.0
South Dakota,2 wk ahead,percent,0.014,Bin,4.0,4.1
South Dakota,2 wk ahead,percent,0.01,Bin,4.1,4.2
South Dakota,2 wk ahead,percent,0.006,Bin,4.2,4.3
South Dakota,2 wk ahead,percent,0.006,Bin,4.3,4.4
South Dakota,2 wk ahead,percent,0.002,Bin,4.4,4.5
South Dakota,2 wk ahead,percent,0,Bin,4.5,4.6
South Dakota,2 wk ahead,percent,0.002,Bin,4.6,4.7
South Dakota,2 wk ahead,percent,0.004,Bin,4.7,4.8
South Dakota,2 wk ahead,percent,0.002,Bin,4.8,4.9
South Dakota,2 wk ahead,percent,0,Bin,4.9,5.0
South Dakota,2 wk ahead,percent,0,Bin,5.0,5.1
South Dakota,2 wk ahead,percent,0,Bin,5.1,5.2
South Dakota,2 wk ahead,percent,0,Bin,5.2,5.3
South Dakota,2 wk ahead,percent,0,Bin,5.3,5.4
South Dakota,2 wk ahead,percent,0,Bin,5.4,5.5
South Dakota,2 wk ahead,percent,0.006,Bin,5.5,5.6
South Dakota,2 wk ahead,percent,0,Bin,5.6,5.7
South Dakota,2 wk ahead,percent,0,Bin,5.7,5.8
South Dakota,2 wk ahead,percent,0,Bin,5.8,5.9
South Dakota,2 wk ahead,percent,0,Bin,5.9,6.0
South Dakota,2 wk ahead,percent,0,Bin,6.0,6.1
South Dakota,2 wk ahead,percent,0.002,Bin,6.1,6.2
South Dakota,2 wk ahead,percent,0,Bin,6.2,6.3
South Dakota,2 wk ahead,percent,0,Bin,6.3,6.4
South Dakota,2 wk ahead,percent,0,Bin,6.4,6.5
South Dakota,2 wk ahead,percent,0,Bin,6.5,6.6
South Dakota,2 wk ahead,percent,0.002,Bin,6.6,6.7
South Dakota,2 wk ahead,percent,0,Bin,6.7,6.8
South Dakota,2 wk ahead,percent,0.002,Bin,6.8,6.9
South Dakota,2 wk ahead,percent,0,Bin,6.9,7.0
South Dakota,2 wk ahead,percent,0,Bin,7.0,7.1
South Dakota,2 wk ahead,percent,0,Bin,7.1,7.2
South Dakota,2 wk ahead,percent,0,Bin,7.2,7.3
South Dakota,2 wk ahead,percent,0,Bin,7.3,7.4
South Dakota,2 wk ahead,percent,0,Bin,7.4,7.5
South Dakota,2 wk ahead,percent,0,Bin,7.5,7.6
South Dakota,2 wk ahead,percent,0,Bin,7.6,7.7
South Dakota,2 wk ahead,percent,0,Bin,7.7,7.8
South Dakota,2 wk ahead,percent,0,Bin,7.8,7.9
South Dakota,2 wk ahead,percent,0,Bin,7.9,8.0
South Dakota,2 wk ahead,percent,0,Bin,8.0,8.1
South Dakota,2 wk ahead,percent,0,Bin,8.1,8.2
South Dakota,2 wk ahead,percent,0,Bin,8.2,8.3
South Dakota,2 wk ahead,percent,0,Bin,8.3,8.4
South Dakota,2 wk ahead,percent,0,Bin,8.4,8.5
South Dakota,2 wk ahead,percent,0,Bin,8.5,8.6
South Dakota,2 wk ahead,percent,0,Bin,8.6,8.7
South Dakota,2 wk ahead,percent,0,Bin,8.7,8.8
South Dakota,2 wk ahead,percent,0,Bin,8.8,8.9
South Dakota,2 wk ahead,percent,0,Bin,8.9,9.0
South Dakota,2 wk ahead,percent,0,Bin,9.0,9.1
South Dakota,2 wk ahead,percent,0,Bin,9.1,9.2
South Dakota,2 wk ahead,percent,0,Bin,9.2,9.3
South Dakota,2 wk ahead,percent,0,Bin,9.3,9.4
South Dakota,2 wk ahead,percent,0,Bin,9.4,9.5
South Dakota,2 wk ahead,percent,0,Bin,9.5,9.6
South Dakota,2 wk ahead,percent,0,Bin,9.6,9.7
South Dakota,2 wk ahead,percent,0,Bin,9.7,9.8
South Dakota,2 wk ahead,percent,0,Bin,9.8,9.9
South Dakota,2 wk ahead,percent,0,Bin,9.9,10.0
South Dakota,2 wk ahead,percent,0,Bin,10.0,10.1
South Dakota,2 wk ahead,percent,0,Bin,10.1,10.2
South Dakota,2 wk ahead,percent,0,Bin,10.2,10.3
South Dakota,2 wk ahead,percent,0,Bin,10.3,10.4
South Dakota,2 wk ahead,percent,0,Bin,10.4,10.5
South Dakota,2 wk ahead,percent,0,Bin,10.5,10.6
South Dakota,2 wk ahead,percent,0,Bin,10.6,10.7
South Dakota,2 wk ahead,percent,0,Bin,10.7,10.8
South Dakota,2 wk ahead,percent,0,Bin,10.8,10.9
South Dakota,2 wk ahead,percent,0,Bin,10.9,11.0
South Dakota,2 wk ahead,percent,0,Bin,11.0,11.1
South Dakota,2 wk ahead,percent,0,Bin,11.1,11.2
South Dakota,2 wk ahead,percent,0,Bin,11.2,11.3
South Dakota,2 wk ahead,percent,0,Bin,11.3,11.4
South Dakota,2 wk ahead,percent,0,Bin,11.4,11.5
South Dakota,2 wk ahead,percent,0,Bin,11.5,11.6
South Dakota,2 wk ahead,percent,0,Bin,11.6,11.7
South Dakota,2 wk ahead,percent,0,Bin,11.7,11.8
South Dakota,2 wk ahead,percent,0,Bin,11.8,11.9
South Dakota,2 wk ahead,percent,0,Bin,11.9,12.0
South Dakota,2 wk ahead,percent,0,Bin,12.0,12.1
South Dakota,2 wk ahead,percent,0,Bin,12.1,12.2
South Dakota,2 wk ahead,percent,0,Bin,12.2,12.3
South Dakota,2 wk ahead,percent,0,Bin,12.3,12.4
South Dakota,2 wk ahead,percent,0,Bin,12.4,12.5
South Dakota,2 wk ahead,percent,0,Bin,12.5,12.6
South Dakota,2 wk ahead,percent,0,Bin,12.6,12.7
South Dakota,2 wk ahead,percent,0,Bin,12.7,12.8
South Dakota,2 wk ahead,percent,0,Bin,12.8,12.9
South Dakota,2 wk ahead,percent,0,Bin,12.9,13.0
South Dakota,2 wk ahead,percent,0,Bin,13.0,100.0
South Dakota,3 wk ahead,percent,0,Bin,0.0,0.1
South Dakota,3 wk ahead,percent,0,Bin,0.1,0.2
South Dakota,3 wk ahead,percent,0,Bin,0.2,0.3
South Dakota,3 wk ahead,percent,0,Bin,0.3,0.4
South Dakota,3 wk ahead,percent,0.002,Bin,0.4,0.5
South Dakota,3 wk ahead,percent,0.002,Bin,0.5,0.6
South Dakota,3 wk ahead,percent,0,Bin,0.6,0.7
South Dakota,3 wk ahead,percent,0,Bin,0.7,0.8
South Dakota,3 wk ahead,percent,0,Bin,0.8,0.9
South Dakota,3 wk ahead,percent,0.002,Bin,0.9,1.0
South Dakota,3 wk ahead,percent,0.002,Bin,1.0,1.1
South Dakota,3 wk ahead,percent,0.006,Bin,1.1,1.2
South Dakota,3 wk ahead,percent,0.01,Bin,1.2,1.3
South Dakota,3 wk ahead,percent,0.012,Bin,1.3,1.4
South Dakota,3 wk ahead,percent,0.012,Bin,1.4,1.5
South Dakota,3 wk ahead,percent,0.016,Bin,1.5,1.6
South Dakota,3 wk ahead,percent,0.022,Bin,1.6,1.7
South Dakota,3 wk ahead,percent,0.016,Bin,1.7,1.8
South Dakota,3 wk ahead,percent,0.048,Bin,1.8,1.9
South Dakota,3 wk ahead,percent,0.024,Bin,1.9,2.0
South Dakota,3 wk ahead,percent,0.048,Bin,2.0,2.1
South Dakota,3 wk ahead,percent,0.04,Bin,2.1,2.2
South Dakota,3 wk ahead,percent,0.034,Bin,2.2,2.3
South Dakota,3 wk ahead,percent,0.044,Bin,2.3,2.4
South Dakota,3 wk ahead,percent,0.052,Bin,2.4,2.5
South Dakota,3 wk ahead,percent,0.066,Bin,2.5,2.6
South Dakota,3 wk ahead,percent,0.074,Bin,2.6,2.7
South Dakota,3 wk ahead,percent,0.052,Bin,2.7,2.8
South Dakota,3 wk ahead,percent,0.05,Bin,2.8,2.9
South Dakota,3 wk ahead,percent,0.034,Bin,2.9,3.0
South Dakota,3 wk ahead,percent,0.028,Bin,3.0,3.1
South Dakota,3 wk ahead,percent,0.04,Bin,3.1,3.2
South Dakota,3 wk ahead,percent,0.038,Bin,3.2,3.3
South Dakota,3 wk ahead,percent,0.018,Bin,3.3,3.4
South Dakota,3 wk ahead,percent,0.03,Bin,3.4,3.5
South Dakota,3 wk ahead,percent,0.024,Bin,3.5,3.6
South Dakota,3 wk ahead,percent,0.018,Bin,3.6,3.7
South Dakota,3 wk ahead,percent,0.024,Bin,3.7,3.8
South Dakota,3 wk ahead,percent,0.018,Bin,3.8,3.9
South Dakota,3 wk ahead,percent,0.008,Bin,3.9,4.0
South Dakota,3 wk ahead,percent,0.006,Bin,4.0,4.1
South Dakota,3 wk ahead,percent,0.012,Bin,4.1,4.2
South Dakota,3 wk ahead,percent,0.008,Bin,4.2,4.3
South Dakota,3 wk ahead,percent,0.008,Bin,4.3,4.4
South Dakota,3 wk ahead,percent,0.008,Bin,4.4,4.5
South Dakota,3 wk ahead,percent,0.004,Bin,4.5,4.6
South Dakota,3 wk ahead,percent,0.002,Bin,4.6,4.7
South Dakota,3 wk ahead,percent,0.002,Bin,4.7,4.8
South Dakota,3 wk ahead,percent,0.002,Bin,4.8,4.9
South Dakota,3 wk ahead,percent,0.002,Bin,4.9,5.0
South Dakota,3 wk ahead,percent,0.004,Bin,5.0,5.1
South Dakota,3 wk ahead,percent,0.004,Bin,5.1,5.2
South Dakota,3 wk ahead,percent,0.002,Bin,5.2,5.3
South Dakota,3 wk ahead,percent,0.008,Bin,5.3,5.4
South Dakota,3 wk ahead,percent,0,Bin,5.4,5.5
South Dakota,3 wk ahead,percent,0.004,Bin,5.5,5.6
South Dakota,3 wk ahead,percent,0,Bin,5.6,5.7
South Dakota,3 wk ahead,percent,0,Bin,5.7,5.8
South Dakota,3 wk ahead,percent,0,Bin,5.8,5.9
South Dakota,3 wk ahead,percent,0,Bin,5.9,6.0
South Dakota,3 wk ahead,percent,0.004,Bin,6.0,6.1
South Dakota,3 wk ahead,percent,0,Bin,6.1,6.2
South Dakota,3 wk ahead,percent,0.002,Bin,6.2,6.3
South Dakota,3 wk ahead,percent,0.002,Bin,6.3,6.4
South Dakota,3 wk ahead,percent,0.002,Bin,6.4,6.5
South Dakota,3 wk ahead,percent,0,Bin,6.5,6.6
South Dakota,3 wk ahead,percent,0,Bin,6.6,6.7
South Dakota,3 wk ahead,percent,0,Bin,6.7,6.8
South Dakota,3 wk ahead,percent,0,Bin,6.8,6.9
South Dakota,3 wk ahead,percent,0,Bin,6.9,7.0
South Dakota,3 wk ahead,percent,0,Bin,7.0,7.1
South Dakota,3 wk ahead,percent,0,Bin,7.1,7.2
South Dakota,3 wk ahead,percent,0,Bin,7.2,7.3
South Dakota,3 wk ahead,percent,0,Bin,7.3,7.4
South Dakota,3 wk ahead,percent,0,Bin,7.4,7.5
South Dakota,3 wk ahead,percent,0,Bin,7.5,7.6
South Dakota,3 wk ahead,percent,0,Bin,7.6,7.7
South Dakota,3 wk ahead,percent,0,Bin,7.7,7.8
South Dakota,3 wk ahead,percent,0,Bin,7.8,7.9
South Dakota,3 wk ahead,percent,0,Bin,7.9,8.0
South Dakota,3 wk ahead,percent,0,Bin,8.0,8.1
South Dakota,3 wk ahead,percent,0,Bin,8.1,8.2
South Dakota,3 wk ahead,percent,0,Bin,8.2,8.3
South Dakota,3 wk ahead,percent,0,Bin,8.3,8.4
South Dakota,3 wk ahead,percent,0,Bin,8.4,8.5
South Dakota,3 wk ahead,percent,0,Bin,8.5,8.6
South Dakota,3 wk ahead,percent,0,Bin,8.6,8.7
South Dakota,3 wk ahead,percent,0,Bin,8.7,8.8
South Dakota,3 wk ahead,percent,0,Bin,8.8,8.9
South Dakota,3 wk ahead,percent,0,Bin,8.9,9.0
South Dakota,3 wk ahead,percent,0,Bin,9.0,9.1
South Dakota,3 wk ahead,percent,0,Bin,9.1,9.2
South Dakota,3 wk ahead,percent,0,Bin,9.2,9.3
South Dakota,3 wk ahead,percent,0,Bin,9.3,9.4
South Dakota,3 wk ahead,percent,0,Bin,9.4,9.5
South Dakota,3 wk ahead,percent,0,Bin,9.5,9.6
South Dakota,3 wk ahead,percent,0,Bin,9.6,9.7
South Dakota,3 wk ahead,percent,0,Bin,9.7,9.8
South Dakota,3 wk ahead,percent,0,Bin,9.8,9.9
South Dakota,3 wk ahead,percent,0,Bin,9.9,10.0
South Dakota,3 wk ahead,percent,0,Bin,10.0,10.1
South Dakota,3 wk ahead,percent,0,Bin,10.1,10.2
South Dakota,3 wk ahead,percent,0,Bin,10.2,10.3
South Dakota,3 wk ahead,percent,0,Bin,10.3,10.4
South Dakota,3 wk ahead,percent,0,Bin,10.4,10.5
South Dakota,3 wk ahead,percent,0,Bin,10.5,10.6
South Dakota,3 wk ahead,percent,0,Bin,10.6,10.7
South Dakota,3 wk ahead,percent,0,Bin,10.7,10.8
South Dakota,3 wk ahead,percent,0,Bin,10.8,10.9
South Dakota,3 wk ahead,percent,0,Bin,10.9,11.0
South Dakota,3 wk ahead,percent,0,Bin,11.0,11.1
South Dakota,3 wk ahead,percent,0,Bin,11.1,11.2
South Dakota,3 wk ahead,percent,0,Bin,11.2,11.3
South Dakota,3 wk ahead,percent,0,Bin,11.3,11.4
South Dakota,3 wk ahead,percent,0,Bin,11.4,11.5
South Dakota,3 wk ahead,percent,0,Bin,11.5,11.6
South Dakota,3 wk ahead,percent,0,Bin,11.6,11.7
South Dakota,3 wk ahead,percent,0,Bin,11.7,11.8
South Dakota,3 wk ahead,percent,0,Bin,11.8,11.9
South Dakota,3 wk ahead,percent,0,Bin,11.9,12.0
South Dakota,3 wk ahead,percent,0,Bin,12.0,12.1
South Dakota,3 wk ahead,percent,0,Bin,12.1,12.2
South Dakota,3 wk ahead,percent,0,Bin,12.2,12.3
South Dakota,3 wk ahead,percent,0,Bin,12.3,12.4
South Dakota,3 wk ahead,percent,0,Bin,12.4,12.5
South Dakota,3 wk ahead,percent,0,Bin,12.5,12.6
South Dakota,3 wk ahead,percent,0,Bin,12.6,12.7
South Dakota,3 wk ahead,percent,0,Bin,12.7,12.8
South Dakota,3 wk ahead,percent,0,Bin,12.8,12.9
South Dakota,3 wk ahead,percent,0,Bin,12.9,13.0
South Dakota,3 wk ahead,percent,0,Bin,13.0,100.0
South Dakota,4 wk ahead,percent,0,Bin,0.0,0.1
South Dakota,4 wk ahead,percent,0,Bin,0.1,0.2
South Dakota,4 wk ahead,percent,0,Bin,0.2,0.3
South Dakota,4 wk ahead,percent,0,Bin,0.3,0.4
South Dakota,4 wk ahead,percent,0.004,Bin,0.4,0.5
South Dakota,4 wk ahead,percent,0.002,Bin,0.5,0.6
South Dakota,4 wk ahead,percent,0,Bin,0.6,0.7
South Dakota,4 wk ahead,percent,0.002,Bin,0.7,0.8
South Dakota,4 wk ahead,percent,0.004,Bin,0.8,0.9
South Dakota,4 wk ahead,percent,0.002,Bin,0.9,1.0
South Dakota,4 wk ahead,percent,0,Bin,1.0,1.1
South Dakota,4 wk ahead,percent,0.002,Bin,1.1,1.2
South Dakota,4 wk ahead,percent,0.004,Bin,1.2,1.3
South Dakota,4 wk ahead,percent,0.01,Bin,1.3,1.4
South Dakota,4 wk ahead,percent,0.01,Bin,1.4,1.5
South Dakota,4 wk ahead,percent,0.012,Bin,1.5,1.6
South Dakota,4 wk ahead,percent,0.01,Bin,1.6,1.7
South Dakota,4 wk ahead,percent,0.016,Bin,1.7,1.8
South Dakota,4 wk ahead,percent,0.018,Bin,1.8,1.9
South Dakota,4 wk ahead,percent,0.024,Bin,1.9,2.0
South Dakota,4 wk ahead,percent,0.02,Bin,2.0,2.1
South Dakota,4 wk ahead,percent,0.042,Bin,2.1,2.2
South Dakota,4 wk ahead,percent,0.032,Bin,2.2,2.3
South Dakota,4 wk ahead,percent,0.026,Bin,2.3,2.4
South Dakota,4 wk ahead,percent,0.046,Bin,2.4,2.5
South Dakota,4 wk ahead,percent,0.034,Bin,2.5,2.6
South Dakota,4 wk ahead,percent,0.036,Bin,2.6,2.7
South Dakota,4 wk ahead,percent,0.038,Bin,2.7,2.8
South Dakota,4 wk ahead,percent,0.038,Bin,2.8,2.9
South Dakota,4 wk ahead,percent,0.044,Bin,2.9,3.0
South Dakota,4 wk ahead,percent,0.042,Bin,3.0,3.1
South Dakota,4 wk ahead,percent,0.042,Bin,3.1,3.2
South Dakota,4 wk ahead,percent,0.05,Bin,3.2,3.3
South Dakota,4 wk ahead,percent,0.04,Bin,3.3,3.4
South Dakota,4 wk ahead,percent,0.022,Bin,3.4,3.5
South Dakota,4 wk ahead,percent,0.022,Bin,3.5,3.6
South Dakota,4 wk ahead,percent,0.022,Bin,3.6,3.7
South Dakota,4 wk ahead,percent,0.034,Bin,3.7,3.8
South Dakota,4 wk ahead,percent,0.03,Bin,3.8,3.9
South Dakota,4 wk ahead,percent,0.024,Bin,3.9,4.0
South Dakota,4 wk ahead,percent,0.02,Bin,4.0,4.1
South Dakota,4 wk ahead,percent,0.016,Bin,4.1,4.2
South Dakota,4 wk ahead,percent,0.028,Bin,4.2,4.3
South Dakota,4 wk ahead,percent,0.01,Bin,4.3,4.4
South Dakota,4 wk ahead,percent,0.018,Bin,4.4,4.5
South Dakota,4 wk ahead,percent,0.01,Bin,4.5,4.6
South Dakota,4 wk ahead,percent,0.006,Bin,4.6,4.7
South Dakota,4 wk ahead,percent,0.008,Bin,4.7,4.8
South Dakota,4 wk ahead,percent,0.008,Bin,4.8,4.9
South Dakota,4 wk ahead,percent,0.006,Bin,4.9,5.0
South Dakota,4 wk ahead,percent,0.006,Bin,5.0,5.1
South Dakota,4 wk ahead,percent,0.006,Bin,5.1,5.2
South Dakota,4 wk ahead,percent,0.002,Bin,5.2,5.3
South Dakota,4 wk ahead,percent,0.004,Bin,5.3,5.4
South Dakota,4 wk ahead,percent,0.004,Bin,5.4,5.5
South Dakota,4 wk ahead,percent,0.004,Bin,5.5,5.6
South Dakota,4 wk ahead,percent,0.002,Bin,5.6,5.7
South Dakota,4 wk ahead,percent,0.004,Bin,5.7,5.8
South Dakota,4 wk ahead,percent,0.002,Bin,5.8,5.9
South Dakota,4 wk ahead,percent,0.002,Bin,5.9,6.0
South Dakota,4 wk ahead,percent,0.002,Bin,6.0,6.1
South Dakota,4 wk ahead,percent,0,Bin,6.1,6.2
South Dakota,4 wk ahead,percent,0.002,Bin,6.2,6.3
South Dakota,4 wk ahead,percent,0.002,Bin,6.3,6.4
South Dakota,4 wk ahead,percent,0,Bin,6.4,6.5
South Dakota,4 wk ahead,percent,0.002,Bin,6.5,6.6
South Dakota,4 wk ahead,percent,0.002,Bin,6.6,6.7
South Dakota,4 wk ahead,percent,0,Bin,6.7,6.8
South Dakota,4 wk ahead,percent,0.002,Bin,6.8,6.9
South Dakota,4 wk ahead,percent,0.002,Bin,6.9,7.0
South Dakota,4 wk ahead,percent,0.004,Bin,7.0,7.1
South Dakota,4 wk ahead,percent,0.002,Bin,7.1,7.2
South Dakota,4 wk ahead,percent,0.002,Bin,7.2,7.3
South Dakota,4 wk ahead,percent,0,Bin,7.3,7.4
South Dakota,4 wk ahead,percent,0,Bin,7.4,7.5
South Dakota,4 wk ahead,percent,0,Bin,7.5,7.6
South Dakota,4 wk ahead,percent,0,Bin,7.6,7.7
South Dakota,4 wk ahead,percent,0,Bin,7.7,7.8
South Dakota,4 wk ahead,percent,0.002,Bin,7.8,7.9
South Dakota,4 wk ahead,percent,0,Bin,7.9,8.0
South Dakota,4 wk ahead,percent,0,Bin,8.0,8.1
South Dakota,4 wk ahead,percent,0.002,Bin,8.1,8.2
South Dakota,4 wk ahead,percent,0.002,Bin,8.2,8.3
South Dakota,4 wk ahead,percent,0,Bin,8.3,8.4
South Dakota,4 wk ahead,percent,0,Bin,8.4,8.5
South Dakota,4 wk ahead,percent,0,Bin,8.5,8.6
South Dakota,4 wk ahead,percent,0,Bin,8.6,8.7
South Dakota,4 wk ahead,percent,0.002,Bin,8.7,8.8
South Dakota,4 wk ahead,percent,0,Bin,8.8,8.9
South Dakota,4 wk ahead,percent,0,Bin,8.9,9.0
South Dakota,4 wk ahead,percent,0,Bin,9.0,9.1
South Dakota,4 wk ahead,percent,0,Bin,9.1,9.2
South Dakota,4 wk ahead,percent,0,Bin,9.2,9.3
South Dakota,4 wk ahead,percent,0,Bin,9.3,9.4
South Dakota,4 wk ahead,percent,0,Bin,9.4,9.5
South Dakota,4 wk ahead,percent,0,Bin,9.5,9.6
South Dakota,4 wk ahead,percent,0,Bin,9.6,9.7
South Dakota,4 wk ahead,percent,0,Bin,9.7,9.8
South Dakota,4 wk ahead,percent,0,Bin,9.8,9.9
South Dakota,4 wk ahead,percent,0,Bin,9.9,10.0
South Dakota,4 wk ahead,percent,0,Bin,10.0,10.1
South Dakota,4 wk ahead,percent,0,Bin,10.1,10.2
South Dakota,4 wk ahead,percent,0,Bin,10.2,10.3
South Dakota,4 wk ahead,percent,0,Bin,10.3,10.4
South Dakota,4 wk ahead,percent,0,Bin,10.4,10.5
South Dakota,4 wk ahead,percent,0,Bin,10.5,10.6
South Dakota,4 wk ahead,percent,0,Bin,10.6,10.7
South Dakota,4 wk ahead,percent,0,Bin,10.7,10.8
South Dakota,4 wk ahead,percent,0,Bin,10.8,10.9
South Dakota,4 wk ahead,percent,0,Bin,10.9,11.0
South Dakota,4 wk ahead,percent,0,Bin,11.0,11.1
South Dakota,4 wk ahead,percent,0,Bin,11.1,11.2
South Dakota,4 wk ahead,percent,0,Bin,11.2,11.3
South Dakota,4 wk ahead,percent,0,Bin,11.3,11.4
South Dakota,4 wk ahead,percent,0,Bin,11.4,11.5
South Dakota,4 wk ahead,percent,0,Bin,11.5,11.6
South Dakota,4 wk ahead,percent,0,Bin,11.6,11.7
South Dakota,4 wk ahead,percent,0,Bin,11.7,11.8
South Dakota,4 wk ahead,percent,0,Bin,11.8,11.9
South Dakota,4 wk ahead,percent,0,Bin,11.9,12.0
South Dakota,4 wk ahead,percent,0,Bin,12.0,12.1
South Dakota,4 wk ahead,percent,0,Bin,12.1,12.2
South Dakota,4 wk ahead,percent,0,Bin,12.2,12.3
South Dakota,4 wk ahead,percent,0,Bin,12.3,12.4
South Dakota,4 wk ahead,percent,0,Bin,12.4,12.5
South Dakota,4 wk ahead,percent,0,Bin,12.5,12.6
South Dakota,4 wk ahead,percent,0,Bin,12.6,12.7
South Dakota,4 wk ahead,percent,0,Bin,12.7,12.8
South Dakota,4 wk ahead,percent,0,Bin,12.8,12.9
South Dakota,4 wk ahead,percent,0,Bin,12.9,13.0
South Dakota,4 wk ahead,percent,0,Bin,13.0,100.0
South Dakota,Season peak percentage,percent,0,Bin,0.0,0.1
South Dakota,Season peak percentage,percent,0,Bin,0.1,0.2
South Dakota,Season peak percentage,percent,0,Bin,0.2,0.3
South Dakota,Season peak percentage,percent,0,Bin,0.3,0.4
South Dakota,Season peak percentage,percent,0,Bin,0.4,0.5
South Dakota,Season peak percentage,percent,0,Bin,0.5,0.6
South Dakota,Season peak percentage,percent,0,Bin,0.6,0.7
South Dakota,Season peak percentage,percent,0,Bin,0.7,0.8
South Dakota,Season peak percentage,percent,0,Bin,0.8,0.9
South Dakota,Season peak percentage,percent,0,Bin,0.9,1.0
South Dakota,Season peak percentage,percent,0,Bin,1.0,1.1
South Dakota,Season peak percentage,percent,0,Bin,1.1,1.2
South Dakota,Season peak percentage,percent,0,Bin,1.2,1.3
South Dakota,Season peak percentage,percent,0,Bin,1.3,1.4
South Dakota,Season peak percentage,percent,0,Bin,1.4,1.5
South Dakota,Season peak percentage,percent,0,Bin,1.5,1.6
South Dakota,Season peak percentage,percent,0,Bin,1.6,1.7
South Dakota,Season peak percentage,percent,0,Bin,1.7,1.8
South Dakota,Season peak percentage,percent,0,Bin,1.8,1.9
South Dakota,Season peak percentage,percent,0,Bin,1.9,2.0
South Dakota,Season peak percentage,percent,0,Bin,2.0,2.1
South Dakota,Season peak percentage,percent,0,Bin,2.1,2.2
South Dakota,Season peak percentage,percent,0,Bin,2.2,2.3
South Dakota,Season peak percentage,percent,0,Bin,2.3,2.4
South Dakota,Season peak percentage,percent,0,Bin,2.4,2.5
South Dakota,Season peak percentage,percent,0,Bin,2.5,2.6
South Dakota,Season peak percentage,percent,0,Bin,2.6,2.7
South Dakota,Season peak percentage,percent,0.008,Bin,2.7,2.8
South Dakota,Season peak percentage,percent,0,Bin,2.8,2.9
South Dakota,Season peak percentage,percent,0.004,Bin,2.9,3.0
South Dakota,Season peak percentage,percent,0.006,Bin,3.0,3.1
South Dakota,Season peak percentage,percent,0.004,Bin,3.1,3.2
South Dakota,Season peak percentage,percent,0.006,Bin,3.2,3.3
South Dakota,Season peak percentage,percent,0.004,Bin,3.3,3.4
South Dakota,Season peak percentage,percent,0.004,Bin,3.4,3.5
South Dakota,Season peak percentage,percent,0.012,Bin,3.5,3.6
South Dakota,Season peak percentage,percent,0.008,Bin,3.6,3.7
South Dakota,Season peak percentage,percent,0.018,Bin,3.7,3.8
South Dakota,Season peak percentage,percent,0.012,Bin,3.8,3.9
South Dakota,Season peak percentage,percent,0.014,Bin,3.9,4.0
South Dakota,Season peak percentage,percent,0.016,Bin,4.0,4.1
South Dakota,Season peak percentage,percent,0.014,Bin,4.1,4.2
South Dakota,Season peak percentage,percent,0.022,Bin,4.2,4.3
South Dakota,Season peak percentage,percent,0.016,Bin,4.3,4.4
South Dakota,Season peak percentage,percent,0.018,Bin,4.4,4.5
South Dakota,Season peak percentage,percent,0.032,Bin,4.5,4.6
South Dakota,Season peak percentage,percent,0.034,Bin,4.6,4.7
South Dakota,Season peak percentage,percent,0.024,Bin,4.7,4.8
South Dakota,Season peak percentage,percent,0.032,Bin,4.8,4.9
South Dakota,Season peak percentage,percent,0.02,Bin,4.9,5.0
South Dakota,Season peak percentage,percent,0.014,Bin,5.0,5.1
South Dakota,Season peak percentage,percent,0.034,Bin,5.1,5.2
South Dakota,Season peak percentage,percent,0.028,Bin,5.2,5.3
South Dakota,Season peak percentage,percent,0.018,Bin,5.3,5.4
South Dakota,Season peak percentage,percent,0.026,Bin,5.4,5.5
South Dakota,Season peak percentage,percent,0.02,Bin,5.5,5.6
South Dakota,Season peak percentage,percent,0.016,Bin,5.6,5.7
South Dakota,Season peak percentage,percent,0.03,Bin,5.7,5.8
South Dakota,Season peak percentage,percent,0.016,Bin,5.8,5.9
South Dakota,Season peak percentage,percent,0.006,Bin,5.9,6.0
South Dakota,Season peak percentage,percent,0.012,Bin,6.0,6.1
South Dakota,Season peak percentage,percent,0.024,Bin,6.1,6.2
South Dakota,Season peak percentage,percent,0.028,Bin,6.2,6.3
South Dakota,Season peak percentage,percent,0.02,Bin,6.3,6.4
South Dakota,Season peak percentage,percent,0.026,Bin,6.4,6.5
South Dakota,Season peak percentage,percent,0.018,Bin,6.5,6.6
South Dakota,Season peak percentage,percent,0.016,Bin,6.6,6.7
South Dakota,Season peak percentage,percent,0.012,Bin,6.7,6.8
South Dakota,Season peak percentage,percent,0.018,Bin,6.8,6.9
South Dakota,Season peak percentage,percent,0.014,Bin,6.9,7.0
South Dakota,Season peak percentage,percent,0.012,Bin,7.0,7.1
South Dakota,Season peak percentage,percent,0.02,Bin,7.1,7.2
South Dakota,Season peak percentage,percent,0.006,Bin,7.2,7.3
South Dakota,Season peak percentage,percent,0.01,Bin,7.3,7.4
South Dakota,Season peak percentage,percent,0.004,Bin,7.4,7.5
South Dakota,Season peak percentage,percent,0.014,Bin,7.5,7.6
South Dakota,Season peak percentage,percent,0.012,Bin,7.6,7.7
South Dakota,Season peak percentage,percent,0.008,Bin,7.7,7.8
South Dakota,Season peak percentage,percent,0.012,Bin,7.8,7.9
South Dakota,Season peak percentage,percent,0.012,Bin,7.9,8.0
South Dakota,Season peak percentage,percent,0.006,Bin,8.0,8.1
South Dakota,Season peak percentage,percent,0.012,Bin,8.1,8.2
South Dakota,Season peak percentage,percent,0.002,Bin,8.2,8.3
South Dakota,Season peak percentage,percent,0.004,Bin,8.3,8.4
South Dakota,Season peak percentage,percent,0.012,Bin,8.4,8.5
South Dakota,Season peak percentage,percent,0.004,Bin,8.5,8.6
South Dakota,Season peak percentage,percent,0.002,Bin,8.6,8.7
South Dakota,Season peak percentage,percent,0.006,Bin,8.7,8.8
South Dakota,Season peak percentage,percent,0.004,Bin,8.8,8.9
South Dakota,Season peak percentage,percent,0.002,Bin,8.9,9.0
South Dakota,Season peak percentage,percent,0.002,Bin,9.0,9.1
South Dakota,Season peak percentage,percent,0.002,Bin,9.1,9.2
South Dakota,Season peak percentage,percent,0.01,Bin,9.2,9.3
South Dakota,Season peak percentage,percent,0.004,Bin,9.3,9.4
South Dakota,Season peak percentage,percent,0.006,Bin,9.4,9.5
South Dakota,Season peak percentage,percent,0.012,Bin,9.5,9.6
South Dakota,Season peak percentage,percent,0.002,Bin,9.6,9.7
South Dakota,Season peak percentage,percent,0.002,Bin,9.7,9.8
South Dakota,Season peak percentage,percent,0.006,Bin,9.8,9.9
South Dakota,Season peak percentage,percent,0.004,Bin,9.9,10.0
South Dakota,Season peak percentage,percent,0.002,Bin,10.0,10.1
South Dakota,Season peak percentage,percent,0.002,Bin,10.1,10.2
South Dakota,Season peak percentage,percent,0.002,Bin,10.2,10.3
South Dakota,Season peak percentage,percent,0,Bin,10.3,10.4
South Dakota,Season peak percentage,percent,0.004,Bin,10.4,10.5
South Dakota,Season peak percentage,percent,0.002,Bin,10.5,10.6
South Dakota,Season peak percentage,percent,0.004,Bin,10.6,10.7
South Dakota,Season peak percentage,percent,0,Bin,10.7,10.8
South Dakota,Season peak percentage,percent,0,Bin,10.8,10.9
South Dakota,Season peak percentage,percent,0.006,Bin,10.9,11.0
South Dakota,Season peak percentage,percent,0.002,Bin,11.0,11.1
South Dakota,Season peak percentage,percent,0,Bin,11.1,11.2
South Dakota,Season peak percentage,percent,0.002,Bin,11.2,11.3
South Dakota,Season peak percentage,percent,0.002,Bin,11.3,11.4
South Dakota,Season peak percentage,percent,0.008,Bin,11.4,11.5
South Dakota,Season peak percentage,percent,0.002,Bin,11.5,11.6
South Dakota,Season peak percentage,percent,0.002,Bin,11.6,11.7
South Dakota,Season peak percentage,percent,0,Bin,11.7,11.8
South Dakota,Season peak percentage,percent,0.008,Bin,11.8,11.9
South Dakota,Season peak percentage,percent,0.002,Bin,11.9,12.0
South Dakota,Season peak percentage,percent,0.002,Bin,12.0,12.1
South Dakota,Season peak percentage,percent,0,Bin,12.1,12.2
South Dakota,Season peak percentage,percent,0,Bin,12.2,12.3
South Dakota,Season peak percentage,percent,0.004,Bin,12.3,12.4
South Dakota,Season peak percentage,percent,0,Bin,12.4,12.5
South Dakota,Season peak percentage,percent,0.002,Bin,12.5,12.6
South Dakota,Season peak percentage,percent,0,Bin,12.6,12.7
South Dakota,Season peak percentage,percent,0,Bin,12.7,12.8
South Dakota,Season peak percentage,percent,0,Bin,12.8,12.9
South Dakota,Season peak percentage,percent,0,Bin,12.9,13.0
South Dakota,Season peak percentage,percent,0.004,Bin,13.0,100.0
South Dakota,Season peak week,week,0,Bin,40.0,41.0
South Dakota,Season peak week,week,0,Bin,41.0,42.0
South Dakota,Season peak week,week,0,Bin,42.0,43.0
South Dakota,Season peak week,week,0,Bin,43.0,44.0
South Dakota,Season peak week,week,0,Bin,44.0,45.0
South Dakota,Season peak week,week,0,Bin,45.0,46.0
South Dakota,Season peak week,week,0.00763358778625954,Bin,46.0,47.0
South Dakota,Season peak week,week,0,Bin,47.0,48.0
South Dakota,Season peak week,week,0,Bin,48.0,49.0
South Dakota,Season peak week,week,0,Bin,49.0,50.0
South Dakota,Season peak week,week,0.0114503816793893,Bin,50.0,51.0
South Dakota,Season peak week,week,0.00954198473282443,Bin,51.0,52.0
South Dakota,Season peak week,week,0.017175572519084,Bin,52.0,53.0
South Dakota,Season peak week,week,0.0381679389312977,Bin,1.0,2.0
South Dakota,Season peak week,week,0.0572519083969466,Bin,2.0,3.0
South Dakota,Season peak week,week,0.0553435114503817,Bin,3.0,4.0
South Dakota,Season peak week,week,0.0896946564885496,Bin,4.0,5.0
South Dakota,Season peak week,week,0.143129770992366,Bin,5.0,6.0
South Dakota,Season peak week,week,0.150763358778626,Bin,6.0,7.0
South Dakota,Season peak week,week,0.16030534351145,Bin,7.0,8.0
South Dakota,Season peak week,week,0.127862595419847,Bin,8.0,9.0
South Dakota,Season peak week,week,0.0591603053435115,Bin,9.0,10.0
South Dakota,Season peak week,week,0.0343511450381679,Bin,10.0,11.0
South Dakota,Season peak week,week,0.0267175572519084,Bin,11.0,12.0
South Dakota,Season peak week,week,0.00381679389312977,Bin,12.0,13.0
South Dakota,Season peak week,week,0.00381679389312977,Bin,13.0,14.0
South Dakota,Season peak week,week,0.00190839694656489,Bin,14.0,15.0
South Dakota,Season peak week,week,0,Bin,15.0,16.0
South Dakota,Season peak week,week,0.00190839694656489,Bin,16.0,17.0
South Dakota,Season peak week,week,0,Bin,17.0,18.0
South Dakota,Season peak week,week,0,Bin,18.0,19.0
South Dakota,Season peak week,week,0,Bin,19.0,20.0
South Dakota,Season peak week,week,0,Bin,20.0,21.0
Tennessee,1 wk ahead,percent,0,Bin,0.0,0.1
Tennessee,1 wk ahead,percent,0,Bin,0.1,0.2
Tennessee,1 wk ahead,percent,0.022,Bin,0.2,0.3
Tennessee,1 wk ahead,percent,0.018,Bin,0.3,0.4
Tennessee,1 wk ahead,percent,0,Bin,0.4,0.5
Tennessee,1 wk ahead,percent,0.004,Bin,0.5,0.6
Tennessee,1 wk ahead,percent,0.012,Bin,0.6,0.7
Tennessee,1 wk ahead,percent,0.008,Bin,0.7,0.8
Tennessee,1 wk ahead,percent,0.022,Bin,0.8,0.9
Tennessee,1 wk ahead,percent,0.028,Bin,0.9,1.0
Tennessee,1 wk ahead,percent,0.056,Bin,1.0,1.1
Tennessee,1 wk ahead,percent,0.074,Bin,1.1,1.2
Tennessee,1 wk ahead,percent,0.094,Bin,1.2,1.3
Tennessee,1 wk ahead,percent,0.04,Bin,1.3,1.4
Tennessee,1 wk ahead,percent,0.056,Bin,1.4,1.5
Tennessee,1 wk ahead,percent,0.07,Bin,1.5,1.6
Tennessee,1 wk ahead,percent,0.084,Bin,1.6,1.7
Tennessee,1 wk ahead,percent,0.06,Bin,1.7,1.8
Tennessee,1 wk ahead,percent,0.048,Bin,1.8,1.9
Tennessee,1 wk ahead,percent,0.048,Bin,1.9,2.0
Tennessee,1 wk ahead,percent,0.036,Bin,2.0,2.1
Tennessee,1 wk ahead,percent,0.068,Bin,2.1,2.2
Tennessee,1 wk ahead,percent,0.012,Bin,2.2,2.3
Tennessee,1 wk ahead,percent,0.026,Bin,2.3,2.4
Tennessee,1 wk ahead,percent,0.018,Bin,2.4,2.5
Tennessee,1 wk ahead,percent,0.018,Bin,2.5,2.6
Tennessee,1 wk ahead,percent,0.016,Bin,2.6,2.7
Tennessee,1 wk ahead,percent,0.006,Bin,2.7,2.8
Tennessee,1 wk ahead,percent,0.002,Bin,2.8,2.9
Tennessee,1 wk ahead,percent,0.01,Bin,2.9,3.0
Tennessee,1 wk ahead,percent,0.002,Bin,3.0,3.1
Tennessee,1 wk ahead,percent,0.006,Bin,3.1,3.2
Tennessee,1 wk ahead,percent,0.006,Bin,3.2,3.3
Tennessee,1 wk ahead,percent,0.008,Bin,3.3,3.4
Tennessee,1 wk ahead,percent,0,Bin,3.4,3.5
Tennessee,1 wk ahead,percent,0,Bin,3.5,3.6
Tennessee,1 wk ahead,percent,0.002,Bin,3.6,3.7
Tennessee,1 wk ahead,percent,0.008,Bin,3.7,3.8
Tennessee,1 wk ahead,percent,0.006,Bin,3.8,3.9
Tennessee,1 wk ahead,percent,0,Bin,3.9,4.0
Tennessee,1 wk ahead,percent,0,Bin,4.0,4.1
Tennessee,1 wk ahead,percent,0,Bin,4.1,4.2
Tennessee,1 wk ahead,percent,0,Bin,4.2,4.3
Tennessee,1 wk ahead,percent,0,Bin,4.3,4.4
Tennessee,1 wk ahead,percent,0,Bin,4.4,4.5
Tennessee,1 wk ahead,percent,0,Bin,4.5,4.6
Tennessee,1 wk ahead,percent,0.004,Bin,4.6,4.7
Tennessee,1 wk ahead,percent,0,Bin,4.7,4.8
Tennessee,1 wk ahead,percent,0,Bin,4.8,4.9
Tennessee,1 wk ahead,percent,0,Bin,4.9,5.0
Tennessee,1 wk ahead,percent,0,Bin,5.0,5.1
Tennessee,1 wk ahead,percent,0,Bin,5.1,5.2
Tennessee,1 wk ahead,percent,0,Bin,5.2,5.3
Tennessee,1 wk ahead,percent,0,Bin,5.3,5.4
Tennessee,1 wk ahead,percent,0,Bin,5.4,5.5
Tennessee,1 wk ahead,percent,0,Bin,5.5,5.6
Tennessee,1 wk ahead,percent,0,Bin,5.6,5.7
Tennessee,1 wk ahead,percent,0,Bin,5.7,5.8
Tennessee,1 wk ahead,percent,0,Bin,5.8,5.9
Tennessee,1 wk ahead,percent,0,Bin,5.9,6.0
Tennessee,1 wk ahead,percent,0,Bin,6.0,6.1
Tennessee,1 wk ahead,percent,0,Bin,6.1,6.2
Tennessee,1 wk ahead,percent,0,Bin,6.2,6.3
Tennessee,1 wk ahead,percent,0,Bin,6.3,6.4
Tennessee,1 wk ahead,percent,0,Bin,6.4,6.5
Tennessee,1 wk ahead,percent,0,Bin,6.5,6.6
Tennessee,1 wk ahead,percent,0,Bin,6.6,6.7
Tennessee,1 wk ahead,percent,0,Bin,6.7,6.8
Tennessee,1 wk ahead,percent,0,Bin,6.8,6.9
Tennessee,1 wk ahead,percent,0,Bin,6.9,7.0
Tennessee,1 wk ahead,percent,0,Bin,7.0,7.1
Tennessee,1 wk ahead,percent,0,Bin,7.1,7.2
Tennessee,1 wk ahead,percent,0,Bin,7.2,7.3
Tennessee,1 wk ahead,percent,0,Bin,7.3,7.4
Tennessee,1 wk ahead,percent,0,Bin,7.4,7.5
Tennessee,1 wk ahead,percent,0,Bin,7.5,7.6
Tennessee,1 wk ahead,percent,0,Bin,7.6,7.7
Tennessee,1 wk ahead,percent,0,Bin,7.7,7.8
Tennessee,1 wk ahead,percent,0,Bin,7.8,7.9
Tennessee,1 wk ahead,percent,0,Bin,7.9,8.0
Tennessee,1 wk ahead,percent,0,Bin,8.0,8.1
Tennessee,1 wk ahead,percent,0,Bin,8.1,8.2
Tennessee,1 wk ahead,percent,0,Bin,8.2,8.3
Tennessee,1 wk ahead,percent,0,Bin,8.3,8.4
Tennessee,1 wk ahead,percent,0,Bin,8.4,8.5
Tennessee,1 wk ahead,percent,0,Bin,8.5,8.6
Tennessee,1 wk ahead,percent,0,Bin,8.6,8.7
Tennessee,1 wk ahead,percent,0,Bin,8.7,8.8
Tennessee,1 wk ahead,percent,0,Bin,8.8,8.9
Tennessee,1 wk ahead,percent,0,Bin,8.9,9.0
Tennessee,1 wk ahead,percent,0,Bin,9.0,9.1
Tennessee,1 wk ahead,percent,0,Bin,9.1,9.2
Tennessee,1 wk ahead,percent,0,Bin,9.2,9.3
Tennessee,1 wk ahead,percent,0,Bin,9.3,9.4
Tennessee,1 wk ahead,percent,0,Bin,9.4,9.5
Tennessee,1 wk ahead,percent,0,Bin,9.5,9.6
Tennessee,1 wk ahead,percent,0,Bin,9.6,9.7
Tennessee,1 wk ahead,percent,0,Bin,9.7,9.8
Tennessee,1 wk ahead,percent,0,Bin,9.8,9.9
Tennessee,1 wk ahead,percent,0,Bin,9.9,10.0
Tennessee,1 wk ahead,percent,0,Bin,10.0,10.1
Tennessee,1 wk ahead,percent,0,Bin,10.1,10.2
Tennessee,1 wk ahead,percent,0,Bin,10.2,10.3
Tennessee,1 wk ahead,percent,0,Bin,10.3,10.4
Tennessee,1 wk ahead,percent,0,Bin,10.4,10.5
Tennessee,1 wk ahead,percent,0,Bin,10.5,10.6
Tennessee,1 wk ahead,percent,0,Bin,10.6,10.7
Tennessee,1 wk ahead,percent,0,Bin,10.7,10.8
Tennessee,1 wk ahead,percent,0,Bin,10.8,10.9
Tennessee,1 wk ahead,percent,0,Bin,10.9,11.0
Tennessee,1 wk ahead,percent,0,Bin,11.0,11.1
Tennessee,1 wk ahead,percent,0.002,Bin,11.1,11.2
Tennessee,1 wk ahead,percent,0,Bin,11.2,11.3
Tennessee,1 wk ahead,percent,0,Bin,11.3,11.4
Tennessee,1 wk ahead,percent,0,Bin,11.4,11.5
Tennessee,1 wk ahead,percent,0,Bin,11.5,11.6
Tennessee,1 wk ahead,percent,0,Bin,11.6,11.7
Tennessee,1 wk ahead,percent,0,Bin,11.7,11.8
Tennessee,1 wk ahead,percent,0,Bin,11.8,11.9
Tennessee,1 wk ahead,percent,0,Bin,11.9,12.0
Tennessee,1 wk ahead,percent,0,Bin,12.0,12.1
Tennessee,1 wk ahead,percent,0,Bin,12.1,12.2
Tennessee,1 wk ahead,percent,0,Bin,12.2,12.3
Tennessee,1 wk ahead,percent,0,Bin,12.3,12.4
Tennessee,1 wk ahead,percent,0,Bin,12.4,12.5
Tennessee,1 wk ahead,percent,0,Bin,12.5,12.6
Tennessee,1 wk ahead,percent,0,Bin,12.6,12.7
Tennessee,1 wk ahead,percent,0,Bin,12.7,12.8
Tennessee,1 wk ahead,percent,0,Bin,12.8,12.9
Tennessee,1 wk ahead,percent,0,Bin,12.9,13.0
Tennessee,1 wk ahead,percent,0,Bin,13.0,100.0
Tennessee,2 wk ahead,percent,0,Bin,0.0,0.1
Tennessee,2 wk ahead,percent,0.002,Bin,0.1,0.2
Tennessee,2 wk ahead,percent,0.006,Bin,0.2,0.3
Tennessee,2 wk ahead,percent,0.016,Bin,0.3,0.4
Tennessee,2 wk ahead,percent,0.01,Bin,0.4,0.5
Tennessee,2 wk ahead,percent,0.014,Bin,0.5,0.6
Tennessee,2 wk ahead,percent,0.02,Bin,0.6,0.7
Tennessee,2 wk ahead,percent,0.016,Bin,0.7,0.8
Tennessee,2 wk ahead,percent,0.024,Bin,0.8,0.9
Tennessee,2 wk ahead,percent,0.03,Bin,0.9,1.0
Tennessee,2 wk ahead,percent,0.04,Bin,1.0,1.1
Tennessee,2 wk ahead,percent,0.038,Bin,1.1,1.2
Tennessee,2 wk ahead,percent,0.044,Bin,1.2,1.3
Tennessee,2 wk ahead,percent,0.058,Bin,1.3,1.4
Tennessee,2 wk ahead,percent,0.06,Bin,1.4,1.5
Tennessee,2 wk ahead,percent,0.054,Bin,1.5,1.6
Tennessee,2 wk ahead,percent,0.07,Bin,1.6,1.7
Tennessee,2 wk ahead,percent,0.058,Bin,1.7,1.8
Tennessee,2 wk ahead,percent,0.044,Bin,1.8,1.9
Tennessee,2 wk ahead,percent,0.042,Bin,1.9,2.0
Tennessee,2 wk ahead,percent,0.04,Bin,2.0,2.1
Tennessee,2 wk ahead,percent,0.03,Bin,2.1,2.2
Tennessee,2 wk ahead,percent,0.03,Bin,2.2,2.3
Tennessee,2 wk ahead,percent,0.026,Bin,2.3,2.4
Tennessee,2 wk ahead,percent,0.02,Bin,2.4,2.5
Tennessee,2 wk ahead,percent,0.034,Bin,2.5,2.6
Tennessee,2 wk ahead,percent,0.024,Bin,2.6,2.7
Tennessee,2 wk ahead,percent,0.018,Bin,2.7,2.8
Tennessee,2 wk ahead,percent,0.018,Bin,2.8,2.9
Tennessee,2 wk ahead,percent,0.01,Bin,2.9,3.0
Tennessee,2 wk ahead,percent,0.018,Bin,3.0,3.1
Tennessee,2 wk ahead,percent,0.002,Bin,3.1,3.2
Tennessee,2 wk ahead,percent,0.008,Bin,3.2,3.3
Tennessee,2 wk ahead,percent,0.006,Bin,3.3,3.4
Tennessee,2 wk ahead,percent,0.01,Bin,3.4,3.5
Tennessee,2 wk ahead,percent,0.004,Bin,3.5,3.6
Tennessee,2 wk ahead,percent,0.006,Bin,3.6,3.7
Tennessee,2 wk ahead,percent,0.004,Bin,3.7,3.8
Tennessee,2 wk ahead,percent,0.006,Bin,3.8,3.9
Tennessee,2 wk ahead,percent,0.004,Bin,3.9,4.0
Tennessee,2 wk ahead,percent,0.004,Bin,4.0,4.1
Tennessee,2 wk ahead,percent,0.008,Bin,4.1,4.2
Tennessee,2 wk ahead,percent,0.002,Bin,4.2,4.3
Tennessee,2 wk ahead,percent,0.004,Bin,4.3,4.4
Tennessee,2 wk ahead,percent,0.004,Bin,4.4,4.5
Tennessee,2 wk ahead,percent,0,Bin,4.5,4.6
Tennessee,2 wk ahead,percent,0.002,Bin,4.6,4.7
Tennessee,2 wk ahead,percent,0.002,Bin,4.7,4.8
Tennessee,2 wk ahead,percent,0.002,Bin,4.8,4.9
Tennessee,2 wk ahead,percent,0,Bin,4.9,5.0
Tennessee,2 wk ahead,percent,0,Bin,5.0,5.1
Tennessee,2 wk ahead,percent,0,Bin,5.1,5.2
Tennessee,2 wk ahead,percent,0,Bin,5.2,5.3
Tennessee,2 wk ahead,percent,0,Bin,5.3,5.4
Tennessee,2 wk ahead,percent,0,Bin,5.4,5.5
Tennessee,2 wk ahead,percent,0,Bin,5.5,5.6
Tennessee,2 wk ahead,percent,0.002,Bin,5.6,5.7
Tennessee,2 wk ahead,percent,0,Bin,5.7,5.8
Tennessee,2 wk ahead,percent,0,Bin,5.8,5.9
Tennessee,2 wk ahead,percent,0,Bin,5.9,6.0
Tennessee,2 wk ahead,percent,0,Bin,6.0,6.1
Tennessee,2 wk ahead,percent,0,Bin,6.1,6.2
Tennessee,2 wk ahead,percent,0,Bin,6.2,6.3
Tennessee,2 wk ahead,percent,0.002,Bin,6.3,6.4
Tennessee,2 wk ahead,percent,0,Bin,6.4,6.5
Tennessee,2 wk ahead,percent,0,Bin,6.5,6.6
Tennessee,2 wk ahead,percent,0.002,Bin,6.6,6.7
Tennessee,2 wk ahead,percent,0,Bin,6.7,6.8
Tennessee,2 wk ahead,percent,0,Bin,6.8,6.9
Tennessee,2 wk ahead,percent,0,Bin,6.9,7.0
Tennessee,2 wk ahead,percent,0,Bin,7.0,7.1
Tennessee,2 wk ahead,percent,0,Bin,7.1,7.2
Tennessee,2 wk ahead,percent,0,Bin,7.2,7.3
Tennessee,2 wk ahead,percent,0,Bin,7.3,7.4
Tennessee,2 wk ahead,percent,0.002,Bin,7.4,7.5
Tennessee,2 wk ahead,percent,0,Bin,7.5,7.6
Tennessee,2 wk ahead,percent,0,Bin,7.6,7.7
Tennessee,2 wk ahead,percent,0,Bin,7.7,7.8
Tennessee,2 wk ahead,percent,0,Bin,7.8,7.9
Tennessee,2 wk ahead,percent,0,Bin,7.9,8.0
Tennessee,2 wk ahead,percent,0,Bin,8.0,8.1
Tennessee,2 wk ahead,percent,0,Bin,8.1,8.2
Tennessee,2 wk ahead,percent,0,Bin,8.2,8.3
Tennessee,2 wk ahead,percent,0,Bin,8.3,8.4
Tennessee,2 wk ahead,percent,0,Bin,8.4,8.5
Tennessee,2 wk ahead,percent,0,Bin,8.5,8.6
Tennessee,2 wk ahead,percent,0,Bin,8.6,8.7
Tennessee,2 wk ahead,percent,0,Bin,8.7,8.8
Tennessee,2 wk ahead,percent,0,Bin,8.8,8.9
Tennessee,2 wk ahead,percent,0,Bin,8.9,9.0
Tennessee,2 wk ahead,percent,0,Bin,9.0,9.1
Tennessee,2 wk ahead,percent,0,Bin,9.1,9.2
Tennessee,2 wk ahead,percent,0,Bin,9.2,9.3
Tennessee,2 wk ahead,percent,0,Bin,9.3,9.4
Tennessee,2 wk ahead,percent,0,Bin,9.4,9.5
Tennessee,2 wk ahead,percent,0,Bin,9.5,9.6
Tennessee,2 wk ahead,percent,0,Bin,9.6,9.7
Tennessee,2 wk ahead,percent,0,Bin,9.7,9.8
Tennessee,2 wk ahead,percent,0,Bin,9.8,9.9
Tennessee,2 wk ahead,percent,0,Bin,9.9,10.0
Tennessee,2 wk ahead,percent,0,Bin,10.0,10.1
Tennessee,2 wk ahead,percent,0,Bin,10.1,10.2
Tennessee,2 wk ahead,percent,0,Bin,10.2,10.3
Tennessee,2 wk ahead,percent,0,Bin,10.3,10.4
Tennessee,2 wk ahead,percent,0,Bin,10.4,10.5
Tennessee,2 wk ahead,percent,0,Bin,10.5,10.6
Tennessee,2 wk ahead,percent,0,Bin,10.6,10.7
Tennessee,2 wk ahead,percent,0,Bin,10.7,10.8
Tennessee,2 wk ahead,percent,0,Bin,10.8,10.9
Tennessee,2 wk ahead,percent,0,Bin,10.9,11.0
Tennessee,2 wk ahead,percent,0,Bin,11.0,11.1
Tennessee,2 wk ahead,percent,0,Bin,11.1,11.2
Tennessee,2 wk ahead,percent,0,Bin,11.2,11.3
Tennessee,2 wk ahead,percent,0,Bin,11.3,11.4
Tennessee,2 wk ahead,percent,0,Bin,11.4,11.5
Tennessee,2 wk ahead,percent,0,Bin,11.5,11.6
Tennessee,2 wk ahead,percent,0,Bin,11.6,11.7
Tennessee,2 wk ahead,percent,0,Bin,11.7,11.8
Tennessee,2 wk ahead,percent,0,Bin,11.8,11.9
Tennessee,2 wk ahead,percent,0,Bin,11.9,12.0
Tennessee,2 wk ahead,percent,0,Bin,12.0,12.1
Tennessee,2 wk ahead,percent,0,Bin,12.1,12.2
Tennessee,2 wk ahead,percent,0,Bin,12.2,12.3
Tennessee,2 wk ahead,percent,0,Bin,12.3,12.4
Tennessee,2 wk ahead,percent,0,Bin,12.4,12.5
Tennessee,2 wk ahead,percent,0,Bin,12.5,12.6
Tennessee,2 wk ahead,percent,0,Bin,12.6,12.7
Tennessee,2 wk ahead,percent,0,Bin,12.7,12.8
Tennessee,2 wk ahead,percent,0,Bin,12.8,12.9
Tennessee,2 wk ahead,percent,0,Bin,12.9,13.0
Tennessee,2 wk ahead,percent,0,Bin,13.0,100.0
Tennessee,3 wk ahead,percent,0,Bin,0.0,0.1
Tennessee,3 wk ahead,percent,0,Bin,0.1,0.2
Tennessee,3 wk ahead,percent,0.01,Bin,0.2,0.3
Tennessee,3 wk ahead,percent,0.014,Bin,0.3,0.4
Tennessee,3 wk ahead,percent,0.016,Bin,0.4,0.5
Tennessee,3 wk ahead,percent,0.008,Bin,0.5,0.6
Tennessee,3 wk ahead,percent,0.012,Bin,0.6,0.7
Tennessee,3 wk ahead,percent,0.018,Bin,0.7,0.8
Tennessee,3 wk ahead,percent,0.02,Bin,0.8,0.9
Tennessee,3 wk ahead,percent,0.03,Bin,0.9,1.0
Tennessee,3 wk ahead,percent,0.034,Bin,1.0,1.1
Tennessee,3 wk ahead,percent,0.038,Bin,1.1,1.2
Tennessee,3 wk ahead,percent,0.032,Bin,1.2,1.3
Tennessee,3 wk ahead,percent,0.034,Bin,1.3,1.4
Tennessee,3 wk ahead,percent,0.042,Bin,1.4,1.5
Tennessee,3 wk ahead,percent,0.052,Bin,1.5,1.6
Tennessee,3 wk ahead,percent,0.03,Bin,1.6,1.7
Tennessee,3 wk ahead,percent,0.034,Bin,1.7,1.8
Tennessee,3 wk ahead,percent,0.044,Bin,1.8,1.9
Tennessee,3 wk ahead,percent,0.024,Bin,1.9,2.0
Tennessee,3 wk ahead,percent,0.044,Bin,2.0,2.1
Tennessee,3 wk ahead,percent,0.04,Bin,2.1,2.2
Tennessee,3 wk ahead,percent,0.038,Bin,2.2,2.3
Tennessee,3 wk ahead,percent,0.028,Bin,2.3,2.4
Tennessee,3 wk ahead,percent,0.04,Bin,2.4,2.5
Tennessee,3 wk ahead,percent,0.026,Bin,2.5,2.6
Tennessee,3 wk ahead,percent,0.022,Bin,2.6,2.7
Tennessee,3 wk ahead,percent,0.024,Bin,2.7,2.8
Tennessee,3 wk ahead,percent,0.02,Bin,2.8,2.9
Tennessee,3 wk ahead,percent,0.022,Bin,2.9,3.0
Tennessee,3 wk ahead,percent,0.018,Bin,3.0,3.1
Tennessee,3 wk ahead,percent,0.008,Bin,3.1,3.2
Tennessee,3 wk ahead,percent,0.002,Bin,3.2,3.3
Tennessee,3 wk ahead,percent,0.018,Bin,3.3,3.4
Tennessee,3 wk ahead,percent,0.012,Bin,3.4,3.5
Tennessee,3 wk ahead,percent,0.006,Bin,3.5,3.6
Tennessee,3 wk ahead,percent,0.014,Bin,3.6,3.7
Tennessee,3 wk ahead,percent,0.008,Bin,3.7,3.8
Tennessee,3 wk ahead,percent,0.002,Bin,3.8,3.9
Tennessee,3 wk ahead,percent,0.004,Bin,3.9,4.0
Tennessee,3 wk ahead,percent,0.012,Bin,4.0,4.1
Tennessee,3 wk ahead,percent,0.002,Bin,4.1,4.2
Tennessee,3 wk ahead,percent,0.004,Bin,4.2,4.3
Tennessee,3 wk ahead,percent,0.008,Bin,4.3,4.4
Tennessee,3 wk ahead,percent,0.002,Bin,4.4,4.5
Tennessee,3 wk ahead,percent,0.008,Bin,4.5,4.6
Tennessee,3 wk ahead,percent,0.01,Bin,4.6,4.7
Tennessee,3 wk ahead,percent,0.002,Bin,4.7,4.8
Tennessee,3 wk ahead,percent,0.004,Bin,4.8,4.9
Tennessee,3 wk ahead,percent,0,Bin,4.9,5.0
Tennessee,3 wk ahead,percent,0.006,Bin,5.0,5.1
Tennessee,3 wk ahead,percent,0.006,Bin,5.1,5.2
Tennessee,3 wk ahead,percent,0,Bin,5.2,5.3
Tennessee,3 wk ahead,percent,0.006,Bin,5.3,5.4
Tennessee,3 wk ahead,percent,0.004,Bin,5.4,5.5
Tennessee,3 wk ahead,percent,0,Bin,5.5,5.6
Tennessee,3 wk ahead,percent,0.002,Bin,5.6,5.7
Tennessee,3 wk ahead,percent,0,Bin,5.7,5.8
Tennessee,3 wk ahead,percent,0.002,Bin,5.8,5.9
Tennessee,3 wk ahead,percent,0,Bin,5.9,6.0
Tennessee,3 wk ahead,percent,0,Bin,6.0,6.1
Tennessee,3 wk ahead,percent,0.006,Bin,6.1,6.2
Tennessee,3 wk ahead,percent,0.002,Bin,6.2,6.3
Tennessee,3 wk ahead,percent,0.002,Bin,6.3,6.4
Tennessee,3 wk ahead,percent,0,Bin,6.4,6.5
Tennessee,3 wk ahead,percent,0,Bin,6.5,6.6
Tennessee,3 wk ahead,percent,0,Bin,6.6,6.7
Tennessee,3 wk ahead,percent,0,Bin,6.7,6.8
Tennessee,3 wk ahead,percent,0.002,Bin,6.8,6.9
Tennessee,3 wk ahead,percent,0,Bin,6.9,7.0
Tennessee,3 wk ahead,percent,0,Bin,7.0,7.1
Tennessee,3 wk ahead,percent,0.002,Bin,7.1,7.2
Tennessee,3 wk ahead,percent,0.004,Bin,7.2,7.3
Tennessee,3 wk ahead,percent,0,Bin,7.3,7.4
Tennessee,3 wk ahead,percent,0,Bin,7.4,7.5
Tennessee,3 wk ahead,percent,0,Bin,7.5,7.6
Tennessee,3 wk ahead,percent,0.002,Bin,7.6,7.7
Tennessee,3 wk ahead,percent,0.002,Bin,7.7,7.8
Tennessee,3 wk ahead,percent,0,Bin,7.8,7.9
Tennessee,3 wk ahead,percent,0.002,Bin,7.9,8.0
Tennessee,3 wk ahead,percent,0,Bin,8.0,8.1
Tennessee,3 wk ahead,percent,0,Bin,8.1,8.2
Tennessee,3 wk ahead,percent,0.002,Bin,8.2,8.3
Tennessee,3 wk ahead,percent,0.002,Bin,8.3,8.4
Tennessee,3 wk ahead,percent,0,Bin,8.4,8.5
Tennessee,3 wk ahead,percent,0,Bin,8.5,8.6
Tennessee,3 wk ahead,percent,0,Bin,8.6,8.7
Tennessee,3 wk ahead,percent,0,Bin,8.7,8.8
Tennessee,3 wk ahead,percent,0,Bin,8.8,8.9
Tennessee,3 wk ahead,percent,0,Bin,8.9,9.0
Tennessee,3 wk ahead,percent,0,Bin,9.0,9.1
Tennessee,3 wk ahead,percent,0,Bin,9.1,9.2
Tennessee,3 wk ahead,percent,0.002,Bin,9.2,9.3
Tennessee,3 wk ahead,percent,0,Bin,9.3,9.4
Tennessee,3 wk ahead,percent,0,Bin,9.4,9.5
Tennessee,3 wk ahead,percent,0,Bin,9.5,9.6
Tennessee,3 wk ahead,percent,0.002,Bin,9.6,9.7
Tennessee,3 wk ahead,percent,0,Bin,9.7,9.8
Tennessee,3 wk ahead,percent,0,Bin,9.8,9.9
Tennessee,3 wk ahead,percent,0,Bin,9.9,10.0
Tennessee,3 wk ahead,percent,0,Bin,10.0,10.1
Tennessee,3 wk ahead,percent,0,Bin,10.1,10.2
Tennessee,3 wk ahead,percent,0,Bin,10.2,10.3
Tennessee,3 wk ahead,percent,0,Bin,10.3,10.4
Tennessee,3 wk ahead,percent,0,Bin,10.4,10.5
Tennessee,3 wk ahead,percent,0,Bin,10.5,10.6
Tennessee,3 wk ahead,percent,0,Bin,10.6,10.7
Tennessee,3 wk ahead,percent,0,Bin,10.7,10.8
Tennessee,3 wk ahead,percent,0,Bin,10.8,10.9
Tennessee,3 wk ahead,percent,0,Bin,10.9,11.0
Tennessee,3 wk ahead,percent,0,Bin,11.0,11.1
Tennessee,3 wk ahead,percent,0,Bin,11.1,11.2
Tennessee,3 wk ahead,percent,0,Bin,11.2,11.3
Tennessee,3 wk ahead,percent,0,Bin,11.3,11.4
Tennessee,3 wk ahead,percent,0,Bin,11.4,11.5
Tennessee,3 wk ahead,percent,0,Bin,11.5,11.6
Tennessee,3 wk ahead,percent,0,Bin,11.6,11.7
Tennessee,3 wk ahead,percent,0,Bin,11.7,11.8
Tennessee,3 wk ahead,percent,0,Bin,11.8,11.9
Tennessee,3 wk ahead,percent,0,Bin,11.9,12.0
Tennessee,3 wk ahead,percent,0,Bin,12.0,12.1
Tennessee,3 wk ahead,percent,0,Bin,12.1,12.2
Tennessee,3 wk ahead,percent,0,Bin,12.2,12.3
Tennessee,3 wk ahead,percent,0,Bin,12.3,12.4
Tennessee,3 wk ahead,percent,0,Bin,12.4,12.5
Tennessee,3 wk ahead,percent,0,Bin,12.5,12.6
Tennessee,3 wk ahead,percent,0,Bin,12.6,12.7
Tennessee,3 wk ahead,percent,0,Bin,12.7,12.8
Tennessee,3 wk ahead,percent,0,Bin,12.8,12.9
Tennessee,3 wk ahead,percent,0,Bin,12.9,13.0
Tennessee,3 wk ahead,percent,0.002,Bin,13.0,100.0
Tennessee,4 wk ahead,percent,0,Bin,0.0,0.1
Tennessee,4 wk ahead,percent,0,Bin,0.1,0.2
Tennessee,4 wk ahead,percent,0.012,Bin,0.2,0.3
Tennessee,4 wk ahead,percent,0.006,Bin,0.3,0.4
Tennessee,4 wk ahead,percent,0.018,Bin,0.4,0.5
Tennessee,4 wk ahead,percent,0.02,Bin,0.5,0.6
Tennessee,4 wk ahead,percent,0.02,Bin,0.6,0.7
Tennessee,4 wk ahead,percent,0.016,Bin,0.7,0.8
Tennessee,4 wk ahead,percent,0.032,Bin,0.8,0.9
Tennessee,4 wk ahead,percent,0.034,Bin,0.9,1.0
Tennessee,4 wk ahead,percent,0.026,Bin,1.0,1.1
Tennessee,4 wk ahead,percent,0.034,Bin,1.1,1.2
Tennessee,4 wk ahead,percent,0.024,Bin,1.2,1.3
Tennessee,4 wk ahead,percent,0.02,Bin,1.3,1.4
Tennessee,4 wk ahead,percent,0.036,Bin,1.4,1.5
Tennessee,4 wk ahead,percent,0.048,Bin,1.5,1.6
Tennessee,4 wk ahead,percent,0.038,Bin,1.6,1.7
Tennessee,4 wk ahead,percent,0.032,Bin,1.7,1.8
Tennessee,4 wk ahead,percent,0.026,Bin,1.8,1.9
Tennessee,4 wk ahead,percent,0.03,Bin,1.9,2.0
Tennessee,4 wk ahead,percent,0.02,Bin,2.0,2.1
Tennessee,4 wk ahead,percent,0.034,Bin,2.1,2.2
Tennessee,4 wk ahead,percent,0.032,Bin,2.2,2.3
Tennessee,4 wk ahead,percent,0.034,Bin,2.3,2.4
Tennessee,4 wk ahead,percent,0.028,Bin,2.4,2.5
Tennessee,4 wk ahead,percent,0.022,Bin,2.5,2.6
Tennessee,4 wk ahead,percent,0.022,Bin,2.6,2.7
Tennessee,4 wk ahead,percent,0.024,Bin,2.7,2.8
Tennessee,4 wk ahead,percent,0.02,Bin,2.8,2.9
Tennessee,4 wk ahead,percent,0.018,Bin,2.9,3.0
Tennessee,4 wk ahead,percent,0.012,Bin,3.0,3.1
Tennessee,4 wk ahead,percent,0.018,Bin,3.1,3.2
Tennessee,4 wk ahead,percent,0.008,Bin,3.2,3.3
Tennessee,4 wk ahead,percent,0.016,Bin,3.3,3.4
Tennessee,4 wk ahead,percent,0.016,Bin,3.4,3.5
Tennessee,4 wk ahead,percent,0.016,Bin,3.5,3.6
Tennessee,4 wk ahead,percent,0.012,Bin,3.6,3.7
Tennessee,4 wk ahead,percent,0.016,Bin,3.7,3.8
Tennessee,4 wk ahead,percent,0.01,Bin,3.8,3.9
Tennessee,4 wk ahead,percent,0.014,Bin,3.9,4.0
Tennessee,4 wk ahead,percent,0.004,Bin,4.0,4.1
Tennessee,4 wk ahead,percent,0.016,Bin,4.1,4.2
Tennessee,4 wk ahead,percent,0.012,Bin,4.2,4.3
Tennessee,4 wk ahead,percent,0.008,Bin,4.3,4.4
Tennessee,4 wk ahead,percent,0.01,Bin,4.4,4.5
Tennessee,4 wk ahead,percent,0.002,Bin,4.5,4.6
Tennessee,4 wk ahead,percent,0.004,Bin,4.6,4.7
Tennessee,4 wk ahead,percent,0,Bin,4.7,4.8
Tennessee,4 wk ahead,percent,0.01,Bin,4.8,4.9
Tennessee,4 wk ahead,percent,0,Bin,4.9,5.0
Tennessee,4 wk ahead,percent,0.002,Bin,5.0,5.1
Tennessee,4 wk ahead,percent,0.002,Bin,5.1,5.2
Tennessee,4 wk ahead,percent,0.012,Bin,5.2,5.3
Tennessee,4 wk ahead,percent,0.002,Bin,5.3,5.4
Tennessee,4 wk ahead,percent,0,Bin,5.4,5.5
Tennessee,4 wk ahead,percent,0.004,Bin,5.5,5.6
Tennessee,4 wk ahead,percent,0,Bin,5.6,5.7
Tennessee,4 wk ahead,percent,0.006,Bin,5.7,5.8
Tennessee,4 wk ahead,percent,0.002,Bin,5.8,5.9
Tennessee,4 wk ahead,percent,0,Bin,5.9,6.0
Tennessee,4 wk ahead,percent,0.002,Bin,6.0,6.1
Tennessee,4 wk ahead,percent,0,Bin,6.1,6.2
Tennessee,4 wk ahead,percent,0.002,Bin,6.2,6.3
Tennessee,4 wk ahead,percent,0.002,Bin,6.3,6.4
Tennessee,4 wk ahead,percent,0,Bin,6.4,6.5
Tennessee,4 wk ahead,percent,0,Bin,6.5,6.6
Tennessee,4 wk ahead,percent,0.002,Bin,6.6,6.7
Tennessee,4 wk ahead,percent,0.002,Bin,6.7,6.8
Tennessee,4 wk ahead,percent,0,Bin,6.8,6.9
Tennessee,4 wk ahead,percent,0,Bin,6.9,7.0
Tennessee,4 wk ahead,percent,0,Bin,7.0,7.1
Tennessee,4 wk ahead,percent,0.002,Bin,7.1,7.2
Tennessee,4 wk ahead,percent,0.002,Bin,7.2,7.3
Tennessee,4 wk ahead,percent,0.002,Bin,7.3,7.4
Tennessee,4 wk ahead,percent,0,Bin,7.4,7.5
Tennessee,4 wk ahead,percent,0,Bin,7.5,7.6
Tennessee,4 wk ahead,percent,0.002,Bin,7.6,7.7
Tennessee,4 wk ahead,percent,0.002,Bin,7.7,7.8
Tennessee,4 wk ahead,percent,0,Bin,7.8,7.9
Tennessee,4 wk ahead,percent,0.002,Bin,7.9,8.0
Tennessee,4 wk ahead,percent,0.004,Bin,8.0,8.1
Tennessee,4 wk ahead,percent,0,Bin,8.1,8.2
Tennessee,4 wk ahead,percent,0,Bin,8.2,8.3
Tennessee,4 wk ahead,percent,0,Bin,8.3,8.4
Tennessee,4 wk ahead,percent,0,Bin,8.4,8.5
Tennessee,4 wk ahead,percent,0,Bin,8.5,8.6
Tennessee,4 wk ahead,percent,0,Bin,8.6,8.7
Tennessee,4 wk ahead,percent,0.004,Bin,8.7,8.8
Tennessee,4 wk ahead,percent,0.002,Bin,8.8,8.9
Tennessee,4 wk ahead,percent,0,Bin,8.9,9.0
Tennessee,4 wk ahead,percent,0.002,Bin,9.0,9.1
Tennessee,4 wk ahead,percent,0,Bin,9.1,9.2
Tennessee,4 wk ahead,percent,0,Bin,9.2,9.3
Tennessee,4 wk ahead,percent,0,Bin,9.3,9.4
Tennessee,4 wk ahead,percent,0,Bin,9.4,9.5
Tennessee,4 wk ahead,percent,0,Bin,9.5,9.6
Tennessee,4 wk ahead,percent,0,Bin,9.6,9.7
Tennessee,4 wk ahead,percent,0,Bin,9.7,9.8
Tennessee,4 wk ahead,percent,0,Bin,9.8,9.9
Tennessee,4 wk ahead,percent,0.002,Bin,9.9,10.0
Tennessee,4 wk ahead,percent,0,Bin,10.0,10.1
Tennessee,4 wk ahead,percent,0,Bin,10.1,10.2
Tennessee,4 wk ahead,percent,0,Bin,10.2,10.3
Tennessee,4 wk ahead,percent,0.002,Bin,10.3,10.4
Tennessee,4 wk ahead,percent,0,Bin,10.4,10.5
Tennessee,4 wk ahead,percent,0,Bin,10.5,10.6
Tennessee,4 wk ahead,percent,0,Bin,10.6,10.7
Tennessee,4 wk ahead,percent,0,Bin,10.7,10.8
Tennessee,4 wk ahead,percent,0.002,Bin,10.8,10.9
Tennessee,4 wk ahead,percent,0,Bin,10.9,11.0
Tennessee,4 wk ahead,percent,0,Bin,11.0,11.1
Tennessee,4 wk ahead,percent,0,Bin,11.1,11.2
Tennessee,4 wk ahead,percent,0,Bin,11.2,11.3
Tennessee,4 wk ahead,percent,0,Bin,11.3,11.4
Tennessee,4 wk ahead,percent,0,Bin,11.4,11.5
Tennessee,4 wk ahead,percent,0,Bin,11.5,11.6
Tennessee,4 wk ahead,percent,0,Bin,11.6,11.7
Tennessee,4 wk ahead,percent,0,Bin,11.7,11.8
Tennessee,4 wk ahead,percent,0,Bin,11.8,11.9
Tennessee,4 wk ahead,percent,0,Bin,11.9,12.0
Tennessee,4 wk ahead,percent,0,Bin,12.0,12.1
Tennessee,4 wk ahead,percent,0,Bin,12.1,12.2
Tennessee,4 wk ahead,percent,0,Bin,12.2,12.3
Tennessee,4 wk ahead,percent,0,Bin,12.3,12.4
Tennessee,4 wk ahead,percent,0,Bin,12.4,12.5
Tennessee,4 wk ahead,percent,0,Bin,12.5,12.6
Tennessee,4 wk ahead,percent,0,Bin,12.6,12.7
Tennessee,4 wk ahead,percent,0,Bin,12.7,12.8
Tennessee,4 wk ahead,percent,0,Bin,12.8,12.9
Tennessee,4 wk ahead,percent,0,Bin,12.9,13.0
Tennessee,4 wk ahead,percent,0,Bin,13.0,100.0
Tennessee,Season peak percentage,percent,0,Bin,0.0,0.1
Tennessee,Season peak percentage,percent,0,Bin,0.1,0.2
Tennessee,Season peak percentage,percent,0,Bin,0.2,0.3
Tennessee,Season peak percentage,percent,0,Bin,0.3,0.4
Tennessee,Season peak percentage,percent,0,Bin,0.4,0.5
Tennessee,Season peak percentage,percent,0,Bin,0.5,0.6
Tennessee,Season peak percentage,percent,0,Bin,0.6,0.7
Tennessee,Season peak percentage,percent,0,Bin,0.7,0.8
Tennessee,Season peak percentage,percent,0,Bin,0.8,0.9
Tennessee,Season peak percentage,percent,0,Bin,0.9,1.0
Tennessee,Season peak percentage,percent,0,Bin,1.0,1.1
Tennessee,Season peak percentage,percent,0,Bin,1.1,1.2
Tennessee,Season peak percentage,percent,0,Bin,1.2,1.3
Tennessee,Season peak percentage,percent,0.054,Bin,1.3,1.4
Tennessee,Season peak percentage,percent,0.012,Bin,1.4,1.5
Tennessee,Season peak percentage,percent,0.014,Bin,1.5,1.6
Tennessee,Season peak percentage,percent,0.016,Bin,1.6,1.7
Tennessee,Season peak percentage,percent,0.026,Bin,1.7,1.8
Tennessee,Season peak percentage,percent,0.018,Bin,1.8,1.9
Tennessee,Season peak percentage,percent,0.022,Bin,1.9,2.0
Tennessee,Season peak percentage,percent,0.018,Bin,2.0,2.1
Tennessee,Season peak percentage,percent,0.022,Bin,2.1,2.2
Tennessee,Season peak percentage,percent,0.014,Bin,2.2,2.3
Tennessee,Season peak percentage,percent,0.012,Bin,2.3,2.4
Tennessee,Season peak percentage,percent,0.024,Bin,2.4,2.5
Tennessee,Season peak percentage,percent,0.018,Bin,2.5,2.6
Tennessee,Season peak percentage,percent,0.04,Bin,2.6,2.7
Tennessee,Season peak percentage,percent,0.004,Bin,2.7,2.8
Tennessee,Season peak percentage,percent,0.018,Bin,2.8,2.9
Tennessee,Season peak percentage,percent,0.022,Bin,2.9,3.0
Tennessee,Season peak percentage,percent,0.012,Bin,3.0,3.1
Tennessee,Season peak percentage,percent,0.024,Bin,3.1,3.2
Tennessee,Season peak percentage,percent,0.01,Bin,3.2,3.3
Tennessee,Season peak percentage,percent,0.02,Bin,3.3,3.4
Tennessee,Season peak percentage,percent,0.016,Bin,3.4,3.5
Tennessee,Season peak percentage,percent,0.018,Bin,3.5,3.6
Tennessee,Season peak percentage,percent,0.01,Bin,3.6,3.7
Tennessee,Season peak percentage,percent,0.016,Bin,3.7,3.8
Tennessee,Season peak percentage,percent,0.01,Bin,3.8,3.9
Tennessee,Season peak percentage,percent,0.016,Bin,3.9,4.0
Tennessee,Season peak percentage,percent,0.008,Bin,4.0,4.1
Tennessee,Season peak percentage,percent,0.004,Bin,4.1,4.2
Tennessee,Season peak percentage,percent,0.012,Bin,4.2,4.3
Tennessee,Season peak percentage,percent,0.012,Bin,4.3,4.4
Tennessee,Season peak percentage,percent,0.008,Bin,4.4,4.5
Tennessee,Season peak percentage,percent,0.012,Bin,4.5,4.6
Tennessee,Season peak percentage,percent,0.004,Bin,4.6,4.7
Tennessee,Season peak percentage,percent,0.008,Bin,4.7,4.8
Tennessee,Season peak percentage,percent,0.008,Bin,4.8,4.9
Tennessee,Season peak percentage,percent,0.012,Bin,4.9,5.0
Tennessee,Season peak percentage,percent,0.014,Bin,5.0,5.1
Tennessee,Season peak percentage,percent,0.01,Bin,5.1,5.2
Tennessee,Season peak percentage,percent,0.012,Bin,5.2,5.3
Tennessee,Season peak percentage,percent,0.016,Bin,5.3,5.4
Tennessee,Season peak percentage,percent,0.004,Bin,5.4,5.5
Tennessee,Season peak percentage,percent,0.004,Bin,5.5,5.6
Tennessee,Season peak percentage,percent,0.008,Bin,5.6,5.7
Tennessee,Season peak percentage,percent,0.006,Bin,5.7,5.8
Tennessee,Season peak percentage,percent,0.008,Bin,5.8,5.9
Tennessee,Season peak percentage,percent,0.008,Bin,5.9,6.0
Tennessee,Season peak percentage,percent,0.006,Bin,6.0,6.1
Tennessee,Season peak percentage,percent,0.008,Bin,6.1,6.2
Tennessee,Season peak percentage,percent,0.008,Bin,6.2,6.3
Tennessee,Season peak percentage,percent,0.01,Bin,6.3,6.4
Tennessee,Season peak percentage,percent,0.006,Bin,6.4,6.5
Tennessee,Season peak percentage,percent,0.006,Bin,6.5,6.6
Tennessee,Season peak percentage,percent,0.004,Bin,6.6,6.7
Tennessee,Season peak percentage,percent,0.006,Bin,6.7,6.8
Tennessee,Season peak percentage,percent,0.002,Bin,6.8,6.9
Tennessee,Season peak percentage,percent,0.002,Bin,6.9,7.0
Tennessee,Season peak percentage,percent,0.006,Bin,7.0,7.1
Tennessee,Season peak percentage,percent,0.012,Bin,7.1,7.2
Tennessee,Season peak percentage,percent,0.008,Bin,7.2,7.3
Tennessee,Season peak percentage,percent,0.004,Bin,7.3,7.4
Tennessee,Season peak percentage,percent,0.008,Bin,7.4,7.5
Tennessee,Season peak percentage,percent,0.002,Bin,7.5,7.6
Tennessee,Season peak percentage,percent,0.004,Bin,7.6,7.7
Tennessee,Season peak percentage,percent,0.004,Bin,7.7,7.8
Tennessee,Season peak percentage,percent,0,Bin,7.8,7.9
Tennessee,Season peak percentage,percent,0.008,Bin,7.9,8.0
Tennessee,Season peak percentage,percent,0.008,Bin,8.0,8.1
Tennessee,Season peak percentage,percent,0.002,Bin,8.1,8.2
Tennessee,Season peak percentage,percent,0.008,Bin,8.2,8.3
Tennessee,Season peak percentage,percent,0.002,Bin,8.3,8.4
Tennessee,Season peak percentage,percent,0.002,Bin,8.4,8.5
Tennessee,Season peak percentage,percent,0.006,Bin,8.5,8.6
Tennessee,Season peak percentage,percent,0,Bin,8.6,8.7
Tennessee,Season peak percentage,percent,0.002,Bin,8.7,8.8
Tennessee,Season peak percentage,percent,0.006,Bin,8.8,8.9
Tennessee,Season peak percentage,percent,0.002,Bin,8.9,9.0
Tennessee,Season peak percentage,percent,0.004,Bin,9.0,9.1
Tennessee,Season peak percentage,percent,0.002,Bin,9.1,9.2
Tennessee,Season peak percentage,percent,0.002,Bin,9.2,9.3
Tennessee,Season peak percentage,percent,0.004,Bin,9.3,9.4
Tennessee,Season peak percentage,percent,0.002,Bin,9.4,9.5
Tennessee,Season peak percentage,percent,0.006,Bin,9.5,9.6
Tennessee,Season peak percentage,percent,0.004,Bin,9.6,9.7
Tennessee,Season peak percentage,percent,0.002,Bin,9.7,9.8
Tennessee,Season peak percentage,percent,0.004,Bin,9.8,9.9
Tennessee,Season peak percentage,percent,0.002,Bin,9.9,10.0
Tennessee,Season peak percentage,percent,0.006,Bin,10.0,10.1
Tennessee,Season peak percentage,percent,0.002,Bin,10.1,10.2
Tennessee,Season peak percentage,percent,0.004,Bin,10.2,10.3
Tennessee,Season peak percentage,percent,0,Bin,10.3,10.4
Tennessee,Season peak percentage,percent,0,Bin,10.4,10.5
Tennessee,Season peak percentage,percent,0,Bin,10.5,10.6
Tennessee,Season peak percentage,percent,0.008,Bin,10.6,10.7
Tennessee,Season peak percentage,percent,0.002,Bin,10.7,10.8
Tennessee,Season peak percentage,percent,0.002,Bin,10.8,10.9
Tennessee,Season peak percentage,percent,0.002,Bin,10.9,11.0
Tennessee,Season peak percentage,percent,0.002,Bin,11.0,11.1
Tennessee,Season peak percentage,percent,0,Bin,11.1,11.2
Tennessee,Season peak percentage,percent,0.004,Bin,11.2,11.3
Tennessee,Season peak percentage,percent,0.002,Bin,11.3,11.4
Tennessee,Season peak percentage,percent,0.002,Bin,11.4,11.5
Tennessee,Season peak percentage,percent,0.002,Bin,11.5,11.6
Tennessee,Season peak percentage,percent,0.002,Bin,11.6,11.7
Tennessee,Season peak percentage,percent,0,Bin,11.7,11.8
Tennessee,Season peak percentage,percent,0.002,Bin,11.8,11.9
Tennessee,Season peak percentage,percent,0.002,Bin,11.9,12.0
Tennessee,Season peak percentage,percent,0.002,Bin,12.0,12.1
Tennessee,Season peak percentage,percent,0,Bin,12.1,12.2
Tennessee,Season peak percentage,percent,0,Bin,12.2,12.3
Tennessee,Season peak percentage,percent,0,Bin,12.3,12.4
Tennessee,Season peak percentage,percent,0,Bin,12.4,12.5
Tennessee,Season peak percentage,percent,0.002,Bin,12.5,12.6
Tennessee,Season peak percentage,percent,0,Bin,12.6,12.7
Tennessee,Season peak percentage,percent,0.002,Bin,12.7,12.8
Tennessee,Season peak percentage,percent,0.002,Bin,12.8,12.9
Tennessee,Season peak percentage,percent,0,Bin,12.9,13.0
Tennessee,Season peak percentage,percent,0.08,Bin,13.0,100.0
Tennessee,Season peak week,week,0,Bin,40.0,41.0
Tennessee,Season peak week,week,0,Bin,41.0,42.0
Tennessee,Season peak week,week,0,Bin,42.0,43.0
Tennessee,Season peak week,week,0,Bin,43.0,44.0
Tennessee,Season peak week,week,0,Bin,44.0,45.0
Tennessee,Season peak week,week,0,Bin,45.0,46.0
Tennessee,Season peak week,week,0,Bin,46.0,47.0
Tennessee,Season peak week,week,0,Bin,47.0,48.0
Tennessee,Season peak week,week,0,Bin,48.0,49.0
Tennessee,Season peak week,week,0.0502793296089385,Bin,49.0,50.0
Tennessee,Season peak week,week,0.0409683426443203,Bin,50.0,51.0
Tennessee,Season peak week,week,0.0521415270018622,Bin,51.0,52.0
Tennessee,Season peak week,week,0.0819366852886406,Bin,52.0,53.0
Tennessee,Season peak week,week,0.0670391061452514,Bin,1.0,2.0
Tennessee,Season peak week,week,0.0689013035381751,Bin,2.0,3.0
Tennessee,Season peak week,week,0.111731843575419,Bin,3.0,4.0
Tennessee,Season peak week,week,0.0875232774674116,Bin,4.0,5.0
Tennessee,Season peak week,week,0.0763500931098696,Bin,5.0,6.0
Tennessee,Season peak week,week,0.0986964618249535,Bin,6.0,7.0
Tennessee,Season peak week,week,0.0633147113594041,Bin,7.0,8.0
Tennessee,Season peak week,week,0.0484171322160149,Bin,8.0,9.0
Tennessee,Season peak week,week,0.0428305400372439,Bin,9.0,10.0
Tennessee,Season peak week,week,0.031657355679702,Bin,10.0,11.0
Tennessee,Season peak week,week,0.0167597765363128,Bin,11.0,12.0
Tennessee,Season peak week,week,0.0148975791433892,Bin,12.0,13.0
Tennessee,Season peak week,week,0.0130353817504655,Bin,13.0,14.0
Tennessee,Season peak week,week,0.0148975791433892,Bin,14.0,15.0
Tennessee,Season peak week,week,0.0037243947858473,Bin,15.0,16.0
Tennessee,Season peak week,week,0.0037243947858473,Bin,16.0,17.0
Tennessee,Season peak week,week,0.00558659217877095,Bin,17.0,18.0
Tennessee,Season peak week,week,0.0037243947858473,Bin,18.0,19.0
Tennessee,Season peak week,week,0.00186219739292365,Bin,19.0,20.0
Tennessee,Season peak week,week,0,Bin,20.0,21.0
Texas,1 wk ahead,percent,0,Bin,0.0,0.1
Texas,1 wk ahead,percent,0,Bin,0.1,0.2
Texas,1 wk ahead,percent,0,Bin,0.2,0.3
Texas,1 wk ahead,percent,0,Bin,0.3,0.4
Texas,1 wk ahead,percent,0,Bin,0.4,0.5
Texas,1 wk ahead,percent,0,Bin,0.5,0.6
Texas,1 wk ahead,percent,0,Bin,0.6,0.7
Texas,1 wk ahead,percent,0,Bin,0.7,0.8
Texas,1 wk ahead,percent,0,Bin,0.8,0.9
Texas,1 wk ahead,percent,0,Bin,0.9,1.0
Texas,1 wk ahead,percent,0,Bin,1.0,1.1
Texas,1 wk ahead,percent,0,Bin,1.1,1.2
Texas,1 wk ahead,percent,0,Bin,1.2,1.3
Texas,1 wk ahead,percent,0,Bin,1.3,1.4
Texas,1 wk ahead,percent,0,Bin,1.4,1.5
Texas,1 wk ahead,percent,0,Bin,1.5,1.6
Texas,1 wk ahead,percent,0,Bin,1.6,1.7
Texas,1 wk ahead,percent,0,Bin,1.7,1.8
Texas,1 wk ahead,percent,0,Bin,1.8,1.9
Texas,1 wk ahead,percent,0,Bin,1.9,2.0
Texas,1 wk ahead,percent,0,Bin,2.0,2.1
Texas,1 wk ahead,percent,0,Bin,2.1,2.2
Texas,1 wk ahead,percent,0,Bin,2.2,2.3
Texas,1 wk ahead,percent,0,Bin,2.3,2.4
Texas,1 wk ahead,percent,0,Bin,2.4,2.5
Texas,1 wk ahead,percent,0,Bin,2.5,2.6
Texas,1 wk ahead,percent,0,Bin,2.6,2.7
Texas,1 wk ahead,percent,0,Bin,2.7,2.8
Texas,1 wk ahead,percent,0,Bin,2.8,2.9
Texas,1 wk ahead,percent,0,Bin,2.9,3.0
Texas,1 wk ahead,percent,0.002,Bin,3.0,3.1
Texas,1 wk ahead,percent,0.004,Bin,3.1,3.2
Texas,1 wk ahead,percent,0.002,Bin,3.2,3.3
Texas,1 wk ahead,percent,0,Bin,3.3,3.4
Texas,1 wk ahead,percent,0,Bin,3.4,3.5
Texas,1 wk ahead,percent,0,Bin,3.5,3.6
Texas,1 wk ahead,percent,0.002,Bin,3.6,3.7
Texas,1 wk ahead,percent,0,Bin,3.7,3.8
Texas,1 wk ahead,percent,0,Bin,3.8,3.9
Texas,1 wk ahead,percent,0.002,Bin,3.9,4.0
Texas,1 wk ahead,percent,0.004,Bin,4.0,4.1
Texas,1 wk ahead,percent,0.006,Bin,4.1,4.2
Texas,1 wk ahead,percent,0,Bin,4.2,4.3
Texas,1 wk ahead,percent,0.002,Bin,4.3,4.4
Texas,1 wk ahead,percent,0.004,Bin,4.4,4.5
Texas,1 wk ahead,percent,0.014,Bin,4.5,4.6
Texas,1 wk ahead,percent,0.02,Bin,4.6,4.7
Texas,1 wk ahead,percent,0.002,Bin,4.7,4.8
Texas,1 wk ahead,percent,0.018,Bin,4.8,4.9
Texas,1 wk ahead,percent,0.008,Bin,4.9,5.0
Texas,1 wk ahead,percent,0.018,Bin,5.0,5.1
Texas,1 wk ahead,percent,0.03,Bin,5.1,5.2
Texas,1 wk ahead,percent,0.026,Bin,5.2,5.3
Texas,1 wk ahead,percent,0.012,Bin,5.3,5.4
Texas,1 wk ahead,percent,0.01,Bin,5.4,5.5
Texas,1 wk ahead,percent,0.022,Bin,5.5,5.6
Texas,1 wk ahead,percent,0.024,Bin,5.6,5.7
Texas,1 wk ahead,percent,0.028,Bin,5.7,5.8
Texas,1 wk ahead,percent,0.052,Bin,5.8,5.9
Texas,1 wk ahead,percent,0.02,Bin,5.9,6.0
Texas,1 wk ahead,percent,0.028,Bin,6.0,6.1
Texas,1 wk ahead,percent,0.038,Bin,6.1,6.2
Texas,1 wk ahead,percent,0.024,Bin,6.2,6.3
Texas,1 wk ahead,percent,0.014,Bin,6.3,6.4
Texas,1 wk ahead,percent,0.01,Bin,6.4,6.5
Texas,1 wk ahead,percent,0.02,Bin,6.5,6.6
Texas,1 wk ahead,percent,0.03,Bin,6.6,6.7
Texas,1 wk ahead,percent,0.022,Bin,6.7,6.8
Texas,1 wk ahead,percent,0.034,Bin,6.8,6.9
Texas,1 wk ahead,percent,0.016,Bin,6.9,7.0
Texas,1 wk ahead,percent,0.002,Bin,7.0,7.1
Texas,1 wk ahead,percent,0.04,Bin,7.1,7.2
Texas,1 wk ahead,percent,0.008,Bin,7.2,7.3
Texas,1 wk ahead,percent,0.022,Bin,7.3,7.4
Texas,1 wk ahead,percent,0.008,Bin,7.4,7.5
Texas,1 wk ahead,percent,0.034,Bin,7.5,7.6
Texas,1 wk ahead,percent,0.012,Bin,7.6,7.7
Texas,1 wk ahead,percent,0.012,Bin,7.7,7.8
Texas,1 wk ahead,percent,0.026,Bin,7.8,7.9
Texas,1 wk ahead,percent,0.024,Bin,7.9,8.0
Texas,1 wk ahead,percent,0.01,Bin,8.0,8.1
Texas,1 wk ahead,percent,0,Bin,8.1,8.2
Texas,1 wk ahead,percent,0.014,Bin,8.2,8.3
Texas,1 wk ahead,percent,0.018,Bin,8.3,8.4
Texas,1 wk ahead,percent,0.004,Bin,8.4,8.5
Texas,1 wk ahead,percent,0.018,Bin,8.5,8.6
Texas,1 wk ahead,percent,0.006,Bin,8.6,8.7
Texas,1 wk ahead,percent,0.016,Bin,8.7,8.8
Texas,1 wk ahead,percent,0.002,Bin,8.8,8.9
Texas,1 wk ahead,percent,0.01,Bin,8.9,9.0
Texas,1 wk ahead,percent,0.014,Bin,9.0,9.1
Texas,1 wk ahead,percent,0.014,Bin,9.1,9.2
Texas,1 wk ahead,percent,0,Bin,9.2,9.3
Texas,1 wk ahead,percent,0.006,Bin,9.3,9.4
Texas,1 wk ahead,percent,0.002,Bin,9.4,9.5
Texas,1 wk ahead,percent,0,Bin,9.5,9.6
Texas,1 wk ahead,percent,0,Bin,9.6,9.7
Texas,1 wk ahead,percent,0.006,Bin,9.7,9.8
Texas,1 wk ahead,percent,0.002,Bin,9.8,9.9
Texas,1 wk ahead,percent,0.014,Bin,9.9,10.0
Texas,1 wk ahead,percent,0.002,Bin,10.0,10.1
Texas,1 wk ahead,percent,0.004,Bin,10.1,10.2
Texas,1 wk ahead,percent,0.006,Bin,10.2,10.3
Texas,1 wk ahead,percent,0.002,Bin,10.3,10.4
Texas,1 wk ahead,percent,0.002,Bin,10.4,10.5
Texas,1 wk ahead,percent,0.002,Bin,10.5,10.6
Texas,1 wk ahead,percent,0,Bin,10.6,10.7
Texas,1 wk ahead,percent,0,Bin,10.7,10.8
Texas,1 wk ahead,percent,0.004,Bin,10.8,10.9
Texas,1 wk ahead,percent,0,Bin,10.9,11.0
Texas,1 wk ahead,percent,0.004,Bin,11.0,11.1
Texas,1 wk ahead,percent,0.002,Bin,11.1,11.2
Texas,1 wk ahead,percent,0,Bin,11.2,11.3
Texas,1 wk ahead,percent,0,Bin,11.3,11.4
Texas,1 wk ahead,percent,0.006,Bin,11.4,11.5
Texas,1 wk ahead,percent,0,Bin,11.5,11.6
Texas,1 wk ahead,percent,0,Bin,11.6,11.7
Texas,1 wk ahead,percent,0,Bin,11.7,11.8
Texas,1 wk ahead,percent,0,Bin,11.8,11.9
Texas,1 wk ahead,percent,0,Bin,11.9,12.0
Texas,1 wk ahead,percent,0,Bin,12.0,12.1
Texas,1 wk ahead,percent,0.008,Bin,12.1,12.2
Texas,1 wk ahead,percent,0,Bin,12.2,12.3
Texas,1 wk ahead,percent,0,Bin,12.3,12.4
Texas,1 wk ahead,percent,0,Bin,12.4,12.5
Texas,1 wk ahead,percent,0,Bin,12.5,12.6
Texas,1 wk ahead,percent,0,Bin,12.6,12.7
Texas,1 wk ahead,percent,0,Bin,12.7,12.8
Texas,1 wk ahead,percent,0,Bin,12.8,12.9
Texas,1 wk ahead,percent,0,Bin,12.9,13.0
Texas,1 wk ahead,percent,0.046,Bin,13.0,100.0
Texas,2 wk ahead,percent,0,Bin,0.0,0.1
Texas,2 wk ahead,percent,0,Bin,0.1,0.2
Texas,2 wk ahead,percent,0,Bin,0.2,0.3
Texas,2 wk ahead,percent,0,Bin,0.3,0.4
Texas,2 wk ahead,percent,0,Bin,0.4,0.5
Texas,2 wk ahead,percent,0,Bin,0.5,0.6
Texas,2 wk ahead,percent,0,Bin,0.6,0.7
Texas,2 wk ahead,percent,0,Bin,0.7,0.8
Texas,2 wk ahead,percent,0,Bin,0.8,0.9
Texas,2 wk ahead,percent,0,Bin,0.9,1.0
Texas,2 wk ahead,percent,0,Bin,1.0,1.1
Texas,2 wk ahead,percent,0,Bin,1.1,1.2
Texas,2 wk ahead,percent,0,Bin,1.2,1.3
Texas,2 wk ahead,percent,0,Bin,1.3,1.4
Texas,2 wk ahead,percent,0,Bin,1.4,1.5
Texas,2 wk ahead,percent,0,Bin,1.5,1.6
Texas,2 wk ahead,percent,0,Bin,1.6,1.7
Texas,2 wk ahead,percent,0,Bin,1.7,1.8
Texas,2 wk ahead,percent,0,Bin,1.8,1.9
Texas,2 wk ahead,percent,0,Bin,1.9,2.0
Texas,2 wk ahead,percent,0,Bin,2.0,2.1
Texas,2 wk ahead,percent,0,Bin,2.1,2.2
Texas,2 wk ahead,percent,0,Bin,2.2,2.3
Texas,2 wk ahead,percent,0,Bin,2.3,2.4
Texas,2 wk ahead,percent,0,Bin,2.4,2.5
Texas,2 wk ahead,percent,0,Bin,2.5,2.6
Texas,2 wk ahead,percent,0,Bin,2.6,2.7
Texas,2 wk ahead,percent,0,Bin,2.7,2.8
Texas,2 wk ahead,percent,0.002,Bin,2.8,2.9
Texas,2 wk ahead,percent,0,Bin,2.9,3.0
Texas,2 wk ahead,percent,0,Bin,3.0,3.1
Texas,2 wk ahead,percent,0.002,Bin,3.1,3.2
Texas,2 wk ahead,percent,0.002,Bin,3.2,3.3
Texas,2 wk ahead,percent,0.002,Bin,3.3,3.4
Texas,2 wk ahead,percent,0,Bin,3.4,3.5
Texas,2 wk ahead,percent,0,Bin,3.5,3.6
Texas,2 wk ahead,percent,0,Bin,3.6,3.7
Texas,2 wk ahead,percent,0.004,Bin,3.7,3.8
Texas,2 wk ahead,percent,0.002,Bin,3.8,3.9
Texas,2 wk ahead,percent,0,Bin,3.9,4.0
Texas,2 wk ahead,percent,0,Bin,4.0,4.1
Texas,2 wk ahead,percent,0,Bin,4.1,4.2
Texas,2 wk ahead,percent,0.002,Bin,4.2,4.3
Texas,2 wk ahead,percent,0.004,Bin,4.3,4.4
Texas,2 wk ahead,percent,0.004,Bin,4.4,4.5
Texas,2 wk ahead,percent,0.002,Bin,4.5,4.6
Texas,2 wk ahead,percent,0.006,Bin,4.6,4.7
Texas,2 wk ahead,percent,0.002,Bin,4.7,4.8
Texas,2 wk ahead,percent,0.008,Bin,4.8,4.9
Texas,2 wk ahead,percent,0.004,Bin,4.9,5.0
Texas,2 wk ahead,percent,0.002,Bin,5.0,5.1
Texas,2 wk ahead,percent,0.004,Bin,5.1,5.2
Texas,2 wk ahead,percent,0.006,Bin,5.2,5.3
Texas,2 wk ahead,percent,0.006,Bin,5.3,5.4
Texas,2 wk ahead,percent,0.012,Bin,5.4,5.5
Texas,2 wk ahead,percent,0.012,Bin,5.5,5.6
Texas,2 wk ahead,percent,0.012,Bin,5.6,5.7
Texas,2 wk ahead,percent,0.008,Bin,5.7,5.8
Texas,2 wk ahead,percent,0.022,Bin,5.8,5.9
Texas,2 wk ahead,percent,0.01,Bin,5.9,6.0
Texas,2 wk ahead,percent,0.018,Bin,6.0,6.1
Texas,2 wk ahead,percent,0.008,Bin,6.1,6.2
Texas,2 wk ahead,percent,0.014,Bin,6.2,6.3
Texas,2 wk ahead,percent,0.02,Bin,6.3,6.4
Texas,2 wk ahead,percent,0.036,Bin,6.4,6.5
Texas,2 wk ahead,percent,0.014,Bin,6.5,6.6
Texas,2 wk ahead,percent,0.026,Bin,6.6,6.7
Texas,2 wk ahead,percent,0.018,Bin,6.7,6.8
Texas,2 wk ahead,percent,0.014,Bin,6.8,6.9
Texas,2 wk ahead,percent,0.022,Bin,6.9,7.0
Texas,2 wk ahead,percent,0.02,Bin,7.0,7.1
Texas,2 wk ahead,percent,0.006,Bin,7.1,7.2
Texas,2 wk ahead,percent,0.026,Bin,7.2,7.3
Texas,2 wk ahead,percent,0.014,Bin,7.3,7.4
Texas,2 wk ahead,percent,0.014,Bin,7.4,7.5
Texas,2 wk ahead,percent,0.016,Bin,7.5,7.6
Texas,2 wk ahead,percent,0.018,Bin,7.6,7.7
Texas,2 wk ahead,percent,0.024,Bin,7.7,7.8
Texas,2 wk ahead,percent,0.014,Bin,7.8,7.9
Texas,2 wk ahead,percent,0.01,Bin,7.9,8.0
Texas,2 wk ahead,percent,0.024,Bin,8.0,8.1
Texas,2 wk ahead,percent,0.018,Bin,8.1,8.2
Texas,2 wk ahead,percent,0.014,Bin,8.2,8.3
Texas,2 wk ahead,percent,0.01,Bin,8.3,8.4
Texas,2 wk ahead,percent,0.008,Bin,8.4,8.5
Texas,2 wk ahead,percent,0.016,Bin,8.5,8.6
Texas,2 wk ahead,percent,0.018,Bin,8.6,8.7
Texas,2 wk ahead,percent,0.014,Bin,8.7,8.8
Texas,2 wk ahead,percent,0.012,Bin,8.8,8.9
Texas,2 wk ahead,percent,0.01,Bin,8.9,9.0
Texas,2 wk ahead,percent,0.014,Bin,9.0,9.1
Texas,2 wk ahead,percent,0.012,Bin,9.1,9.2
Texas,2 wk ahead,percent,0.01,Bin,9.2,9.3
Texas,2 wk ahead,percent,0.01,Bin,9.3,9.4
Texas,2 wk ahead,percent,0.01,Bin,9.4,9.5
Texas,2 wk ahead,percent,0.008,Bin,9.5,9.6
Texas,2 wk ahead,percent,0.012,Bin,9.6,9.7
Texas,2 wk ahead,percent,0.01,Bin,9.7,9.8
Texas,2 wk ahead,percent,0.014,Bin,9.8,9.9
Texas,2 wk ahead,percent,0.008,Bin,9.9,10.0
Texas,2 wk ahead,percent,0.012,Bin,10.0,10.1
Texas,2 wk ahead,percent,0.006,Bin,10.1,10.2
Texas,2 wk ahead,percent,0.01,Bin,10.2,10.3
Texas,2 wk ahead,percent,0.006,Bin,10.3,10.4
Texas,2 wk ahead,percent,0.006,Bin,10.4,10.5
Texas,2 wk ahead,percent,0.002,Bin,10.5,10.6
Texas,2 wk ahead,percent,0.006,Bin,10.6,10.7
Texas,2 wk ahead,percent,0.004,Bin,10.7,10.8
Texas,2 wk ahead,percent,0.006,Bin,10.8,10.9
Texas,2 wk ahead,percent,0.006,Bin,10.9,11.0
Texas,2 wk ahead,percent,0.01,Bin,11.0,11.1
Texas,2 wk ahead,percent,0.008,Bin,11.1,11.2
Texas,2 wk ahead,percent,0.006,Bin,11.2,11.3
Texas,2 wk ahead,percent,0.004,Bin,11.3,11.4
Texas,2 wk ahead,percent,0.006,Bin,11.4,11.5
Texas,2 wk ahead,percent,0.006,Bin,11.5,11.6
Texas,2 wk ahead,percent,0.006,Bin,11.6,11.7
Texas,2 wk ahead,percent,0.008,Bin,11.7,11.8
Texas,2 wk ahead,percent,0,Bin,11.8,11.9
Texas,2 wk ahead,percent,0.004,Bin,11.9,12.0
Texas,2 wk ahead,percent,0.002,Bin,12.0,12.1
Texas,2 wk ahead,percent,0.004,Bin,12.1,12.2
Texas,2 wk ahead,percent,0.004,Bin,12.2,12.3
Texas,2 wk ahead,percent,0.002,Bin,12.3,12.4
Texas,2 wk ahead,percent,0,Bin,12.4,12.5
Texas,2 wk ahead,percent,0.006,Bin,12.5,12.6
Texas,2 wk ahead,percent,0,Bin,12.6,12.7
Texas,2 wk ahead,percent,0.002,Bin,12.7,12.8
Texas,2 wk ahead,percent,0.006,Bin,12.8,12.9
Texas,2 wk ahead,percent,0.002,Bin,12.9,13.0
Texas,2 wk ahead,percent,0.106,Bin,13.0,100.0
Texas,3 wk ahead,percent,0,Bin,0.0,0.1
Texas,3 wk ahead,percent,0,Bin,0.1,0.2
Texas,3 wk ahead,percent,0,Bin,0.2,0.3
Texas,3 wk ahead,percent,0,Bin,0.3,0.4
Texas,3 wk ahead,percent,0,Bin,0.4,0.5
Texas,3 wk ahead,percent,0,Bin,0.5,0.6
Texas,3 wk ahead,percent,0,Bin,0.6,0.7
Texas,3 wk ahead,percent,0,Bin,0.7,0.8
Texas,3 wk ahead,percent,0,Bin,0.8,0.9
Texas,3 wk ahead,percent,0,Bin,0.9,1.0
Texas,3 wk ahead,percent,0,Bin,1.0,1.1
Texas,3 wk ahead,percent,0,Bin,1.1,1.2
Texas,3 wk ahead,percent,0,Bin,1.2,1.3
Texas,3 wk ahead,percent,0,Bin,1.3,1.4
Texas,3 wk ahead,percent,0,Bin,1.4,1.5
Texas,3 wk ahead,percent,0,Bin,1.5,1.6
Texas,3 wk ahead,percent,0,Bin,1.6,1.7
Texas,3 wk ahead,percent,0,Bin,1.7,1.8
Texas,3 wk ahead,percent,0,Bin,1.8,1.9
Texas,3 wk ahead,percent,0,Bin,1.9,2.0
Texas,3 wk ahead,percent,0,Bin,2.0,2.1
Texas,3 wk ahead,percent,0,Bin,2.1,2.2
Texas,3 wk ahead,percent,0,Bin,2.2,2.3
Texas,3 wk ahead,percent,0,Bin,2.3,2.4
Texas,3 wk ahead,percent,0,Bin,2.4,2.5
Texas,3 wk ahead,percent,0,Bin,2.5,2.6
Texas,3 wk ahead,percent,0,Bin,2.6,2.7
Texas,3 wk ahead,percent,0,Bin,2.7,2.8
Texas,3 wk ahead,percent,0,Bin,2.8,2.9
Texas,3 wk ahead,percent,0,Bin,2.9,3.0
Texas,3 wk ahead,percent,0,Bin,3.0,3.1
Texas,3 wk ahead,percent,0,Bin,3.1,3.2
Texas,3 wk ahead,percent,0.00200803212851406,Bin,3.2,3.3
Texas,3 wk ahead,percent,0.00401606425702811,Bin,3.3,3.4
Texas,3 wk ahead,percent,0.00401606425702811,Bin,3.4,3.5
Texas,3 wk ahead,percent,0,Bin,3.5,3.6
Texas,3 wk ahead,percent,0,Bin,3.6,3.7
Texas,3 wk ahead,percent,0.00401606425702811,Bin,3.7,3.8
Texas,3 wk ahead,percent,0.00200803212851406,Bin,3.8,3.9
Texas,3 wk ahead,percent,0.00401606425702811,Bin,3.9,4.0
Texas,3 wk ahead,percent,0.00200803212851406,Bin,4.0,4.1
Texas,3 wk ahead,percent,0.00602409638554217,Bin,4.1,4.2
Texas,3 wk ahead,percent,0.00401606425702811,Bin,4.2,4.3
Texas,3 wk ahead,percent,0.00602409638554217,Bin,4.3,4.4
Texas,3 wk ahead,percent,0.00200803212851406,Bin,4.4,4.5
Texas,3 wk ahead,percent,0.00401606425702811,Bin,4.5,4.6
Texas,3 wk ahead,percent,0.00401606425702811,Bin,4.6,4.7
Texas,3 wk ahead,percent,0.00401606425702811,Bin,4.7,4.8
Texas,3 wk ahead,percent,0.00602409638554217,Bin,4.8,4.9
Texas,3 wk ahead,percent,0.00602409638554217,Bin,4.9,5.0
Texas,3 wk ahead,percent,0.0140562248995984,Bin,5.0,5.1
Texas,3 wk ahead,percent,0.00602409638554217,Bin,5.1,5.2
Texas,3 wk ahead,percent,0.0120481927710843,Bin,5.2,5.3
Texas,3 wk ahead,percent,0.00401606425702811,Bin,5.3,5.4
Texas,3 wk ahead,percent,0.0100401606425703,Bin,5.4,5.5
Texas,3 wk ahead,percent,0.00602409638554217,Bin,5.5,5.6
Texas,3 wk ahead,percent,0.0120481927710843,Bin,5.6,5.7
Texas,3 wk ahead,percent,0.0100401606425703,Bin,5.7,5.8
Texas,3 wk ahead,percent,0.0180722891566265,Bin,5.8,5.9
Texas,3 wk ahead,percent,0.0180722891566265,Bin,5.9,6.0
Texas,3 wk ahead,percent,0.0100401606425703,Bin,6.0,6.1
Texas,3 wk ahead,percent,0.0120481927710843,Bin,6.1,6.2
Texas,3 wk ahead,percent,0.0120481927710843,Bin,6.2,6.3
Texas,3 wk ahead,percent,0.0180722891566265,Bin,6.3,6.4
Texas,3 wk ahead,percent,0.0100401606425703,Bin,6.4,6.5
Texas,3 wk ahead,percent,0.0140562248995984,Bin,6.5,6.6
Texas,3 wk ahead,percent,0.0160642570281124,Bin,6.6,6.7
Texas,3 wk ahead,percent,0.0240963855421687,Bin,6.7,6.8
Texas,3 wk ahead,percent,0.0100401606425703,Bin,6.8,6.9
Texas,3 wk ahead,percent,0.0120481927710843,Bin,6.9,7.0
Texas,3 wk ahead,percent,0.0120481927710843,Bin,7.0,7.1
Texas,3 wk ahead,percent,0.0140562248995984,Bin,7.1,7.2
Texas,3 wk ahead,percent,0.0160642570281124,Bin,7.2,7.3
Texas,3 wk ahead,percent,0.0140562248995984,Bin,7.3,7.4
Texas,3 wk ahead,percent,0.0140562248995984,Bin,7.4,7.5
Texas,3 wk ahead,percent,0.0180722891566265,Bin,7.5,7.6
Texas,3 wk ahead,percent,0.0140562248995984,Bin,7.6,7.7
Texas,3 wk ahead,percent,0.0200803212851406,Bin,7.7,7.8
Texas,3 wk ahead,percent,0.0120481927710843,Bin,7.8,7.9
Texas,3 wk ahead,percent,0.0120481927710843,Bin,7.9,8.0
Texas,3 wk ahead,percent,0.0180722891566265,Bin,8.0,8.1
Texas,3 wk ahead,percent,0.0120481927710843,Bin,8.1,8.2
Texas,3 wk ahead,percent,0.0140562248995984,Bin,8.2,8.3
Texas,3 wk ahead,percent,0.0120481927710843,Bin,8.3,8.4
Texas,3 wk ahead,percent,0.0100401606425703,Bin,8.4,8.5
Texas,3 wk ahead,percent,0.0200803212851406,Bin,8.5,8.6
Texas,3 wk ahead,percent,0.0120481927710843,Bin,8.6,8.7
Texas,3 wk ahead,percent,0.0140562248995984,Bin,8.7,8.8
Texas,3 wk ahead,percent,0.0120481927710843,Bin,8.8,8.9
Texas,3 wk ahead,percent,0.0140562248995984,Bin,8.9,9.0
Texas,3 wk ahead,percent,0.0100401606425703,Bin,9.0,9.1
Texas,3 wk ahead,percent,0.0100401606425703,Bin,9.1,9.2
Texas,3 wk ahead,percent,0.00602409638554217,Bin,9.2,9.3
Texas,3 wk ahead,percent,0.00401606425702811,Bin,9.3,9.4
Texas,3 wk ahead,percent,0.0120481927710843,Bin,9.4,9.5
Texas,3 wk ahead,percent,0.00602409638554217,Bin,9.5,9.6
Texas,3 wk ahead,percent,0.0100401606425703,Bin,9.6,9.7
Texas,3 wk ahead,percent,0.0100401606425703,Bin,9.7,9.8
Texas,3 wk ahead,percent,0.00602409638554217,Bin,9.8,9.9
Texas,3 wk ahead,percent,0.0120481927710843,Bin,9.9,10.0
Texas,3 wk ahead,percent,0.00803212851405622,Bin,10.0,10.1
Texas,3 wk ahead,percent,0,Bin,10.1,10.2
Texas,3 wk ahead,percent,0.0120481927710843,Bin,10.2,10.3
Texas,3 wk ahead,percent,0.00602409638554217,Bin,10.3,10.4
Texas,3 wk ahead,percent,0.00803212851405622,Bin,10.4,10.5
Texas,3 wk ahead,percent,0.00200803212851406,Bin,10.5,10.6
Texas,3 wk ahead,percent,0.00803212851405622,Bin,10.6,10.7
Texas,3 wk ahead,percent,0.0120481927710843,Bin,10.7,10.8
Texas,3 wk ahead,percent,0.00602409638554217,Bin,10.8,10.9
Texas,3 wk ahead,percent,0.00803212851405622,Bin,10.9,11.0
Texas,3 wk ahead,percent,0.0100401606425703,Bin,11.0,11.1
Texas,3 wk ahead,percent,0,Bin,11.1,11.2
Texas,3 wk ahead,percent,0.00401606425702811,Bin,11.2,11.3
Texas,3 wk ahead,percent,0.00200803212851406,Bin,11.3,11.4
Texas,3 wk ahead,percent,0.00602409638554217,Bin,11.4,11.5
Texas,3 wk ahead,percent,0.00401606425702811,Bin,11.5,11.6
Texas,3 wk ahead,percent,0.00401606425702811,Bin,11.6,11.7
Texas,3 wk ahead,percent,0.00200803212851406,Bin,11.7,11.8
Texas,3 wk ahead,percent,0.00803212851405622,Bin,11.8,11.9
Texas,3 wk ahead,percent,0.0100401606425703,Bin,11.9,12.0
Texas,3 wk ahead,percent,0.0100401606425703,Bin,12.0,12.1
Texas,3 wk ahead,percent,0.00401606425702811,Bin,12.1,12.2
Texas,3 wk ahead,percent,0.00602409638554217,Bin,12.2,12.3
Texas,3 wk ahead,percent,0.00401606425702811,Bin,12.3,12.4
Texas,3 wk ahead,percent,0.00401606425702811,Bin,12.4,12.5
Texas,3 wk ahead,percent,0,Bin,12.5,12.6
Texas,3 wk ahead,percent,0.00602409638554217,Bin,12.6,12.7
Texas,3 wk ahead,percent,0.00401606425702811,Bin,12.7,12.8
Texas,3 wk ahead,percent,0.0100401606425703,Bin,12.8,12.9
Texas,3 wk ahead,percent,0.00200803212851406,Bin,12.9,13.0
Texas,3 wk ahead,percent,0.144578313253012,Bin,13.0,100.0
Texas,4 wk ahead,percent,0,Bin,0.0,0.1
Texas,4 wk ahead,percent,0,Bin,0.1,0.2
Texas,4 wk ahead,percent,0,Bin,0.2,0.3
Texas,4 wk ahead,percent,0,Bin,0.3,0.4
Texas,4 wk ahead,percent,0,Bin,0.4,0.5
Texas,4 wk ahead,percent,0,Bin,0.5,0.6
Texas,4 wk ahead,percent,0,Bin,0.6,0.7
Texas,4 wk ahead,percent,0,Bin,0.7,0.8
Texas,4 wk ahead,percent,0,Bin,0.8,0.9
Texas,4 wk ahead,percent,0,Bin,0.9,1.0
Texas,4 wk ahead,percent,0,Bin,1.0,1.1
Texas,4 wk ahead,percent,0,Bin,1.1,1.2
Texas,4 wk ahead,percent,0,Bin,1.2,1.3
Texas,4 wk ahead,percent,0,Bin,1.3,1.4
Texas,4 wk ahead,percent,0,Bin,1.4,1.5
Texas,4 wk ahead,percent,0,Bin,1.5,1.6
Texas,4 wk ahead,percent,0,Bin,1.6,1.7
Texas,4 wk ahead,percent,0,Bin,1.7,1.8
Texas,4 wk ahead,percent,0,Bin,1.8,1.9
Texas,4 wk ahead,percent,0,Bin,1.9,2.0
Texas,4 wk ahead,percent,0,Bin,2.0,2.1
Texas,4 wk ahead,percent,0,Bin,2.1,2.2
Texas,4 wk ahead,percent,0,Bin,2.2,2.3
Texas,4 wk ahead,percent,0,Bin,2.3,2.4
Texas,4 wk ahead,percent,0.002,Bin,2.4,2.5
Texas,4 wk ahead,percent,0,Bin,2.5,2.6
Texas,4 wk ahead,percent,0,Bin,2.6,2.7
Texas,4 wk ahead,percent,0,Bin,2.7,2.8
Texas,4 wk ahead,percent,0,Bin,2.8,2.9
Texas,4 wk ahead,percent,0.002,Bin,2.9,3.0
Texas,4 wk ahead,percent,0.002,Bin,3.0,3.1
Texas,4 wk ahead,percent,0.004,Bin,3.1,3.2
Texas,4 wk ahead,percent,0,Bin,3.2,3.3
Texas,4 wk ahead,percent,0.004,Bin,3.3,3.4
Texas,4 wk ahead,percent,0.002,Bin,3.4,3.5
Texas,4 wk ahead,percent,0.002,Bin,3.5,3.6
Texas,4 wk ahead,percent,0.008,Bin,3.6,3.7
Texas,4 wk ahead,percent,0.006,Bin,3.7,3.8
Texas,4 wk ahead,percent,0.01,Bin,3.8,3.9
Texas,4 wk ahead,percent,0.006,Bin,3.9,4.0
Texas,4 wk ahead,percent,0.006,Bin,4.0,4.1
Texas,4 wk ahead,percent,0.006,Bin,4.1,4.2
Texas,4 wk ahead,percent,0.014,Bin,4.2,4.3
Texas,4 wk ahead,percent,0.01,Bin,4.3,4.4
Texas,4 wk ahead,percent,0.014,Bin,4.4,4.5
Texas,4 wk ahead,percent,0.008,Bin,4.5,4.6
Texas,4 wk ahead,percent,0.01,Bin,4.6,4.7
Texas,4 wk ahead,percent,0.006,Bin,4.7,4.8
Texas,4 wk ahead,percent,0.008,Bin,4.8,4.9
Texas,4 wk ahead,percent,0.02,Bin,4.9,5.0
Texas,4 wk ahead,percent,0.024,Bin,5.0,5.1
Texas,4 wk ahead,percent,0.012,Bin,5.1,5.2
Texas,4 wk ahead,percent,0.006,Bin,5.2,5.3
Texas,4 wk ahead,percent,0.018,Bin,5.3,5.4
Texas,4 wk ahead,percent,0.018,Bin,5.4,5.5
Texas,4 wk ahead,percent,0.014,Bin,5.5,5.6
Texas,4 wk ahead,percent,0.02,Bin,5.6,5.7
Texas,4 wk ahead,percent,0.016,Bin,5.7,5.8
Texas,4 wk ahead,percent,0.02,Bin,5.8,5.9
Texas,4 wk ahead,percent,0.022,Bin,5.9,6.0
Texas,4 wk ahead,percent,0.022,Bin,6.0,6.1
Texas,4 wk ahead,percent,0.016,Bin,6.1,6.2
Texas,4 wk ahead,percent,0.016,Bin,6.2,6.3
Texas,4 wk ahead,percent,0.014,Bin,6.3,6.4
Texas,4 wk ahead,percent,0.024,Bin,6.4,6.5
Texas,4 wk ahead,percent,0.018,Bin,6.5,6.6
Texas,4 wk ahead,percent,0.022,Bin,6.6,6.7
Texas,4 wk ahead,percent,0.024,Bin,6.7,6.8
Texas,4 wk ahead,percent,0.018,Bin,6.8,6.9
Texas,4 wk ahead,percent,0.01,Bin,6.9,7.0
Texas,4 wk ahead,percent,0.01,Bin,7.0,7.1
Texas,4 wk ahead,percent,0.012,Bin,7.1,7.2
Texas,4 wk ahead,percent,0.018,Bin,7.2,7.3
Texas,4 wk ahead,percent,0.018,Bin,7.3,7.4
Texas,4 wk ahead,percent,0.016,Bin,7.4,7.5
Texas,4 wk ahead,percent,0.004,Bin,7.5,7.6
Texas,4 wk ahead,percent,0.01,Bin,7.6,7.7
Texas,4 wk ahead,percent,0.012,Bin,7.7,7.8
Texas,4 wk ahead,percent,0.008,Bin,7.8,7.9
Texas,4 wk ahead,percent,0.014,Bin,7.9,8.0
Texas,4 wk ahead,percent,0.006,Bin,8.0,8.1
Texas,4 wk ahead,percent,0.002,Bin,8.1,8.2
Texas,4 wk ahead,percent,0.008,Bin,8.2,8.3
Texas,4 wk ahead,percent,0.006,Bin,8.3,8.4
Texas,4 wk ahead,percent,0.008,Bin,8.4,8.5
Texas,4 wk ahead,percent,0.01,Bin,8.5,8.6
Texas,4 wk ahead,percent,0.006,Bin,8.6,8.7
Texas,4 wk ahead,percent,0.016,Bin,8.7,8.8
Texas,4 wk ahead,percent,0.018,Bin,8.8,8.9
Texas,4 wk ahead,percent,0.01,Bin,8.9,9.0
Texas,4 wk ahead,percent,0.01,Bin,9.0,9.1
Texas,4 wk ahead,percent,0.014,Bin,9.1,9.2
Texas,4 wk ahead,percent,0.006,Bin,9.2,9.3
Texas,4 wk ahead,percent,0.004,Bin,9.3,9.4
Texas,4 wk ahead,percent,0.008,Bin,9.4,9.5
Texas,4 wk ahead,percent,0.002,Bin,9.5,9.6
Texas,4 wk ahead,percent,0.006,Bin,9.6,9.7
Texas,4 wk ahead,percent,0.002,Bin,9.7,9.8
Texas,4 wk ahead,percent,0.012,Bin,9.8,9.9
Texas,4 wk ahead,percent,0.008,Bin,9.9,10.0
Texas,4 wk ahead,percent,0,Bin,10.0,10.1
Texas,4 wk ahead,percent,0.012,Bin,10.1,10.2
Texas,4 wk ahead,percent,0.01,Bin,10.2,10.3
Texas,4 wk ahead,percent,0.01,Bin,10.3,10.4
Texas,4 wk ahead,percent,0.008,Bin,10.4,10.5
Texas,4 wk ahead,percent,0.008,Bin,10.5,10.6
Texas,4 wk ahead,percent,0.008,Bin,10.6,10.7
Texas,4 wk ahead,percent,0.004,Bin,10.7,10.8
Texas,4 wk ahead,percent,0.004,Bin,10.8,10.9
Texas,4 wk ahead,percent,0.008,Bin,10.9,11.0
Texas,4 wk ahead,percent,0,Bin,11.0,11.1
Texas,4 wk ahead,percent,0.004,Bin,11.1,11.2
Texas,4 wk ahead,percent,0.004,Bin,11.2,11.3
Texas,4 wk ahead,percent,0.002,Bin,11.3,11.4
Texas,4 wk ahead,percent,0.006,Bin,11.4,11.5
Texas,4 wk ahead,percent,0.004,Bin,11.5,11.6
Texas,4 wk ahead,percent,0.002,Bin,11.6,11.7
Texas,4 wk ahead,percent,0.002,Bin,11.7,11.8
Texas,4 wk ahead,percent,0.006,Bin,11.8,11.9
Texas,4 wk ahead,percent,0.002,Bin,11.9,12.0
Texas,4 wk ahead,percent,0.004,Bin,12.0,12.1
Texas,4 wk ahead,percent,0.002,Bin,12.1,12.2
Texas,4 wk ahead,percent,0,Bin,12.2,12.3
Texas,4 wk ahead,percent,0,Bin,12.3,12.4
Texas,4 wk ahead,percent,0.002,Bin,12.4,12.5
Texas,4 wk ahead,percent,0,Bin,12.5,12.6
Texas,4 wk ahead,percent,0.002,Bin,12.6,12.7
Texas,4 wk ahead,percent,0.002,Bin,12.7,12.8
Texas,4 wk ahead,percent,0.008,Bin,12.8,12.9
Texas,4 wk ahead,percent,0.004,Bin,12.9,13.0
Texas,4 wk ahead,percent,0.084,Bin,13.0,100.0
Texas,Season peak percentage,percent,0,Bin,0.0,0.1
Texas,Season peak percentage,percent,0,Bin,0.1,0.2
Texas,Season peak percentage,percent,0,Bin,0.2,0.3
Texas,Season peak percentage,percent,0,Bin,0.3,0.4
Texas,Season peak percentage,percent,0,Bin,0.4,0.5
Texas,Season peak percentage,percent,0,Bin,0.5,0.6
Texas,Season peak percentage,percent,0,Bin,0.6,0.7
Texas,Season peak percentage,percent,0,Bin,0.7,0.8
Texas,Season peak percentage,percent,0,Bin,0.8,0.9
Texas,Season peak percentage,percent,0,Bin,0.9,1.0
Texas,Season peak percentage,percent,0,Bin,1.0,1.1
Texas,Season peak percentage,percent,0,Bin,1.1,1.2
Texas,Season peak percentage,percent,0,Bin,1.2,1.3
Texas,Season peak percentage,percent,0,Bin,1.3,1.4
Texas,Season peak percentage,percent,0,Bin,1.4,1.5
Texas,Season peak percentage,percent,0,Bin,1.5,1.6
Texas,Season peak percentage,percent,0,Bin,1.6,1.7
Texas,Season peak percentage,percent,0,Bin,1.7,1.8
Texas,Season peak percentage,percent,0,Bin,1.8,1.9
Texas,Season peak percentage,percent,0,Bin,1.9,2.0
Texas,Season peak percentage,percent,0,Bin,2.0,2.1
Texas,Season peak percentage,percent,0,Bin,2.1,2.2
Texas,Season peak percentage,percent,0,Bin,2.2,2.3
Texas,Season peak percentage,percent,0,Bin,2.3,2.4
Texas,Season peak percentage,percent,0,Bin,2.4,2.5
Texas,Season peak percentage,percent,0,Bin,2.5,2.6
Texas,Season peak percentage,percent,0,Bin,2.6,2.7
Texas,Season peak percentage,percent,0,Bin,2.7,2.8
Texas,Season peak percentage,percent,0,Bin,2.8,2.9
Texas,Season peak percentage,percent,0,Bin,2.9,3.0
Texas,Season peak percentage,percent,0,Bin,3.0,3.1
Texas,Season peak percentage,percent,0,Bin,3.1,3.2
Texas,Season peak percentage,percent,0,Bin,3.2,3.3
Texas,Season peak percentage,percent,0,Bin,3.3,3.4
Texas,Season peak percentage,percent,0,Bin,3.4,3.5
Texas,Season peak percentage,percent,0,Bin,3.5,3.6
Texas,Season peak percentage,percent,0,Bin,3.6,3.7
Texas,Season peak percentage,percent,0,Bin,3.7,3.8
Texas,Season peak percentage,percent,0,Bin,3.8,3.9
Texas,Season peak percentage,percent,0,Bin,3.9,4.0
Texas,Season peak percentage,percent,0,Bin,4.0,4.1
Texas,Season peak percentage,percent,0,Bin,4.1,4.2
Texas,Season peak percentage,percent,0,Bin,4.2,4.3
Texas,Season peak percentage,percent,0,Bin,4.3,4.4
Texas,Season peak percentage,percent,0,Bin,4.4,4.5
Texas,Season peak percentage,percent,0,Bin,4.5,4.6
Texas,Season peak percentage,percent,0,Bin,4.6,4.7
Texas,Season peak percentage,percent,0,Bin,4.7,4.8
Texas,Season peak percentage,percent,0,Bin,4.8,4.9
Texas,Season peak percentage,percent,0,Bin,4.9,5.0
Texas,Season peak percentage,percent,0,Bin,5.0,5.1
Texas,Season peak percentage,percent,0,Bin,5.1,5.2
Texas,Season peak percentage,percent,0,Bin,5.2,5.3
Texas,Season peak percentage,percent,0,Bin,5.3,5.4
Texas,Season peak percentage,percent,0,Bin,5.4,5.5
Texas,Season peak percentage,percent,0,Bin,5.5,5.6
Texas,Season peak percentage,percent,0,Bin,5.6,5.7
Texas,Season peak percentage,percent,0,Bin,5.7,5.8
Texas,Season peak percentage,percent,0,Bin,5.8,5.9
Texas,Season peak percentage,percent,0,Bin,5.9,6.0
Texas,Season peak percentage,percent,0,Bin,6.0,6.1
Texas,Season peak percentage,percent,0,Bin,6.1,6.2
Texas,Season peak percentage,percent,0,Bin,6.2,6.3
Texas,Season peak percentage,percent,0.034,Bin,6.3,6.4
Texas,Season peak percentage,percent,0.006,Bin,6.4,6.5
Texas,Season peak percentage,percent,0.004,Bin,6.5,6.6
Texas,Season peak percentage,percent,0.004,Bin,6.6,6.7
Texas,Season peak percentage,percent,0.008,Bin,6.7,6.8
Texas,Season peak percentage,percent,0.01,Bin,6.8,6.9
Texas,Season peak percentage,percent,0.008,Bin,6.9,7.0
Texas,Season peak percentage,percent,0.008,Bin,7.0,7.1
Texas,Season peak percentage,percent,0.008,Bin,7.1,7.2
Texas,Season peak percentage,percent,0.012,Bin,7.2,7.3
Texas,Season peak percentage,percent,0.004,Bin,7.3,7.4
Texas,Season peak percentage,percent,0.012,Bin,7.4,7.5
Texas,Season peak percentage,percent,0.014,Bin,7.5,7.6
Texas,Season peak percentage,percent,0.008,Bin,7.6,7.7
Texas,Season peak percentage,percent,0.006,Bin,7.7,7.8
Texas,Season peak percentage,percent,0.006,Bin,7.8,7.9
Texas,Season peak percentage,percent,0.002,Bin,7.9,8.0
Texas,Season peak percentage,percent,0.014,Bin,8.0,8.1
Texas,Season peak percentage,percent,0.012,Bin,8.1,8.2
Texas,Season peak percentage,percent,0.018,Bin,8.2,8.3
Texas,Season peak percentage,percent,0.004,Bin,8.3,8.4
Texas,Season peak percentage,percent,0.008,Bin,8.4,8.5
Texas,Season peak percentage,percent,0.014,Bin,8.5,8.6
Texas,Season peak percentage,percent,0.008,Bin,8.6,8.7
Texas,Season peak percentage,percent,0.012,Bin,8.7,8.8
Texas,Season peak percentage,percent,0.008,Bin,8.8,8.9
Texas,Season peak percentage,percent,0.014,Bin,8.9,9.0
Texas,Season peak percentage,percent,0.008,Bin,9.0,9.1
Texas,Season peak percentage,percent,0.01,Bin,9.1,9.2
Texas,Season peak percentage,percent,0.012,Bin,9.2,9.3
Texas,Season peak percentage,percent,0.012,Bin,9.3,9.4
Texas,Season peak percentage,percent,0.014,Bin,9.4,9.5
Texas,Season peak percentage,percent,0.008,Bin,9.5,9.6
Texas,Season peak percentage,percent,0.002,Bin,9.6,9.7
Texas,Season peak percentage,percent,0.008,Bin,9.7,9.8
Texas,Season peak percentage,percent,0.02,Bin,9.8,9.9
Texas,Season peak percentage,percent,0.006,Bin,9.9,10.0
Texas,Season peak percentage,percent,0.012,Bin,10.0,10.1
Texas,Season peak percentage,percent,0.01,Bin,10.1,10.2
Texas,Season peak percentage,percent,0.006,Bin,10.2,10.3
Texas,Season peak percentage,percent,0.012,Bin,10.3,10.4
Texas,Season peak percentage,percent,0.01,Bin,10.4,10.5
Texas,Season peak percentage,percent,0.008,Bin,10.5,10.6
Texas,Season peak percentage,percent,0.01,Bin,10.6,10.7
Texas,Season peak percentage,percent,0.008,Bin,10.7,10.8
Texas,Season peak percentage,percent,0.01,Bin,10.8,10.9
Texas,Season peak percentage,percent,0.012,Bin,10.9,11.0
Texas,Season peak percentage,percent,0.008,Bin,11.0,11.1
Texas,Season peak percentage,percent,0.006,Bin,11.1,11.2
Texas,Season peak percentage,percent,0.004,Bin,11.2,11.3
Texas,Season peak percentage,percent,0.006,Bin,11.3,11.4
Texas,Season peak percentage,percent,0.01,Bin,11.4,11.5
Texas,Season peak percentage,percent,0.01,Bin,11.5,11.6
Texas,Season peak percentage,percent,0.006,Bin,11.6,11.7
Texas,Season peak percentage,percent,0.004,Bin,11.7,11.8
Texas,Season peak percentage,percent,0.008,Bin,11.8,11.9
Texas,Season peak percentage,percent,0.008,Bin,11.9,12.0
Texas,Season peak percentage,percent,0.008,Bin,12.0,12.1
Texas,Season peak percentage,percent,0.008,Bin,12.1,12.2
Texas,Season peak percentage,percent,0.012,Bin,12.2,12.3
Texas,Season peak percentage,percent,0.004,Bin,12.3,12.4
Texas,Season peak percentage,percent,0.002,Bin,12.4,12.5
Texas,Season peak percentage,percent,0.006,Bin,12.5,12.6
Texas,Season peak percentage,percent,0.006,Bin,12.6,12.7
Texas,Season peak percentage,percent,0.012,Bin,12.7,12.8
Texas,Season peak percentage,percent,0.01,Bin,12.8,12.9
Texas,Season peak percentage,percent,0.004,Bin,12.9,13.0
Texas,Season peak percentage,percent,0.394,Bin,13.0,100.0
Texas,Season peak week,week,0,Bin,40.0,41.0
Texas,Season peak week,week,0,Bin,41.0,42.0
Texas,Season peak week,week,0,Bin,42.0,43.0
Texas,Season peak week,week,0,Bin,43.0,44.0
Texas,Season peak week,week,0,Bin,44.0,45.0
Texas,Season peak week,week,0,Bin,45.0,46.0
Texas,Season peak week,week,0,Bin,46.0,47.0
Texas,Season peak week,week,0,Bin,47.0,48.0
Texas,Season peak week,week,0,Bin,48.0,49.0
Texas,Season peak week,week,0.0329457364341085,Bin,49.0,50.0
Texas,Season peak week,week,0.0581395348837209,Bin,50.0,51.0
Texas,Season peak week,week,0.176356589147287,Bin,51.0,52.0
Texas,Season peak week,week,0.242248062015504,Bin,52.0,53.0
Texas,Season peak week,week,0.10077519379845,Bin,1.0,2.0
Texas,Season peak week,week,0.0174418604651163,Bin,2.0,3.0
Texas,Season peak week,week,0.0290697674418605,Bin,3.0,4.0
Texas,Season peak week,week,0.0697674418604651,Bin,4.0,5.0
Texas,Season peak week,week,0.0852713178294574,Bin,5.0,6.0
Texas,Season peak week,week,0.0794573643410853,Bin,6.0,7.0
Texas,Season peak week,week,0.0387596899224806,Bin,7.0,8.0
Texas,Season peak week,week,0.0387596899224806,Bin,8.0,9.0
Texas,Season peak week,week,0.0174418604651163,Bin,9.0,10.0
Texas,Season peak week,week,0.00581395348837209,Bin,10.0,11.0
Texas,Season peak week,week,0,Bin,11.0,12.0
Texas,Season peak week,week,0.00193798449612403,Bin,12.0,13.0
Texas,Season peak week,week,0.00193798449612403,Bin,13.0,14.0
Texas,Season peak week,week,0.00193798449612403,Bin,14.0,15.0
Texas,Season peak week,week,0.00193798449612403,Bin,15.0,16.0
Texas,Season peak week,week,0,Bin,16.0,17.0
Texas,Season peak week,week,0,Bin,17.0,18.0
Texas,Season peak week,week,0,Bin,18.0,19.0
Texas,Season peak week,week,0,Bin,19.0,20.0
Texas,Season peak week,week,0,Bin,20.0,21.0
Utah,1 wk ahead,percent,0.004,Bin,0.0,0.1
Utah,1 wk ahead,percent,0.02,Bin,0.1,0.2
Utah,1 wk ahead,percent,0.016,Bin,0.2,0.3
Utah,1 wk ahead,percent,0.114,Bin,0.3,0.4
Utah,1 wk ahead,percent,0.37,Bin,0.4,0.5
Utah,1 wk ahead,percent,0.308,Bin,0.5,0.6
Utah,1 wk ahead,percent,0.082,Bin,0.6,0.7
Utah,1 wk ahead,percent,0.048,Bin,0.7,0.8
Utah,1 wk ahead,percent,0.016,Bin,0.8,0.9
Utah,1 wk ahead,percent,0.004,Bin,0.9,1.0
Utah,1 wk ahead,percent,0,Bin,1.0,1.1
Utah,1 wk ahead,percent,0,Bin,1.1,1.2
Utah,1 wk ahead,percent,0.004,Bin,1.2,1.3
Utah,1 wk ahead,percent,0.01,Bin,1.3,1.4
Utah,1 wk ahead,percent,0,Bin,1.4,1.5
Utah,1 wk ahead,percent,0,Bin,1.5,1.6
Utah,1 wk ahead,percent,0,Bin,1.6,1.7
Utah,1 wk ahead,percent,0,Bin,1.7,1.8
Utah,1 wk ahead,percent,0,Bin,1.8,1.9
Utah,1 wk ahead,percent,0,Bin,1.9,2.0
Utah,1 wk ahead,percent,0,Bin,2.0,2.1
Utah,1 wk ahead,percent,0.004,Bin,2.1,2.2
Utah,1 wk ahead,percent,0,Bin,2.2,2.3
Utah,1 wk ahead,percent,0,Bin,2.3,2.4
Utah,1 wk ahead,percent,0,Bin,2.4,2.5
Utah,1 wk ahead,percent,0,Bin,2.5,2.6
Utah,1 wk ahead,percent,0,Bin,2.6,2.7
Utah,1 wk ahead,percent,0,Bin,2.7,2.8
Utah,1 wk ahead,percent,0,Bin,2.8,2.9
Utah,1 wk ahead,percent,0,Bin,2.9,3.0
Utah,1 wk ahead,percent,0,Bin,3.0,3.1
Utah,1 wk ahead,percent,0,Bin,3.1,3.2
Utah,1 wk ahead,percent,0,Bin,3.2,3.3
Utah,1 wk ahead,percent,0,Bin,3.3,3.4
Utah,1 wk ahead,percent,0,Bin,3.4,3.5
Utah,1 wk ahead,percent,0,Bin,3.5,3.6
Utah,1 wk ahead,percent,0,Bin,3.6,3.7
Utah,1 wk ahead,percent,0,Bin,3.7,3.8
Utah,1 wk ahead,percent,0,Bin,3.8,3.9
Utah,1 wk ahead,percent,0,Bin,3.9,4.0
Utah,1 wk ahead,percent,0,Bin,4.0,4.1
Utah,1 wk ahead,percent,0,Bin,4.1,4.2
Utah,1 wk ahead,percent,0,Bin,4.2,4.3
Utah,1 wk ahead,percent,0,Bin,4.3,4.4
Utah,1 wk ahead,percent,0,Bin,4.4,4.5
Utah,1 wk ahead,percent,0,Bin,4.5,4.6
Utah,1 wk ahead,percent,0,Bin,4.6,4.7
Utah,1 wk ahead,percent,0,Bin,4.7,4.8
Utah,1 wk ahead,percent,0,Bin,4.8,4.9
Utah,1 wk ahead,percent,0,Bin,4.9,5.0
Utah,1 wk ahead,percent,0,Bin,5.0,5.1
Utah,1 wk ahead,percent,0,Bin,5.1,5.2
Utah,1 wk ahead,percent,0,Bin,5.2,5.3
Utah,1 wk ahead,percent,0,Bin,5.3,5.4
Utah,1 wk ahead,percent,0,Bin,5.4,5.5
Utah,1 wk ahead,percent,0,Bin,5.5,5.6
Utah,1 wk ahead,percent,0,Bin,5.6,5.7
Utah,1 wk ahead,percent,0,Bin,5.7,5.8
Utah,1 wk ahead,percent,0,Bin,5.8,5.9
Utah,1 wk ahead,percent,0,Bin,5.9,6.0
Utah,1 wk ahead,percent,0,Bin,6.0,6.1
Utah,1 wk ahead,percent,0,Bin,6.1,6.2
Utah,1 wk ahead,percent,0,Bin,6.2,6.3
Utah,1 wk ahead,percent,0,Bin,6.3,6.4
Utah,1 wk ahead,percent,0,Bin,6.4,6.5
Utah,1 wk ahead,percent,0,Bin,6.5,6.6
Utah,1 wk ahead,percent,0,Bin,6.6,6.7
Utah,1 wk ahead,percent,0,Bin,6.7,6.8
Utah,1 wk ahead,percent,0,Bin,6.8,6.9
Utah,1 wk ahead,percent,0,Bin,6.9,7.0
Utah,1 wk ahead,percent,0,Bin,7.0,7.1
Utah,1 wk ahead,percent,0,Bin,7.1,7.2
Utah,1 wk ahead,percent,0,Bin,7.2,7.3
Utah,1 wk ahead,percent,0,Bin,7.3,7.4
Utah,1 wk ahead,percent,0,Bin,7.4,7.5
Utah,1 wk ahead,percent,0,Bin,7.5,7.6
Utah,1 wk ahead,percent,0,Bin,7.6,7.7
Utah,1 wk ahead,percent,0,Bin,7.7,7.8
Utah,1 wk ahead,percent,0,Bin,7.8,7.9
Utah,1 wk ahead,percent,0,Bin,7.9,8.0
Utah,1 wk ahead,percent,0,Bin,8.0,8.1
Utah,1 wk ahead,percent,0,Bin,8.1,8.2
Utah,1 wk ahead,percent,0,Bin,8.2,8.3
Utah,1 wk ahead,percent,0,Bin,8.3,8.4
Utah,1 wk ahead,percent,0,Bin,8.4,8.5
Utah,1 wk ahead,percent,0,Bin,8.5,8.6
Utah,1 wk ahead,percent,0,Bin,8.6,8.7
Utah,1 wk ahead,percent,0,Bin,8.7,8.8
Utah,1 wk ahead,percent,0,Bin,8.8,8.9
Utah,1 wk ahead,percent,0,Bin,8.9,9.0
Utah,1 wk ahead,percent,0,Bin,9.0,9.1
Utah,1 wk ahead,percent,0,Bin,9.1,9.2
Utah,1 wk ahead,percent,0,Bin,9.2,9.3
Utah,1 wk ahead,percent,0,Bin,9.3,9.4
Utah,1 wk ahead,percent,0,Bin,9.4,9.5
Utah,1 wk ahead,percent,0,Bin,9.5,9.6
Utah,1 wk ahead,percent,0,Bin,9.6,9.7
Utah,1 wk ahead,percent,0,Bin,9.7,9.8
Utah,1 wk ahead,percent,0,Bin,9.8,9.9
Utah,1 wk ahead,percent,0,Bin,9.9,10.0
Utah,1 wk ahead,percent,0,Bin,10.0,10.1
Utah,1 wk ahead,percent,0,Bin,10.1,10.2
Utah,1 wk ahead,percent,0,Bin,10.2,10.3
Utah,1 wk ahead,percent,0,Bin,10.3,10.4
Utah,1 wk ahead,percent,0,Bin,10.4,10.5
Utah,1 wk ahead,percent,0,Bin,10.5,10.6
Utah,1 wk ahead,percent,0,Bin,10.6,10.7
Utah,1 wk ahead,percent,0,Bin,10.7,10.8
Utah,1 wk ahead,percent,0,Bin,10.8,10.9
Utah,1 wk ahead,percent,0,Bin,10.9,11.0
Utah,1 wk ahead,percent,0,Bin,11.0,11.1
Utah,1 wk ahead,percent,0,Bin,11.1,11.2
Utah,1 wk ahead,percent,0,Bin,11.2,11.3
Utah,1 wk ahead,percent,0,Bin,11.3,11.4
Utah,1 wk ahead,percent,0,Bin,11.4,11.5
Utah,1 wk ahead,percent,0,Bin,11.5,11.6
Utah,1 wk ahead,percent,0,Bin,11.6,11.7
Utah,1 wk ahead,percent,0,Bin,11.7,11.8
Utah,1 wk ahead,percent,0,Bin,11.8,11.9
Utah,1 wk ahead,percent,0,Bin,11.9,12.0
Utah,1 wk ahead,percent,0,Bin,12.0,12.1
Utah,1 wk ahead,percent,0,Bin,12.1,12.2
Utah,1 wk ahead,percent,0,Bin,12.2,12.3
Utah,1 wk ahead,percent,0,Bin,12.3,12.4
Utah,1 wk ahead,percent,0,Bin,12.4,12.5
Utah,1 wk ahead,percent,0,Bin,12.5,12.6
Utah,1 wk ahead,percent,0,Bin,12.6,12.7
Utah,1 wk ahead,percent,0,Bin,12.7,12.8
Utah,1 wk ahead,percent,0,Bin,12.8,12.9
Utah,1 wk ahead,percent,0,Bin,12.9,13.0
Utah,1 wk ahead,percent,0,Bin,13.0,100.0
Utah,2 wk ahead,percent,0,Bin,0.0,0.1
Utah,2 wk ahead,percent,0.01,Bin,0.1,0.2
Utah,2 wk ahead,percent,0.016,Bin,0.2,0.3
Utah,2 wk ahead,percent,0.036,Bin,0.3,0.4
Utah,2 wk ahead,percent,0.088,Bin,0.4,0.5
Utah,2 wk ahead,percent,0.222,Bin,0.5,0.6
Utah,2 wk ahead,percent,0.23,Bin,0.6,0.7
Utah,2 wk ahead,percent,0.168,Bin,0.7,0.8
Utah,2 wk ahead,percent,0.11,Bin,0.8,0.9
Utah,2 wk ahead,percent,0.04,Bin,0.9,1.0
Utah,2 wk ahead,percent,0.036,Bin,1.0,1.1
Utah,2 wk ahead,percent,0.01,Bin,1.1,1.2
Utah,2 wk ahead,percent,0.002,Bin,1.2,1.3
Utah,2 wk ahead,percent,0.006,Bin,1.3,1.4
Utah,2 wk ahead,percent,0.006,Bin,1.4,1.5
Utah,2 wk ahead,percent,0,Bin,1.5,1.6
Utah,2 wk ahead,percent,0.002,Bin,1.6,1.7
Utah,2 wk ahead,percent,0.008,Bin,1.7,1.8
Utah,2 wk ahead,percent,0.004,Bin,1.8,1.9
Utah,2 wk ahead,percent,0.002,Bin,1.9,2.0
Utah,2 wk ahead,percent,0.002,Bin,2.0,2.1
Utah,2 wk ahead,percent,0,Bin,2.1,2.2
Utah,2 wk ahead,percent,0,Bin,2.2,2.3
Utah,2 wk ahead,percent,0,Bin,2.3,2.4
Utah,2 wk ahead,percent,0,Bin,2.4,2.5
Utah,2 wk ahead,percent,0,Bin,2.5,2.6
Utah,2 wk ahead,percent,0,Bin,2.6,2.7
Utah,2 wk ahead,percent,0.002,Bin,2.7,2.8
Utah,2 wk ahead,percent,0,Bin,2.8,2.9
Utah,2 wk ahead,percent,0,Bin,2.9,3.0
Utah,2 wk ahead,percent,0,Bin,3.0,3.1
Utah,2 wk ahead,percent,0,Bin,3.1,3.2
Utah,2 wk ahead,percent,0,Bin,3.2,3.3
Utah,2 wk ahead,percent,0,Bin,3.3,3.4
Utah,2 wk ahead,percent,0,Bin,3.4,3.5
Utah,2 wk ahead,percent,0,Bin,3.5,3.6
Utah,2 wk ahead,percent,0,Bin,3.6,3.7
Utah,2 wk ahead,percent,0,Bin,3.7,3.8
Utah,2 wk ahead,percent,0,Bin,3.8,3.9
Utah,2 wk ahead,percent,0,Bin,3.9,4.0
Utah,2 wk ahead,percent,0,Bin,4.0,4.1
Utah,2 wk ahead,percent,0,Bin,4.1,4.2
Utah,2 wk ahead,percent,0,Bin,4.2,4.3
Utah,2 wk ahead,percent,0,Bin,4.3,4.4
Utah,2 wk ahead,percent,0,Bin,4.4,4.5
Utah,2 wk ahead,percent,0,Bin,4.5,4.6
Utah,2 wk ahead,percent,0,Bin,4.6,4.7
Utah,2 wk ahead,percent,0,Bin,4.7,4.8
Utah,2 wk ahead,percent,0,Bin,4.8,4.9
Utah,2 wk ahead,percent,0,Bin,4.9,5.0
Utah,2 wk ahead,percent,0,Bin,5.0,5.1
Utah,2 wk ahead,percent,0,Bin,5.1,5.2
Utah,2 wk ahead,percent,0,Bin,5.2,5.3
Utah,2 wk ahead,percent,0,Bin,5.3,5.4
Utah,2 wk ahead,percent,0,Bin,5.4,5.5
Utah,2 wk ahead,percent,0,Bin,5.5,5.6
Utah,2 wk ahead,percent,0,Bin,5.6,5.7
Utah,2 wk ahead,percent,0,Bin,5.7,5.8
Utah,2 wk ahead,percent,0,Bin,5.8,5.9
Utah,2 wk ahead,percent,0,Bin,5.9,6.0
Utah,2 wk ahead,percent,0,Bin,6.0,6.1
Utah,2 wk ahead,percent,0,Bin,6.1,6.2
Utah,2 wk ahead,percent,0,Bin,6.2,6.3
Utah,2 wk ahead,percent,0,Bin,6.3,6.4
Utah,2 wk ahead,percent,0,Bin,6.4,6.5
Utah,2 wk ahead,percent,0,Bin,6.5,6.6
Utah,2 wk ahead,percent,0,Bin,6.6,6.7
Utah,2 wk ahead,percent,0,Bin,6.7,6.8
Utah,2 wk ahead,percent,0,Bin,6.8,6.9
Utah,2 wk ahead,percent,0,Bin,6.9,7.0
Utah,2 wk ahead,percent,0,Bin,7.0,7.1
Utah,2 wk ahead,percent,0,Bin,7.1,7.2
Utah,2 wk ahead,percent,0,Bin,7.2,7.3
Utah,2 wk ahead,percent,0,Bin,7.3,7.4
Utah,2 wk ahead,percent,0,Bin,7.4,7.5
Utah,2 wk ahead,percent,0,Bin,7.5,7.6
Utah,2 wk ahead,percent,0,Bin,7.6,7.7
Utah,2 wk ahead,percent,0,Bin,7.7,7.8
Utah,2 wk ahead,percent,0,Bin,7.8,7.9
Utah,2 wk ahead,percent,0,Bin,7.9,8.0
Utah,2 wk ahead,percent,0,Bin,8.0,8.1
Utah,2 wk ahead,percent,0,Bin,8.1,8.2
Utah,2 wk ahead,percent,0,Bin,8.2,8.3
Utah,2 wk ahead,percent,0,Bin,8.3,8.4
Utah,2 wk ahead,percent,0,Bin,8.4,8.5
Utah,2 wk ahead,percent,0,Bin,8.5,8.6
Utah,2 wk ahead,percent,0,Bin,8.6,8.7
Utah,2 wk ahead,percent,0,Bin,8.7,8.8
Utah,2 wk ahead,percent,0,Bin,8.8,8.9
Utah,2 wk ahead,percent,0,Bin,8.9,9.0
Utah,2 wk ahead,percent,0,Bin,9.0,9.1
Utah,2 wk ahead,percent,0,Bin,9.1,9.2
Utah,2 wk ahead,percent,0,Bin,9.2,9.3
Utah,2 wk ahead,percent,0,Bin,9.3,9.4
Utah,2 wk ahead,percent,0,Bin,9.4,9.5
Utah,2 wk ahead,percent,0,Bin,9.5,9.6
Utah,2 wk ahead,percent,0,Bin,9.6,9.7
Utah,2 wk ahead,percent,0,Bin,9.7,9.8
Utah,2 wk ahead,percent,0,Bin,9.8,9.9
Utah,2 wk ahead,percent,0,Bin,9.9,10.0
Utah,2 wk ahead,percent,0,Bin,10.0,10.1
Utah,2 wk ahead,percent,0,Bin,10.1,10.2
Utah,2 wk ahead,percent,0,Bin,10.2,10.3
Utah,2 wk ahead,percent,0,Bin,10.3,10.4
Utah,2 wk ahead,percent,0,Bin,10.4,10.5
Utah,2 wk ahead,percent,0,Bin,10.5,10.6
Utah,2 wk ahead,percent,0,Bin,10.6,10.7
Utah,2 wk ahead,percent,0,Bin,10.7,10.8
Utah,2 wk ahead,percent,0,Bin,10.8,10.9
Utah,2 wk ahead,percent,0,Bin,10.9,11.0
Utah,2 wk ahead,percent,0,Bin,11.0,11.1
Utah,2 wk ahead,percent,0,Bin,11.1,11.2
Utah,2 wk ahead,percent,0,Bin,11.2,11.3
Utah,2 wk ahead,percent,0,Bin,11.3,11.4
Utah,2 wk ahead,percent,0,Bin,11.4,11.5
Utah,2 wk ahead,percent,0,Bin,11.5,11.6
Utah,2 wk ahead,percent,0,Bin,11.6,11.7
Utah,2 wk ahead,percent,0,Bin,11.7,11.8
Utah,2 wk ahead,percent,0,Bin,11.8,11.9
Utah,2 wk ahead,percent,0,Bin,11.9,12.0
Utah,2 wk ahead,percent,0,Bin,12.0,12.1
Utah,2 wk ahead,percent,0,Bin,12.1,12.2
Utah,2 wk ahead,percent,0,Bin,12.2,12.3
Utah,2 wk ahead,percent,0,Bin,12.3,12.4
Utah,2 wk ahead,percent,0,Bin,12.4,12.5
Utah,2 wk ahead,percent,0,Bin,12.5,12.6
Utah,2 wk ahead,percent,0,Bin,12.6,12.7
Utah,2 wk ahead,percent,0,Bin,12.7,12.8
Utah,2 wk ahead,percent,0,Bin,12.8,12.9
Utah,2 wk ahead,percent,0,Bin,12.9,13.0
Utah,2 wk ahead,percent,0,Bin,13.0,100.0
Utah,3 wk ahead,percent,0.002,Bin,0.0,0.1
Utah,3 wk ahead,percent,0.008,Bin,0.1,0.2
Utah,3 wk ahead,percent,0.018,Bin,0.2,0.3
Utah,3 wk ahead,percent,0.028,Bin,0.3,0.4
Utah,3 wk ahead,percent,0.048,Bin,0.4,0.5
Utah,3 wk ahead,percent,0.038,Bin,0.5,0.6
Utah,3 wk ahead,percent,0.098,Bin,0.6,0.7
Utah,3 wk ahead,percent,0.13,Bin,0.7,0.8
Utah,3 wk ahead,percent,0.152,Bin,0.8,0.9
Utah,3 wk ahead,percent,0.142,Bin,0.9,1.0
Utah,3 wk ahead,percent,0.094,Bin,1.0,1.1
Utah,3 wk ahead,percent,0.066,Bin,1.1,1.2
Utah,3 wk ahead,percent,0.054,Bin,1.2,1.3
Utah,3 wk ahead,percent,0.04,Bin,1.3,1.4
Utah,3 wk ahead,percent,0.038,Bin,1.4,1.5
Utah,3 wk ahead,percent,0.006,Bin,1.5,1.6
Utah,3 wk ahead,percent,0.008,Bin,1.6,1.7
Utah,3 wk ahead,percent,0.004,Bin,1.7,1.8
Utah,3 wk ahead,percent,0.006,Bin,1.8,1.9
Utah,3 wk ahead,percent,0,Bin,1.9,2.0
Utah,3 wk ahead,percent,0,Bin,2.0,2.1
Utah,3 wk ahead,percent,0.004,Bin,2.1,2.2
Utah,3 wk ahead,percent,0.002,Bin,2.2,2.3
Utah,3 wk ahead,percent,0.002,Bin,2.3,2.4
Utah,3 wk ahead,percent,0.002,Bin,2.4,2.5
Utah,3 wk ahead,percent,0.002,Bin,2.5,2.6
Utah,3 wk ahead,percent,0.002,Bin,2.6,2.7
Utah,3 wk ahead,percent,0.002,Bin,2.7,2.8
Utah,3 wk ahead,percent,0,Bin,2.8,2.9
Utah,3 wk ahead,percent,0.002,Bin,2.9,3.0
Utah,3 wk ahead,percent,0,Bin,3.0,3.1
Utah,3 wk ahead,percent,0,Bin,3.1,3.2
Utah,3 wk ahead,percent,0,Bin,3.2,3.3
Utah,3 wk ahead,percent,0,Bin,3.3,3.4
Utah,3 wk ahead,percent,0,Bin,3.4,3.5
Utah,3 wk ahead,percent,0,Bin,3.5,3.6
Utah,3 wk ahead,percent,0.002,Bin,3.6,3.7
Utah,3 wk ahead,percent,0,Bin,3.7,3.8
Utah,3 wk ahead,percent,0,Bin,3.8,3.9
Utah,3 wk ahead,percent,0,Bin,3.9,4.0
Utah,3 wk ahead,percent,0,Bin,4.0,4.1
Utah,3 wk ahead,percent,0,Bin,4.1,4.2
Utah,3 wk ahead,percent,0,Bin,4.2,4.3
Utah,3 wk ahead,percent,0,Bin,4.3,4.4
Utah,3 wk ahead,percent,0,Bin,4.4,4.5
Utah,3 wk ahead,percent,0,Bin,4.5,4.6
Utah,3 wk ahead,percent,0,Bin,4.6,4.7
Utah,3 wk ahead,percent,0,Bin,4.7,4.8
Utah,3 wk ahead,percent,0,Bin,4.8,4.9
Utah,3 wk ahead,percent,0,Bin,4.9,5.0
Utah,3 wk ahead,percent,0,Bin,5.0,5.1
Utah,3 wk ahead,percent,0,Bin,5.1,5.2
Utah,3 wk ahead,percent,0,Bin,5.2,5.3
Utah,3 wk ahead,percent,0,Bin,5.3,5.4
Utah,3 wk ahead,percent,0,Bin,5.4,5.5
Utah,3 wk ahead,percent,0,Bin,5.5,5.6
Utah,3 wk ahead,percent,0,Bin,5.6,5.7
Utah,3 wk ahead,percent,0,Bin,5.7,5.8
Utah,3 wk ahead,percent,0,Bin,5.8,5.9
Utah,3 wk ahead,percent,0,Bin,5.9,6.0
Utah,3 wk ahead,percent,0,Bin,6.0,6.1
Utah,3 wk ahead,percent,0,Bin,6.1,6.2
Utah,3 wk ahead,percent,0,Bin,6.2,6.3
Utah,3 wk ahead,percent,0,Bin,6.3,6.4
Utah,3 wk ahead,percent,0,Bin,6.4,6.5
Utah,3 wk ahead,percent,0,Bin,6.5,6.6
Utah,3 wk ahead,percent,0,Bin,6.6,6.7
Utah,3 wk ahead,percent,0,Bin,6.7,6.8
Utah,3 wk ahead,percent,0,Bin,6.8,6.9
Utah,3 wk ahead,percent,0,Bin,6.9,7.0
Utah,3 wk ahead,percent,0,Bin,7.0,7.1
Utah,3 wk ahead,percent,0,Bin,7.1,7.2
Utah,3 wk ahead,percent,0,Bin,7.2,7.3
Utah,3 wk ahead,percent,0,Bin,7.3,7.4
Utah,3 wk ahead,percent,0,Bin,7.4,7.5
Utah,3 wk ahead,percent,0,Bin,7.5,7.6
Utah,3 wk ahead,percent,0,Bin,7.6,7.7
Utah,3 wk ahead,percent,0,Bin,7.7,7.8
Utah,3 wk ahead,percent,0,Bin,7.8,7.9
Utah,3 wk ahead,percent,0,Bin,7.9,8.0
Utah,3 wk ahead,percent,0,Bin,8.0,8.1
Utah,3 wk ahead,percent,0,Bin,8.1,8.2
Utah,3 wk ahead,percent,0,Bin,8.2,8.3
Utah,3 wk ahead,percent,0,Bin,8.3,8.4
Utah,3 wk ahead,percent,0,Bin,8.4,8.5
Utah,3 wk ahead,percent,0,Bin,8.5,8.6
Utah,3 wk ahead,percent,0,Bin,8.6,8.7
Utah,3 wk ahead,percent,0,Bin,8.7,8.8
Utah,3 wk ahead,percent,0,Bin,8.8,8.9
Utah,3 wk ahead,percent,0,Bin,8.9,9.0
Utah,3 wk ahead,percent,0,Bin,9.0,9.1
Utah,3 wk ahead,percent,0,Bin,9.1,9.2
Utah,3 wk ahead,percent,0,Bin,9.2,9.3
Utah,3 wk ahead,percent,0,Bin,9.3,9.4
Utah,3 wk ahead,percent,0,Bin,9.4,9.5
Utah,3 wk ahead,percent,0,Bin,9.5,9.6
Utah,3 wk ahead,percent,0,Bin,9.6,9.7
Utah,3 wk ahead,percent,0,Bin,9.7,9.8
Utah,3 wk ahead,percent,0,Bin,9.8,9.9
Utah,3 wk ahead,percent,0,Bin,9.9,10.0
Utah,3 wk ahead,percent,0,Bin,10.0,10.1
Utah,3 wk ahead,percent,0,Bin,10.1,10.2
Utah,3 wk ahead,percent,0,Bin,10.2,10.3
Utah,3 wk ahead,percent,0,Bin,10.3,10.4
Utah,3 wk ahead,percent,0,Bin,10.4,10.5
Utah,3 wk ahead,percent,0,Bin,10.5,10.6
Utah,3 wk ahead,percent,0,Bin,10.6,10.7
Utah,3 wk ahead,percent,0,Bin,10.7,10.8
Utah,3 wk ahead,percent,0,Bin,10.8,10.9
Utah,3 wk ahead,percent,0,Bin,10.9,11.0
Utah,3 wk ahead,percent,0,Bin,11.0,11.1
Utah,3 wk ahead,percent,0,Bin,11.1,11.2
Utah,3 wk ahead,percent,0,Bin,11.2,11.3
Utah,3 wk ahead,percent,0,Bin,11.3,11.4
Utah,3 wk ahead,percent,0,Bin,11.4,11.5
Utah,3 wk ahead,percent,0,Bin,11.5,11.6
Utah,3 wk ahead,percent,0,Bin,11.6,11.7
Utah,3 wk ahead,percent,0,Bin,11.7,11.8
Utah,3 wk ahead,percent,0,Bin,11.8,11.9
Utah,3 wk ahead,percent,0,Bin,11.9,12.0
Utah,3 wk ahead,percent,0,Bin,12.0,12.1
Utah,3 wk ahead,percent,0,Bin,12.1,12.2
Utah,3 wk ahead,percent,0,Bin,12.2,12.3
Utah,3 wk ahead,percent,0,Bin,12.3,12.4
Utah,3 wk ahead,percent,0,Bin,12.4,12.5
Utah,3 wk ahead,percent,0,Bin,12.5,12.6
Utah,3 wk ahead,percent,0,Bin,12.6,12.7
Utah,3 wk ahead,percent,0,Bin,12.7,12.8
Utah,3 wk ahead,percent,0,Bin,12.8,12.9
Utah,3 wk ahead,percent,0,Bin,12.9,13.0
Utah,3 wk ahead,percent,0,Bin,13.0,100.0
Utah,4 wk ahead,percent,0,Bin,0.0,0.1
Utah,4 wk ahead,percent,0.012,Bin,0.1,0.2
Utah,4 wk ahead,percent,0.018,Bin,0.2,0.3
Utah,4 wk ahead,percent,0.026,Bin,0.3,0.4
Utah,4 wk ahead,percent,0.028,Bin,0.4,0.5
Utah,4 wk ahead,percent,0.028,Bin,0.5,0.6
Utah,4 wk ahead,percent,0.064,Bin,0.6,0.7
Utah,4 wk ahead,percent,0.088,Bin,0.7,0.8
Utah,4 wk ahead,percent,0.102,Bin,0.8,0.9
Utah,4 wk ahead,percent,0.124,Bin,0.9,1.0
Utah,4 wk ahead,percent,0.11,Bin,1.0,1.1
Utah,4 wk ahead,percent,0.078,Bin,1.1,1.2
Utah,4 wk ahead,percent,0.07,Bin,1.2,1.3
Utah,4 wk ahead,percent,0.09,Bin,1.3,1.4
Utah,4 wk ahead,percent,0.042,Bin,1.4,1.5
Utah,4 wk ahead,percent,0.032,Bin,1.5,1.6
Utah,4 wk ahead,percent,0.018,Bin,1.6,1.7
Utah,4 wk ahead,percent,0.012,Bin,1.7,1.8
Utah,4 wk ahead,percent,0.014,Bin,1.8,1.9
Utah,4 wk ahead,percent,0.014,Bin,1.9,2.0
Utah,4 wk ahead,percent,0.004,Bin,2.0,2.1
Utah,4 wk ahead,percent,0.006,Bin,2.1,2.2
Utah,4 wk ahead,percent,0.004,Bin,2.2,2.3
Utah,4 wk ahead,percent,0.002,Bin,2.3,2.4
Utah,4 wk ahead,percent,0.002,Bin,2.4,2.5
Utah,4 wk ahead,percent,0.004,Bin,2.5,2.6
Utah,4 wk ahead,percent,0,Bin,2.6,2.7
Utah,4 wk ahead,percent,0,Bin,2.7,2.8
Utah,4 wk ahead,percent,0.002,Bin,2.8,2.9
Utah,4 wk ahead,percent,0,Bin,2.9,3.0
Utah,4 wk ahead,percent,0,Bin,3.0,3.1
Utah,4 wk ahead,percent,0.002,Bin,3.1,3.2
Utah,4 wk ahead,percent,0.002,Bin,3.2,3.3
Utah,4 wk ahead,percent,0,Bin,3.3,3.4
Utah,4 wk ahead,percent,0,Bin,3.4,3.5
Utah,4 wk ahead,percent,0,Bin,3.5,3.6
Utah,4 wk ahead,percent,0,Bin,3.6,3.7
Utah,4 wk ahead,percent,0,Bin,3.7,3.8
Utah,4 wk ahead,percent,0,Bin,3.8,3.9
Utah,4 wk ahead,percent,0,Bin,3.9,4.0
Utah,4 wk ahead,percent,0.002,Bin,4.0,4.1
Utah,4 wk ahead,percent,0,Bin,4.1,4.2
Utah,4 wk ahead,percent,0,Bin,4.2,4.3
Utah,4 wk ahead,percent,0,Bin,4.3,4.4
Utah,4 wk ahead,percent,0,Bin,4.4,4.5
Utah,4 wk ahead,percent,0,Bin,4.5,4.6
Utah,4 wk ahead,percent,0,Bin,4.6,4.7
Utah,4 wk ahead,percent,0,Bin,4.7,4.8
Utah,4 wk ahead,percent,0,Bin,4.8,4.9
Utah,4 wk ahead,percent,0,Bin,4.9,5.0
Utah,4 wk ahead,percent,0,Bin,5.0,5.1
Utah,4 wk ahead,percent,0,Bin,5.1,5.2
Utah,4 wk ahead,percent,0,Bin,5.2,5.3
Utah,4 wk ahead,percent,0,Bin,5.3,5.4
Utah,4 wk ahead,percent,0,Bin,5.4,5.5
Utah,4 wk ahead,percent,0,Bin,5.5,5.6
Utah,4 wk ahead,percent,0,Bin,5.6,5.7
Utah,4 wk ahead,percent,0,Bin,5.7,5.8
Utah,4 wk ahead,percent,0,Bin,5.8,5.9
Utah,4 wk ahead,percent,0,Bin,5.9,6.0
Utah,4 wk ahead,percent,0,Bin,6.0,6.1
Utah,4 wk ahead,percent,0,Bin,6.1,6.2
Utah,4 wk ahead,percent,0,Bin,6.2,6.3
Utah,4 wk ahead,percent,0,Bin,6.3,6.4
Utah,4 wk ahead,percent,0,Bin,6.4,6.5
Utah,4 wk ahead,percent,0,Bin,6.5,6.6
Utah,4 wk ahead,percent,0,Bin,6.6,6.7
Utah,4 wk ahead,percent,0,Bin,6.7,6.8
Utah,4 wk ahead,percent,0,Bin,6.8,6.9
Utah,4 wk ahead,percent,0,Bin,6.9,7.0
Utah,4 wk ahead,percent,0,Bin,7.0,7.1
Utah,4 wk ahead,percent,0,Bin,7.1,7.2
Utah,4 wk ahead,percent,0,Bin,7.2,7.3
Utah,4 wk ahead,percent,0,Bin,7.3,7.4
Utah,4 wk ahead,percent,0,Bin,7.4,7.5
Utah,4 wk ahead,percent,0,Bin,7.5,7.6
Utah,4 wk ahead,percent,0,Bin,7.6,7.7
Utah,4 wk ahead,percent,0,Bin,7.7,7.8
Utah,4 wk ahead,percent,0,Bin,7.8,7.9
Utah,4 wk ahead,percent,0,Bin,7.9,8.0
Utah,4 wk ahead,percent,0,Bin,8.0,8.1
Utah,4 wk ahead,percent,0,Bin,8.1,8.2
Utah,4 wk ahead,percent,0,Bin,8.2,8.3
Utah,4 wk ahead,percent,0,Bin,8.3,8.4
Utah,4 wk ahead,percent,0,Bin,8.4,8.5
Utah,4 wk ahead,percent,0,Bin,8.5,8.6
Utah,4 wk ahead,percent,0,Bin,8.6,8.7
Utah,4 wk ahead,percent,0,Bin,8.7,8.8
Utah,4 wk ahead,percent,0,Bin,8.8,8.9
Utah,4 wk ahead,percent,0,Bin,8.9,9.0
Utah,4 wk ahead,percent,0,Bin,9.0,9.1
Utah,4 wk ahead,percent,0,Bin,9.1,9.2
Utah,4 wk ahead,percent,0,Bin,9.2,9.3
Utah,4 wk ahead,percent,0,Bin,9.3,9.4
Utah,4 wk ahead,percent,0,Bin,9.4,9.5
Utah,4 wk ahead,percent,0,Bin,9.5,9.6
Utah,4 wk ahead,percent,0,Bin,9.6,9.7
Utah,4 wk ahead,percent,0,Bin,9.7,9.8
Utah,4 wk ahead,percent,0,Bin,9.8,9.9
Utah,4 wk ahead,percent,0,Bin,9.9,10.0
Utah,4 wk ahead,percent,0,Bin,10.0,10.1
Utah,4 wk ahead,percent,0,Bin,10.1,10.2
Utah,4 wk ahead,percent,0,Bin,10.2,10.3
Utah,4 wk ahead,percent,0,Bin,10.3,10.4
Utah,4 wk ahead,percent,0,Bin,10.4,10.5
Utah,4 wk ahead,percent,0,Bin,10.5,10.6
Utah,4 wk ahead,percent,0,Bin,10.6,10.7
Utah,4 wk ahead,percent,0,Bin,10.7,10.8
Utah,4 wk ahead,percent,0,Bin,10.8,10.9
Utah,4 wk ahead,percent,0,Bin,10.9,11.0
Utah,4 wk ahead,percent,0,Bin,11.0,11.1
Utah,4 wk ahead,percent,0,Bin,11.1,11.2
Utah,4 wk ahead,percent,0,Bin,11.2,11.3
Utah,4 wk ahead,percent,0,Bin,11.3,11.4
Utah,4 wk ahead,percent,0,Bin,11.4,11.5
Utah,4 wk ahead,percent,0,Bin,11.5,11.6
Utah,4 wk ahead,percent,0,Bin,11.6,11.7
Utah,4 wk ahead,percent,0,Bin,11.7,11.8
Utah,4 wk ahead,percent,0,Bin,11.8,11.9
Utah,4 wk ahead,percent,0,Bin,11.9,12.0
Utah,4 wk ahead,percent,0,Bin,12.0,12.1
Utah,4 wk ahead,percent,0,Bin,12.1,12.2
Utah,4 wk ahead,percent,0,Bin,12.2,12.3
Utah,4 wk ahead,percent,0,Bin,12.3,12.4
Utah,4 wk ahead,percent,0,Bin,12.4,12.5
Utah,4 wk ahead,percent,0,Bin,12.5,12.6
Utah,4 wk ahead,percent,0,Bin,12.6,12.7
Utah,4 wk ahead,percent,0,Bin,12.7,12.8
Utah,4 wk ahead,percent,0,Bin,12.8,12.9
Utah,4 wk ahead,percent,0,Bin,12.9,13.0
Utah,4 wk ahead,percent,0,Bin,13.0,100.0
Utah,Season peak percentage,percent,0,Bin,0.0,0.1
Utah,Season peak percentage,percent,0,Bin,0.1,0.2
Utah,Season peak percentage,percent,0,Bin,0.2,0.3
Utah,Season peak percentage,percent,0,Bin,0.3,0.4
Utah,Season peak percentage,percent,0,Bin,0.4,0.5
Utah,Season peak percentage,percent,0,Bin,0.5,0.6
Utah,Season peak percentage,percent,0,Bin,0.6,0.7
Utah,Season peak percentage,percent,0,Bin,0.7,0.8
Utah,Season peak percentage,percent,0.004,Bin,0.8,0.9
Utah,Season peak percentage,percent,0.01,Bin,0.9,1.0
Utah,Season peak percentage,percent,0.01,Bin,1.0,1.1
Utah,Season peak percentage,percent,0.028,Bin,1.1,1.2
Utah,Season peak percentage,percent,0.02,Bin,1.2,1.3
Utah,Season peak percentage,percent,0.022,Bin,1.3,1.4
Utah,Season peak percentage,percent,0.042,Bin,1.4,1.5
Utah,Season peak percentage,percent,0.042,Bin,1.5,1.6
Utah,Season peak percentage,percent,0.036,Bin,1.6,1.7
Utah,Season peak percentage,percent,0.054,Bin,1.7,1.8
Utah,Season peak percentage,percent,0.038,Bin,1.8,1.9
Utah,Season peak percentage,percent,0.052,Bin,1.9,2.0
Utah,Season peak percentage,percent,0.042,Bin,2.0,2.1
Utah,Season peak percentage,percent,0.04,Bin,2.1,2.2
Utah,Season peak percentage,percent,0.042,Bin,2.2,2.3
Utah,Season peak percentage,percent,0.034,Bin,2.3,2.4
Utah,Season peak percentage,percent,0.034,Bin,2.4,2.5
Utah,Season peak percentage,percent,0.036,Bin,2.5,2.6
Utah,Season peak percentage,percent,0.026,Bin,2.6,2.7
Utah,Season peak percentage,percent,0.036,Bin,2.7,2.8
Utah,Season peak percentage,percent,0.026,Bin,2.8,2.9
Utah,Season peak percentage,percent,0.022,Bin,2.9,3.0
Utah,Season peak percentage,percent,0.034,Bin,3.0,3.1
Utah,Season peak percentage,percent,0.018,Bin,3.1,3.2
Utah,Season peak percentage,percent,0.016,Bin,3.2,3.3
Utah,Season peak percentage,percent,0.014,Bin,3.3,3.4
Utah,Season peak percentage,percent,0.014,Bin,3.4,3.5
Utah,Season peak percentage,percent,0.012,Bin,3.5,3.6
Utah,Season peak percentage,percent,0.012,Bin,3.6,3.7
Utah,Season peak percentage,percent,0.004,Bin,3.7,3.8
Utah,Season peak percentage,percent,0.012,Bin,3.8,3.9
Utah,Season peak percentage,percent,0.016,Bin,3.9,4.0
Utah,Season peak percentage,percent,0.01,Bin,4.0,4.1
Utah,Season peak percentage,percent,0.008,Bin,4.1,4.2
Utah,Season peak percentage,percent,0,Bin,4.2,4.3
Utah,Season peak percentage,percent,0.01,Bin,4.3,4.4
Utah,Season peak percentage,percent,0.008,Bin,4.4,4.5
Utah,Season peak percentage,percent,0.006,Bin,4.5,4.6
Utah,Season peak percentage,percent,0,Bin,4.6,4.7
Utah,Season peak percentage,percent,0.012,Bin,4.7,4.8
Utah,Season peak percentage,percent,0.012,Bin,4.8,4.9
Utah,Season peak percentage,percent,0.006,Bin,4.9,5.0
Utah,Season peak percentage,percent,0.004,Bin,5.0,5.1
Utah,Season peak percentage,percent,0.004,Bin,5.1,5.2
Utah,Season peak percentage,percent,0,Bin,5.2,5.3
Utah,Season peak percentage,percent,0.004,Bin,5.3,5.4
Utah,Season peak percentage,percent,0.002,Bin,5.4,5.5
Utah,Season peak percentage,percent,0.004,Bin,5.5,5.6
Utah,Season peak percentage,percent,0.008,Bin,5.6,5.7
Utah,Season peak percentage,percent,0.004,Bin,5.7,5.8
Utah,Season peak percentage,percent,0.004,Bin,5.8,5.9
Utah,Season peak percentage,percent,0,Bin,5.9,6.0
Utah,Season peak percentage,percent,0,Bin,6.0,6.1
Utah,Season peak percentage,percent,0,Bin,6.1,6.2
Utah,Season peak percentage,percent,0.006,Bin,6.2,6.3
Utah,Season peak percentage,percent,0,Bin,6.3,6.4
Utah,Season peak percentage,percent,0.002,Bin,6.4,6.5
Utah,Season peak percentage,percent,0.006,Bin,6.5,6.6
Utah,Season peak percentage,percent,0,Bin,6.6,6.7
Utah,Season peak percentage,percent,0.002,Bin,6.7,6.8
Utah,Season peak percentage,percent,0,Bin,6.8,6.9
Utah,Season peak percentage,percent,0.006,Bin,6.9,7.0
Utah,Season peak percentage,percent,0.006,Bin,7.0,7.1
Utah,Season peak percentage,percent,0,Bin,7.1,7.2
Utah,Season peak percentage,percent,0,Bin,7.2,7.3
Utah,Season peak percentage,percent,0.002,Bin,7.3,7.4
Utah,Season peak percentage,percent,0,Bin,7.4,7.5
Utah,Season peak percentage,percent,0,Bin,7.5,7.6
Utah,Season peak percentage,percent,0.002,Bin,7.6,7.7
Utah,Season peak percentage,percent,0,Bin,7.7,7.8
Utah,Season peak percentage,percent,0.002,Bin,7.8,7.9
Utah,Season peak percentage,percent,0.002,Bin,7.9,8.0
Utah,Season peak percentage,percent,0,Bin,8.0,8.1
Utah,Season peak percentage,percent,0,Bin,8.1,8.2
Utah,Season peak percentage,percent,0.002,Bin,8.2,8.3
Utah,Season peak percentage,percent,0,Bin,8.3,8.4
Utah,Season peak percentage,percent,0,Bin,8.4,8.5
Utah,Season peak percentage,percent,0,Bin,8.5,8.6
Utah,Season peak percentage,percent,0,Bin,8.6,8.7
Utah,Season peak percentage,percent,0.002,Bin,8.7,8.8
Utah,Season peak percentage,percent,0,Bin,8.8,8.9
Utah,Season peak percentage,percent,0,Bin,8.9,9.0
Utah,Season peak percentage,percent,0,Bin,9.0,9.1
Utah,Season peak percentage,percent,0,Bin,9.1,9.2
Utah,Season peak percentage,percent,0,Bin,9.2,9.3
Utah,Season peak percentage,percent,0,Bin,9.3,9.4
Utah,Season peak percentage,percent,0,Bin,9.4,9.5
Utah,Season peak percentage,percent,0,Bin,9.5,9.6
Utah,Season peak percentage,percent,0,Bin,9.6,9.7
Utah,Season peak percentage,percent,0,Bin,9.7,9.8
Utah,Season peak percentage,percent,0,Bin,9.8,9.9
Utah,Season peak percentage,percent,0,Bin,9.9,10.0
Utah,Season peak percentage,percent,0,Bin,10.0,10.1
Utah,Season peak percentage,percent,0,Bin,10.1,10.2
Utah,Season peak percentage,percent,0.002,Bin,10.2,10.3
Utah,Season peak percentage,percent,0,Bin,10.3,10.4
Utah,Season peak percentage,percent,0,Bin,10.4,10.5
Utah,Season peak percentage,percent,0,Bin,10.5,10.6
Utah,Season peak percentage,percent,0,Bin,10.6,10.7
Utah,Season peak percentage,percent,0,Bin,10.7,10.8
Utah,Season peak percentage,percent,0,Bin,10.8,10.9
Utah,Season peak percentage,percent,0.002,Bin,10.9,11.0
Utah,Season peak percentage,percent,0,Bin,11.0,11.1
Utah,Season peak percentage,percent,0,Bin,11.1,11.2
Utah,Season peak percentage,percent,0,Bin,11.2,11.3
Utah,Season peak percentage,percent,0,Bin,11.3,11.4
Utah,Season peak percentage,percent,0,Bin,11.4,11.5
Utah,Season peak percentage,percent,0,Bin,11.5,11.6
Utah,Season peak percentage,percent,0,Bin,11.6,11.7
Utah,Season peak percentage,percent,0,Bin,11.7,11.8
Utah,Season peak percentage,percent,0,Bin,11.8,11.9
Utah,Season peak percentage,percent,0,Bin,11.9,12.0
Utah,Season peak percentage,percent,0,Bin,12.0,12.1
Utah,Season peak percentage,percent,0,Bin,12.1,12.2
Utah,Season peak percentage,percent,0,Bin,12.2,12.3
Utah,Season peak percentage,percent,0,Bin,12.3,12.4
Utah,Season peak percentage,percent,0,Bin,12.4,12.5
Utah,Season peak percentage,percent,0,Bin,12.5,12.6
Utah,Season peak percentage,percent,0,Bin,12.6,12.7
Utah,Season peak percentage,percent,0,Bin,12.7,12.8
Utah,Season peak percentage,percent,0,Bin,12.8,12.9
Utah,Season peak percentage,percent,0,Bin,12.9,13.0
Utah,Season peak percentage,percent,0.002,Bin,13.0,100.0
Utah,Season peak week,week,0,Bin,40.0,41.0
Utah,Season peak week,week,0,Bin,41.0,42.0
Utah,Season peak week,week,0,Bin,42.0,43.0
Utah,Season peak week,week,0,Bin,43.0,44.0
Utah,Season peak week,week,0,Bin,44.0,45.0
Utah,Season peak week,week,0,Bin,45.0,46.0
Utah,Season peak week,week,0,Bin,46.0,47.0
Utah,Season peak week,week,0,Bin,47.0,48.0
Utah,Season peak week,week,0,Bin,48.0,49.0
Utah,Season peak week,week,0,Bin,49.0,50.0
Utah,Season peak week,week,0,Bin,50.0,51.0
Utah,Season peak week,week,0,Bin,51.0,52.0
Utah,Season peak week,week,0.0183823529411765,Bin,52.0,53.0
Utah,Season peak week,week,0.0165441176470588,Bin,1.0,2.0
Utah,Season peak week,week,0.0496323529411765,Bin,2.0,3.0
Utah,Season peak week,week,0.0183823529411765,Bin,3.0,4.0
Utah,Season peak week,week,0.0275735294117647,Bin,4.0,5.0
Utah,Season peak week,week,0.0514705882352941,Bin,5.0,6.0
Utah,Season peak week,week,0.119485294117647,Bin,6.0,7.0
Utah,Season peak week,week,0.119485294117647,Bin,7.0,8.0
Utah,Season peak week,week,0.0863970588235294,Bin,8.0,9.0
Utah,Season peak week,week,0.0588235294117647,Bin,9.0,10.0
Utah,Season peak week,week,0.0496323529411765,Bin,10.0,11.0
Utah,Season peak week,week,0.0643382352941176,Bin,11.0,12.0
Utah,Season peak week,week,0.0349264705882353,Bin,12.0,13.0
Utah,Season peak week,week,0.0569852941176471,Bin,13.0,14.0
Utah,Season peak week,week,0.0606617647058824,Bin,14.0,15.0
Utah,Season peak week,week,0.0349264705882353,Bin,15.0,16.0
Utah,Season peak week,week,0.0349264705882353,Bin,16.0,17.0
Utah,Season peak week,week,0.0257352941176471,Bin,17.0,18.0
Utah,Season peak week,week,0.0275735294117647,Bin,18.0,19.0
Utah,Season peak week,week,0.0128676470588235,Bin,19.0,20.0
Utah,Season peak week,week,0.03125,Bin,20.0,21.0
Vermont,1 wk ahead,percent,0,Bin,0.0,0.1
Vermont,1 wk ahead,percent,0,Bin,0.1,0.2
Vermont,1 wk ahead,percent,0,Bin,0.2,0.3
Vermont,1 wk ahead,percent,0,Bin,0.3,0.4
Vermont,1 wk ahead,percent,0.002,Bin,0.4,0.5
Vermont,1 wk ahead,percent,0.004,Bin,0.5,0.6
Vermont,1 wk ahead,percent,0.01,Bin,0.6,0.7
Vermont,1 wk ahead,percent,0.024,Bin,0.7,0.8
Vermont,1 wk ahead,percent,0.044,Bin,0.8,0.9
Vermont,1 wk ahead,percent,0.028,Bin,0.9,1.0
Vermont,1 wk ahead,percent,0.046,Bin,1.0,1.1
Vermont,1 wk ahead,percent,0.08,Bin,1.1,1.2
Vermont,1 wk ahead,percent,0.082,Bin,1.2,1.3
Vermont,1 wk ahead,percent,0.11,Bin,1.3,1.4
Vermont,1 wk ahead,percent,0.13,Bin,1.4,1.5
Vermont,1 wk ahead,percent,0.124,Bin,1.5,1.6
Vermont,1 wk ahead,percent,0.082,Bin,1.6,1.7
Vermont,1 wk ahead,percent,0.082,Bin,1.7,1.8
Vermont,1 wk ahead,percent,0.026,Bin,1.8,1.9
Vermont,1 wk ahead,percent,0.022,Bin,1.9,2.0
Vermont,1 wk ahead,percent,0.004,Bin,2.0,2.1
Vermont,1 wk ahead,percent,0.012,Bin,2.1,2.2
Vermont,1 wk ahead,percent,0.032,Bin,2.2,2.3
Vermont,1 wk ahead,percent,0.016,Bin,2.3,2.4
Vermont,1 wk ahead,percent,0,Bin,2.4,2.5
Vermont,1 wk ahead,percent,0.014,Bin,2.5,2.6
Vermont,1 wk ahead,percent,0.006,Bin,2.6,2.7
Vermont,1 wk ahead,percent,0.002,Bin,2.7,2.8
Vermont,1 wk ahead,percent,0,Bin,2.8,2.9
Vermont,1 wk ahead,percent,0.002,Bin,2.9,3.0
Vermont,1 wk ahead,percent,0,Bin,3.0,3.1
Vermont,1 wk ahead,percent,0,Bin,3.1,3.2
Vermont,1 wk ahead,percent,0,Bin,3.2,3.3
Vermont,1 wk ahead,percent,0,Bin,3.3,3.4
Vermont,1 wk ahead,percent,0.004,Bin,3.4,3.5
Vermont,1 wk ahead,percent,0,Bin,3.5,3.6
Vermont,1 wk ahead,percent,0,Bin,3.6,3.7
Vermont,1 wk ahead,percent,0.002,Bin,3.7,3.8
Vermont,1 wk ahead,percent,0,Bin,3.8,3.9
Vermont,1 wk ahead,percent,0,Bin,3.9,4.0
Vermont,1 wk ahead,percent,0,Bin,4.0,4.1
Vermont,1 wk ahead,percent,0,Bin,4.1,4.2
Vermont,1 wk ahead,percent,0,Bin,4.2,4.3
Vermont,1 wk ahead,percent,0,Bin,4.3,4.4
Vermont,1 wk ahead,percent,0,Bin,4.4,4.5
Vermont,1 wk ahead,percent,0,Bin,4.5,4.6
Vermont,1 wk ahead,percent,0,Bin,4.6,4.7
Vermont,1 wk ahead,percent,0,Bin,4.7,4.8
Vermont,1 wk ahead,percent,0,Bin,4.8,4.9
Vermont,1 wk ahead,percent,0,Bin,4.9,5.0
Vermont,1 wk ahead,percent,0,Bin,5.0,5.1
Vermont,1 wk ahead,percent,0,Bin,5.1,5.2
Vermont,1 wk ahead,percent,0,Bin,5.2,5.3
Vermont,1 wk ahead,percent,0,Bin,5.3,5.4
Vermont,1 wk ahead,percent,0.006,Bin,5.4,5.5
Vermont,1 wk ahead,percent,0,Bin,5.5,5.6
Vermont,1 wk ahead,percent,0,Bin,5.6,5.7
Vermont,1 wk ahead,percent,0,Bin,5.7,5.8
Vermont,1 wk ahead,percent,0,Bin,5.8,5.9
Vermont,1 wk ahead,percent,0,Bin,5.9,6.0
Vermont,1 wk ahead,percent,0,Bin,6.0,6.1
Vermont,1 wk ahead,percent,0,Bin,6.1,6.2
Vermont,1 wk ahead,percent,0,Bin,6.2,6.3
Vermont,1 wk ahead,percent,0,Bin,6.3,6.4
Vermont,1 wk ahead,percent,0,Bin,6.4,6.5
Vermont,1 wk ahead,percent,0,Bin,6.5,6.6
Vermont,1 wk ahead,percent,0,Bin,6.6,6.7
Vermont,1 wk ahead,percent,0,Bin,6.7,6.8
Vermont,1 wk ahead,percent,0,Bin,6.8,6.9
Vermont,1 wk ahead,percent,0,Bin,6.9,7.0
Vermont,1 wk ahead,percent,0,Bin,7.0,7.1
Vermont,1 wk ahead,percent,0,Bin,7.1,7.2
Vermont,1 wk ahead,percent,0,Bin,7.2,7.3
Vermont,1 wk ahead,percent,0,Bin,7.3,7.4
Vermont,1 wk ahead,percent,0,Bin,7.4,7.5
Vermont,1 wk ahead,percent,0,Bin,7.5,7.6
Vermont,1 wk ahead,percent,0,Bin,7.6,7.7
Vermont,1 wk ahead,percent,0,Bin,7.7,7.8
Vermont,1 wk ahead,percent,0,Bin,7.8,7.9
Vermont,1 wk ahead,percent,0,Bin,7.9,8.0
Vermont,1 wk ahead,percent,0,Bin,8.0,8.1
Vermont,1 wk ahead,percent,0,Bin,8.1,8.2
Vermont,1 wk ahead,percent,0,Bin,8.2,8.3
Vermont,1 wk ahead,percent,0,Bin,8.3,8.4
Vermont,1 wk ahead,percent,0,Bin,8.4,8.5
Vermont,1 wk ahead,percent,0,Bin,8.5,8.6
Vermont,1 wk ahead,percent,0,Bin,8.6,8.7
Vermont,1 wk ahead,percent,0,Bin,8.7,8.8
Vermont,1 wk ahead,percent,0,Bin,8.8,8.9
Vermont,1 wk ahead,percent,0,Bin,8.9,9.0
Vermont,1 wk ahead,percent,0,Bin,9.0,9.1
Vermont,1 wk ahead,percent,0,Bin,9.1,9.2
Vermont,1 wk ahead,percent,0,Bin,9.2,9.3
Vermont,1 wk ahead,percent,0,Bin,9.3,9.4
Vermont,1 wk ahead,percent,0,Bin,9.4,9.5
Vermont,1 wk ahead,percent,0,Bin,9.5,9.6
Vermont,1 wk ahead,percent,0,Bin,9.6,9.7
Vermont,1 wk ahead,percent,0,Bin,9.7,9.8
Vermont,1 wk ahead,percent,0,Bin,9.8,9.9
Vermont,1 wk ahead,percent,0,Bin,9.9,10.0
Vermont,1 wk ahead,percent,0,Bin,10.0,10.1
Vermont,1 wk ahead,percent,0,Bin,10.1,10.2
Vermont,1 wk ahead,percent,0,Bin,10.2,10.3
Vermont,1 wk ahead,percent,0,Bin,10.3,10.4
Vermont,1 wk ahead,percent,0,Bin,10.4,10.5
Vermont,1 wk ahead,percent,0,Bin,10.5,10.6
Vermont,1 wk ahead,percent,0,Bin,10.6,10.7
Vermont,1 wk ahead,percent,0,Bin,10.7,10.8
Vermont,1 wk ahead,percent,0,Bin,10.8,10.9
Vermont,1 wk ahead,percent,0,Bin,10.9,11.0
Vermont,1 wk ahead,percent,0,Bin,11.0,11.1
Vermont,1 wk ahead,percent,0,Bin,11.1,11.2
Vermont,1 wk ahead,percent,0,Bin,11.2,11.3
Vermont,1 wk ahead,percent,0,Bin,11.3,11.4
Vermont,1 wk ahead,percent,0,Bin,11.4,11.5
Vermont,1 wk ahead,percent,0,Bin,11.5,11.6
Vermont,1 wk ahead,percent,0,Bin,11.6,11.7
Vermont,1 wk ahead,percent,0,Bin,11.7,11.8
Vermont,1 wk ahead,percent,0,Bin,11.8,11.9
Vermont,1 wk ahead,percent,0,Bin,11.9,12.0
Vermont,1 wk ahead,percent,0,Bin,12.0,12.1
Vermont,1 wk ahead,percent,0,Bin,12.1,12.2
Vermont,1 wk ahead,percent,0,Bin,12.2,12.3
Vermont,1 wk ahead,percent,0,Bin,12.3,12.4
Vermont,1 wk ahead,percent,0,Bin,12.4,12.5
Vermont,1 wk ahead,percent,0,Bin,12.5,12.6
Vermont,1 wk ahead,percent,0,Bin,12.6,12.7
Vermont,1 wk ahead,percent,0,Bin,12.7,12.8
Vermont,1 wk ahead,percent,0,Bin,12.8,12.9
Vermont,1 wk ahead,percent,0,Bin,12.9,13.0
Vermont,1 wk ahead,percent,0.004,Bin,13.0,100.0
Vermont,2 wk ahead,percent,0,Bin,0.0,0.1
Vermont,2 wk ahead,percent,0,Bin,0.1,0.2
Vermont,2 wk ahead,percent,0,Bin,0.2,0.3
Vermont,2 wk ahead,percent,0.006,Bin,0.3,0.4
Vermont,2 wk ahead,percent,0.004,Bin,0.4,0.5
Vermont,2 wk ahead,percent,0.002,Bin,0.5,0.6
Vermont,2 wk ahead,percent,0.004,Bin,0.6,0.7
Vermont,2 wk ahead,percent,0.014,Bin,0.7,0.8
Vermont,2 wk ahead,percent,0.026,Bin,0.8,0.9
Vermont,2 wk ahead,percent,0.028,Bin,0.9,1.0
Vermont,2 wk ahead,percent,0.048,Bin,1.0,1.1
Vermont,2 wk ahead,percent,0.088,Bin,1.1,1.2
Vermont,2 wk ahead,percent,0.086,Bin,1.2,1.3
Vermont,2 wk ahead,percent,0.094,Bin,1.3,1.4
Vermont,2 wk ahead,percent,0.1,Bin,1.4,1.5
Vermont,2 wk ahead,percent,0.1,Bin,1.5,1.6
Vermont,2 wk ahead,percent,0.082,Bin,1.6,1.7
Vermont,2 wk ahead,percent,0.04,Bin,1.7,1.8
Vermont,2 wk ahead,percent,0.048,Bin,1.8,1.9
Vermont,2 wk ahead,percent,0.044,Bin,1.9,2.0
Vermont,2 wk ahead,percent,0.04,Bin,2.0,2.1
Vermont,2 wk ahead,percent,0.034,Bin,2.1,2.2
Vermont,2 wk ahead,percent,0.012,Bin,2.2,2.3
Vermont,2 wk ahead,percent,0.028,Bin,2.3,2.4
Vermont,2 wk ahead,percent,0.012,Bin,2.4,2.5
Vermont,2 wk ahead,percent,0.006,Bin,2.5,2.6
Vermont,2 wk ahead,percent,0.008,Bin,2.6,2.7
Vermont,2 wk ahead,percent,0.004,Bin,2.7,2.8
Vermont,2 wk ahead,percent,0.004,Bin,2.8,2.9
Vermont,2 wk ahead,percent,0.004,Bin,2.9,3.0
Vermont,2 wk ahead,percent,0,Bin,3.0,3.1
Vermont,2 wk ahead,percent,0.006,Bin,3.1,3.2
Vermont,2 wk ahead,percent,0.002,Bin,3.2,3.3
Vermont,2 wk ahead,percent,0.004,Bin,3.3,3.4
Vermont,2 wk ahead,percent,0.002,Bin,3.4,3.5
Vermont,2 wk ahead,percent,0,Bin,3.5,3.6
Vermont,2 wk ahead,percent,0,Bin,3.6,3.7
Vermont,2 wk ahead,percent,0,Bin,3.7,3.8
Vermont,2 wk ahead,percent,0,Bin,3.8,3.9
Vermont,2 wk ahead,percent,0,Bin,3.9,4.0
Vermont,2 wk ahead,percent,0.006,Bin,4.0,4.1
Vermont,2 wk ahead,percent,0,Bin,4.1,4.2
Vermont,2 wk ahead,percent,0,Bin,4.2,4.3
Vermont,2 wk ahead,percent,0,Bin,4.3,4.4
Vermont,2 wk ahead,percent,0,Bin,4.4,4.5
Vermont,2 wk ahead,percent,0,Bin,4.5,4.6
Vermont,2 wk ahead,percent,0,Bin,4.6,4.7
Vermont,2 wk ahead,percent,0,Bin,4.7,4.8
Vermont,2 wk ahead,percent,0,Bin,4.8,4.9
Vermont,2 wk ahead,percent,0,Bin,4.9,5.0
Vermont,2 wk ahead,percent,0,Bin,5.0,5.1
Vermont,2 wk ahead,percent,0.002,Bin,5.1,5.2
Vermont,2 wk ahead,percent,0,Bin,5.2,5.3
Vermont,2 wk ahead,percent,0,Bin,5.3,5.4
Vermont,2 wk ahead,percent,0.002,Bin,5.4,5.5
Vermont,2 wk ahead,percent,0,Bin,5.5,5.6
Vermont,2 wk ahead,percent,0,Bin,5.6,5.7
Vermont,2 wk ahead,percent,0,Bin,5.7,5.8
Vermont,2 wk ahead,percent,0,Bin,5.8,5.9
Vermont,2 wk ahead,percent,0,Bin,5.9,6.0
Vermont,2 wk ahead,percent,0,Bin,6.0,6.1
Vermont,2 wk ahead,percent,0,Bin,6.1,6.2
Vermont,2 wk ahead,percent,0.002,Bin,6.2,6.3
Vermont,2 wk ahead,percent,0,Bin,6.3,6.4
Vermont,2 wk ahead,percent,0,Bin,6.4,6.5
Vermont,2 wk ahead,percent,0,Bin,6.5,6.6
Vermont,2 wk ahead,percent,0,Bin,6.6,6.7
Vermont,2 wk ahead,percent,0,Bin,6.7,6.8
Vermont,2 wk ahead,percent,0,Bin,6.8,6.9
Vermont,2 wk ahead,percent,0,Bin,6.9,7.0
Vermont,2 wk ahead,percent,0,Bin,7.0,7.1
Vermont,2 wk ahead,percent,0,Bin,7.1,7.2
Vermont,2 wk ahead,percent,0,Bin,7.2,7.3
Vermont,2 wk ahead,percent,0,Bin,7.3,7.4
Vermont,2 wk ahead,percent,0,Bin,7.4,7.5
Vermont,2 wk ahead,percent,0,Bin,7.5,7.6
Vermont,2 wk ahead,percent,0,Bin,7.6,7.7
Vermont,2 wk ahead,percent,0.002,Bin,7.7,7.8
Vermont,2 wk ahead,percent,0,Bin,7.8,7.9
Vermont,2 wk ahead,percent,0,Bin,7.9,8.0
Vermont,2 wk ahead,percent,0,Bin,8.0,8.1
Vermont,2 wk ahead,percent,0,Bin,8.1,8.2
Vermont,2 wk ahead,percent,0,Bin,8.2,8.3
Vermont,2 wk ahead,percent,0,Bin,8.3,8.4
Vermont,2 wk ahead,percent,0,Bin,8.4,8.5
Vermont,2 wk ahead,percent,0,Bin,8.5,8.6
Vermont,2 wk ahead,percent,0,Bin,8.6,8.7
Vermont,2 wk ahead,percent,0,Bin,8.7,8.8
Vermont,2 wk ahead,percent,0,Bin,8.8,8.9
Vermont,2 wk ahead,percent,0,Bin,8.9,9.0
Vermont,2 wk ahead,percent,0,Bin,9.0,9.1
Vermont,2 wk ahead,percent,0,Bin,9.1,9.2
Vermont,2 wk ahead,percent,0,Bin,9.2,9.3
Vermont,2 wk ahead,percent,0,Bin,9.3,9.4
Vermont,2 wk ahead,percent,0,Bin,9.4,9.5
Vermont,2 wk ahead,percent,0,Bin,9.5,9.6
Vermont,2 wk ahead,percent,0,Bin,9.6,9.7
Vermont,2 wk ahead,percent,0,Bin,9.7,9.8
Vermont,2 wk ahead,percent,0,Bin,9.8,9.9
Vermont,2 wk ahead,percent,0,Bin,9.9,10.0
Vermont,2 wk ahead,percent,0,Bin,10.0,10.1
Vermont,2 wk ahead,percent,0,Bin,10.1,10.2
Vermont,2 wk ahead,percent,0,Bin,10.2,10.3
Vermont,2 wk ahead,percent,0,Bin,10.3,10.4
Vermont,2 wk ahead,percent,0,Bin,10.4,10.5
Vermont,2 wk ahead,percent,0,Bin,10.5,10.6
Vermont,2 wk ahead,percent,0,Bin,10.6,10.7
Vermont,2 wk ahead,percent,0,Bin,10.7,10.8
Vermont,2 wk ahead,percent,0,Bin,10.8,10.9
Vermont,2 wk ahead,percent,0,Bin,10.9,11.0
Vermont,2 wk ahead,percent,0,Bin,11.0,11.1
Vermont,2 wk ahead,percent,0,Bin,11.1,11.2
Vermont,2 wk ahead,percent,0,Bin,11.2,11.3
Vermont,2 wk ahead,percent,0,Bin,11.3,11.4
Vermont,2 wk ahead,percent,0,Bin,11.4,11.5
Vermont,2 wk ahead,percent,0,Bin,11.5,11.6
Vermont,2 wk ahead,percent,0,Bin,11.6,11.7
Vermont,2 wk ahead,percent,0,Bin,11.7,11.8
Vermont,2 wk ahead,percent,0,Bin,11.8,11.9
Vermont,2 wk ahead,percent,0,Bin,11.9,12.0
Vermont,2 wk ahead,percent,0,Bin,12.0,12.1
Vermont,2 wk ahead,percent,0,Bin,12.1,12.2
Vermont,2 wk ahead,percent,0,Bin,12.2,12.3
Vermont,2 wk ahead,percent,0,Bin,12.3,12.4
Vermont,2 wk ahead,percent,0,Bin,12.4,12.5
Vermont,2 wk ahead,percent,0,Bin,12.5,12.6
Vermont,2 wk ahead,percent,0,Bin,12.6,12.7
Vermont,2 wk ahead,percent,0,Bin,12.7,12.8
Vermont,2 wk ahead,percent,0,Bin,12.8,12.9
Vermont,2 wk ahead,percent,0,Bin,12.9,13.0
Vermont,2 wk ahead,percent,0.006,Bin,13.0,100.0
Vermont,3 wk ahead,percent,0,Bin,0.0,0.1
Vermont,3 wk ahead,percent,0,Bin,0.1,0.2
Vermont,3 wk ahead,percent,0,Bin,0.2,0.3
Vermont,3 wk ahead,percent,0.004,Bin,0.3,0.4
Vermont,3 wk ahead,percent,0.004,Bin,0.4,0.5
Vermont,3 wk ahead,percent,0.014,Bin,0.5,0.6
Vermont,3 wk ahead,percent,0.01,Bin,0.6,0.7
Vermont,3 wk ahead,percent,0.016,Bin,0.7,0.8
Vermont,3 wk ahead,percent,0.04,Bin,0.8,0.9
Vermont,3 wk ahead,percent,0.02,Bin,0.9,1.0
Vermont,3 wk ahead,percent,0.04,Bin,1.0,1.1
Vermont,3 wk ahead,percent,0.05,Bin,1.1,1.2
Vermont,3 wk ahead,percent,0.052,Bin,1.2,1.3
Vermont,3 wk ahead,percent,0.064,Bin,1.3,1.4
Vermont,3 wk ahead,percent,0.06,Bin,1.4,1.5
Vermont,3 wk ahead,percent,0.072,Bin,1.5,1.6
Vermont,3 wk ahead,percent,0.084,Bin,1.6,1.7
Vermont,3 wk ahead,percent,0.074,Bin,1.7,1.8
Vermont,3 wk ahead,percent,0.08,Bin,1.8,1.9
Vermont,3 wk ahead,percent,0.042,Bin,1.9,2.0
Vermont,3 wk ahead,percent,0.03,Bin,2.0,2.1
Vermont,3 wk ahead,percent,0.036,Bin,2.1,2.2
Vermont,3 wk ahead,percent,0.04,Bin,2.2,2.3
Vermont,3 wk ahead,percent,0.024,Bin,2.3,2.4
Vermont,3 wk ahead,percent,0.012,Bin,2.4,2.5
Vermont,3 wk ahead,percent,0.016,Bin,2.5,2.6
Vermont,3 wk ahead,percent,0.018,Bin,2.6,2.7
Vermont,3 wk ahead,percent,0.018,Bin,2.7,2.8
Vermont,3 wk ahead,percent,0.004,Bin,2.8,2.9
Vermont,3 wk ahead,percent,0.018,Bin,2.9,3.0
Vermont,3 wk ahead,percent,0.01,Bin,3.0,3.1
Vermont,3 wk ahead,percent,0.004,Bin,3.1,3.2
Vermont,3 wk ahead,percent,0.008,Bin,3.2,3.3
Vermont,3 wk ahead,percent,0.008,Bin,3.3,3.4
Vermont,3 wk ahead,percent,0.002,Bin,3.4,3.5
Vermont,3 wk ahead,percent,0.002,Bin,3.5,3.6
Vermont,3 wk ahead,percent,0,Bin,3.6,3.7
Vermont,3 wk ahead,percent,0.004,Bin,3.7,3.8
Vermont,3 wk ahead,percent,0,Bin,3.8,3.9
Vermont,3 wk ahead,percent,0.002,Bin,3.9,4.0
Vermont,3 wk ahead,percent,0,Bin,4.0,4.1
Vermont,3 wk ahead,percent,0,Bin,4.1,4.2
Vermont,3 wk ahead,percent,0,Bin,4.2,4.3
Vermont,3 wk ahead,percent,0.002,Bin,4.3,4.4
Vermont,3 wk ahead,percent,0,Bin,4.4,4.5
Vermont,3 wk ahead,percent,0,Bin,4.5,4.6
Vermont,3 wk ahead,percent,0.002,Bin,4.6,4.7
Vermont,3 wk ahead,percent,0,Bin,4.7,4.8
Vermont,3 wk ahead,percent,0.002,Bin,4.8,4.9
Vermont,3 wk ahead,percent,0,Bin,4.9,5.0
Vermont,3 wk ahead,percent,0.002,Bin,5.0,5.1
Vermont,3 wk ahead,percent,0.004,Bin,5.1,5.2
Vermont,3 wk ahead,percent,0.002,Bin,5.2,5.3
Vermont,3 wk ahead,percent,0,Bin,5.3,5.4
Vermont,3 wk ahead,percent,0,Bin,5.4,5.5
Vermont,3 wk ahead,percent,0,Bin,5.5,5.6
Vermont,3 wk ahead,percent,0.004,Bin,5.6,5.7
Vermont,3 wk ahead,percent,0,Bin,5.7,5.8
Vermont,3 wk ahead,percent,0,Bin,5.8,5.9
Vermont,3 wk ahead,percent,0,Bin,5.9,6.0
Vermont,3 wk ahead,percent,0,Bin,6.0,6.1
Vermont,3 wk ahead,percent,0,Bin,6.1,6.2
Vermont,3 wk ahead,percent,0,Bin,6.2,6.3
Vermont,3 wk ahead,percent,0,Bin,6.3,6.4
Vermont,3 wk ahead,percent,0,Bin,6.4,6.5
Vermont,3 wk ahead,percent,0,Bin,6.5,6.6
Vermont,3 wk ahead,percent,0,Bin,6.6,6.7
Vermont,3 wk ahead,percent,0,Bin,6.7,6.8
Vermont,3 wk ahead,percent,0,Bin,6.8,6.9
Vermont,3 wk ahead,percent,0,Bin,6.9,7.0
Vermont,3 wk ahead,percent,0,Bin,7.0,7.1
Vermont,3 wk ahead,percent,0,Bin,7.1,7.2
Vermont,3 wk ahead,percent,0,Bin,7.2,7.3
Vermont,3 wk ahead,percent,0,Bin,7.3,7.4
Vermont,3 wk ahead,percent,0,Bin,7.4,7.5
Vermont,3 wk ahead,percent,0,Bin,7.5,7.6
Vermont,3 wk ahead,percent,0,Bin,7.6,7.7
Vermont,3 wk ahead,percent,0,Bin,7.7,7.8
Vermont,3 wk ahead,percent,0,Bin,7.8,7.9
Vermont,3 wk ahead,percent,0,Bin,7.9,8.0
Vermont,3 wk ahead,percent,0,Bin,8.0,8.1
Vermont,3 wk ahead,percent,0,Bin,8.1,8.2
Vermont,3 wk ahead,percent,0,Bin,8.2,8.3
Vermont,3 wk ahead,percent,0,Bin,8.3,8.4
Vermont,3 wk ahead,percent,0,Bin,8.4,8.5
Vermont,3 wk ahead,percent,0,Bin,8.5,8.6
Vermont,3 wk ahead,percent,0,Bin,8.6,8.7
Vermont,3 wk ahead,percent,0,Bin,8.7,8.8
Vermont,3 wk ahead,percent,0,Bin,8.8,8.9
Vermont,3 wk ahead,percent,0,Bin,8.9,9.0
Vermont,3 wk ahead,percent,0,Bin,9.0,9.1
Vermont,3 wk ahead,percent,0,Bin,9.1,9.2
Vermont,3 wk ahead,percent,0,Bin,9.2,9.3
Vermont,3 wk ahead,percent,0,Bin,9.3,9.4
Vermont,3 wk ahead,percent,0,Bin,9.4,9.5
Vermont,3 wk ahead,percent,0,Bin,9.5,9.6
Vermont,3 wk ahead,percent,0,Bin,9.6,9.7
Vermont,3 wk ahead,percent,0,Bin,9.7,9.8
Vermont,3 wk ahead,percent,0,Bin,9.8,9.9
Vermont,3 wk ahead,percent,0,Bin,9.9,10.0
Vermont,3 wk ahead,percent,0,Bin,10.0,10.1
Vermont,3 wk ahead,percent,0,Bin,10.1,10.2
Vermont,3 wk ahead,percent,0,Bin,10.2,10.3
Vermont,3 wk ahead,percent,0,Bin,10.3,10.4
Vermont,3 wk ahead,percent,0,Bin,10.4,10.5
Vermont,3 wk ahead,percent,0,Bin,10.5,10.6
Vermont,3 wk ahead,percent,0,Bin,10.6,10.7
Vermont,3 wk ahead,percent,0,Bin,10.7,10.8
Vermont,3 wk ahead,percent,0,Bin,10.8,10.9
Vermont,3 wk ahead,percent,0,Bin,10.9,11.0
Vermont,3 wk ahead,percent,0,Bin,11.0,11.1
Vermont,3 wk ahead,percent,0,Bin,11.1,11.2
Vermont,3 wk ahead,percent,0,Bin,11.2,11.3
Vermont,3 wk ahead,percent,0,Bin,11.3,11.4
Vermont,3 wk ahead,percent,0,Bin,11.4,11.5
Vermont,3 wk ahead,percent,0,Bin,11.5,11.6
Vermont,3 wk ahead,percent,0,Bin,11.6,11.7
Vermont,3 wk ahead,percent,0,Bin,11.7,11.8
Vermont,3 wk ahead,percent,0,Bin,11.8,11.9
Vermont,3 wk ahead,percent,0,Bin,11.9,12.0
Vermont,3 wk ahead,percent,0,Bin,12.0,12.1
Vermont,3 wk ahead,percent,0,Bin,12.1,12.2
Vermont,3 wk ahead,percent,0,Bin,12.2,12.3
Vermont,3 wk ahead,percent,0,Bin,12.3,12.4
Vermont,3 wk ahead,percent,0,Bin,12.4,12.5
Vermont,3 wk ahead,percent,0,Bin,12.5,12.6
Vermont,3 wk ahead,percent,0,Bin,12.6,12.7
Vermont,3 wk ahead,percent,0,Bin,12.7,12.8
Vermont,3 wk ahead,percent,0,Bin,12.8,12.9
Vermont,3 wk ahead,percent,0,Bin,12.9,13.0
Vermont,3 wk ahead,percent,0,Bin,13.0,100.0
Vermont,4 wk ahead,percent,0,Bin,0.0,0.1
Vermont,4 wk ahead,percent,0,Bin,0.1,0.2
Vermont,4 wk ahead,percent,0,Bin,0.2,0.3
Vermont,4 wk ahead,percent,0.002,Bin,0.3,0.4
Vermont,4 wk ahead,percent,0.008,Bin,0.4,0.5
Vermont,4 wk ahead,percent,0.002,Bin,0.5,0.6
Vermont,4 wk ahead,percent,0.012,Bin,0.6,0.7
Vermont,4 wk ahead,percent,0.008,Bin,0.7,0.8
Vermont,4 wk ahead,percent,0.028,Bin,0.8,0.9
Vermont,4 wk ahead,percent,0.028,Bin,0.9,1.0
Vermont,4 wk ahead,percent,0.032,Bin,1.0,1.1
Vermont,4 wk ahead,percent,0.028,Bin,1.1,1.2
Vermont,4 wk ahead,percent,0.054,Bin,1.2,1.3
Vermont,4 wk ahead,percent,0.048,Bin,1.3,1.4
Vermont,4 wk ahead,percent,0.064,Bin,1.4,1.5
Vermont,4 wk ahead,percent,0.07,Bin,1.5,1.6
Vermont,4 wk ahead,percent,0.05,Bin,1.6,1.7
Vermont,4 wk ahead,percent,0.046,Bin,1.7,1.8
Vermont,4 wk ahead,percent,0.064,Bin,1.8,1.9
Vermont,4 wk ahead,percent,0.062,Bin,1.9,2.0
Vermont,4 wk ahead,percent,0.05,Bin,2.0,2.1
Vermont,4 wk ahead,percent,0.05,Bin,2.1,2.2
Vermont,4 wk ahead,percent,0.03,Bin,2.2,2.3
Vermont,4 wk ahead,percent,0.036,Bin,2.3,2.4
Vermont,4 wk ahead,percent,0.03,Bin,2.4,2.5
Vermont,4 wk ahead,percent,0.034,Bin,2.5,2.6
Vermont,4 wk ahead,percent,0.016,Bin,2.6,2.7
Vermont,4 wk ahead,percent,0.012,Bin,2.7,2.8
Vermont,4 wk ahead,percent,0.012,Bin,2.8,2.9
Vermont,4 wk ahead,percent,0.016,Bin,2.9,3.0
Vermont,4 wk ahead,percent,0.008,Bin,3.0,3.1
Vermont,4 wk ahead,percent,0.012,Bin,3.1,3.2
Vermont,4 wk ahead,percent,0.012,Bin,3.2,3.3
Vermont,4 wk ahead,percent,0.004,Bin,3.3,3.4
Vermont,4 wk ahead,percent,0.01,Bin,3.4,3.5
Vermont,4 wk ahead,percent,0.014,Bin,3.5,3.6
Vermont,4 wk ahead,percent,0,Bin,3.6,3.7
Vermont,4 wk ahead,percent,0,Bin,3.7,3.8
Vermont,4 wk ahead,percent,0.01,Bin,3.8,3.9
Vermont,4 wk ahead,percent,0,Bin,3.9,4.0
Vermont,4 wk ahead,percent,0.002,Bin,4.0,4.1
Vermont,4 wk ahead,percent,0.002,Bin,4.1,4.2
Vermont,4 wk ahead,percent,0.002,Bin,4.2,4.3
Vermont,4 wk ahead,percent,0,Bin,4.3,4.4
Vermont,4 wk ahead,percent,0.004,Bin,4.4,4.5
Vermont,4 wk ahead,percent,0,Bin,4.5,4.6
Vermont,4 wk ahead,percent,0.002,Bin,4.6,4.7
Vermont,4 wk ahead,percent,0,Bin,4.7,4.8
Vermont,4 wk ahead,percent,0.002,Bin,4.8,4.9
Vermont,4 wk ahead,percent,0,Bin,4.9,5.0
Vermont,4 wk ahead,percent,0.002,Bin,5.0,5.1
Vermont,4 wk ahead,percent,0.002,Bin,5.1,5.2
Vermont,4 wk ahead,percent,0,Bin,5.2,5.3
Vermont,4 wk ahead,percent,0.002,Bin,5.3,5.4
Vermont,4 wk ahead,percent,0,Bin,5.4,5.5
Vermont,4 wk ahead,percent,0,Bin,5.5,5.6
Vermont,4 wk ahead,percent,0.004,Bin,5.6,5.7
Vermont,4 wk ahead,percent,0,Bin,5.7,5.8
Vermont,4 wk ahead,percent,0,Bin,5.8,5.9
Vermont,4 wk ahead,percent,0.004,Bin,5.9,6.0
Vermont,4 wk ahead,percent,0.002,Bin,6.0,6.1
Vermont,4 wk ahead,percent,0,Bin,6.1,6.2
Vermont,4 wk ahead,percent,0,Bin,6.2,6.3
Vermont,4 wk ahead,percent,0,Bin,6.3,6.4
Vermont,4 wk ahead,percent,0,Bin,6.4,6.5
Vermont,4 wk ahead,percent,0,Bin,6.5,6.6
Vermont,4 wk ahead,percent,0.002,Bin,6.6,6.7
Vermont,4 wk ahead,percent,0,Bin,6.7,6.8
Vermont,4 wk ahead,percent,0,Bin,6.8,6.9
Vermont,4 wk ahead,percent,0,Bin,6.9,7.0
Vermont,4 wk ahead,percent,0,Bin,7.0,7.1
Vermont,4 wk ahead,percent,0,Bin,7.1,7.2
Vermont,4 wk ahead,percent,0,Bin,7.2,7.3
Vermont,4 wk ahead,percent,0,Bin,7.3,7.4
Vermont,4 wk ahead,percent,0,Bin,7.4,7.5
Vermont,4 wk ahead,percent,0,Bin,7.5,7.6
Vermont,4 wk ahead,percent,0,Bin,7.6,7.7
Vermont,4 wk ahead,percent,0,Bin,7.7,7.8
Vermont,4 wk ahead,percent,0,Bin,7.8,7.9
Vermont,4 wk ahead,percent,0,Bin,7.9,8.0
Vermont,4 wk ahead,percent,0,Bin,8.0,8.1
Vermont,4 wk ahead,percent,0,Bin,8.1,8.2
Vermont,4 wk ahead,percent,0,Bin,8.2,8.3
Vermont,4 wk ahead,percent,0,Bin,8.3,8.4
Vermont,4 wk ahead,percent,0,Bin,8.4,8.5
Vermont,4 wk ahead,percent,0,Bin,8.5,8.6
Vermont,4 wk ahead,percent,0,Bin,8.6,8.7
Vermont,4 wk ahead,percent,0,Bin,8.7,8.8
Vermont,4 wk ahead,percent,0,Bin,8.8,8.9
Vermont,4 wk ahead,percent,0,Bin,8.9,9.0
Vermont,4 wk ahead,percent,0,Bin,9.0,9.1
Vermont,4 wk ahead,percent,0,Bin,9.1,9.2
Vermont,4 wk ahead,percent,0,Bin,9.2,9.3
Vermont,4 wk ahead,percent,0,Bin,9.3,9.4
Vermont,4 wk ahead,percent,0,Bin,9.4,9.5
Vermont,4 wk ahead,percent,0,Bin,9.5,9.6
Vermont,4 wk ahead,percent,0,Bin,9.6,9.7
Vermont,4 wk ahead,percent,0,Bin,9.7,9.8
Vermont,4 wk ahead,percent,0,Bin,9.8,9.9
Vermont,4 wk ahead,percent,0,Bin,9.9,10.0
Vermont,4 wk ahead,percent,0,Bin,10.0,10.1
Vermont,4 wk ahead,percent,0,Bin,10.1,10.2
Vermont,4 wk ahead,percent,0,Bin,10.2,10.3
Vermont,4 wk ahead,percent,0,Bin,10.3,10.4
Vermont,4 wk ahead,percent,0.002,Bin,10.4,10.5
Vermont,4 wk ahead,percent,0,Bin,10.5,10.6
Vermont,4 wk ahead,percent,0,Bin,10.6,10.7
Vermont,4 wk ahead,percent,0,Bin,10.7,10.8
Vermont,4 wk ahead,percent,0,Bin,10.8,10.9
Vermont,4 wk ahead,percent,0,Bin,10.9,11.0
Vermont,4 wk ahead,percent,0,Bin,11.0,11.1
Vermont,4 wk ahead,percent,0,Bin,11.1,11.2
Vermont,4 wk ahead,percent,0,Bin,11.2,11.3
Vermont,4 wk ahead,percent,0,Bin,11.3,11.4
Vermont,4 wk ahead,percent,0,Bin,11.4,11.5
Vermont,4 wk ahead,percent,0,Bin,11.5,11.6
Vermont,4 wk ahead,percent,0,Bin,11.6,11.7
Vermont,4 wk ahead,percent,0,Bin,11.7,11.8
Vermont,4 wk ahead,percent,0,Bin,11.8,11.9
Vermont,4 wk ahead,percent,0,Bin,11.9,12.0
Vermont,4 wk ahead,percent,0,Bin,12.0,12.1
Vermont,4 wk ahead,percent,0,Bin,12.1,12.2
Vermont,4 wk ahead,percent,0,Bin,12.2,12.3
Vermont,4 wk ahead,percent,0,Bin,12.3,12.4
Vermont,4 wk ahead,percent,0,Bin,12.4,12.5
Vermont,4 wk ahead,percent,0,Bin,12.5,12.6
Vermont,4 wk ahead,percent,0,Bin,12.6,12.7
Vermont,4 wk ahead,percent,0,Bin,12.7,12.8
Vermont,4 wk ahead,percent,0,Bin,12.8,12.9
Vermont,4 wk ahead,percent,0,Bin,12.9,13.0
Vermont,4 wk ahead,percent,0.004,Bin,13.0,100.0
Vermont,Season peak percentage,percent,0,Bin,0.0,0.1
Vermont,Season peak percentage,percent,0,Bin,0.1,0.2
Vermont,Season peak percentage,percent,0,Bin,0.2,0.3
Vermont,Season peak percentage,percent,0,Bin,0.3,0.4
Vermont,Season peak percentage,percent,0,Bin,0.4,0.5
Vermont,Season peak percentage,percent,0,Bin,0.5,0.6
Vermont,Season peak percentage,percent,0,Bin,0.6,0.7
Vermont,Season peak percentage,percent,0,Bin,0.7,0.8
Vermont,Season peak percentage,percent,0,Bin,0.8,0.9
Vermont,Season peak percentage,percent,0,Bin,0.9,1.0
Vermont,Season peak percentage,percent,0,Bin,1.0,1.1
Vermont,Season peak percentage,percent,0,Bin,1.1,1.2
Vermont,Season peak percentage,percent,0,Bin,1.2,1.3
Vermont,Season peak percentage,percent,0,Bin,1.3,1.4
Vermont,Season peak percentage,percent,0,Bin,1.4,1.5
Vermont,Season peak percentage,percent,0.004,Bin,1.5,1.6
Vermont,Season peak percentage,percent,0.004,Bin,1.6,1.7
Vermont,Season peak percentage,percent,0.016,Bin,1.7,1.8
Vermont,Season peak percentage,percent,0.012,Bin,1.8,1.9
Vermont,Season peak percentage,percent,0.012,Bin,1.9,2.0
Vermont,Season peak percentage,percent,0.01,Bin,2.0,2.1
Vermont,Season peak percentage,percent,0.008,Bin,2.1,2.2
Vermont,Season peak percentage,percent,0.008,Bin,2.2,2.3
Vermont,Season peak percentage,percent,0.012,Bin,2.3,2.4
Vermont,Season peak percentage,percent,0.012,Bin,2.4,2.5
Vermont,Season peak percentage,percent,0.02,Bin,2.5,2.6
Vermont,Season peak percentage,percent,0.028,Bin,2.6,2.7
Vermont,Season peak percentage,percent,0.018,Bin,2.7,2.8
Vermont,Season peak percentage,percent,0.018,Bin,2.8,2.9
Vermont,Season peak percentage,percent,0.022,Bin,2.9,3.0
Vermont,Season peak percentage,percent,0.018,Bin,3.0,3.1
Vermont,Season peak percentage,percent,0.034,Bin,3.1,3.2
Vermont,Season peak percentage,percent,0.014,Bin,3.2,3.3
Vermont,Season peak percentage,percent,0.024,Bin,3.3,3.4
Vermont,Season peak percentage,percent,0.02,Bin,3.4,3.5
Vermont,Season peak percentage,percent,0.016,Bin,3.5,3.6
Vermont,Season peak percentage,percent,0.016,Bin,3.6,3.7
Vermont,Season peak percentage,percent,0.018,Bin,3.7,3.8
Vermont,Season peak percentage,percent,0.03,Bin,3.8,3.9
Vermont,Season peak percentage,percent,0.022,Bin,3.9,4.0
Vermont,Season peak percentage,percent,0.018,Bin,4.0,4.1
Vermont,Season peak percentage,percent,0.014,Bin,4.1,4.2
Vermont,Season peak percentage,percent,0.01,Bin,4.2,4.3
Vermont,Season peak percentage,percent,0.014,Bin,4.3,4.4
Vermont,Season peak percentage,percent,0.016,Bin,4.4,4.5
Vermont,Season peak percentage,percent,0.018,Bin,4.5,4.6
Vermont,Season peak percentage,percent,0.012,Bin,4.6,4.7
Vermont,Season peak percentage,percent,0.012,Bin,4.7,4.8
Vermont,Season peak percentage,percent,0.022,Bin,4.8,4.9
Vermont,Season peak percentage,percent,0.008,Bin,4.9,5.0
Vermont,Season peak percentage,percent,0.008,Bin,5.0,5.1
Vermont,Season peak percentage,percent,0.016,Bin,5.1,5.2
Vermont,Season peak percentage,percent,0.004,Bin,5.2,5.3
Vermont,Season peak percentage,percent,0.006,Bin,5.3,5.4
Vermont,Season peak percentage,percent,0.012,Bin,5.4,5.5
Vermont,Season peak percentage,percent,0.012,Bin,5.5,5.6
Vermont,Season peak percentage,percent,0.012,Bin,5.6,5.7
Vermont,Season peak percentage,percent,0.004,Bin,5.7,5.8
Vermont,Season peak percentage,percent,0.006,Bin,5.8,5.9
Vermont,Season peak percentage,percent,0.02,Bin,5.9,6.0
Vermont,Season peak percentage,percent,0.01,Bin,6.0,6.1
Vermont,Season peak percentage,percent,0.012,Bin,6.1,6.2
Vermont,Season peak percentage,percent,0.01,Bin,6.2,6.3
Vermont,Season peak percentage,percent,0.006,Bin,6.3,6.4
Vermont,Season peak percentage,percent,0.012,Bin,6.4,6.5
Vermont,Season peak percentage,percent,0.008,Bin,6.5,6.6
Vermont,Season peak percentage,percent,0.014,Bin,6.6,6.7
Vermont,Season peak percentage,percent,0,Bin,6.7,6.8
Vermont,Season peak percentage,percent,0.018,Bin,6.8,6.9
Vermont,Season peak percentage,percent,0.002,Bin,6.9,7.0
Vermont,Season peak percentage,percent,0.006,Bin,7.0,7.1
Vermont,Season peak percentage,percent,0.012,Bin,7.1,7.2
Vermont,Season peak percentage,percent,0.01,Bin,7.2,7.3
Vermont,Season peak percentage,percent,0.002,Bin,7.3,7.4
Vermont,Season peak percentage,percent,0.004,Bin,7.4,7.5
Vermont,Season peak percentage,percent,0.006,Bin,7.5,7.6
Vermont,Season peak percentage,percent,0.004,Bin,7.6,7.7
Vermont,Season peak percentage,percent,0.008,Bin,7.7,7.8
Vermont,Season peak percentage,percent,0.002,Bin,7.8,7.9
Vermont,Season peak percentage,percent,0.006,Bin,7.9,8.0
Vermont,Season peak percentage,percent,0.004,Bin,8.0,8.1
Vermont,Season peak percentage,percent,0,Bin,8.1,8.2
Vermont,Season peak percentage,percent,0.004,Bin,8.2,8.3
Vermont,Season peak percentage,percent,0.002,Bin,8.3,8.4
Vermont,Season peak percentage,percent,0.002,Bin,8.4,8.5
Vermont,Season peak percentage,percent,0.002,Bin,8.5,8.6
Vermont,Season peak percentage,percent,0.008,Bin,8.6,8.7
Vermont,Season peak percentage,percent,0.002,Bin,8.7,8.8
Vermont,Season peak percentage,percent,0,Bin,8.8,8.9
Vermont,Season peak percentage,percent,0.002,Bin,8.9,9.0
Vermont,Season peak percentage,percent,0.006,Bin,9.0,9.1
Vermont,Season peak percentage,percent,0.002,Bin,9.1,9.2
Vermont,Season peak percentage,percent,0.002,Bin,9.2,9.3
Vermont,Season peak percentage,percent,0.002,Bin,9.3,9.4
Vermont,Season peak percentage,percent,0.002,Bin,9.4,9.5
Vermont,Season peak percentage,percent,0.004,Bin,9.5,9.6
Vermont,Season peak percentage,percent,0,Bin,9.6,9.7
Vermont,Season peak percentage,percent,0.008,Bin,9.7,9.8
Vermont,Season peak percentage,percent,0.008,Bin,9.8,9.9
Vermont,Season peak percentage,percent,0.002,Bin,9.9,10.0
Vermont,Season peak percentage,percent,0.002,Bin,10.0,10.1
Vermont,Season peak percentage,percent,0.004,Bin,10.1,10.2
Vermont,Season peak percentage,percent,0,Bin,10.2,10.3
Vermont,Season peak percentage,percent,0,Bin,10.3,10.4
Vermont,Season peak percentage,percent,0.004,Bin,10.4,10.5
Vermont,Season peak percentage,percent,0.002,Bin,10.5,10.6
Vermont,Season peak percentage,percent,0.002,Bin,10.6,10.7
Vermont,Season peak percentage,percent,0,Bin,10.7,10.8
Vermont,Season peak percentage,percent,0,Bin,10.8,10.9
Vermont,Season peak percentage,percent,0.006,Bin,10.9,11.0
Vermont,Season peak percentage,percent,0.002,Bin,11.0,11.1
Vermont,Season peak percentage,percent,0,Bin,11.1,11.2
Vermont,Season peak percentage,percent,0.002,Bin,11.2,11.3
Vermont,Season peak percentage,percent,0.002,Bin,11.3,11.4
Vermont,Season peak percentage,percent,0,Bin,11.4,11.5
Vermont,Season peak percentage,percent,0,Bin,11.5,11.6
Vermont,Season peak percentage,percent,0,Bin,11.6,11.7
Vermont,Season peak percentage,percent,0,Bin,11.7,11.8
Vermont,Season peak percentage,percent,0.002,Bin,11.8,11.9
Vermont,Season peak percentage,percent,0.004,Bin,11.9,12.0
Vermont,Season peak percentage,percent,0,Bin,12.0,12.1
Vermont,Season peak percentage,percent,0.002,Bin,12.1,12.2
Vermont,Season peak percentage,percent,0,Bin,12.2,12.3
Vermont,Season peak percentage,percent,0,Bin,12.3,12.4
Vermont,Season peak percentage,percent,0.006,Bin,12.4,12.5
Vermont,Season peak percentage,percent,0,Bin,12.5,12.6
Vermont,Season peak percentage,percent,0.002,Bin,12.6,12.7
Vermont,Season peak percentage,percent,0,Bin,12.7,12.8
Vermont,Season peak percentage,percent,0.002,Bin,12.8,12.9
Vermont,Season peak percentage,percent,0,Bin,12.9,13.0
Vermont,Season peak percentage,percent,0.082,Bin,13.0,100.0
Vermont,Season peak week,week,0,Bin,40.0,41.0
Vermont,Season peak week,week,0,Bin,41.0,42.0
Vermont,Season peak week,week,0,Bin,42.0,43.0
Vermont,Season peak week,week,0,Bin,43.0,44.0
Vermont,Season peak week,week,0,Bin,44.0,45.0
Vermont,Season peak week,week,0,Bin,45.0,46.0
Vermont,Season peak week,week,0,Bin,46.0,47.0
Vermont,Season peak week,week,0,Bin,47.0,48.0
Vermont,Season peak week,week,0,Bin,48.0,49.0
Vermont,Season peak week,week,0,Bin,49.0,50.0
Vermont,Season peak week,week,0.0112359550561798,Bin,50.0,51.0
Vermont,Season peak week,week,0.0168539325842697,Bin,51.0,52.0
Vermont,Season peak week,week,0.0224719101123595,Bin,52.0,53.0
Vermont,Season peak week,week,0.0299625468164794,Bin,1.0,2.0
Vermont,Season peak week,week,0.0355805243445693,Bin,2.0,3.0
Vermont,Season peak week,week,0.0430711610486891,Bin,3.0,4.0
Vermont,Season peak week,week,0.0711610486891386,Bin,4.0,5.0
Vermont,Season peak week,week,0.0842696629213483,Bin,5.0,6.0
Vermont,Season peak week,week,0.0936329588014981,Bin,6.0,7.0
Vermont,Season peak week,week,0.101123595505618,Bin,7.0,8.0
Vermont,Season peak week,week,0.0973782771535581,Bin,8.0,9.0
Vermont,Season peak week,week,0.0936329588014981,Bin,9.0,10.0
Vermont,Season peak week,week,0.0617977528089888,Bin,10.0,11.0
Vermont,Season peak week,week,0.0730337078651685,Bin,11.0,12.0
Vermont,Season peak week,week,0.0599250936329588,Bin,12.0,13.0
Vermont,Season peak week,week,0.0224719101123595,Bin,13.0,14.0
Vermont,Season peak week,week,0.0243445692883895,Bin,14.0,15.0
Vermont,Season peak week,week,0.0168539325842697,Bin,15.0,16.0
Vermont,Season peak week,week,0.0168539325842697,Bin,16.0,17.0
Vermont,Season peak week,week,0.00936329588014981,Bin,17.0,18.0
Vermont,Season peak week,week,0.00749063670411985,Bin,18.0,19.0
Vermont,Season peak week,week,0.00561797752808989,Bin,19.0,20.0
Vermont,Season peak week,week,0.00187265917602996,Bin,20.0,21.0
Wyoming,1 wk ahead,percent,0,Bin,0.0,0.1
Wyoming,1 wk ahead,percent,0,Bin,0.1,0.2
Wyoming,1 wk ahead,percent,0,Bin,0.2,0.3
Wyoming,1 wk ahead,percent,0,Bin,0.3,0.4
Wyoming,1 wk ahead,percent,0.004,Bin,0.4,0.5
Wyoming,1 wk ahead,percent,0,Bin,0.5,0.6
Wyoming,1 wk ahead,percent,0.002,Bin,0.6,0.7
Wyoming,1 wk ahead,percent,0.008,Bin,0.7,0.8
Wyoming,1 wk ahead,percent,0.012,Bin,0.8,0.9
Wyoming,1 wk ahead,percent,0.014,Bin,0.9,1.0
Wyoming,1 wk ahead,percent,0.016,Bin,1.0,1.1
Wyoming,1 wk ahead,percent,0.016,Bin,1.1,1.2
Wyoming,1 wk ahead,percent,0.012,Bin,1.2,1.3
Wyoming,1 wk ahead,percent,0.058,Bin,1.3,1.4
Wyoming,1 wk ahead,percent,0.054,Bin,1.4,1.5
Wyoming,1 wk ahead,percent,0.03,Bin,1.5,1.6
Wyoming,1 wk ahead,percent,0.052,Bin,1.6,1.7
Wyoming,1 wk ahead,percent,0.058,Bin,1.7,1.8
Wyoming,1 wk ahead,percent,0.02,Bin,1.8,1.9
Wyoming,1 wk ahead,percent,0.044,Bin,1.9,2.0
Wyoming,1 wk ahead,percent,0.064,Bin,2.0,2.1
Wyoming,1 wk ahead,percent,0.036,Bin,2.1,2.2
Wyoming,1 wk ahead,percent,0.048,Bin,2.2,2.3
Wyoming,1 wk ahead,percent,0.04,Bin,2.3,2.4
Wyoming,1 wk ahead,percent,0.04,Bin,2.4,2.5
Wyoming,1 wk ahead,percent,0.036,Bin,2.5,2.6
Wyoming,1 wk ahead,percent,0.024,Bin,2.6,2.7
Wyoming,1 wk ahead,percent,0.056,Bin,2.7,2.8
Wyoming,1 wk ahead,percent,0.02,Bin,2.8,2.9
Wyoming,1 wk ahead,percent,0.032,Bin,2.9,3.0
Wyoming,1 wk ahead,percent,0.026,Bin,3.0,3.1
Wyoming,1 wk ahead,percent,0.024,Bin,3.1,3.2
Wyoming,1 wk ahead,percent,0.006,Bin,3.2,3.3
Wyoming,1 wk ahead,percent,0.02,Bin,3.3,3.4
Wyoming,1 wk ahead,percent,0.022,Bin,3.4,3.5
Wyoming,1 wk ahead,percent,0.004,Bin,3.5,3.6
Wyoming,1 wk ahead,percent,0.016,Bin,3.6,3.7
Wyoming,1 wk ahead,percent,0.016,Bin,3.7,3.8
Wyoming,1 wk ahead,percent,0,Bin,3.8,3.9
Wyoming,1 wk ahead,percent,0.014,Bin,3.9,4.0
Wyoming,1 wk ahead,percent,0,Bin,4.0,4.1
Wyoming,1 wk ahead,percent,0,Bin,4.1,4.2
Wyoming,1 wk ahead,percent,0.006,Bin,4.2,4.3
Wyoming,1 wk ahead,percent,0,Bin,4.3,4.4
Wyoming,1 wk ahead,percent,0,Bin,4.4,4.5
Wyoming,1 wk ahead,percent,0.006,Bin,4.5,4.6
Wyoming,1 wk ahead,percent,0,Bin,4.6,4.7
Wyoming,1 wk ahead,percent,0.006,Bin,4.7,4.8
Wyoming,1 wk ahead,percent,0.002,Bin,4.8,4.9
Wyoming,1 wk ahead,percent,0,Bin,4.9,5.0
Wyoming,1 wk ahead,percent,0.004,Bin,5.0,5.1
Wyoming,1 wk ahead,percent,0,Bin,5.1,5.2
Wyoming,1 wk ahead,percent,0.002,Bin,5.2,5.3
Wyoming,1 wk ahead,percent,0.006,Bin,5.3,5.4
Wyoming,1 wk ahead,percent,0,Bin,5.4,5.5
Wyoming,1 wk ahead,percent,0,Bin,5.5,5.6
Wyoming,1 wk ahead,percent,0.006,Bin,5.6,5.7
Wyoming,1 wk ahead,percent,0,Bin,5.7,5.8
Wyoming,1 wk ahead,percent,0,Bin,5.8,5.9
Wyoming,1 wk ahead,percent,0,Bin,5.9,6.0
Wyoming,1 wk ahead,percent,0,Bin,6.0,6.1
Wyoming,1 wk ahead,percent,0.004,Bin,6.1,6.2
Wyoming,1 wk ahead,percent,0.004,Bin,6.2,6.3
Wyoming,1 wk ahead,percent,0,Bin,6.3,6.4
Wyoming,1 wk ahead,percent,0,Bin,6.4,6.5
Wyoming,1 wk ahead,percent,0,Bin,6.5,6.6
Wyoming,1 wk ahead,percent,0,Bin,6.6,6.7
Wyoming,1 wk ahead,percent,0,Bin,6.7,6.8
Wyoming,1 wk ahead,percent,0,Bin,6.8,6.9
Wyoming,1 wk ahead,percent,0.004,Bin,6.9,7.0
Wyoming,1 wk ahead,percent,0,Bin,7.0,7.1
Wyoming,1 wk ahead,percent,0,Bin,7.1,7.2
Wyoming,1 wk ahead,percent,0,Bin,7.2,7.3
Wyoming,1 wk ahead,percent,0,Bin,7.3,7.4
Wyoming,1 wk ahead,percent,0,Bin,7.4,7.5
Wyoming,1 wk ahead,percent,0,Bin,7.5,7.6
Wyoming,1 wk ahead,percent,0,Bin,7.6,7.7
Wyoming,1 wk ahead,percent,0,Bin,7.7,7.8
Wyoming,1 wk ahead,percent,0,Bin,7.8,7.9
Wyoming,1 wk ahead,percent,0,Bin,7.9,8.0
Wyoming,1 wk ahead,percent,0,Bin,8.0,8.1
Wyoming,1 wk ahead,percent,0,Bin,8.1,8.2
Wyoming,1 wk ahead,percent,0,Bin,8.2,8.3
Wyoming,1 wk ahead,percent,0.002,Bin,8.3,8.4
Wyoming,1 wk ahead,percent,0,Bin,8.4,8.5
Wyoming,1 wk ahead,percent,0,Bin,8.5,8.6
Wyoming,1 wk ahead,percent,0,Bin,8.6,8.7
Wyoming,1 wk ahead,percent,0,Bin,8.7,8.8
Wyoming,1 wk ahead,percent,0,Bin,8.8,8.9
Wyoming,1 wk ahead,percent,0,Bin,8.9,9.0
Wyoming,1 wk ahead,percent,0,Bin,9.0,9.1
Wyoming,1 wk ahead,percent,0,Bin,9.1,9.2
Wyoming,1 wk ahead,percent,0,Bin,9.2,9.3
Wyoming,1 wk ahead,percent,0,Bin,9.3,9.4
Wyoming,1 wk ahead,percent,0,Bin,9.4,9.5
Wyoming,1 wk ahead,percent,0,Bin,9.5,9.6
Wyoming,1 wk ahead,percent,0,Bin,9.6,9.7
Wyoming,1 wk ahead,percent,0,Bin,9.7,9.8
Wyoming,1 wk ahead,percent,0,Bin,9.8,9.9
Wyoming,1 wk ahead,percent,0,Bin,9.9,10.0
Wyoming,1 wk ahead,percent,0,Bin,10.0,10.1
Wyoming,1 wk ahead,percent,0,Bin,10.1,10.2
Wyoming,1 wk ahead,percent,0,Bin,10.2,10.3
Wyoming,1 wk ahead,percent,0,Bin,10.3,10.4
Wyoming,1 wk ahead,percent,0.004,Bin,10.4,10.5
Wyoming,1 wk ahead,percent,0,Bin,10.5,10.6
Wyoming,1 wk ahead,percent,0,Bin,10.6,10.7
Wyoming,1 wk ahead,percent,0,Bin,10.7,10.8
Wyoming,1 wk ahead,percent,0,Bin,10.8,10.9
Wyoming,1 wk ahead,percent,0,Bin,10.9,11.0
Wyoming,1 wk ahead,percent,0,Bin,11.0,11.1
Wyoming,1 wk ahead,percent,0,Bin,11.1,11.2
Wyoming,1 wk ahead,percent,0,Bin,11.2,11.3
Wyoming,1 wk ahead,percent,0,Bin,11.3,11.4
Wyoming,1 wk ahead,percent,0,Bin,11.4,11.5
Wyoming,1 wk ahead,percent,0,Bin,11.5,11.6
Wyoming,1 wk ahead,percent,0,Bin,11.6,11.7
Wyoming,1 wk ahead,percent,0,Bin,11.7,11.8
Wyoming,1 wk ahead,percent,0,Bin,11.8,11.9
Wyoming,1 wk ahead,percent,0,Bin,11.9,12.0
Wyoming,1 wk ahead,percent,0,Bin,12.0,12.1
Wyoming,1 wk ahead,percent,0,Bin,12.1,12.2
Wyoming,1 wk ahead,percent,0,Bin,12.2,12.3
Wyoming,1 wk ahead,percent,0,Bin,12.3,12.4
Wyoming,1 wk ahead,percent,0,Bin,12.4,12.5
Wyoming,1 wk ahead,percent,0,Bin,12.5,12.6
Wyoming,1 wk ahead,percent,0,Bin,12.6,12.7
Wyoming,1 wk ahead,percent,0,Bin,12.7,12.8
Wyoming,1 wk ahead,percent,0,Bin,12.8,12.9
Wyoming,1 wk ahead,percent,0,Bin,12.9,13.0
Wyoming,1 wk ahead,percent,0,Bin,13.0,100.0
Wyoming,2 wk ahead,percent,0,Bin,0.0,0.1
Wyoming,2 wk ahead,percent,0,Bin,0.1,0.2
Wyoming,2 wk ahead,percent,0,Bin,0.2,0.3
Wyoming,2 wk ahead,percent,0,Bin,0.3,0.4
Wyoming,2 wk ahead,percent,0.004,Bin,0.4,0.5
Wyoming,2 wk ahead,percent,0.006,Bin,0.5,0.6
Wyoming,2 wk ahead,percent,0.004,Bin,0.6,0.7
Wyoming,2 wk ahead,percent,0.004,Bin,0.7,0.8
Wyoming,2 wk ahead,percent,0.002,Bin,0.8,0.9
Wyoming,2 wk ahead,percent,0.01,Bin,0.9,1.0
Wyoming,2 wk ahead,percent,0.006,Bin,1.0,1.1
Wyoming,2 wk ahead,percent,0.006,Bin,1.1,1.2
Wyoming,2 wk ahead,percent,0.012,Bin,1.2,1.3
Wyoming,2 wk ahead,percent,0.004,Bin,1.3,1.4
Wyoming,2 wk ahead,percent,0.02,Bin,1.4,1.5
Wyoming,2 wk ahead,percent,0.018,Bin,1.5,1.6
Wyoming,2 wk ahead,percent,0.034,Bin,1.6,1.7
Wyoming,2 wk ahead,percent,0.018,Bin,1.7,1.8
Wyoming,2 wk ahead,percent,0.02,Bin,1.8,1.9
Wyoming,2 wk ahead,percent,0.038,Bin,1.9,2.0
Wyoming,2 wk ahead,percent,0.03,Bin,2.0,2.1
Wyoming,2 wk ahead,percent,0.038,Bin,2.1,2.2
Wyoming,2 wk ahead,percent,0.03,Bin,2.2,2.3
Wyoming,2 wk ahead,percent,0.05,Bin,2.3,2.4
Wyoming,2 wk ahead,percent,0.038,Bin,2.4,2.5
Wyoming,2 wk ahead,percent,0.038,Bin,2.5,2.6
Wyoming,2 wk ahead,percent,0.036,Bin,2.6,2.7
Wyoming,2 wk ahead,percent,0.038,Bin,2.7,2.8
Wyoming,2 wk ahead,percent,0.012,Bin,2.8,2.9
Wyoming,2 wk ahead,percent,0.028,Bin,2.9,3.0
Wyoming,2 wk ahead,percent,0.024,Bin,3.0,3.1
Wyoming,2 wk ahead,percent,0.02,Bin,3.1,3.2
Wyoming,2 wk ahead,percent,0.022,Bin,3.2,3.3
Wyoming,2 wk ahead,percent,0.024,Bin,3.3,3.4
Wyoming,2 wk ahead,percent,0.016,Bin,3.4,3.5
Wyoming,2 wk ahead,percent,0.014,Bin,3.5,3.6
Wyoming,2 wk ahead,percent,0.022,Bin,3.6,3.7
Wyoming,2 wk ahead,percent,0.02,Bin,3.7,3.8
Wyoming,2 wk ahead,percent,0.024,Bin,3.8,3.9
Wyoming,2 wk ahead,percent,0.022,Bin,3.9,4.0
Wyoming,2 wk ahead,percent,0.012,Bin,4.0,4.1
Wyoming,2 wk ahead,percent,0.008,Bin,4.1,4.2
Wyoming,2 wk ahead,percent,0.016,Bin,4.2,4.3
Wyoming,2 wk ahead,percent,0.018,Bin,4.3,4.4
Wyoming,2 wk ahead,percent,0.016,Bin,4.4,4.5
Wyoming,2 wk ahead,percent,0.012,Bin,4.5,4.6
Wyoming,2 wk ahead,percent,0.016,Bin,4.6,4.7
Wyoming,2 wk ahead,percent,0.014,Bin,4.7,4.8
Wyoming,2 wk ahead,percent,0.006,Bin,4.8,4.9
Wyoming,2 wk ahead,percent,0.012,Bin,4.9,5.0
Wyoming,2 wk ahead,percent,0.016,Bin,5.0,5.1
Wyoming,2 wk ahead,percent,0.006,Bin,5.1,5.2
Wyoming,2 wk ahead,percent,0.006,Bin,5.2,5.3
Wyoming,2 wk ahead,percent,0.008,Bin,5.3,5.4
Wyoming,2 wk ahead,percent,0.008,Bin,5.4,5.5
Wyoming,2 wk ahead,percent,0.006,Bin,5.5,5.6
Wyoming,2 wk ahead,percent,0.002,Bin,5.6,5.7
Wyoming,2 wk ahead,percent,0.002,Bin,5.7,5.8
Wyoming,2 wk ahead,percent,0.004,Bin,5.8,5.9
Wyoming,2 wk ahead,percent,0.002,Bin,5.9,6.0
Wyoming,2 wk ahead,percent,0.004,Bin,6.0,6.1
Wyoming,2 wk ahead,percent,0.002,Bin,6.1,6.2
Wyoming,2 wk ahead,percent,0.002,Bin,6.2,6.3
Wyoming,2 wk ahead,percent,0,Bin,6.3,6.4
Wyoming,2 wk ahead,percent,0,Bin,6.4,6.5
Wyoming,2 wk ahead,percent,0.004,Bin,6.5,6.6
Wyoming,2 wk ahead,percent,0.004,Bin,6.6,6.7
Wyoming,2 wk ahead,percent,0,Bin,6.7,6.8
Wyoming,2 wk ahead,percent,0,Bin,6.8,6.9
Wyoming,2 wk ahead,percent,0.004,Bin,6.9,7.0
Wyoming,2 wk ahead,percent,0.002,Bin,7.0,7.1
Wyoming,2 wk ahead,percent,0.004,Bin,7.1,7.2
Wyoming,2 wk ahead,percent,0,Bin,7.2,7.3
Wyoming,2 wk ahead,percent,0.002,Bin,7.3,7.4
Wyoming,2 wk ahead,percent,0,Bin,7.4,7.5
Wyoming,2 wk ahead,percent,0.002,Bin,7.5,7.6
Wyoming,2 wk ahead,percent,0,Bin,7.6,7.7
Wyoming,2 wk ahead,percent,0.006,Bin,7.7,7.8
Wyoming,2 wk ahead,percent,0,Bin,7.8,7.9
Wyoming,2 wk ahead,percent,0,Bin,7.9,8.0
Wyoming,2 wk ahead,percent,0,Bin,8.0,8.1
Wyoming,2 wk ahead,percent,0,Bin,8.1,8.2
Wyoming,2 wk ahead,percent,0.002,Bin,8.2,8.3
Wyoming,2 wk ahead,percent,0,Bin,8.3,8.4
Wyoming,2 wk ahead,percent,0.002,Bin,8.4,8.5
Wyoming,2 wk ahead,percent,0,Bin,8.5,8.6
Wyoming,2 wk ahead,percent,0,Bin,8.6,8.7
Wyoming,2 wk ahead,percent,0,Bin,8.7,8.8
Wyoming,2 wk ahead,percent,0,Bin,8.8,8.9
Wyoming,2 wk ahead,percent,0,Bin,8.9,9.0
Wyoming,2 wk ahead,percent,0.002,Bin,9.0,9.1
Wyoming,2 wk ahead,percent,0,Bin,9.1,9.2
Wyoming,2 wk ahead,percent,0,Bin,9.2,9.3
Wyoming,2 wk ahead,percent,0,Bin,9.3,9.4
Wyoming,2 wk ahead,percent,0,Bin,9.4,9.5
Wyoming,2 wk ahead,percent,0,Bin,9.5,9.6
Wyoming,2 wk ahead,percent,0.002,Bin,9.6,9.7
Wyoming,2 wk ahead,percent,0.002,Bin,9.7,9.8
Wyoming,2 wk ahead,percent,0,Bin,9.8,9.9
Wyoming,2 wk ahead,percent,0,Bin,9.9,10.0
Wyoming,2 wk ahead,percent,0.002,Bin,10.0,10.1
Wyoming,2 wk ahead,percent,0,Bin,10.1,10.2
Wyoming,2 wk ahead,percent,0,Bin,10.2,10.3
Wyoming,2 wk ahead,percent,0,Bin,10.3,10.4
Wyoming,2 wk ahead,percent,0,Bin,10.4,10.5
Wyoming,2 wk ahead,percent,0,Bin,10.5,10.6
Wyoming,2 wk ahead,percent,0,Bin,10.6,10.7
Wyoming,2 wk ahead,percent,0,Bin,10.7,10.8
Wyoming,2 wk ahead,percent,0,Bin,10.8,10.9
Wyoming,2 wk ahead,percent,0,Bin,10.9,11.0
Wyoming,2 wk ahead,percent,0,Bin,11.0,11.1
Wyoming,2 wk ahead,percent,0,Bin,11.1,11.2
Wyoming,2 wk ahead,percent,0,Bin,11.2,11.3
Wyoming,2 wk ahead,percent,0,Bin,11.3,11.4
Wyoming,2 wk ahead,percent,0,Bin,11.4,11.5
Wyoming,2 wk ahead,percent,0.002,Bin,11.5,11.6
Wyoming,2 wk ahead,percent,0,Bin,11.6,11.7
Wyoming,2 wk ahead,percent,0,Bin,11.7,11.8
Wyoming,2 wk ahead,percent,0.002,Bin,11.8,11.9
Wyoming,2 wk ahead,percent,0,Bin,11.9,12.0
Wyoming,2 wk ahead,percent,0,Bin,12.0,12.1
Wyoming,2 wk ahead,percent,0.002,Bin,12.1,12.2
Wyoming,2 wk ahead,percent,0,Bin,12.2,12.3
Wyoming,2 wk ahead,percent,0,Bin,12.3,12.4
Wyoming,2 wk ahead,percent,0.002,Bin,12.4,12.5
Wyoming,2 wk ahead,percent,0,Bin,12.5,12.6
Wyoming,2 wk ahead,percent,0,Bin,12.6,12.7
Wyoming,2 wk ahead,percent,0,Bin,12.7,12.8
Wyoming,2 wk ahead,percent,0,Bin,12.8,12.9
Wyoming,2 wk ahead,percent,0,Bin,12.9,13.0
Wyoming,2 wk ahead,percent,0.002,Bin,13.0,100.0
Wyoming,3 wk ahead,percent,0,Bin,0.0,0.1
Wyoming,3 wk ahead,percent,0,Bin,0.1,0.2
Wyoming,3 wk ahead,percent,0,Bin,0.2,0.3
Wyoming,3 wk ahead,percent,0,Bin,0.3,0.4
Wyoming,3 wk ahead,percent,0,Bin,0.4,0.5
Wyoming,3 wk ahead,percent,0.008,Bin,0.5,0.6
Wyoming,3 wk ahead,percent,0.002,Bin,0.6,0.7
Wyoming,3 wk ahead,percent,0.006,Bin,0.7,0.8
Wyoming,3 wk ahead,percent,0.006,Bin,0.8,0.9
Wyoming,3 wk ahead,percent,0.004,Bin,0.9,1.0
Wyoming,3 wk ahead,percent,0.012,Bin,1.0,1.1
Wyoming,3 wk ahead,percent,0.018,Bin,1.1,1.2
Wyoming,3 wk ahead,percent,0.022,Bin,1.2,1.3
Wyoming,3 wk ahead,percent,0.024,Bin,1.3,1.4
Wyoming,3 wk ahead,percent,0.032,Bin,1.4,1.5
Wyoming,3 wk ahead,percent,0.042,Bin,1.5,1.6
Wyoming,3 wk ahead,percent,0.026,Bin,1.6,1.7
Wyoming,3 wk ahead,percent,0.044,Bin,1.7,1.8
Wyoming,3 wk ahead,percent,0.032,Bin,1.8,1.9
Wyoming,3 wk ahead,percent,0.038,Bin,1.9,2.0
Wyoming,3 wk ahead,percent,0.03,Bin,2.0,2.1
Wyoming,3 wk ahead,percent,0.046,Bin,2.1,2.2
Wyoming,3 wk ahead,percent,0.028,Bin,2.2,2.3
Wyoming,3 wk ahead,percent,0.036,Bin,2.3,2.4
Wyoming,3 wk ahead,percent,0.03,Bin,2.4,2.5
Wyoming,3 wk ahead,percent,0.032,Bin,2.5,2.6
Wyoming,3 wk ahead,percent,0.03,Bin,2.6,2.7
Wyoming,3 wk ahead,percent,0.024,Bin,2.7,2.8
Wyoming,3 wk ahead,percent,0.03,Bin,2.8,2.9
Wyoming,3 wk ahead,percent,0.024,Bin,2.9,3.0
Wyoming,3 wk ahead,percent,0.026,Bin,3.0,3.1
Wyoming,3 wk ahead,percent,0.024,Bin,3.1,3.2
Wyoming,3 wk ahead,percent,0.018,Bin,3.2,3.3
Wyoming,3 wk ahead,percent,0.028,Bin,3.3,3.4
Wyoming,3 wk ahead,percent,0.018,Bin,3.4,3.5
Wyoming,3 wk ahead,percent,0.028,Bin,3.5,3.6
Wyoming,3 wk ahead,percent,0.02,Bin,3.6,3.7
Wyoming,3 wk ahead,percent,0.012,Bin,3.7,3.8
Wyoming,3 wk ahead,percent,0.018,Bin,3.8,3.9
Wyoming,3 wk ahead,percent,0.014,Bin,3.9,4.0
Wyoming,3 wk ahead,percent,0.018,Bin,4.0,4.1
Wyoming,3 wk ahead,percent,0.016,Bin,4.1,4.2
Wyoming,3 wk ahead,percent,0.012,Bin,4.2,4.3
Wyoming,3 wk ahead,percent,0.014,Bin,4.3,4.4
Wyoming,3 wk ahead,percent,0.012,Bin,4.4,4.5
Wyoming,3 wk ahead,percent,0.006,Bin,4.5,4.6
Wyoming,3 wk ahead,percent,0.008,Bin,4.6,4.7
Wyoming,3 wk ahead,percent,0.002,Bin,4.7,4.8
Wyoming,3 wk ahead,percent,0.008,Bin,4.8,4.9
Wyoming,3 wk ahead,percent,0.002,Bin,4.9,5.0
Wyoming,3 wk ahead,percent,0.002,Bin,5.0,5.1
Wyoming,3 wk ahead,percent,0.008,Bin,5.1,5.2
Wyoming,3 wk ahead,percent,0.002,Bin,5.2,5.3
Wyoming,3 wk ahead,percent,0.002,Bin,5.3,5.4
Wyoming,3 wk ahead,percent,0.002,Bin,5.4,5.5
Wyoming,3 wk ahead,percent,0.002,Bin,5.5,5.6
Wyoming,3 wk ahead,percent,0,Bin,5.6,5.7
Wyoming,3 wk ahead,percent,0,Bin,5.7,5.8
Wyoming,3 wk ahead,percent,0,Bin,5.8,5.9
Wyoming,3 wk ahead,percent,0.002,Bin,5.9,6.0
Wyoming,3 wk ahead,percent,0.004,Bin,6.0,6.1
Wyoming,3 wk ahead,percent,0,Bin,6.1,6.2
Wyoming,3 wk ahead,percent,0,Bin,6.2,6.3
Wyoming,3 wk ahead,percent,0.002,Bin,6.3,6.4
Wyoming,3 wk ahead,percent,0,Bin,6.4,6.5
Wyoming,3 wk ahead,percent,0.002,Bin,6.5,6.6
Wyoming,3 wk ahead,percent,0.004,Bin,6.6,6.7
Wyoming,3 wk ahead,percent,0.004,Bin,6.7,6.8
Wyoming,3 wk ahead,percent,0.006,Bin,6.8,6.9
Wyoming,3 wk ahead,percent,0.002,Bin,6.9,7.0
Wyoming,3 wk ahead,percent,0,Bin,7.0,7.1
Wyoming,3 wk ahead,percent,0,Bin,7.1,7.2
Wyoming,3 wk ahead,percent,0.002,Bin,7.2,7.3
Wyoming,3 wk ahead,percent,0,Bin,7.3,7.4
Wyoming,3 wk ahead,percent,0,Bin,7.4,7.5
Wyoming,3 wk ahead,percent,0,Bin,7.5,7.6
Wyoming,3 wk ahead,percent,0.002,Bin,7.6,7.7
Wyoming,3 wk ahead,percent,0.004,Bin,7.7,7.8
Wyoming,3 wk ahead,percent,0,Bin,7.8,7.9
Wyoming,3 wk ahead,percent,0,Bin,7.9,8.0
Wyoming,3 wk ahead,percent,0,Bin,8.0,8.1
Wyoming,3 wk ahead,percent,0.002,Bin,8.1,8.2
Wyoming,3 wk ahead,percent,0.002,Bin,8.2,8.3
Wyoming,3 wk ahead,percent,0.002,Bin,8.3,8.4
Wyoming,3 wk ahead,percent,0,Bin,8.4,8.5
Wyoming,3 wk ahead,percent,0,Bin,8.5,8.6
Wyoming,3 wk ahead,percent,0,Bin,8.6,8.7
Wyoming,3 wk ahead,percent,0,Bin,8.7,8.8
Wyoming,3 wk ahead,percent,0,Bin,8.8,8.9
Wyoming,3 wk ahead,percent,0,Bin,8.9,9.0
Wyoming,3 wk ahead,percent,0,Bin,9.0,9.1
Wyoming,3 wk ahead,percent,0.002,Bin,9.1,9.2
Wyoming,3 wk ahead,percent,0,Bin,9.2,9.3
Wyoming,3 wk ahead,percent,0,Bin,9.3,9.4
Wyoming,3 wk ahead,percent,0,Bin,9.4,9.5
Wyoming,3 wk ahead,percent,0,Bin,9.5,9.6
Wyoming,3 wk ahead,percent,0,Bin,9.6,9.7
Wyoming,3 wk ahead,percent,0,Bin,9.7,9.8
Wyoming,3 wk ahead,percent,0,Bin,9.8,9.9
Wyoming,3 wk ahead,percent,0,Bin,9.9,10.0
Wyoming,3 wk ahead,percent,0,Bin,10.0,10.1
Wyoming,3 wk ahead,percent,0,Bin,10.1,10.2
Wyoming,3 wk ahead,percent,0,Bin,10.2,10.3
Wyoming,3 wk ahead,percent,0.002,Bin,10.3,10.4
Wyoming,3 wk ahead,percent,0,Bin,10.4,10.5
Wyoming,3 wk ahead,percent,0,Bin,10.5,10.6
Wyoming,3 wk ahead,percent,0,Bin,10.6,10.7
Wyoming,3 wk ahead,percent,0,Bin,10.7,10.8
Wyoming,3 wk ahead,percent,0,Bin,10.8,10.9
Wyoming,3 wk ahead,percent,0,Bin,10.9,11.0
Wyoming,3 wk ahead,percent,0,Bin,11.0,11.1
Wyoming,3 wk ahead,percent,0,Bin,11.1,11.2
Wyoming,3 wk ahead,percent,0,Bin,11.2,11.3
Wyoming,3 wk ahead,percent,0,Bin,11.3,11.4
Wyoming,3 wk ahead,percent,0,Bin,11.4,11.5
Wyoming,3 wk ahead,percent,0,Bin,11.5,11.6
Wyoming,3 wk ahead,percent,0,Bin,11.6,11.7
Wyoming,3 wk ahead,percent,0,Bin,11.7,11.8
Wyoming,3 wk ahead,percent,0,Bin,11.8,11.9
Wyoming,3 wk ahead,percent,0,Bin,11.9,12.0
Wyoming,3 wk ahead,percent,0,Bin,12.0,12.1
Wyoming,3 wk ahead,percent,0.002,Bin,12.1,12.2
Wyoming,3 wk ahead,percent,0,Bin,12.2,12.3
Wyoming,3 wk ahead,percent,0,Bin,12.3,12.4
Wyoming,3 wk ahead,percent,0,Bin,12.4,12.5
Wyoming,3 wk ahead,percent,0,Bin,12.5,12.6
Wyoming,3 wk ahead,percent,0,Bin,12.6,12.7
Wyoming,3 wk ahead,percent,0,Bin,12.7,12.8
Wyoming,3 wk ahead,percent,0,Bin,12.8,12.9
Wyoming,3 wk ahead,percent,0,Bin,12.9,13.0
Wyoming,3 wk ahead,percent,0.006,Bin,13.0,100.0
Wyoming,4 wk ahead,percent,0,Bin,0.0,0.1
Wyoming,4 wk ahead,percent,0,Bin,0.1,0.2
Wyoming,4 wk ahead,percent,0,Bin,0.2,0.3
Wyoming,4 wk ahead,percent,0,Bin,0.3,0.4
Wyoming,4 wk ahead,percent,0.002,Bin,0.4,0.5
Wyoming,4 wk ahead,percent,0.004,Bin,0.5,0.6
Wyoming,4 wk ahead,percent,0.004,Bin,0.6,0.7
Wyoming,4 wk ahead,percent,0.002,Bin,0.7,0.8
Wyoming,4 wk ahead,percent,0.006,Bin,0.8,0.9
Wyoming,4 wk ahead,percent,0.012,Bin,0.9,1.0
Wyoming,4 wk ahead,percent,0.008,Bin,1.0,1.1
Wyoming,4 wk ahead,percent,0.008,Bin,1.1,1.2
Wyoming,4 wk ahead,percent,0.016,Bin,1.2,1.3
Wyoming,4 wk ahead,percent,0.01,Bin,1.3,1.4
Wyoming,4 wk ahead,percent,0.026,Bin,1.4,1.5
Wyoming,4 wk ahead,percent,0.02,Bin,1.5,1.6
Wyoming,4 wk ahead,percent,0.036,Bin,1.6,1.7
Wyoming,4 wk ahead,percent,0.032,Bin,1.7,1.8
Wyoming,4 wk ahead,percent,0.032,Bin,1.8,1.9
Wyoming,4 wk ahead,percent,0.032,Bin,1.9,2.0
Wyoming,4 wk ahead,percent,0.03,Bin,2.0,2.1
Wyoming,4 wk ahead,percent,0.032,Bin,2.1,2.2
Wyoming,4 wk ahead,percent,0.028,Bin,2.2,2.3
Wyoming,4 wk ahead,percent,0.036,Bin,2.3,2.4
Wyoming,4 wk ahead,percent,0.032,Bin,2.4,2.5
Wyoming,4 wk ahead,percent,0.032,Bin,2.5,2.6
Wyoming,4 wk ahead,percent,0.03,Bin,2.6,2.7
Wyoming,4 wk ahead,percent,0.028,Bin,2.7,2.8
Wyoming,4 wk ahead,percent,0.026,Bin,2.8,2.9
Wyoming,4 wk ahead,percent,0.038,Bin,2.9,3.0
Wyoming,4 wk ahead,percent,0.02,Bin,3.0,3.1
Wyoming,4 wk ahead,percent,0.022,Bin,3.1,3.2
Wyoming,4 wk ahead,percent,0.046,Bin,3.2,3.3
Wyoming,4 wk ahead,percent,0.018,Bin,3.3,3.4
Wyoming,4 wk ahead,percent,0.028,Bin,3.4,3.5
Wyoming,4 wk ahead,percent,0.012,Bin,3.5,3.6
Wyoming,4 wk ahead,percent,0.024,Bin,3.6,3.7
Wyoming,4 wk ahead,percent,0.014,Bin,3.7,3.8
Wyoming,4 wk ahead,percent,0.018,Bin,3.8,3.9
Wyoming,4 wk ahead,percent,0.014,Bin,3.9,4.0
Wyoming,4 wk ahead,percent,0.016,Bin,4.0,4.1
Wyoming,4 wk ahead,percent,0.006,Bin,4.1,4.2
Wyoming,4 wk ahead,percent,0.01,Bin,4.2,4.3
Wyoming,4 wk ahead,percent,0.02,Bin,4.3,4.4
Wyoming,4 wk ahead,percent,0.014,Bin,4.4,4.5
Wyoming,4 wk ahead,percent,0.008,Bin,4.5,4.6
Wyoming,4 wk ahead,percent,0.01,Bin,4.6,4.7
Wyoming,4 wk ahead,percent,0.004,Bin,4.7,4.8
Wyoming,4 wk ahead,percent,0.008,Bin,4.8,4.9
Wyoming,4 wk ahead,percent,0.008,Bin,4.9,5.0
Wyoming,4 wk ahead,percent,0.002,Bin,5.0,5.1
Wyoming,4 wk ahead,percent,0.002,Bin,5.1,5.2
Wyoming,4 wk ahead,percent,0.004,Bin,5.2,5.3
Wyoming,4 wk ahead,percent,0.008,Bin,5.3,5.4
Wyoming,4 wk ahead,percent,0.002,Bin,5.4,5.5
Wyoming,4 wk ahead,percent,0.002,Bin,5.5,5.6
Wyoming,4 wk ahead,percent,0,Bin,5.6,5.7
Wyoming,4 wk ahead,percent,0.004,Bin,5.7,5.8
Wyoming,4 wk ahead,percent,0.008,Bin,5.8,5.9
Wyoming,4 wk ahead,percent,0.004,Bin,5.9,6.0
Wyoming,4 wk ahead,percent,0,Bin,6.0,6.1
Wyoming,4 wk ahead,percent,0,Bin,6.1,6.2
Wyoming,4 wk ahead,percent,0.006,Bin,6.2,6.3
Wyoming,4 wk ahead,percent,0.002,Bin,6.3,6.4
Wyoming,4 wk ahead,percent,0.002,Bin,6.4,6.5
Wyoming,4 wk ahead,percent,0,Bin,6.5,6.6
Wyoming,4 wk ahead,percent,0.004,Bin,6.6,6.7
Wyoming,4 wk ahead,percent,0,Bin,6.7,6.8
Wyoming,4 wk ahead,percent,0,Bin,6.8,6.9
Wyoming,4 wk ahead,percent,0.006,Bin,6.9,7.0
Wyoming,4 wk ahead,percent,0.002,Bin,7.0,7.1
Wyoming,4 wk ahead,percent,0.002,Bin,7.1,7.2
Wyoming,4 wk ahead,percent,0.002,Bin,7.2,7.3
Wyoming,4 wk ahead,percent,0,Bin,7.3,7.4
Wyoming,4 wk ahead,percent,0.006,Bin,7.4,7.5
Wyoming,4 wk ahead,percent,0.002,Bin,7.5,7.6
Wyoming,4 wk ahead,percent,0.006,Bin,7.6,7.7
Wyoming,4 wk ahead,percent,0.004,Bin,7.7,7.8
Wyoming,4 wk ahead,percent,0.002,Bin,7.8,7.9
Wyoming,4 wk ahead,percent,0,Bin,7.9,8.0
Wyoming,4 wk ahead,percent,0,Bin,8.0,8.1
Wyoming,4 wk ahead,percent,0.002,Bin,8.1,8.2
Wyoming,4 wk ahead,percent,0.006,Bin,8.2,8.3
Wyoming,4 wk ahead,percent,0.002,Bin,8.3,8.4
Wyoming,4 wk ahead,percent,0,Bin,8.4,8.5
Wyoming,4 wk ahead,percent,0,Bin,8.5,8.6
Wyoming,4 wk ahead,percent,0,Bin,8.6,8.7
Wyoming,4 wk ahead,percent,0.002,Bin,8.7,8.8
Wyoming,4 wk ahead,percent,0.002,Bin,8.8,8.9
Wyoming,4 wk ahead,percent,0,Bin,8.9,9.0
Wyoming,4 wk ahead,percent,0,Bin,9.0,9.1
Wyoming,4 wk ahead,percent,0.004,Bin,9.1,9.2
Wyoming,4 wk ahead,percent,0,Bin,9.2,9.3
Wyoming,4 wk ahead,percent,0,Bin,9.3,9.4
Wyoming,4 wk ahead,percent,0,Bin,9.4,9.5
Wyoming,4 wk ahead,percent,0.002,Bin,9.5,9.6
Wyoming,4 wk ahead,percent,0,Bin,9.6,9.7
Wyoming,4 wk ahead,percent,0,Bin,9.7,9.8
Wyoming,4 wk ahead,percent,0,Bin,9.8,9.9
Wyoming,4 wk ahead,percent,0,Bin,9.9,10.0
Wyoming,4 wk ahead,percent,0.002,Bin,10.0,10.1
Wyoming,4 wk ahead,percent,0,Bin,10.1,10.2
Wyoming,4 wk ahead,percent,0,Bin,10.2,10.3
Wyoming,4 wk ahead,percent,0,Bin,10.3,10.4
Wyoming,4 wk ahead,percent,0.002,Bin,10.4,10.5
Wyoming,4 wk ahead,percent,0,Bin,10.5,10.6
Wyoming,4 wk ahead,percent,0,Bin,10.6,10.7
Wyoming,4 wk ahead,percent,0,Bin,10.7,10.8
Wyoming,4 wk ahead,percent,0.002,Bin,10.8,10.9
Wyoming,4 wk ahead,percent,0,Bin,10.9,11.0
Wyoming,4 wk ahead,percent,0,Bin,11.0,11.1
Wyoming,4 wk ahead,percent,0,Bin,11.1,11.2
Wyoming,4 wk ahead,percent,0,Bin,11.2,11.3
Wyoming,4 wk ahead,percent,0,Bin,11.3,11.4
Wyoming,4 wk ahead,percent,0,Bin,11.4,11.5
Wyoming,4 wk ahead,percent,0,Bin,11.5,11.6
Wyoming,4 wk ahead,percent,0.002,Bin,11.6,11.7
Wyoming,4 wk ahead,percent,0,Bin,11.7,11.8
Wyoming,4 wk ahead,percent,0,Bin,11.8,11.9
Wyoming,4 wk ahead,percent,0,Bin,11.9,12.0
Wyoming,4 wk ahead,percent,0,Bin,12.0,12.1
Wyoming,4 wk ahead,percent,0,Bin,12.1,12.2
Wyoming,4 wk ahead,percent,0,Bin,12.2,12.3
Wyoming,4 wk ahead,percent,0,Bin,12.3,12.4
Wyoming,4 wk ahead,percent,0,Bin,12.4,12.5
Wyoming,4 wk ahead,percent,0,Bin,12.5,12.6
Wyoming,4 wk ahead,percent,0,Bin,12.6,12.7
Wyoming,4 wk ahead,percent,0,Bin,12.7,12.8
Wyoming,4 wk ahead,percent,0,Bin,12.8,12.9
Wyoming,4 wk ahead,percent,0,Bin,12.9,13.0
Wyoming,4 wk ahead,percent,0.008,Bin,13.0,100.0
Wyoming,Season peak percentage,percent,0,Bin,0.0,0.1
Wyoming,Season peak percentage,percent,0,Bin,0.1,0.2
Wyoming,Season peak percentage,percent,0,Bin,0.2,0.3
Wyoming,Season peak percentage,percent,0,Bin,0.3,0.4
Wyoming,Season peak percentage,percent,0,Bin,0.4,0.5
Wyoming,Season peak percentage,percent,0,Bin,0.5,0.6
Wyoming,Season peak percentage,percent,0,Bin,0.6,0.7
Wyoming,Season peak percentage,percent,0,Bin,0.7,0.8
Wyoming,Season peak percentage,percent,0,Bin,0.8,0.9
Wyoming,Season peak percentage,percent,0,Bin,0.9,1.0
Wyoming,Season peak percentage,percent,0,Bin,1.0,1.1
Wyoming,Season peak percentage,percent,0,Bin,1.1,1.2
Wyoming,Season peak percentage,percent,0,Bin,1.2,1.3
Wyoming,Season peak percentage,percent,0,Bin,1.3,1.4
Wyoming,Season peak percentage,percent,0,Bin,1.4,1.5
Wyoming,Season peak percentage,percent,0,Bin,1.5,1.6
Wyoming,Season peak percentage,percent,0,Bin,1.6,1.7
Wyoming,Season peak percentage,percent,0,Bin,1.7,1.8
Wyoming,Season peak percentage,percent,0,Bin,1.8,1.9
Wyoming,Season peak percentage,percent,0,Bin,1.9,2.0
Wyoming,Season peak percentage,percent,0,Bin,2.0,2.1
Wyoming,Season peak percentage,percent,0,Bin,2.1,2.2
Wyoming,Season peak percentage,percent,0,Bin,2.2,2.3
Wyoming,Season peak percentage,percent,0,Bin,2.3,2.4
Wyoming,Season peak percentage,percent,0,Bin,2.4,2.5
Wyoming,Season peak percentage,percent,0.01,Bin,2.5,2.6
Wyoming,Season peak percentage,percent,0.004,Bin,2.6,2.7
Wyoming,Season peak percentage,percent,0.004,Bin,2.7,2.8
Wyoming,Season peak percentage,percent,0.004,Bin,2.8,2.9
Wyoming,Season peak percentage,percent,0.004,Bin,2.9,3.0
Wyoming,Season peak percentage,percent,0.01,Bin,3.0,3.1
Wyoming,Season peak percentage,percent,0.002,Bin,3.1,3.2
Wyoming,Season peak percentage,percent,0.002,Bin,3.2,3.3
Wyoming,Season peak percentage,percent,0.006,Bin,3.3,3.4
Wyoming,Season peak percentage,percent,0.008,Bin,3.4,3.5
Wyoming,Season peak percentage,percent,0.004,Bin,3.5,3.6
Wyoming,Season peak percentage,percent,0.01,Bin,3.6,3.7
Wyoming,Season peak percentage,percent,0.002,Bin,3.7,3.8
Wyoming,Season peak percentage,percent,0.002,Bin,3.8,3.9
Wyoming,Season peak percentage,percent,0.01,Bin,3.9,4.0
Wyoming,Season peak percentage,percent,0.012,Bin,4.0,4.1
Wyoming,Season peak percentage,percent,0.018,Bin,4.1,4.2
Wyoming,Season peak percentage,percent,0.01,Bin,4.2,4.3
Wyoming,Season peak percentage,percent,0.018,Bin,4.3,4.4
Wyoming,Season peak percentage,percent,0.01,Bin,4.4,4.5
Wyoming,Season peak percentage,percent,0.018,Bin,4.5,4.6
Wyoming,Season peak percentage,percent,0.016,Bin,4.6,4.7
Wyoming,Season peak percentage,percent,0.018,Bin,4.7,4.8
Wyoming,Season peak percentage,percent,0.016,Bin,4.8,4.9
Wyoming,Season peak percentage,percent,0.022,Bin,4.9,5.0
Wyoming,Season peak percentage,percent,0.024,Bin,5.0,5.1
Wyoming,Season peak percentage,percent,0.024,Bin,5.1,5.2
Wyoming,Season peak percentage,percent,0.014,Bin,5.2,5.3
Wyoming,Season peak percentage,percent,0.022,Bin,5.3,5.4
Wyoming,Season peak percentage,percent,0.006,Bin,5.4,5.5
Wyoming,Season peak percentage,percent,0.02,Bin,5.5,5.6
Wyoming,Season peak percentage,percent,0.03,Bin,5.6,5.7
Wyoming,Season peak percentage,percent,0.022,Bin,5.7,5.8
Wyoming,Season peak percentage,percent,0.014,Bin,5.8,5.9
Wyoming,Season peak percentage,percent,0.012,Bin,5.9,6.0
Wyoming,Season peak percentage,percent,0.01,Bin,6.0,6.1
Wyoming,Season peak percentage,percent,0.016,Bin,6.1,6.2
Wyoming,Season peak percentage,percent,0.028,Bin,6.2,6.3
Wyoming,Season peak percentage,percent,0.016,Bin,6.3,6.4
Wyoming,Season peak percentage,percent,0.006,Bin,6.4,6.5
Wyoming,Season peak percentage,percent,0.018,Bin,6.5,6.6
Wyoming,Season peak percentage,percent,0.008,Bin,6.6,6.7
Wyoming,Season peak percentage,percent,0.012,Bin,6.7,6.8
Wyoming,Season peak percentage,percent,0.024,Bin,6.8,6.9
Wyoming,Season peak percentage,percent,0.02,Bin,6.9,7.0
Wyoming,Season peak percentage,percent,0.008,Bin,7.0,7.1
Wyoming,Season peak percentage,percent,0.008,Bin,7.1,7.2
Wyoming,Season peak percentage,percent,0.008,Bin,7.2,7.3
Wyoming,Season peak percentage,percent,0.006,Bin,7.3,7.4
Wyoming,Season peak percentage,percent,0.008,Bin,7.4,7.5
Wyoming,Season peak percentage,percent,0.01,Bin,7.5,7.6
Wyoming,Season peak percentage,percent,0.008,Bin,7.6,7.7
Wyoming,Season peak percentage,percent,0.006,Bin,7.7,7.8
Wyoming,Season peak percentage,percent,0.006,Bin,7.8,7.9
Wyoming,Season peak percentage,percent,0.004,Bin,7.9,8.0
Wyoming,Season peak percentage,percent,0.012,Bin,8.0,8.1
Wyoming,Season peak percentage,percent,0.008,Bin,8.1,8.2
Wyoming,Season peak percentage,percent,0.012,Bin,8.2,8.3
Wyoming,Season peak percentage,percent,0.006,Bin,8.3,8.4
Wyoming,Season peak percentage,percent,0.002,Bin,8.4,8.5
Wyoming,Season peak percentage,percent,0.002,Bin,8.5,8.6
Wyoming,Season peak percentage,percent,0.008,Bin,8.6,8.7
Wyoming,Season peak percentage,percent,0.006,Bin,8.7,8.8
Wyoming,Season peak percentage,percent,0.002,Bin,8.8,8.9
Wyoming,Season peak percentage,percent,0.006,Bin,8.9,9.0
Wyoming,Season peak percentage,percent,0.004,Bin,9.0,9.1
Wyoming,Season peak percentage,percent,0.016,Bin,9.1,9.2
Wyoming,Season peak percentage,percent,0.008,Bin,9.2,9.3
Wyoming,Season peak percentage,percent,0.006,Bin,9.3,9.4
Wyoming,Season peak percentage,percent,0.008,Bin,9.4,9.5
Wyoming,Season peak percentage,percent,0.004,Bin,9.5,9.6
Wyoming,Season peak percentage,percent,0.01,Bin,9.6,9.7
Wyoming,Season peak percentage,percent,0.004,Bin,9.7,9.8
Wyoming,Season peak percentage,percent,0.008,Bin,9.8,9.9
Wyoming,Season peak percentage,percent,0.004,Bin,9.9,10.0
Wyoming,Season peak percentage,percent,0.006,Bin,10.0,10.1
Wyoming,Season peak percentage,percent,0.002,Bin,10.1,10.2
Wyoming,Season peak percentage,percent,0.006,Bin,10.2,10.3
Wyoming,Season peak percentage,percent,0.008,Bin,10.3,10.4
Wyoming,Season peak percentage,percent,0.004,Bin,10.4,10.5
Wyoming,Season peak percentage,percent,0.006,Bin,10.5,10.6
Wyoming,Season peak percentage,percent,0.006,Bin,10.6,10.7
Wyoming,Season peak percentage,percent,0.002,Bin,10.7,10.8
Wyoming,Season peak percentage,percent,0.008,Bin,10.8,10.9
Wyoming,Season peak percentage,percent,0.004,Bin,10.9,11.0
Wyoming,Season peak percentage,percent,0.008,Bin,11.0,11.1
Wyoming,Season peak percentage,percent,0.004,Bin,11.1,11.2
Wyoming,Season peak percentage,percent,0.002,Bin,11.2,11.3
Wyoming,Season peak percentage,percent,0,Bin,11.3,11.4
Wyoming,Season peak percentage,percent,0.002,Bin,11.4,11.5
Wyoming,Season peak percentage,percent,0.004,Bin,11.5,11.6
Wyoming,Season peak percentage,percent,0,Bin,11.6,11.7
Wyoming,Season peak percentage,percent,0.004,Bin,11.7,11.8
Wyoming,Season peak percentage,percent,0.002,Bin,11.8,11.9
Wyoming,Season peak percentage,percent,0.004,Bin,11.9,12.0
Wyoming,Season peak percentage,percent,0.002,Bin,12.0,12.1
Wyoming,Season peak percentage,percent,0.008,Bin,12.1,12.2
Wyoming,Season peak percentage,percent,0,Bin,12.2,12.3
Wyoming,Season peak percentage,percent,0,Bin,12.3,12.4
Wyoming,Season peak percentage,percent,0.004,Bin,12.4,12.5
Wyoming,Season peak percentage,percent,0.002,Bin,12.5,12.6
Wyoming,Season peak percentage,percent,0.002,Bin,12.6,12.7
Wyoming,Season peak percentage,percent,0,Bin,12.7,12.8
Wyoming,Season peak percentage,percent,0.002,Bin,12.8,12.9
Wyoming,Season peak percentage,percent,0,Bin,12.9,13.0
Wyoming,Season peak percentage,percent,0.104,Bin,13.0,100.0
Wyoming,Season peak week,week,0,Bin,40.0,41.0
Wyoming,Season peak week,week,0,Bin,41.0,42.0
Wyoming,Season peak week,week,0,Bin,42.0,43.0
Wyoming,Season peak week,week,0,Bin,43.0,44.0
Wyoming,Season peak week,week,0,Bin,44.0,45.0
Wyoming,Season peak week,week,0,Bin,45.0,46.0
Wyoming,Season peak week,week,0,Bin,46.0,47.0
Wyoming,Season peak week,week,0,Bin,47.0,48.0
Wyoming,Season peak week,week,0,Bin,48.0,49.0
Wyoming,Season peak week,week,0.00956022944550669,Bin,49.0,50.0
Wyoming,Season peak week,week,0.00764818355640535,Bin,50.0,51.0
Wyoming,Season peak week,week,0.0535372848948375,Bin,51.0,52.0
Wyoming,Season peak week,week,0.0229445506692161,Bin,52.0,53.0
Wyoming,Season peak week,week,0.0344168260038241,Bin,1.0,2.0
Wyoming,Season peak week,week,0.133843212237094,Bin,2.0,3.0
Wyoming,Season peak week,week,0.118546845124283,Bin,3.0,4.0
Wyoming,Season peak week,week,0.152963671128107,Bin,4.0,5.0
Wyoming,Season peak week,week,0.112810707456979,Bin,5.0,6.0
Wyoming,Season peak week,week,0.18546845124283,Bin,6.0,7.0
Wyoming,Season peak week,week,0.0936902485659656,Bin,7.0,8.0
Wyoming,Season peak week,week,0.017208413001912,Bin,8.0,9.0
Wyoming,Season peak week,week,0.0152963671128107,Bin,9.0,10.0
Wyoming,Season peak week,week,0.017208413001912,Bin,10.0,11.0
Wyoming,Season peak week,week,0.00764818355640535,Bin,11.0,12.0
Wyoming,Season peak week,week,0.00956022944550669,Bin,12.0,13.0
Wyoming,Season peak week,week,0.00382409177820268,Bin,13.0,14.0
Wyoming,Season peak week,week,0.00382409177820268,Bin,14.0,15.0
Wyoming,Season peak week,week,0,Bin,15.0,16.0
Wyoming,Season peak week,week,0,Bin,16.0,17.0
Wyoming,Season peak week,week,0,Bin,17.0,18.0
Wyoming,Season peak week,week,0,Bin,18.0,19.0
Wyoming,Season peak week,week,0,Bin,19.0,20.0
Wyoming,Season peak week,week,0,Bin,20.0,21.0
Alaska,1 wk ahead,percent,3.2,Point,NA,NA
Alaska,2 wk ahead,percent,3.4,Point,NA,NA
Alaska,3 wk ahead,percent,4.1,Point,NA,NA
Alaska,4 wk ahead,percent,4.6,Point,NA,NA
Alaska,Season peak percentage,percent,12.8,Point,NA,NA
Alaska,Season peak week,week,8,Point,NA,NA
Arizona,1 wk ahead,percent,3.4,Point,NA,NA
Arizona,2 wk ahead,percent,3.8,Point,NA,NA
Arizona,3 wk ahead,percent,3.8,Point,NA,NA
Arizona,4 wk ahead,percent,4.2,Point,NA,NA
Arizona,Season peak percentage,percent,5.5,Point,NA,NA
Arizona,Season peak week,week,5,Point,NA,NA
Connecticut,1 wk ahead,percent,3.1,Point,NA,NA
Connecticut,2 wk ahead,percent,3.3,Point,NA,NA
Connecticut,3 wk ahead,percent,3.7,Point,NA,NA
Connecticut,4 wk ahead,percent,4.3,Point,NA,NA
Connecticut,Season peak percentage,percent,9.2,Point,NA,NA
Connecticut,Season peak week,week,5,Point,NA,NA
Idaho,1 wk ahead,percent,1.4,Point,NA,NA
Idaho,2 wk ahead,percent,1.6,Point,NA,NA
Idaho,3 wk ahead,percent,1.9,Point,NA,NA
Idaho,4 wk ahead,percent,2.2,Point,NA,NA
Idaho,Season peak percentage,percent,4.6,Point,NA,NA
Idaho,Season peak week,week,5,Point,NA,NA
Iowa,1 wk ahead,percent,1,Point,NA,NA
Iowa,2 wk ahead,percent,1,Point,NA,NA
Iowa,3 wk ahead,percent,1.1,Point,NA,NA
Iowa,4 wk ahead,percent,1.3,Point,NA,NA
Iowa,Season peak percentage,percent,3,Point,NA,NA
Iowa,Season peak week,week,5,Point,NA,NA
Kansas,1 wk ahead,percent,3.1,Point,NA,NA
Kansas,2 wk ahead,percent,3.3,Point,NA,NA
Kansas,3 wk ahead,percent,3.5,Point,NA,NA
Kansas,4 wk ahead,percent,3.8,Point,NA,NA
Kansas,Season peak percentage,percent,11,Point,NA,NA
Kansas,Season peak week,week,6,Point,NA,NA
Kentucky,1 wk ahead,percent,4.2,Point,NA,NA
Kentucky,2 wk ahead,percent,5.5,Point,NA,NA
Kentucky,3 wk ahead,percent,5.1,Point,NA,NA
Kentucky,4 wk ahead,percent,5.4,Point,NA,NA
Kentucky,Season peak percentage,percent,13,Point,NA,NA
Kentucky,Season peak week,week,6,Point,NA,NA
Louisiana,1 wk ahead,percent,5.5,Point,NA,NA
Louisiana,2 wk ahead,percent,5.3,Point,NA,NA
Louisiana,3 wk ahead,percent,5.8,Point,NA,NA
Louisiana,4 wk ahead,percent,6.4,Point,NA,NA
Louisiana,Season peak percentage,percent,7.7,Point,NA,NA
Louisiana,Season peak week,week,6,Point,NA,NA
Maine,1 wk ahead,percent,1,Point,NA,NA
Maine,2 wk ahead,percent,1,Point,NA,NA
Maine,3 wk ahead,percent,1.1,Point,NA,NA
Maine,4 wk ahead,percent,1.2,Point,NA,NA
Maine,Season peak percentage,percent,2.1,Point,NA,NA
Maine,Season peak week,week,7,Point,NA,NA
Massachusetts,1 wk ahead,percent,1.8,Point,NA,NA
Massachusetts,2 wk ahead,percent,2,Point,NA,NA
Massachusetts,3 wk ahead,percent,2.1,Point,NA,NA
Massachusetts,4 wk ahead,percent,2.1,Point,NA,NA
Massachusetts,Season peak percentage,percent,7,Point,NA,NA
Massachusetts,Season peak week,week,6,Point,NA,NA
Mississippi,1 wk ahead,percent,6.1,Point,NA,NA
Mississippi,2 wk ahead,percent,6.5,Point,NA,NA
Mississippi,3 wk ahead,percent,7,Point,NA,NA
Mississippi,4 wk ahead,percent,6.4,Point,NA,NA
Mississippi,Season peak percentage,percent,12.4,Point,NA,NA
Mississippi,Season peak week,week,2,Point,NA,NA
Montana,1 wk ahead,percent,0.2,Point,NA,NA
Montana,2 wk ahead,percent,0.2,Point,NA,NA
Montana,3 wk ahead,percent,0.4,Point,NA,NA
Montana,4 wk ahead,percent,0.4,Point,NA,NA
Montana,Season peak percentage,percent,1.1,Point,NA,NA
Montana,Season peak week,week,6,Point,NA,NA
Nebraska,1 wk ahead,percent,3,Point,NA,NA
Nebraska,2 wk ahead,percent,3.3,Point,NA,NA
Nebraska,3 wk ahead,percent,3.7,Point,NA,NA
Nebraska,4 wk ahead,percent,4,Point,NA,NA
Nebraska,Season peak percentage,percent,11,Point,NA,NA
Nebraska,Season peak week,week,7,Point,NA,NA
Nevada,1 wk ahead,percent,2.1,Point,NA,NA
Nevada,2 wk ahead,percent,2.2,Point,NA,NA
Nevada,3 wk ahead,percent,2.4,Point,NA,NA
Nevada,4 wk ahead,percent,2.4,Point,NA,NA
Nevada,Season peak percentage,percent,3.6,Point,NA,NA
Nevada,Season peak week,week,3,Point,NA,NA
New Hampshire,1 wk ahead,percent,0.9,Point,NA,NA
New Hampshire,2 wk ahead,percent,0.9,Point,NA,NA
New Hampshire,3 wk ahead,percent,1,Point,NA,NA
New Hampshire,4 wk ahead,percent,1.2,Point,NA,NA
New Hampshire,Season peak percentage,percent,3.1,Point,NA,NA
New Hampshire,Season peak week,week,6,Point,NA,NA
Rhode Island,1 wk ahead,percent,1.6,Point,NA,NA
Rhode Island,2 wk ahead,percent,1.3,Point,NA,NA
Rhode Island,3 wk ahead,percent,1.5,Point,NA,NA
Rhode Island,4 wk ahead,percent,1.5,Point,NA,NA
Rhode Island,Season peak percentage,percent,4.2,Point,NA,NA
Rhode Island,Season peak week,week,6,Point,NA,NA
South Carolina,1 wk ahead,percent,4.4,Point,NA,NA
South Carolina,2 wk ahead,percent,5.1,Point,NA,NA
South Carolina,3 wk ahead,percent,5.4,Point,NA,NA
South Carolina,4 wk ahead,percent,5.8,Point,NA,NA
South Carolina,Season peak percentage,percent,12.9,Point,NA,NA
South Carolina,Season peak week,week,4,Point,NA,NA
South Dakota,1 wk ahead,percent,2.4,Point,NA,NA
South Dakota,2 wk ahead,percent,2.4,Point,NA,NA
South Dakota,3 wk ahead,percent,2.6,Point,NA,NA
South Dakota,4 wk ahead,percent,3,Point,NA,NA
South Dakota,Season peak percentage,percent,5.7,Point,NA,NA
South Dakota,Season peak week,week,6,Point,NA,NA
Tennessee,1 wk ahead,percent,1.5,Point,NA,NA
Tennessee,2 wk ahead,percent,1.6,Point,NA,NA
Tennessee,3 wk ahead,percent,2,Point,NA,NA
Tennessee,4 wk ahead,percent,2.1,Point,NA,NA
Tennessee,Season peak percentage,percent,3.9,Point,NA,NA
Tennessee,Season peak week,week,4,Point,NA,NA
Texas,1 wk ahead,percent,6.7,Point,NA,NA
Texas,2 wk ahead,percent,8,Point,NA,NA
Texas,3 wk ahead,percent,8.2,Point,NA,NA
Texas,4 wk ahead,percent,6.9,Point,NA,NA
Texas,Season peak percentage,percent,11.5,Point,NA,NA
Texas,Season peak week,week,52,Point,NA,NA
Utah,1 wk ahead,percent,0.4,Point,NA,NA
Utah,2 wk ahead,percent,0.6,Point,NA,NA
Utah,3 wk ahead,percent,0.8,Point,NA,NA
Utah,4 wk ahead,percent,1,Point,NA,NA
Utah,Season peak percentage,percent,2.3,Point,NA,NA
Utah,Season peak week,week,8,Point,NA,NA
Vermont,1 wk ahead,percent,1.4,Point,NA,NA
Vermont,2 wk ahead,percent,1.4,Point,NA,NA
Vermont,3 wk ahead,percent,1.6,Point,NA,NA
Vermont,4 wk ahead,percent,1.8,Point,NA,NA
Vermont,Season peak percentage,percent,4.5,Point,NA,NA
Vermont,Season peak week,week,7,Point,NA,NA
Wyoming,1 wk ahead,percent,2.1,Point,NA,NA
Wyoming,2 wk ahead,percent,2.7,Point,NA,NA
Wyoming,3 wk ahead,percent,2.5,Point,NA,NA
Wyoming,4 wk ahead,percent,2.8,Point,NA,NA
Wyoming,Season peak percentage,percent,6.4,Point,NA,NA
Wyoming,Season peak week,week,4,Point,NA,NA
