location,target,type,unit,bin_start_incl,bin_end_notincl,value
HHS Region 1,1 wk ahead,Point,percent,NA,NA,3.4
HHS Region 1,2 wk ahead,Point,percent,NA,NA,3.3
HHS Region 1,3 wk ahead,Point,percent,NA,NA,2.7
HHS Region 1,4 wk ahead,Point,percent,NA,NA,2.3
HHS Region 1,Season onset,Point,week,NA,NA,50
HHS Region 1,Season peak percentage,Point,percent,NA,NA,7.2
HHS Region 1,Season peak week,Point,week,NA,NA,6
HHS Region 10,1 wk ahead,Point,percent,NA,NA,2.2
HHS Region 10,2 wk ahead,Point,percent,NA,NA,2.3
HHS Region 10,3 wk ahead,Point,percent,NA,NA,2.1
HHS Region 10,4 wk ahead,Point,percent,NA,NA,1.8
HHS Region 10,Season onset,Point,week,NA,NA,47
HHS Region 10,Season peak percentage,Point,percent,NA,NA,7.2
HHS Region 10,Season peak week,Point,week,NA,NA,52
HHS Region 2,1 wk ahead,Point,percent,NA,NA,7.4
HHS Region 2,2 wk ahead,Point,percent,NA,NA,7.3
HHS Region 2,3 wk ahead,Point,percent,NA,NA,6.2
HHS Region 2,4 wk ahead,Point,percent,NA,NA,5.3
HHS Region 2,Season onset,Point,week,NA,NA,48
HHS Region 2,Season peak percentage,Point,percent,NA,NA,12.1
HHS Region 2,Season peak week,Point,week,NA,NA,13
HHS Region 3,1 wk ahead,Point,percent,NA,NA,3
HHS Region 3,2 wk ahead,Point,percent,NA,NA,2.4
HHS Region 3,3 wk ahead,Point,percent,NA,NA,2
HHS Region 3,4 wk ahead,Point,percent,NA,NA,1.8
HHS Region 3,Season onset,Point,week,NA,NA,46
HHS Region 3,Season peak percentage,Point,percent,NA,NA,6.8
HHS Region 3,Season peak week,Point,week,NA,NA,12
HHS Region 4,1 wk ahead,Point,percent,NA,NA,2.6
HHS Region 4,2 wk ahead,Point,percent,NA,NA,2.4
HHS Region 4,3 wk ahead,Point,percent,NA,NA,2.2
HHS Region 4,4 wk ahead,Point,percent,NA,NA,2
HHS Region 4,Season onset,Point,week,NA,NA,45
HHS Region 4,Season peak percentage,Point,percent,NA,NA,8.8
HHS Region 4,Season peak week,Point,week,NA,NA,52
HHS Region 5,1 wk ahead,Point,percent,NA,NA,2
HHS Region 5,2 wk ahead,Point,percent,NA,NA,1.6
HHS Region 5,3 wk ahead,Point,percent,NA,NA,1.4
HHS Region 5,4 wk ahead,Point,percent,NA,NA,1.2
HHS Region 5,Season onset,Point,week,NA,NA,48
HHS Region 5,Season peak percentage,Point,percent,NA,NA,5.5
HHS Region 5,Season peak week,Point,week,NA,NA,6
HHS Region 6,1 wk ahead,Point,percent,NA,NA,3.8
HHS Region 6,2 wk ahead,Point,percent,NA,NA,3.4
HHS Region 6,3 wk ahead,Point,percent,NA,NA,3.1
HHS Region 6,4 wk ahead,Point,percent,NA,NA,2.8
HHS Region 6,Season onset,Point,week,NA,NA,45
HHS Region 6,Season peak percentage,Point,percent,NA,NA,13
HHS Region 6,Season peak week,Point,week,NA,NA,52
HHS Region 7,1 wk ahead,Point,percent,NA,NA,1.9
HHS Region 7,2 wk ahead,Point,percent,NA,NA,1.4
HHS Region 7,3 wk ahead,Point,percent,NA,NA,1.1
HHS Region 7,4 wk ahead,Point,percent,NA,NA,0.9
HHS Region 7,Season onset,Point,week,NA,NA,48
HHS Region 7,Season peak percentage,Point,percent,NA,NA,7.4
HHS Region 7,Season peak week,Point,week,NA,NA,11
HHS Region 8,1 wk ahead,Point,percent,NA,NA,2.5
HHS Region 8,2 wk ahead,Point,percent,NA,NA,2.2
HHS Region 8,3 wk ahead,Point,percent,NA,NA,2
HHS Region 8,4 wk ahead,Point,percent,NA,NA,1.7
HHS Region 8,Season onset,Point,week,NA,NA,48
HHS Region 8,Season peak percentage,Point,percent,NA,NA,6.8
HHS Region 8,Season peak week,Point,week,NA,NA,5
HHS Region 9,1 wk ahead,Point,percent,NA,NA,2.9
HHS Region 9,2 wk ahead,Point,percent,NA,NA,2.5
HHS Region 9,3 wk ahead,Point,percent,NA,NA,2.2
HHS Region 9,4 wk ahead,Point,percent,NA,NA,2
HHS Region 9,Season onset,Point,week,NA,NA,46
HHS Region 9,Season peak percentage,Point,percent,NA,NA,4.9
HHS Region 9,Season peak week,Point,week,NA,NA,6
US National,1 wk ahead,Point,percent,NA,NA,3.4
US National,2 wk ahead,Point,percent,NA,NA,3.2
US National,3 wk ahead,Point,percent,NA,NA,2.9
US National,4 wk ahead,Point,percent,NA,NA,2.6
US National,Season onset,Point,week,NA,NA,45
US National,Season peak percentage,Point,percent,NA,NA,7.1
US National,Season peak week,Point,week,NA,NA,52
HHS Region 1,1 wk ahead,Bin,percent,0.0,0.1,0.00027757988647604
HHS Region 1,1 wk ahead,Bin,percent,0.1,0.2,0.000690213680380864
HHS Region 1,1 wk ahead,Bin,percent,0.2,0.3,0.000885457378343397
HHS Region 1,1 wk ahead,Bin,percent,0.3,0.4,0.00108840391647983
HHS Region 1,1 wk ahead,Bin,percent,0.4,0.5,0.00128478645006985
HHS Region 1,1 wk ahead,Bin,percent,0.5,0.6,0.0014596060197929
HHS Region 1,1 wk ahead,Bin,percent,0.6,0.7,0.00159943351366638
HHS Region 1,1 wk ahead,Bin,percent,0.7,0.8,0.00169475645570471
HHS Region 1,1 wk ahead,Bin,percent,0.8,0.9,0.0017418221176255
HHS Region 1,1 wk ahead,Bin,percent,0.9,1.0,0.00174347928107247
HHS Region 1,1 wk ahead,Bin,percent,1.0,1.1,0.00170843297965577
HHS Region 1,1 wk ahead,Bin,percent,1.1,1.2,0.00164894603748419
HHS Region 1,1 wk ahead,Bin,percent,1.2,1.3,0.00254639674089559
HHS Region 1,1 wk ahead,Bin,percent,1.3,1.4,0.00441050687362108
HHS Region 1,1 wk ahead,Bin,percent,1.4,1.5,0.0014333683378874
HHS Region 1,1 wk ahead,Bin,percent,1.5,1.6,0.00136526337141635
HHS Region 1,1 wk ahead,Bin,percent,1.6,1.7,0.00226483555695196
HHS Region 1,1 wk ahead,Bin,percent,1.7,1.8,0.00218937869158353
HHS Region 1,1 wk ahead,Bin,percent,1.8,1.9,0.00404106896596689
HHS Region 1,1 wk ahead,Bin,percent,1.9,2.0,0.00103642133331808
HHS Region 1,1 wk ahead,Bin,percent,2.0,2.1,0.00189557226251936
HHS Region 1,1 wk ahead,Bin,percent,2.1,2.2,0.0027466013636752
HHS Region 1,1 wk ahead,Bin,percent,2.2,2.3,0.00553183282958863
HHS Region 1,1 wk ahead,Bin,percent,2.3,2.4,0.00444360409084121
HHS Region 1,1 wk ahead,Bin,percent,2.4,2.5,0.0217691256903172
HHS Region 1,1 wk ahead,Bin,percent,2.5,2.6,0.0265106561484193
HHS Region 1,1 wk ahead,Bin,percent,2.6,2.7,0.0264214065737078
HHS Region 1,1 wk ahead,Bin,percent,2.7,2.8,0.0370037930178178
HHS Region 1,1 wk ahead,Bin,percent,2.8,2.9,0.0311317343024737
HHS Region 1,1 wk ahead,Bin,percent,2.9,3.0,0.0504629179323448
HHS Region 1,1 wk ahead,Bin,percent,3.0,3.1,0.0601187815709086
HHS Region 1,1 wk ahead,Bin,percent,3.1,3.2,0.0416897946367874
HHS Region 1,1 wk ahead,Bin,percent,3.2,3.3,0.0552391629173341
HHS Region 1,1 wk ahead,Bin,percent,3.3,3.4,0.0736381117619691
HHS Region 1,1 wk ahead,Bin,percent,3.4,3.5,0.0881654961661385
HHS Region 1,1 wk ahead,Bin,percent,3.5,3.6,0.0726625667133712
HHS Region 1,1 wk ahead,Bin,percent,3.6,3.7,0.0600680198227026
HHS Region 1,1 wk ahead,Bin,percent,3.7,3.8,0.0523176070547383
HHS Region 1,1 wk ahead,Bin,percent,3.8,3.9,0.040691987902792
HHS Region 1,1 wk ahead,Bin,percent,3.9,4.0,0.0397231863067965
HHS Region 1,1 wk ahead,Bin,percent,4.0,4.1,0.0319727735388322
HHS Region 1,1 wk ahead,Bin,percent,4.1,4.2,0.0232535591748725
HHS Region 1,1 wk ahead,Bin,percent,4.2,4.3,0.0213159559828814
HHS Region 1,1 wk ahead,Bin,percent,4.3,4.4,0.0125967416189217
HHS Region 1,1 wk ahead,Bin,percent,4.4,4.5,0.0135655432149172
HHS Region 1,1 wk ahead,Bin,percent,4.5,4.6,0.0116279400229261
HHS Region 1,1 wk ahead,Bin,percent,4.6,4.7,0.00484632885095743
HHS Region 1,1 wk ahead,Bin,percent,4.7,4.8,0.00872153523493954
HHS Region 1,1 wk ahead,Bin,percent,4.8,4.9,0.00775273363894402
HHS Region 1,1 wk ahead,Bin,percent,4.9,5.0,0.00193992406297084
HHS Region 1,1 wk ahead,Bin,percent,5.0,5.1,0.00872153523493954
HHS Region 1,1 wk ahead,Bin,percent,5.1,5.2,0.00484632885095743
HHS Region 1,1 wk ahead,Bin,percent,5.2,5.3,0.0038775272549619
HHS Region 1,1 wk ahead,Bin,percent,5.3,5.4,0.00290872565896637
HHS Region 1,1 wk ahead,Bin,percent,5.4,5.5,2.32087097978411e-06
HHS Region 1,1 wk ahead,Bin,percent,5.5,5.6,0.0038775272549619
HHS Region 1,1 wk ahead,Bin,percent,5.6,5.7,2.32087097978411e-06
HHS Region 1,1 wk ahead,Bin,percent,5.7,5.8,0.00193992406297084
HHS Region 1,1 wk ahead,Bin,percent,5.8,5.9,0.00193992406297084
HHS Region 1,1 wk ahead,Bin,percent,5.9,6.0,0.00193992406297084
HHS Region 1,1 wk ahead,Bin,percent,6.0,6.1,2.32087097978411e-06
HHS Region 1,1 wk ahead,Bin,percent,6.1,6.2,0.000971122466975313
HHS Region 1,1 wk ahead,Bin,percent,6.2,6.3,2.32087097978411e-06
HHS Region 1,1 wk ahead,Bin,percent,6.3,6.4,2.32087097978411e-06
HHS Region 1,1 wk ahead,Bin,percent,6.4,6.5,2.32087097978411e-06
HHS Region 1,1 wk ahead,Bin,percent,6.5,6.6,2.32087097978411e-06
HHS Region 1,1 wk ahead,Bin,percent,6.6,6.7,2.32087097978411e-06
HHS Region 1,1 wk ahead,Bin,percent,6.7,6.8,2.32087097978411e-06
HHS Region 1,1 wk ahead,Bin,percent,6.8,6.9,2.32087097978411e-06
HHS Region 1,1 wk ahead,Bin,percent,6.9,7.0,0.000971122466975313
HHS Region 1,1 wk ahead,Bin,percent,7.0,7.1,0.000971122466975313
HHS Region 1,1 wk ahead,Bin,percent,7.1,7.2,0.000971122466975313
HHS Region 1,1 wk ahead,Bin,percent,7.2,7.3,2.32087097978411e-06
HHS Region 1,1 wk ahead,Bin,percent,7.3,7.4,2.32087097978411e-06
HHS Region 1,1 wk ahead,Bin,percent,7.4,7.5,2.32087097978411e-06
HHS Region 1,1 wk ahead,Bin,percent,7.5,7.6,2.32087097978411e-06
HHS Region 1,1 wk ahead,Bin,percent,7.6,7.7,0.000971122466975313
HHS Region 1,1 wk ahead,Bin,percent,7.7,7.8,2.32087097978411e-06
HHS Region 1,1 wk ahead,Bin,percent,7.8,7.9,2.32087097978411e-06
HHS Region 1,1 wk ahead,Bin,percent,7.9,8.0,2.32087097978411e-06
HHS Region 1,1 wk ahead,Bin,percent,8.0,8.1,2.32087097978413e-06
HHS Region 1,1 wk ahead,Bin,percent,8.1,8.2,2.32087097978415e-06
HHS Region 1,1 wk ahead,Bin,percent,8.2,8.3,2.32087097978415e-06
HHS Region 1,1 wk ahead,Bin,percent,8.3,8.4,2.32087097978415e-06
HHS Region 1,1 wk ahead,Bin,percent,8.4,8.5,2.32087097978415e-06
HHS Region 1,1 wk ahead,Bin,percent,8.5,8.6,2.32087097978415e-06
HHS Region 1,1 wk ahead,Bin,percent,8.6,8.7,2.32087097978415e-06
HHS Region 1,1 wk ahead,Bin,percent,8.7,8.8,2.32087097978415e-06
HHS Region 1,1 wk ahead,Bin,percent,8.8,8.9,2.32087097978415e-06
HHS Region 1,1 wk ahead,Bin,percent,8.9,9.0,2.32087097978415e-06
HHS Region 1,1 wk ahead,Bin,percent,9.0,9.1,2.32087097978415e-06
HHS Region 1,1 wk ahead,Bin,percent,9.1,9.2,2.32087097978415e-06
HHS Region 1,1 wk ahead,Bin,percent,9.2,9.3,2.32087097978415e-06
HHS Region 1,1 wk ahead,Bin,percent,9.3,9.4,2.32087097978415e-06
HHS Region 1,1 wk ahead,Bin,percent,9.4,9.5,2.32087097978415e-06
HHS Region 1,1 wk ahead,Bin,percent,9.5,9.6,2.32087097978415e-06
HHS Region 1,1 wk ahead,Bin,percent,9.6,9.7,2.32087097978415e-06
HHS Region 1,1 wk ahead,Bin,percent,9.7,9.8,2.32087097978415e-06
HHS Region 1,1 wk ahead,Bin,percent,9.8,9.9,2.32087097978415e-06
HHS Region 1,1 wk ahead,Bin,percent,9.9,10.0,2.32087097978415e-06
HHS Region 1,1 wk ahead,Bin,percent,10.0,10.1,2.32087097978415e-06
HHS Region 1,1 wk ahead,Bin,percent,10.1,10.2,2.32087097978415e-06
HHS Region 1,1 wk ahead,Bin,percent,10.2,10.3,2.32087097978415e-06
HHS Region 1,1 wk ahead,Bin,percent,10.3,10.4,2.32087097978415e-06
HHS Region 1,1 wk ahead,Bin,percent,10.4,10.5,2.32087097978415e-06
HHS Region 1,1 wk ahead,Bin,percent,10.5,10.6,2.32087097978415e-06
HHS Region 1,1 wk ahead,Bin,percent,10.6,10.7,2.32087097978415e-06
HHS Region 1,1 wk ahead,Bin,percent,10.7,10.8,2.32087097978415e-06
HHS Region 1,1 wk ahead,Bin,percent,10.8,10.9,2.32087097978415e-06
HHS Region 1,1 wk ahead,Bin,percent,10.9,11.0,2.32087097978415e-06
HHS Region 1,1 wk ahead,Bin,percent,11.0,11.1,2.32087097978415e-06
HHS Region 1,1 wk ahead,Bin,percent,11.1,11.2,2.32087097978415e-06
HHS Region 1,1 wk ahead,Bin,percent,11.2,11.3,2.32087097978415e-06
HHS Region 1,1 wk ahead,Bin,percent,11.3,11.4,2.32087097978415e-06
HHS Region 1,1 wk ahead,Bin,percent,11.4,11.5,2.32087097978415e-06
HHS Region 1,1 wk ahead,Bin,percent,11.5,11.6,2.32087097978415e-06
HHS Region 1,1 wk ahead,Bin,percent,11.6,11.7,2.32087097978415e-06
HHS Region 1,1 wk ahead,Bin,percent,11.7,11.8,2.32087097978415e-06
HHS Region 1,1 wk ahead,Bin,percent,11.8,11.9,2.32087097978415e-06
HHS Region 1,1 wk ahead,Bin,percent,11.9,12.0,2.32087097978415e-06
HHS Region 1,1 wk ahead,Bin,percent,12.0,12.1,2.32087097978415e-06
HHS Region 1,1 wk ahead,Bin,percent,12.1,12.2,2.32087097978415e-06
HHS Region 1,1 wk ahead,Bin,percent,12.2,12.3,2.32087097978415e-06
HHS Region 1,1 wk ahead,Bin,percent,12.3,12.4,2.32087097978415e-06
HHS Region 1,1 wk ahead,Bin,percent,12.4,12.5,2.32087097978415e-06
HHS Region 1,1 wk ahead,Bin,percent,12.5,12.6,2.32087097978415e-06
HHS Region 1,1 wk ahead,Bin,percent,12.6,12.7,2.32087097978415e-06
HHS Region 1,1 wk ahead,Bin,percent,12.7,12.8,2.32087097978415e-06
HHS Region 1,1 wk ahead,Bin,percent,12.8,12.9,2.32087097978415e-06
HHS Region 1,1 wk ahead,Bin,percent,12.9,13.0,2.32087097978415e-06
HHS Region 1,1 wk ahead,Bin,percent,13.0,100.0,2.32087097978415e-06
HHS Region 1,2 wk ahead,Bin,percent,0.0,0.1,0.000330011016851664
HHS Region 1,2 wk ahead,Bin,percent,0.1,0.2,0.000835306565947788
HHS Region 1,2 wk ahead,Bin,percent,0.2,0.3,0.00107872878418292
HHS Region 1,2 wk ahead,Bin,percent,0.3,0.4,0.00131678630667234
HHS Region 1,2 wk ahead,Bin,percent,0.4,0.5,0.001533395636947
HHS Region 1,2 wk ahead,Bin,percent,0.5,0.6,0.0017167330037981
HHS Region 1,2 wk ahead,Bin,percent,0.6,0.7,0.00185657304534546
HHS Region 1,2 wk ahead,Bin,percent,0.7,0.8,0.00194164574904955
HHS Region 1,2 wk ahead,Bin,percent,0.8,0.9,0.00196173262518772
HHS Region 1,2 wk ahead,Bin,percent,0.9,1.0,0.00191400433861058
HHS Region 1,2 wk ahead,Bin,percent,1.0,1.1,0.00180963256584574
HHS Region 1,2 wk ahead,Bin,percent,1.1,1.2,0.0016739988916415
HHS Region 1,2 wk ahead,Bin,percent,1.2,1.3,0.00250783984087581
HHS Region 1,2 wk ahead,Bin,percent,1.3,1.4,0.00239948277899008
HHS Region 1,2 wk ahead,Bin,percent,1.4,1.5,0.0023271397183049
HHS Region 1,2 wk ahead,Bin,percent,1.5,1.6,0.00324987213237291
HHS Region 1,2 wk ahead,Bin,percent,1.6,1.7,0.0032072469433073
HHS Region 1,2 wk ahead,Bin,percent,1.7,1.8,0.00992530037453526
HHS Region 1,2 wk ahead,Bin,percent,1.8,1.9,0.00401282346506543
HHS Region 1,2 wk ahead,Bin,percent,1.9,2.0,0.00581358011447189
HHS Region 1,2 wk ahead,Bin,percent,2.0,2.1,0.00468211731341189
HHS Region 1,2 wk ahead,Bin,percent,2.1,2.2,0.00547998442699472
HHS Region 1,2 wk ahead,Bin,percent,2.2,2.3,0.0111307809620857
HHS Region 1,2 wk ahead,Bin,percent,2.3,2.4,0.013896652246233
HHS Region 1,2 wk ahead,Bin,percent,2.4,2.5,0.0263784713255168
HHS Region 1,2 wk ahead,Bin,percent,2.5,2.6,0.0292012506854573
HHS Region 1,2 wk ahead,Bin,percent,2.6,2.7,0.0407692773678926
HHS Region 1,2 wk ahead,Bin,percent,2.7,2.8,0.0504206328712404
HHS Region 1,2 wk ahead,Bin,percent,2.8,2.9,0.0494303276647999
HHS Region 1,2 wk ahead,Bin,percent,2.9,3.0,0.0581379708863891
HHS Region 1,2 wk ahead,Bin,percent,3.0,3.1,0.0397250499851803
HHS Region 1,2 wk ahead,Bin,percent,3.1,3.2,0.0629748180449659
HHS Region 1,2 wk ahead,Bin,percent,3.2,3.3,0.0552244052770017
HHS Region 1,2 wk ahead,Bin,percent,3.3,3.4,0.0571620084689927
HHS Region 1,2 wk ahead,Bin,percent,3.4,3.5,0.0513491988930195
HHS Region 1,2 wk ahead,Bin,percent,3.5,3.6,0.0590996116609838
HHS Region 1,2 wk ahead,Bin,percent,3.6,3.7,0.0445675877210508
HHS Region 1,2 wk ahead,Bin,percent,3.7,3.8,0.0406923813370687
HHS Region 1,2 wk ahead,Bin,percent,3.8,3.9,0.0290667621851224
HHS Region 1,2 wk ahead,Bin,percent,3.9,4.0,0.0397235797410732
HHS Region 1,2 wk ahead,Bin,percent,4.0,4.1,0.0339107701651
HHS Region 1,2 wk ahead,Bin,percent,4.1,4.2,0.0242227542051447
HHS Region 1,2 wk ahead,Bin,percent,4.2,4.3,0.0135659366491939
HHS Region 1,2 wk ahead,Bin,percent,4.3,4.4,0.0116283334572029
HHS Region 1,2 wk ahead,Bin,percent,4.4,4.5,0.0164723414371805
HHS Region 1,2 wk ahead,Bin,percent,4.5,4.6,0.0116283334572029
HHS Region 1,2 wk ahead,Bin,percent,4.6,4.7,0.00775312707322075
HHS Region 1,2 wk ahead,Bin,percent,4.7,4.8,0.0106595318612073
HHS Region 1,2 wk ahead,Bin,percent,4.8,4.9,0.00775312707322075
HHS Region 1,2 wk ahead,Bin,percent,4.9,5.0,0.00484672228523416
HHS Region 1,2 wk ahead,Bin,percent,5.0,5.1,0.00678432547722522
HHS Region 1,2 wk ahead,Bin,percent,5.1,5.2,0.00387792068923863
HHS Region 1,2 wk ahead,Bin,percent,5.2,5.3,0.00194031749724757
HHS Region 1,2 wk ahead,Bin,percent,5.3,5.4,0.00484672228523416
HHS Region 1,2 wk ahead,Bin,percent,5.4,5.5,0.00387792068923863
HHS Region 1,2 wk ahead,Bin,percent,5.5,5.6,0.00194031749724757
HHS Region 1,2 wk ahead,Bin,percent,5.6,5.7,0.000971515901252045
HHS Region 1,2 wk ahead,Bin,percent,5.7,5.8,0.000971515901252045
HHS Region 1,2 wk ahead,Bin,percent,5.8,5.9,2.71430525651608e-06
HHS Region 1,2 wk ahead,Bin,percent,5.9,6.0,2.71430525651608e-06
HHS Region 1,2 wk ahead,Bin,percent,6.0,6.1,0.000971515901252045
HHS Region 1,2 wk ahead,Bin,percent,6.1,6.2,2.71430525651608e-06
HHS Region 1,2 wk ahead,Bin,percent,6.2,6.3,2.71430525651608e-06
HHS Region 1,2 wk ahead,Bin,percent,6.3,6.4,0.000971515901252045
HHS Region 1,2 wk ahead,Bin,percent,6.4,6.5,2.71430525651608e-06
HHS Region 1,2 wk ahead,Bin,percent,6.5,6.6,2.71430525651608e-06
HHS Region 1,2 wk ahead,Bin,percent,6.6,6.7,2.71430525651608e-06
HHS Region 1,2 wk ahead,Bin,percent,6.7,6.8,2.71430525651608e-06
HHS Region 1,2 wk ahead,Bin,percent,6.8,6.9,0.000971515901252045
HHS Region 1,2 wk ahead,Bin,percent,6.9,7.0,0.000971515901252045
HHS Region 1,2 wk ahead,Bin,percent,7.0,7.1,0.000971515901252045
HHS Region 1,2 wk ahead,Bin,percent,7.1,7.2,2.71430525651608e-06
HHS Region 1,2 wk ahead,Bin,percent,7.2,7.3,2.71430525651608e-06
HHS Region 1,2 wk ahead,Bin,percent,7.3,7.4,2.71430525651608e-06
HHS Region 1,2 wk ahead,Bin,percent,7.4,7.5,2.71430525651608e-06
HHS Region 1,2 wk ahead,Bin,percent,7.5,7.6,2.71430525651608e-06
HHS Region 1,2 wk ahead,Bin,percent,7.6,7.7,2.71430525651608e-06
HHS Region 1,2 wk ahead,Bin,percent,7.7,7.8,0.000971515901252045
HHS Region 1,2 wk ahead,Bin,percent,7.8,7.9,2.71430525651608e-06
HHS Region 1,2 wk ahead,Bin,percent,7.9,8.0,2.71430525651608e-06
HHS Region 1,2 wk ahead,Bin,percent,8.0,8.1,2.71430525651611e-06
HHS Region 1,2 wk ahead,Bin,percent,8.1,8.2,2.71430525651613e-06
HHS Region 1,2 wk ahead,Bin,percent,8.2,8.3,2.71430525651613e-06
HHS Region 1,2 wk ahead,Bin,percent,8.3,8.4,2.71430525651613e-06
HHS Region 1,2 wk ahead,Bin,percent,8.4,8.5,2.71430525651613e-06
HHS Region 1,2 wk ahead,Bin,percent,8.5,8.6,2.71430525651613e-06
HHS Region 1,2 wk ahead,Bin,percent,8.6,8.7,2.71430525651613e-06
HHS Region 1,2 wk ahead,Bin,percent,8.7,8.8,0.000971515901252045
HHS Region 1,2 wk ahead,Bin,percent,8.8,8.9,2.71430525651613e-06
HHS Region 1,2 wk ahead,Bin,percent,8.9,9.0,2.71430525651613e-06
HHS Region 1,2 wk ahead,Bin,percent,9.0,9.1,2.71430525651613e-06
HHS Region 1,2 wk ahead,Bin,percent,9.1,9.2,2.71430525651613e-06
HHS Region 1,2 wk ahead,Bin,percent,9.2,9.3,2.71430525651613e-06
HHS Region 1,2 wk ahead,Bin,percent,9.3,9.4,2.71430525651613e-06
HHS Region 1,2 wk ahead,Bin,percent,9.4,9.5,0.000971515901252045
HHS Region 1,2 wk ahead,Bin,percent,9.5,9.6,2.71430525651613e-06
HHS Region 1,2 wk ahead,Bin,percent,9.6,9.7,2.71430525651613e-06
HHS Region 1,2 wk ahead,Bin,percent,9.7,9.8,2.71430525651613e-06
HHS Region 1,2 wk ahead,Bin,percent,9.8,9.9,2.71430525651613e-06
HHS Region 1,2 wk ahead,Bin,percent,9.9,10.0,2.71430525651613e-06
HHS Region 1,2 wk ahead,Bin,percent,10.0,10.1,2.71430525651613e-06
HHS Region 1,2 wk ahead,Bin,percent,10.1,10.2,0.000971515901252045
HHS Region 1,2 wk ahead,Bin,percent,10.2,10.3,2.71430525651613e-06
HHS Region 1,2 wk ahead,Bin,percent,10.3,10.4,2.71430525651613e-06
HHS Region 1,2 wk ahead,Bin,percent,10.4,10.5,2.71430525651613e-06
HHS Region 1,2 wk ahead,Bin,percent,10.5,10.6,2.71430525651613e-06
HHS Region 1,2 wk ahead,Bin,percent,10.6,10.7,0.000971515901252045
HHS Region 1,2 wk ahead,Bin,percent,10.7,10.8,2.71430525651613e-06
HHS Region 1,2 wk ahead,Bin,percent,10.8,10.9,2.71430525651613e-06
HHS Region 1,2 wk ahead,Bin,percent,10.9,11.0,2.71430525651613e-06
HHS Region 1,2 wk ahead,Bin,percent,11.0,11.1,0.000971515901252045
HHS Region 1,2 wk ahead,Bin,percent,11.1,11.2,2.71430525651613e-06
HHS Region 1,2 wk ahead,Bin,percent,11.2,11.3,2.71430525651613e-06
HHS Region 1,2 wk ahead,Bin,percent,11.3,11.4,2.71430525651613e-06
HHS Region 1,2 wk ahead,Bin,percent,11.4,11.5,2.71430525651613e-06
HHS Region 1,2 wk ahead,Bin,percent,11.5,11.6,2.71430525651613e-06
HHS Region 1,2 wk ahead,Bin,percent,11.6,11.7,2.71430525651613e-06
HHS Region 1,2 wk ahead,Bin,percent,11.7,11.8,2.71430525651613e-06
HHS Region 1,2 wk ahead,Bin,percent,11.8,11.9,2.71430525651613e-06
HHS Region 1,2 wk ahead,Bin,percent,11.9,12.0,0.000971515901252045
HHS Region 1,2 wk ahead,Bin,percent,12.0,12.1,2.71430525651613e-06
HHS Region 1,2 wk ahead,Bin,percent,12.1,12.2,2.71430525651613e-06
HHS Region 1,2 wk ahead,Bin,percent,12.2,12.3,2.71430525651613e-06
HHS Region 1,2 wk ahead,Bin,percent,12.3,12.4,2.71430525651613e-06
HHS Region 1,2 wk ahead,Bin,percent,12.4,12.5,2.71430525651613e-06
HHS Region 1,2 wk ahead,Bin,percent,12.5,12.6,2.71430525651613e-06
HHS Region 1,2 wk ahead,Bin,percent,12.6,12.7,2.71430525651613e-06
HHS Region 1,2 wk ahead,Bin,percent,12.7,12.8,2.71430525651613e-06
HHS Region 1,2 wk ahead,Bin,percent,12.8,12.9,2.71430525651613e-06
HHS Region 1,2 wk ahead,Bin,percent,12.9,13.0,2.71430525651613e-06
HHS Region 1,2 wk ahead,Bin,percent,13.0,100.0,2.71430525651613e-06
HHS Region 1,3 wk ahead,Bin,percent,0.0,0.1,0.000362915731051004
HHS Region 1,3 wk ahead,Bin,percent,0.1,0.2,0.00110632811580008
HHS Region 1,3 wk ahead,Bin,percent,0.2,0.3,0.0016621917418243
HHS Region 1,3 wk ahead,Bin,percent,0.3,0.4,0.00216521360692186
HHS Region 1,3 wk ahead,Bin,percent,0.4,0.5,0.00251921550214091
HHS Region 1,3 wk ahead,Bin,percent,0.5,0.6,0.00268049425956486
HHS Region 1,3 wk ahead,Bin,percent,0.6,0.7,0.00360309651140752
HHS Region 1,3 wk ahead,Bin,percent,0.7,0.8,0.00239816885698603
HHS Region 1,3 wk ahead,Bin,percent,0.8,0.9,0.0030246864720688
HHS Region 1,3 wk ahead,Bin,percent,0.9,1.0,0.0036769814080597
HHS Region 1,3 wk ahead,Bin,percent,1.0,1.1,0.00541766298851815
HHS Region 1,3 wk ahead,Bin,percent,1.1,1.2,0.0034000367772413
HHS Region 1,3 wk ahead,Bin,percent,1.2,1.3,0.00143801140150896
HHS Region 1,3 wk ahead,Bin,percent,1.3,1.4,0.00335703025158865
HHS Region 1,3 wk ahead,Bin,percent,1.4,1.5,0.00525102086330224
HHS Region 1,3 wk ahead,Bin,percent,1.5,1.6,0.00610767583455505
HHS Region 1,3 wk ahead,Bin,percent,1.6,1.7,0.00492026342841342
HHS Region 1,3 wk ahead,Bin,percent,1.7,1.8,0.0162435554685919
HHS Region 1,3 wk ahead,Bin,percent,1.8,1.9,0.0198157611628836
HHS Region 1,3 wk ahead,Bin,percent,1.9,2.0,0.0254019543724822
HHS Region 1,3 wk ahead,Bin,percent,2.0,2.1,0.0320542407040908
HHS Region 1,3 wk ahead,Bin,percent,2.1,2.2,0.0310282535039259
HHS Region 1,3 wk ahead,Bin,percent,2.2,2.3,0.0484485407700581
HHS Region 1,3 wk ahead,Bin,percent,2.3,2.4,0.0377907902684792
HHS Region 1,3 wk ahead,Bin,percent,2.4,2.5,0.0610420285723719
HHS Region 1,3 wk ahead,Bin,percent,2.5,2.6,0.0707300445323272
HHS Region 1,3 wk ahead,Bin,percent,2.6,2.7,0.0571668221883897
HHS Region 1,3 wk ahead,Bin,percent,2.7,2.8,0.064917234956354
HHS Region 1,3 wk ahead,Bin,percent,2.8,2.9,0.0581356237843853
HHS Region 1,3 wk ahead,Bin,percent,2.9,3.0,0.0561980205923942
HHS Region 1,3 wk ahead,Bin,percent,3.0,3.1,0.0455412030364434
HHS Region 1,3 wk ahead,Bin,percent,3.1,3.2,0.0523228142084121
HHS Region 1,3 wk ahead,Bin,percent,3.2,3.3,0.0426347982484568
HHS Region 1,3 wk ahead,Bin,percent,3.3,3.4,0.0348843854804926
HHS Region 1,3 wk ahead,Bin,percent,3.4,3.5,0.0310091790965105
HHS Region 1,3 wk ahead,Bin,percent,3.5,3.6,0.0300403775005149
HHS Region 1,3 wk ahead,Bin,percent,3.6,3.7,0.0126019487725954
HHS Region 1,3 wk ahead,Bin,percent,3.7,3.8,0.0184147583485686
HHS Region 1,3 wk ahead,Bin,percent,3.8,3.9,0.00969554398460883
HHS Region 1,3 wk ahead,Bin,percent,3.9,4.0,0.013570750368591
HHS Region 1,3 wk ahead,Bin,percent,4.0,4.1,0.00582033760062672
HHS Region 1,3 wk ahead,Bin,percent,4.1,4.2,0.0145395519645865
HHS Region 1,3 wk ahead,Bin,percent,4.2,4.3,0.0145395519645865
HHS Region 1,3 wk ahead,Bin,percent,4.3,4.4,0.00291393281264013
HHS Region 1,3 wk ahead,Bin,percent,4.4,4.5,0.00485153600463119
HHS Region 1,3 wk ahead,Bin,percent,4.5,4.6,0.00582033760062672
HHS Region 1,3 wk ahead,Bin,percent,4.6,4.7,0.00388273440863566
HHS Region 1,3 wk ahead,Bin,percent,4.7,4.8,0.000976329620649074
HHS Region 1,3 wk ahead,Bin,percent,4.8,4.9,7.52802465354494e-06
HHS Region 1,3 wk ahead,Bin,percent,4.9,5.0,0.00388273440863566
HHS Region 1,3 wk ahead,Bin,percent,5.0,5.1,0.000976329620649074
HHS Region 1,3 wk ahead,Bin,percent,5.1,5.2,0.0019451312166446
HHS Region 1,3 wk ahead,Bin,percent,5.2,5.3,0.000976329620649074
HHS Region 1,3 wk ahead,Bin,percent,5.3,5.4,0.00291393281264013
HHS Region 1,3 wk ahead,Bin,percent,5.4,5.5,7.52802465354494e-06
HHS Region 1,3 wk ahead,Bin,percent,5.5,5.6,0.0019451312166446
HHS Region 1,3 wk ahead,Bin,percent,5.6,5.7,0.000976329620649074
HHS Region 1,3 wk ahead,Bin,percent,5.7,5.8,7.52802465354494e-06
HHS Region 1,3 wk ahead,Bin,percent,5.8,5.9,7.52802465354494e-06
HHS Region 1,3 wk ahead,Bin,percent,5.9,6.0,0.000976329620649074
HHS Region 1,3 wk ahead,Bin,percent,6.0,6.1,0.000976329620649074
HHS Region 1,3 wk ahead,Bin,percent,6.1,6.2,0.000976329620649074
HHS Region 1,3 wk ahead,Bin,percent,6.2,6.3,0.0019451312166446
HHS Region 1,3 wk ahead,Bin,percent,6.3,6.4,7.52802465354494e-06
HHS Region 1,3 wk ahead,Bin,percent,6.4,6.5,7.52802465354494e-06
HHS Region 1,3 wk ahead,Bin,percent,6.5,6.6,0.000976329620649074
HHS Region 1,3 wk ahead,Bin,percent,6.6,6.7,7.52802465354494e-06
HHS Region 1,3 wk ahead,Bin,percent,6.7,6.8,7.52802465354494e-06
HHS Region 1,3 wk ahead,Bin,percent,6.8,6.9,7.52802465354494e-06
HHS Region 1,3 wk ahead,Bin,percent,6.9,7.0,0.000976329620649074
HHS Region 1,3 wk ahead,Bin,percent,7.0,7.1,7.52802465354494e-06
HHS Region 1,3 wk ahead,Bin,percent,7.1,7.2,0.000976329620649074
HHS Region 1,3 wk ahead,Bin,percent,7.2,7.3,7.52802465354494e-06
HHS Region 1,3 wk ahead,Bin,percent,7.3,7.4,7.52802465354494e-06
HHS Region 1,3 wk ahead,Bin,percent,7.4,7.5,7.52802465354494e-06
HHS Region 1,3 wk ahead,Bin,percent,7.5,7.6,7.52802465354494e-06
HHS Region 1,3 wk ahead,Bin,percent,7.6,7.7,7.52802465354494e-06
HHS Region 1,3 wk ahead,Bin,percent,7.7,7.8,7.52802465354494e-06
HHS Region 1,3 wk ahead,Bin,percent,7.8,7.9,7.52802465354494e-06
HHS Region 1,3 wk ahead,Bin,percent,7.9,8.0,7.52802465354494e-06
HHS Region 1,3 wk ahead,Bin,percent,8.0,8.1,7.528024653545e-06
HHS Region 1,3 wk ahead,Bin,percent,8.1,8.2,7.52802465354507e-06
HHS Region 1,3 wk ahead,Bin,percent,8.2,8.3,7.52802465354507e-06
HHS Region 1,3 wk ahead,Bin,percent,8.3,8.4,7.52802465354507e-06
HHS Region 1,3 wk ahead,Bin,percent,8.4,8.5,7.52802465354507e-06
HHS Region 1,3 wk ahead,Bin,percent,8.5,8.6,7.52802465354507e-06
HHS Region 1,3 wk ahead,Bin,percent,8.6,8.7,7.52802465354507e-06
HHS Region 1,3 wk ahead,Bin,percent,8.7,8.8,0.000976329620649074
HHS Region 1,3 wk ahead,Bin,percent,8.8,8.9,7.52802465354507e-06
HHS Region 1,3 wk ahead,Bin,percent,8.9,9.0,7.52802465354507e-06
HHS Region 1,3 wk ahead,Bin,percent,9.0,9.1,7.52802465354507e-06
HHS Region 1,3 wk ahead,Bin,percent,9.1,9.2,7.52802465354507e-06
HHS Region 1,3 wk ahead,Bin,percent,9.2,9.3,7.52802465354507e-06
HHS Region 1,3 wk ahead,Bin,percent,9.3,9.4,7.52802465354507e-06
HHS Region 1,3 wk ahead,Bin,percent,9.4,9.5,7.52802465354507e-06
HHS Region 1,3 wk ahead,Bin,percent,9.5,9.6,7.52802465354507e-06
HHS Region 1,3 wk ahead,Bin,percent,9.6,9.7,7.52802465354507e-06
HHS Region 1,3 wk ahead,Bin,percent,9.7,9.8,0.000976329620649074
HHS Region 1,3 wk ahead,Bin,percent,9.8,9.9,7.52802465354507e-06
HHS Region 1,3 wk ahead,Bin,percent,9.9,10.0,7.52802465354507e-06
HHS Region 1,3 wk ahead,Bin,percent,10.0,10.1,7.52802465354507e-06
HHS Region 1,3 wk ahead,Bin,percent,10.1,10.2,7.52802465354507e-06
HHS Region 1,3 wk ahead,Bin,percent,10.2,10.3,7.52802465354507e-06
HHS Region 1,3 wk ahead,Bin,percent,10.3,10.4,7.52802465354507e-06
HHS Region 1,3 wk ahead,Bin,percent,10.4,10.5,7.52802465354507e-06
HHS Region 1,3 wk ahead,Bin,percent,10.5,10.6,7.52802465354507e-06
HHS Region 1,3 wk ahead,Bin,percent,10.6,10.7,7.52802465354507e-06
HHS Region 1,3 wk ahead,Bin,percent,10.7,10.8,7.52802465354507e-06
HHS Region 1,3 wk ahead,Bin,percent,10.8,10.9,7.52802465354507e-06
HHS Region 1,3 wk ahead,Bin,percent,10.9,11.0,7.52802465354507e-06
HHS Region 1,3 wk ahead,Bin,percent,11.0,11.1,7.52802465354507e-06
HHS Region 1,3 wk ahead,Bin,percent,11.1,11.2,7.52802465354507e-06
HHS Region 1,3 wk ahead,Bin,percent,11.2,11.3,7.52802465354507e-06
HHS Region 1,3 wk ahead,Bin,percent,11.3,11.4,7.52802465354507e-06
HHS Region 1,3 wk ahead,Bin,percent,11.4,11.5,7.52802465354507e-06
HHS Region 1,3 wk ahead,Bin,percent,11.5,11.6,7.52802465354507e-06
HHS Region 1,3 wk ahead,Bin,percent,11.6,11.7,7.52802465354507e-06
HHS Region 1,3 wk ahead,Bin,percent,11.7,11.8,7.52802465354507e-06
HHS Region 1,3 wk ahead,Bin,percent,11.8,11.9,7.52802465354507e-06
HHS Region 1,3 wk ahead,Bin,percent,11.9,12.0,7.52802465354507e-06
HHS Region 1,3 wk ahead,Bin,percent,12.0,12.1,7.52802465354507e-06
HHS Region 1,3 wk ahead,Bin,percent,12.1,12.2,7.52802465354507e-06
HHS Region 1,3 wk ahead,Bin,percent,12.2,12.3,7.52802465354507e-06
HHS Region 1,3 wk ahead,Bin,percent,12.3,12.4,7.52802465354507e-06
HHS Region 1,3 wk ahead,Bin,percent,12.4,12.5,7.52802465354507e-06
HHS Region 1,3 wk ahead,Bin,percent,12.5,12.6,7.52802465354507e-06
HHS Region 1,3 wk ahead,Bin,percent,12.6,12.7,7.52802465354507e-06
HHS Region 1,3 wk ahead,Bin,percent,12.7,12.8,7.52802465354507e-06
HHS Region 1,3 wk ahead,Bin,percent,12.8,12.9,7.52802465354507e-06
HHS Region 1,3 wk ahead,Bin,percent,12.9,13.0,7.52802465354507e-06
HHS Region 1,3 wk ahead,Bin,percent,13.0,100.0,7.52802465354507e-06
HHS Region 1,4 wk ahead,Bin,percent,0.0,0.1,0.000332921419104001
HHS Region 1,4 wk ahead,Bin,percent,0.1,0.2,0.000986338786108424
HHS Region 1,4 wk ahead,Bin,percent,0.2,0.3,0.00147063843843117
HHS Region 1,4 wk ahead,Bin,percent,0.3,0.4,0.00196315019908296
HHS Region 1,4 wk ahead,Bin,percent,0.4,0.5,0.00238280193029052
HHS Region 1,4 wk ahead,Bin,percent,0.5,0.6,0.00263277493584513
HHS Region 1,4 wk ahead,Bin,percent,0.6,0.7,0.0036093281220929
HHS Region 1,4 wk ahead,Bin,percent,0.7,0.8,0.00243423423181241
HHS Region 1,4 wk ahead,Bin,percent,0.8,0.9,0.00408843482029367
HHS Region 1,4 wk ahead,Bin,percent,0.9,1.0,0.00387237868845251
HHS Region 1,4 wk ahead,Bin,percent,1.0,1.1,0.00474611549992451
HHS Region 1,4 wk ahead,Bin,percent,1.1,1.2,0.00667303725576084
HHS Region 1,4 wk ahead,Bin,percent,1.2,1.3,0.00860924286833801
HHS Region 1,4 wk ahead,Bin,percent,1.3,1.4,0.0114410596056783
HHS Region 1,4 wk ahead,Bin,percent,1.4,1.5,0.0170431394299939
HHS Region 1,4 wk ahead,Bin,percent,1.5,1.6,0.0225102628886416
HHS Region 1,4 wk ahead,Bin,percent,1.6,1.7,0.0414850562831612
HHS Region 1,4 wk ahead,Bin,percent,1.7,1.8,0.0498532027782348
HHS Region 1,4 wk ahead,Bin,percent,1.8,1.9,0.0496148959396255
HHS Region 1,4 wk ahead,Bin,percent,1.9,2.0,0.0591755047773129
HHS Region 1,4 wk ahead,Bin,percent,2.0,2.1,0.0707470457740304
HHS Region 1,4 wk ahead,Bin,percent,2.1,2.2,0.0571668922328019
HHS Region 1,4 wk ahead,Bin,percent,2.2,2.3,0.0707291641542575
HHS Region 1,4 wk ahead,Bin,percent,2.3,2.4,0.071697965750253
HHS Region 1,4 wk ahead,Bin,percent,2.4,2.5,0.0639475529822888
HHS Region 1,4 wk ahead,Bin,percent,2.5,2.6,0.0503843306383514
HHS Region 1,4 wk ahead,Bin,percent,2.6,2.7,0.0436027194663827
HHS Region 1,4 wk ahead,Bin,percent,2.7,2.8,0.055228338618329
HHS Region 1,4 wk ahead,Bin,percent,2.8,2.9,0.0339147035064274
HHS Region 1,4 wk ahead,Bin,percent,2.9,3.0,0.0300394971224453
HHS Region 1,4 wk ahead,Bin,percent,3.0,3.1,0.0271330923344587
HHS Region 1,4 wk ahead,Bin,percent,3.1,3.2,0.02035148116249
HHS Region 1,4 wk ahead,Bin,percent,3.2,3.3,0.022289084354481
HHS Region 1,4 wk ahead,Bin,percent,3.3,3.4,0.0116322667985302
HHS Region 1,4 wk ahead,Bin,percent,3.4,3.5,0.0135698699905213
HHS Region 1,4 wk ahead,Bin,percent,3.5,3.6,0.00485065562656153
HHS Region 1,4 wk ahead,Bin,percent,3.6,3.7,0.00775706041454811
HHS Region 1,4 wk ahead,Bin,percent,3.7,3.8,0.0126010683945258
HHS Region 1,4 wk ahead,Bin,percent,3.8,3.9,0.00194425083857494
HHS Region 1,4 wk ahead,Bin,percent,3.9,4.0,0.00678825881855258
HHS Region 1,4 wk ahead,Bin,percent,4.0,4.1,0.000975449242579409
HHS Region 1,4 wk ahead,Bin,percent,4.1,4.2,0.00581945722255705
HHS Region 1,4 wk ahead,Bin,percent,4.2,4.3,0.000975449242579409
HHS Region 1,4 wk ahead,Bin,percent,4.3,4.4,0.00291305243457047
HHS Region 1,4 wk ahead,Bin,percent,4.4,4.5,0.000975449242579409
HHS Region 1,4 wk ahead,Bin,percent,4.5,4.6,6.64764658388032e-06
HHS Region 1,4 wk ahead,Bin,percent,4.6,4.7,0.000975449242579409
HHS Region 1,4 wk ahead,Bin,percent,4.7,4.8,6.64764658388032e-06
HHS Region 1,4 wk ahead,Bin,percent,4.8,4.9,0.000975449242579409
HHS Region 1,4 wk ahead,Bin,percent,4.9,5.0,0.00194425083857494
HHS Region 1,4 wk ahead,Bin,percent,5.0,5.1,6.64764658388032e-06
HHS Region 1,4 wk ahead,Bin,percent,5.1,5.2,0.000975449242579409
HHS Region 1,4 wk ahead,Bin,percent,5.2,5.3,0.00194425083857494
HHS Region 1,4 wk ahead,Bin,percent,5.3,5.4,6.64764658388032e-06
HHS Region 1,4 wk ahead,Bin,percent,5.4,5.5,6.64764658388032e-06
HHS Region 1,4 wk ahead,Bin,percent,5.5,5.6,6.64764658388032e-06
HHS Region 1,4 wk ahead,Bin,percent,5.6,5.7,0.000975449242579409
HHS Region 1,4 wk ahead,Bin,percent,5.7,5.8,0.000975449242579409
HHS Region 1,4 wk ahead,Bin,percent,5.8,5.9,6.64764658388032e-06
HHS Region 1,4 wk ahead,Bin,percent,5.9,6.0,6.64764658388032e-06
HHS Region 1,4 wk ahead,Bin,percent,6.0,6.1,0.000975449242579409
HHS Region 1,4 wk ahead,Bin,percent,6.1,6.2,6.64764658388032e-06
HHS Region 1,4 wk ahead,Bin,percent,6.2,6.3,0.000975449242579409
HHS Region 1,4 wk ahead,Bin,percent,6.3,6.4,0.000975449242579409
HHS Region 1,4 wk ahead,Bin,percent,6.4,6.5,6.64764658388032e-06
HHS Region 1,4 wk ahead,Bin,percent,6.5,6.6,6.64764658388032e-06
HHS Region 1,4 wk ahead,Bin,percent,6.6,6.7,6.64764658388032e-06
HHS Region 1,4 wk ahead,Bin,percent,6.7,6.8,6.64764658388032e-06
HHS Region 1,4 wk ahead,Bin,percent,6.8,6.9,6.64764658388032e-06
HHS Region 1,4 wk ahead,Bin,percent,6.9,7.0,6.64764658388032e-06
HHS Region 1,4 wk ahead,Bin,percent,7.0,7.1,6.64764658388032e-06
HHS Region 1,4 wk ahead,Bin,percent,7.1,7.2,6.64764658388032e-06
HHS Region 1,4 wk ahead,Bin,percent,7.2,7.3,6.64764658388032e-06
HHS Region 1,4 wk ahead,Bin,percent,7.3,7.4,6.64764658388032e-06
HHS Region 1,4 wk ahead,Bin,percent,7.4,7.5,6.64764658388032e-06
HHS Region 1,4 wk ahead,Bin,percent,7.5,7.6,6.64764658388032e-06
HHS Region 1,4 wk ahead,Bin,percent,7.6,7.7,0.00194425083857494
HHS Region 1,4 wk ahead,Bin,percent,7.7,7.8,6.64764658388032e-06
HHS Region 1,4 wk ahead,Bin,percent,7.8,7.9,6.64764658388032e-06
HHS Region 1,4 wk ahead,Bin,percent,7.9,8.0,6.64764658388032e-06
HHS Region 1,4 wk ahead,Bin,percent,8.0,8.1,0.000975449242579409
HHS Region 1,4 wk ahead,Bin,percent,8.1,8.2,6.64764658388044e-06
HHS Region 1,4 wk ahead,Bin,percent,8.2,8.3,6.64764658388044e-06
HHS Region 1,4 wk ahead,Bin,percent,8.3,8.4,0.000975449242579409
HHS Region 1,4 wk ahead,Bin,percent,8.4,8.5,6.64764658388044e-06
HHS Region 1,4 wk ahead,Bin,percent,8.5,8.6,6.64764658388044e-06
HHS Region 1,4 wk ahead,Bin,percent,8.6,8.7,6.64764658388044e-06
HHS Region 1,4 wk ahead,Bin,percent,8.7,8.8,6.64764658388044e-06
HHS Region 1,4 wk ahead,Bin,percent,8.8,8.9,6.64764658388044e-06
HHS Region 1,4 wk ahead,Bin,percent,8.9,9.0,6.64764658388044e-06
HHS Region 1,4 wk ahead,Bin,percent,9.0,9.1,6.64764658388044e-06
HHS Region 1,4 wk ahead,Bin,percent,9.1,9.2,6.64764658388044e-06
HHS Region 1,4 wk ahead,Bin,percent,9.2,9.3,6.64764658388044e-06
HHS Region 1,4 wk ahead,Bin,percent,9.3,9.4,6.64764658388044e-06
HHS Region 1,4 wk ahead,Bin,percent,9.4,9.5,6.64764658388044e-06
HHS Region 1,4 wk ahead,Bin,percent,9.5,9.6,0.000975449242579409
HHS Region 1,4 wk ahead,Bin,percent,9.6,9.7,6.64764658388044e-06
HHS Region 1,4 wk ahead,Bin,percent,9.7,9.8,6.64764658388044e-06
HHS Region 1,4 wk ahead,Bin,percent,9.8,9.9,6.64764658388044e-06
HHS Region 1,4 wk ahead,Bin,percent,9.9,10.0,6.64764658388044e-06
HHS Region 1,4 wk ahead,Bin,percent,10.0,10.1,6.64764658388044e-06
HHS Region 1,4 wk ahead,Bin,percent,10.1,10.2,6.64764658388044e-06
HHS Region 1,4 wk ahead,Bin,percent,10.2,10.3,6.64764658388044e-06
HHS Region 1,4 wk ahead,Bin,percent,10.3,10.4,6.64764658388044e-06
HHS Region 1,4 wk ahead,Bin,percent,10.4,10.5,6.64764658388044e-06
HHS Region 1,4 wk ahead,Bin,percent,10.5,10.6,6.64764658388044e-06
HHS Region 1,4 wk ahead,Bin,percent,10.6,10.7,6.64764658388044e-06
HHS Region 1,4 wk ahead,Bin,percent,10.7,10.8,6.64764658388044e-06
HHS Region 1,4 wk ahead,Bin,percent,10.8,10.9,6.64764658388044e-06
HHS Region 1,4 wk ahead,Bin,percent,10.9,11.0,6.64764658388044e-06
HHS Region 1,4 wk ahead,Bin,percent,11.0,11.1,6.64764658388044e-06
HHS Region 1,4 wk ahead,Bin,percent,11.1,11.2,6.64764658388044e-06
HHS Region 1,4 wk ahead,Bin,percent,11.2,11.3,6.64764658388044e-06
HHS Region 1,4 wk ahead,Bin,percent,11.3,11.4,6.64764658388044e-06
HHS Region 1,4 wk ahead,Bin,percent,11.4,11.5,6.64764658388044e-06
HHS Region 1,4 wk ahead,Bin,percent,11.5,11.6,6.64764658388044e-06
HHS Region 1,4 wk ahead,Bin,percent,11.6,11.7,6.64764658388044e-06
HHS Region 1,4 wk ahead,Bin,percent,11.7,11.8,6.64764658388044e-06
HHS Region 1,4 wk ahead,Bin,percent,11.8,11.9,6.64764658388044e-06
HHS Region 1,4 wk ahead,Bin,percent,11.9,12.0,6.64764658388044e-06
HHS Region 1,4 wk ahead,Bin,percent,12.0,12.1,6.64764658388044e-06
HHS Region 1,4 wk ahead,Bin,percent,12.1,12.2,6.64764658388044e-06
HHS Region 1,4 wk ahead,Bin,percent,12.2,12.3,6.64764658388044e-06
HHS Region 1,4 wk ahead,Bin,percent,12.3,12.4,6.64764658388044e-06
HHS Region 1,4 wk ahead,Bin,percent,12.4,12.5,6.64764658388044e-06
HHS Region 1,4 wk ahead,Bin,percent,12.5,12.6,6.64764658388044e-06
HHS Region 1,4 wk ahead,Bin,percent,12.6,12.7,6.64764658388044e-06
HHS Region 1,4 wk ahead,Bin,percent,12.7,12.8,6.64764658388044e-06
HHS Region 1,4 wk ahead,Bin,percent,12.8,12.9,6.64764658388044e-06
HHS Region 1,4 wk ahead,Bin,percent,12.9,13.0,6.64764658388044e-06
HHS Region 1,4 wk ahead,Bin,percent,13.0,100.0,6.64764658388044e-06
HHS Region 1,Season onset,Bin,week,40.0,41.0,1.644691501615e-05
HHS Region 1,Season onset,Bin,week,41.0,42.0,1.75678467759171e-05
HHS Region 1,Season onset,Bin,week,42.0,43.0,8.94488125012351e-05
HHS Region 1,Season onset,Bin,week,43.0,44.0,0.000424217324902258
HHS Region 1,Season onset,Bin,week,44.0,45.0,0.00113278726500958
HHS Region 1,Season onset,Bin,week,45.0,46.0,0.00187312907256204
HHS Region 1,Season onset,Bin,week,46.0,47.0,0.00245454889287833
HHS Region 1,Season onset,Bin,week,47.0,48.0,0.00360579515251742
HHS Region 1,Season onset,Bin,week,48.0,49.0,0.00591269119132252
HHS Region 1,Season onset,Bin,week,49.0,50.0,0.0080679342373269
HHS Region 1,Season onset,Bin,week,50.0,51.0,0.834235103824314
HHS Region 1,Season onset,Bin,week,51.0,52.0,0.110797308421671
HHS Region 1,Season onset,Bin,week,52.0,53.0,0.0043126617702449
HHS Region 1,Season onset,Bin,week,1.0,2.0,0.00220944972967355
HHS Region 1,Season onset,Bin,week,2.0,3.0,0.00161912381250222
HHS Region 1,Season onset,Bin,week,3.0,4.0,0.00303572918826069
HHS Region 1,Season onset,Bin,week,4.0,5.0,0.00494840806165809
HHS Region 1,Season onset,Bin,week,5.0,6.0,0.00493686321683727
HHS Region 1,Season onset,Bin,week,6.0,7.0,0.00292376343192419
HHS Region 1,Season onset,Bin,week,7.0,8.0,0.00101033787527608
HHS Region 1,Season onset,Bin,week,8.0,9.0,0.000199112353480538
HHS Region 1,Season onset,Bin,week,9.0,10.0,3.74105499915829e-05
HHS Region 1,Season onset,Bin,week,10.0,11.0,3.49434638871933e-05
HHS Region 1,Season onset,Bin,week,11.0,12.0,3.49434638871933e-05
HHS Region 1,Season onset,Bin,week,12.0,13.0,3.49434638871933e-05
HHS Region 1,Season onset,Bin,week,13.0,14.0,3.49434638871933e-05
HHS Region 1,Season onset,Bin,week,14.0,15.0,3.49434638871933e-05
HHS Region 1,Season onset,Bin,week,15.0,16.0,3.49434638871933e-05
HHS Region 1,Season onset,Bin,week,16.0,17.0,3.49434638871933e-05
HHS Region 1,Season onset,Bin,week,17.0,18.0,3.49434638871933e-05
HHS Region 1,Season onset,Bin,week,18.0,19.0,3.49434638871933e-05
HHS Region 1,Season onset,Bin,week,19.0,20.0,3.49434638871933e-05
HHS Region 1,Season onset,Bin,week,20.0,21.0,3.49434638871933e-05
HHS Region 1,Season onset,Bin,week,none,none,0.00575578295059382
HHS Region 1,Season peak percentage,Bin,percent,0.0,0.1,3.53771012106584e-06
HHS Region 1,Season peak percentage,Bin,percent,0.1,0.2,1.34579354032311e-05
HHS Region 1,Season peak percentage,Bin,percent,0.2,0.3,2.85477364779694e-05
HHS Region 1,Season peak percentage,Bin,percent,0.3,0.4,5.54475915409548e-05
HHS Region 1,Season peak percentage,Bin,percent,0.4,0.5,9.85788016716278e-05
HHS Region 1,Season peak percentage,Bin,percent,0.5,0.6,0.00016039674756973
HHS Region 1,Season peak percentage,Bin,percent,0.6,0.7,0.000238923241926849
HHS Region 1,Season peak percentage,Bin,percent,0.7,0.8,0.00032591148806579
HHS Region 1,Season peak percentage,Bin,percent,0.8,0.9,0.000407354301125828
HHS Region 1,Season peak percentage,Bin,percent,0.9,1.0,0.000467373355684792
HHS Region 1,Season peak percentage,Bin,percent,1.0,1.1,0.000494357506771764
HHS Region 1,Season peak percentage,Bin,percent,1.1,1.2,0.000487401523280669
HHS Region 1,Season peak percentage,Bin,percent,1.2,1.3,0.000459781270498574
HHS Region 1,Season peak percentage,Bin,percent,1.3,1.4,0.00043805033081716
HHS Region 1,Season peak percentage,Bin,percent,1.4,1.5,0.000457158622926937
HHS Region 1,Season peak percentage,Bin,percent,1.5,1.6,0.00055280151792567
HHS Region 1,Season peak percentage,Bin,percent,1.6,1.7,0.00075277923264305
HHS Region 1,Season peak percentage,Bin,percent,1.7,1.8,0.00106897974549944
HHS Region 1,Season peak percentage,Bin,percent,1.8,1.9,0.00148987603288506
HHS Region 1,Season peak percentage,Bin,percent,1.9,2.0,0.00197751155739574
HHS Region 1,Season peak percentage,Bin,percent,2.0,2.1,0.00247084415788427
HHS Region 1,Season peak percentage,Bin,percent,2.1,2.2,0.00289634413967495
HHS Region 1,Season peak percentage,Bin,percent,2.2,2.3,0.00318535116276548
HHS Region 1,Season peak percentage,Bin,percent,2.3,2.4,0.00329176573199289
HHS Region 1,Season peak percentage,Bin,percent,2.4,2.5,0.00320466925043332
HHS Region 1,Season peak percentage,Bin,percent,2.5,2.6,0.00295059825534616
HHS Region 1,Season peak percentage,Bin,percent,2.6,2.7,0.00258434782801103
HHS Region 1,Season peak percentage,Bin,percent,2.7,2.8,0.00217290346241313
HHS Region 1,Season peak percentage,Bin,percent,2.8,2.9,0.00177803985000186
HHS Region 1,Season peak percentage,Bin,percent,2.9,3.0,0.00144331128965012
HHS Region 1,Season peak percentage,Bin,percent,3.0,3.1,0.0011902103294856
HHS Region 1,Season peak percentage,Bin,percent,3.1,3.2,0.00102269127367264
HHS Region 1,Season peak percentage,Bin,percent,3.2,3.3,0.000936521028335112
HHS Region 1,Season peak percentage,Bin,percent,3.3,3.4,0.000927991536364255
HHS Region 1,Season peak percentage,Bin,percent,3.4,3.5,0.000996119806390142
HHS Region 1,Season peak percentage,Bin,percent,3.5,3.6,0.00113681163375199
HHS Region 1,Season peak percentage,Bin,percent,3.6,3.7,0.0013336723923974
HHS Region 1,Season peak percentage,Bin,percent,3.7,3.8,0.0015526210770385
HHS Region 1,Season peak percentage,Bin,percent,3.8,3.9,0.00174580521111095
HHS Region 1,Season peak percentage,Bin,percent,3.9,4.0,0.00186595405942394
HHS Region 1,Season peak percentage,Bin,percent,4.0,4.1,0.00188322772103629
HHS Region 1,Season peak percentage,Bin,percent,4.1,4.2,0.00179587841581027
HHS Region 1,Season peak percentage,Bin,percent,4.2,4.3,0.00162923440859987
HHS Region 1,Season peak percentage,Bin,percent,4.3,4.4,0.0014232571687516
HHS Region 1,Season peak percentage,Bin,percent,4.4,4.5,0.00121574202586137
HHS Region 1,Season peak percentage,Bin,percent,4.5,4.6,0.00103018106105958
HHS Region 1,Season peak percentage,Bin,percent,4.6,4.7,0.00087226133293799
HHS Region 1,Season peak percentage,Bin,percent,4.7,4.8,0.00073549736069271
HHS Region 1,Season peak percentage,Bin,percent,4.8,4.9,0.000610771790947374
HHS Region 1,Season peak percentage,Bin,percent,4.9,5.0,0.000494407591474922
HHS Region 1,Season peak percentage,Bin,percent,5.0,5.1,0.00039108109187797
HHS Region 1,Season peak percentage,Bin,percent,5.1,5.2,0.000311389568117008
HHS Region 1,Season peak percentage,Bin,percent,5.2,5.3,0.000266421324025749
HHS Region 1,Season peak percentage,Bin,percent,5.3,5.4,0.000262115162354642
HHS Region 1,Season peak percentage,Bin,percent,5.4,5.5,0.000295780078666852
HHS Region 1,Season peak percentage,Bin,percent,5.5,5.6,0.000355395192384669
HHS Region 1,Season peak percentage,Bin,percent,5.6,5.7,0.000422064006581067
HHS Region 1,Season peak percentage,Bin,percent,5.7,5.8,0.000475455446170989
HHS Region 1,Season peak percentage,Bin,percent,5.8,5.9,0.00050050961088353
HHS Region 1,Season peak percentage,Bin,percent,5.9,6.0,0.000493113740630265
HHS Region 1,Season peak percentage,Bin,percent,6.0,6.1,0.000461762481243914
HHS Region 1,Season peak percentage,Bin,percent,6.1,6.2,0.000423987251186885
HHS Region 1,Season peak percentage,Bin,percent,6.2,6.3,0.000398898891377162
HHS Region 1,Season peak percentage,Bin,percent,6.3,6.4,0.000398691845589868
HHS Region 1,Season peak percentage,Bin,percent,6.4,6.5,0.000423376825183441
HHS Region 1,Season peak percentage,Bin,percent,6.5,6.6,0.000460670001946125
HHS Region 1,Season peak percentage,Bin,percent,6.6,6.7,0.000491268450759065
HHS Region 1,Season peak percentage,Bin,percent,6.7,6.8,0.000497099969604847
HHS Region 1,Season peak percentage,Bin,percent,6.8,6.9,0.000468513270095333
HHS Region 1,Season peak percentage,Bin,percent,6.9,7.0,0.000407468624171224
HHS Region 1,Season peak percentage,Bin,percent,7.0,7.1,0.000325594095136675
HHS Region 1,Season peak percentage,Bin,percent,7.1,7.2,0.000238530305226561
HHS Region 1,Season peak percentage,Bin,percent,7.2,7.3,0.914570075544771
HHS Region 1,Season peak percentage,Bin,percent,7.3,7.4,9.83663054352242e-05
HHS Region 1,Season peak percentage,Bin,percent,7.4,7.5,5.53235020281951e-05
HHS Region 1,Season peak percentage,Bin,percent,7.5,7.6,2.848272409014e-05
HHS Region 1,Season peak percentage,Bin,percent,7.6,7.7,0.00373432224458155
HHS Region 1,Season peak percentage,Bin,percent,7.7,7.8,0.000936490836211486
HHS Region 1,Season peak percentage,Bin,percent,7.8,7.9,5.4680638131744e-06
HHS Region 1,Season peak percentage,Bin,percent,7.9,8.0,5.4680638131744e-06
HHS Region 1,Season peak percentage,Bin,percent,8.0,8.1,0.000935691865815059
HHS Region 1,Season peak percentage,Bin,percent,8.1,8.2,5.4680638131745e-06
HHS Region 1,Season peak percentage,Bin,percent,8.2,8.3,5.4680638131745e-06
HHS Region 1,Season peak percentage,Bin,percent,8.3,8.4,0.000935691865815059
HHS Region 1,Season peak percentage,Bin,percent,8.4,8.5,5.4680638131745e-06
HHS Region 1,Season peak percentage,Bin,percent,8.5,8.6,5.4680638131745e-06
HHS Region 1,Season peak percentage,Bin,percent,8.6,8.7,5.4680638131745e-06
HHS Region 1,Season peak percentage,Bin,percent,8.7,8.8,0.00186591566781694
HHS Region 1,Season peak percentage,Bin,percent,8.8,8.9,5.4680638131745e-06
HHS Region 1,Season peak percentage,Bin,percent,8.9,9.0,5.4680638131745e-06
HHS Region 1,Season peak percentage,Bin,percent,9.0,9.1,5.4680638131745e-06
HHS Region 1,Season peak percentage,Bin,percent,9.1,9.2,5.4680638131745e-06
HHS Region 1,Season peak percentage,Bin,percent,9.2,9.3,5.4680638131745e-06
HHS Region 1,Season peak percentage,Bin,percent,9.3,9.4,5.4680638131745e-06
HHS Region 1,Season peak percentage,Bin,percent,9.4,9.5,0.000935691865815059
HHS Region 1,Season peak percentage,Bin,percent,9.5,9.6,0.00186591566781694
HHS Region 1,Season peak percentage,Bin,percent,9.6,9.7,5.4680638131745e-06
HHS Region 1,Season peak percentage,Bin,percent,9.7,9.8,0.000935691865815059
HHS Region 1,Season peak percentage,Bin,percent,9.8,9.9,5.4680638131745e-06
HHS Region 1,Season peak percentage,Bin,percent,9.9,10.0,5.4680638131745e-06
HHS Region 1,Season peak percentage,Bin,percent,10.0,10.1,5.4680638131745e-06
HHS Region 1,Season peak percentage,Bin,percent,10.1,10.2,0.000935691865815059
HHS Region 1,Season peak percentage,Bin,percent,10.2,10.3,5.4680638131745e-06
HHS Region 1,Season peak percentage,Bin,percent,10.3,10.4,5.4680638131745e-06
HHS Region 1,Season peak percentage,Bin,percent,10.4,10.5,5.4680638131745e-06
HHS Region 1,Season peak percentage,Bin,percent,10.5,10.6,5.4680638131745e-06
HHS Region 1,Season peak percentage,Bin,percent,10.6,10.7,0.000935691865815059
HHS Region 1,Season peak percentage,Bin,percent,10.7,10.8,5.4680638131745e-06
HHS Region 1,Season peak percentage,Bin,percent,10.8,10.9,5.4680638131745e-06
HHS Region 1,Season peak percentage,Bin,percent,10.9,11.0,5.4680638131745e-06
HHS Region 1,Season peak percentage,Bin,percent,11.0,11.1,0.000935691865815059
HHS Region 1,Season peak percentage,Bin,percent,11.1,11.2,5.4680638131745e-06
HHS Region 1,Season peak percentage,Bin,percent,11.2,11.3,5.4680638131745e-06
HHS Region 1,Season peak percentage,Bin,percent,11.3,11.4,5.4680638131745e-06
HHS Region 1,Season peak percentage,Bin,percent,11.4,11.5,5.4680638131745e-06
HHS Region 1,Season peak percentage,Bin,percent,11.5,11.6,5.4680638131745e-06
HHS Region 1,Season peak percentage,Bin,percent,11.6,11.7,5.4680638131745e-06
HHS Region 1,Season peak percentage,Bin,percent,11.7,11.8,5.4680638131745e-06
HHS Region 1,Season peak percentage,Bin,percent,11.8,11.9,5.4680638131745e-06
HHS Region 1,Season peak percentage,Bin,percent,11.9,12.0,0.000935691865815059
HHS Region 1,Season peak percentage,Bin,percent,12.0,12.1,5.4680638131745e-06
HHS Region 1,Season peak percentage,Bin,percent,12.1,12.2,5.4680638131745e-06
HHS Region 1,Season peak percentage,Bin,percent,12.2,12.3,5.4680638131745e-06
HHS Region 1,Season peak percentage,Bin,percent,12.3,12.4,5.4680638131745e-06
HHS Region 1,Season peak percentage,Bin,percent,12.4,12.5,5.4680638131745e-06
HHS Region 1,Season peak percentage,Bin,percent,12.5,12.6,5.4680638131745e-06
HHS Region 1,Season peak percentage,Bin,percent,12.6,12.7,5.4680638131745e-06
HHS Region 1,Season peak percentage,Bin,percent,12.7,12.8,5.4680638131745e-06
HHS Region 1,Season peak percentage,Bin,percent,12.8,12.9,5.4680638131745e-06
HHS Region 1,Season peak percentage,Bin,percent,12.9,13.0,5.4680638131745e-06
HHS Region 1,Season peak percentage,Bin,percent,13.0,100.0,5.4680638131745e-06
HHS Region 1,Season peak week,Bin,week,40.0,41.0,6.03647504827111e-05
HHS Region 1,Season peak week,Bin,week,41.0,42.0,6.03647504827111e-05
HHS Region 1,Season peak week,Bin,week,42.0,43.0,6.03647504827111e-05
HHS Region 1,Season peak week,Bin,week,43.0,44.0,6.03647504827111e-05
HHS Region 1,Season peak week,Bin,week,44.0,45.0,6.03647504827111e-05
HHS Region 1,Season peak week,Bin,week,45.0,46.0,6.03647504827111e-05
HHS Region 1,Season peak week,Bin,week,46.0,47.0,6.03647504827111e-05
HHS Region 1,Season peak week,Bin,week,47.0,48.0,6.03647504827111e-05
HHS Region 1,Season peak week,Bin,week,48.0,49.0,6.03647504827111e-05
HHS Region 1,Season peak week,Bin,week,49.0,50.0,6.0696390960337e-05
HHS Region 1,Season peak week,Bin,week,50.0,51.0,0.000431828160511313
HHS Region 1,Season peak week,Bin,week,51.0,52.0,0.00275128313454577
HHS Region 1,Season peak week,Bin,week,52.0,53.0,0.00508101259525033
HHS Region 1,Season peak week,Bin,week,1.0,2.0,0.00275785660486483
HHS Region 1,Season peak week,Bin,week,2.0,3.0,0.00058894244773469
HHS Region 1,Season peak week,Bin,week,3.0,4.0,0.00125699753804517
HHS Region 1,Season peak week,Bin,week,4.0,5.0,0.00426736159266867
HHS Region 1,Season peak week,Bin,week,5.0,6.0,0.00920936043062102
HHS Region 1,Season peak week,Bin,week,6.0,7.0,0.928838429295112
HHS Region 1,Season peak week,Bin,week,7.0,8.0,0.01013960749635
HHS Region 1,Season peak week,Bin,week,8.0,9.0,0.00626673943227341
HHS Region 1,Season peak week,Bin,week,9.0,10.0,0.00414491957773887
HHS Region 1,Season peak week,Bin,week,10.0,11.0,0.00461862257130585
HHS Region 1,Season peak week,Bin,week,11.0,12.0,0.00355061579339197
HHS Region 1,Season peak week,Bin,week,12.0,13.0,0.00120844260800277
HHS Region 1,Season peak week,Bin,week,13.0,14.0,0.000157114287233406
HHS Region 1,Season peak week,Bin,week,14.0,15.0,2.08945022394674e-05
HHS Region 1,Season peak week,Bin,week,15.0,16.0,0.000952866830864298
HHS Region 1,Season peak week,Bin,week,16.0,17.0,0.0065453946986111
HHS Region 1,Season peak week,Bin,week,17.0,18.0,0.000952866830864298
HHS Region 1,Season peak week,Bin,week,18.0,19.0,0.0046812187426955
HHS Region 1,Season peak week,Bin,week,19.0,20.0,0.000952866830864298
HHS Region 1,Season peak week,Bin,week,20.0,21.0,2.0778852906498e-05
HHS Region 10,1 wk ahead,Bin,percent,0.0,0.1,6.14607662765169e-10
HHS Region 10,1 wk ahead,Bin,percent,0.1,0.2,1.7458929309327e-09
HHS Region 10,1 wk ahead,Bin,percent,0.2,0.3,2.57958748022038e-09
HHS Region 10,1 wk ahead,Bin,percent,0.3,0.4,3.52290354364948e-09
HHS Region 10,1 wk ahead,Bin,percent,0.4,0.5,0.00300000419986555
HHS Region 10,1 wk ahead,Bin,percent,0.5,0.6,5.24433847028375e-09
HHS Region 10,1 wk ahead,Bin,percent,0.6,0.7,0.00100000569515377
HHS Region 10,1 wk ahead,Bin,percent,0.7,0.8,0.0020000058684249
HHS Region 10,1 wk ahead,Bin,percent,0.8,0.9,0.00100000598135071
HHS Region 10,1 wk ahead,Bin,percent,0.9,1.0,0.00200000575970131
HHS Region 10,1 wk ahead,Bin,percent,1.0,1.1,0.00600000515782919
HHS Region 10,1 wk ahead,Bin,percent,1.1,1.2,0.0040000049500837
HHS Region 10,1 wk ahead,Bin,percent,1.2,1.3,0.0160000034226479
HHS Region 10,1 wk ahead,Bin,percent,1.3,1.4,0.0130000030979445
HHS Region 10,1 wk ahead,Bin,percent,1.4,1.5,0.0280000012151826
HHS Region 10,1 wk ahead,Bin,percent,1.5,1.6,0.0409999995564987
HHS Region 10,1 wk ahead,Bin,percent,1.6,1.7,0.0439999988419464
HHS Region 10,1 wk ahead,Bin,percent,1.7,1.8,0.0639999967545348
HHS Region 10,1 wk ahead,Bin,percent,1.8,1.9,0.0589999968783196
HHS Region 10,1 wk ahead,Bin,percent,1.9,2.0,0.0669999959412897
HHS Region 10,1 wk ahead,Bin,percent,2.0,2.1,0.0649999959098918
HHS Region 10,1 wk ahead,Bin,percent,2.1,2.2,0.0659999956628895
HHS Region 10,1 wk ahead,Bin,percent,2.2,2.3,0.0769999945834798
HHS Region 10,1 wk ahead,Bin,percent,2.3,2.4,0.0699999950470811
HHS Region 10,1 wk ahead,Bin,percent,2.4,2.5,0.0619999955739458
HHS Region 10,1 wk ahead,Bin,percent,2.5,2.6,0.058999995645255
HHS Region 10,1 wk ahead,Bin,percent,2.6,2.7,0.0449999966498015
HHS Region 10,1 wk ahead,Bin,percent,2.7,2.8,0.0289999978431944
HHS Region 10,1 wk ahead,Bin,percent,2.8,2.9,0.0329999973608747
HHS Region 10,1 wk ahead,Bin,percent,2.9,3.0,0.0289999976107359
HHS Region 10,1 wk ahead,Bin,percent,3.0,3.1,0.0269999977287403
HHS Region 10,1 wk ahead,Bin,percent,3.1,3.2,0.0149999987312221
HHS Region 10,1 wk ahead,Bin,percent,3.2,3.3,0.00699999940802768
HHS Region 10,1 wk ahead,Bin,percent,3.3,3.4,0.0159999986361061
HHS Region 10,1 wk ahead,Bin,percent,3.4,3.5,0.00599999949358023
HHS Region 10,1 wk ahead,Bin,percent,3.5,3.6,0.00599999949358023
HHS Region 10,1 wk ahead,Bin,percent,3.6,3.7,0.00199999983656986
HHS Region 10,1 wk ahead,Bin,percent,3.7,3.8,0.00399999966507504
HHS Region 10,1 wk ahead,Bin,percent,3.8,3.9,0.00799999932208541
HHS Region 10,1 wk ahead,Bin,percent,3.9,4.0,0.00399999966507504
HHS Region 10,1 wk ahead,Bin,percent,4.0,4.1,0.000999999922317266
HHS Region 10,1 wk ahead,Bin,percent,4.1,4.2,0.000999999922317266
HHS Region 10,1 wk ahead,Bin,percent,4.2,4.3,8.06467406676125e-12
HHS Region 10,1 wk ahead,Bin,percent,4.3,4.4,0.00299999975082245
HHS Region 10,1 wk ahead,Bin,percent,4.4,4.5,8.06467406676125e-12
HHS Region 10,1 wk ahead,Bin,percent,4.5,4.6,0.000999999922317266
HHS Region 10,1 wk ahead,Bin,percent,4.6,4.7,8.06467406676125e-12
HHS Region 10,1 wk ahead,Bin,percent,4.7,4.8,0.000999999922317266
HHS Region 10,1 wk ahead,Bin,percent,4.8,4.9,0.000999999922317266
HHS Region 10,1 wk ahead,Bin,percent,4.9,5.0,0.000999999922317266
HHS Region 10,1 wk ahead,Bin,percent,5.0,5.1,0.00199999983656986
HHS Region 10,1 wk ahead,Bin,percent,5.1,5.2,8.06467406676125e-12
HHS Region 10,1 wk ahead,Bin,percent,5.2,5.3,0.000999999922317266
HHS Region 10,1 wk ahead,Bin,percent,5.3,5.4,0.00199999983656986
HHS Region 10,1 wk ahead,Bin,percent,5.4,5.5,8.06467406676125e-12
HHS Region 10,1 wk ahead,Bin,percent,5.5,5.6,8.06467406676125e-12
HHS Region 10,1 wk ahead,Bin,percent,5.6,5.7,8.06467406676125e-12
HHS Region 10,1 wk ahead,Bin,percent,5.7,5.8,8.06467406676125e-12
HHS Region 10,1 wk ahead,Bin,percent,5.8,5.9,0.00199999983656986
HHS Region 10,1 wk ahead,Bin,percent,5.9,6.0,8.06467406676125e-12
HHS Region 10,1 wk ahead,Bin,percent,6.0,6.1,0.000999999922317266
HHS Region 10,1 wk ahead,Bin,percent,6.1,6.2,8.06467406676125e-12
HHS Region 10,1 wk ahead,Bin,percent,6.2,6.3,8.06467406676125e-12
HHS Region 10,1 wk ahead,Bin,percent,6.3,6.4,8.06467406676125e-12
HHS Region 10,1 wk ahead,Bin,percent,6.4,6.5,0.000999999922317266
HHS Region 10,1 wk ahead,Bin,percent,6.5,6.6,8.06467406676125e-12
HHS Region 10,1 wk ahead,Bin,percent,6.6,6.7,0.000999999922317266
HHS Region 10,1 wk ahead,Bin,percent,6.7,6.8,8.06467406676125e-12
HHS Region 10,1 wk ahead,Bin,percent,6.8,6.9,8.06467406676125e-12
HHS Region 10,1 wk ahead,Bin,percent,6.9,7.0,8.06467406676125e-12
HHS Region 10,1 wk ahead,Bin,percent,7.0,7.1,8.06467406676125e-12
HHS Region 10,1 wk ahead,Bin,percent,7.1,7.2,8.06467406676125e-12
HHS Region 10,1 wk ahead,Bin,percent,7.2,7.3,8.06467406676125e-12
HHS Region 10,1 wk ahead,Bin,percent,7.3,7.4,8.06467406676125e-12
HHS Region 10,1 wk ahead,Bin,percent,7.4,7.5,8.06467406676125e-12
HHS Region 10,1 wk ahead,Bin,percent,7.5,7.6,8.06467406676125e-12
HHS Region 10,1 wk ahead,Bin,percent,7.6,7.7,8.06467406676125e-12
HHS Region 10,1 wk ahead,Bin,percent,7.7,7.8,8.06467406676125e-12
HHS Region 10,1 wk ahead,Bin,percent,7.8,7.9,8.06467406676125e-12
HHS Region 10,1 wk ahead,Bin,percent,7.9,8.0,8.06467406676125e-12
HHS Region 10,1 wk ahead,Bin,percent,8.0,8.1,8.06467406676132e-12
HHS Region 10,1 wk ahead,Bin,percent,8.1,8.2,8.0646740667614e-12
HHS Region 10,1 wk ahead,Bin,percent,8.2,8.3,8.0646740667614e-12
HHS Region 10,1 wk ahead,Bin,percent,8.3,8.4,8.0646740667614e-12
HHS Region 10,1 wk ahead,Bin,percent,8.4,8.5,8.0646740667614e-12
HHS Region 10,1 wk ahead,Bin,percent,8.5,8.6,8.0646740667614e-12
HHS Region 10,1 wk ahead,Bin,percent,8.6,8.7,8.0646740667614e-12
HHS Region 10,1 wk ahead,Bin,percent,8.7,8.8,8.0646740667614e-12
HHS Region 10,1 wk ahead,Bin,percent,8.8,8.9,8.0646740667614e-12
HHS Region 10,1 wk ahead,Bin,percent,8.9,9.0,8.0646740667614e-12
HHS Region 10,1 wk ahead,Bin,percent,9.0,9.1,8.0646740667614e-12
HHS Region 10,1 wk ahead,Bin,percent,9.1,9.2,8.0646740667614e-12
HHS Region 10,1 wk ahead,Bin,percent,9.2,9.3,8.0646740667614e-12
HHS Region 10,1 wk ahead,Bin,percent,9.3,9.4,8.0646740667614e-12
HHS Region 10,1 wk ahead,Bin,percent,9.4,9.5,8.0646740667614e-12
HHS Region 10,1 wk ahead,Bin,percent,9.5,9.6,8.0646740667614e-12
HHS Region 10,1 wk ahead,Bin,percent,9.6,9.7,8.0646740667614e-12
HHS Region 10,1 wk ahead,Bin,percent,9.7,9.8,8.0646740667614e-12
HHS Region 10,1 wk ahead,Bin,percent,9.8,9.9,8.0646740667614e-12
HHS Region 10,1 wk ahead,Bin,percent,9.9,10.0,8.0646740667614e-12
HHS Region 10,1 wk ahead,Bin,percent,10.0,10.1,8.0646740667614e-12
HHS Region 10,1 wk ahead,Bin,percent,10.1,10.2,8.0646740667614e-12
HHS Region 10,1 wk ahead,Bin,percent,10.2,10.3,8.0646740667614e-12
HHS Region 10,1 wk ahead,Bin,percent,10.3,10.4,8.0646740667614e-12
HHS Region 10,1 wk ahead,Bin,percent,10.4,10.5,8.0646740667614e-12
HHS Region 10,1 wk ahead,Bin,percent,10.5,10.6,8.0646740667614e-12
HHS Region 10,1 wk ahead,Bin,percent,10.6,10.7,8.0646740667614e-12
HHS Region 10,1 wk ahead,Bin,percent,10.7,10.8,8.0646740667614e-12
HHS Region 10,1 wk ahead,Bin,percent,10.8,10.9,8.0646740667614e-12
HHS Region 10,1 wk ahead,Bin,percent,10.9,11.0,8.0646740667614e-12
HHS Region 10,1 wk ahead,Bin,percent,11.0,11.1,8.0646740667614e-12
HHS Region 10,1 wk ahead,Bin,percent,11.1,11.2,8.0646740667614e-12
HHS Region 10,1 wk ahead,Bin,percent,11.2,11.3,8.0646740667614e-12
HHS Region 10,1 wk ahead,Bin,percent,11.3,11.4,8.0646740667614e-12
HHS Region 10,1 wk ahead,Bin,percent,11.4,11.5,8.0646740667614e-12
HHS Region 10,1 wk ahead,Bin,percent,11.5,11.6,8.0646740667614e-12
HHS Region 10,1 wk ahead,Bin,percent,11.6,11.7,8.0646740667614e-12
HHS Region 10,1 wk ahead,Bin,percent,11.7,11.8,8.0646740667614e-12
HHS Region 10,1 wk ahead,Bin,percent,11.8,11.9,8.0646740667614e-12
HHS Region 10,1 wk ahead,Bin,percent,11.9,12.0,8.0646740667614e-12
HHS Region 10,1 wk ahead,Bin,percent,12.0,12.1,8.0646740667614e-12
HHS Region 10,1 wk ahead,Bin,percent,12.1,12.2,8.0646740667614e-12
HHS Region 10,1 wk ahead,Bin,percent,12.2,12.3,8.0646740667614e-12
HHS Region 10,1 wk ahead,Bin,percent,12.3,12.4,8.0646740667614e-12
HHS Region 10,1 wk ahead,Bin,percent,12.4,12.5,8.0646740667614e-12
HHS Region 10,1 wk ahead,Bin,percent,12.5,12.6,8.0646740667614e-12
HHS Region 10,1 wk ahead,Bin,percent,12.6,12.7,8.0646740667614e-12
HHS Region 10,1 wk ahead,Bin,percent,12.7,12.8,8.0646740667614e-12
HHS Region 10,1 wk ahead,Bin,percent,12.8,12.9,8.0646740667614e-12
HHS Region 10,1 wk ahead,Bin,percent,12.9,13.0,8.0646740667614e-12
HHS Region 10,1 wk ahead,Bin,percent,13.0,100.0,8.0646740667614e-12
HHS Region 10,2 wk ahead,Bin,percent,0.0,0.1,3.2166070664364e-10
HHS Region 10,2 wk ahead,Bin,percent,0.1,0.2,1.08693566442996e-09
HHS Region 10,2 wk ahead,Bin,percent,0.2,0.3,1.9248819013962e-09
HHS Region 10,2 wk ahead,Bin,percent,0.3,0.4,3.02219633666076e-09
HHS Region 10,2 wk ahead,Bin,percent,0.4,0.5,0.00100000415476789
HHS Region 10,2 wk ahead,Bin,percent,0.5,0.6,0.0020000051941892
HHS Region 10,2 wk ahead,Bin,percent,0.6,0.7,0.00100000609916402
HHS Region 10,2 wk ahead,Bin,percent,0.7,0.8,0.00300000630697683
HHS Region 10,2 wk ahead,Bin,percent,0.8,0.9,0.00200000631160451
HHS Region 10,2 wk ahead,Bin,percent,0.9,1.0,0.00200000584557132
HHS Region 10,2 wk ahead,Bin,percent,1.0,1.1,0.00500000486867933
HHS Region 10,2 wk ahead,Bin,percent,1.1,1.2,0.0120000034474256
HHS Region 10,2 wk ahead,Bin,percent,1.2,1.3,0.0100000028449354
HHS Region 10,2 wk ahead,Bin,percent,1.3,1.4,0.0190000014655568
HHS Region 10,2 wk ahead,Bin,percent,1.4,1.5,0.0260000004854571
HHS Region 10,2 wk ahead,Bin,percent,1.5,1.6,0.0319999998012158
HHS Region 10,2 wk ahead,Bin,percent,1.6,1.7,0.0319999997484177
HHS Region 10,2 wk ahead,Bin,percent,1.7,1.8,0.0369999992558455
HHS Region 10,2 wk ahead,Bin,percent,1.8,1.9,0.0539999976271488
HHS Region 10,2 wk ahead,Bin,percent,1.9,2.0,0.0509999975962712
HHS Region 10,2 wk ahead,Bin,percent,2.0,2.1,0.0529999970926136
HHS Region 10,2 wk ahead,Bin,percent,2.1,2.2,0.0509999969803967
HHS Region 10,2 wk ahead,Bin,percent,2.2,2.3,0.0589999960987609
HHS Region 10,2 wk ahead,Bin,percent,2.3,2.4,0.0479999969018552
HHS Region 10,2 wk ahead,Bin,percent,2.4,2.5,0.0669999951277683
HHS Region 10,2 wk ahead,Bin,percent,2.5,2.6,0.0499999964076193
HHS Region 10,2 wk ahead,Bin,percent,2.6,2.7,0.0529999959656483
HHS Region 10,2 wk ahead,Bin,percent,2.7,2.8,0.0369999972027474
HHS Region 10,2 wk ahead,Bin,percent,2.8,2.9,0.0409999968226353
HHS Region 10,2 wk ahead,Bin,percent,2.9,3.0,0.0309999977521476
HHS Region 10,2 wk ahead,Bin,percent,3.0,3.1,0.029999997985497
HHS Region 10,2 wk ahead,Bin,percent,3.1,3.2,0.0299999981392298
HHS Region 10,2 wk ahead,Bin,percent,3.2,3.3,0.0249999986512641
HHS Region 10,2 wk ahead,Bin,percent,3.3,3.4,0.0189999991336302
HHS Region 10,2 wk ahead,Bin,percent,3.4,3.5,0.0139999994253225
HHS Region 10,2 wk ahead,Bin,percent,3.5,3.6,0.0119999994093631
HHS Region 10,2 wk ahead,Bin,percent,3.6,3.7,0.0099999994046065
HHS Region 10,2 wk ahead,Bin,percent,3.7,3.8,0.0149999988475262
HHS Region 10,2 wk ahead,Bin,percent,3.8,3.9,0.00999999920077509
HHS Region 10,2 wk ahead,Bin,percent,3.9,4.0,0.00699999942142092
HHS Region 10,2 wk ahead,Bin,percent,4.0,4.1,0.00799999932336075
HHS Region 10,2 wk ahead,Bin,percent,4.1,4.2,0.00299999975178614
HHS Region 10,2 wk ahead,Bin,percent,4.2,4.3,0.00599999949454392
HHS Region 10,2 wk ahead,Bin,percent,4.3,4.4,0.00199999983753355
HHS Region 10,2 wk ahead,Bin,percent,4.4,4.5,0.00199999983753355
HHS Region 10,2 wk ahead,Bin,percent,4.5,4.6,0.000999999923280957
HHS Region 10,2 wk ahead,Bin,percent,4.6,4.7,0.000999999923280957
HHS Region 10,2 wk ahead,Bin,percent,4.7,4.8,0.00299999975178614
HHS Region 10,2 wk ahead,Bin,percent,4.8,4.9,9.02836532572348e-12
HHS Region 10,2 wk ahead,Bin,percent,4.9,5.0,0.00499999958029133
HHS Region 10,2 wk ahead,Bin,percent,5.0,5.1,0.000999999923280957
HHS Region 10,2 wk ahead,Bin,percent,5.1,5.2,9.02836532572348e-12
HHS Region 10,2 wk ahead,Bin,percent,5.2,5.3,0.000999999923280957
HHS Region 10,2 wk ahead,Bin,percent,5.3,5.4,0.00199999983753355
HHS Region 10,2 wk ahead,Bin,percent,5.4,5.5,9.02836532572348e-12
HHS Region 10,2 wk ahead,Bin,percent,5.5,5.6,9.02836532572348e-12
HHS Region 10,2 wk ahead,Bin,percent,5.6,5.7,0.000999999923280957
HHS Region 10,2 wk ahead,Bin,percent,5.7,5.8,0.00299999975178614
HHS Region 10,2 wk ahead,Bin,percent,5.8,5.9,0.000999999923280957
HHS Region 10,2 wk ahead,Bin,percent,5.9,6.0,9.02836532572348e-12
HHS Region 10,2 wk ahead,Bin,percent,6.0,6.1,0.00199999983753355
HHS Region 10,2 wk ahead,Bin,percent,6.1,6.2,9.02836532572348e-12
HHS Region 10,2 wk ahead,Bin,percent,6.2,6.3,0.000999999923280957
HHS Region 10,2 wk ahead,Bin,percent,6.3,6.4,9.02836532572348e-12
HHS Region 10,2 wk ahead,Bin,percent,6.4,6.5,0.000999999923280957
HHS Region 10,2 wk ahead,Bin,percent,6.5,6.6,9.02836532572348e-12
HHS Region 10,2 wk ahead,Bin,percent,6.6,6.7,0.000999999923280957
HHS Region 10,2 wk ahead,Bin,percent,6.7,6.8,0.000999999923280957
HHS Region 10,2 wk ahead,Bin,percent,6.8,6.9,9.02836532572348e-12
HHS Region 10,2 wk ahead,Bin,percent,6.9,7.0,9.02836532572348e-12
HHS Region 10,2 wk ahead,Bin,percent,7.0,7.1,0.000999999923280957
HHS Region 10,2 wk ahead,Bin,percent,7.1,7.2,9.02836532572348e-12
HHS Region 10,2 wk ahead,Bin,percent,7.2,7.3,9.02836532572348e-12
HHS Region 10,2 wk ahead,Bin,percent,7.3,7.4,0.000999999923280957
HHS Region 10,2 wk ahead,Bin,percent,7.4,7.5,9.02836532572348e-12
HHS Region 10,2 wk ahead,Bin,percent,7.5,7.6,9.02836532572348e-12
HHS Region 10,2 wk ahead,Bin,percent,7.6,7.7,0.000999999923280957
HHS Region 10,2 wk ahead,Bin,percent,7.7,7.8,9.02836532572348e-12
HHS Region 10,2 wk ahead,Bin,percent,7.8,7.9,9.02836532572348e-12
HHS Region 10,2 wk ahead,Bin,percent,7.9,8.0,9.02836532572348e-12
HHS Region 10,2 wk ahead,Bin,percent,8.0,8.1,9.02836532572356e-12
HHS Region 10,2 wk ahead,Bin,percent,8.1,8.2,9.02836532572364e-12
HHS Region 10,2 wk ahead,Bin,percent,8.2,8.3,9.02836532572364e-12
HHS Region 10,2 wk ahead,Bin,percent,8.3,8.4,9.02836532572364e-12
HHS Region 10,2 wk ahead,Bin,percent,8.4,8.5,9.02836532572364e-12
HHS Region 10,2 wk ahead,Bin,percent,8.5,8.6,9.02836532572364e-12
HHS Region 10,2 wk ahead,Bin,percent,8.6,8.7,9.02836532572364e-12
HHS Region 10,2 wk ahead,Bin,percent,8.7,8.8,9.02836532572364e-12
HHS Region 10,2 wk ahead,Bin,percent,8.8,8.9,9.02836532572364e-12
HHS Region 10,2 wk ahead,Bin,percent,8.9,9.0,9.02836532572364e-12
HHS Region 10,2 wk ahead,Bin,percent,9.0,9.1,9.02836532572364e-12
HHS Region 10,2 wk ahead,Bin,percent,9.1,9.2,9.02836532572364e-12
HHS Region 10,2 wk ahead,Bin,percent,9.2,9.3,9.02836532572364e-12
HHS Region 10,2 wk ahead,Bin,percent,9.3,9.4,9.02836532572364e-12
HHS Region 10,2 wk ahead,Bin,percent,9.4,9.5,9.02836532572364e-12
HHS Region 10,2 wk ahead,Bin,percent,9.5,9.6,9.02836532572364e-12
HHS Region 10,2 wk ahead,Bin,percent,9.6,9.7,9.02836532572364e-12
HHS Region 10,2 wk ahead,Bin,percent,9.7,9.8,9.02836532572364e-12
HHS Region 10,2 wk ahead,Bin,percent,9.8,9.9,9.02836532572364e-12
HHS Region 10,2 wk ahead,Bin,percent,9.9,10.0,9.02836532572364e-12
HHS Region 10,2 wk ahead,Bin,percent,10.0,10.1,9.02836532572364e-12
HHS Region 10,2 wk ahead,Bin,percent,10.1,10.2,9.02836532572364e-12
HHS Region 10,2 wk ahead,Bin,percent,10.2,10.3,9.02836532572364e-12
HHS Region 10,2 wk ahead,Bin,percent,10.3,10.4,9.02836532572364e-12
HHS Region 10,2 wk ahead,Bin,percent,10.4,10.5,9.02836532572364e-12
HHS Region 10,2 wk ahead,Bin,percent,10.5,10.6,9.02836532572364e-12
HHS Region 10,2 wk ahead,Bin,percent,10.6,10.7,9.02836532572364e-12
HHS Region 10,2 wk ahead,Bin,percent,10.7,10.8,9.02836532572364e-12
HHS Region 10,2 wk ahead,Bin,percent,10.8,10.9,9.02836532572364e-12
HHS Region 10,2 wk ahead,Bin,percent,10.9,11.0,9.02836532572364e-12
HHS Region 10,2 wk ahead,Bin,percent,11.0,11.1,9.02836532572364e-12
HHS Region 10,2 wk ahead,Bin,percent,11.1,11.2,9.02836532572364e-12
HHS Region 10,2 wk ahead,Bin,percent,11.2,11.3,9.02836532572364e-12
HHS Region 10,2 wk ahead,Bin,percent,11.3,11.4,9.02836532572364e-12
HHS Region 10,2 wk ahead,Bin,percent,11.4,11.5,9.02836532572364e-12
HHS Region 10,2 wk ahead,Bin,percent,11.5,11.6,9.02836532572364e-12
HHS Region 10,2 wk ahead,Bin,percent,11.6,11.7,9.02836532572364e-12
HHS Region 10,2 wk ahead,Bin,percent,11.7,11.8,9.02836532572364e-12
HHS Region 10,2 wk ahead,Bin,percent,11.8,11.9,9.02836532572364e-12
HHS Region 10,2 wk ahead,Bin,percent,11.9,12.0,9.02836532572364e-12
HHS Region 10,2 wk ahead,Bin,percent,12.0,12.1,9.02836532572364e-12
HHS Region 10,2 wk ahead,Bin,percent,12.1,12.2,9.02836532572364e-12
HHS Region 10,2 wk ahead,Bin,percent,12.2,12.3,9.02836532572364e-12
HHS Region 10,2 wk ahead,Bin,percent,12.3,12.4,9.02836532572364e-12
HHS Region 10,2 wk ahead,Bin,percent,12.4,12.5,9.02836532572364e-12
HHS Region 10,2 wk ahead,Bin,percent,12.5,12.6,9.02836532572364e-12
HHS Region 10,2 wk ahead,Bin,percent,12.6,12.7,9.02836532572364e-12
HHS Region 10,2 wk ahead,Bin,percent,12.7,12.8,9.02836532572364e-12
HHS Region 10,2 wk ahead,Bin,percent,12.8,12.9,9.02836532572364e-12
HHS Region 10,2 wk ahead,Bin,percent,12.9,13.0,9.02836532572364e-12
HHS Region 10,2 wk ahead,Bin,percent,13.0,100.0,9.02836532572364e-12
HHS Region 10,3 wk ahead,Bin,percent,0.0,0.1,5.8334513339852e-11
HHS Region 10,3 wk ahead,Bin,percent,0.1,0.2,5.77849426159283e-10
HHS Region 10,3 wk ahead,Bin,percent,0.2,0.3,0.00100000202597834
HHS Region 10,3 wk ahead,Bin,percent,0.3,0.4,0.00200000405580089
HHS Region 10,3 wk ahead,Bin,percent,0.4,0.5,0.00200000517540627
HHS Region 10,3 wk ahead,Bin,percent,0.5,0.6,0.00500000447674929
HHS Region 10,3 wk ahead,Bin,percent,0.6,0.7,0.00400000497236735
HHS Region 10,3 wk ahead,Bin,percent,0.7,0.8,0.00400000798882528
HHS Region 10,3 wk ahead,Bin,percent,0.8,0.9,0.0050000110966625
HHS Region 10,3 wk ahead,Bin,percent,0.9,1.0,0.0110000105921078
HHS Region 10,3 wk ahead,Bin,percent,1.0,1.1,0.0060000069903462
HHS Region 10,3 wk ahead,Bin,percent,1.1,1.2,0.0210000009750872
HHS Region 10,3 wk ahead,Bin,percent,1.2,1.3,0.0349999976978883
HHS Region 10,3 wk ahead,Bin,percent,1.3,1.4,0.0399999974402308
HHS Region 10,3 wk ahead,Bin,percent,1.4,1.5,0.0329999987280286
HHS Region 10,3 wk ahead,Bin,percent,1.5,1.6,0.0469999972275248
HHS Region 10,3 wk ahead,Bin,percent,1.6,1.7,0.0579999957728726
HHS Region 10,3 wk ahead,Bin,percent,1.7,1.8,0.0449999974335621
HHS Region 10,3 wk ahead,Bin,percent,1.8,1.9,0.0509999974408243
HHS Region 10,3 wk ahead,Bin,percent,1.9,2.0,0.0569999962118233
HHS Region 10,3 wk ahead,Bin,percent,2.0,2.1,0.0589999952173811
HHS Region 10,3 wk ahead,Bin,percent,2.1,2.2,0.0689999941145889
HHS Region 10,3 wk ahead,Bin,percent,2.2,2.3,0.071999993879201
HHS Region 10,3 wk ahead,Bin,percent,2.3,2.4,0.0409999968984184
HHS Region 10,3 wk ahead,Bin,percent,2.4,2.5,0.044999997504681
HHS Region 10,3 wk ahead,Bin,percent,2.5,2.6,0.0299999992881375
HHS Region 10,3 wk ahead,Bin,percent,2.6,2.7,0.0299999984826114
HHS Region 10,3 wk ahead,Bin,percent,2.7,2.8,0.0239999981897428
HHS Region 10,3 wk ahead,Bin,percent,2.8,2.9,0.0289999975371607
HHS Region 10,3 wk ahead,Bin,percent,2.9,3.0,0.0219999981144923
HHS Region 10,3 wk ahead,Bin,percent,3.0,3.1,0.0179999984565614
HHS Region 10,3 wk ahead,Bin,percent,3.1,3.2,0.0169999985422942
HHS Region 10,3 wk ahead,Bin,percent,3.2,3.3,0.0229999980278096
HHS Region 10,3 wk ahead,Bin,percent,3.3,3.4,0.0109999990567785
HHS Region 10,3 wk ahead,Bin,percent,3.4,3.5,0.0149999987137889
HHS Region 10,3 wk ahead,Bin,percent,3.5,3.6,0.0119999989710311
HHS Region 10,3 wk ahead,Bin,percent,3.6,3.7,0.00699999939976814
HHS Region 10,3 wk ahead,Bin,percent,3.7,3.8,0.00399999965701037
HHS Region 10,3 wk ahead,Bin,percent,3.8,3.9,0.00399999965701114
HHS Region 10,3 wk ahead,Bin,percent,3.9,4.0,0.00399999965709605
HHS Region 10,3 wk ahead,Bin,percent,4.0,4.1,0.00599999948932171
HHS Region 10,3 wk ahead,Bin,percent,4.1,4.2,0.00399999972481285
HHS Region 10,3 wk ahead,Bin,percent,4.2,4.3,0.0030000002360512
HHS Region 10,3 wk ahead,Bin,percent,4.3,4.4,0.00100000138913012
HHS Region 10,3 wk ahead,Bin,percent,4.4,4.5,0.00300000156881565
HHS Region 10,3 wk ahead,Bin,percent,4.5,4.6,0.00200000076602112
HHS Region 10,3 wk ahead,Bin,percent,4.6,4.7,0.00100000011287718
HHS Region 10,3 wk ahead,Bin,percent,4.7,4.8,0.00399999968328521
HHS Region 10,3 wk ahead,Bin,percent,4.8,4.9,2.21755030627114e-11
HHS Region 10,3 wk ahead,Bin,percent,4.9,5.0,0.000999999936428095
HHS Region 10,3 wk ahead,Bin,percent,5.0,5.1,2.21755030627114e-11
HHS Region 10,3 wk ahead,Bin,percent,5.1,5.2,2.21755030627114e-11
HHS Region 10,3 wk ahead,Bin,percent,5.2,5.3,0.00299999976493328
HHS Region 10,3 wk ahead,Bin,percent,5.3,5.4,0.00199999985068069
HHS Region 10,3 wk ahead,Bin,percent,5.4,5.5,0.000999999936428095
HHS Region 10,3 wk ahead,Bin,percent,5.5,5.6,2.21755030627114e-11
HHS Region 10,3 wk ahead,Bin,percent,5.6,5.7,0.000999999936428095
HHS Region 10,3 wk ahead,Bin,percent,5.7,5.8,2.21755030627114e-11
HHS Region 10,3 wk ahead,Bin,percent,5.8,5.9,0.000999999936428095
HHS Region 10,3 wk ahead,Bin,percent,5.9,6.0,0.000999999936428095
HHS Region 10,3 wk ahead,Bin,percent,6.0,6.1,2.21755030627114e-11
HHS Region 10,3 wk ahead,Bin,percent,6.1,6.2,2.21755030627114e-11
HHS Region 10,3 wk ahead,Bin,percent,6.2,6.3,2.21755030627114e-11
HHS Region 10,3 wk ahead,Bin,percent,6.3,6.4,0.000999999936428095
HHS Region 10,3 wk ahead,Bin,percent,6.4,6.5,2.21755030627114e-11
HHS Region 10,3 wk ahead,Bin,percent,6.5,6.6,2.21755030627114e-11
HHS Region 10,3 wk ahead,Bin,percent,6.6,6.7,2.21755030627114e-11
HHS Region 10,3 wk ahead,Bin,percent,6.7,6.8,2.21755030627114e-11
HHS Region 10,3 wk ahead,Bin,percent,6.8,6.9,2.21755030627114e-11
HHS Region 10,3 wk ahead,Bin,percent,6.9,7.0,2.21755030627114e-11
HHS Region 10,3 wk ahead,Bin,percent,7.0,7.1,2.21755030627114e-11
HHS Region 10,3 wk ahead,Bin,percent,7.1,7.2,0.000999999936428095
HHS Region 10,3 wk ahead,Bin,percent,7.2,7.3,2.21755030627114e-11
HHS Region 10,3 wk ahead,Bin,percent,7.3,7.4,2.21755030627114e-11
HHS Region 10,3 wk ahead,Bin,percent,7.4,7.5,2.21755030627114e-11
HHS Region 10,3 wk ahead,Bin,percent,7.5,7.6,2.21755030627114e-11
HHS Region 10,3 wk ahead,Bin,percent,7.6,7.7,2.21755030627114e-11
HHS Region 10,3 wk ahead,Bin,percent,7.7,7.8,0.000999999936428095
HHS Region 10,3 wk ahead,Bin,percent,7.8,7.9,2.21755030627114e-11
HHS Region 10,3 wk ahead,Bin,percent,7.9,8.0,2.21755030627114e-11
HHS Region 10,3 wk ahead,Bin,percent,8.0,8.1,2.21755030627116e-11
HHS Region 10,3 wk ahead,Bin,percent,8.1,8.2,2.21755030627118e-11
HHS Region 10,3 wk ahead,Bin,percent,8.2,8.3,2.21755030627118e-11
HHS Region 10,3 wk ahead,Bin,percent,8.3,8.4,2.21755030627118e-11
HHS Region 10,3 wk ahead,Bin,percent,8.4,8.5,2.21755030627118e-11
HHS Region 10,3 wk ahead,Bin,percent,8.5,8.6,2.21755030627118e-11
HHS Region 10,3 wk ahead,Bin,percent,8.6,8.7,2.21755030627118e-11
HHS Region 10,3 wk ahead,Bin,percent,8.7,8.8,2.21755030627118e-11
HHS Region 10,3 wk ahead,Bin,percent,8.8,8.9,2.21755030627118e-11
HHS Region 10,3 wk ahead,Bin,percent,8.9,9.0,2.21755030627118e-11
HHS Region 10,3 wk ahead,Bin,percent,9.0,9.1,2.21755030627118e-11
HHS Region 10,3 wk ahead,Bin,percent,9.1,9.2,2.21755030627118e-11
HHS Region 10,3 wk ahead,Bin,percent,9.2,9.3,2.21755030627118e-11
HHS Region 10,3 wk ahead,Bin,percent,9.3,9.4,2.21755030627118e-11
HHS Region 10,3 wk ahead,Bin,percent,9.4,9.5,2.21755030627118e-11
HHS Region 10,3 wk ahead,Bin,percent,9.5,9.6,2.21755030627118e-11
HHS Region 10,3 wk ahead,Bin,percent,9.6,9.7,2.21755030627118e-11
HHS Region 10,3 wk ahead,Bin,percent,9.7,9.8,2.21755030627118e-11
HHS Region 10,3 wk ahead,Bin,percent,9.8,9.9,2.21755030627118e-11
HHS Region 10,3 wk ahead,Bin,percent,9.9,10.0,2.21755030627118e-11
HHS Region 10,3 wk ahead,Bin,percent,10.0,10.1,2.21755030627118e-11
HHS Region 10,3 wk ahead,Bin,percent,10.1,10.2,2.21755030627118e-11
HHS Region 10,3 wk ahead,Bin,percent,10.2,10.3,2.21755030627118e-11
HHS Region 10,3 wk ahead,Bin,percent,10.3,10.4,2.21755030627118e-11
HHS Region 10,3 wk ahead,Bin,percent,10.4,10.5,2.21755030627118e-11
HHS Region 10,3 wk ahead,Bin,percent,10.5,10.6,2.21755030627118e-11
HHS Region 10,3 wk ahead,Bin,percent,10.6,10.7,2.21755030627118e-11
HHS Region 10,3 wk ahead,Bin,percent,10.7,10.8,2.21755030627118e-11
HHS Region 10,3 wk ahead,Bin,percent,10.8,10.9,2.21755030627118e-11
HHS Region 10,3 wk ahead,Bin,percent,10.9,11.0,2.21755030627118e-11
HHS Region 10,3 wk ahead,Bin,percent,11.0,11.1,2.21755030627118e-11
HHS Region 10,3 wk ahead,Bin,percent,11.1,11.2,2.21755030627118e-11
HHS Region 10,3 wk ahead,Bin,percent,11.2,11.3,2.21755030627118e-11
HHS Region 10,3 wk ahead,Bin,percent,11.3,11.4,2.21755030627118e-11
HHS Region 10,3 wk ahead,Bin,percent,11.4,11.5,2.21755030627118e-11
HHS Region 10,3 wk ahead,Bin,percent,11.5,11.6,2.21755030627118e-11
HHS Region 10,3 wk ahead,Bin,percent,11.6,11.7,2.21755030627118e-11
HHS Region 10,3 wk ahead,Bin,percent,11.7,11.8,2.21755030627118e-11
HHS Region 10,3 wk ahead,Bin,percent,11.8,11.9,2.21755030627118e-11
HHS Region 10,3 wk ahead,Bin,percent,11.9,12.0,2.21755030627118e-11
HHS Region 10,3 wk ahead,Bin,percent,12.0,12.1,2.21755030627118e-11
HHS Region 10,3 wk ahead,Bin,percent,12.1,12.2,2.21755030627118e-11
HHS Region 10,3 wk ahead,Bin,percent,12.2,12.3,2.21755030627118e-11
HHS Region 10,3 wk ahead,Bin,percent,12.3,12.4,2.21755030627118e-11
HHS Region 10,3 wk ahead,Bin,percent,12.4,12.5,2.21755030627118e-11
HHS Region 10,3 wk ahead,Bin,percent,12.5,12.6,2.21755030627118e-11
HHS Region 10,3 wk ahead,Bin,percent,12.6,12.7,2.21755030627118e-11
HHS Region 10,3 wk ahead,Bin,percent,12.7,12.8,2.21755030627118e-11
HHS Region 10,3 wk ahead,Bin,percent,12.8,12.9,2.21755030627118e-11
HHS Region 10,3 wk ahead,Bin,percent,12.9,13.0,2.21755030627118e-11
HHS Region 10,3 wk ahead,Bin,percent,13.0,100.0,2.21755030627118e-11
HHS Region 10,4 wk ahead,Bin,percent,0.0,0.1,6.84208510810039e-10
HHS Region 10,4 wk ahead,Bin,percent,0.1,0.2,1.92212657445839e-09
HHS Region 10,4 wk ahead,Bin,percent,0.2,0.3,2.93427259997312e-09
HHS Region 10,4 wk ahead,Bin,percent,0.3,0.4,0.00200000411823392
HHS Region 10,4 wk ahead,Bin,percent,0.4,0.5,0.00200000559143312
HHS Region 10,4 wk ahead,Bin,percent,0.5,0.6,0.004000006587489
HHS Region 10,4 wk ahead,Bin,percent,0.6,0.7,0.00400000713365067
HHS Region 10,4 wk ahead,Bin,percent,0.7,0.8,0.00700000677390596
HHS Region 10,4 wk ahead,Bin,percent,0.8,0.9,0.00900000596937734
HHS Region 10,4 wk ahead,Bin,percent,0.9,1.0,0.0190000040425068
HHS Region 10,4 wk ahead,Bin,percent,1.0,1.1,0.0330000014779903
HHS Region 10,4 wk ahead,Bin,percent,1.1,1.2,0.0280000005530151
HHS Region 10,4 wk ahead,Bin,percent,1.2,1.3,0.04599999801967
HHS Region 10,4 wk ahead,Bin,percent,1.3,1.4,0.0539999968694122
HHS Region 10,4 wk ahead,Bin,percent,1.4,1.5,0.0579999964738819
HHS Region 10,4 wk ahead,Bin,percent,1.5,1.6,0.0609999963138002
HHS Region 10,4 wk ahead,Bin,percent,1.6,1.7,0.0779999948762801
HHS Region 10,4 wk ahead,Bin,percent,1.7,1.8,0.0829999943071215
HHS Region 10,4 wk ahead,Bin,percent,1.8,1.9,0.0529999966463983
HHS Region 10,4 wk ahead,Bin,percent,1.9,2.0,0.05399999637703
HHS Region 10,4 wk ahead,Bin,percent,2.0,2.1,0.0489999967608857
HHS Region 10,4 wk ahead,Bin,percent,2.1,2.2,0.0319999982655834
HHS Region 10,4 wk ahead,Bin,percent,2.2,2.3,0.0439999972413194
HHS Region 10,4 wk ahead,Bin,percent,2.3,2.4,0.0369999977227199
HHS Region 10,4 wk ahead,Bin,percent,2.4,2.5,0.0249999985683949
HHS Region 10,4 wk ahead,Bin,percent,2.5,2.6,0.0259999983872322
HHS Region 10,4 wk ahead,Bin,percent,2.6,2.7,0.0249999985900293
HHS Region 10,4 wk ahead,Bin,percent,2.7,2.8,0.0199999993532965
HHS Region 10,4 wk ahead,Bin,percent,2.8,2.9,0.0249999993462967
HHS Region 10,4 wk ahead,Bin,percent,2.9,3.0,0.0180000002519516
HHS Region 10,4 wk ahead,Bin,percent,3.0,3.1,0.00900000105014838
HHS Region 10,4 wk ahead,Bin,percent,3.1,3.2,0.0140000003457553
HHS Region 10,4 wk ahead,Bin,percent,3.2,3.3,0.00600000057787567
HHS Region 10,4 wk ahead,Bin,percent,3.3,3.4,0.0129999995240856
HHS Region 10,4 wk ahead,Bin,percent,3.4,3.5,0.0089999995356023
HHS Region 10,4 wk ahead,Bin,percent,3.5,3.6,0.00399999977797302
HHS Region 10,4 wk ahead,Bin,percent,3.6,3.7,0.0089999992670231
HHS Region 10,4 wk ahead,Bin,percent,3.7,3.8,0.00499999958477986
HHS Region 10,4 wk ahead,Bin,percent,3.8,3.9,0.00199999984117617
HHS Region 10,4 wk ahead,Bin,percent,3.9,4.0,0.00499999958393395
HHS Region 10,4 wk ahead,Bin,percent,4.0,4.1,0.000999999926923582
HHS Region 10,4 wk ahead,Bin,percent,4.1,4.2,0.00299999975542877
HHS Region 10,4 wk ahead,Bin,percent,4.2,4.3,0.00199999984117617
HHS Region 10,4 wk ahead,Bin,percent,4.3,4.4,0.000999999926923582
HHS Region 10,4 wk ahead,Bin,percent,4.4,4.5,1.26709894490537e-11
HHS Region 10,4 wk ahead,Bin,percent,4.5,4.6,0.00499999958393395
HHS Region 10,4 wk ahead,Bin,percent,4.6,4.7,0.000999999926923582
HHS Region 10,4 wk ahead,Bin,percent,4.7,4.8,1.26709894490537e-11
HHS Region 10,4 wk ahead,Bin,percent,4.8,4.9,0.000999999926923582
HHS Region 10,4 wk ahead,Bin,percent,4.9,5.0,0.000999999926923582
HHS Region 10,4 wk ahead,Bin,percent,5.0,5.1,0.00199999984117617
HHS Region 10,4 wk ahead,Bin,percent,5.1,5.2,1.26709894490537e-11
HHS Region 10,4 wk ahead,Bin,percent,5.2,5.3,0.000999999926923582
HHS Region 10,4 wk ahead,Bin,percent,5.3,5.4,0.00199999984117617
HHS Region 10,4 wk ahead,Bin,percent,5.4,5.5,0.000999999926923582
HHS Region 10,4 wk ahead,Bin,percent,5.5,5.6,0.000999999926923582
HHS Region 10,4 wk ahead,Bin,percent,5.6,5.7,0.000999999926923582
HHS Region 10,4 wk ahead,Bin,percent,5.7,5.8,1.26709894490537e-11
HHS Region 10,4 wk ahead,Bin,percent,5.8,5.9,0.00199999984117617
HHS Region 10,4 wk ahead,Bin,percent,5.9,6.0,1.26709894490537e-11
HHS Region 10,4 wk ahead,Bin,percent,6.0,6.1,1.26709894490537e-11
HHS Region 10,4 wk ahead,Bin,percent,6.1,6.2,1.26709894490537e-11
HHS Region 10,4 wk ahead,Bin,percent,6.2,6.3,0.000999999926923582
HHS Region 10,4 wk ahead,Bin,percent,6.3,6.4,1.26709894490537e-11
HHS Region 10,4 wk ahead,Bin,percent,6.4,6.5,0.000999999926923582
HHS Region 10,4 wk ahead,Bin,percent,6.5,6.6,1.26709894490537e-11
HHS Region 10,4 wk ahead,Bin,percent,6.6,6.7,1.26709894490537e-11
HHS Region 10,4 wk ahead,Bin,percent,6.7,6.8,1.26709894490537e-11
HHS Region 10,4 wk ahead,Bin,percent,6.8,6.9,1.26709894490537e-11
HHS Region 10,4 wk ahead,Bin,percent,6.9,7.0,1.26709894490537e-11
HHS Region 10,4 wk ahead,Bin,percent,7.0,7.1,1.26709894490537e-11
HHS Region 10,4 wk ahead,Bin,percent,7.1,7.2,1.26709894490537e-11
HHS Region 10,4 wk ahead,Bin,percent,7.2,7.3,1.26709894490537e-11
HHS Region 10,4 wk ahead,Bin,percent,7.3,7.4,1.26709894490537e-11
HHS Region 10,4 wk ahead,Bin,percent,7.4,7.5,1.26709894490537e-11
HHS Region 10,4 wk ahead,Bin,percent,7.5,7.6,0.000999999926923582
HHS Region 10,4 wk ahead,Bin,percent,7.6,7.7,1.26709894490537e-11
HHS Region 10,4 wk ahead,Bin,percent,7.7,7.8,1.26709894490537e-11
HHS Region 10,4 wk ahead,Bin,percent,7.8,7.9,1.26709894490537e-11
HHS Region 10,4 wk ahead,Bin,percent,7.9,8.0,1.26709894490537e-11
HHS Region 10,4 wk ahead,Bin,percent,8.0,8.1,1.26709894490538e-11
HHS Region 10,4 wk ahead,Bin,percent,8.1,8.2,1.2670989449054e-11
HHS Region 10,4 wk ahead,Bin,percent,8.2,8.3,1.2670989449054e-11
HHS Region 10,4 wk ahead,Bin,percent,8.3,8.4,1.2670989449054e-11
HHS Region 10,4 wk ahead,Bin,percent,8.4,8.5,1.2670989449054e-11
HHS Region 10,4 wk ahead,Bin,percent,8.5,8.6,1.2670989449054e-11
HHS Region 10,4 wk ahead,Bin,percent,8.6,8.7,1.2670989449054e-11
HHS Region 10,4 wk ahead,Bin,percent,8.7,8.8,1.2670989449054e-11
HHS Region 10,4 wk ahead,Bin,percent,8.8,8.9,1.2670989449054e-11
HHS Region 10,4 wk ahead,Bin,percent,8.9,9.0,1.2670989449054e-11
HHS Region 10,4 wk ahead,Bin,percent,9.0,9.1,1.2670989449054e-11
HHS Region 10,4 wk ahead,Bin,percent,9.1,9.2,1.2670989449054e-11
HHS Region 10,4 wk ahead,Bin,percent,9.2,9.3,1.2670989449054e-11
HHS Region 10,4 wk ahead,Bin,percent,9.3,9.4,1.2670989449054e-11
HHS Region 10,4 wk ahead,Bin,percent,9.4,9.5,1.2670989449054e-11
HHS Region 10,4 wk ahead,Bin,percent,9.5,9.6,1.2670989449054e-11
HHS Region 10,4 wk ahead,Bin,percent,9.6,9.7,1.2670989449054e-11
HHS Region 10,4 wk ahead,Bin,percent,9.7,9.8,1.2670989449054e-11
HHS Region 10,4 wk ahead,Bin,percent,9.8,9.9,1.2670989449054e-11
HHS Region 10,4 wk ahead,Bin,percent,9.9,10.0,1.2670989449054e-11
HHS Region 10,4 wk ahead,Bin,percent,10.0,10.1,1.2670989449054e-11
HHS Region 10,4 wk ahead,Bin,percent,10.1,10.2,1.2670989449054e-11
HHS Region 10,4 wk ahead,Bin,percent,10.2,10.3,1.2670989449054e-11
HHS Region 10,4 wk ahead,Bin,percent,10.3,10.4,1.2670989449054e-11
HHS Region 10,4 wk ahead,Bin,percent,10.4,10.5,1.2670989449054e-11
HHS Region 10,4 wk ahead,Bin,percent,10.5,10.6,1.2670989449054e-11
HHS Region 10,4 wk ahead,Bin,percent,10.6,10.7,1.2670989449054e-11
HHS Region 10,4 wk ahead,Bin,percent,10.7,10.8,1.2670989449054e-11
HHS Region 10,4 wk ahead,Bin,percent,10.8,10.9,1.2670989449054e-11
HHS Region 10,4 wk ahead,Bin,percent,10.9,11.0,1.2670989449054e-11
HHS Region 10,4 wk ahead,Bin,percent,11.0,11.1,1.2670989449054e-11
HHS Region 10,4 wk ahead,Bin,percent,11.1,11.2,1.2670989449054e-11
HHS Region 10,4 wk ahead,Bin,percent,11.2,11.3,1.2670989449054e-11
HHS Region 10,4 wk ahead,Bin,percent,11.3,11.4,1.2670989449054e-11
HHS Region 10,4 wk ahead,Bin,percent,11.4,11.5,1.2670989449054e-11
HHS Region 10,4 wk ahead,Bin,percent,11.5,11.6,1.2670989449054e-11
HHS Region 10,4 wk ahead,Bin,percent,11.6,11.7,1.2670989449054e-11
HHS Region 10,4 wk ahead,Bin,percent,11.7,11.8,1.2670989449054e-11
HHS Region 10,4 wk ahead,Bin,percent,11.8,11.9,1.2670989449054e-11
HHS Region 10,4 wk ahead,Bin,percent,11.9,12.0,1.2670989449054e-11
HHS Region 10,4 wk ahead,Bin,percent,12.0,12.1,1.2670989449054e-11
HHS Region 10,4 wk ahead,Bin,percent,12.1,12.2,1.2670989449054e-11
HHS Region 10,4 wk ahead,Bin,percent,12.2,12.3,1.2670989449054e-11
HHS Region 10,4 wk ahead,Bin,percent,12.3,12.4,1.2670989449054e-11
HHS Region 10,4 wk ahead,Bin,percent,12.4,12.5,1.2670989449054e-11
HHS Region 10,4 wk ahead,Bin,percent,12.5,12.6,1.2670989449054e-11
HHS Region 10,4 wk ahead,Bin,percent,12.6,12.7,1.2670989449054e-11
HHS Region 10,4 wk ahead,Bin,percent,12.7,12.8,1.2670989449054e-11
HHS Region 10,4 wk ahead,Bin,percent,12.8,12.9,1.2670989449054e-11
HHS Region 10,4 wk ahead,Bin,percent,12.9,13.0,1.2670989449054e-11
HHS Region 10,4 wk ahead,Bin,percent,13.0,100.0,1.2670989449054e-11
HHS Region 10,Season onset,Bin,week,40.0,41.0,3.76714558739059e-05
HHS Region 10,Season onset,Bin,week,41.0,42.0,3.76951463895151e-05
HHS Region 10,Season onset,Bin,week,42.0,43.0,3.778868790492e-05
HHS Region 10,Season onset,Bin,week,43.0,44.0,3.79571372500348e-05
HHS Region 10,Season onset,Bin,week,44.0,45.0,7.26694147848803e-05
HHS Region 10,Season onset,Bin,week,45.0,46.0,0.000398571737274847
HHS Region 10,Season onset,Bin,week,46.0,47.0,0.092965117325531
HHS Region 10,Season onset,Bin,week,47.0,48.0,0.681253450496176
HHS Region 10,Season onset,Bin,week,48.0,49.0,0.009619873328052
HHS Region 10,Season onset,Bin,week,49.0,50.0,0.0181049643508592
HHS Region 10,Season onset,Bin,week,50.0,51.0,0.0261322228922809
HHS Region 10,Season onset,Bin,week,51.0,52.0,0.0274208022190865
HHS Region 10,Season onset,Bin,week,52.0,53.0,0.022790305029871
HHS Region 10,Season onset,Bin,week,1.0,2.0,0.020245406325903
HHS Region 10,Season onset,Bin,week,2.0,3.0,0.0214241260896439
HHS Region 10,Season onset,Bin,week,3.0,4.0,0.0202772079600665
HHS Region 10,Season onset,Bin,week,4.0,5.0,0.0149161674418164
HHS Region 10,Season onset,Bin,week,5.0,6.0,0.00902979314044929
HHS Region 10,Season onset,Bin,week,6.0,7.0,0.00529315856123756
HHS Region 10,Season onset,Bin,week,7.0,8.0,0.00454400619654008
HHS Region 10,Season onset,Bin,week,8.0,9.0,0.00623612350499114
HHS Region 10,Season onset,Bin,week,9.0,10.0,0.00740965297526267
HHS Region 10,Season onset,Bin,week,10.0,11.0,0.00576346208568389
HHS Region 10,Season onset,Bin,week,11.0,12.0,0.00279023265031201
HHS Region 10,Season onset,Bin,week,12.0,13.0,0.000834005562816246
HHS Region 10,Season onset,Bin,week,13.0,14.0,0.00015928584164098
HHS Region 10,Season onset,Bin,week,14.0,15.0,8.38672321527757e-05
HHS Region 10,Season onset,Bin,week,15.0,16.0,8.38672321527757e-05
HHS Region 10,Season onset,Bin,week,16.0,17.0,8.38672321527757e-05
HHS Region 10,Season onset,Bin,week,17.0,18.0,8.38672321527757e-05
HHS Region 10,Season onset,Bin,week,18.0,19.0,8.38672321527757e-05
HHS Region 10,Season onset,Bin,week,19.0,20.0,8.38672321527757e-05
HHS Region 10,Season onset,Bin,week,20.0,21.0,8.38672321527757e-05
HHS Region 10,Season onset,Bin,week,none,none,0.00158121181723218
HHS Region 10,Season peak percentage,Bin,percent,0.0,0.1,8.51946429089766e-06
HHS Region 10,Season peak percentage,Bin,percent,0.1,0.2,1.70389285817953e-05
HHS Region 10,Season peak percentage,Bin,percent,0.2,0.3,1.70389285817953e-05
HHS Region 10,Season peak percentage,Bin,percent,0.3,0.4,1.78195619419148e-05
HHS Region 10,Season peak percentage,Bin,percent,0.4,0.5,2.66858762061532e-05
HHS Region 10,Season peak percentage,Bin,percent,0.5,0.6,4.20408982929008e-05
HHS Region 10,Season peak percentage,Bin,percent,0.6,0.7,6.46616876701114e-05
HHS Region 10,Season peak percentage,Bin,percent,0.7,0.8,9.70553148409074e-05
HHS Region 10,Season peak percentage,Bin,percent,0.8,0.9,0.000142209199005539
HHS Region 10,Season peak percentage,Bin,percent,0.9,1.0,0.000203433270559234
HHS Region 10,Season peak percentage,Bin,percent,1.0,1.1,0.000284041812432359
HHS Region 10,Season peak percentage,Bin,percent,1.1,1.2,0.000387279552264557
HHS Region 10,Season peak percentage,Bin,percent,1.2,1.3,0.000515627705290168
HHS Region 10,Season peak percentage,Bin,percent,1.3,1.4,0.000670509757436585
HHS Region 10,Season peak percentage,Bin,percent,1.4,1.5,0.000851872694280988
HHS Region 10,Season peak percentage,Bin,percent,1.5,1.6,0.00105764401555975
HHS Region 10,Season peak percentage,Bin,percent,1.6,1.7,0.00128384790996022
HHS Region 10,Season peak percentage,Bin,percent,1.7,1.8,0.00152440920482245
HHS Region 10,Season peak percentage,Bin,percent,1.8,1.9,0.0017717343811637
HHS Region 10,Season peak percentage,Bin,percent,1.9,2.0,0.00201730739007423
HHS Region 10,Season peak percentage,Bin,percent,2.0,2.1,0.00225266825382475
HHS Region 10,Season peak percentage,Bin,percent,2.1,2.2,0.00247038877528416
HHS Region 10,Season peak percentage,Bin,percent,2.2,2.3,0.00266513852032849
HHS Region 10,Season peak percentage,Bin,percent,2.3,2.4,0.00283449608591712
HHS Region 10,Season peak percentage,Bin,percent,2.4,2.5,0.00297921225972627
HHS Region 10,Season peak percentage,Bin,percent,2.5,2.6,0.00310347637663982
HHS Region 10,Season peak percentage,Bin,percent,2.6,2.7,0.00321414159441631
HHS Region 10,Season peak percentage,Bin,percent,2.7,2.8,0.00331997935362362
HHS Region 10,Season peak percentage,Bin,percent,2.8,2.9,0.00343035511144152
HHS Region 10,Season peak percentage,Bin,percent,2.9,3.0,0.00355402419264256
HHS Region 10,Season peak percentage,Bin,percent,3.0,3.1,0.00369765408168777
HHS Region 10,Season peak percentage,Bin,percent,3.1,3.2,0.0038649704418704
HHS Region 10,Season peak percentage,Bin,percent,3.2,3.3,0.0040561352287136
HHS Region 10,Season peak percentage,Bin,percent,3.3,3.4,0.00426738027720441
HHS Region 10,Season peak percentage,Bin,percent,3.4,3.5,0.00449153463746433
HHS Region 10,Season peak percentage,Bin,percent,3.5,3.6,0.00471848353053133
HHS Region 10,Season peak percentage,Bin,percent,3.6,3.7,0.00493627404102621
HHS Region 10,Season peak percentage,Bin,percent,3.7,3.8,0.005132064508461
HHS Region 10,Season peak percentage,Bin,percent,3.8,3.9,0.00529355140906884
HHS Region 10,Season peak percentage,Bin,percent,3.9,4.0,0.00540953712572602
HHS Region 10,Season peak percentage,Bin,percent,4.0,4.1,0.0054710980686366
HHS Region 10,Season peak percentage,Bin,percent,4.1,4.2,0.00547220357038597
HHS Region 10,Season peak percentage,Bin,percent,4.2,4.3,0.00540941798240676
HHS Region 10,Season peak percentage,Bin,percent,4.3,4.4,0.00528284287191619
HHS Region 10,Season peak percentage,Bin,percent,4.4,4.5,0.00509507217157811
HHS Region 10,Season peak percentage,Bin,percent,4.5,4.6,0.00485146309595864
HHS Region 10,Season peak percentage,Bin,percent,4.6,4.7,0.00455977503546001
HHS Region 10,Season peak percentage,Bin,percent,4.7,4.8,0.00422951856380115
HHS Region 10,Season peak percentage,Bin,percent,4.8,4.9,0.00387200378859776
HHS Region 10,Season peak percentage,Bin,percent,4.9,5.0,0.00349952091261553
HHS Region 10,Season peak percentage,Bin,percent,5.0,5.1,0.0031252143376438
HHS Region 10,Season peak percentage,Bin,percent,5.1,5.2,0.00276235231595148
HHS Region 10,Season peak percentage,Bin,percent,5.2,5.3,0.00242394412307326
HHS Region 10,Season peak percentage,Bin,percent,5.3,5.4,0.00212191490978634
HHS Region 10,Season peak percentage,Bin,percent,5.4,5.5,0.00186662937143353
HHS Region 10,Season peak percentage,Bin,percent,5.5,5.6,0.0016664255892331
HHS Region 10,Season peak percentage,Bin,percent,5.6,5.7,0.00152672353234834
HHS Region 10,Season peak percentage,Bin,percent,5.7,5.8,0.00145035864686159
HHS Region 10,Season peak percentage,Bin,percent,5.8,5.9,0.00143671033939458
HHS Region 10,Season peak percentage,Bin,percent,5.9,6.0,0.00148210010338378
HHS Region 10,Season peak percentage,Bin,percent,6.0,6.1,0.00157995546713472
HHS Region 10,Season peak percentage,Bin,percent,6.1,6.2,0.00172068766619857
HHS Region 10,Season peak percentage,Bin,percent,6.2,6.3,0.00189283919388756
HHS Region 10,Season peak percentage,Bin,percent,6.3,6.4,0.00208308246289231
HHS Region 10,Season peak percentage,Bin,percent,6.4,6.5,0.00227737807488373
HHS Region 10,Season peak percentage,Bin,percent,6.5,6.6,0.00246171164484445
HHS Region 10,Season peak percentage,Bin,percent,6.6,6.7,0.00262312064704841
HHS Region 10,Season peak percentage,Bin,percent,6.7,6.8,0.00275054550519036
HHS Region 10,Season peak percentage,Bin,percent,6.8,6.9,0.00283583229711579
HHS Region 10,Season peak percentage,Bin,percent,6.9,7.0,0.0028745256744237
HHS Region 10,Season peak percentage,Bin,percent,7.0,7.1,0.002865898628038
HHS Region 10,Season peak percentage,Bin,percent,7.1,7.2,0.00281369769817608
HHS Region 10,Season peak percentage,Bin,percent,7.2,7.3,0.7658127700174
HHS Region 10,Season peak percentage,Bin,percent,7.3,7.4,0.00337902915963164
HHS Region 10,Season peak percentage,Bin,percent,7.4,7.5,0.00325070336280351
HHS Region 10,Season peak percentage,Bin,percent,7.5,7.6,0.00388976315524403
HHS Region 10,Season peak percentage,Bin,percent,7.6,7.7,0.00300262182763849
HHS Region 10,Season peak percentage,Bin,percent,7.7,7.8,0.00290419050453189
HHS Region 10,Season peak percentage,Bin,percent,7.8,7.9,0.00206383039130189
HHS Region 10,Season peak percentage,Bin,percent,7.9,8.0,0.00202068991965387
HHS Region 10,Season peak percentage,Bin,percent,8.0,8.1,0.00277308699946852
HHS Region 10,Season peak percentage,Bin,percent,8.1,8.2,0.00201008042935823
HHS Region 10,Season peak percentage,Bin,percent,8.2,8.3,0.0020287458545919
HHS Region 10,Season peak percentage,Bin,percent,8.3,8.4,0.00205053771555941
HHS Region 10,Season peak percentage,Bin,percent,8.4,8.5,0.00206495264072429
HHS Region 10,Season peak percentage,Bin,percent,8.5,8.6,0.00206235694195923
HHS Region 10,Season peak percentage,Bin,percent,8.6,8.7,0.00203510075964715
HHS Region 10,Season peak percentage,Bin,percent,8.7,8.8,0.00197836574984741
HHS Region 10,Season peak percentage,Bin,percent,8.8,8.9,0.00189034628410572
HHS Region 10,Season peak percentage,Bin,percent,8.9,9.0,0.00177258446300046
HHS Region 10,Season peak percentage,Bin,percent,9.0,9.1,0.00162922122890387
HHS Region 10,Season peak percentage,Bin,percent,9.1,9.2,0.00146653355709358
HHS Region 10,Season peak percentage,Bin,percent,9.2,9.3,0.00129206772658737
HHS Region 10,Season peak percentage,Bin,percent,9.3,9.4,0.00111367274302793
HHS Region 10,Season peak percentage,Bin,percent,9.4,9.5,0.000938795210949171
HHS Region 10,Season peak percentage,Bin,percent,9.5,9.6,0.000773759156337398
HHS Region 10,Season peak percentage,Bin,percent,9.6,9.7,0.000623438964147106
HHS Region 10,Season peak percentage,Bin,percent,9.7,9.8,0.000490933402494876
HHS Region 10,Season peak percentage,Bin,percent,9.8,9.9,0.000377806771861081
HHS Region 10,Season peak percentage,Bin,percent,9.9,10.0,0.000284080579779898
HHS Region 10,Season peak percentage,Bin,percent,10.0,10.1,0.000208680468344944
HHS Region 10,Season peak percentage,Bin,percent,10.1,10.2,0.000149768163851723
HHS Region 10,Season peak percentage,Bin,percent,10.2,10.3,0.000104965513408747
HHS Region 10,Season peak percentage,Bin,percent,10.3,10.4,7.18586538602964e-05
HHS Region 10,Season peak percentage,Bin,percent,10.4,10.5,4.80461653022823e-05
HHS Region 10,Season peak percentage,Bin,percent,10.5,10.6,3.13643301954641e-05
HHS Region 10,Season peak percentage,Bin,percent,10.6,10.7,1.99976357967503e-05
HHS Region 10,Season peak percentage,Bin,percent,10.7,10.8,1.34089842152783e-05
HHS Region 10,Season peak percentage,Bin,percent,10.8,10.9,1.28276920965051e-05
HHS Region 10,Season peak percentage,Bin,percent,10.9,11.0,1.28276920965051e-05
HHS Region 10,Season peak percentage,Bin,percent,11.0,11.1,1.28276920965051e-05
HHS Region 10,Season peak percentage,Bin,percent,11.1,11.2,1.28276920965051e-05
HHS Region 10,Season peak percentage,Bin,percent,11.2,11.3,1.28276920965051e-05
HHS Region 10,Season peak percentage,Bin,percent,11.3,11.4,1.28276920965051e-05
HHS Region 10,Season peak percentage,Bin,percent,11.4,11.5,1.28276920965051e-05
HHS Region 10,Season peak percentage,Bin,percent,11.5,11.6,1.28276920965051e-05
HHS Region 10,Season peak percentage,Bin,percent,11.6,11.7,1.28276920965051e-05
HHS Region 10,Season peak percentage,Bin,percent,11.7,11.8,1.28276920965051e-05
HHS Region 10,Season peak percentage,Bin,percent,11.8,11.9,1.28276920965051e-05
HHS Region 10,Season peak percentage,Bin,percent,11.9,12.0,1.28276920965051e-05
HHS Region 10,Season peak percentage,Bin,percent,12.0,12.1,1.28276920965051e-05
HHS Region 10,Season peak percentage,Bin,percent,12.1,12.2,1.28276920965051e-05
HHS Region 10,Season peak percentage,Bin,percent,12.2,12.3,1.28276920965051e-05
HHS Region 10,Season peak percentage,Bin,percent,12.3,12.4,1.28276920965051e-05
HHS Region 10,Season peak percentage,Bin,percent,12.4,12.5,1.28276920965051e-05
HHS Region 10,Season peak percentage,Bin,percent,12.5,12.6,1.28276920965051e-05
HHS Region 10,Season peak percentage,Bin,percent,12.6,12.7,1.28276920965051e-05
HHS Region 10,Season peak percentage,Bin,percent,12.7,12.8,1.28276920965051e-05
HHS Region 10,Season peak percentage,Bin,percent,12.8,12.9,1.28276920965051e-05
HHS Region 10,Season peak percentage,Bin,percent,12.9,13.0,1.28276920965051e-05
HHS Region 10,Season peak percentage,Bin,percent,13.0,100.0,1.28276920965051e-05
HHS Region 10,Season peak week,Bin,week,40.0,41.0,0.000117196797852051
HHS Region 10,Season peak week,Bin,week,41.0,42.0,0.00023071784420973
HHS Region 10,Season peak week,Bin,week,42.0,43.0,0.00041887178070152
HHS Region 10,Season peak week,Bin,week,43.0,44.0,0.000703886905516761
HHS Region 10,Season peak week,Bin,week,44.0,45.0,0.00110050923583369
HHS Region 10,Season peak week,Bin,week,45.0,46.0,0.00161236800726164
HHS Region 10,Season peak week,Bin,week,46.0,47.0,0.00223400670975425
HHS Region 10,Season peak week,Bin,week,47.0,48.0,0.00295916617014404
HHS Region 10,Season peak week,Bin,week,48.0,49.0,0.00378973099005464
HHS Region 10,Season peak week,Bin,week,49.0,50.0,0.00473842600595901
HHS Region 10,Season peak week,Bin,week,50.0,51.0,0.00582141490641158
HHS Region 10,Season peak week,Bin,week,51.0,52.0,0.00704522444308585
HHS Region 10,Season peak week,Bin,week,52.0,53.0,0.772247161982148
HHS Region 10,Season peak week,Bin,week,1.0,2.0,0.00983403484668905
HHS Region 10,Season peak week,Bin,week,2.0,3.0,0.0112974404950926
HHS Region 10,Season peak week,Bin,week,3.0,4.0,0.0126984510432384
HHS Region 10,Season peak week,Bin,week,4.0,5.0,0.0139236333999166
HHS Region 10,Season peak week,Bin,week,5.0,6.0,0.014840750269836
HHS Region 10,Season peak week,Bin,week,6.0,7.0,0.0153240787870299
HHS Region 10,Season peak week,Bin,week,7.0,8.0,0.0152946589625725
HHS Region 10,Season peak week,Bin,week,8.0,9.0,0.0147552772667303
HHS Region 10,Season peak week,Bin,week,9.0,10.0,0.013797450573016
HHS Region 10,Season peak week,Bin,week,10.0,11.0,0.0125701713582929
HHS Region 10,Season peak week,Bin,week,11.0,12.0,0.0112261512235293
HHS Region 10,Season peak week,Bin,week,12.0,13.0,0.00987536045010608
HHS Region 10,Season peak week,Bin,week,13.0,14.0,0.00856866622701065
HHS Region 10,Season peak week,Bin,week,14.0,15.0,0.00731272577640503
HHS Region 10,Season peak week,Bin,week,15.0,16.0,0.00610002410889458
HHS Region 10,Season peak week,Bin,week,16.0,17.0,0.00647228187601158
HHS Region 10,Season peak week,Bin,week,17.0,18.0,0.00460653025654556
HHS Region 10,Season peak week,Bin,week,18.0,19.0,0.00361687245535546
HHS Region 10,Season peak week,Bin,week,19.0,20.0,0.00354082104711769
HHS Region 10,Season peak week,Bin,week,20.0,21.0,0.00132593779767644
HHS Region 2,1 wk ahead,Bin,percent,0.0,0.1,3.83705718370183e-11
HHS Region 2,1 wk ahead,Bin,percent,0.1,0.2,1.01105060322088e-10
HHS Region 2,1 wk ahead,Bin,percent,0.2,0.3,1.33759151085765e-10
HHS Region 2,1 wk ahead,Bin,percent,0.3,0.4,1.61269202218696e-10
HHS Region 2,1 wk ahead,Bin,percent,0.4,0.5,1.78916780605669e-10
HHS Region 2,1 wk ahead,Bin,percent,0.5,0.6,1.8638474626065e-10
HHS Region 2,1 wk ahead,Bin,percent,0.6,0.7,1.89483449462549e-10
HHS Region 2,1 wk ahead,Bin,percent,0.7,0.8,1.99184814310074e-10
HHS Region 2,1 wk ahead,Bin,percent,0.8,0.9,2.27796016997249e-10
HHS Region 2,1 wk ahead,Bin,percent,0.9,1.0,2.83640444749122e-10
HHS Region 2,1 wk ahead,Bin,percent,1.0,1.1,3.66539083737439e-10
HHS Region 2,1 wk ahead,Bin,percent,1.1,1.2,4.66343204994528e-10
HHS Region 2,1 wk ahead,Bin,percent,1.2,1.3,5.65695441836529e-10
HHS Region 2,1 wk ahead,Bin,percent,1.3,1.4,6.46116000697788e-10
HHS Region 2,1 wk ahead,Bin,percent,1.4,1.5,6.94811812546811e-10
HHS Region 2,1 wk ahead,Bin,percent,1.5,1.6,7.08895389842989e-10
HHS Region 2,1 wk ahead,Bin,percent,1.6,1.7,6.95233565716166e-10
HHS Region 2,1 wk ahead,Bin,percent,1.7,1.8,6.66405730012726e-10
HHS Region 2,1 wk ahead,Bin,percent,1.8,1.9,6.35083156667542e-10
HHS Region 2,1 wk ahead,Bin,percent,1.9,2.0,0.0020000005813837
HHS Region 2,1 wk ahead,Bin,percent,2.0,2.1,0.00100000057580568
HHS Region 2,1 wk ahead,Bin,percent,2.1,2.2,5.70890595189812e-10
HHS Region 2,1 wk ahead,Bin,percent,2.2,2.3,5.44167952616054e-10
HHS Region 2,1 wk ahead,Bin,percent,2.3,2.4,5.03435835993486e-10
HHS Region 2,1 wk ahead,Bin,percent,2.4,2.5,4.49248634961194e-10
HHS Region 2,1 wk ahead,Bin,percent,2.5,2.6,3.89727729112507e-10
HHS Region 2,1 wk ahead,Bin,percent,2.6,2.7,3.37335874662383e-10
HHS Region 2,1 wk ahead,Bin,percent,2.7,2.8,3.03211220550287e-10
HHS Region 2,1 wk ahead,Bin,percent,2.8,2.9,2.91814932125545e-10
HHS Region 2,1 wk ahead,Bin,percent,2.9,3.0,2.98444743857668e-10
HHS Region 2,1 wk ahead,Bin,percent,3.0,3.1,3.10873557467774e-10
HHS Region 2,1 wk ahead,Bin,percent,3.1,3.2,0.00200000028667506
HHS Region 2,1 wk ahead,Bin,percent,3.2,3.3,2.98899741753863e-10
HHS Region 2,1 wk ahead,Bin,percent,3.3,3.4,0.00100000024776757
HHS Region 2,1 wk ahead,Bin,percent,3.4,3.5,2.09031784747199e-10
HHS Region 2,1 wk ahead,Bin,percent,3.5,3.6,1.51569135341229e-10
HHS Region 2,1 wk ahead,Bin,percent,3.6,3.7,0.00100000008559418
HHS Region 2,1 wk ahead,Bin,percent,3.7,3.8,5.91040069398622e-11
HHS Region 2,1 wk ahead,Bin,percent,3.8,3.9,3.17192326678618e-11
HHS Region 2,1 wk ahead,Bin,percent,3.9,4.0,0.00100000000144232
HHS Region 2,1 wk ahead,Bin,percent,4.0,4.1,0.000999999992794802
HHS Region 2,1 wk ahead,Bin,percent,4.1,4.2,2.65506364683698e-12
HHS Region 2,1 wk ahead,Bin,percent,4.2,4.3,0.00299999995975391
HHS Region 2,1 wk ahead,Bin,percent,4.3,4.4,0.000999999987617787
HHS Region 2,1 wk ahead,Bin,percent,4.4,4.5,0.00199999997368585
HHS Region 2,1 wk ahead,Bin,percent,4.5,4.6,0.00299999995975391
HHS Region 2,1 wk ahead,Bin,percent,4.6,4.7,0.00199999997368585
HHS Region 2,1 wk ahead,Bin,percent,4.7,4.8,0.00299999995975391
HHS Region 2,1 wk ahead,Bin,percent,4.8,4.9,0.00199999997368585
HHS Region 2,1 wk ahead,Bin,percent,4.9,5.0,0.00199999997368585
HHS Region 2,1 wk ahead,Bin,percent,5.0,5.1,0.00299999995975391
HHS Region 2,1 wk ahead,Bin,percent,5.1,5.2,0.00899999987616227
HHS Region 2,1 wk ahead,Bin,percent,5.2,5.3,0.00199999997368585
HHS Region 2,1 wk ahead,Bin,percent,5.3,5.4,0.00299999995975391
HHS Region 2,1 wk ahead,Bin,percent,5.4,5.5,0.00599999991795809
HHS Region 2,1 wk ahead,Bin,percent,5.5,5.6,0.00699999990402615
HHS Region 2,1 wk ahead,Bin,percent,5.6,5.7,0.00899999987616227
HHS Region 2,1 wk ahead,Bin,percent,5.7,5.8,0.00699999990402615
HHS Region 2,1 wk ahead,Bin,percent,5.8,5.9,0.0169999997647068
HHS Region 2,1 wk ahead,Bin,percent,5.9,6.0,0.0119999998343664
HHS Region 2,1 wk ahead,Bin,percent,6.0,6.1,0.0239999996671832
HHS Region 2,1 wk ahead,Bin,percent,6.1,6.2,0.0139999998065026
HHS Region 2,1 wk ahead,Bin,percent,6.2,6.3,0.020999999708979
HHS Region 2,1 wk ahead,Bin,percent,6.3,6.4,0.0139999998065026
HHS Region 2,1 wk ahead,Bin,percent,6.4,6.5,0.0259999996393193
HHS Region 2,1 wk ahead,Bin,percent,6.5,6.6,0.021999999695047
HHS Region 2,1 wk ahead,Bin,percent,6.6,6.7,0.0279999996114554
HHS Region 2,1 wk ahead,Bin,percent,6.7,6.8,0.0289999995975235
HHS Region 2,1 wk ahead,Bin,percent,6.8,6.9,0.0249999996532512
HHS Region 2,1 wk ahead,Bin,percent,6.9,7.0,0.0349999995139318
HHS Region 2,1 wk ahead,Bin,percent,7.0,7.1,0.0389999994582041
HHS Region 2,1 wk ahead,Bin,percent,7.1,7.2,0.0439999993885444
HHS Region 2,1 wk ahead,Bin,percent,7.2,7.3,0.0399999994442721
HHS Region 2,1 wk ahead,Bin,percent,7.3,7.4,0.0349999995139318
HHS Region 2,1 wk ahead,Bin,percent,7.4,7.5,0.0359999994999999
HHS Region 2,1 wk ahead,Bin,percent,7.5,7.6,0.0469999993467485
HHS Region 2,1 wk ahead,Bin,percent,7.6,7.7,0.0369999994860679
HHS Region 2,1 wk ahead,Bin,percent,7.7,7.8,0.0339999995278638
HHS Region 2,1 wk ahead,Bin,percent,7.8,7.9,0.0399999994442721
HHS Region 2,1 wk ahead,Bin,percent,7.9,8.0,0.0229999996811151
HHS Region 2,1 wk ahead,Bin,percent,8.0,8.1,0.0279999996114554
HHS Region 2,1 wk ahead,Bin,percent,8.1,8.2,0.0169999997647068
HHS Region 2,1 wk ahead,Bin,percent,8.2,8.3,0.0229999996811151
HHS Region 2,1 wk ahead,Bin,percent,8.3,8.4,0.0319999995557276
HHS Region 2,1 wk ahead,Bin,percent,8.4,8.5,0.021999999695047
HHS Region 2,1 wk ahead,Bin,percent,8.5,8.6,0.0159999997786387
HHS Region 2,1 wk ahead,Bin,percent,8.6,8.7,0.0169999997647068
HHS Region 2,1 wk ahead,Bin,percent,8.7,8.8,0.0149999997925706
HHS Region 2,1 wk ahead,Bin,percent,8.8,8.9,0.0119999998343664
HHS Region 2,1 wk ahead,Bin,percent,8.9,9.0,0.0109999998482984
HHS Region 2,1 wk ahead,Bin,percent,9.0,9.1,0.00899999987616227
HHS Region 2,1 wk ahead,Bin,percent,9.1,9.2,0.00499999993189003
HHS Region 2,1 wk ahead,Bin,percent,9.2,9.3,1.54972738688475e-12
HHS Region 2,1 wk ahead,Bin,percent,9.3,9.4,0.00699999990402615
HHS Region 2,1 wk ahead,Bin,percent,9.4,9.5,0.00999999986223033
HHS Region 2,1 wk ahead,Bin,percent,9.5,9.6,0.00699999990402615
HHS Region 2,1 wk ahead,Bin,percent,9.6,9.7,0.00899999987616227
HHS Region 2,1 wk ahead,Bin,percent,9.7,9.8,0.00399999994582197
HHS Region 2,1 wk ahead,Bin,percent,9.8,9.9,0.00499999993189003
HHS Region 2,1 wk ahead,Bin,percent,9.9,10.0,0.000999999987617787
HHS Region 2,1 wk ahead,Bin,percent,10.0,10.1,0.00499999993189003
HHS Region 2,1 wk ahead,Bin,percent,10.1,10.2,0.00399999994582197
HHS Region 2,1 wk ahead,Bin,percent,10.2,10.3,1.54972738688475e-12
HHS Region 2,1 wk ahead,Bin,percent,10.3,10.4,0.00199999997368585
HHS Region 2,1 wk ahead,Bin,percent,10.4,10.5,0.00199999997368585
HHS Region 2,1 wk ahead,Bin,percent,10.5,10.6,1.54972738688475e-12
HHS Region 2,1 wk ahead,Bin,percent,10.6,10.7,0.00199999997368585
HHS Region 2,1 wk ahead,Bin,percent,10.7,10.8,0.00199999997368585
HHS Region 2,1 wk ahead,Bin,percent,10.8,10.9,1.54972738688475e-12
HHS Region 2,1 wk ahead,Bin,percent,10.9,11.0,1.54972738688475e-12
HHS Region 2,1 wk ahead,Bin,percent,11.0,11.1,0.000999999987617787
HHS Region 2,1 wk ahead,Bin,percent,11.1,11.2,0.000999999987617787
HHS Region 2,1 wk ahead,Bin,percent,11.2,11.3,0.000999999987617787
HHS Region 2,1 wk ahead,Bin,percent,11.3,11.4,0.000999999987617787
HHS Region 2,1 wk ahead,Bin,percent,11.4,11.5,0.00199999997368585
HHS Region 2,1 wk ahead,Bin,percent,11.5,11.6,0.000999999987617787
HHS Region 2,1 wk ahead,Bin,percent,11.6,11.7,1.54972738688475e-12
HHS Region 2,1 wk ahead,Bin,percent,11.7,11.8,1.54972738688475e-12
HHS Region 2,1 wk ahead,Bin,percent,11.8,11.9,0.00299999995975391
HHS Region 2,1 wk ahead,Bin,percent,11.9,12.0,1.54972738688475e-12
HHS Region 2,1 wk ahead,Bin,percent,12.0,12.1,0.000999999987617787
HHS Region 2,1 wk ahead,Bin,percent,12.1,12.2,0.000999999987617787
HHS Region 2,1 wk ahead,Bin,percent,12.2,12.3,1.54972738688475e-12
HHS Region 2,1 wk ahead,Bin,percent,12.3,12.4,0.000999999987617787
HHS Region 2,1 wk ahead,Bin,percent,12.4,12.5,0.000999999987617787
HHS Region 2,1 wk ahead,Bin,percent,12.5,12.6,1.54972738688475e-12
HHS Region 2,1 wk ahead,Bin,percent,12.6,12.7,0.000999999987617787
HHS Region 2,1 wk ahead,Bin,percent,12.7,12.8,1.54972738688475e-12
HHS Region 2,1 wk ahead,Bin,percent,12.8,12.9,1.54972738688475e-12
HHS Region 2,1 wk ahead,Bin,percent,12.9,13.0,0.000999999987617787
HHS Region 2,1 wk ahead,Bin,percent,13.0,100.0,0.00199999997368585
HHS Region 2,2 wk ahead,Bin,percent,0.0,0.1,3.97084898586088e-11
HHS Region 2,2 wk ahead,Bin,percent,0.1,0.2,1.05420609169628e-10
HHS Region 2,2 wk ahead,Bin,percent,0.2,0.3,1.46698625761267e-10
HHS Region 2,2 wk ahead,Bin,percent,0.3,0.4,1.95616626033104e-10
HHS Region 2,2 wk ahead,Bin,percent,0.4,0.5,2.51790060330355e-10
HHS Region 2,2 wk ahead,Bin,percent,0.5,0.6,3.14828022245583e-10
HHS Region 2,2 wk ahead,Bin,percent,0.6,0.7,3.83969112573726e-10
HHS Region 2,2 wk ahead,Bin,percent,0.7,0.8,4.57298138869258e-10
HHS Region 2,2 wk ahead,Bin,percent,0.8,0.9,5.30960283976396e-10
HHS Region 2,2 wk ahead,Bin,percent,0.9,1.0,5.98992874296798e-10
HHS Region 2,2 wk ahead,Bin,percent,1.0,1.1,6.54171678858833e-10
HHS Region 2,2 wk ahead,Bin,percent,1.1,1.2,6.89838244947416e-10
HHS Region 2,2 wk ahead,Bin,percent,1.2,1.3,7.02023436811436e-10
HHS Region 2,2 wk ahead,Bin,percent,1.3,1.4,6.91054970445947e-10
HHS Region 2,2 wk ahead,Bin,percent,1.4,1.5,6.61895411236293e-10
HHS Region 2,2 wk ahead,Bin,percent,1.5,1.6,6.22935532591642e-10
HHS Region 2,2 wk ahead,Bin,percent,1.6,1.7,5.8359628349209e-10
HHS Region 2,2 wk ahead,Bin,percent,1.7,1.8,5.51540338539518e-10
HHS Region 2,2 wk ahead,Bin,percent,1.8,1.9,5.30495063015108e-10
HHS Region 2,2 wk ahead,Bin,percent,1.9,2.0,5.19523188958125e-10
HHS Region 2,2 wk ahead,Bin,percent,2.0,2.1,0.00100000050001377
HHS Region 2,2 wk ahead,Bin,percent,2.1,2.2,5.07521911973789e-10
HHS Region 2,2 wk ahead,Bin,percent,2.2,2.3,4.94850131072872e-10
HHS Region 2,2 wk ahead,Bin,percent,2.3,2.4,4.73017942900167e-10
HHS Region 2,2 wk ahead,Bin,percent,2.4,2.5,4.41939761846453e-10
HHS Region 2,2 wk ahead,Bin,percent,2.5,2.6,4.0352959136367e-10
HHS Region 2,2 wk ahead,Bin,percent,2.6,2.7,0.00100000034646121
HHS Region 2,2 wk ahead,Bin,percent,2.7,2.8,3.14790750435481e-10
HHS Region 2,2 wk ahead,Bin,percent,2.8,2.9,0.00100000025437421
HHS Region 2,2 wk ahead,Bin,percent,2.9,3.0,2.22122012318385e-10
HHS Region 2,2 wk ahead,Bin,percent,3.0,3.1,1.77488227955927e-10
HHS Region 2,2 wk ahead,Bin,percent,3.1,3.2,1.35946464106525e-10
HHS Region 2,2 wk ahead,Bin,percent,3.2,3.3,0.00100000008523209
HHS Region 2,2 wk ahead,Bin,percent,3.3,3.4,0.00100000005456776
HHS Region 2,2 wk ahead,Bin,percent,3.4,3.5,4.46071439768151e-11
HHS Region 2,2 wk ahead,Bin,percent,3.5,3.6,2.7289006058729e-11
HHS Region 2,2 wk ahead,Bin,percent,3.6,3.7,1.56428863170797e-11
HHS Region 2,2 wk ahead,Bin,percent,3.7,3.8,0.000999999994453334
HHS Region 2,2 wk ahead,Bin,percent,3.8,3.9,4.19722838666072e-12
HHS Region 2,2 wk ahead,Bin,percent,3.9,4.0,1.95994607789143e-12
HHS Region 2,2 wk ahead,Bin,percent,4.0,4.1,0.000999999987342633
HHS Region 2,2 wk ahead,Bin,percent,4.1,4.2,0.000999999987342633
HHS Region 2,2 wk ahead,Bin,percent,4.2,4.3,0.00299999995947875
HHS Region 2,2 wk ahead,Bin,percent,4.3,4.4,0.00699999990375099
HHS Region 2,2 wk ahead,Bin,percent,4.4,4.5,0.00199999997341069
HHS Region 2,2 wk ahead,Bin,percent,4.5,4.6,0.000999999987342633
HHS Region 2,2 wk ahead,Bin,percent,4.6,4.7,0.00499999993161487
HHS Region 2,2 wk ahead,Bin,percent,4.7,4.8,0.00499999993161487
HHS Region 2,2 wk ahead,Bin,percent,4.8,4.9,0.00599999991768293
HHS Region 2,2 wk ahead,Bin,percent,4.9,5.0,0.00499999993161487
HHS Region 2,2 wk ahead,Bin,percent,5.0,5.1,0.00899999987588711
HHS Region 2,2 wk ahead,Bin,percent,5.1,5.2,0.00499999993161487
HHS Region 2,2 wk ahead,Bin,percent,5.2,5.3,0.0109999998480232
HHS Region 2,2 wk ahead,Bin,percent,5.3,5.4,0.00899999987588711
HHS Region 2,2 wk ahead,Bin,percent,5.4,5.5,0.00799999988981905
HHS Region 2,2 wk ahead,Bin,percent,5.5,5.6,0.0129999998201594
HHS Region 2,2 wk ahead,Bin,percent,5.6,5.7,0.00999999986195517
HHS Region 2,2 wk ahead,Bin,percent,5.7,5.8,0.0169999997644316
HHS Region 2,2 wk ahead,Bin,percent,5.8,5.9,0.0139999998062274
HHS Region 2,2 wk ahead,Bin,percent,5.9,6.0,0.0139999998062274
HHS Region 2,2 wk ahead,Bin,percent,6.0,6.1,0.0169999997644316
HHS Region 2,2 wk ahead,Bin,percent,6.1,6.2,0.0199999997226358
HHS Region 2,2 wk ahead,Bin,percent,6.2,6.3,0.023999999666908
HHS Region 2,2 wk ahead,Bin,percent,6.3,6.4,0.0169999997644316
HHS Region 2,2 wk ahead,Bin,percent,6.4,6.5,0.0209999997087038
HHS Region 2,2 wk ahead,Bin,percent,6.5,6.6,0.0209999997087038
HHS Region 2,2 wk ahead,Bin,percent,6.6,6.7,0.0389999994579289
HHS Region 2,2 wk ahead,Bin,percent,6.7,6.8,0.02299999968084
HHS Region 2,2 wk ahead,Bin,percent,6.8,6.9,0.0259999996390441
HHS Region 2,2 wk ahead,Bin,percent,6.9,7.0,0.023999999666908
HHS Region 2,2 wk ahead,Bin,percent,7.0,7.1,0.0189999997365677
HHS Region 2,2 wk ahead,Bin,percent,7.1,7.2,0.0349999995136567
HHS Region 2,2 wk ahead,Bin,percent,7.2,7.3,0.0299999995833164
HHS Region 2,2 wk ahead,Bin,percent,7.3,7.4,0.0349999995136567
HHS Region 2,2 wk ahead,Bin,percent,7.4,7.5,0.0359999994997247
HHS Region 2,2 wk ahead,Bin,percent,7.5,7.6,0.0319999995554525
HHS Region 2,2 wk ahead,Bin,percent,7.6,7.7,0.0209999997087038
HHS Region 2,2 wk ahead,Bin,percent,7.7,7.8,0.0289999995972483
HHS Region 2,2 wk ahead,Bin,percent,7.8,7.9,0.0259999996390441
HHS Region 2,2 wk ahead,Bin,percent,7.9,8.0,0.0259999996390441
HHS Region 2,2 wk ahead,Bin,percent,8.0,8.1,0.0209999997087038
HHS Region 2,2 wk ahead,Bin,percent,8.1,8.2,0.0299999995833164
HHS Region 2,2 wk ahead,Bin,percent,8.2,8.3,0.02299999968084
HHS Region 2,2 wk ahead,Bin,percent,8.3,8.4,0.0179999997504997
HHS Region 2,2 wk ahead,Bin,percent,8.4,8.5,0.0169999997644316
HHS Region 2,2 wk ahead,Bin,percent,8.5,8.6,0.0169999997644316
HHS Region 2,2 wk ahead,Bin,percent,8.6,8.7,0.0199999997226358
HHS Region 2,2 wk ahead,Bin,percent,8.7,8.8,0.0139999998062274
HHS Region 2,2 wk ahead,Bin,percent,8.8,8.9,0.00899999987588711
HHS Region 2,2 wk ahead,Bin,percent,8.9,9.0,0.00999999986195517
HHS Region 2,2 wk ahead,Bin,percent,9.0,9.1,0.0179999997504997
HHS Region 2,2 wk ahead,Bin,percent,9.1,9.2,0.00599999991768293
HHS Region 2,2 wk ahead,Bin,percent,9.2,9.3,0.0159999997783635
HHS Region 2,2 wk ahead,Bin,percent,9.3,9.4,0.00699999990375099
HHS Region 2,2 wk ahead,Bin,percent,9.4,9.5,0.00899999987588711
HHS Region 2,2 wk ahead,Bin,percent,9.5,9.6,0.000999999987342633
HHS Region 2,2 wk ahead,Bin,percent,9.6,9.7,0.0109999998480232
HHS Region 2,2 wk ahead,Bin,percent,9.7,9.8,0.00799999988981905
HHS Region 2,2 wk ahead,Bin,percent,9.8,9.9,0.0149999997922955
HHS Region 2,2 wk ahead,Bin,percent,9.9,10.0,0.00299999995947875
HHS Region 2,2 wk ahead,Bin,percent,10.0,10.1,1.2745734077826e-12
HHS Region 2,2 wk ahead,Bin,percent,10.1,10.2,0.00599999991768293
HHS Region 2,2 wk ahead,Bin,percent,10.2,10.3,0.00199999997341069
HHS Region 2,2 wk ahead,Bin,percent,10.3,10.4,0.00199999997341069
HHS Region 2,2 wk ahead,Bin,percent,10.4,10.5,0.00199999997341069
HHS Region 2,2 wk ahead,Bin,percent,10.5,10.6,0.00399999994554681
HHS Region 2,2 wk ahead,Bin,percent,10.6,10.7,0.00399999994554681
HHS Region 2,2 wk ahead,Bin,percent,10.7,10.8,0.00299999995947875
HHS Region 2,2 wk ahead,Bin,percent,10.8,10.9,0.000999999987342633
HHS Region 2,2 wk ahead,Bin,percent,10.9,11.0,0.00299999995947875
HHS Region 2,2 wk ahead,Bin,percent,11.0,11.1,1.2745734077826e-12
HHS Region 2,2 wk ahead,Bin,percent,11.1,11.2,1.2745734077826e-12
HHS Region 2,2 wk ahead,Bin,percent,11.2,11.3,0.000999999987342633
HHS Region 2,2 wk ahead,Bin,percent,11.3,11.4,0.00199999997341069
HHS Region 2,2 wk ahead,Bin,percent,11.4,11.5,0.00199999997341069
HHS Region 2,2 wk ahead,Bin,percent,11.5,11.6,0.000999999987342633
HHS Region 2,2 wk ahead,Bin,percent,11.6,11.7,0.000999999987342633
HHS Region 2,2 wk ahead,Bin,percent,11.7,11.8,0.00299999995947875
HHS Region 2,2 wk ahead,Bin,percent,11.8,11.9,1.2745734077826e-12
HHS Region 2,2 wk ahead,Bin,percent,11.9,12.0,0.00199999997341069
HHS Region 2,2 wk ahead,Bin,percent,12.0,12.1,0.000999999987342633
HHS Region 2,2 wk ahead,Bin,percent,12.1,12.2,1.2745734077826e-12
HHS Region 2,2 wk ahead,Bin,percent,12.2,12.3,1.2745734077826e-12
HHS Region 2,2 wk ahead,Bin,percent,12.3,12.4,1.2745734077826e-12
HHS Region 2,2 wk ahead,Bin,percent,12.4,12.5,0.000999999987342633
HHS Region 2,2 wk ahead,Bin,percent,12.5,12.6,1.2745734077826e-12
HHS Region 2,2 wk ahead,Bin,percent,12.6,12.7,0.00199999997341069
HHS Region 2,2 wk ahead,Bin,percent,12.7,12.8,1.2745734077826e-12
HHS Region 2,2 wk ahead,Bin,percent,12.8,12.9,1.2745734077826e-12
HHS Region 2,2 wk ahead,Bin,percent,12.9,13.0,1.2745734077826e-12
HHS Region 2,2 wk ahead,Bin,percent,13.0,100.0,0.0109999998480232
HHS Region 2,3 wk ahead,Bin,percent,0.0,0.1,7.5173961872156e-11
HHS Region 2,3 wk ahead,Bin,percent,0.1,0.2,1.82815086863215e-10
HHS Region 2,3 wk ahead,Bin,percent,0.2,0.3,2.3028532103227e-10
HHS Region 2,3 wk ahead,Bin,percent,0.3,0.4,2.8142978202952e-10
HHS Region 2,3 wk ahead,Bin,percent,0.4,0.5,3.34465235072715e-10
HHS Region 2,3 wk ahead,Bin,percent,0.5,0.6,3.87563925258533e-10
HHS Region 2,3 wk ahead,Bin,percent,0.6,0.7,4.39088209265948e-10
HHS Region 2,3 wk ahead,Bin,percent,0.7,0.8,4.87741530603894e-10
HHS Region 2,3 wk ahead,Bin,percent,0.8,0.9,5.32590512839392e-10
HHS Region 2,3 wk ahead,Bin,percent,0.9,1.0,5.72960091775906e-10
HHS Region 2,3 wk ahead,Bin,percent,1.0,1.1,6.08259704011321e-10
HHS Region 2,3 wk ahead,Bin,percent,1.1,1.2,6.37811820634296e-10
HHS Region 2,3 wk ahead,Bin,percent,1.2,1.3,6.60787690961874e-10
HHS Region 2,3 wk ahead,Bin,percent,1.3,1.4,6.76274281553316e-10
HHS Region 2,3 wk ahead,Bin,percent,1.4,1.5,6.83465235697864e-10
HHS Region 2,3 wk ahead,Bin,percent,1.5,1.6,6.81904512619292e-10
HHS Region 2,3 wk ahead,Bin,percent,1.6,1.7,6.71641768443491e-10
HHS Region 2,3 wk ahead,Bin,percent,1.7,1.8,0.00100000063933861
HHS Region 2,3 wk ahead,Bin,percent,1.8,1.9,6.27765765929195e-10
HHS Region 2,3 wk ahead,Bin,percent,1.9,2.0,5.96225602470951e-10
HHS Region 2,3 wk ahead,Bin,percent,2.0,2.1,5.59621036169401e-10
HHS Region 2,3 wk ahead,Bin,percent,2.1,2.2,5.18647955370585e-10
HHS Region 2,3 wk ahead,Bin,percent,2.2,2.3,4.73774263072862e-10
HHS Region 2,3 wk ahead,Bin,percent,2.3,2.4,4.25446110041789e-10
HHS Region 2,3 wk ahead,Bin,percent,2.4,2.5,0.00100000036041141
HHS Region 2,3 wk ahead,Bin,percent,2.5,2.6,3.21588597799994e-10
HHS Region 2,3 wk ahead,Bin,percent,2.6,2.7,2.68778071057749e-10
HHS Region 2,3 wk ahead,Bin,percent,2.7,2.8,0.00100000020389959
HHS Region 2,3 wk ahead,Bin,percent,2.8,2.9,1.70695041340061e-10
HHS Region 2,3 wk ahead,Bin,percent,2.9,3.0,1.29012195084691e-10
HHS Region 2,3 wk ahead,Bin,percent,3.0,3.1,9.38595758911687e-11
HHS Region 2,3 wk ahead,Bin,percent,3.1,3.2,0.00100000005168973
HHS Region 2,3 wk ahead,Bin,percent,3.2,3.3,0.00100000003010323
HHS Region 2,3 wk ahead,Bin,percent,3.3,3.4,0.00399999997260381
HHS Region 2,3 wk ahead,Bin,percent,3.4,3.5,0.00399999996173492
HHS Region 2,3 wk ahead,Bin,percent,3.5,3.6,0.00199999998244221
HHS Region 2,3 wk ahead,Bin,percent,3.6,3.7,0.00299999996402415
HHS Region 2,3 wk ahead,Bin,percent,3.7,3.8,0.00399999994741645
HHS Region 2,3 wk ahead,Bin,percent,3.8,3.9,0.00399999994625722
HHS Region 2,3 wk ahead,Bin,percent,3.9,4.0,0.00399999994623002
HHS Region 2,3 wk ahead,Bin,percent,4.0,4.1,0.0069999999044342
HHS Region 2,3 wk ahead,Bin,percent,4.1,4.2,0.00799999989050226
HHS Region 2,3 wk ahead,Bin,percent,4.2,4.3,0.0159999997790467
HHS Region 2,3 wk ahead,Bin,percent,4.3,4.4,0.00399999994623002
HHS Region 2,3 wk ahead,Bin,percent,4.4,4.5,0.0169999997651148
HHS Region 2,3 wk ahead,Bin,percent,4.5,4.6,0.0149999997929787
HHS Region 2,3 wk ahead,Bin,percent,4.6,4.7,0.0139999998069106
HHS Region 2,3 wk ahead,Bin,percent,4.7,4.8,0.020999999709387
HHS Region 2,3 wk ahead,Bin,percent,4.8,4.9,0.0109999998487064
HHS Region 2,3 wk ahead,Bin,percent,4.9,5.0,0.0179999997511829
HHS Region 2,3 wk ahead,Bin,percent,5.0,5.1,0.0189999997372509
HHS Region 2,3 wk ahead,Bin,percent,5.1,5.2,0.0219999996954551
HHS Region 2,3 wk ahead,Bin,percent,5.2,5.3,0.019999999723319
HHS Region 2,3 wk ahead,Bin,percent,5.3,5.4,0.0289999995979315
HHS Region 2,3 wk ahead,Bin,percent,5.4,5.5,0.0229999996815232
HHS Region 2,3 wk ahead,Bin,percent,5.5,5.6,0.0269999996257954
HHS Region 2,3 wk ahead,Bin,percent,5.6,5.7,0.0439999993889524
HHS Region 2,3 wk ahead,Bin,percent,5.7,5.8,0.0349999995143399
HHS Region 2,3 wk ahead,Bin,percent,5.8,5.9,0.0249999996536593
HHS Region 2,3 wk ahead,Bin,percent,5.9,6.0,0.0359999995004079
HHS Region 2,3 wk ahead,Bin,percent,6.0,6.1,0.0299999995839996
HHS Region 2,3 wk ahead,Bin,percent,6.1,6.2,0.020999999709387
HHS Region 2,3 wk ahead,Bin,percent,6.2,6.3,0.0249999996536593
HHS Region 2,3 wk ahead,Bin,percent,6.3,6.4,0.0359999995004079
HHS Region 2,3 wk ahead,Bin,percent,6.4,6.5,0.0259999996397273
HHS Region 2,3 wk ahead,Bin,percent,6.5,6.6,0.0399999994446802
HHS Region 2,3 wk ahead,Bin,percent,6.6,6.7,0.0239999996675912
HHS Region 2,3 wk ahead,Bin,percent,6.7,6.8,0.0259999996397273
HHS Region 2,3 wk ahead,Bin,percent,6.8,6.9,0.0249999996536593
HHS Region 2,3 wk ahead,Bin,percent,6.9,7.0,0.0309999995700676
HHS Region 2,3 wk ahead,Bin,percent,7.0,7.1,0.0309999995700676
HHS Region 2,3 wk ahead,Bin,percent,7.1,7.2,0.0149999997929787
HHS Region 2,3 wk ahead,Bin,percent,7.2,7.3,0.019999999723319
HHS Region 2,3 wk ahead,Bin,percent,7.3,7.4,0.0219999996954551
HHS Region 2,3 wk ahead,Bin,percent,7.4,7.5,0.0129999998208426
HHS Region 2,3 wk ahead,Bin,percent,7.5,7.6,0.0159999997790467
HHS Region 2,3 wk ahead,Bin,percent,7.6,7.7,0.00999999986263838
HHS Region 2,3 wk ahead,Bin,percent,7.7,7.8,0.0109999998487064
HHS Region 2,3 wk ahead,Bin,percent,7.8,7.9,0.0069999999044342
HHS Region 2,3 wk ahead,Bin,percent,7.9,8.0,0.0139999998069106
HHS Region 2,3 wk ahead,Bin,percent,8.0,8.1,0.00999999986263838
HHS Region 2,3 wk ahead,Bin,percent,8.1,8.2,0.00599999991836614
HHS Region 2,3 wk ahead,Bin,percent,8.2,8.3,0.00299999996016196
HHS Region 2,3 wk ahead,Bin,percent,8.3,8.4,0.00799999989050226
HHS Region 2,3 wk ahead,Bin,percent,8.4,8.5,0.00899999987657032
HHS Region 2,3 wk ahead,Bin,percent,8.5,8.6,0.00599999991836614
HHS Region 2,3 wk ahead,Bin,percent,8.6,8.7,0.0069999999044342
HHS Region 2,3 wk ahead,Bin,percent,8.7,8.8,0.0069999999044342
HHS Region 2,3 wk ahead,Bin,percent,8.8,8.9,0.00499999993229808
HHS Region 2,3 wk ahead,Bin,percent,8.9,9.0,0.0019999999740939
HHS Region 2,3 wk ahead,Bin,percent,9.0,9.1,0.0019999999740939
HHS Region 2,3 wk ahead,Bin,percent,9.1,9.2,0.00499999993229808
HHS Region 2,3 wk ahead,Bin,percent,9.2,9.3,0.000999999988025837
HHS Region 2,3 wk ahead,Bin,percent,9.3,9.4,0.00299999996016196
HHS Region 2,3 wk ahead,Bin,percent,9.4,9.5,0.000999999988025837
HHS Region 2,3 wk ahead,Bin,percent,9.5,9.6,0.000999999988025837
HHS Region 2,3 wk ahead,Bin,percent,9.6,9.7,0.000999999988025837
HHS Region 2,3 wk ahead,Bin,percent,9.7,9.8,0.0019999999740939
HHS Region 2,3 wk ahead,Bin,percent,9.8,9.9,0.00299999996016196
HHS Region 2,3 wk ahead,Bin,percent,9.9,10.0,1.95777733770668e-12
HHS Region 2,3 wk ahead,Bin,percent,10.0,10.1,0.00299999996016196
HHS Region 2,3 wk ahead,Bin,percent,10.1,10.2,0.0019999999740939
HHS Region 2,3 wk ahead,Bin,percent,10.2,10.3,0.00299999996016196
HHS Region 2,3 wk ahead,Bin,percent,10.3,10.4,0.0019999999740939
HHS Region 2,3 wk ahead,Bin,percent,10.4,10.5,0.000999999988025837
HHS Region 2,3 wk ahead,Bin,percent,10.5,10.6,0.00299999996016196
HHS Region 2,3 wk ahead,Bin,percent,10.6,10.7,1.95777733770668e-12
HHS Region 2,3 wk ahead,Bin,percent,10.7,10.8,1.95777733770668e-12
HHS Region 2,3 wk ahead,Bin,percent,10.8,10.9,0.000999999988025837
HHS Region 2,3 wk ahead,Bin,percent,10.9,11.0,0.000999999988025837
HHS Region 2,3 wk ahead,Bin,percent,11.0,11.1,1.95777733770668e-12
HHS Region 2,3 wk ahead,Bin,percent,11.1,11.2,0.000999999988025837
HHS Region 2,3 wk ahead,Bin,percent,11.2,11.3,1.95777733770668e-12
HHS Region 2,3 wk ahead,Bin,percent,11.3,11.4,0.000999999988025837
HHS Region 2,3 wk ahead,Bin,percent,11.4,11.5,0.000999999988025837
HHS Region 2,3 wk ahead,Bin,percent,11.5,11.6,0.000999999988025837
HHS Region 2,3 wk ahead,Bin,percent,11.6,11.7,0.0019999999740939
HHS Region 2,3 wk ahead,Bin,percent,11.7,11.8,1.95777733770668e-12
HHS Region 2,3 wk ahead,Bin,percent,11.8,11.9,0.0019999999740939
HHS Region 2,3 wk ahead,Bin,percent,11.9,12.0,1.95777733770668e-12
HHS Region 2,3 wk ahead,Bin,percent,12.0,12.1,0.000999999988025837
HHS Region 2,3 wk ahead,Bin,percent,12.1,12.2,0.000999999988025837
HHS Region 2,3 wk ahead,Bin,percent,12.2,12.3,1.95777733770668e-12
HHS Region 2,3 wk ahead,Bin,percent,12.3,12.4,0.000999999988025837
HHS Region 2,3 wk ahead,Bin,percent,12.4,12.5,0.000999999988025837
HHS Region 2,3 wk ahead,Bin,percent,12.5,12.6,1.95777733770668e-12
HHS Region 2,3 wk ahead,Bin,percent,12.6,12.7,0.0019999999740939
HHS Region 2,3 wk ahead,Bin,percent,12.7,12.8,1.95777733770668e-12
HHS Region 2,3 wk ahead,Bin,percent,12.8,12.9,1.95777733770668e-12
HHS Region 2,3 wk ahead,Bin,percent,12.9,13.0,1.95777733770668e-12
HHS Region 2,3 wk ahead,Bin,percent,13.0,100.0,0.00399999994623002
HHS Region 2,4 wk ahead,Bin,percent,0.0,0.1,1.12968686754798e-10
HHS Region 2,4 wk ahead,Bin,percent,0.1,0.2,2.59119967600007e-10
HHS Region 2,4 wk ahead,Bin,percent,0.2,0.3,3.04632083525319e-10
HHS Region 2,4 wk ahead,Bin,percent,0.3,0.4,3.50423112177289e-10
HHS Region 2,4 wk ahead,Bin,percent,0.4,0.5,3.95090002404527e-10
HHS Region 2,4 wk ahead,Bin,percent,0.5,0.6,4.37348771250506e-10
HHS Region 2,4 wk ahead,Bin,percent,0.6,0.7,4.76103467292536e-10
HHS Region 2,4 wk ahead,Bin,percent,0.7,0.8,5.10473343439891e-10
HHS Region 2,4 wk ahead,Bin,percent,0.8,0.9,5.39794730817215e-10
HHS Region 2,4 wk ahead,Bin,percent,0.9,1.0,5.63579213039881e-10
HHS Region 2,4 wk ahead,Bin,percent,1.0,1.1,5.81487455376684e-10
HHS Region 2,4 wk ahead,Bin,percent,1.1,1.2,5.93289907238558e-10
HHS Region 2,4 wk ahead,Bin,percent,1.2,1.3,5.98857024586537e-10
HHS Region 2,4 wk ahead,Bin,percent,1.3,1.4,0.00100000058421922
HHS Region 2,4 wk ahead,Bin,percent,1.4,1.5,5.91254424705077e-10
HHS Region 2,4 wk ahead,Bin,percent,1.5,1.6,5.78398158052691e-10
HHS Region 2,4 wk ahead,Bin,percent,1.6,1.7,5.59993433199221e-10
HHS Region 2,4 wk ahead,Bin,percent,1.7,1.8,5.36673715278049e-10
HHS Region 2,4 wk ahead,Bin,percent,1.8,1.9,5.09299719382437e-10
HHS Region 2,4 wk ahead,Bin,percent,1.9,2.0,4.78942373630212e-10
HHS Region 2,4 wk ahead,Bin,percent,2.0,2.1,0.00300000040503325
HHS Region 2,4 wk ahead,Bin,percent,2.1,2.2,4.14239118379836e-10
HHS Region 2,4 wk ahead,Bin,percent,2.2,2.3,0.00200000035450667
HHS Region 2,4 wk ahead,Bin,percent,2.3,2.4,0.00200000032433278
HHS Region 2,4 wk ahead,Bin,percent,2.4,2.5,0.00300000028253948
HHS Region 2,4 wk ahead,Bin,percent,2.5,2.6,2.98975706860327e-10
HHS Region 2,4 wk ahead,Bin,percent,2.6,2.7,0.00200000024801728
HHS Region 2,4 wk ahead,Bin,percent,2.7,2.8,0.00400000019874017
HHS Region 2,4 wk ahead,Bin,percent,2.8,2.9,0.00300000019217112
HHS Region 2,4 wk ahead,Bin,percent,2.9,3.0,0.00300000017181669
HHS Region 2,4 wk ahead,Bin,percent,3.0,3.1,0.0020000001649625
HHS Region 2,4 wk ahead,Bin,percent,3.1,3.2,0.00300000012955346
HHS Region 2,4 wk ahead,Bin,percent,3.2,3.3,0.00500000007963009
HHS Region 2,4 wk ahead,Bin,percent,3.3,3.4,0.00999999998776765
HHS Region 2,4 wk ahead,Bin,percent,3.4,3.5,0.0129999999242871
HHS Region 2,4 wk ahead,Bin,percent,3.5,3.6,0.0040000000292452
HHS Region 2,4 wk ahead,Bin,percent,3.6,3.7,0.0149999998574902
HHS Region 2,4 wk ahead,Bin,percent,3.7,3.8,0.0119999998831977
HHS Region 2,4 wk ahead,Bin,percent,3.8,3.9,0.0149999998279844
HHS Region 2,4 wk ahead,Bin,percent,3.9,4.0,0.0149999998172507
HHS Region 2,4 wk ahead,Bin,percent,4.0,4.1,0.0169999997811494
HHS Region 2,4 wk ahead,Bin,percent,4.1,4.2,0.0179999997611493
HHS Region 2,4 wk ahead,Bin,percent,4.2,4.3,0.0229999996871989
HHS Region 2,4 wk ahead,Bin,percent,4.3,4.4,0.0169999997678758
HHS Region 2,4 wk ahead,Bin,percent,4.4,4.5,0.030999999570926
HHS Region 2,4 wk ahead,Bin,percent,4.5,4.6,0.0309999995697324
HHS Region 2,4 wk ahead,Bin,percent,4.6,4.7,0.0349999995135763
HHS Region 2,4 wk ahead,Bin,percent,4.7,4.8,0.0269999996250318
HHS Region 2,4 wk ahead,Bin,percent,4.8,4.9,0.0269999996250318
HHS Region 2,4 wk ahead,Bin,percent,4.9,5.0,0.0259999996389637
HHS Region 2,4 wk ahead,Bin,percent,5.0,5.1,0.0419999994160527
HHS Region 2,4 wk ahead,Bin,percent,5.1,5.2,0.0349999995135763
HHS Region 2,4 wk ahead,Bin,percent,5.2,5.3,0.0339999995275082
HHS Region 2,4 wk ahead,Bin,percent,5.3,5.4,0.0419999994160527
HHS Region 2,4 wk ahead,Bin,percent,5.4,5.5,0.0269999996250318
HHS Region 2,4 wk ahead,Bin,percent,5.5,5.6,0.0349999995135763
HHS Region 2,4 wk ahead,Bin,percent,5.6,5.7,0.029999999583236
HHS Region 2,4 wk ahead,Bin,percent,5.7,5.8,0.0289999995971679
HHS Region 2,4 wk ahead,Bin,percent,5.8,5.9,0.0229999996807596
HHS Region 2,4 wk ahead,Bin,percent,5.9,6.0,0.0209999997086234
HHS Region 2,4 wk ahead,Bin,percent,6.0,6.1,0.0199999997225554
HHS Region 2,4 wk ahead,Bin,percent,6.1,6.2,0.0259999996389637
HHS Region 2,4 wk ahead,Bin,percent,6.2,6.3,0.0239999996668276
HHS Region 2,4 wk ahead,Bin,percent,6.3,6.4,0.0169999997643512
HHS Region 2,4 wk ahead,Bin,percent,6.4,6.5,0.0119999998340109
HHS Region 2,4 wk ahead,Bin,percent,6.5,6.6,0.0179999997504193
HHS Region 2,4 wk ahead,Bin,percent,6.6,6.7,0.0109999998479428
HHS Region 2,4 wk ahead,Bin,percent,6.7,6.8,0.0169999997643512
HHS Region 2,4 wk ahead,Bin,percent,6.8,6.9,0.0219999996946915
HHS Region 2,4 wk ahead,Bin,percent,6.9,7.0,0.0109999998479428
HHS Region 2,4 wk ahead,Bin,percent,7.0,7.1,0.00999999986187478
HHS Region 2,4 wk ahead,Bin,percent,7.1,7.2,0.00899999987580672
HHS Region 2,4 wk ahead,Bin,percent,7.2,7.3,0.00799999988973866
HHS Region 2,4 wk ahead,Bin,percent,7.3,7.4,0.0179999997504193
HHS Region 2,4 wk ahead,Bin,percent,7.4,7.5,0.00999999986187478
HHS Region 2,4 wk ahead,Bin,percent,7.5,7.6,0.0069999999036706
HHS Region 2,4 wk ahead,Bin,percent,7.6,7.7,0.00499999993153448
HHS Region 2,4 wk ahead,Bin,percent,7.7,7.8,0.00799999988973866
HHS Region 2,4 wk ahead,Bin,percent,7.8,7.9,0.0019999999733303
HHS Region 2,4 wk ahead,Bin,percent,7.9,8.0,0.00499999993153448
HHS Region 2,4 wk ahead,Bin,percent,8.0,8.1,0.00399999994546642
HHS Region 2,4 wk ahead,Bin,percent,8.1,8.2,0.00399999994546642
HHS Region 2,4 wk ahead,Bin,percent,8.2,8.3,0.0019999999733303
HHS Region 2,4 wk ahead,Bin,percent,8.3,8.4,1.19418382961473e-12
HHS Region 2,4 wk ahead,Bin,percent,8.4,8.5,0.0019999999733303
HHS Region 2,4 wk ahead,Bin,percent,8.5,8.6,0.0019999999733303
HHS Region 2,4 wk ahead,Bin,percent,8.6,8.7,0.00299999995939836
HHS Region 2,4 wk ahead,Bin,percent,8.7,8.8,0.0019999999733303
HHS Region 2,4 wk ahead,Bin,percent,8.8,8.9,0.00299999995939836
HHS Region 2,4 wk ahead,Bin,percent,8.9,9.0,0.00399999994546642
HHS Region 2,4 wk ahead,Bin,percent,9.0,9.1,0.000999999987262244
HHS Region 2,4 wk ahead,Bin,percent,9.1,9.2,0.0019999999733303
HHS Region 2,4 wk ahead,Bin,percent,9.2,9.3,0.0019999999733303
HHS Region 2,4 wk ahead,Bin,percent,9.3,9.4,0.0019999999733303
HHS Region 2,4 wk ahead,Bin,percent,9.4,9.5,0.000999999987262244
HHS Region 2,4 wk ahead,Bin,percent,9.5,9.6,0.000999999987262244
HHS Region 2,4 wk ahead,Bin,percent,9.6,9.7,0.00299999995939836
HHS Region 2,4 wk ahead,Bin,percent,9.7,9.8,0.000999999987262244
HHS Region 2,4 wk ahead,Bin,percent,9.8,9.9,1.19418382961473e-12
HHS Region 2,4 wk ahead,Bin,percent,9.9,10.0,1.19418382961473e-12
HHS Region 2,4 wk ahead,Bin,percent,10.0,10.1,0.0019999999733303
HHS Region 2,4 wk ahead,Bin,percent,10.1,10.2,0.0019999999733303
HHS Region 2,4 wk ahead,Bin,percent,10.2,10.3,1.19418382961473e-12
HHS Region 2,4 wk ahead,Bin,percent,10.3,10.4,1.19418382961473e-12
HHS Region 2,4 wk ahead,Bin,percent,10.4,10.5,0.0019999999733303
HHS Region 2,4 wk ahead,Bin,percent,10.5,10.6,0.0019999999733303
HHS Region 2,4 wk ahead,Bin,percent,10.6,10.7,0.000999999987262244
HHS Region 2,4 wk ahead,Bin,percent,10.7,10.8,0.000999999987262244
HHS Region 2,4 wk ahead,Bin,percent,10.8,10.9,0.000999999987262244
HHS Region 2,4 wk ahead,Bin,percent,10.9,11.0,1.19418382961473e-12
HHS Region 2,4 wk ahead,Bin,percent,11.0,11.1,1.19418382961473e-12
HHS Region 2,4 wk ahead,Bin,percent,11.1,11.2,0.000999999987262244
HHS Region 2,4 wk ahead,Bin,percent,11.2,11.3,1.19418382961473e-12
HHS Region 2,4 wk ahead,Bin,percent,11.3,11.4,1.19418382961473e-12
HHS Region 2,4 wk ahead,Bin,percent,11.4,11.5,0.000999999987262244
HHS Region 2,4 wk ahead,Bin,percent,11.5,11.6,1.19418382961473e-12
HHS Region 2,4 wk ahead,Bin,percent,11.6,11.7,1.19418382961473e-12
HHS Region 2,4 wk ahead,Bin,percent,11.7,11.8,1.19418382961473e-12
HHS Region 2,4 wk ahead,Bin,percent,11.8,11.9,1.19418382961473e-12
HHS Region 2,4 wk ahead,Bin,percent,11.9,12.0,0.000999999987262244
HHS Region 2,4 wk ahead,Bin,percent,12.0,12.1,1.19418382961473e-12
HHS Region 2,4 wk ahead,Bin,percent,12.1,12.2,1.19418382961473e-12
HHS Region 2,4 wk ahead,Bin,percent,12.2,12.3,1.19418382961473e-12
HHS Region 2,4 wk ahead,Bin,percent,12.3,12.4,1.19418382961473e-12
HHS Region 2,4 wk ahead,Bin,percent,12.4,12.5,1.19418382961473e-12
HHS Region 2,4 wk ahead,Bin,percent,12.5,12.6,1.19418382961473e-12
HHS Region 2,4 wk ahead,Bin,percent,12.6,12.7,1.19418382961473e-12
HHS Region 2,4 wk ahead,Bin,percent,12.7,12.8,1.19418382961473e-12
HHS Region 2,4 wk ahead,Bin,percent,12.8,12.9,1.19418382961473e-12
HHS Region 2,4 wk ahead,Bin,percent,12.9,13.0,1.19418382961473e-12
HHS Region 2,4 wk ahead,Bin,percent,13.0,100.0,1.19418382961473e-12
HHS Region 2,Season onset,Bin,week,40.0,41.0,3.24731849931432e-05
HHS Region 2,Season onset,Bin,week,41.0,42.0,0.000121130209330421
HHS Region 2,Season onset,Bin,week,42.0,43.0,0.00049063991182049
HHS Region 2,Season onset,Bin,week,43.0,44.0,0.00140928504679205
HHS Region 2,Season onset,Bin,week,44.0,45.0,0.00304851598664984
HHS Region 2,Season onset,Bin,week,45.0,46.0,0.00553356443693975
HHS Region 2,Season onset,Bin,week,46.0,47.0,0.00940606403767705
HHS Region 2,Season onset,Bin,week,47.0,48.0,0.0150519619807854
HHS Region 2,Season onset,Bin,week,48.0,49.0,0.623552426726269
HHS Region 2,Season onset,Bin,week,49.0,50.0,0.104487744938388
HHS Region 2,Season onset,Bin,week,50.0,51.0,0.101575992558007
HHS Region 2,Season onset,Bin,week,51.0,52.0,0.0159331133411125
HHS Region 2,Season onset,Bin,week,52.0,53.0,0.00999773645364526
HHS Region 2,Season onset,Bin,week,1.0,2.0,0.00631946045725786
HHS Region 2,Season onset,Bin,week,2.0,3.0,0.00700355480819591
HHS Region 2,Season onset,Bin,week,3.0,4.0,0.0120202073772478
HHS Region 2,Season onset,Bin,week,4.0,5.0,0.0182802265402438
HHS Region 2,Season onset,Bin,week,5.0,6.0,0.0212639226812496
HHS Region 2,Season onset,Bin,week,6.0,7.0,0.0186052364517352
HHS Region 2,Season onset,Bin,week,7.0,8.0,0.0121069814611116
HHS Region 2,Season onset,Bin,week,8.0,9.0,0.00574905494287775
HHS Region 2,Season onset,Bin,week,9.0,10.0,0.00195081883405854
HHS Region 2,Season onset,Bin,week,10.0,11.0,0.000464817000674235
HHS Region 2,Season onset,Bin,week,11.0,12.0,0.000121295632026581
HHS Region 2,Season onset,Bin,week,12.0,13.0,0.000115069210028281
HHS Region 2,Season onset,Bin,week,13.0,14.0,0.000115069210028281
HHS Region 2,Season onset,Bin,week,14.0,15.0,0.000115069210028281
HHS Region 2,Season onset,Bin,week,15.0,16.0,0.000115069210028281
HHS Region 2,Season onset,Bin,week,16.0,17.0,0.000115069210028281
HHS Region 2,Season onset,Bin,week,17.0,18.0,0.000115069210028281
HHS Region 2,Season onset,Bin,week,18.0,19.0,0.000115069210028281
HHS Region 2,Season onset,Bin,week,19.0,20.0,0.000115069210028281
HHS Region 2,Season onset,Bin,week,20.0,21.0,0.000115069210028281
HHS Region 2,Season onset,Bin,week,none,none,0.0044381521106563
HHS Region 2,Season peak percentage,Bin,percent,0.0,0.1,0.000110202560759729
HHS Region 2,Season peak percentage,Bin,percent,0.1,0.2,0.000251645769826588
HHS Region 2,Season peak percentage,Bin,percent,0.2,0.3,0.000297197422900221
HHS Region 2,Season peak percentage,Bin,percent,0.3,0.4,0.000347293141349919
HHS Region 2,Season peak percentage,Bin,percent,0.4,0.5,0.000401711825431058
HHS Region 2,Season peak percentage,Bin,percent,0.5,0.6,0.000460180477846646
HHS Region 2,Season peak percentage,Bin,percent,0.6,0.7,0.000522386521142989
HHS Region 2,Season peak percentage,Bin,percent,0.7,0.8,0.000588053523705931
HHS Region 2,Season peak percentage,Bin,percent,0.8,0.9,0.000656972416173108
HHS Region 2,Season peak percentage,Bin,percent,0.9,1.0,0.000729095278129798
HHS Region 2,Season peak percentage,Bin,percent,1.0,1.1,0.000804575414358698
HHS Region 2,Season peak percentage,Bin,percent,1.1,1.2,0.000883833899482284
HHS Region 2,Season peak percentage,Bin,percent,1.2,1.3,0.00096761630131994
HHS Region 2,Season peak percentage,Bin,percent,1.3,1.4,0.0010569789180745
HHS Region 2,Season peak percentage,Bin,percent,1.4,1.5,0.00115333851816277
HHS Region 2,Season peak percentage,Bin,percent,1.5,1.6,0.00125833963577852
HHS Region 2,Season peak percentage,Bin,percent,1.6,1.7,0.00137387824957033
HHS Region 2,Season peak percentage,Bin,percent,1.7,1.8,0.00150196952188778
HHS Region 2,Season peak percentage,Bin,percent,1.8,1.9,0.00164461424003706
HHS Region 2,Season peak percentage,Bin,percent,1.9,2.0,0.00180373110536668
HHS Region 2,Season peak percentage,Bin,percent,2.0,2.1,0.00198084680127011
HHS Region 2,Season peak percentage,Bin,percent,2.1,2.2,0.00217712686224414
HHS Region 2,Season peak percentage,Bin,percent,2.2,2.3,0.00239310407847783
HHS Region 2,Season peak percentage,Bin,percent,2.3,2.4,0.00262871757808213
HHS Region 2,Season peak percentage,Bin,percent,2.4,2.5,0.0028831254344352
HHS Region 2,Season peak percentage,Bin,percent,2.5,2.6,0.00315470323381958
HHS Region 2,Season peak percentage,Bin,percent,2.6,2.7,0.00344096426924489
HHS Region 2,Season peak percentage,Bin,percent,2.7,2.8,0.00373871652087345
HHS Region 2,Season peak percentage,Bin,percent,2.8,2.9,0.00404413027510546
HHS Region 2,Season peak percentage,Bin,percent,2.9,3.0,0.0043527817665168
HHS Region 2,Season peak percentage,Bin,percent,3.0,3.1,0.00465979513747269
HHS Region 2,Season peak percentage,Bin,percent,3.1,3.2,0.00496003879443175
HHS Region 2,Season peak percentage,Bin,percent,3.2,3.3,0.00524828087361343
HHS Region 2,Season peak percentage,Bin,percent,3.3,3.4,0.00551934374653765
HHS Region 2,Season peak percentage,Bin,percent,3.4,3.5,0.00576829113307095
HHS Region 2,Season peak percentage,Bin,percent,3.5,3.6,0.00599038233942931
HHS Region 2,Season peak percentage,Bin,percent,3.6,3.7,0.00618161018656994
HHS Region 2,Season peak percentage,Bin,percent,3.7,3.8,0.00633843606070217
HHS Region 2,Season peak percentage,Bin,percent,3.8,3.9,0.00645817029264101
HHS Region 2,Season peak percentage,Bin,percent,3.9,4.0,0.00653875149497125
HHS Region 2,Season peak percentage,Bin,percent,4.0,4.1,0.0065789021093978
HHS Region 2,Season peak percentage,Bin,percent,4.1,4.2,0.00657824621949171
HHS Region 2,Season peak percentage,Bin,percent,4.2,4.3,0.0065372872943159
HHS Region 2,Season peak percentage,Bin,percent,4.3,4.4,0.00645731315563428
HHS Region 2,Season peak percentage,Bin,percent,4.4,4.5,0.00634018332567426
HHS Region 2,Season peak percentage,Bin,percent,4.5,4.6,0.00618851674394577
HHS Region 2,Season peak percentage,Bin,percent,4.6,4.7,0.00600533221133859
HHS Region 2,Season peak percentage,Bin,percent,4.7,4.8,0.00579430693016066
HHS Region 2,Season peak percentage,Bin,percent,4.8,4.9,0.00555928067561697
HHS Region 2,Season peak percentage,Bin,percent,4.9,5.0,0.00530436509346983
HHS Region 2,Season peak percentage,Bin,percent,5.0,5.1,0.00503375843654626
HHS Region 2,Season peak percentage,Bin,percent,5.1,5.2,0.00475161219115924
HHS Region 2,Season peak percentage,Bin,percent,5.2,5.3,0.00446207389340333
HHS Region 2,Season peak percentage,Bin,percent,5.3,5.4,0.004169075294608
HHS Region 2,Season peak percentage,Bin,percent,5.4,5.5,0.00387631472981874
HHS Region 2,Season peak percentage,Bin,percent,5.5,5.6,0.00358717744588222
HHS Region 2,Season peak percentage,Bin,percent,5.6,5.7,0.00330472352723349
HHS Region 2,Season peak percentage,Bin,percent,5.7,5.8,0.00303160970028575
HHS Region 2,Season peak percentage,Bin,percent,5.8,5.9,0.00277009577202699
HHS Region 2,Season peak percentage,Bin,percent,5.9,6.0,0.0025219491708066
HHS Region 2,Season peak percentage,Bin,percent,6.0,6.1,0.00228854200349453
HHS Region 2,Season peak percentage,Bin,percent,6.1,6.2,0.00207074947145688
HHS Region 2,Season peak percentage,Bin,percent,6.2,6.3,0.00186908012353582
HHS Region 2,Season peak percentage,Bin,percent,6.3,6.4,0.0016835783170286
HHS Region 2,Season peak percentage,Bin,percent,6.4,6.5,0.00151395558964866
HHS Region 2,Season peak percentage,Bin,percent,6.5,6.6,0.00135957464460051
HHS Region 2,Season peak percentage,Bin,percent,6.6,6.7,0.00121956084250422
HHS Region 2,Season peak percentage,Bin,percent,6.7,6.8,0.00109291919714419
HHS Region 2,Season peak percentage,Bin,percent,6.8,6.9,0.000978475067524016
HHS Region 2,Season peak percentage,Bin,percent,6.9,7.0,0.0008750720279453
HHS Region 2,Season peak percentage,Bin,percent,7.0,7.1,0.00078150667635804
HHS Region 2,Season peak percentage,Bin,percent,7.1,7.2,0.000696706340646058
HHS Region 2,Season peak percentage,Bin,percent,7.2,7.3,0.000619708334048406
HHS Region 2,Season peak percentage,Bin,percent,7.3,7.4,0.000549674121589796
HHS Region 2,Season peak percentage,Bin,percent,7.4,7.5,0.000485951158706127
HHS Region 2,Season peak percentage,Bin,percent,7.5,7.6,0.000427998993737384
HHS Region 2,Season peak percentage,Bin,percent,7.6,7.7,0.000375450702198549
HHS Region 2,Season peak percentage,Bin,percent,7.7,7.8,0.000328048880744898
HHS Region 2,Season peak percentage,Bin,percent,7.8,7.9,0.000285659655384707
HHS Region 2,Season peak percentage,Bin,percent,7.9,8.0,0.000248227641534903
HHS Region 2,Season peak percentage,Bin,percent,8.0,8.1,0.000215748342009722
HHS Region 2,Season peak percentage,Bin,percent,8.1,8.2,0.000188244638758511
HHS Region 2,Season peak percentage,Bin,percent,8.2,8.3,0.00016575840782191
HHS Region 2,Season peak percentage,Bin,percent,8.3,8.4,0.000148352891174742
HHS Region 2,Season peak percentage,Bin,percent,8.4,8.5,0.000136061037352554
HHS Region 2,Season peak percentage,Bin,percent,8.5,8.6,0.000128921442210734
HHS Region 2,Season peak percentage,Bin,percent,8.6,8.7,0.000126894714115471
HHS Region 2,Season peak percentage,Bin,percent,8.7,8.8,0.000129924310397161
HHS Region 2,Season peak percentage,Bin,percent,8.8,8.9,0.000137894120677684
HHS Region 2,Season peak percentage,Bin,percent,8.9,9.0,0.000150612778513444
HHS Region 2,Season peak percentage,Bin,percent,9.0,9.1,0.00016782933860986
HHS Region 2,Season peak percentage,Bin,percent,9.1,9.2,0.000189154487114428
HHS Region 2,Season peak percentage,Bin,percent,9.2,9.3,0.000214109663362869
HHS Region 2,Season peak percentage,Bin,percent,9.3,9.4,0.000242093426296685
HHS Region 2,Season peak percentage,Bin,percent,9.4,9.5,0.000272396789042733
HHS Region 2,Season peak percentage,Bin,percent,9.5,9.6,0.000304193642930609
HHS Region 2,Season peak percentage,Bin,percent,9.6,9.7,0.00033655294518276
HHS Region 2,Season peak percentage,Bin,percent,9.7,9.8,0.00036847297705821
HHS Region 2,Season peak percentage,Bin,percent,9.8,9.9,0.000398919754798776
HHS Region 2,Season peak percentage,Bin,percent,9.9,10.0,0.000426853808696758
HHS Region 2,Season peak percentage,Bin,percent,10.0,10.1,0.00045128799431117
HHS Region 2,Season peak percentage,Bin,percent,10.1,10.2,0.000471311361674525
HHS Region 2,Season peak percentage,Bin,percent,10.2,10.3,0.000486178306432614
HHS Region 2,Season peak percentage,Bin,percent,10.3,10.4,0.000495313029973151
HHS Region 2,Season peak percentage,Bin,percent,10.4,10.5,0.000498356794304934
HHS Region 2,Season peak percentage,Bin,percent,10.5,10.6,0.000495186109308296
HHS Region 2,Season peak percentage,Bin,percent,10.6,10.7,0.000485881513405758
HHS Region 2,Season peak percentage,Bin,percent,10.7,10.8,0.000470803529697643
HHS Region 2,Season peak percentage,Bin,percent,10.8,10.9,0.000450488950113531
HHS Region 2,Season peak percentage,Bin,percent,10.9,11.0,0.000425669717271882
HHS Region 2,Season peak percentage,Bin,percent,11.0,11.1,0.000397188333463774
HHS Region 2,Season peak percentage,Bin,percent,11.1,11.2,0.000365973302595932
HHS Region 2,Season peak percentage,Bin,percent,11.2,11.3,0.000332993689902001
HHS Region 2,Season peak percentage,Bin,percent,11.3,11.4,0.000299195987773127
HHS Region 2,Season peak percentage,Bin,percent,11.4,11.5,0.00026546630212631
HHS Region 2,Season peak percentage,Bin,percent,11.5,11.6,0.000232592290682201
HHS Region 2,Season peak percentage,Bin,percent,11.6,11.7,0.00020123715822496
HHS Region 2,Season peak percentage,Bin,percent,11.7,11.8,0.000171931172319738
HHS Region 2,Season peak percentage,Bin,percent,11.8,11.9,0.000145056912571933
HHS Region 2,Season peak percentage,Bin,percent,11.9,12.0,0.000120853202228016
HHS Region 2,Season peak percentage,Bin,percent,12.0,12.1,9.94275892727169e-05
HHS Region 2,Season peak percentage,Bin,percent,12.1,12.2,0.741794731652906
HHS Region 2,Season peak percentage,Bin,percent,12.2,12.3,6.48002659298867e-05
HHS Region 2,Season peak percentage,Bin,percent,12.3,12.4,5.1333903947524e-05
HHS Region 2,Season peak percentage,Bin,percent,12.4,12.5,0.0023317590658496
HHS Region 2,Season peak percentage,Bin,percent,12.5,12.6,3.10245155008782e-05
HHS Region 2,Season peak percentage,Bin,percent,12.6,12.7,0.00231526428089906
HHS Region 2,Season peak percentage,Bin,percent,12.7,12.8,0.000781693490759639
HHS Region 2,Season peak percentage,Bin,percent,12.8,12.9,0.000777126093571077
HHS Region 2,Season peak percentage,Bin,percent,12.9,13.0,0.000773607331882854
HHS Region 2,Season peak percentage,Bin,percent,13.0,100.0,0.015393781303511
HHS Region 2,Season peak week,Bin,week,40.0,41.0,6.14513677101152e-05
HHS Region 2,Season peak week,Bin,week,41.0,42.0,6.14513677101152e-05
HHS Region 2,Season peak week,Bin,week,42.0,43.0,6.14513677101152e-05
HHS Region 2,Season peak week,Bin,week,43.0,44.0,6.14513677101152e-05
HHS Region 2,Season peak week,Bin,week,44.0,45.0,6.14513677101152e-05
HHS Region 2,Season peak week,Bin,week,45.0,46.0,6.14513677101152e-05
HHS Region 2,Season peak week,Bin,week,46.0,47.0,9.28372811275672e-05
HHS Region 2,Season peak week,Bin,week,47.0,48.0,0.000804471899087484
HHS Region 2,Season peak week,Bin,week,48.0,49.0,0.00339298147874515
HHS Region 2,Season peak week,Bin,week,49.0,50.0,0.00662105611530036
HHS Region 2,Season peak week,Bin,week,50.0,51.0,0.00997150273976054
HHS Region 2,Season peak week,Bin,week,51.0,52.0,0.0154635122073068
HHS Region 2,Season peak week,Bin,week,52.0,53.0,0.0155682604501939
HHS Region 2,Season peak week,Bin,week,1.0,2.0,0.0077595677906974
HHS Region 2,Season peak week,Bin,week,2.0,3.0,0.00189971126789654
HHS Region 2,Season peak week,Bin,week,3.0,4.0,0.00233060626177498
HHS Region 2,Season peak week,Bin,week,4.0,5.0,0.0106478629732357
HHS Region 2,Season peak week,Bin,week,5.0,6.0,0.0257153583211318
HHS Region 2,Season peak week,Bin,week,6.0,7.0,0.03654716985992
HHS Region 2,Season peak week,Bin,week,7.0,8.0,0.032493549135939
HHS Region 2,Season peak week,Bin,week,8.0,9.0,0.016940753889718
HHS Region 2,Season peak week,Bin,week,9.0,10.0,0.00705777259969765
HHS Region 2,Season peak week,Bin,week,10.0,11.0,0.00699065274943041
HHS Region 2,Season peak week,Bin,week,11.0,12.0,0.00960216853600671
HHS Region 2,Season peak week,Bin,week,12.0,13.0,0.00998242070780704
HHS Region 2,Season peak week,Bin,week,13.0,14.0,0.75305368681799
HHS Region 2,Season peak week,Bin,week,14.0,15.0,0.00505173890029873
HHS Region 2,Season peak week,Bin,week,15.0,16.0,0.00351068916353857
HHS Region 2,Season peak week,Bin,week,16.0,17.0,0.00933410158694392
HHS Region 2,Season peak week,Bin,week,17.0,18.0,0.00545591418324065
HHS Region 2,Season peak week,Bin,week,18.0,19.0,9.27622003345596e-05
HHS Region 2,Season peak week,Bin,week,19.0,20.0,0.00162509133830773
HHS Region 2,Season peak week,Bin,week,20.0,21.0,0.00162509133830773
HHS Region 3,1 wk ahead,Bin,percent,0.0,0.1,8.3705294451806e-06
HHS Region 3,1 wk ahead,Bin,percent,0.1,0.2,1.67410588903612e-05
HHS Region 3,1 wk ahead,Bin,percent,0.2,0.3,1.67410588903612e-05
HHS Region 3,1 wk ahead,Bin,percent,0.3,0.4,1.67410588903612e-05
HHS Region 3,1 wk ahead,Bin,percent,0.4,0.5,1.67410588903612e-05
HHS Region 3,1 wk ahead,Bin,percent,0.5,0.6,2.48796753755921e-05
HHS Region 3,1 wk ahead,Bin,percent,0.6,0.7,7.85131955716233e-05
HHS Region 3,1 wk ahead,Bin,percent,0.7,0.8,0.000216104556723513
HHS Region 3,1 wk ahead,Bin,percent,0.8,0.9,0.000507938954875964
HHS Region 3,1 wk ahead,Bin,percent,0.9,1.0,0.00102852501043805
HHS Region 3,1 wk ahead,Bin,percent,1.0,1.1,0.0018179496349846
HHS Region 3,1 wk ahead,Bin,percent,1.1,1.2,0.00285223395543256
HHS Region 3,1 wk ahead,Bin,percent,1.2,1.3,0.0040493484963644
HHS Region 3,1 wk ahead,Bin,percent,1.3,1.4,0.00529950997115702
HHS Region 3,1 wk ahead,Bin,percent,1.4,1.5,0.00648451675006147
HHS Region 3,1 wk ahead,Bin,percent,1.5,1.6,0.00748655087179258
HHS Region 3,1 wk ahead,Bin,percent,1.6,1.7,0.00822290976736102
HHS Region 3,1 wk ahead,Bin,percent,1.7,1.8,0.0104657092016495
HHS Region 3,1 wk ahead,Bin,percent,1.8,1.9,0.00988251606780761
HHS Region 3,1 wk ahead,Bin,percent,1.9,2.0,0.0109290539318682
HHS Region 3,1 wk ahead,Bin,percent,2.0,2.1,0.0134810390663686
HHS Region 3,1 wk ahead,Bin,percent,2.1,2.2,0.0199495763021717
HHS Region 3,1 wk ahead,Bin,percent,2.2,2.3,0.0231466477192009
HHS Region 3,1 wk ahead,Bin,percent,2.3,2.4,0.0214906026435728
HHS Region 3,1 wk ahead,Bin,percent,2.4,2.5,0.0295553067550632
HHS Region 3,1 wk ahead,Bin,percent,2.5,2.6,0.0230525179790687
HHS Region 3,1 wk ahead,Bin,percent,2.6,2.7,0.0365979244215292
HHS Region 3,1 wk ahead,Bin,percent,2.7,2.8,0.0532600186222988
HHS Region 3,1 wk ahead,Bin,percent,2.8,2.9,0.0603430667605092
HHS Region 3,1 wk ahead,Bin,percent,2.9,3.0,0.0778779306425728
HHS Region 3,1 wk ahead,Bin,percent,3.0,3.1,0.0969571684725622
HHS Region 3,1 wk ahead,Bin,percent,3.1,3.2,0.0885529682221261
HHS Region 3,1 wk ahead,Bin,percent,3.2,3.3,0.0846286677947697
HHS Region 3,1 wk ahead,Bin,percent,3.3,3.4,0.0543760866849977
HHS Region 3,1 wk ahead,Bin,percent,3.4,3.5,0.0472390599621366
HHS Region 3,1 wk ahead,Bin,percent,3.5,3.6,0.0463587589580525
HHS Region 3,1 wk ahead,Bin,percent,3.6,3.7,0.0392877971356787
HHS Region 3,1 wk ahead,Bin,percent,3.7,3.8,0.0251016352964225
HHS Region 3,1 wk ahead,Bin,percent,3.8,3.9,0.0161725407511926
HHS Region 3,1 wk ahead,Bin,percent,3.9,4.0,0.0134182897715936
HHS Region 3,1 wk ahead,Bin,percent,4.0,4.1,0.0142190304905102
HHS Region 3,1 wk ahead,Bin,percent,4.1,4.2,0.0115193010966858
HHS Region 3,1 wk ahead,Bin,percent,4.2,4.3,0.00266351962432005
HHS Region 3,1 wk ahead,Bin,percent,4.3,4.4,0.0106025445975849
HHS Region 3,1 wk ahead,Bin,percent,4.4,4.5,0.00265408762002044
HHS Region 3,1 wk ahead,Bin,percent,4.5,4.6,0.00618651144387315
HHS Region 3,1 wk ahead,Bin,percent,4.6,4.7,0.00353719357598362
HHS Region 3,1 wk ahead,Bin,percent,4.7,4.8,0.00177098166405726
HHS Region 3,1 wk ahead,Bin,percent,4.8,4.9,4.76975213090086e-06
HHS Region 3,1 wk ahead,Bin,percent,4.9,5.0,0.00088787570809408
HHS Region 3,1 wk ahead,Bin,percent,5.0,5.1,4.76975213090086e-06
HHS Region 3,1 wk ahead,Bin,percent,5.1,5.2,0.00177098166405726
HHS Region 3,1 wk ahead,Bin,percent,5.2,5.3,4.76975213090086e-06
HHS Region 3,1 wk ahead,Bin,percent,5.3,5.4,0.00088787570809408
HHS Region 3,1 wk ahead,Bin,percent,5.4,5.5,0.00088787570809408
HHS Region 3,1 wk ahead,Bin,percent,5.5,5.6,4.76975213090086e-06
HHS Region 3,1 wk ahead,Bin,percent,5.6,5.7,4.76975213090086e-06
HHS Region 3,1 wk ahead,Bin,percent,5.7,5.8,0.00088787570809408
HHS Region 3,1 wk ahead,Bin,percent,5.8,5.9,4.76975213090086e-06
HHS Region 3,1 wk ahead,Bin,percent,5.9,6.0,4.76975213090086e-06
HHS Region 3,1 wk ahead,Bin,percent,6.0,6.1,4.76975213090086e-06
HHS Region 3,1 wk ahead,Bin,percent,6.1,6.2,4.76975213090086e-06
HHS Region 3,1 wk ahead,Bin,percent,6.2,6.3,4.76975213090086e-06
HHS Region 3,1 wk ahead,Bin,percent,6.3,6.4,4.76975213090086e-06
HHS Region 3,1 wk ahead,Bin,percent,6.4,6.5,4.76975213090086e-06
HHS Region 3,1 wk ahead,Bin,percent,6.5,6.6,4.76975213090086e-06
HHS Region 3,1 wk ahead,Bin,percent,6.6,6.7,4.76975213090086e-06
HHS Region 3,1 wk ahead,Bin,percent,6.7,6.8,4.76975213090086e-06
HHS Region 3,1 wk ahead,Bin,percent,6.8,6.9,4.76975213090086e-06
HHS Region 3,1 wk ahead,Bin,percent,6.9,7.0,4.76975213090086e-06
HHS Region 3,1 wk ahead,Bin,percent,7.0,7.1,4.76975213090086e-06
HHS Region 3,1 wk ahead,Bin,percent,7.1,7.2,4.76975213090086e-06
HHS Region 3,1 wk ahead,Bin,percent,7.2,7.3,4.76975213090086e-06
HHS Region 3,1 wk ahead,Bin,percent,7.3,7.4,4.76975213090086e-06
HHS Region 3,1 wk ahead,Bin,percent,7.4,7.5,4.76975213090086e-06
HHS Region 3,1 wk ahead,Bin,percent,7.5,7.6,4.76975213090086e-06
HHS Region 3,1 wk ahead,Bin,percent,7.6,7.7,4.76975213090086e-06
HHS Region 3,1 wk ahead,Bin,percent,7.7,7.8,4.76975213090086e-06
HHS Region 3,1 wk ahead,Bin,percent,7.8,7.9,0.00088787570809408
HHS Region 3,1 wk ahead,Bin,percent,7.9,8.0,4.76975213090086e-06
HHS Region 3,1 wk ahead,Bin,percent,8.0,8.1,4.7697521309009e-06
HHS Region 3,1 wk ahead,Bin,percent,8.1,8.2,4.76975213090094e-06
HHS Region 3,1 wk ahead,Bin,percent,8.2,8.3,4.76975213090094e-06
HHS Region 3,1 wk ahead,Bin,percent,8.3,8.4,4.76975213090094e-06
HHS Region 3,1 wk ahead,Bin,percent,8.4,8.5,4.76975213090094e-06
HHS Region 3,1 wk ahead,Bin,percent,8.5,8.6,4.76975213090094e-06
HHS Region 3,1 wk ahead,Bin,percent,8.6,8.7,4.76975213090094e-06
HHS Region 3,1 wk ahead,Bin,percent,8.7,8.8,4.76975213090094e-06
HHS Region 3,1 wk ahead,Bin,percent,8.8,8.9,4.76975213090094e-06
HHS Region 3,1 wk ahead,Bin,percent,8.9,9.0,4.76975213090094e-06
HHS Region 3,1 wk ahead,Bin,percent,9.0,9.1,4.76975213090094e-06
HHS Region 3,1 wk ahead,Bin,percent,9.1,9.2,4.76975213090094e-06
HHS Region 3,1 wk ahead,Bin,percent,9.2,9.3,4.76975213090094e-06
HHS Region 3,1 wk ahead,Bin,percent,9.3,9.4,4.76975213090094e-06
HHS Region 3,1 wk ahead,Bin,percent,9.4,9.5,4.76975213090094e-06
HHS Region 3,1 wk ahead,Bin,percent,9.5,9.6,4.76975213090094e-06
HHS Region 3,1 wk ahead,Bin,percent,9.6,9.7,4.76975213090094e-06
HHS Region 3,1 wk ahead,Bin,percent,9.7,9.8,4.76975213090094e-06
HHS Region 3,1 wk ahead,Bin,percent,9.8,9.9,4.76975213090094e-06
HHS Region 3,1 wk ahead,Bin,percent,9.9,10.0,4.76975213090094e-06
HHS Region 3,1 wk ahead,Bin,percent,10.0,10.1,4.76975213090094e-06
HHS Region 3,1 wk ahead,Bin,percent,10.1,10.2,4.76975213090094e-06
HHS Region 3,1 wk ahead,Bin,percent,10.2,10.3,4.76975213090094e-06
HHS Region 3,1 wk ahead,Bin,percent,10.3,10.4,4.76975213090094e-06
HHS Region 3,1 wk ahead,Bin,percent,10.4,10.5,4.76975213090094e-06
HHS Region 3,1 wk ahead,Bin,percent,10.5,10.6,4.76975213090094e-06
HHS Region 3,1 wk ahead,Bin,percent,10.6,10.7,4.76975213090094e-06
HHS Region 3,1 wk ahead,Bin,percent,10.7,10.8,4.76975213090094e-06
HHS Region 3,1 wk ahead,Bin,percent,10.8,10.9,4.76975213090094e-06
HHS Region 3,1 wk ahead,Bin,percent,10.9,11.0,4.76975213090094e-06
HHS Region 3,1 wk ahead,Bin,percent,11.0,11.1,4.76975213090094e-06
HHS Region 3,1 wk ahead,Bin,percent,11.1,11.2,4.76975213090094e-06
HHS Region 3,1 wk ahead,Bin,percent,11.2,11.3,4.76975213090094e-06
HHS Region 3,1 wk ahead,Bin,percent,11.3,11.4,4.76975213090094e-06
HHS Region 3,1 wk ahead,Bin,percent,11.4,11.5,4.76975213090094e-06
HHS Region 3,1 wk ahead,Bin,percent,11.5,11.6,4.76975213090094e-06
HHS Region 3,1 wk ahead,Bin,percent,11.6,11.7,4.76975213090094e-06
HHS Region 3,1 wk ahead,Bin,percent,11.7,11.8,4.76975213090094e-06
HHS Region 3,1 wk ahead,Bin,percent,11.8,11.9,4.76975213090094e-06
HHS Region 3,1 wk ahead,Bin,percent,11.9,12.0,4.76975213090094e-06
HHS Region 3,1 wk ahead,Bin,percent,12.0,12.1,4.76975213090094e-06
HHS Region 3,1 wk ahead,Bin,percent,12.1,12.2,4.76975213090094e-06
HHS Region 3,1 wk ahead,Bin,percent,12.2,12.3,4.76975213090094e-06
HHS Region 3,1 wk ahead,Bin,percent,12.3,12.4,4.76975213090094e-06
HHS Region 3,1 wk ahead,Bin,percent,12.4,12.5,4.76975213090094e-06
HHS Region 3,1 wk ahead,Bin,percent,12.5,12.6,4.76975213090094e-06
HHS Region 3,1 wk ahead,Bin,percent,12.6,12.7,4.76975213090094e-06
HHS Region 3,1 wk ahead,Bin,percent,12.7,12.8,4.76975213090094e-06
HHS Region 3,1 wk ahead,Bin,percent,12.8,12.9,4.76975213090094e-06
HHS Region 3,1 wk ahead,Bin,percent,12.9,13.0,4.76975213090094e-06
HHS Region 3,1 wk ahead,Bin,percent,13.0,100.0,4.76975213090094e-06
HHS Region 3,2 wk ahead,Bin,percent,0.0,0.1,1.10833759381769e-05
HHS Region 3,2 wk ahead,Bin,percent,0.1,0.2,2.21667518763539e-05
HHS Region 3,2 wk ahead,Bin,percent,0.2,0.3,2.21667518763539e-05
HHS Region 3,2 wk ahead,Bin,percent,0.3,0.4,2.21667518763539e-05
HHS Region 3,2 wk ahead,Bin,percent,0.4,0.5,2.21667518763539e-05
HHS Region 3,2 wk ahead,Bin,percent,0.5,0.6,2.21667518763539e-05
HHS Region 3,2 wk ahead,Bin,percent,0.6,0.7,2.21667518763539e-05
HHS Region 3,2 wk ahead,Bin,percent,0.7,0.8,2.21669872892667e-05
HHS Region 3,2 wk ahead,Bin,percent,0.8,0.9,9.62492182948936e-05
HHS Region 3,2 wk ahead,Bin,percent,0.9,1.0,0.000662922797647629
HHS Region 3,2 wk ahead,Bin,percent,1.0,1.1,0.00252547282329138
HHS Region 3,2 wk ahead,Bin,percent,1.1,1.2,0.00679381341478519
HHS Region 3,2 wk ahead,Bin,percent,1.2,1.3,0.0100124391669581
HHS Region 3,2 wk ahead,Bin,percent,1.3,1.4,0.0149116105098075
HHS Region 3,2 wk ahead,Bin,percent,1.4,1.5,0.0189294445730183
HHS Region 3,2 wk ahead,Bin,percent,1.5,1.6,0.0180134005737815
HHS Region 3,2 wk ahead,Bin,percent,1.6,1.7,0.0161778553325423
HHS Region 3,2 wk ahead,Bin,percent,1.7,1.8,0.0247502422812256
HHS Region 3,2 wk ahead,Bin,percent,1.8,1.9,0.0245214810974019
HHS Region 3,2 wk ahead,Bin,percent,1.9,2.0,0.0403176192278667
HHS Region 3,2 wk ahead,Bin,percent,2.0,2.1,0.0512907942246512
HHS Region 3,2 wk ahead,Bin,percent,2.1,2.2,0.053332350001255
HHS Region 3,2 wk ahead,Bin,percent,2.2,2.3,0.0739764732611869
HHS Region 3,2 wk ahead,Bin,percent,2.3,2.4,0.0825555402316252
HHS Region 3,2 wk ahead,Bin,percent,2.4,2.5,0.0724250983660036
HHS Region 3,2 wk ahead,Bin,percent,2.5,2.6,0.0982167680558174
HHS Region 3,2 wk ahead,Bin,percent,2.6,2.7,0.0784043754285434
HHS Region 3,2 wk ahead,Bin,percent,2.7,2.8,0.0677019246006283
HHS Region 3,2 wk ahead,Bin,percent,2.8,2.9,0.0457003090699616
HHS Region 3,2 wk ahead,Bin,percent,2.9,3.0,0.0389482160742623
HHS Region 3,2 wk ahead,Bin,percent,3.0,3.1,0.0371030802624138
HHS Region 3,2 wk ahead,Bin,percent,3.1,3.2,0.0247902888655463
HHS Region 3,2 wk ahead,Bin,percent,3.2,3.3,0.0179592827060706
HHS Region 3,2 wk ahead,Bin,percent,3.3,3.4,0.0192292256881333
HHS Region 3,2 wk ahead,Bin,percent,3.4,3.5,0.0122522940642823
HHS Region 3,2 wk ahead,Bin,percent,3.5,3.6,0.00572595349488331
HHS Region 3,2 wk ahead,Bin,percent,3.6,3.7,0.0151285924203064
HHS Region 3,2 wk ahead,Bin,percent,3.7,3.8,0.0017829292425724
HHS Region 3,2 wk ahead,Bin,percent,3.8,3.9,0.0044248925248028
HHS Region 3,2 wk ahead,Bin,percent,3.9,4.0,0.00177557465691326
HHS Region 3,2 wk ahead,Bin,percent,4.0,4.1,0.00530799848076598
HHS Region 3,2 wk ahead,Bin,percent,4.1,4.2,0.00354178656883962
HHS Region 3,2 wk ahead,Bin,percent,4.2,4.3,0.00265868061287644
HHS Region 3,2 wk ahead,Bin,percent,4.3,4.4,0.00265868061287644
HHS Region 3,2 wk ahead,Bin,percent,4.4,4.5,9.36274498690169e-06
HHS Region 3,2 wk ahead,Bin,percent,4.5,4.6,9.36274498690169e-06
HHS Region 3,2 wk ahead,Bin,percent,4.6,4.7,9.36274498690169e-06
HHS Region 3,2 wk ahead,Bin,percent,4.7,4.8,0.000892468700950081
HHS Region 3,2 wk ahead,Bin,percent,4.8,4.9,0.000892468700950081
HHS Region 3,2 wk ahead,Bin,percent,4.9,5.0,9.36274498690169e-06
HHS Region 3,2 wk ahead,Bin,percent,5.0,5.1,9.36274498690169e-06
HHS Region 3,2 wk ahead,Bin,percent,5.1,5.2,9.36274498690169e-06
HHS Region 3,2 wk ahead,Bin,percent,5.2,5.3,9.36274498690169e-06
HHS Region 3,2 wk ahead,Bin,percent,5.3,5.4,9.36274498690169e-06
HHS Region 3,2 wk ahead,Bin,percent,5.4,5.5,9.36274498690169e-06
HHS Region 3,2 wk ahead,Bin,percent,5.5,5.6,0.000892468700950081
HHS Region 3,2 wk ahead,Bin,percent,5.6,5.7,9.36274498690169e-06
HHS Region 3,2 wk ahead,Bin,percent,5.7,5.8,9.36274498690169e-06
HHS Region 3,2 wk ahead,Bin,percent,5.8,5.9,9.36274498690169e-06
HHS Region 3,2 wk ahead,Bin,percent,5.9,6.0,9.36274498690169e-06
HHS Region 3,2 wk ahead,Bin,percent,6.0,6.1,9.36274498690169e-06
HHS Region 3,2 wk ahead,Bin,percent,6.1,6.2,9.36274498690169e-06
HHS Region 3,2 wk ahead,Bin,percent,6.2,6.3,9.36274498690169e-06
HHS Region 3,2 wk ahead,Bin,percent,6.3,6.4,9.36274498690169e-06
HHS Region 3,2 wk ahead,Bin,percent,6.4,6.5,0.000892468700950081
HHS Region 3,2 wk ahead,Bin,percent,6.5,6.6,9.36274498690169e-06
HHS Region 3,2 wk ahead,Bin,percent,6.6,6.7,9.36274498690169e-06
HHS Region 3,2 wk ahead,Bin,percent,6.7,6.8,0.000892468700950081
HHS Region 3,2 wk ahead,Bin,percent,6.8,6.9,9.36274498690169e-06
HHS Region 3,2 wk ahead,Bin,percent,6.9,7.0,9.36274498690169e-06
HHS Region 3,2 wk ahead,Bin,percent,7.0,7.1,9.36274498690169e-06
HHS Region 3,2 wk ahead,Bin,percent,7.1,7.2,9.36274498690169e-06
HHS Region 3,2 wk ahead,Bin,percent,7.2,7.3,9.36274498690169e-06
HHS Region 3,2 wk ahead,Bin,percent,7.3,7.4,9.36274498690169e-06
HHS Region 3,2 wk ahead,Bin,percent,7.4,7.5,9.36274498690169e-06
HHS Region 3,2 wk ahead,Bin,percent,7.5,7.6,9.36274498690169e-06
HHS Region 3,2 wk ahead,Bin,percent,7.6,7.7,9.36274498690169e-06
HHS Region 3,2 wk ahead,Bin,percent,7.7,7.8,9.36274498690169e-06
HHS Region 3,2 wk ahead,Bin,percent,7.8,7.9,9.36274498690169e-06
HHS Region 3,2 wk ahead,Bin,percent,7.9,8.0,9.36274498690169e-06
HHS Region 3,2 wk ahead,Bin,percent,8.0,8.1,9.36274498690177e-06
HHS Region 3,2 wk ahead,Bin,percent,8.1,8.2,9.36274498690185e-06
HHS Region 3,2 wk ahead,Bin,percent,8.2,8.3,9.36274498690185e-06
HHS Region 3,2 wk ahead,Bin,percent,8.3,8.4,9.36274498690185e-06
HHS Region 3,2 wk ahead,Bin,percent,8.4,8.5,9.36274498690185e-06
HHS Region 3,2 wk ahead,Bin,percent,8.5,8.6,9.36274498690185e-06
HHS Region 3,2 wk ahead,Bin,percent,8.6,8.7,9.36274498690185e-06
HHS Region 3,2 wk ahead,Bin,percent,8.7,8.8,9.36274498690185e-06
HHS Region 3,2 wk ahead,Bin,percent,8.8,8.9,9.36274498690185e-06
HHS Region 3,2 wk ahead,Bin,percent,8.9,9.0,9.36274498690185e-06
HHS Region 3,2 wk ahead,Bin,percent,9.0,9.1,9.36274498690185e-06
HHS Region 3,2 wk ahead,Bin,percent,9.1,9.2,9.36274498690185e-06
HHS Region 3,2 wk ahead,Bin,percent,9.2,9.3,9.36274498690185e-06
HHS Region 3,2 wk ahead,Bin,percent,9.3,9.4,9.36274498690185e-06
HHS Region 3,2 wk ahead,Bin,percent,9.4,9.5,9.36274498690185e-06
HHS Region 3,2 wk ahead,Bin,percent,9.5,9.6,9.36274498690185e-06
HHS Region 3,2 wk ahead,Bin,percent,9.6,9.7,9.36274498690185e-06
HHS Region 3,2 wk ahead,Bin,percent,9.7,9.8,9.36274498690185e-06
HHS Region 3,2 wk ahead,Bin,percent,9.8,9.9,9.36274498690185e-06
HHS Region 3,2 wk ahead,Bin,percent,9.9,10.0,9.36274498690185e-06
HHS Region 3,2 wk ahead,Bin,percent,10.0,10.1,9.36274498690185e-06
HHS Region 3,2 wk ahead,Bin,percent,10.1,10.2,9.36274498690185e-06
HHS Region 3,2 wk ahead,Bin,percent,10.2,10.3,9.36274498690185e-06
HHS Region 3,2 wk ahead,Bin,percent,10.3,10.4,9.36274498690185e-06
HHS Region 3,2 wk ahead,Bin,percent,10.4,10.5,9.36274498690185e-06
HHS Region 3,2 wk ahead,Bin,percent,10.5,10.6,9.36274498690185e-06
HHS Region 3,2 wk ahead,Bin,percent,10.6,10.7,9.36274498690185e-06
HHS Region 3,2 wk ahead,Bin,percent,10.7,10.8,9.36274498690185e-06
HHS Region 3,2 wk ahead,Bin,percent,10.8,10.9,9.36274498690185e-06
HHS Region 3,2 wk ahead,Bin,percent,10.9,11.0,9.36274498690185e-06
HHS Region 3,2 wk ahead,Bin,percent,11.0,11.1,9.36274498690185e-06
HHS Region 3,2 wk ahead,Bin,percent,11.1,11.2,9.36274498690185e-06
HHS Region 3,2 wk ahead,Bin,percent,11.2,11.3,9.36274498690185e-06
HHS Region 3,2 wk ahead,Bin,percent,11.3,11.4,9.36274498690185e-06
HHS Region 3,2 wk ahead,Bin,percent,11.4,11.5,9.36274498690185e-06
HHS Region 3,2 wk ahead,Bin,percent,11.5,11.6,9.36274498690185e-06
HHS Region 3,2 wk ahead,Bin,percent,11.6,11.7,9.36274498690185e-06
HHS Region 3,2 wk ahead,Bin,percent,11.7,11.8,9.36274498690185e-06
HHS Region 3,2 wk ahead,Bin,percent,11.8,11.9,9.36274498690185e-06
HHS Region 3,2 wk ahead,Bin,percent,11.9,12.0,9.36274498690185e-06
HHS Region 3,2 wk ahead,Bin,percent,12.0,12.1,9.36274498690185e-06
HHS Region 3,2 wk ahead,Bin,percent,12.1,12.2,9.36274498690185e-06
HHS Region 3,2 wk ahead,Bin,percent,12.2,12.3,9.36274498690185e-06
HHS Region 3,2 wk ahead,Bin,percent,12.3,12.4,9.36274498690185e-06
HHS Region 3,2 wk ahead,Bin,percent,12.4,12.5,9.36274498690185e-06
HHS Region 3,2 wk ahead,Bin,percent,12.5,12.6,9.36274498690185e-06
HHS Region 3,2 wk ahead,Bin,percent,12.6,12.7,9.36274498690185e-06
HHS Region 3,2 wk ahead,Bin,percent,12.7,12.8,9.36274498690185e-06
HHS Region 3,2 wk ahead,Bin,percent,12.8,12.9,9.36274498690185e-06
HHS Region 3,2 wk ahead,Bin,percent,12.9,13.0,9.36274498690185e-06
HHS Region 3,2 wk ahead,Bin,percent,13.0,100.0,9.36274498690185e-06
HHS Region 3,3 wk ahead,Bin,percent,0.0,0.1,1.22528868329911e-05
HHS Region 3,3 wk ahead,Bin,percent,0.1,0.2,2.45057736659823e-05
HHS Region 3,3 wk ahead,Bin,percent,0.2,0.3,2.45057736659823e-05
HHS Region 3,3 wk ahead,Bin,percent,0.3,0.4,2.45057736659823e-05
HHS Region 3,3 wk ahead,Bin,percent,0.4,0.5,2.45057736659823e-05
HHS Region 3,3 wk ahead,Bin,percent,0.5,0.6,2.46178555959639e-05
HHS Region 3,3 wk ahead,Bin,percent,0.6,0.7,9.27041188263934e-05
HHS Region 3,3 wk ahead,Bin,percent,0.7,0.8,0.000485879733333394
HHS Region 3,3 wk ahead,Bin,percent,0.8,0.9,0.00161225661608029
HHS Region 3,3 wk ahead,Bin,percent,0.9,1.0,0.00367301664339886
HHS Region 3,3 wk ahead,Bin,percent,1.0,1.1,0.00655608763642147
HHS Region 3,3 wk ahead,Bin,percent,1.1,1.2,0.0164793694674222
HHS Region 3,3 wk ahead,Bin,percent,1.2,1.3,0.0209358262206342
HHS Region 3,3 wk ahead,Bin,percent,1.3,1.4,0.0258706349834232
HHS Region 3,3 wk ahead,Bin,percent,1.4,1.5,0.0263185157928822
HHS Region 3,3 wk ahead,Bin,percent,1.5,1.6,0.0428108642611077
HHS Region 3,3 wk ahead,Bin,percent,1.6,1.7,0.0573905448027516
HHS Region 3,3 wk ahead,Bin,percent,1.7,1.8,0.0695632870815868
HHS Region 3,3 wk ahead,Bin,percent,1.8,1.9,0.0683504106643988
HHS Region 3,3 wk ahead,Bin,percent,1.9,2.0,0.0792247725561431
HHS Region 3,3 wk ahead,Bin,percent,2.0,2.1,0.0834886435498279
HHS Region 3,3 wk ahead,Bin,percent,2.1,2.2,0.0833826242042101
HHS Region 3,3 wk ahead,Bin,percent,2.2,2.3,0.0795182155838285
HHS Region 3,3 wk ahead,Bin,percent,2.3,2.4,0.0812783850675426
HHS Region 3,3 wk ahead,Bin,percent,2.4,2.5,0.0499668704946866
HHS Region 3,3 wk ahead,Bin,percent,2.5,2.6,0.0382930622127394
HHS Region 3,3 wk ahead,Bin,percent,2.6,2.7,0.0336007184219311
HHS Region 3,3 wk ahead,Bin,percent,2.7,2.8,0.0247309131172498
HHS Region 3,3 wk ahead,Bin,percent,2.8,2.9,0.0282669986460771
HHS Region 3,3 wk ahead,Bin,percent,2.9,3.0,0.0256610613835512
HHS Region 3,3 wk ahead,Bin,percent,3.0,3.1,0.0116836495250747
HHS Region 3,3 wk ahead,Bin,percent,3.1,3.2,0.011954187207615
HHS Region 3,3 wk ahead,Bin,percent,3.2,3.3,0.00771105700841637
HHS Region 3,3 wk ahead,Bin,percent,3.3,3.4,0.00669778098914714
HHS Region 3,3 wk ahead,Bin,percent,3.4,3.5,0.00377356905557258
HHS Region 3,3 wk ahead,Bin,percent,3.5,3.6,0.000949001392393118
HHS Region 3,3 wk ahead,Bin,percent,3.6,3.7,0.000894748806311119
HHS Region 3,3 wk ahead,Bin,percent,3.7,3.8,0.000890568672076525
HHS Region 3,3 wk ahead,Bin,percent,3.8,3.9,0.000890568672076525
HHS Region 3,3 wk ahead,Bin,percent,3.9,4.0,0.0017736746280397
HHS Region 3,3 wk ahead,Bin,percent,4.0,4.1,7.4627161133463e-06
HHS Region 3,3 wk ahead,Bin,percent,4.1,4.2,7.4627161133463e-06
HHS Region 3,3 wk ahead,Bin,percent,4.2,4.3,0.000890568672076525
HHS Region 3,3 wk ahead,Bin,percent,4.3,4.4,0.00265678058400288
HHS Region 3,3 wk ahead,Bin,percent,4.4,4.5,7.4627161133463e-06
HHS Region 3,3 wk ahead,Bin,percent,4.5,4.6,7.4627161133463e-06
HHS Region 3,3 wk ahead,Bin,percent,4.6,4.7,7.4627161133463e-06
HHS Region 3,3 wk ahead,Bin,percent,4.7,4.8,7.4627161133463e-06
HHS Region 3,3 wk ahead,Bin,percent,4.8,4.9,7.4627161133463e-06
HHS Region 3,3 wk ahead,Bin,percent,4.9,5.0,7.4627161133463e-06
HHS Region 3,3 wk ahead,Bin,percent,5.0,5.1,7.4627161133463e-06
HHS Region 3,3 wk ahead,Bin,percent,5.1,5.2,7.4627161133463e-06
HHS Region 3,3 wk ahead,Bin,percent,5.2,5.3,7.4627161133463e-06
HHS Region 3,3 wk ahead,Bin,percent,5.3,5.4,7.4627161133463e-06
HHS Region 3,3 wk ahead,Bin,percent,5.4,5.5,0.000890568672076525
HHS Region 3,3 wk ahead,Bin,percent,5.5,5.6,7.4627161133463e-06
HHS Region 3,3 wk ahead,Bin,percent,5.6,5.7,7.4627161133463e-06
HHS Region 3,3 wk ahead,Bin,percent,5.7,5.8,7.4627161133463e-06
HHS Region 3,3 wk ahead,Bin,percent,5.8,5.9,7.4627161133463e-06
HHS Region 3,3 wk ahead,Bin,percent,5.9,6.0,7.4627161133463e-06
HHS Region 3,3 wk ahead,Bin,percent,6.0,6.1,7.4627161133463e-06
HHS Region 3,3 wk ahead,Bin,percent,6.1,6.2,7.4627161133463e-06
HHS Region 3,3 wk ahead,Bin,percent,6.2,6.3,7.4627161133463e-06
HHS Region 3,3 wk ahead,Bin,percent,6.3,6.4,7.4627161133463e-06
HHS Region 3,3 wk ahead,Bin,percent,6.4,6.5,7.4627161133463e-06
HHS Region 3,3 wk ahead,Bin,percent,6.5,6.6,7.4627161133463e-06
HHS Region 3,3 wk ahead,Bin,percent,6.6,6.7,7.4627161133463e-06
HHS Region 3,3 wk ahead,Bin,percent,6.7,6.8,7.4627161133463e-06
HHS Region 3,3 wk ahead,Bin,percent,6.8,6.9,7.4627161133463e-06
HHS Region 3,3 wk ahead,Bin,percent,6.9,7.0,7.4627161133463e-06
HHS Region 3,3 wk ahead,Bin,percent,7.0,7.1,7.4627161133463e-06
HHS Region 3,3 wk ahead,Bin,percent,7.1,7.2,7.4627161133463e-06
HHS Region 3,3 wk ahead,Bin,percent,7.2,7.3,7.4627161133463e-06
HHS Region 3,3 wk ahead,Bin,percent,7.3,7.4,7.4627161133463e-06
HHS Region 3,3 wk ahead,Bin,percent,7.4,7.5,7.4627161133463e-06
HHS Region 3,3 wk ahead,Bin,percent,7.5,7.6,7.4627161133463e-06
HHS Region 3,3 wk ahead,Bin,percent,7.6,7.7,7.4627161133463e-06
HHS Region 3,3 wk ahead,Bin,percent,7.7,7.8,7.4627161133463e-06
HHS Region 3,3 wk ahead,Bin,percent,7.8,7.9,7.4627161133463e-06
HHS Region 3,3 wk ahead,Bin,percent,7.9,8.0,7.4627161133463e-06
HHS Region 3,3 wk ahead,Bin,percent,8.0,8.1,7.46271611334637e-06
HHS Region 3,3 wk ahead,Bin,percent,8.1,8.2,7.46271611334643e-06
HHS Region 3,3 wk ahead,Bin,percent,8.2,8.3,7.46271611334643e-06
HHS Region 3,3 wk ahead,Bin,percent,8.3,8.4,7.46271611334643e-06
HHS Region 3,3 wk ahead,Bin,percent,8.4,8.5,7.46271611334643e-06
HHS Region 3,3 wk ahead,Bin,percent,8.5,8.6,7.46271611334643e-06
HHS Region 3,3 wk ahead,Bin,percent,8.6,8.7,7.46271611334643e-06
HHS Region 3,3 wk ahead,Bin,percent,8.7,8.8,7.46271611334643e-06
HHS Region 3,3 wk ahead,Bin,percent,8.8,8.9,7.46271611334643e-06
HHS Region 3,3 wk ahead,Bin,percent,8.9,9.0,7.46271611334643e-06
HHS Region 3,3 wk ahead,Bin,percent,9.0,9.1,7.46271611334643e-06
HHS Region 3,3 wk ahead,Bin,percent,9.1,9.2,7.46271611334643e-06
HHS Region 3,3 wk ahead,Bin,percent,9.2,9.3,7.46271611334643e-06
HHS Region 3,3 wk ahead,Bin,percent,9.3,9.4,7.46271611334643e-06
HHS Region 3,3 wk ahead,Bin,percent,9.4,9.5,7.46271611334643e-06
HHS Region 3,3 wk ahead,Bin,percent,9.5,9.6,7.46271611334643e-06
HHS Region 3,3 wk ahead,Bin,percent,9.6,9.7,7.46271611334643e-06
HHS Region 3,3 wk ahead,Bin,percent,9.7,9.8,7.46271611334643e-06
HHS Region 3,3 wk ahead,Bin,percent,9.8,9.9,7.46271611334643e-06
HHS Region 3,3 wk ahead,Bin,percent,9.9,10.0,7.46271611334643e-06
HHS Region 3,3 wk ahead,Bin,percent,10.0,10.1,7.46271611334643e-06
HHS Region 3,3 wk ahead,Bin,percent,10.1,10.2,7.46271611334643e-06
HHS Region 3,3 wk ahead,Bin,percent,10.2,10.3,7.46271611334643e-06
HHS Region 3,3 wk ahead,Bin,percent,10.3,10.4,7.46271611334643e-06
HHS Region 3,3 wk ahead,Bin,percent,10.4,10.5,7.46271611334643e-06
HHS Region 3,3 wk ahead,Bin,percent,10.5,10.6,7.46271611334643e-06
HHS Region 3,3 wk ahead,Bin,percent,10.6,10.7,7.46271611334643e-06
HHS Region 3,3 wk ahead,Bin,percent,10.7,10.8,7.46271611334643e-06
HHS Region 3,3 wk ahead,Bin,percent,10.8,10.9,7.46271611334643e-06
HHS Region 3,3 wk ahead,Bin,percent,10.9,11.0,7.46271611334643e-06
HHS Region 3,3 wk ahead,Bin,percent,11.0,11.1,7.46271611334643e-06
HHS Region 3,3 wk ahead,Bin,percent,11.1,11.2,7.46271611334643e-06
HHS Region 3,3 wk ahead,Bin,percent,11.2,11.3,7.46271611334643e-06
HHS Region 3,3 wk ahead,Bin,percent,11.3,11.4,7.46271611334643e-06
HHS Region 3,3 wk ahead,Bin,percent,11.4,11.5,7.46271611334643e-06
HHS Region 3,3 wk ahead,Bin,percent,11.5,11.6,7.46271611334643e-06
HHS Region 3,3 wk ahead,Bin,percent,11.6,11.7,7.46271611334643e-06
HHS Region 3,3 wk ahead,Bin,percent,11.7,11.8,7.46271611334643e-06
HHS Region 3,3 wk ahead,Bin,percent,11.8,11.9,7.46271611334643e-06
HHS Region 3,3 wk ahead,Bin,percent,11.9,12.0,7.46271611334643e-06
HHS Region 3,3 wk ahead,Bin,percent,12.0,12.1,7.46271611334643e-06
HHS Region 3,3 wk ahead,Bin,percent,12.1,12.2,7.46271611334643e-06
HHS Region 3,3 wk ahead,Bin,percent,12.2,12.3,7.46271611334643e-06
HHS Region 3,3 wk ahead,Bin,percent,12.3,12.4,7.46271611334643e-06
HHS Region 3,3 wk ahead,Bin,percent,12.4,12.5,7.46271611334643e-06
HHS Region 3,3 wk ahead,Bin,percent,12.5,12.6,7.46271611334643e-06
HHS Region 3,3 wk ahead,Bin,percent,12.6,12.7,7.46271611334643e-06
HHS Region 3,3 wk ahead,Bin,percent,12.7,12.8,7.46271611334643e-06
HHS Region 3,3 wk ahead,Bin,percent,12.8,12.9,7.46271611334643e-06
HHS Region 3,3 wk ahead,Bin,percent,12.9,13.0,7.46271611334643e-06
HHS Region 3,3 wk ahead,Bin,percent,13.0,100.0,7.46271611334643e-06
HHS Region 3,4 wk ahead,Bin,percent,0.0,0.1,1.63554614469318e-05
HHS Region 3,4 wk ahead,Bin,percent,0.1,0.2,3.27109228938635e-05
HHS Region 3,4 wk ahead,Bin,percent,0.2,0.3,3.27109228938635e-05
HHS Region 3,4 wk ahead,Bin,percent,0.3,0.4,3.27109228938635e-05
HHS Region 3,4 wk ahead,Bin,percent,0.4,0.5,3.27109228938635e-05
HHS Region 3,4 wk ahead,Bin,percent,0.5,0.6,3.27109228938635e-05
HHS Region 3,4 wk ahead,Bin,percent,0.6,0.7,6.12256040624151e-05
HHS Region 3,4 wk ahead,Bin,percent,0.7,0.8,0.00130372809253451
HHS Region 3,4 wk ahead,Bin,percent,0.8,0.9,0.00277003245929599
HHS Region 3,4 wk ahead,Bin,percent,0.9,1.0,0.0079920195781367
HHS Region 3,4 wk ahead,Bin,percent,1.0,1.1,0.0152960254595334
HHS Region 3,4 wk ahead,Bin,percent,1.1,1.2,0.0249780689306877
HHS Region 3,4 wk ahead,Bin,percent,1.2,1.3,0.0376313709999926
HHS Region 3,4 wk ahead,Bin,percent,1.3,1.4,0.0564836833166214
HHS Region 3,4 wk ahead,Bin,percent,1.4,1.5,0.0684832416342978
HHS Region 3,4 wk ahead,Bin,percent,1.5,1.6,0.0730291219992781
HHS Region 3,4 wk ahead,Bin,percent,1.6,1.7,0.0705221872419565
HHS Region 3,4 wk ahead,Bin,percent,1.7,1.8,0.0804531130988224
HHS Region 3,4 wk ahead,Bin,percent,1.8,1.9,0.0772954006358049
HHS Region 3,4 wk ahead,Bin,percent,1.9,2.0,0.0873264852677703
HHS Region 3,4 wk ahead,Bin,percent,2.0,2.1,0.0729446996523805
HHS Region 3,4 wk ahead,Bin,percent,2.1,2.2,0.0737498803013054
HHS Region 3,4 wk ahead,Bin,percent,2.2,2.3,0.0463461070143002
HHS Region 3,4 wk ahead,Bin,percent,2.3,2.4,0.0573198154896663
HHS Region 3,4 wk ahead,Bin,percent,2.4,2.5,0.0414458453665139
HHS Region 3,4 wk ahead,Bin,percent,2.5,2.6,0.0295945117100318
HHS Region 3,4 wk ahead,Bin,percent,2.6,2.7,0.0126659588727839
HHS Region 3,4 wk ahead,Bin,percent,2.7,2.8,0.0133466173282677
HHS Region 3,4 wk ahead,Bin,percent,2.8,2.9,0.00907522094189544
HHS Region 3,4 wk ahead,Bin,percent,2.9,3.0,0.0102399098641967
HHS Region 3,4 wk ahead,Bin,percent,3.0,3.1,0.00506947947509817
HHS Region 3,4 wk ahead,Bin,percent,3.1,3.2,0.00576396190889322
HHS Region 3,4 wk ahead,Bin,percent,3.2,3.3,0.0037216906967333
HHS Region 3,4 wk ahead,Bin,percent,3.3,3.4,0.00357637037917103
HHS Region 3,4 wk ahead,Bin,percent,3.4,3.5,0.00177476820252902
HHS Region 3,4 wk ahead,Bin,percent,3.5,3.6,0.00265690629332591
HHS Region 3,4 wk ahead,Bin,percent,3.6,3.7,0.00089069438139955
HHS Region 3,4 wk ahead,Bin,percent,3.7,3.8,0.00089069438139955
HHS Region 3,4 wk ahead,Bin,percent,3.8,3.9,0.00089069438139955
HHS Region 3,4 wk ahead,Bin,percent,3.9,4.0,0.00089069438139955
HHS Region 3,4 wk ahead,Bin,percent,4.0,4.1,7.5884254363706e-06
HHS Region 3,4 wk ahead,Bin,percent,4.1,4.2,0.00089069438139955
HHS Region 3,4 wk ahead,Bin,percent,4.2,4.3,0.00089069438139955
HHS Region 3,4 wk ahead,Bin,percent,4.3,4.4,7.5884254363706e-06
HHS Region 3,4 wk ahead,Bin,percent,4.4,4.5,0.00089069438139955
HHS Region 3,4 wk ahead,Bin,percent,4.5,4.6,7.5884254363706e-06
HHS Region 3,4 wk ahead,Bin,percent,4.6,4.7,7.5884254363706e-06
HHS Region 3,4 wk ahead,Bin,percent,4.7,4.8,7.5884254363706e-06
HHS Region 3,4 wk ahead,Bin,percent,4.8,4.9,7.5884254363706e-06
HHS Region 3,4 wk ahead,Bin,percent,4.9,5.0,7.5884254363706e-06
HHS Region 3,4 wk ahead,Bin,percent,5.0,5.1,7.5884254363706e-06
HHS Region 3,4 wk ahead,Bin,percent,5.1,5.2,7.5884254363706e-06
HHS Region 3,4 wk ahead,Bin,percent,5.2,5.3,7.5884254363706e-06
HHS Region 3,4 wk ahead,Bin,percent,5.3,5.4,7.5884254363706e-06
HHS Region 3,4 wk ahead,Bin,percent,5.4,5.5,7.5884254363706e-06
HHS Region 3,4 wk ahead,Bin,percent,5.5,5.6,7.5884254363706e-06
HHS Region 3,4 wk ahead,Bin,percent,5.6,5.7,7.5884254363706e-06
HHS Region 3,4 wk ahead,Bin,percent,5.7,5.8,7.5884254363706e-06
HHS Region 3,4 wk ahead,Bin,percent,5.8,5.9,7.5884254363706e-06
HHS Region 3,4 wk ahead,Bin,percent,5.9,6.0,7.5884254363706e-06
HHS Region 3,4 wk ahead,Bin,percent,6.0,6.1,7.5884254363706e-06
HHS Region 3,4 wk ahead,Bin,percent,6.1,6.2,7.5884254363706e-06
HHS Region 3,4 wk ahead,Bin,percent,6.2,6.3,7.5884254363706e-06
HHS Region 3,4 wk ahead,Bin,percent,6.3,6.4,7.5884254363706e-06
HHS Region 3,4 wk ahead,Bin,percent,6.4,6.5,7.5884254363706e-06
HHS Region 3,4 wk ahead,Bin,percent,6.5,6.6,7.5884254363706e-06
HHS Region 3,4 wk ahead,Bin,percent,6.6,6.7,7.5884254363706e-06
HHS Region 3,4 wk ahead,Bin,percent,6.7,6.8,7.5884254363706e-06
HHS Region 3,4 wk ahead,Bin,percent,6.8,6.9,7.5884254363706e-06
HHS Region 3,4 wk ahead,Bin,percent,6.9,7.0,7.5884254363706e-06
HHS Region 3,4 wk ahead,Bin,percent,7.0,7.1,7.5884254363706e-06
HHS Region 3,4 wk ahead,Bin,percent,7.1,7.2,7.5884254363706e-06
HHS Region 3,4 wk ahead,Bin,percent,7.2,7.3,7.5884254363706e-06
HHS Region 3,4 wk ahead,Bin,percent,7.3,7.4,7.5884254363706e-06
HHS Region 3,4 wk ahead,Bin,percent,7.4,7.5,7.5884254363706e-06
HHS Region 3,4 wk ahead,Bin,percent,7.5,7.6,7.5884254363706e-06
HHS Region 3,4 wk ahead,Bin,percent,7.6,7.7,7.5884254363706e-06
HHS Region 3,4 wk ahead,Bin,percent,7.7,7.8,7.5884254363706e-06
HHS Region 3,4 wk ahead,Bin,percent,7.8,7.9,7.5884254363706e-06
HHS Region 3,4 wk ahead,Bin,percent,7.9,8.0,7.5884254363706e-06
HHS Region 3,4 wk ahead,Bin,percent,8.0,8.1,7.58842543637067e-06
HHS Region 3,4 wk ahead,Bin,percent,8.1,8.2,7.58842543637074e-06
HHS Region 3,4 wk ahead,Bin,percent,8.2,8.3,7.58842543637074e-06
HHS Region 3,4 wk ahead,Bin,percent,8.3,8.4,7.58842543637074e-06
HHS Region 3,4 wk ahead,Bin,percent,8.4,8.5,7.58842543637074e-06
HHS Region 3,4 wk ahead,Bin,percent,8.5,8.6,7.58842543637074e-06
HHS Region 3,4 wk ahead,Bin,percent,8.6,8.7,7.58842543637074e-06
HHS Region 3,4 wk ahead,Bin,percent,8.7,8.8,7.58842543637074e-06
HHS Region 3,4 wk ahead,Bin,percent,8.8,8.9,7.58842543637074e-06
HHS Region 3,4 wk ahead,Bin,percent,8.9,9.0,7.58842543637074e-06
HHS Region 3,4 wk ahead,Bin,percent,9.0,9.1,7.58842543637074e-06
HHS Region 3,4 wk ahead,Bin,percent,9.1,9.2,7.58842543637074e-06
HHS Region 3,4 wk ahead,Bin,percent,9.2,9.3,7.58842543637074e-06
HHS Region 3,4 wk ahead,Bin,percent,9.3,9.4,7.58842543637074e-06
HHS Region 3,4 wk ahead,Bin,percent,9.4,9.5,7.58842543637074e-06
HHS Region 3,4 wk ahead,Bin,percent,9.5,9.6,7.58842543637074e-06
HHS Region 3,4 wk ahead,Bin,percent,9.6,9.7,7.58842543637074e-06
HHS Region 3,4 wk ahead,Bin,percent,9.7,9.8,7.58842543637074e-06
HHS Region 3,4 wk ahead,Bin,percent,9.8,9.9,7.58842543637074e-06
HHS Region 3,4 wk ahead,Bin,percent,9.9,10.0,7.58842543637074e-06
HHS Region 3,4 wk ahead,Bin,percent,10.0,10.1,7.58842543637074e-06
HHS Region 3,4 wk ahead,Bin,percent,10.1,10.2,7.58842543637074e-06
HHS Region 3,4 wk ahead,Bin,percent,10.2,10.3,7.58842543637074e-06
HHS Region 3,4 wk ahead,Bin,percent,10.3,10.4,7.58842543637074e-06
HHS Region 3,4 wk ahead,Bin,percent,10.4,10.5,7.58842543637074e-06
HHS Region 3,4 wk ahead,Bin,percent,10.5,10.6,7.58842543637074e-06
HHS Region 3,4 wk ahead,Bin,percent,10.6,10.7,7.58842543637074e-06
HHS Region 3,4 wk ahead,Bin,percent,10.7,10.8,7.58842543637074e-06
HHS Region 3,4 wk ahead,Bin,percent,10.8,10.9,7.58842543637074e-06
HHS Region 3,4 wk ahead,Bin,percent,10.9,11.0,7.58842543637074e-06
HHS Region 3,4 wk ahead,Bin,percent,11.0,11.1,7.58842543637074e-06
HHS Region 3,4 wk ahead,Bin,percent,11.1,11.2,7.58842543637074e-06
HHS Region 3,4 wk ahead,Bin,percent,11.2,11.3,7.58842543637074e-06
HHS Region 3,4 wk ahead,Bin,percent,11.3,11.4,7.58842543637074e-06
HHS Region 3,4 wk ahead,Bin,percent,11.4,11.5,7.58842543637074e-06
HHS Region 3,4 wk ahead,Bin,percent,11.5,11.6,7.58842543637074e-06
HHS Region 3,4 wk ahead,Bin,percent,11.6,11.7,7.58842543637074e-06
HHS Region 3,4 wk ahead,Bin,percent,11.7,11.8,7.58842543637074e-06
HHS Region 3,4 wk ahead,Bin,percent,11.8,11.9,7.58842543637074e-06
HHS Region 3,4 wk ahead,Bin,percent,11.9,12.0,7.58842543637074e-06
HHS Region 3,4 wk ahead,Bin,percent,12.0,12.1,7.58842543637074e-06
HHS Region 3,4 wk ahead,Bin,percent,12.1,12.2,7.58842543637074e-06
HHS Region 3,4 wk ahead,Bin,percent,12.2,12.3,7.58842543637074e-06
HHS Region 3,4 wk ahead,Bin,percent,12.3,12.4,7.58842543637074e-06
HHS Region 3,4 wk ahead,Bin,percent,12.4,12.5,7.58842543637074e-06
HHS Region 3,4 wk ahead,Bin,percent,12.5,12.6,7.58842543637074e-06
HHS Region 3,4 wk ahead,Bin,percent,12.6,12.7,7.58842543637074e-06
HHS Region 3,4 wk ahead,Bin,percent,12.7,12.8,7.58842543637074e-06
HHS Region 3,4 wk ahead,Bin,percent,12.8,12.9,7.58842543637074e-06
HHS Region 3,4 wk ahead,Bin,percent,12.9,13.0,7.58842543637074e-06
HHS Region 3,4 wk ahead,Bin,percent,13.0,100.0,7.58842543637074e-06
HHS Region 3,Season onset,Bin,week,40.0,41.0,7.7524157141316e-13
HHS Region 3,Season onset,Bin,week,41.0,42.0,1.63921222212766e-12
HHS Region 3,Season onset,Bin,week,42.0,43.0,2.88889806505501e-12
HHS Region 3,Season onset,Bin,week,43.0,44.0,4.4585601551653e-12
HHS Region 3,Season onset,Bin,week,44.0,45.0,6.40067548346035e-12
HHS Region 3,Season onset,Bin,week,45.0,46.0,9.04424761024289e-12
HHS Region 3,Season onset,Bin,week,46.0,47.0,0.999999999729056
HHS Region 3,Season onset,Bin,week,47.0,48.0,1.65926429651211e-11
HHS Region 3,Season onset,Bin,week,48.0,49.0,2.08265494266025e-11
HHS Region 3,Season onset,Bin,week,49.0,50.0,2.48097135623897e-11
HHS Region 3,Season onset,Bin,week,50.0,51.0,2.72683933379158e-11
HHS Region 3,Season onset,Bin,week,51.0,52.0,2.63658215889359e-11
HHS Region 3,Season onset,Bin,week,52.0,53.0,2.19454350113074e-11
HHS Region 3,Season onset,Bin,week,1.0,2.0,1.65639309884796e-11
HHS Region 3,Season onset,Bin,week,2.0,3.0,1.30232043258568e-11
HHS Region 3,Season onset,Bin,week,3.0,4.0,1.16671852953735e-11
HHS Region 3,Season onset,Bin,week,4.0,5.0,1.10784151123471e-11
HHS Region 3,Season onset,Bin,week,5.0,6.0,1.03725309393067e-11
HHS Region 3,Season onset,Bin,week,6.0,7.0,9.5305165431782e-12
HHS Region 3,Season onset,Bin,week,7.0,8.0,8.30504849137123e-12
HHS Region 3,Season onset,Bin,week,8.0,9.0,6.29795011990915e-12
HHS Region 3,Season onset,Bin,week,9.0,10.0,3.84744369451992e-12
HHS Region 3,Season onset,Bin,week,10.0,11.0,1.81380646621299e-12
HHS Region 3,Season onset,Bin,week,11.0,12.0,6.4727462694495e-13
HHS Region 3,Season onset,Bin,week,12.0,13.0,1.73630017129867e-13
HHS Region 3,Season onset,Bin,week,13.0,14.0,7.57208748001303e-14
HHS Region 3,Season onset,Bin,week,14.0,15.0,7.56670247495649e-14
HHS Region 3,Season onset,Bin,week,15.0,16.0,7.56670247495649e-14
HHS Region 3,Season onset,Bin,week,16.0,17.0,7.56670247495649e-14
HHS Region 3,Season onset,Bin,week,17.0,18.0,7.56670247495649e-14
HHS Region 3,Season onset,Bin,week,18.0,19.0,7.56670247495649e-14
HHS Region 3,Season onset,Bin,week,19.0,20.0,7.56670247495649e-14
HHS Region 3,Season onset,Bin,week,20.0,21.0,7.56670247495649e-14
HHS Region 3,Season onset,Bin,week,none,none,1.40016103422464e-11
HHS Region 3,Season peak percentage,Bin,percent,0.0,0.1,1.15932913117679e-14
HHS Region 3,Season peak percentage,Bin,percent,0.1,0.2,2.981929605684e-14
HHS Region 3,Season peak percentage,Bin,percent,0.2,0.3,4.09649428982508e-14
HHS Region 3,Season peak percentage,Bin,percent,0.3,0.4,5.53766629588502e-14
HHS Region 3,Season peak percentage,Bin,percent,0.4,0.5,7.37007902461324e-14
HHS Region 3,Season peak percentage,Bin,percent,0.5,0.6,9.65374385816201e-14
HHS Region 3,Season peak percentage,Bin,percent,0.6,0.7,1.24499111284019e-13
HHS Region 3,Season peak percentage,Bin,percent,0.7,0.8,1.58088335756511e-13
HHS Region 3,Season peak percentage,Bin,percent,0.8,0.9,1.97727781268282e-13
HHS Region 3,Season peak percentage,Bin,percent,0.9,1.0,2.43637584858518e-13
HHS Region 3,Season peak percentage,Bin,percent,1.0,1.1,2.9590613954513e-13
HHS Region 3,Season peak percentage,Bin,percent,1.1,1.2,3.54365640807103e-13
HHS Region 3,Season peak percentage,Bin,percent,1.2,1.3,4.18733093064856e-13
HHS Region 3,Season peak percentage,Bin,percent,1.3,1.4,4.88577108240517e-13
HHS Region 3,Season peak percentage,Bin,percent,1.4,1.5,5.63476526948863e-13
HHS Region 3,Season peak percentage,Bin,percent,1.5,1.6,6.43067807728035e-13
HHS Region 3,Season peak percentage,Bin,percent,1.6,1.7,7.27266535238281e-13
HHS Region 3,Season peak percentage,Bin,percent,1.7,1.8,8.1634882715523e-13
HHS Region 3,Season peak percentage,Bin,percent,1.8,1.9,9.11163780040046e-13
HHS Region 3,Season peak percentage,Bin,percent,1.9,2.0,1.0131877621285e-12
HHS Region 3,Season peak percentage,Bin,percent,2.0,2.1,1.12466521724466e-12
HHS Region 3,Season peak percentage,Bin,percent,2.1,2.2,1.24843739283406e-12
HHS Region 3,Season peak percentage,Bin,percent,2.2,2.3,1.38801571548269e-12
HHS Region 3,Season peak percentage,Bin,percent,2.3,2.4,1.54715920069763e-12
HHS Region 3,Season peak percentage,Bin,percent,2.4,2.5,1.72974203921444e-12
HHS Region 3,Season peak percentage,Bin,percent,2.5,2.6,1.93921611171025e-12
HHS Region 3,Season peak percentage,Bin,percent,2.6,2.7,2.17845315215883e-12
HHS Region 3,Season peak percentage,Bin,percent,2.7,2.8,2.44876479021624e-12
HHS Region 3,Season peak percentage,Bin,percent,2.8,2.9,2.75013739907367e-12
HHS Region 3,Season peak percentage,Bin,percent,2.9,3.0,3.08044672393966e-12
HHS Region 3,Season peak percentage,Bin,percent,3.0,3.1,3.43557805347001e-12
HHS Region 3,Season peak percentage,Bin,percent,3.1,3.2,3.80928145087544e-12
HHS Region 3,Season peak percentage,Bin,percent,3.2,3.3,4.19343923868133e-12
HHS Region 3,Season peak percentage,Bin,percent,3.3,3.4,4.5782806375675e-12
HHS Region 3,Season peak percentage,Bin,percent,3.4,3.5,4.95305411745460e-12
HHS Region 3,Season peak percentage,Bin,percent,3.5,3.6,5.30658395656898e-12
HHS Region 3,Season peak percentage,Bin,percent,3.6,3.7,5.62797201100663e-12
HHS Region 3,Season peak percentage,Bin,percent,3.7,3.8,5.90726859578512e-12
HHS Region 3,Season peak percentage,Bin,percent,3.8,3.9,6.13591191516397e-12
HHS Region 3,Season peak percentage,Bin,percent,3.9,4.0,6.30788559807468e-12
HHS Region 3,Season peak percentage,Bin,percent,4.0,4.1,6.41921339298062e-12
HHS Region 3,Season peak percentage,Bin,percent,4.1,4.2,6.4687263506322e-12
HHS Region 3,Season peak percentage,Bin,percent,4.2,4.3,6.45785420902086e-12
HHS Region 3,Season peak percentage,Bin,percent,4.3,4.4,6.39045557539459e-12
HHS Region 3,Season peak percentage,Bin,percent,4.4,4.5,6.27247058833196e-12
HHS Region 3,Season peak percentage,Bin,percent,4.5,4.6,6.11189431167077e-12
HHS Region 3,Season peak percentage,Bin,percent,4.6,4.7,5.91769190194578e-12
HHS Region 3,Season peak percentage,Bin,percent,4.7,4.8,5.6997133158497e-12
HHS Region 3,Season peak percentage,Bin,percent,4.8,4.9,5.4680810915464e-12
HHS Region 3,Season peak percentage,Bin,percent,4.9,5.0,5.23272705353215e-12
HHS Region 3,Season peak percentage,Bin,percent,5.0,5.1,5.00300404701774e-12
HHS Region 3,Season peak percentage,Bin,percent,5.1,5.2,4.78725552270526e-12
HHS Region 3,Season peak percentage,Bin,percent,5.2,5.3,4.59257542399879e-12
HHS Region 3,Season peak percentage,Bin,percent,5.3,5.4,4.42460271775384e-12
HHS Region 3,Season peak percentage,Bin,percent,5.4,5.5,4.28728611076241e-12
HHS Region 3,Season peak percentage,Bin,percent,5.5,5.6,4.1828770280752e-12
HHS Region 3,Season peak percentage,Bin,percent,5.6,5.7,4.11188351793217e-12
HHS Region 3,Season peak percentage,Bin,percent,5.7,5.8,4.07306440165436e-12
HHS Region 3,Season peak percentage,Bin,percent,5.8,5.9,4.06371279968509e-12
HHS Region 3,Season peak percentage,Bin,percent,5.9,6.0,4.07982208522487e-12
HHS Region 3,Season peak percentage,Bin,percent,6.0,6.1,4.11623365873521e-12
HHS Region 3,Season peak percentage,Bin,percent,6.1,6.2,4.16699139608039e-12
HHS Region 3,Season peak percentage,Bin,percent,6.2,6.3,4.22565619108735e-12
HHS Region 3,Season peak percentage,Bin,percent,6.3,6.4,4.28557499121917e-12
HHS Region 3,Season peak percentage,Bin,percent,6.4,6.5,4.34021873476184e-12
HHS Region 3,Season peak percentage,Bin,percent,6.5,6.6,4.38335297425658e-12
HHS Region 3,Season peak percentage,Bin,percent,6.6,6.7,4.40934995160811e-12
HHS Region 3,Season peak percentage,Bin,percent,6.7,6.8,4.41337252567543e-12
HHS Region 3,Season peak percentage,Bin,percent,6.8,6.9,0.998999999721192
HHS Region 3,Season peak percentage,Bin,percent,6.9,7.0,4.34087217018531e-12
HHS Region 3,Season peak percentage,Bin,percent,7.0,7.1,4.25988159145899e-12
HHS Region 3,Season peak percentage,Bin,percent,7.1,7.2,4.14796123790404e-12
HHS Region 3,Season peak percentage,Bin,percent,7.2,7.3,4.00601712873356e-12
HHS Region 3,Season peak percentage,Bin,percent,7.3,7.4,3.83615973872686e-12
HHS Region 3,Season peak percentage,Bin,percent,7.4,7.5,3.64167106092313e-12
HHS Region 3,Season peak percentage,Bin,percent,7.5,7.6,3.4268940037244e-12
HHS Region 3,Season peak percentage,Bin,percent,7.6,7.7,3.19707488763619e-12
HHS Region 3,Season peak percentage,Bin,percent,7.7,7.8,2.95798734666275e-12
HHS Region 3,Season peak percentage,Bin,percent,7.8,7.9,0.00100000000243231
HHS Region 3,Season peak percentage,Bin,percent,7.9,8.0,2.476562931806e-12
HHS Region 3,Season peak percentage,Bin,percent,8.0,8.1,2.24597609881102e-12
HHS Region 3,Season peak percentage,Bin,percent,8.1,8.2,2.02902425411641e-12
HHS Region 3,Season peak percentage,Bin,percent,8.2,8.3,1.82962759574479e-12
HHS Region 3,Season peak percentage,Bin,percent,8.3,8.4,1.65068838107889e-12
HHS Region 3,Season peak percentage,Bin,percent,8.4,8.5,1.49360868637355e-12
HHS Region 3,Season peak percentage,Bin,percent,8.5,8.6,1.3585943266271e-12
HHS Region 3,Season peak percentage,Bin,percent,8.6,8.7,1.24461054051729e-12
HHS Region 3,Season peak percentage,Bin,percent,8.7,8.8,1.14965605069733e-12
HHS Region 3,Season peak percentage,Bin,percent,8.8,8.9,1.07085098957378e-12
HHS Region 3,Season peak percentage,Bin,percent,8.9,9.0,1.0049723872289e-12
HHS Region 3,Season peak percentage,Bin,percent,9.0,9.1,9.48469778074083e-13
HHS Region 3,Season peak percentage,Bin,percent,9.1,9.2,8.97990787914559e-13
HHS Region 3,Season peak percentage,Bin,percent,9.2,9.3,8.50522255871321e-13
HHS Region 3,Season peak percentage,Bin,percent,9.3,9.4,8.03601840678439e-13
HHS Region 3,Season peak percentage,Bin,percent,9.4,9.5,7.55433905960618e-13
HHS Region 3,Season peak percentage,Bin,percent,9.5,9.6,7.04924497951611e-13
HHS Region 3,Season peak percentage,Bin,percent,9.6,9.7,6.51689542252977e-13
HHS Region 3,Season peak percentage,Bin,percent,9.7,9.8,5.95936265678411e-13
HHS Region 3,Season peak percentage,Bin,percent,9.8,9.9,5.38362457305239e-13
HHS Region 3,Season peak percentage,Bin,percent,9.9,10.0,4.7999363790405e-13
HHS Region 3,Season peak percentage,Bin,percent,10.0,10.1,4.2204055656061e-13
HHS Region 3,Season peak percentage,Bin,percent,10.1,10.2,3.65751363399176e-13
HHS Region 3,Season peak percentage,Bin,percent,10.2,10.3,3.12270886817475e-13
HHS Region 3,Season peak percentage,Bin,percent,10.3,10.4,2.62577234107112e-13
HHS Region 3,Season peak percentage,Bin,percent,10.4,10.5,2.17384796974111e-13
HHS Region 3,Season peak percentage,Bin,percent,10.5,10.6,1.77181504920812e-13
HHS Region 3,Season peak percentage,Bin,percent,10.6,10.7,1.42139233924502e-13
HHS Region 3,Season peak percentage,Bin,percent,10.7,10.8,1.12233830825152e-13
HHS Region 3,Season peak percentage,Bin,percent,10.8,10.9,8.72063530431748e-14
HHS Region 3,Season peak percentage,Bin,percent,10.9,11.0,6.66841584661467e-14
HHS Region 3,Season peak percentage,Bin,percent,11.0,11.1,5.01676014279176e-14
HHS Region 3,Season peak percentage,Bin,percent,11.1,11.2,3.71478391170811e-14
HHS Region 3,Season peak percentage,Bin,percent,11.2,11.3,2.70614138784403e-14
HHS Region 3,Season peak percentage,Bin,percent,11.3,11.4,1.94003818185328e-14
HHS Region 3,Season peak percentage,Bin,percent,11.4,11.5,1.36820157001325e-14
HHS Region 3,Season peak percentage,Bin,percent,11.5,11.6,9.49565897441394e-15
HHS Region 3,Season peak percentage,Bin,percent,11.6,11.7,7.81938877537591e-15
HHS Region 3,Season peak percentage,Bin,percent,11.7,11.8,7.81938877537591e-15
HHS Region 3,Season peak percentage,Bin,percent,11.8,11.9,7.81938877537591e-15
HHS Region 3,Season peak percentage,Bin,percent,11.9,12.0,7.81938877537591e-15
HHS Region 3,Season peak percentage,Bin,percent,12.0,12.1,7.81938877537591e-15
HHS Region 3,Season peak percentage,Bin,percent,12.1,12.2,7.81938877537591e-15
HHS Region 3,Season peak percentage,Bin,percent,12.2,12.3,7.81938877537591e-15
HHS Region 3,Season peak percentage,Bin,percent,12.3,12.4,7.81938877537591e-15
HHS Region 3,Season peak percentage,Bin,percent,12.4,12.5,7.81938877537591e-15
HHS Region 3,Season peak percentage,Bin,percent,12.5,12.6,7.81938877537591e-15
HHS Region 3,Season peak percentage,Bin,percent,12.6,12.7,7.81938877537591e-15
HHS Region 3,Season peak percentage,Bin,percent,12.7,12.8,7.81938877537591e-15
HHS Region 3,Season peak percentage,Bin,percent,12.8,12.9,7.81938877537591e-15
HHS Region 3,Season peak percentage,Bin,percent,12.9,13.0,7.81938877537591e-15
HHS Region 3,Season peak percentage,Bin,percent,13.0,100.0,7.81938877537591e-15
HHS Region 3,Season peak week,Bin,week,40.0,41.0,8.75266894748897e-14
HHS Region 3,Season peak week,Bin,week,41.0,42.0,8.75266894748897e-14
HHS Region 3,Season peak week,Bin,week,42.0,43.0,8.75266894748897e-14
HHS Region 3,Season peak week,Bin,week,43.0,44.0,9.51837261016554e-14
HHS Region 3,Season peak week,Bin,week,44.0,45.0,4.93418040917918e-13
HHS Region 3,Season peak week,Bin,week,45.0,46.0,2.25097884291704e-12
HHS Region 3,Season peak week,Bin,week,46.0,47.0,5.59085723058696e-12
HHS Region 3,Season peak week,Bin,week,47.0,48.0,7.60005537479007e-12
HHS Region 3,Season peak week,Bin,week,48.0,49.0,5.93979509918274e-12
HHS Region 3,Season peak week,Bin,week,49.0,50.0,4.45290024351031e-12
HHS Region 3,Season peak week,Bin,week,50.0,51.0,8.84691163940991e-12
HHS Region 3,Season peak week,Bin,week,51.0,52.0,1.91990834857809e-11
HHS Region 3,Season peak week,Bin,week,52.0,53.0,2.64206672375875e-11
HHS Region 3,Season peak week,Bin,week,1.0,2.0,2.20316445152647e-11
HHS Region 3,Season peak week,Bin,week,2.0,3.0,1.1481150486175e-11
HHS Region 3,Season peak week,Bin,week,3.0,4.0,5.43315748784287e-12
HHS Region 3,Season peak week,Bin,week,4.0,5.0,7.09819229932297e-12
HHS Region 3,Season peak week,Bin,week,5.0,6.0,1.39576838436223e-11
HHS Region 3,Season peak week,Bin,week,6.0,7.0,2.24982218310075e-11
HHS Region 3,Season peak week,Bin,week,7.0,8.0,2.83486384044057e-11
HHS Region 3,Season peak week,Bin,week,8.0,9.0,2.76004267528504e-11
HHS Region 3,Season peak week,Bin,week,9.0,10.0,2.30046334065848e-11
HHS Region 3,Season peak week,Bin,week,10.0,11.0,1.8787104049952e-11
HHS Region 3,Season peak week,Bin,week,11.0,12.0,1.31602202155998e-11
HHS Region 3,Season peak week,Bin,week,12.0,13.0,0.99899999972315
HHS Region 3,Season peak week,Bin,week,13.0,14.0,1.9072512223341e-12
HHS Region 3,Season peak week,Bin,week,14.0,15.0,3.43348425992459e-13
HHS Region 3,Season peak week,Bin,week,15.0,16.0,0.000999999999775514
HHS Region 3,Season peak week,Bin,week,16.0,17.0,5.40080640743357e-14
HHS Region 3,Season peak week,Bin,week,17.0,18.0,5.40080640743357e-14
HHS Region 3,Season peak week,Bin,week,18.0,19.0,5.40080640743357e-14
HHS Region 3,Season peak week,Bin,week,19.0,20.0,5.40080640743357e-14
HHS Region 3,Season peak week,Bin,week,20.0,21.0,5.40080640743357e-14
HHS Region 4,1 wk ahead,Bin,percent,0.0,0.1,3.15247100933097e-11
HHS Region 4,1 wk ahead,Bin,percent,0.1,0.2,1.18758531605651e-10
HHS Region 4,1 wk ahead,Bin,percent,0.2,0.3,2.2665938895601e-10
HHS Region 4,1 wk ahead,Bin,percent,0.3,0.4,3.65131583797714e-10
HHS Region 4,1 wk ahead,Bin,percent,0.4,0.5,5.14284862110555e-10
HHS Region 4,1 wk ahead,Bin,percent,0.5,0.6,6.64392987690675e-10
HHS Region 4,1 wk ahead,Bin,percent,0.6,0.7,8.40168615920125e-10
HHS Region 4,1 wk ahead,Bin,percent,0.7,0.8,1.09461415616892e-09
HHS Region 4,1 wk ahead,Bin,percent,0.8,0.9,1.45668036472443e-09
HHS Region 4,1 wk ahead,Bin,percent,0.9,1.0,1.87778468881206e-09
HHS Region 4,1 wk ahead,Bin,percent,1.0,1.1,2.22566025098382e-09
HHS Region 4,1 wk ahead,Bin,percent,1.1,1.2,2.34096779396432e-09
HHS Region 4,1 wk ahead,Bin,percent,1.2,1.3,2.15142823723724e-09
HHS Region 4,1 wk ahead,Bin,percent,1.3,1.4,0.00100000172330693
HHS Region 4,1 wk ahead,Bin,percent,1.4,1.5,0.00100000127740987
HHS Region 4,1 wk ahead,Bin,percent,1.5,1.6,0.00500000081547835
HHS Region 4,1 wk ahead,Bin,percent,1.6,1.7,0.00300000062095725
HHS Region 4,1 wk ahead,Bin,percent,1.7,1.8,0.00500000048233914
HHS Region 4,1 wk ahead,Bin,percent,1.8,1.9,0.00600000050995136
HHS Region 4,1 wk ahead,Bin,percent,1.9,2.0,0.0240000001991059
HHS Region 4,1 wk ahead,Bin,percent,2.0,2.1,0.0220000003069166
HHS Region 4,1 wk ahead,Bin,percent,2.1,2.2,0.0389999998352461
HHS Region 4,1 wk ahead,Bin,percent,2.2,2.3,0.0639999990594872
HHS Region 4,1 wk ahead,Bin,percent,2.3,2.4,0.0679999987454715
HHS Region 4,1 wk ahead,Bin,percent,2.4,2.5,0.112999997503486
HHS Region 4,1 wk ahead,Bin,percent,2.5,2.6,0.125999997089816
HHS Region 4,1 wk ahead,Bin,percent,2.6,2.7,0.103999997562029
HHS Region 4,1 wk ahead,Bin,percent,2.7,2.8,0.109999997403292
HHS Region 4,1 wk ahead,Bin,percent,2.8,2.9,0.0929999978024795
HHS Region 4,1 wk ahead,Bin,percent,2.9,3.0,0.0589999986068244
HHS Region 4,1 wk ahead,Bin,percent,3.0,3.1,0.0449999989380252
HHS Region 4,1 wk ahead,Bin,percent,3.1,3.2,0.03599999915094
HHS Region 4,1 wk ahead,Bin,percent,3.2,3.3,0.020999999505798
HHS Region 4,1 wk ahead,Bin,percent,3.3,3.4,0.00999999976602726
HHS Region 4,1 wk ahead,Bin,percent,3.4,3.5,0.015999999624084
HHS Region 4,1 wk ahead,Bin,percent,3.5,3.6,0.00999999976602726
HHS Region 4,1 wk ahead,Bin,percent,3.6,3.7,0.00699999983699886
HHS Region 4,1 wk ahead,Bin,percent,3.7,3.8,0.00699999983699886
HHS Region 4,1 wk ahead,Bin,percent,3.8,3.9,2.59927703615781e-12
HHS Region 4,1 wk ahead,Bin,percent,3.9,4.0,2.59927703615781e-12
HHS Region 4,1 wk ahead,Bin,percent,4.0,4.1,0.000999999978942075
HHS Region 4,1 wk ahead,Bin,percent,4.1,4.2,2.59927703615781e-12
HHS Region 4,1 wk ahead,Bin,percent,4.2,4.3,2.59927703615781e-12
HHS Region 4,1 wk ahead,Bin,percent,4.3,4.4,2.59927703615781e-12
HHS Region 4,1 wk ahead,Bin,percent,4.4,4.5,2.59927703615781e-12
HHS Region 4,1 wk ahead,Bin,percent,4.5,4.6,0.00199999995528487
HHS Region 4,1 wk ahead,Bin,percent,4.6,4.7,2.59927703615781e-12
HHS Region 4,1 wk ahead,Bin,percent,4.7,4.8,2.59927703615781e-12
HHS Region 4,1 wk ahead,Bin,percent,4.8,4.9,2.59927703615781e-12
HHS Region 4,1 wk ahead,Bin,percent,4.9,5.0,2.59927703615781e-12
HHS Region 4,1 wk ahead,Bin,percent,5.0,5.1,2.59927703615781e-12
HHS Region 4,1 wk ahead,Bin,percent,5.1,5.2,2.59927703615781e-12
HHS Region 4,1 wk ahead,Bin,percent,5.2,5.3,2.59927703615781e-12
HHS Region 4,1 wk ahead,Bin,percent,5.3,5.4,0.000999999978942075
HHS Region 4,1 wk ahead,Bin,percent,5.4,5.5,2.59927703615781e-12
HHS Region 4,1 wk ahead,Bin,percent,5.5,5.6,2.59927703615781e-12
HHS Region 4,1 wk ahead,Bin,percent,5.6,5.7,2.59927703615781e-12
HHS Region 4,1 wk ahead,Bin,percent,5.7,5.8,2.59927703615781e-12
HHS Region 4,1 wk ahead,Bin,percent,5.8,5.9,2.59927703615781e-12
HHS Region 4,1 wk ahead,Bin,percent,5.9,6.0,2.59927703615781e-12
HHS Region 4,1 wk ahead,Bin,percent,6.0,6.1,0.000999999978942075
HHS Region 4,1 wk ahead,Bin,percent,6.1,6.2,2.59927703615781e-12
HHS Region 4,1 wk ahead,Bin,percent,6.2,6.3,2.59927703615781e-12
HHS Region 4,1 wk ahead,Bin,percent,6.3,6.4,2.59927703615781e-12
HHS Region 4,1 wk ahead,Bin,percent,6.4,6.5,2.59927703615781e-12
HHS Region 4,1 wk ahead,Bin,percent,6.5,6.6,2.59927703615781e-12
HHS Region 4,1 wk ahead,Bin,percent,6.6,6.7,2.59927703615781e-12
HHS Region 4,1 wk ahead,Bin,percent,6.7,6.8,2.59927703615781e-12
HHS Region 4,1 wk ahead,Bin,percent,6.8,6.9,2.59927703615781e-12
HHS Region 4,1 wk ahead,Bin,percent,6.9,7.0,2.59927703615781e-12
HHS Region 4,1 wk ahead,Bin,percent,7.0,7.1,2.59927703615781e-12
HHS Region 4,1 wk ahead,Bin,percent,7.1,7.2,2.59927703615781e-12
HHS Region 4,1 wk ahead,Bin,percent,7.2,7.3,2.59927703615781e-12
HHS Region 4,1 wk ahead,Bin,percent,7.3,7.4,2.59927703615781e-12
HHS Region 4,1 wk ahead,Bin,percent,7.4,7.5,2.59927703615781e-12
HHS Region 4,1 wk ahead,Bin,percent,7.5,7.6,2.59927703615781e-12
HHS Region 4,1 wk ahead,Bin,percent,7.6,7.7,2.59927703615781e-12
HHS Region 4,1 wk ahead,Bin,percent,7.7,7.8,2.59927703615781e-12
HHS Region 4,1 wk ahead,Bin,percent,7.8,7.9,2.59927703615781e-12
HHS Region 4,1 wk ahead,Bin,percent,7.9,8.0,2.59927703615781e-12
HHS Region 4,1 wk ahead,Bin,percent,8.0,8.1,2.59927703615783e-12
HHS Region 4,1 wk ahead,Bin,percent,8.1,8.2,2.59927703615786e-12
HHS Region 4,1 wk ahead,Bin,percent,8.2,8.3,2.59927703615786e-12
HHS Region 4,1 wk ahead,Bin,percent,8.3,8.4,2.59927703615786e-12
HHS Region 4,1 wk ahead,Bin,percent,8.4,8.5,2.59927703615786e-12
HHS Region 4,1 wk ahead,Bin,percent,8.5,8.6,2.59927703615786e-12
HHS Region 4,1 wk ahead,Bin,percent,8.6,8.7,2.59927703615786e-12
HHS Region 4,1 wk ahead,Bin,percent,8.7,8.8,2.59927703615786e-12
HHS Region 4,1 wk ahead,Bin,percent,8.8,8.9,2.59927703615786e-12
HHS Region 4,1 wk ahead,Bin,percent,8.9,9.0,2.59927703615786e-12
HHS Region 4,1 wk ahead,Bin,percent,9.0,9.1,2.59927703615786e-12
HHS Region 4,1 wk ahead,Bin,percent,9.1,9.2,2.59927703615786e-12
HHS Region 4,1 wk ahead,Bin,percent,9.2,9.3,2.59927703615786e-12
HHS Region 4,1 wk ahead,Bin,percent,9.3,9.4,2.59927703615786e-12
HHS Region 4,1 wk ahead,Bin,percent,9.4,9.5,2.59927703615786e-12
HHS Region 4,1 wk ahead,Bin,percent,9.5,9.6,2.59927703615786e-12
HHS Region 4,1 wk ahead,Bin,percent,9.6,9.7,2.59927703615786e-12
HHS Region 4,1 wk ahead,Bin,percent,9.7,9.8,2.59927703615786e-12
HHS Region 4,1 wk ahead,Bin,percent,9.8,9.9,2.59927703615786e-12
HHS Region 4,1 wk ahead,Bin,percent,9.9,10.0,2.59927703615786e-12
HHS Region 4,1 wk ahead,Bin,percent,10.0,10.1,2.59927703615786e-12
HHS Region 4,1 wk ahead,Bin,percent,10.1,10.2,2.59927703615786e-12
HHS Region 4,1 wk ahead,Bin,percent,10.2,10.3,2.59927703615786e-12
HHS Region 4,1 wk ahead,Bin,percent,10.3,10.4,2.59927703615786e-12
HHS Region 4,1 wk ahead,Bin,percent,10.4,10.5,2.59927703615786e-12
HHS Region 4,1 wk ahead,Bin,percent,10.5,10.6,2.59927703615786e-12
HHS Region 4,1 wk ahead,Bin,percent,10.6,10.7,2.59927703615786e-12
HHS Region 4,1 wk ahead,Bin,percent,10.7,10.8,2.59927703615786e-12
HHS Region 4,1 wk ahead,Bin,percent,10.8,10.9,2.59927703615786e-12
HHS Region 4,1 wk ahead,Bin,percent,10.9,11.0,2.59927703615786e-12
HHS Region 4,1 wk ahead,Bin,percent,11.0,11.1,2.59927703615786e-12
HHS Region 4,1 wk ahead,Bin,percent,11.1,11.2,2.59927703615786e-12
HHS Region 4,1 wk ahead,Bin,percent,11.2,11.3,2.59927703615786e-12
HHS Region 4,1 wk ahead,Bin,percent,11.3,11.4,2.59927703615786e-12
HHS Region 4,1 wk ahead,Bin,percent,11.4,11.5,2.59927703615786e-12
HHS Region 4,1 wk ahead,Bin,percent,11.5,11.6,2.59927703615786e-12
HHS Region 4,1 wk ahead,Bin,percent,11.6,11.7,2.59927703615786e-12
HHS Region 4,1 wk ahead,Bin,percent,11.7,11.8,2.59927703615786e-12
HHS Region 4,1 wk ahead,Bin,percent,11.8,11.9,2.59927703615786e-12
HHS Region 4,1 wk ahead,Bin,percent,11.9,12.0,2.59927703615786e-12
HHS Region 4,1 wk ahead,Bin,percent,12.0,12.1,2.59927703615786e-12
HHS Region 4,1 wk ahead,Bin,percent,12.1,12.2,2.59927703615786e-12
HHS Region 4,1 wk ahead,Bin,percent,12.2,12.3,2.59927703615786e-12
HHS Region 4,1 wk ahead,Bin,percent,12.3,12.4,2.59927703615786e-12
HHS Region 4,1 wk ahead,Bin,percent,12.4,12.5,2.59927703615786e-12
HHS Region 4,1 wk ahead,Bin,percent,12.5,12.6,2.59927703615786e-12
HHS Region 4,1 wk ahead,Bin,percent,12.6,12.7,2.59927703615786e-12
HHS Region 4,1 wk ahead,Bin,percent,12.7,12.8,2.59927703615786e-12
HHS Region 4,1 wk ahead,Bin,percent,12.8,12.9,2.59927703615786e-12
HHS Region 4,1 wk ahead,Bin,percent,12.9,13.0,2.59927703615786e-12
HHS Region 4,1 wk ahead,Bin,percent,13.0,100.0,2.59927703615786e-12
HHS Region 4,2 wk ahead,Bin,percent,0.0,0.1,7.03863864285047e-11
HHS Region 4,2 wk ahead,Bin,percent,0.1,0.2,2.199309625984e-10
HHS Region 4,2 wk ahead,Bin,percent,0.2,0.3,3.64563527220453e-10
HHS Region 4,2 wk ahead,Bin,percent,0.3,0.4,5.59701702668357e-10
HHS Region 4,2 wk ahead,Bin,percent,0.4,0.5,8.04797894672219e-10
HHS Region 4,2 wk ahead,Bin,percent,0.5,0.6,1.09081184807443e-09
HHS Region 4,2 wk ahead,Bin,percent,0.6,0.7,1.39425490501711e-09
HHS Region 4,2 wk ahead,Bin,percent,0.7,0.8,1.67412757319867e-09
HHS Region 4,2 wk ahead,Bin,percent,0.8,0.9,0.00100000185579242
HHS Region 4,2 wk ahead,Bin,percent,0.9,1.0,1.96812917131677e-09
HHS Region 4,2 wk ahead,Bin,percent,1.0,1.1,1.9265027128703e-09
HHS Region 4,2 wk ahead,Bin,percent,1.1,1.2,0.00100000175209998
HHS Region 4,2 wk ahead,Bin,percent,1.2,1.3,1.56083238429096e-09
HHS Region 4,2 wk ahead,Bin,percent,1.3,1.4,0.00500000121226241
HHS Region 4,2 wk ahead,Bin,percent,1.4,1.5,0.00400000102728532
HHS Region 4,2 wk ahead,Bin,percent,1.5,1.6,0.0140000006234833
HHS Region 4,2 wk ahead,Bin,percent,1.6,1.7,0.0150000004781908
HHS Region 4,2 wk ahead,Bin,percent,1.7,1.8,0.0250000001573611
HHS Region 4,2 wk ahead,Bin,percent,1.8,1.9,0.0339999998799868
HHS Region 4,2 wk ahead,Bin,percent,1.9,2.0,0.0369999997427929
HHS Region 4,2 wk ahead,Bin,percent,2.0,2.1,0.0459999994451849
HHS Region 4,2 wk ahead,Bin,percent,2.1,2.2,0.064999998889056
HHS Region 4,2 wk ahead,Bin,percent,2.2,2.3,0.0719999986061516
HHS Region 4,2 wk ahead,Bin,percent,2.3,2.4,0.093999997976463
HHS Region 4,2 wk ahead,Bin,percent,2.4,2.5,0.0899999979852756
HHS Region 4,2 wk ahead,Bin,percent,2.5,2.6,0.0779999982120953
HHS Region 4,2 wk ahead,Bin,percent,2.6,2.7,0.0629999985347051
HHS Region 4,2 wk ahead,Bin,percent,2.7,2.8,0.0679999984008819
HHS Region 4,2 wk ahead,Bin,percent,2.8,2.9,0.0549999987029357
HHS Region 4,2 wk ahead,Bin,percent,2.9,3.0,0.0489999988446803
HHS Region 4,2 wk ahead,Bin,percent,3.0,3.1,0.0349999991758811
HHS Region 4,2 wk ahead,Bin,percent,3.1,3.2,0.0269999993651387
HHS Region 4,2 wk ahead,Bin,percent,3.2,3.3,0.0269999993651387
HHS Region 4,2 wk ahead,Bin,percent,3.3,3.4,0.0199999995307391
HHS Region 4,2 wk ahead,Bin,percent,3.4,3.5,0.0219999994834247
HHS Region 4,2 wk ahead,Bin,percent,3.5,3.6,0.0169999996017108
HHS Region 4,2 wk ahead,Bin,percent,3.6,3.7,0.0119999997199968
HHS Region 4,2 wk ahead,Bin,percent,3.7,3.8,0.00799999981462557
HHS Region 4,2 wk ahead,Bin,percent,3.8,3.9,0.00199999995656878
HHS Region 4,2 wk ahead,Bin,percent,3.9,4.0,0.00699999983828277
HHS Region 4,2 wk ahead,Bin,percent,4.0,4.1,3.88318590952334e-12
HHS Region 4,2 wk ahead,Bin,percent,4.1,4.2,0.00199999995656878
HHS Region 4,2 wk ahead,Bin,percent,4.2,4.3,3.88318590952334e-12
HHS Region 4,2 wk ahead,Bin,percent,4.3,4.4,3.88318590952334e-12
HHS Region 4,2 wk ahead,Bin,percent,4.4,4.5,0.00199999995656878
HHS Region 4,2 wk ahead,Bin,percent,4.5,4.6,3.88318590952334e-12
HHS Region 4,2 wk ahead,Bin,percent,4.6,4.7,3.88318590952334e-12
HHS Region 4,2 wk ahead,Bin,percent,4.7,4.8,3.88318590952334e-12
HHS Region 4,2 wk ahead,Bin,percent,4.8,4.9,3.88318590952334e-12
HHS Region 4,2 wk ahead,Bin,percent,4.9,5.0,3.88318590952334e-12
HHS Region 4,2 wk ahead,Bin,percent,5.0,5.1,3.88318590952334e-12
HHS Region 4,2 wk ahead,Bin,percent,5.1,5.2,3.88318590952334e-12
HHS Region 4,2 wk ahead,Bin,percent,5.2,5.3,0.000999999980225984
HHS Region 4,2 wk ahead,Bin,percent,5.3,5.4,3.88318590952334e-12
HHS Region 4,2 wk ahead,Bin,percent,5.4,5.5,3.88318590952334e-12
HHS Region 4,2 wk ahead,Bin,percent,5.5,5.6,3.88318590952334e-12
HHS Region 4,2 wk ahead,Bin,percent,5.6,5.7,0.000999999980225984
HHS Region 4,2 wk ahead,Bin,percent,5.7,5.8,3.88318590952334e-12
HHS Region 4,2 wk ahead,Bin,percent,5.8,5.9,3.88318590952334e-12
HHS Region 4,2 wk ahead,Bin,percent,5.9,6.0,3.88318590952334e-12
HHS Region 4,2 wk ahead,Bin,percent,6.0,6.1,3.88318590952334e-12
HHS Region 4,2 wk ahead,Bin,percent,6.1,6.2,3.88318590952334e-12
HHS Region 4,2 wk ahead,Bin,percent,6.2,6.3,3.88318590952334e-12
HHS Region 4,2 wk ahead,Bin,percent,6.3,6.4,3.88318590952334e-12
HHS Region 4,2 wk ahead,Bin,percent,6.4,6.5,3.88318590952334e-12
HHS Region 4,2 wk ahead,Bin,percent,6.5,6.6,3.88318590952334e-12
HHS Region 4,2 wk ahead,Bin,percent,6.6,6.7,0.000999999980225984
HHS Region 4,2 wk ahead,Bin,percent,6.7,6.8,3.88318590952334e-12
HHS Region 4,2 wk ahead,Bin,percent,6.8,6.9,3.88318590952334e-12
HHS Region 4,2 wk ahead,Bin,percent,6.9,7.0,3.88318590952334e-12
HHS Region 4,2 wk ahead,Bin,percent,7.0,7.1,3.88318590952334e-12
HHS Region 4,2 wk ahead,Bin,percent,7.1,7.2,3.88318590952334e-12
HHS Region 4,2 wk ahead,Bin,percent,7.2,7.3,3.88318590952334e-12
HHS Region 4,2 wk ahead,Bin,percent,7.3,7.4,3.88318590952334e-12
HHS Region 4,2 wk ahead,Bin,percent,7.4,7.5,3.88318590952334e-12
HHS Region 4,2 wk ahead,Bin,percent,7.5,7.6,3.88318590952334e-12
HHS Region 4,2 wk ahead,Bin,percent,7.6,7.7,3.88318590952334e-12
HHS Region 4,2 wk ahead,Bin,percent,7.7,7.8,3.88318590952334e-12
HHS Region 4,2 wk ahead,Bin,percent,7.8,7.9,3.88318590952334e-12
HHS Region 4,2 wk ahead,Bin,percent,7.9,8.0,3.88318590952334e-12
HHS Region 4,2 wk ahead,Bin,percent,8.0,8.1,3.88318590952337e-12
HHS Region 4,2 wk ahead,Bin,percent,8.1,8.2,3.88318590952340e-12
HHS Region 4,2 wk ahead,Bin,percent,8.2,8.3,3.88318590952340e-12
HHS Region 4,2 wk ahead,Bin,percent,8.3,8.4,3.88318590952340e-12
HHS Region 4,2 wk ahead,Bin,percent,8.4,8.5,3.88318590952340e-12
HHS Region 4,2 wk ahead,Bin,percent,8.5,8.6,3.88318590952340e-12
HHS Region 4,2 wk ahead,Bin,percent,8.6,8.7,3.88318590952340e-12
HHS Region 4,2 wk ahead,Bin,percent,8.7,8.8,3.88318590952340e-12
HHS Region 4,2 wk ahead,Bin,percent,8.8,8.9,3.88318590952340e-12
HHS Region 4,2 wk ahead,Bin,percent,8.9,9.0,3.88318590952340e-12
HHS Region 4,2 wk ahead,Bin,percent,9.0,9.1,3.88318590952340e-12
HHS Region 4,2 wk ahead,Bin,percent,9.1,9.2,3.88318590952340e-12
HHS Region 4,2 wk ahead,Bin,percent,9.2,9.3,3.88318590952340e-12
HHS Region 4,2 wk ahead,Bin,percent,9.3,9.4,3.88318590952340e-12
HHS Region 4,2 wk ahead,Bin,percent,9.4,9.5,3.88318590952340e-12
HHS Region 4,2 wk ahead,Bin,percent,9.5,9.6,3.88318590952340e-12
HHS Region 4,2 wk ahead,Bin,percent,9.6,9.7,3.88318590952340e-12
HHS Region 4,2 wk ahead,Bin,percent,9.7,9.8,3.88318590952340e-12
HHS Region 4,2 wk ahead,Bin,percent,9.8,9.9,3.88318590952340e-12
HHS Region 4,2 wk ahead,Bin,percent,9.9,10.0,3.88318590952340e-12
HHS Region 4,2 wk ahead,Bin,percent,10.0,10.1,3.88318590952340e-12
HHS Region 4,2 wk ahead,Bin,percent,10.1,10.2,3.88318590952340e-12
HHS Region 4,2 wk ahead,Bin,percent,10.2,10.3,3.88318590952340e-12
HHS Region 4,2 wk ahead,Bin,percent,10.3,10.4,3.88318590952340e-12
HHS Region 4,2 wk ahead,Bin,percent,10.4,10.5,3.88318590952340e-12
HHS Region 4,2 wk ahead,Bin,percent,10.5,10.6,3.88318590952340e-12
HHS Region 4,2 wk ahead,Bin,percent,10.6,10.7,3.88318590952340e-12
HHS Region 4,2 wk ahead,Bin,percent,10.7,10.8,3.88318590952340e-12
HHS Region 4,2 wk ahead,Bin,percent,10.8,10.9,3.88318590952340e-12
HHS Region 4,2 wk ahead,Bin,percent,10.9,11.0,3.88318590952340e-12
HHS Region 4,2 wk ahead,Bin,percent,11.0,11.1,3.88318590952340e-12
HHS Region 4,2 wk ahead,Bin,percent,11.1,11.2,3.88318590952340e-12
HHS Region 4,2 wk ahead,Bin,percent,11.2,11.3,3.88318590952340e-12
HHS Region 4,2 wk ahead,Bin,percent,11.3,11.4,3.88318590952340e-12
HHS Region 4,2 wk ahead,Bin,percent,11.4,11.5,3.88318590952340e-12
HHS Region 4,2 wk ahead,Bin,percent,11.5,11.6,3.88318590952340e-12
HHS Region 4,2 wk ahead,Bin,percent,11.6,11.7,3.88318590952340e-12
HHS Region 4,2 wk ahead,Bin,percent,11.7,11.8,3.88318590952340e-12
HHS Region 4,2 wk ahead,Bin,percent,11.8,11.9,3.88318590952340e-12
HHS Region 4,2 wk ahead,Bin,percent,11.9,12.0,3.88318590952340e-12
HHS Region 4,2 wk ahead,Bin,percent,12.0,12.1,3.88318590952340e-12
HHS Region 4,2 wk ahead,Bin,percent,12.1,12.2,3.88318590952340e-12
HHS Region 4,2 wk ahead,Bin,percent,12.2,12.3,3.88318590952340e-12
HHS Region 4,2 wk ahead,Bin,percent,12.3,12.4,3.88318590952340e-12
HHS Region 4,2 wk ahead,Bin,percent,12.4,12.5,3.88318590952340e-12
HHS Region 4,2 wk ahead,Bin,percent,12.5,12.6,3.88318590952340e-12
HHS Region 4,2 wk ahead,Bin,percent,12.6,12.7,3.88318590952340e-12
HHS Region 4,2 wk ahead,Bin,percent,12.7,12.8,3.88318590952340e-12
HHS Region 4,2 wk ahead,Bin,percent,12.8,12.9,3.88318590952340e-12
HHS Region 4,2 wk ahead,Bin,percent,12.9,13.0,3.88318590952340e-12
HHS Region 4,2 wk ahead,Bin,percent,13.0,100.0,3.88318590952340e-12
HHS Region 4,3 wk ahead,Bin,percent,0.0,0.1,4.80143605552113e-12
HHS Region 4,3 wk ahead,Bin,percent,0.1,0.2,4.33714552549091e-11
HHS Region 4,3 wk ahead,Bin,percent,0.2,0.3,1.81848063091927e-10
HHS Region 4,3 wk ahead,Bin,percent,0.3,0.4,4.74322454804852e-10
HHS Region 4,3 wk ahead,Bin,percent,0.4,0.5,7.9296044049932e-10
HHS Region 4,3 wk ahead,Bin,percent,0.5,0.6,0.00100000093872496
HHS Region 4,3 wk ahead,Bin,percent,0.6,0.7,1.19268375367847e-09
HHS Region 4,3 wk ahead,Bin,percent,0.7,0.8,1.85153143700695e-09
HHS Region 4,3 wk ahead,Bin,percent,0.8,0.9,0.0010000026486022
HHS Region 4,3 wk ahead,Bin,percent,0.9,1.0,0.00200000282559122
HHS Region 4,3 wk ahead,Bin,percent,1.0,1.1,0.00200000227437809
HHS Region 4,3 wk ahead,Bin,percent,1.1,1.2,0.00200000167928612
HHS Region 4,3 wk ahead,Bin,percent,1.2,1.3,0.00700000130829058
HHS Region 4,3 wk ahead,Bin,percent,1.3,1.4,0.018000000938879
HHS Region 4,3 wk ahead,Bin,percent,1.4,1.5,0.0200000007463581
HHS Region 4,3 wk ahead,Bin,percent,1.5,1.6,0.0300000002979912
HHS Region 4,3 wk ahead,Bin,percent,1.6,1.7,0.0419999998211255
HHS Region 4,3 wk ahead,Bin,percent,1.7,1.8,0.0489999995745861
HHS Region 4,3 wk ahead,Bin,percent,1.8,1.9,0.0489999994679295
HHS Region 4,3 wk ahead,Bin,percent,1.9,2.0,0.0659999988224171
HHS Region 4,3 wk ahead,Bin,percent,2.0,2.1,0.0789999982792229
HHS Region 4,3 wk ahead,Bin,percent,2.1,2.2,0.0829999980712485
HHS Region 4,3 wk ahead,Bin,percent,2.2,2.3,0.0789999981386097
HHS Region 4,3 wk ahead,Bin,percent,2.3,2.4,0.0539999987294011
HHS Region 4,3 wk ahead,Bin,percent,2.4,2.5,0.0799999981143139
HHS Region 4,3 wk ahead,Bin,percent,2.5,2.6,0.0559999986820867
HHS Region 4,3 wk ahead,Bin,percent,2.6,2.7,0.044999998942316
HHS Region 4,3 wk ahead,Bin,percent,2.7,2.8,0.034999999178888
HHS Region 4,3 wk ahead,Bin,percent,2.8,2.9,0.0519999987767155
HHS Region 4,3 wk ahead,Bin,percent,2.9,3.0,0.029999999297174
HHS Region 4,3 wk ahead,Bin,percent,3.0,3.1,0.0179999995810604
HHS Region 4,3 wk ahead,Bin,percent,3.1,3.2,0.0229999994627744
HHS Region 4,3 wk ahead,Bin,percent,3.2,3.3,0.0179999995810604
HHS Region 4,3 wk ahead,Bin,percent,3.3,3.4,0.0159999996283748
HHS Region 4,3 wk ahead,Bin,percent,3.4,3.5,0.0109999997466608
HHS Region 4,3 wk ahead,Bin,percent,3.5,3.6,0.00699999984128963
HHS Region 4,3 wk ahead,Bin,percent,3.6,3.7,0.00299999993591844
HHS Region 4,3 wk ahead,Bin,percent,3.7,3.8,0.000999999983232845
HHS Region 4,3 wk ahead,Bin,percent,3.8,3.9,0.00399999991226124
HHS Region 4,3 wk ahead,Bin,percent,3.9,4.0,0.00399999991226124
HHS Region 4,3 wk ahead,Bin,percent,4.0,4.1,0.000999999983232845
HHS Region 4,3 wk ahead,Bin,percent,4.1,4.2,0.000999999983232845
HHS Region 4,3 wk ahead,Bin,percent,4.2,4.3,0.00199999995957564
HHS Region 4,3 wk ahead,Bin,percent,4.3,4.4,6.8900467827719e-12
HHS Region 4,3 wk ahead,Bin,percent,4.4,4.5,0.00399999991226124
HHS Region 4,3 wk ahead,Bin,percent,4.5,4.6,0.000999999983232845
HHS Region 4,3 wk ahead,Bin,percent,4.6,4.7,6.8900467827719e-12
HHS Region 4,3 wk ahead,Bin,percent,4.7,4.8,6.8900467827719e-12
HHS Region 4,3 wk ahead,Bin,percent,4.8,4.9,0.000999999983232845
HHS Region 4,3 wk ahead,Bin,percent,4.9,5.0,0.000999999983232845
HHS Region 4,3 wk ahead,Bin,percent,5.0,5.1,0.000999999983232845
HHS Region 4,3 wk ahead,Bin,percent,5.1,5.2,6.8900467827719e-12
HHS Region 4,3 wk ahead,Bin,percent,5.2,5.3,6.8900467827719e-12
HHS Region 4,3 wk ahead,Bin,percent,5.3,5.4,6.8900467827719e-12
HHS Region 4,3 wk ahead,Bin,percent,5.4,5.5,6.8900467827719e-12
HHS Region 4,3 wk ahead,Bin,percent,5.5,5.6,6.8900467827719e-12
HHS Region 4,3 wk ahead,Bin,percent,5.6,5.7,6.8900467827719e-12
HHS Region 4,3 wk ahead,Bin,percent,5.7,5.8,6.8900467827719e-12
HHS Region 4,3 wk ahead,Bin,percent,5.8,5.9,6.8900467827719e-12
HHS Region 4,3 wk ahead,Bin,percent,5.9,6.0,6.8900467827719e-12
HHS Region 4,3 wk ahead,Bin,percent,6.0,6.1,6.8900467827719e-12
HHS Region 4,3 wk ahead,Bin,percent,6.1,6.2,6.8900467827719e-12
HHS Region 4,3 wk ahead,Bin,percent,6.2,6.3,0.000999999983232845
HHS Region 4,3 wk ahead,Bin,percent,6.3,6.4,6.8900467827719e-12
HHS Region 4,3 wk ahead,Bin,percent,6.4,6.5,6.8900467827719e-12
HHS Region 4,3 wk ahead,Bin,percent,6.5,6.6,6.8900467827719e-12
HHS Region 4,3 wk ahead,Bin,percent,6.6,6.7,6.8900467827719e-12
HHS Region 4,3 wk ahead,Bin,percent,6.7,6.8,6.8900467827719e-12
HHS Region 4,3 wk ahead,Bin,percent,6.8,6.9,6.8900467827719e-12
HHS Region 4,3 wk ahead,Bin,percent,6.9,7.0,6.8900467827719e-12
HHS Region 4,3 wk ahead,Bin,percent,7.0,7.1,6.8900467827719e-12
HHS Region 4,3 wk ahead,Bin,percent,7.1,7.2,6.8900467827719e-12
HHS Region 4,3 wk ahead,Bin,percent,7.2,7.3,6.8900467827719e-12
HHS Region 4,3 wk ahead,Bin,percent,7.3,7.4,6.8900467827719e-12
HHS Region 4,3 wk ahead,Bin,percent,7.4,7.5,6.8900467827719e-12
HHS Region 4,3 wk ahead,Bin,percent,7.5,7.6,6.8900467827719e-12
HHS Region 4,3 wk ahead,Bin,percent,7.6,7.7,6.8900467827719e-12
HHS Region 4,3 wk ahead,Bin,percent,7.7,7.8,6.8900467827719e-12
HHS Region 4,3 wk ahead,Bin,percent,7.8,7.9,6.8900467827719e-12
HHS Region 4,3 wk ahead,Bin,percent,7.9,8.0,6.8900467827719e-12
HHS Region 4,3 wk ahead,Bin,percent,8.0,8.1,6.89004678277196e-12
HHS Region 4,3 wk ahead,Bin,percent,8.1,8.2,6.89004678277202e-12
HHS Region 4,3 wk ahead,Bin,percent,8.2,8.3,6.89004678277202e-12
HHS Region 4,3 wk ahead,Bin,percent,8.3,8.4,6.89004678277202e-12
HHS Region 4,3 wk ahead,Bin,percent,8.4,8.5,6.89004678277202e-12
HHS Region 4,3 wk ahead,Bin,percent,8.5,8.6,6.89004678277202e-12
HHS Region 4,3 wk ahead,Bin,percent,8.6,8.7,6.89004678277202e-12
HHS Region 4,3 wk ahead,Bin,percent,8.7,8.8,6.89004678277202e-12
HHS Region 4,3 wk ahead,Bin,percent,8.8,8.9,6.89004678277202e-12
HHS Region 4,3 wk ahead,Bin,percent,8.9,9.0,6.89004678277202e-12
HHS Region 4,3 wk ahead,Bin,percent,9.0,9.1,6.89004678277202e-12
HHS Region 4,3 wk ahead,Bin,percent,9.1,9.2,6.89004678277202e-12
HHS Region 4,3 wk ahead,Bin,percent,9.2,9.3,6.89004678277202e-12
HHS Region 4,3 wk ahead,Bin,percent,9.3,9.4,6.89004678277202e-12
HHS Region 4,3 wk ahead,Bin,percent,9.4,9.5,6.89004678277202e-12
HHS Region 4,3 wk ahead,Bin,percent,9.5,9.6,6.89004678277202e-12
HHS Region 4,3 wk ahead,Bin,percent,9.6,9.7,6.89004678277202e-12
HHS Region 4,3 wk ahead,Bin,percent,9.7,9.8,6.89004678277202e-12
HHS Region 4,3 wk ahead,Bin,percent,9.8,9.9,6.89004678277202e-12
HHS Region 4,3 wk ahead,Bin,percent,9.9,10.0,6.89004678277202e-12
HHS Region 4,3 wk ahead,Bin,percent,10.0,10.1,6.89004678277202e-12
HHS Region 4,3 wk ahead,Bin,percent,10.1,10.2,6.89004678277202e-12
HHS Region 4,3 wk ahead,Bin,percent,10.2,10.3,6.89004678277202e-12
HHS Region 4,3 wk ahead,Bin,percent,10.3,10.4,6.89004678277202e-12
HHS Region 4,3 wk ahead,Bin,percent,10.4,10.5,6.89004678277202e-12
HHS Region 4,3 wk ahead,Bin,percent,10.5,10.6,6.89004678277202e-12
HHS Region 4,3 wk ahead,Bin,percent,10.6,10.7,6.89004678277202e-12
HHS Region 4,3 wk ahead,Bin,percent,10.7,10.8,6.89004678277202e-12
HHS Region 4,3 wk ahead,Bin,percent,10.8,10.9,6.89004678277202e-12
HHS Region 4,3 wk ahead,Bin,percent,10.9,11.0,6.89004678277202e-12
HHS Region 4,3 wk ahead,Bin,percent,11.0,11.1,6.89004678277202e-12
HHS Region 4,3 wk ahead,Bin,percent,11.1,11.2,6.89004678277202e-12
HHS Region 4,3 wk ahead,Bin,percent,11.2,11.3,6.89004678277202e-12
HHS Region 4,3 wk ahead,Bin,percent,11.3,11.4,6.89004678277202e-12
HHS Region 4,3 wk ahead,Bin,percent,11.4,11.5,6.89004678277202e-12
HHS Region 4,3 wk ahead,Bin,percent,11.5,11.6,6.89004678277202e-12
HHS Region 4,3 wk ahead,Bin,percent,11.6,11.7,6.89004678277202e-12
HHS Region 4,3 wk ahead,Bin,percent,11.7,11.8,6.89004678277202e-12
HHS Region 4,3 wk ahead,Bin,percent,11.8,11.9,6.89004678277202e-12
HHS Region 4,3 wk ahead,Bin,percent,11.9,12.0,6.89004678277202e-12
HHS Region 4,3 wk ahead,Bin,percent,12.0,12.1,6.89004678277202e-12
HHS Region 4,3 wk ahead,Bin,percent,12.1,12.2,6.89004678277202e-12
HHS Region 4,3 wk ahead,Bin,percent,12.2,12.3,6.89004678277202e-12
HHS Region 4,3 wk ahead,Bin,percent,12.3,12.4,6.89004678277202e-12
HHS Region 4,3 wk ahead,Bin,percent,12.4,12.5,6.89004678277202e-12
HHS Region 4,3 wk ahead,Bin,percent,12.5,12.6,6.89004678277202e-12
HHS Region 4,3 wk ahead,Bin,percent,12.6,12.7,6.89004678277202e-12
HHS Region 4,3 wk ahead,Bin,percent,12.7,12.8,6.89004678277202e-12
HHS Region 4,3 wk ahead,Bin,percent,12.8,12.9,6.89004678277202e-12
HHS Region 4,3 wk ahead,Bin,percent,12.9,13.0,6.89004678277202e-12
HHS Region 4,3 wk ahead,Bin,percent,13.0,100.0,6.89004678277202e-12
HHS Region 4,4 wk ahead,Bin,percent,0.0,0.1,1.38526851753553e-10
HHS Region 4,4 wk ahead,Bin,percent,0.1,0.2,3.84378616746591e-10
HHS Region 4,4 wk ahead,Bin,percent,0.2,0.3,5.58505951156295e-10
HHS Region 4,4 wk ahead,Bin,percent,0.3,0.4,7.68109168772082e-10
HHS Region 4,4 wk ahead,Bin,percent,0.4,0.5,1.00625798850754e-09
HHS Region 4,4 wk ahead,Bin,percent,0.5,0.6,0.00100000123134428
HHS Region 4,4 wk ahead,Bin,percent,0.6,0.7,0.00100000145849196
HHS Region 4,4 wk ahead,Bin,percent,0.7,0.8,1.64848194177823e-09
HHS Region 4,4 wk ahead,Bin,percent,0.8,0.9,0.00300000165425894
HHS Region 4,4 wk ahead,Bin,percent,0.9,1.0,0.00500000159163093
HHS Region 4,4 wk ahead,Bin,percent,1.0,1.1,0.00800000143801939
HHS Region 4,4 wk ahead,Bin,percent,1.1,1.2,0.018000001088099
HHS Region 4,4 wk ahead,Bin,percent,1.2,1.3,0.0250000008077881
HHS Region 4,4 wk ahead,Bin,percent,1.3,1.4,0.0360000004439929
HHS Region 4,4 wk ahead,Bin,percent,1.4,1.5,0.0490000000424728
HHS Region 4,4 wk ahead,Bin,percent,1.5,1.6,0.0529999998556965
HHS Region 4,4 wk ahead,Bin,percent,1.6,1.7,0.0669999994255893
HHS Region 4,4 wk ahead,Bin,percent,1.7,1.8,0.054999999596304
HHS Region 4,4 wk ahead,Bin,percent,1.8,1.9,0.0659999992041351
HHS Region 4,4 wk ahead,Bin,percent,1.9,2.0,0.0859999985822282
HHS Region 4,4 wk ahead,Bin,percent,2.0,2.1,0.0659999989002468
HHS Region 4,4 wk ahead,Bin,percent,2.1,2.2,0.077999998471136
HHS Region 4,4 wk ahead,Bin,percent,2.2,2.3,0.0519999989661408
HHS Region 4,4 wk ahead,Bin,percent,2.3,2.4,0.0509999989027966
HHS Region 4,4 wk ahead,Bin,percent,2.4,2.5,0.0499999988714165
HHS Region 4,4 wk ahead,Bin,percent,2.5,2.6,0.026999999385174
HHS Region 4,4 wk ahead,Bin,percent,2.6,2.7,0.040999999039377
HHS Region 4,4 wk ahead,Bin,percent,2.7,2.8,0.0219999994834118
HHS Region 4,4 wk ahead,Bin,percent,2.8,2.9,0.0239999994357999
HHS Region 4,4 wk ahead,Bin,percent,2.9,3.0,0.0229999994594571
HHS Region 4,4 wk ahead,Bin,percent,3.0,3.1,0.0229999994594571
HHS Region 4,4 wk ahead,Bin,percent,3.1,3.2,0.0109999997433436
HHS Region 4,4 wk ahead,Bin,percent,3.2,3.3,0.00599999986162957
HHS Region 4,4 wk ahead,Bin,percent,3.3,3.4,0.0129999996960292
HHS Region 4,4 wk ahead,Bin,percent,3.4,3.5,0.00599999986162957
HHS Region 4,4 wk ahead,Bin,percent,3.5,3.6,0.00799999981431517
HHS Region 4,4 wk ahead,Bin,percent,3.6,3.7,0.00399999990894397
HHS Region 4,4 wk ahead,Bin,percent,3.7,3.8,0.00399999990894397
HHS Region 4,4 wk ahead,Bin,percent,3.8,3.9,0.00399999990894397
HHS Region 4,4 wk ahead,Bin,percent,3.9,4.0,0.000999999979915581
HHS Region 4,4 wk ahead,Bin,percent,4.0,4.1,0.00299999993260118
HHS Region 4,4 wk ahead,Bin,percent,4.1,4.2,0.00299999993260118
HHS Region 4,4 wk ahead,Bin,percent,4.2,4.3,0.000999999979915581
HHS Region 4,4 wk ahead,Bin,percent,4.3,4.4,0.00199999995625838
HHS Region 4,4 wk ahead,Bin,percent,4.4,4.5,3.57278275468923e-12
HHS Region 4,4 wk ahead,Bin,percent,4.5,4.6,3.57278275468923e-12
HHS Region 4,4 wk ahead,Bin,percent,4.6,4.7,3.57278275468923e-12
HHS Region 4,4 wk ahead,Bin,percent,4.7,4.8,0.000999999979915581
HHS Region 4,4 wk ahead,Bin,percent,4.8,4.9,3.57278275468923e-12
HHS Region 4,4 wk ahead,Bin,percent,4.9,5.0,3.57278275468923e-12
HHS Region 4,4 wk ahead,Bin,percent,5.0,5.1,3.57278275468923e-12
HHS Region 4,4 wk ahead,Bin,percent,5.1,5.2,0.000999999979915581
HHS Region 4,4 wk ahead,Bin,percent,5.2,5.3,3.57278275468923e-12
HHS Region 4,4 wk ahead,Bin,percent,5.3,5.4,3.57278275468923e-12
HHS Region 4,4 wk ahead,Bin,percent,5.4,5.5,3.57278275468923e-12
HHS Region 4,4 wk ahead,Bin,percent,5.5,5.6,3.57278275468923e-12
HHS Region 4,4 wk ahead,Bin,percent,5.6,5.7,0.000999999979915581
HHS Region 4,4 wk ahead,Bin,percent,5.7,5.8,3.57278275468923e-12
HHS Region 4,4 wk ahead,Bin,percent,5.8,5.9,3.57278275468923e-12
HHS Region 4,4 wk ahead,Bin,percent,5.9,6.0,3.57278275468923e-12
HHS Region 4,4 wk ahead,Bin,percent,6.0,6.1,3.57278275468923e-12
HHS Region 4,4 wk ahead,Bin,percent,6.1,6.2,3.57278275468923e-12
HHS Region 4,4 wk ahead,Bin,percent,6.2,6.3,3.57278275468923e-12
HHS Region 4,4 wk ahead,Bin,percent,6.3,6.4,3.57278275468923e-12
HHS Region 4,4 wk ahead,Bin,percent,6.4,6.5,3.57278275468923e-12
HHS Region 4,4 wk ahead,Bin,percent,6.5,6.6,3.57278275468923e-12
HHS Region 4,4 wk ahead,Bin,percent,6.6,6.7,3.57278275468923e-12
HHS Region 4,4 wk ahead,Bin,percent,6.7,6.8,3.57278275468923e-12
HHS Region 4,4 wk ahead,Bin,percent,6.8,6.9,3.57278275468923e-12
HHS Region 4,4 wk ahead,Bin,percent,6.9,7.0,3.57278275468923e-12
HHS Region 4,4 wk ahead,Bin,percent,7.0,7.1,3.57278275468923e-12
HHS Region 4,4 wk ahead,Bin,percent,7.1,7.2,3.57278275468923e-12
HHS Region 4,4 wk ahead,Bin,percent,7.2,7.3,3.57278275468923e-12
HHS Region 4,4 wk ahead,Bin,percent,7.3,7.4,3.57278275468923e-12
HHS Region 4,4 wk ahead,Bin,percent,7.4,7.5,3.57278275468923e-12
HHS Region 4,4 wk ahead,Bin,percent,7.5,7.6,3.57278275468923e-12
HHS Region 4,4 wk ahead,Bin,percent,7.6,7.7,3.57278275468923e-12
HHS Region 4,4 wk ahead,Bin,percent,7.7,7.8,3.57278275468923e-12
HHS Region 4,4 wk ahead,Bin,percent,7.8,7.9,3.57278275468923e-12
HHS Region 4,4 wk ahead,Bin,percent,7.9,8.0,0.000999999979915581
HHS Region 4,4 wk ahead,Bin,percent,8.0,8.1,3.57278275468926e-12
HHS Region 4,4 wk ahead,Bin,percent,8.1,8.2,3.57278275468929e-12
HHS Region 4,4 wk ahead,Bin,percent,8.2,8.3,3.57278275468929e-12
HHS Region 4,4 wk ahead,Bin,percent,8.3,8.4,3.57278275468929e-12
HHS Region 4,4 wk ahead,Bin,percent,8.4,8.5,3.57278275468929e-12
HHS Region 4,4 wk ahead,Bin,percent,8.5,8.6,3.57278275468929e-12
HHS Region 4,4 wk ahead,Bin,percent,8.6,8.7,3.57278275468929e-12
HHS Region 4,4 wk ahead,Bin,percent,8.7,8.8,3.57278275468929e-12
HHS Region 4,4 wk ahead,Bin,percent,8.8,8.9,3.57278275468929e-12
HHS Region 4,4 wk ahead,Bin,percent,8.9,9.0,3.57278275468929e-12
HHS Region 4,4 wk ahead,Bin,percent,9.0,9.1,3.57278275468929e-12
HHS Region 4,4 wk ahead,Bin,percent,9.1,9.2,3.57278275468929e-12
HHS Region 4,4 wk ahead,Bin,percent,9.2,9.3,3.57278275468929e-12
HHS Region 4,4 wk ahead,Bin,percent,9.3,9.4,3.57278275468929e-12
HHS Region 4,4 wk ahead,Bin,percent,9.4,9.5,3.57278275468929e-12
HHS Region 4,4 wk ahead,Bin,percent,9.5,9.6,3.57278275468929e-12
HHS Region 4,4 wk ahead,Bin,percent,9.6,9.7,3.57278275468929e-12
HHS Region 4,4 wk ahead,Bin,percent,9.7,9.8,3.57278275468929e-12
HHS Region 4,4 wk ahead,Bin,percent,9.8,9.9,3.57278275468929e-12
HHS Region 4,4 wk ahead,Bin,percent,9.9,10.0,3.57278275468929e-12
HHS Region 4,4 wk ahead,Bin,percent,10.0,10.1,3.57278275468929e-12
HHS Region 4,4 wk ahead,Bin,percent,10.1,10.2,3.57278275468929e-12
HHS Region 4,4 wk ahead,Bin,percent,10.2,10.3,3.57278275468929e-12
HHS Region 4,4 wk ahead,Bin,percent,10.3,10.4,3.57278275468929e-12
HHS Region 4,4 wk ahead,Bin,percent,10.4,10.5,3.57278275468929e-12
HHS Region 4,4 wk ahead,Bin,percent,10.5,10.6,3.57278275468929e-12
HHS Region 4,4 wk ahead,Bin,percent,10.6,10.7,3.57278275468929e-12
HHS Region 4,4 wk ahead,Bin,percent,10.7,10.8,3.57278275468929e-12
HHS Region 4,4 wk ahead,Bin,percent,10.8,10.9,3.57278275468929e-12
HHS Region 4,4 wk ahead,Bin,percent,10.9,11.0,3.57278275468929e-12
HHS Region 4,4 wk ahead,Bin,percent,11.0,11.1,3.57278275468929e-12
HHS Region 4,4 wk ahead,Bin,percent,11.1,11.2,3.57278275468929e-12
HHS Region 4,4 wk ahead,Bin,percent,11.2,11.3,3.57278275468929e-12
HHS Region 4,4 wk ahead,Bin,percent,11.3,11.4,3.57278275468929e-12
HHS Region 4,4 wk ahead,Bin,percent,11.4,11.5,3.57278275468929e-12
HHS Region 4,4 wk ahead,Bin,percent,11.5,11.6,3.57278275468929e-12
HHS Region 4,4 wk ahead,Bin,percent,11.6,11.7,3.57278275468929e-12
HHS Region 4,4 wk ahead,Bin,percent,11.7,11.8,3.57278275468929e-12
HHS Region 4,4 wk ahead,Bin,percent,11.8,11.9,3.57278275468929e-12
HHS Region 4,4 wk ahead,Bin,percent,11.9,12.0,3.57278275468929e-12
HHS Region 4,4 wk ahead,Bin,percent,12.0,12.1,3.57278275468929e-12
HHS Region 4,4 wk ahead,Bin,percent,12.1,12.2,3.57278275468929e-12
HHS Region 4,4 wk ahead,Bin,percent,12.2,12.3,3.57278275468929e-12
HHS Region 4,4 wk ahead,Bin,percent,12.3,12.4,3.57278275468929e-12
HHS Region 4,4 wk ahead,Bin,percent,12.4,12.5,3.57278275468929e-12
HHS Region 4,4 wk ahead,Bin,percent,12.5,12.6,3.57278275468929e-12
HHS Region 4,4 wk ahead,Bin,percent,12.6,12.7,3.57278275468929e-12
HHS Region 4,4 wk ahead,Bin,percent,12.7,12.8,3.57278275468929e-12
HHS Region 4,4 wk ahead,Bin,percent,12.8,12.9,3.57278275468929e-12
HHS Region 4,4 wk ahead,Bin,percent,12.9,13.0,3.57278275468929e-12
HHS Region 4,4 wk ahead,Bin,percent,13.0,100.0,3.57278275468929e-12
HHS Region 4,Season onset,Bin,week,40.0,41.0,0.000145462263362444
HHS Region 4,Season onset,Bin,week,41.0,42.0,0.000584904785674012
HHS Region 4,Season onset,Bin,week,42.0,43.0,0.00178346278827994
HHS Region 4,Season onset,Bin,week,43.0,44.0,0.0041627428822649
HHS Region 4,Season onset,Bin,week,44.0,45.0,0.00770174171553672
HHS Region 4,Season onset,Bin,week,45.0,46.0,0.777195399133241
HHS Region 4,Season onset,Bin,week,46.0,47.0,0.0161569020952711
HHS Region 4,Season onset,Bin,week,47.0,48.0,0.019755936989939
HHS Region 4,Season onset,Bin,week,48.0,49.0,0.0214030250007988
HHS Region 4,Season onset,Bin,week,49.0,50.0,0.0199516368941635
HHS Region 4,Season onset,Bin,week,50.0,51.0,0.0157525950620609
HHS Region 4,Season onset,Bin,week,51.0,52.0,0.0109213415498623
HHS Region 4,Season onset,Bin,week,52.0,53.0,0.00817839764903119
HHS Region 4,Season onset,Bin,week,1.0,2.0,0.00910569483043891
HHS Region 4,Season onset,Bin,week,2.0,3.0,0.0128883394224005
HHS Region 4,Season onset,Bin,week,3.0,4.0,0.0167139443702326
HHS Region 4,Season onset,Bin,week,4.0,5.0,0.0178425870007722
HHS Region 4,Season onset,Bin,week,5.0,6.0,0.01545356872795
HHS Region 4,Season onset,Bin,week,6.0,7.0,0.0107829962230715
HHS Region 4,Season onset,Bin,week,7.0,8.0,0.00596189569329459
HHS Region 4,Season onset,Bin,week,8.0,9.0,0.00255658521504533
HHS Region 4,Season onset,Bin,week,9.0,10.0,0.000834256646226948
HHS Region 4,Season onset,Bin,week,10.0,11.0,0.000206428813827968
HHS Region 4,Season onset,Bin,week,11.0,12.0,0.000106927487770308
HHS Region 4,Season onset,Bin,week,12.0,13.0,0.000106927487770308
HHS Region 4,Season onset,Bin,week,13.0,14.0,0.000106927487770308
HHS Region 4,Season onset,Bin,week,14.0,15.0,0.000106927487770308
HHS Region 4,Season onset,Bin,week,15.0,16.0,0.000106927487770308
HHS Region 4,Season onset,Bin,week,16.0,17.0,0.000106927487770308
HHS Region 4,Season onset,Bin,week,17.0,18.0,0.000106927487770308
HHS Region 4,Season onset,Bin,week,18.0,19.0,0.000106927487770308
HHS Region 4,Season onset,Bin,week,19.0,20.0,0.000106927487770308
HHS Region 4,Season onset,Bin,week,20.0,21.0,0.000106927487770308
HHS Region 4,Season onset,Bin,week,none,none,0.00289087936955077
HHS Region 4,Season peak percentage,Bin,percent,0.0,0.1,6.87905074852276e-05
HHS Region 4,Season peak percentage,Bin,percent,0.1,0.2,0.00015791933488588
HHS Region 4,Season peak percentage,Bin,percent,0.2,0.3,0.000188706701295375
HHS Region 4,Season peak percentage,Bin,percent,0.3,0.4,0.000224345272322676
HHS Region 4,Season peak percentage,Bin,percent,0.4,0.5,0.000265371243715958
HHS Region 4,Season peak percentage,Bin,percent,0.5,0.6,0.000312313487561222
HHS Region 4,Season peak percentage,Bin,percent,0.6,0.7,0.000365760830685241
HHS Region 4,Season peak percentage,Bin,percent,0.7,0.8,0.000426292345800566
HHS Region 4,Season peak percentage,Bin,percent,0.8,0.9,0.000494385341106857
HHS Region 4,Season peak percentage,Bin,percent,0.9,1.0,0.000570676171840095
HHS Region 4,Season peak percentage,Bin,percent,1.0,1.1,0.000655593811920565
HHS Region 4,Season peak percentage,Bin,percent,1.1,1.2,0.00074965662481913
HHS Region 4,Season peak percentage,Bin,percent,1.2,1.3,0.000853196905948857
HHS Region 4,Season peak percentage,Bin,percent,1.3,1.4,0.000966627142066825
HHS Region 4,Season peak percentage,Bin,percent,1.4,1.5,0.0010900819022382
HHS Region 4,Season peak percentage,Bin,percent,1.5,1.6,0.00122372030324671
HHS Region 4,Season peak percentage,Bin,percent,1.6,1.7,0.00136758471487458
HHS Region 4,Season peak percentage,Bin,percent,1.7,1.8,0.00152139622020006
HHS Region 4,Season peak percentage,Bin,percent,1.8,1.9,0.00168496866574365
HHS Region 4,Season peak percentage,Bin,percent,1.9,2.0,0.00185774220179076
HHS Region 4,Season peak percentage,Bin,percent,2.0,2.1,0.00203910962788658
HHS Region 4,Season peak percentage,Bin,percent,2.1,2.2,0.0022281271442867
HHS Region 4,Season peak percentage,Bin,percent,2.2,2.3,0.00242383940836782
HHS Region 4,Season peak percentage,Bin,percent,2.3,2.4,0.00262496184203439
HHS Region 4,Season peak percentage,Bin,percent,2.4,2.5,0.00283008510891699
HHS Region 4,Season peak percentage,Bin,percent,2.5,2.6,0.00303764425351972
HHS Region 4,Season peak percentage,Bin,percent,2.6,2.7,0.0032458926919669
HHS Region 4,Season peak percentage,Bin,percent,2.7,2.8,0.00345298056635708
HHS Region 4,Season peak percentage,Bin,percent,2.8,2.9,0.0036569758040833
HHS Region 4,Season peak percentage,Bin,percent,2.9,3.0,0.00385582841973806
HHS Region 4,Season peak percentage,Bin,percent,3.0,3.1,0.00404759548014747
HHS Region 4,Season peak percentage,Bin,percent,3.1,3.2,0.00423021363269563
HHS Region 4,Season peak percentage,Bin,percent,3.2,3.3,0.00440175980414484
HHS Region 4,Season peak percentage,Bin,percent,3.3,3.4,0.00456041751424616
HHS Region 4,Season peak percentage,Bin,percent,3.4,3.5,0.00470457243902964
HHS Region 4,Season peak percentage,Bin,percent,3.5,3.6,0.00483267732391718
HHS Region 4,Season peak percentage,Bin,percent,3.6,3.7,0.00494348941991312
HHS Region 4,Season peak percentage,Bin,percent,3.7,3.8,0.00503613721617111
HHS Region 4,Season peak percentage,Bin,percent,3.8,3.9,0.005109700079796
HHS Region 4,Season peak percentage,Bin,percent,3.9,4.0,0.00516393963743003
HHS Region 4,Season peak percentage,Bin,percent,4.0,4.1,0.00519854691493034
HHS Region 4,Season peak percentage,Bin,percent,4.1,4.2,0.00521379758259084
HHS Region 4,Season peak percentage,Bin,percent,4.2,4.3,0.00520992188522922
HHS Region 4,Season peak percentage,Bin,percent,4.3,4.4,0.00518778075935121
HHS Region 4,Season peak percentage,Bin,percent,4.4,4.5,0.0051480894627253
HHS Region 4,Season peak percentage,Bin,percent,4.5,4.6,0.00509186171231123
HHS Region 4,Season peak percentage,Bin,percent,4.6,4.7,0.00502048353466394
HHS Region 4,Season peak percentage,Bin,percent,4.7,4.8,0.00493504588232976
HHS Region 4,Season peak percentage,Bin,percent,4.8,4.9,0.00483705517672952
HHS Region 4,Season peak percentage,Bin,percent,4.9,5.0,0.00472781962721221
HHS Region 4,Season peak percentage,Bin,percent,5.0,5.1,0.00460883160127089
HHS Region 4,Season peak percentage,Bin,percent,5.1,5.2,0.00448134874739525
HHS Region 4,Season peak percentage,Bin,percent,5.2,5.3,0.00434674679956778
HHS Region 4,Season peak percentage,Bin,percent,5.3,5.4,0.00420622389348069
HHS Region 4,Season peak percentage,Bin,percent,5.4,5.5,0.00406090513591155
HHS Region 4,Season peak percentage,Bin,percent,5.5,5.6,0.00391185997711636
HHS Region 4,Season peak percentage,Bin,percent,5.6,5.7,0.0037600195342919
HHS Region 4,Season peak percentage,Bin,percent,5.7,5.8,0.00360625091622409
HHS Region 4,Season peak percentage,Bin,percent,5.8,5.9,0.0034513281439218
HHS Region 4,Season peak percentage,Bin,percent,5.9,6.0,0.00329596611144082
HHS Region 4,Season peak percentage,Bin,percent,6.0,6.1,0.00314081059293597
HHS Region 4,Season peak percentage,Bin,percent,6.1,6.2,0.00298646958614948
HHS Region 4,Season peak percentage,Bin,percent,6.2,6.3,0.00283351971823411
HHS Region 4,Season peak percentage,Bin,percent,6.3,6.4,0.00268250281157082
HHS Region 4,Season peak percentage,Bin,percent,6.4,6.5,0.00253396977105403
HHS Region 4,Season peak percentage,Bin,percent,6.5,6.6,0.00238844221805556
HHS Region 4,Season peak percentage,Bin,percent,6.6,6.7,0.00224642858270242
HHS Region 4,Season peak percentage,Bin,percent,6.7,6.8,0.00210847745906721
HHS Region 4,Season peak percentage,Bin,percent,6.8,6.9,0.00197504192577985
HHS Region 4,Season peak percentage,Bin,percent,6.9,7.0,0.00184664992135866
HHS Region 4,Season peak percentage,Bin,percent,7.0,7.1,0.00172371685772386
HHS Region 4,Season peak percentage,Bin,percent,7.1,7.2,0.00160671848753143
HHS Region 4,Season peak percentage,Bin,percent,7.2,7.3,0.00149593833939453
HHS Region 4,Season peak percentage,Bin,percent,7.3,7.4,0.00139176647279768
HHS Region 4,Season peak percentage,Bin,percent,7.4,7.5,0.00129442976268783
HHS Region 4,Season peak percentage,Bin,percent,7.5,7.6,0.00120403693135543
HHS Region 4,Season peak percentage,Bin,percent,7.6,7.7,0.00112075329178124
HHS Region 4,Season peak percentage,Bin,percent,7.7,7.8,0.00104450594407111
HHS Region 4,Season peak percentage,Bin,percent,7.8,7.9,0.000975250376415774
HHS Region 4,Season peak percentage,Bin,percent,7.9,8.0,0.000912744086046595
HHS Region 4,Season peak percentage,Bin,percent,8.0,8.1,0.000856782920214954
HHS Region 4,Season peak percentage,Bin,percent,8.1,8.2,0.00080694637730684
HHS Region 4,Season peak percentage,Bin,percent,8.2,8.3,0.00076285200208292
HHS Region 4,Season peak percentage,Bin,percent,8.3,8.4,0.000724015217049352
HHS Region 4,Season peak percentage,Bin,percent,8.4,8.5,0.000689877381244395
HHS Region 4,Season peak percentage,Bin,percent,8.5,8.6,0.000659885249632317
HHS Region 4,Season peak percentage,Bin,percent,8.6,8.7,0.000633448365493102
HHS Region 4,Season peak percentage,Bin,percent,8.7,8.8,0.000609972257787802
HHS Region 4,Season peak percentage,Bin,percent,8.8,8.9,0.765890817840253
HHS Region 4,Season peak percentage,Bin,percent,8.9,9.0,0.000569530913893605
HHS Region 4,Season peak percentage,Bin,percent,9.0,9.1,0.000551478752011117
HHS Region 4,Season peak percentage,Bin,percent,9.1,9.2,0.000534211701034853
HHS Region 4,Season peak percentage,Bin,percent,9.2,9.3,0.000517299303784644
HHS Region 4,Season peak percentage,Bin,percent,9.3,9.4,0.000500376011200619
HHS Region 4,Season peak percentage,Bin,percent,9.4,9.5,0.000483145540880616
HHS Region 4,Season peak percentage,Bin,percent,9.5,9.6,0.000465382669924554
HHS Region 4,Season peak percentage,Bin,percent,9.6,9.7,0.000446926665085493
HHS Region 4,Season peak percentage,Bin,percent,9.7,9.8,0.000427700290830705
HHS Region 4,Season peak percentage,Bin,percent,9.8,9.9,0.00040767267774192
HHS Region 4,Season peak percentage,Bin,percent,9.9,10.0,0.000386885980882361
HHS Region 4,Season peak percentage,Bin,percent,10.0,10.1,0.000365423399127836
HHS Region 4,Season peak percentage,Bin,percent,10.1,10.2,0.000343422047571807
HHS Region 4,Season peak percentage,Bin,percent,10.2,10.3,0.000321038905089082
HHS Region 4,Season peak percentage,Bin,percent,10.3,10.4,0.000298464117871812
HHS Region 4,Season peak percentage,Bin,percent,10.4,10.5,0.000275896850869664
HHS Region 4,Season peak percentage,Bin,percent,10.5,10.6,0.000253543626565927
HHS Region 4,Season peak percentage,Bin,percent,10.6,10.7,0.000231604059000009
HHS Region 4,Season peak percentage,Bin,percent,10.7,10.8,0.000210271885601341
HHS Region 4,Season peak percentage,Bin,percent,10.8,10.9,0.000189716163981583
HHS Region 4,Season peak percentage,Bin,percent,10.9,11.0,0.000170097736369142
HHS Region 4,Season peak percentage,Bin,percent,11.0,11.1,0.00015153050215339
HHS Region 4,Season peak percentage,Bin,percent,11.1,11.2,0.000134124574503217
HHS Region 4,Season peak percentage,Bin,percent,11.2,11.3,0.000117950832715409
HHS Region 4,Season peak percentage,Bin,percent,11.3,11.4,0.00010304775471661
HHS Region 4,Season peak percentage,Bin,percent,11.4,11.5,8.94371109744867e-05
HHS Region 4,Season peak percentage,Bin,percent,11.5,11.6,7.7112697511209e-05
HHS Region 4,Season peak percentage,Bin,percent,11.6,11.7,6.60482187609647e-05
HHS Region 4,Season peak percentage,Bin,percent,11.7,11.8,5.61899267949032e-05
HHS Region 4,Season peak percentage,Bin,percent,11.8,11.9,4.7489198936722e-05
HHS Region 4,Season peak percentage,Bin,percent,11.9,12.0,3.98633396673338e-05
HHS Region 4,Season peak percentage,Bin,percent,12.0,12.1,3.32402927675408e-05
HHS Region 4,Season peak percentage,Bin,percent,12.1,12.2,2.75292115693625e-05
HHS Region 4,Season peak percentage,Bin,percent,12.2,12.3,2.26486001181817e-05
HHS Region 4,Season peak percentage,Bin,percent,12.3,12.4,1.85051651805338e-05
HHS Region 4,Season peak percentage,Bin,percent,12.4,12.5,1.50179868347204e-05
HHS Region 4,Season peak percentage,Bin,percent,12.5,12.6,1.2107939178671e-05
HHS Region 4,Season peak percentage,Bin,percent,12.6,12.7,9.69261040695718e-06
HHS Region 4,Season peak percentage,Bin,percent,12.7,12.8,7.70880642236419e-06
HHS Region 4,Season peak percentage,Bin,percent,12.8,12.9,6.08842532017675e-06
HHS Region 4,Season peak percentage,Bin,percent,12.9,13.0,4.81340173446114e-06
HHS Region 4,Season peak percentage,Bin,percent,13.0,100.0,9.20328137437214e-05
HHS Region 4,Season peak week,Bin,week,40.0,41.0,0.000138587136308223
HHS Region 4,Season peak week,Bin,week,41.0,42.0,0.000138587136308223
HHS Region 4,Season peak week,Bin,week,42.0,43.0,0.000138587136308223
HHS Region 4,Season peak week,Bin,week,43.0,44.0,0.000138587136308223
HHS Region 4,Season peak week,Bin,week,44.0,45.0,0.000138587136308223
HHS Region 4,Season peak week,Bin,week,45.0,46.0,0.000138587136308223
HHS Region 4,Season peak week,Bin,week,46.0,47.0,0.000138587136308223
HHS Region 4,Season peak week,Bin,week,47.0,48.0,0.000138587136308223
HHS Region 4,Season peak week,Bin,week,48.0,49.0,0.00015478686105373
HHS Region 4,Season peak week,Bin,week,49.0,50.0,0.00143480920391516
HHS Region 4,Season peak week,Bin,week,50.0,51.0,0.00902458235712055
HHS Region 4,Season peak week,Bin,week,51.0,52.0,0.0239818483924426
HHS Region 4,Season peak week,Bin,week,52.0,53.0,0.793732662186852
HHS Region 4,Season peak week,Bin,week,1.0,2.0,0.0140820412010101
HHS Region 4,Season peak week,Bin,week,2.0,3.0,0.00402183189638191
HHS Region 4,Season peak week,Bin,week,3.0,4.0,0.00862950692173888
HHS Region 4,Season peak week,Bin,week,4.0,5.0,0.0206920770340547
HHS Region 4,Season peak week,Bin,week,5.0,6.0,0.0289652318109456
HHS Region 4,Season peak week,Bin,week,6.0,7.0,0.0288192515909038
HHS Region 4,Season peak week,Bin,week,7.0,8.0,0.0188966249875718
HHS Region 4,Season peak week,Bin,week,8.0,9.0,0.00961174988069661
HHS Region 4,Season peak week,Bin,week,9.0,10.0,0.0106190428446399
HHS Region 4,Season peak week,Bin,week,10.0,11.0,0.0147791250725036
HHS Region 4,Season peak week,Bin,week,11.0,12.0,0.00842077574317858
HHS Region 4,Season peak week,Bin,week,12.0,13.0,0.00163761714614418
HHS Region 4,Season peak week,Bin,week,13.0,14.0,0.00019060674234984
HHS Region 4,Season peak week,Bin,week,14.0,15.0,0.000171018719433033
HHS Region 4,Season peak week,Bin,week,15.0,16.0,0.000171018719433033
HHS Region 4,Season peak week,Bin,week,16.0,17.0,0.000171018719433033
HHS Region 4,Season peak week,Bin,week,17.0,18.0,0.000171018719433033
HHS Region 4,Season peak week,Bin,week,18.0,19.0,0.000171018719433033
HHS Region 4,Season peak week,Bin,week,19.0,20.0,0.000171018719433033
HHS Region 4,Season peak week,Bin,week,20.0,21.0,0.000171018719433033
HHS Region 5,1 wk ahead,Bin,percent,0.0,0.1,2.75894287494063e-12
HHS Region 5,1 wk ahead,Bin,percent,0.1,0.2,2.52549985287633e-11
HHS Region 5,1 wk ahead,Bin,percent,0.2,0.3,1.1388335728646e-10
HHS Region 5,1 wk ahead,Bin,percent,0.3,0.4,3.19802582177067e-10
HHS Region 5,1 wk ahead,Bin,percent,0.4,0.5,6.12880594943014e-10
HHS Region 5,1 wk ahead,Bin,percent,0.5,0.6,8.9187616827048e-10
HHS Region 5,1 wk ahead,Bin,percent,0.6,0.7,1.02367433951128e-09
HHS Region 5,1 wk ahead,Bin,percent,0.7,0.8,9.63927981128683e-10
HHS Region 5,1 wk ahead,Bin,percent,0.8,0.9,9.41292871822731e-10
HHS Region 5,1 wk ahead,Bin,percent,0.9,1.0,1.1264991534186e-09
HHS Region 5,1 wk ahead,Bin,percent,1.0,1.1,1.54736943801098e-09
HHS Region 5,1 wk ahead,Bin,percent,1.1,1.2,2.3073148814532e-09
HHS Region 5,1 wk ahead,Bin,percent,1.2,1.3,3.04866928135438e-09
HHS Region 5,1 wk ahead,Bin,percent,1.3,1.4,0.0030000029857742
HHS Region 5,1 wk ahead,Bin,percent,1.4,1.5,0.0110000021328377
HHS Region 5,1 wk ahead,Bin,percent,1.5,1.6,0.0200000013521736
HHS Region 5,1 wk ahead,Bin,percent,1.6,1.7,0.0420000006373674
HHS Region 5,1 wk ahead,Bin,percent,1.7,1.8,0.0739999996476676
HHS Region 5,1 wk ahead,Bin,percent,1.8,1.9,0.118999997971098
HHS Region 5,1 wk ahead,Bin,percent,1.9,2.0,0.142999996755972
HHS Region 5,1 wk ahead,Bin,percent,2.0,2.1,0.145999996335869
HHS Region 5,1 wk ahead,Bin,percent,2.1,2.2,0.145999996226173
HHS Region 5,1 wk ahead,Bin,percent,2.2,2.3,0.0989999974324091
HHS Region 5,1 wk ahead,Bin,percent,2.3,2.4,0.0669999982644922
HHS Region 5,1 wk ahead,Bin,percent,2.4,2.5,0.0449999988365494
HHS Region 5,1 wk ahead,Bin,percent,2.5,2.6,0.023999999382604
HHS Region 5,1 wk ahead,Bin,percent,2.6,2.7,0.0219999994346092
HHS Region 5,1 wk ahead,Bin,percent,2.7,2.8,0.0199999994866144
HHS Region 5,1 wk ahead,Bin,percent,2.8,2.9,0.00599999985065075
HHS Region 5,1 wk ahead,Bin,percent,2.9,3.0,0.00499999987665335
HHS Region 5,1 wk ahead,Bin,percent,3.0,3.1,0.00199999995466115
HHS Region 5,1 wk ahead,Bin,percent,3.1,3.2,0.00299999992865855
HHS Region 5,1 wk ahead,Bin,percent,3.2,3.3,0.000999999980663748
HHS Region 5,1 wk ahead,Bin,percent,3.3,3.4,0.000999999980663748
HHS Region 5,1 wk ahead,Bin,percent,3.4,3.5,6.66634680512095e-12
HHS Region 5,1 wk ahead,Bin,percent,3.5,3.6,6.66634680512095e-12
HHS Region 5,1 wk ahead,Bin,percent,3.6,3.7,6.66634680512095e-12
HHS Region 5,1 wk ahead,Bin,percent,3.7,3.8,0.000999999980663748
HHS Region 5,1 wk ahead,Bin,percent,3.8,3.9,6.66634680512095e-12
HHS Region 5,1 wk ahead,Bin,percent,3.9,4.0,6.66634680512095e-12
HHS Region 5,1 wk ahead,Bin,percent,4.0,4.1,6.66634680512095e-12
HHS Region 5,1 wk ahead,Bin,percent,4.1,4.2,6.66634680512095e-12
HHS Region 5,1 wk ahead,Bin,percent,4.2,4.3,6.66634680512095e-12
HHS Region 5,1 wk ahead,Bin,percent,4.3,4.4,6.66634680512095e-12
HHS Region 5,1 wk ahead,Bin,percent,4.4,4.5,6.66634680512095e-12
HHS Region 5,1 wk ahead,Bin,percent,4.5,4.6,6.66634680512095e-12
HHS Region 5,1 wk ahead,Bin,percent,4.6,4.7,6.66634680512095e-12
HHS Region 5,1 wk ahead,Bin,percent,4.7,4.8,6.66634680512095e-12
HHS Region 5,1 wk ahead,Bin,percent,4.8,4.9,6.66634680512095e-12
HHS Region 5,1 wk ahead,Bin,percent,4.9,5.0,6.66634680512095e-12
HHS Region 5,1 wk ahead,Bin,percent,5.0,5.1,6.66634680512095e-12
HHS Region 5,1 wk ahead,Bin,percent,5.1,5.2,6.66634680512095e-12
HHS Region 5,1 wk ahead,Bin,percent,5.2,5.3,6.66634680512095e-12
HHS Region 5,1 wk ahead,Bin,percent,5.3,5.4,6.66634680512095e-12
HHS Region 5,1 wk ahead,Bin,percent,5.4,5.5,6.66634680512095e-12
HHS Region 5,1 wk ahead,Bin,percent,5.5,5.6,6.66634680512095e-12
HHS Region 5,1 wk ahead,Bin,percent,5.6,5.7,6.66634680512095e-12
HHS Region 5,1 wk ahead,Bin,percent,5.7,5.8,6.66634680512095e-12
HHS Region 5,1 wk ahead,Bin,percent,5.8,5.9,6.66634680512095e-12
HHS Region 5,1 wk ahead,Bin,percent,5.9,6.0,6.66634680512095e-12
HHS Region 5,1 wk ahead,Bin,percent,6.0,6.1,6.66634680512095e-12
HHS Region 5,1 wk ahead,Bin,percent,6.1,6.2,6.66634680512095e-12
HHS Region 5,1 wk ahead,Bin,percent,6.2,6.3,6.66634680512095e-12
HHS Region 5,1 wk ahead,Bin,percent,6.3,6.4,6.66634680512095e-12
HHS Region 5,1 wk ahead,Bin,percent,6.4,6.5,6.66634680512095e-12
HHS Region 5,1 wk ahead,Bin,percent,6.5,6.6,6.66634680512095e-12
HHS Region 5,1 wk ahead,Bin,percent,6.6,6.7,6.66634680512095e-12
HHS Region 5,1 wk ahead,Bin,percent,6.7,6.8,6.66634680512095e-12
HHS Region 5,1 wk ahead,Bin,percent,6.8,6.9,6.66634680512095e-12
HHS Region 5,1 wk ahead,Bin,percent,6.9,7.0,6.66634680512095e-12
HHS Region 5,1 wk ahead,Bin,percent,7.0,7.1,6.66634680512095e-12
HHS Region 5,1 wk ahead,Bin,percent,7.1,7.2,6.66634680512095e-12
HHS Region 5,1 wk ahead,Bin,percent,7.2,7.3,6.66634680512095e-12
HHS Region 5,1 wk ahead,Bin,percent,7.3,7.4,6.66634680512095e-12
HHS Region 5,1 wk ahead,Bin,percent,7.4,7.5,6.66634680512095e-12
HHS Region 5,1 wk ahead,Bin,percent,7.5,7.6,6.66634680512095e-12
HHS Region 5,1 wk ahead,Bin,percent,7.6,7.7,6.66634680512095e-12
HHS Region 5,1 wk ahead,Bin,percent,7.7,7.8,6.66634680512095e-12
HHS Region 5,1 wk ahead,Bin,percent,7.8,7.9,6.66634680512095e-12
HHS Region 5,1 wk ahead,Bin,percent,7.9,8.0,6.66634680512095e-12
HHS Region 5,1 wk ahead,Bin,percent,8.0,8.1,6.66634680512101e-12
HHS Region 5,1 wk ahead,Bin,percent,8.1,8.2,6.66634680512107e-12
HHS Region 5,1 wk ahead,Bin,percent,8.2,8.3,6.66634680512107e-12
HHS Region 5,1 wk ahead,Bin,percent,8.3,8.4,6.66634680512107e-12
HHS Region 5,1 wk ahead,Bin,percent,8.4,8.5,6.66634680512107e-12
HHS Region 5,1 wk ahead,Bin,percent,8.5,8.6,6.66634680512107e-12
HHS Region 5,1 wk ahead,Bin,percent,8.6,8.7,6.66634680512107e-12
HHS Region 5,1 wk ahead,Bin,percent,8.7,8.8,6.66634680512107e-12
HHS Region 5,1 wk ahead,Bin,percent,8.8,8.9,6.66634680512107e-12
HHS Region 5,1 wk ahead,Bin,percent,8.9,9.0,6.66634680512107e-12
HHS Region 5,1 wk ahead,Bin,percent,9.0,9.1,6.66634680512107e-12
HHS Region 5,1 wk ahead,Bin,percent,9.1,9.2,6.66634680512107e-12
HHS Region 5,1 wk ahead,Bin,percent,9.2,9.3,6.66634680512107e-12
HHS Region 5,1 wk ahead,Bin,percent,9.3,9.4,6.66634680512107e-12
HHS Region 5,1 wk ahead,Bin,percent,9.4,9.5,6.66634680512107e-12
HHS Region 5,1 wk ahead,Bin,percent,9.5,9.6,6.66634680512107e-12
HHS Region 5,1 wk ahead,Bin,percent,9.6,9.7,6.66634680512107e-12
HHS Region 5,1 wk ahead,Bin,percent,9.7,9.8,6.66634680512107e-12
HHS Region 5,1 wk ahead,Bin,percent,9.8,9.9,6.66634680512107e-12
HHS Region 5,1 wk ahead,Bin,percent,9.9,10.0,6.66634680512107e-12
HHS Region 5,1 wk ahead,Bin,percent,10.0,10.1,6.66634680512107e-12
HHS Region 5,1 wk ahead,Bin,percent,10.1,10.2,6.66634680512107e-12
HHS Region 5,1 wk ahead,Bin,percent,10.2,10.3,6.66634680512107e-12
HHS Region 5,1 wk ahead,Bin,percent,10.3,10.4,6.66634680512107e-12
HHS Region 5,1 wk ahead,Bin,percent,10.4,10.5,6.66634680512107e-12
HHS Region 5,1 wk ahead,Bin,percent,10.5,10.6,6.66634680512107e-12
HHS Region 5,1 wk ahead,Bin,percent,10.6,10.7,6.66634680512107e-12
HHS Region 5,1 wk ahead,Bin,percent,10.7,10.8,6.66634680512107e-12
HHS Region 5,1 wk ahead,Bin,percent,10.8,10.9,6.66634680512107e-12
HHS Region 5,1 wk ahead,Bin,percent,10.9,11.0,6.66634680512107e-12
HHS Region 5,1 wk ahead,Bin,percent,11.0,11.1,6.66634680512107e-12
HHS Region 5,1 wk ahead,Bin,percent,11.1,11.2,6.66634680512107e-12
HHS Region 5,1 wk ahead,Bin,percent,11.2,11.3,6.66634680512107e-12
HHS Region 5,1 wk ahead,Bin,percent,11.3,11.4,6.66634680512107e-12
HHS Region 5,1 wk ahead,Bin,percent,11.4,11.5,6.66634680512107e-12
HHS Region 5,1 wk ahead,Bin,percent,11.5,11.6,6.66634680512107e-12
HHS Region 5,1 wk ahead,Bin,percent,11.6,11.7,6.66634680512107e-12
HHS Region 5,1 wk ahead,Bin,percent,11.7,11.8,6.66634680512107e-12
HHS Region 5,1 wk ahead,Bin,percent,11.8,11.9,6.66634680512107e-12
HHS Region 5,1 wk ahead,Bin,percent,11.9,12.0,6.66634680512107e-12
HHS Region 5,1 wk ahead,Bin,percent,12.0,12.1,6.66634680512107e-12
HHS Region 5,1 wk ahead,Bin,percent,12.1,12.2,6.66634680512107e-12
HHS Region 5,1 wk ahead,Bin,percent,12.2,12.3,6.66634680512107e-12
HHS Region 5,1 wk ahead,Bin,percent,12.3,12.4,6.66634680512107e-12
HHS Region 5,1 wk ahead,Bin,percent,12.4,12.5,6.66634680512107e-12
HHS Region 5,1 wk ahead,Bin,percent,12.5,12.6,6.66634680512107e-12
HHS Region 5,1 wk ahead,Bin,percent,12.6,12.7,6.66634680512107e-12
HHS Region 5,1 wk ahead,Bin,percent,12.7,12.8,6.66634680512107e-12
HHS Region 5,1 wk ahead,Bin,percent,12.8,12.9,6.66634680512107e-12
HHS Region 5,1 wk ahead,Bin,percent,12.9,13.0,6.66634680512107e-12
HHS Region 5,1 wk ahead,Bin,percent,13.0,100.0,6.66634680512107e-12
HHS Region 5,2 wk ahead,Bin,percent,0.0,0.1,3.50885943322274e-11
HHS Region 5,2 wk ahead,Bin,percent,0.1,0.2,1.44209061922761e-10
HHS Region 5,2 wk ahead,Bin,percent,0.2,0.3,3.05218512690475e-10
HHS Region 5,2 wk ahead,Bin,percent,0.3,0.4,5.32988587783424e-10
HHS Region 5,2 wk ahead,Bin,percent,0.4,0.5,7.83597505894648e-10
HHS Region 5,2 wk ahead,Bin,percent,0.5,0.6,1.00762727917701e-09
HHS Region 5,2 wk ahead,Bin,percent,0.6,0.7,1.20343551353638e-09
HHS Region 5,2 wk ahead,Bin,percent,0.7,0.8,1.42325013813227e-09
HHS Region 5,2 wk ahead,Bin,percent,0.8,0.9,1.71113450397595e-09
HHS Region 5,2 wk ahead,Bin,percent,0.9,1.0,2.04033192190978e-09
HHS Region 5,2 wk ahead,Bin,percent,1.0,1.1,0.0100000020607627
HHS Region 5,2 wk ahead,Bin,percent,1.1,1.2,0.0150000020769779
HHS Region 5,2 wk ahead,Bin,percent,1.2,1.3,0.0310000016496127
HHS Region 5,2 wk ahead,Bin,percent,1.3,1.4,0.0710000004700886
HHS Region 5,2 wk ahead,Bin,percent,1.4,1.5,0.0909999997079013
HHS Region 5,2 wk ahead,Bin,percent,1.5,1.6,0.133999998244057
HHS Region 5,2 wk ahead,Bin,percent,1.6,1.7,0.151999997342874
HHS Region 5,2 wk ahead,Bin,percent,1.7,1.8,0.126999997542535
HHS Region 5,2 wk ahead,Bin,percent,1.8,1.9,0.104999997738422
HHS Region 5,2 wk ahead,Bin,percent,1.9,2.0,0.0759999982418951
HHS Region 5,2 wk ahead,Bin,percent,2.0,2.1,0.0609999984982834
HHS Region 5,2 wk ahead,Bin,percent,2.1,2.2,0.043999998882959
HHS Region 5,2 wk ahead,Bin,percent,2.2,2.3,0.0319999991752997
HHS Region 5,2 wk ahead,Bin,percent,2.3,2.4,0.0159999995886583
HHS Region 5,2 wk ahead,Bin,percent,2.4,2.5,0.0179999995366531
HHS Region 5,2 wk ahead,Bin,percent,2.5,2.6,0.00299999992669204
HHS Region 5,2 wk ahead,Bin,percent,2.6,2.7,0.00499999987468684
HHS Region 5,2 wk ahead,Bin,percent,2.7,2.8,0.00499999987468684
HHS Region 5,2 wk ahead,Bin,percent,2.8,2.9,0.00099999997869724
HHS Region 5,2 wk ahead,Bin,percent,2.9,3.0,0.00099999997869724
HHS Region 5,2 wk ahead,Bin,percent,3.0,3.1,4.69983885334352e-12
HHS Region 5,2 wk ahead,Bin,percent,3.1,3.2,4.69983885334352e-12
HHS Region 5,2 wk ahead,Bin,percent,3.2,3.3,0.00099999997869724
HHS Region 5,2 wk ahead,Bin,percent,3.3,3.4,4.69983885334352e-12
HHS Region 5,2 wk ahead,Bin,percent,3.4,3.5,4.69983885334352e-12
HHS Region 5,2 wk ahead,Bin,percent,3.5,3.6,0.00099999997869724
HHS Region 5,2 wk ahead,Bin,percent,3.6,3.7,4.69983885334352e-12
HHS Region 5,2 wk ahead,Bin,percent,3.7,3.8,4.69983885334352e-12
HHS Region 5,2 wk ahead,Bin,percent,3.8,3.9,4.69983885334352e-12
HHS Region 5,2 wk ahead,Bin,percent,3.9,4.0,4.69983885334352e-12
HHS Region 5,2 wk ahead,Bin,percent,4.0,4.1,4.69983885334352e-12
HHS Region 5,2 wk ahead,Bin,percent,4.1,4.2,4.69983885334352e-12
HHS Region 5,2 wk ahead,Bin,percent,4.2,4.3,4.69983885334352e-12
HHS Region 5,2 wk ahead,Bin,percent,4.3,4.4,4.69983885334352e-12
HHS Region 5,2 wk ahead,Bin,percent,4.4,4.5,4.69983885334352e-12
HHS Region 5,2 wk ahead,Bin,percent,4.5,4.6,4.69983885334352e-12
HHS Region 5,2 wk ahead,Bin,percent,4.6,4.7,4.69983885334352e-12
HHS Region 5,2 wk ahead,Bin,percent,4.7,4.8,4.69983885334352e-12
HHS Region 5,2 wk ahead,Bin,percent,4.8,4.9,4.69983885334352e-12
HHS Region 5,2 wk ahead,Bin,percent,4.9,5.0,4.69983885334352e-12
HHS Region 5,2 wk ahead,Bin,percent,5.0,5.1,4.69983885334352e-12
HHS Region 5,2 wk ahead,Bin,percent,5.1,5.2,4.69983885334352e-12
HHS Region 5,2 wk ahead,Bin,percent,5.2,5.3,4.69983885334352e-12
HHS Region 5,2 wk ahead,Bin,percent,5.3,5.4,4.69983885334352e-12
HHS Region 5,2 wk ahead,Bin,percent,5.4,5.5,4.69983885334352e-12
HHS Region 5,2 wk ahead,Bin,percent,5.5,5.6,4.69983885334352e-12
HHS Region 5,2 wk ahead,Bin,percent,5.6,5.7,4.69983885334352e-12
HHS Region 5,2 wk ahead,Bin,percent,5.7,5.8,4.69983885334352e-12
HHS Region 5,2 wk ahead,Bin,percent,5.8,5.9,4.69983885334352e-12
HHS Region 5,2 wk ahead,Bin,percent,5.9,6.0,4.69983885334352e-12
HHS Region 5,2 wk ahead,Bin,percent,6.0,6.1,4.69983885334352e-12
HHS Region 5,2 wk ahead,Bin,percent,6.1,6.2,4.69983885334352e-12
HHS Region 5,2 wk ahead,Bin,percent,6.2,6.3,4.69983885334352e-12
HHS Region 5,2 wk ahead,Bin,percent,6.3,6.4,4.69983885334352e-12
HHS Region 5,2 wk ahead,Bin,percent,6.4,6.5,4.69983885334352e-12
HHS Region 5,2 wk ahead,Bin,percent,6.5,6.6,4.69983885334352e-12
HHS Region 5,2 wk ahead,Bin,percent,6.6,6.7,4.69983885334352e-12
HHS Region 5,2 wk ahead,Bin,percent,6.7,6.8,4.69983885334352e-12
HHS Region 5,2 wk ahead,Bin,percent,6.8,6.9,4.69983885334352e-12
HHS Region 5,2 wk ahead,Bin,percent,6.9,7.0,4.69983885334352e-12
HHS Region 5,2 wk ahead,Bin,percent,7.0,7.1,4.69983885334352e-12
HHS Region 5,2 wk ahead,Bin,percent,7.1,7.2,4.69983885334352e-12
HHS Region 5,2 wk ahead,Bin,percent,7.2,7.3,4.69983885334352e-12
HHS Region 5,2 wk ahead,Bin,percent,7.3,7.4,4.69983885334352e-12
HHS Region 5,2 wk ahead,Bin,percent,7.4,7.5,4.69983885334352e-12
HHS Region 5,2 wk ahead,Bin,percent,7.5,7.6,4.69983885334352e-12
HHS Region 5,2 wk ahead,Bin,percent,7.6,7.7,4.69983885334352e-12
HHS Region 5,2 wk ahead,Bin,percent,7.7,7.8,4.69983885334352e-12
HHS Region 5,2 wk ahead,Bin,percent,7.8,7.9,4.69983885334352e-12
HHS Region 5,2 wk ahead,Bin,percent,7.9,8.0,4.69983885334352e-12
HHS Region 5,2 wk ahead,Bin,percent,8.0,8.1,4.69983885334356e-12
HHS Region 5,2 wk ahead,Bin,percent,8.1,8.2,4.6998388533436e-12
HHS Region 5,2 wk ahead,Bin,percent,8.2,8.3,4.6998388533436e-12
HHS Region 5,2 wk ahead,Bin,percent,8.3,8.4,4.6998388533436e-12
HHS Region 5,2 wk ahead,Bin,percent,8.4,8.5,4.6998388533436e-12
HHS Region 5,2 wk ahead,Bin,percent,8.5,8.6,4.6998388533436e-12
HHS Region 5,2 wk ahead,Bin,percent,8.6,8.7,4.6998388533436e-12
HHS Region 5,2 wk ahead,Bin,percent,8.7,8.8,4.6998388533436e-12
HHS Region 5,2 wk ahead,Bin,percent,8.8,8.9,4.6998388533436e-12
HHS Region 5,2 wk ahead,Bin,percent,8.9,9.0,4.6998388533436e-12
HHS Region 5,2 wk ahead,Bin,percent,9.0,9.1,4.6998388533436e-12
HHS Region 5,2 wk ahead,Bin,percent,9.1,9.2,4.6998388533436e-12
HHS Region 5,2 wk ahead,Bin,percent,9.2,9.3,4.6998388533436e-12
HHS Region 5,2 wk ahead,Bin,percent,9.3,9.4,4.6998388533436e-12
HHS Region 5,2 wk ahead,Bin,percent,9.4,9.5,4.6998388533436e-12
HHS Region 5,2 wk ahead,Bin,percent,9.5,9.6,4.6998388533436e-12
HHS Region 5,2 wk ahead,Bin,percent,9.6,9.7,4.6998388533436e-12
HHS Region 5,2 wk ahead,Bin,percent,9.7,9.8,4.6998388533436e-12
HHS Region 5,2 wk ahead,Bin,percent,9.8,9.9,4.6998388533436e-12
HHS Region 5,2 wk ahead,Bin,percent,9.9,10.0,4.6998388533436e-12
HHS Region 5,2 wk ahead,Bin,percent,10.0,10.1,4.6998388533436e-12
HHS Region 5,2 wk ahead,Bin,percent,10.1,10.2,4.6998388533436e-12
HHS Region 5,2 wk ahead,Bin,percent,10.2,10.3,4.6998388533436e-12
HHS Region 5,2 wk ahead,Bin,percent,10.3,10.4,4.6998388533436e-12
HHS Region 5,2 wk ahead,Bin,percent,10.4,10.5,4.6998388533436e-12
HHS Region 5,2 wk ahead,Bin,percent,10.5,10.6,4.6998388533436e-12
HHS Region 5,2 wk ahead,Bin,percent,10.6,10.7,4.6998388533436e-12
HHS Region 5,2 wk ahead,Bin,percent,10.7,10.8,4.6998388533436e-12
HHS Region 5,2 wk ahead,Bin,percent,10.8,10.9,4.6998388533436e-12
HHS Region 5,2 wk ahead,Bin,percent,10.9,11.0,4.6998388533436e-12
HHS Region 5,2 wk ahead,Bin,percent,11.0,11.1,4.6998388533436e-12
HHS Region 5,2 wk ahead,Bin,percent,11.1,11.2,4.6998388533436e-12
HHS Region 5,2 wk ahead,Bin,percent,11.2,11.3,4.6998388533436e-12
HHS Region 5,2 wk ahead,Bin,percent,11.3,11.4,4.6998388533436e-12
HHS Region 5,2 wk ahead,Bin,percent,11.4,11.5,4.6998388533436e-12
HHS Region 5,2 wk ahead,Bin,percent,11.5,11.6,4.6998388533436e-12
HHS Region 5,2 wk ahead,Bin,percent,11.6,11.7,4.6998388533436e-12
HHS Region 5,2 wk ahead,Bin,percent,11.7,11.8,4.6998388533436e-12
HHS Region 5,2 wk ahead,Bin,percent,11.8,11.9,4.6998388533436e-12
HHS Region 5,2 wk ahead,Bin,percent,11.9,12.0,4.6998388533436e-12
HHS Region 5,2 wk ahead,Bin,percent,12.0,12.1,4.6998388533436e-12
HHS Region 5,2 wk ahead,Bin,percent,12.1,12.2,4.6998388533436e-12
HHS Region 5,2 wk ahead,Bin,percent,12.2,12.3,4.6998388533436e-12
HHS Region 5,2 wk ahead,Bin,percent,12.3,12.4,4.6998388533436e-12
HHS Region 5,2 wk ahead,Bin,percent,12.4,12.5,4.6998388533436e-12
HHS Region 5,2 wk ahead,Bin,percent,12.5,12.6,4.6998388533436e-12
HHS Region 5,2 wk ahead,Bin,percent,12.6,12.7,4.6998388533436e-12
HHS Region 5,2 wk ahead,Bin,percent,12.7,12.8,4.6998388533436e-12
HHS Region 5,2 wk ahead,Bin,percent,12.8,12.9,4.6998388533436e-12
HHS Region 5,2 wk ahead,Bin,percent,12.9,13.0,4.6998388533436e-12
HHS Region 5,2 wk ahead,Bin,percent,13.0,100.0,4.6998388533436e-12
HHS Region 5,3 wk ahead,Bin,percent,0.0,0.1,7.85177379246865e-11
HHS Region 5,3 wk ahead,Bin,percent,0.1,0.2,2.6445992841933e-10
HHS Region 5,3 wk ahead,Bin,percent,0.2,0.3,4.29232140058373e-10
HHS Region 5,3 wk ahead,Bin,percent,0.3,0.4,6.04090001328989e-10
HHS Region 5,3 wk ahead,Bin,percent,0.4,0.5,7.95802426499184e-10
HHS Region 5,3 wk ahead,Bin,percent,0.5,0.6,1.0288903468708e-09
HHS Region 5,3 wk ahead,Bin,percent,0.6,0.7,1.36778876849847e-09
HHS Region 5,3 wk ahead,Bin,percent,0.7,0.8,0.00100000184892824
HHS Region 5,3 wk ahead,Bin,percent,0.8,0.9,0.0100000021770161
HHS Region 5,3 wk ahead,Bin,percent,0.9,1.0,0.0260000020930019
HHS Region 5,3 wk ahead,Bin,percent,1.0,1.1,0.0450000015844584
HHS Region 5,3 wk ahead,Bin,percent,1.1,1.2,0.0920000002153884
HHS Region 5,3 wk ahead,Bin,percent,1.2,1.3,0.128999999143297
HHS Region 5,3 wk ahead,Bin,percent,1.3,1.4,0.135999998719663
HHS Region 5,3 wk ahead,Bin,percent,1.4,1.5,0.127999998370871
HHS Region 5,3 wk ahead,Bin,percent,1.5,1.6,0.12499999773557
HHS Region 5,3 wk ahead,Bin,percent,1.6,1.7,0.092999998006519
HHS Region 5,3 wk ahead,Bin,percent,1.7,1.8,0.0749999981833876
HHS Region 5,3 wk ahead,Bin,percent,1.8,1.9,0.0409999989642653
HHS Region 5,3 wk ahead,Bin,percent,1.9,2.0,0.0309999992027027
HHS Region 5,3 wk ahead,Bin,percent,2.0,2.1,0.02599999933253
HHS Region 5,3 wk ahead,Bin,percent,2.1,2.2,0.0149999996185585
HHS Region 5,3 wk ahead,Bin,percent,2.2,2.3,0.0119999996965663
HHS Region 5,3 wk ahead,Bin,percent,2.3,2.4,0.00399999990458714
HHS Region 5,3 wk ahead,Bin,percent,2.4,2.5,0.00199999995659233
HHS Region 5,3 wk ahead,Bin,percent,2.5,2.6,0.00499999987858454
HHS Region 5,3 wk ahead,Bin,percent,2.6,2.7,8.59753121054625e-12
HHS Region 5,3 wk ahead,Bin,percent,2.7,2.8,0.00199999995659233
HHS Region 5,3 wk ahead,Bin,percent,2.8,2.9,0.000999999982594932
HHS Region 5,3 wk ahead,Bin,percent,2.9,3.0,0.000999999982594932
HHS Region 5,3 wk ahead,Bin,percent,3.0,3.1,8.59753121054625e-12
HHS Region 5,3 wk ahead,Bin,percent,3.1,3.2,8.59753121054625e-12
HHS Region 5,3 wk ahead,Bin,percent,3.2,3.3,8.59753121054625e-12
HHS Region 5,3 wk ahead,Bin,percent,3.3,3.4,8.59753121054625e-12
HHS Region 5,3 wk ahead,Bin,percent,3.4,3.5,8.59753121054625e-12
HHS Region 5,3 wk ahead,Bin,percent,3.5,3.6,8.59753121054625e-12
HHS Region 5,3 wk ahead,Bin,percent,3.6,3.7,8.59753121054625e-12
HHS Region 5,3 wk ahead,Bin,percent,3.7,3.8,8.59753121054625e-12
HHS Region 5,3 wk ahead,Bin,percent,3.8,3.9,8.59753121054625e-12
HHS Region 5,3 wk ahead,Bin,percent,3.9,4.0,8.59753121054625e-12
HHS Region 5,3 wk ahead,Bin,percent,4.0,4.1,8.59753121054625e-12
HHS Region 5,3 wk ahead,Bin,percent,4.1,4.2,8.59753121054625e-12
HHS Region 5,3 wk ahead,Bin,percent,4.2,4.3,8.59753121054625e-12
HHS Region 5,3 wk ahead,Bin,percent,4.3,4.4,8.59753121054625e-12
HHS Region 5,3 wk ahead,Bin,percent,4.4,4.5,8.59753121054625e-12
HHS Region 5,3 wk ahead,Bin,percent,4.5,4.6,8.59753121054625e-12
HHS Region 5,3 wk ahead,Bin,percent,4.6,4.7,8.59753121054625e-12
HHS Region 5,3 wk ahead,Bin,percent,4.7,4.8,8.59753121054625e-12
HHS Region 5,3 wk ahead,Bin,percent,4.8,4.9,8.59753121054625e-12
HHS Region 5,3 wk ahead,Bin,percent,4.9,5.0,8.59753121054625e-12
HHS Region 5,3 wk ahead,Bin,percent,5.0,5.1,8.59753121054625e-12
HHS Region 5,3 wk ahead,Bin,percent,5.1,5.2,8.59753121054625e-12
HHS Region 5,3 wk ahead,Bin,percent,5.2,5.3,8.59753121054625e-12
HHS Region 5,3 wk ahead,Bin,percent,5.3,5.4,8.59753121054625e-12
HHS Region 5,3 wk ahead,Bin,percent,5.4,5.5,8.59753121054625e-12
HHS Region 5,3 wk ahead,Bin,percent,5.5,5.6,8.59753121054625e-12
HHS Region 5,3 wk ahead,Bin,percent,5.6,5.7,8.59753121054625e-12
HHS Region 5,3 wk ahead,Bin,percent,5.7,5.8,8.59753121054625e-12
HHS Region 5,3 wk ahead,Bin,percent,5.8,5.9,8.59753121054625e-12
HHS Region 5,3 wk ahead,Bin,percent,5.9,6.0,8.59753121054625e-12
HHS Region 5,3 wk ahead,Bin,percent,6.0,6.1,8.59753121054625e-12
HHS Region 5,3 wk ahead,Bin,percent,6.1,6.2,8.59753121054625e-12
HHS Region 5,3 wk ahead,Bin,percent,6.2,6.3,8.59753121054625e-12
HHS Region 5,3 wk ahead,Bin,percent,6.3,6.4,8.59753121054625e-12
HHS Region 5,3 wk ahead,Bin,percent,6.4,6.5,8.59753121054625e-12
HHS Region 5,3 wk ahead,Bin,percent,6.5,6.6,8.59753121054625e-12
HHS Region 5,3 wk ahead,Bin,percent,6.6,6.7,8.59753121054625e-12
HHS Region 5,3 wk ahead,Bin,percent,6.7,6.8,8.59753121054625e-12
HHS Region 5,3 wk ahead,Bin,percent,6.8,6.9,8.59753121054625e-12
HHS Region 5,3 wk ahead,Bin,percent,6.9,7.0,8.59753121054625e-12
HHS Region 5,3 wk ahead,Bin,percent,7.0,7.1,8.59753121054625e-12
HHS Region 5,3 wk ahead,Bin,percent,7.1,7.2,8.59753121054625e-12
HHS Region 5,3 wk ahead,Bin,percent,7.2,7.3,8.59753121054625e-12
HHS Region 5,3 wk ahead,Bin,percent,7.3,7.4,8.59753121054625e-12
HHS Region 5,3 wk ahead,Bin,percent,7.4,7.5,8.59753121054625e-12
HHS Region 5,3 wk ahead,Bin,percent,7.5,7.6,8.59753121054625e-12
HHS Region 5,3 wk ahead,Bin,percent,7.6,7.7,8.59753121054625e-12
HHS Region 5,3 wk ahead,Bin,percent,7.7,7.8,8.59753121054625e-12
HHS Region 5,3 wk ahead,Bin,percent,7.8,7.9,8.59753121054625e-12
HHS Region 5,3 wk ahead,Bin,percent,7.9,8.0,8.59753121054625e-12
HHS Region 5,3 wk ahead,Bin,percent,8.0,8.1,8.59753121054633e-12
HHS Region 5,3 wk ahead,Bin,percent,8.1,8.2,8.59753121054641e-12
HHS Region 5,3 wk ahead,Bin,percent,8.2,8.3,8.59753121054641e-12
HHS Region 5,3 wk ahead,Bin,percent,8.3,8.4,8.59753121054641e-12
HHS Region 5,3 wk ahead,Bin,percent,8.4,8.5,8.59753121054641e-12
HHS Region 5,3 wk ahead,Bin,percent,8.5,8.6,8.59753121054641e-12
HHS Region 5,3 wk ahead,Bin,percent,8.6,8.7,8.59753121054641e-12
HHS Region 5,3 wk ahead,Bin,percent,8.7,8.8,8.59753121054641e-12
HHS Region 5,3 wk ahead,Bin,percent,8.8,8.9,8.59753121054641e-12
HHS Region 5,3 wk ahead,Bin,percent,8.9,9.0,8.59753121054641e-12
HHS Region 5,3 wk ahead,Bin,percent,9.0,9.1,8.59753121054641e-12
HHS Region 5,3 wk ahead,Bin,percent,9.1,9.2,8.59753121054641e-12
HHS Region 5,3 wk ahead,Bin,percent,9.2,9.3,8.59753121054641e-12
HHS Region 5,3 wk ahead,Bin,percent,9.3,9.4,8.59753121054641e-12
HHS Region 5,3 wk ahead,Bin,percent,9.4,9.5,8.59753121054641e-12
HHS Region 5,3 wk ahead,Bin,percent,9.5,9.6,8.59753121054641e-12
HHS Region 5,3 wk ahead,Bin,percent,9.6,9.7,8.59753121054641e-12
HHS Region 5,3 wk ahead,Bin,percent,9.7,9.8,8.59753121054641e-12
HHS Region 5,3 wk ahead,Bin,percent,9.8,9.9,8.59753121054641e-12
HHS Region 5,3 wk ahead,Bin,percent,9.9,10.0,8.59753121054641e-12
HHS Region 5,3 wk ahead,Bin,percent,10.0,10.1,8.59753121054641e-12
HHS Region 5,3 wk ahead,Bin,percent,10.1,10.2,8.59753121054641e-12
HHS Region 5,3 wk ahead,Bin,percent,10.2,10.3,8.59753121054641e-12
HHS Region 5,3 wk ahead,Bin,percent,10.3,10.4,8.59753121054641e-12
HHS Region 5,3 wk ahead,Bin,percent,10.4,10.5,8.59753121054641e-12
HHS Region 5,3 wk ahead,Bin,percent,10.5,10.6,8.59753121054641e-12
HHS Region 5,3 wk ahead,Bin,percent,10.6,10.7,8.59753121054641e-12
HHS Region 5,3 wk ahead,Bin,percent,10.7,10.8,8.59753121054641e-12
HHS Region 5,3 wk ahead,Bin,percent,10.8,10.9,8.59753121054641e-12
HHS Region 5,3 wk ahead,Bin,percent,10.9,11.0,8.59753121054641e-12
HHS Region 5,3 wk ahead,Bin,percent,11.0,11.1,8.59753121054641e-12
HHS Region 5,3 wk ahead,Bin,percent,11.1,11.2,8.59753121054641e-12
HHS Region 5,3 wk ahead,Bin,percent,11.2,11.3,8.59753121054641e-12
HHS Region 5,3 wk ahead,Bin,percent,11.3,11.4,8.59753121054641e-12
HHS Region 5,3 wk ahead,Bin,percent,11.4,11.5,8.59753121054641e-12
HHS Region 5,3 wk ahead,Bin,percent,11.5,11.6,8.59753121054641e-12
HHS Region 5,3 wk ahead,Bin,percent,11.6,11.7,8.59753121054641e-12
HHS Region 5,3 wk ahead,Bin,percent,11.7,11.8,8.59753121054641e-12
HHS Region 5,3 wk ahead,Bin,percent,11.8,11.9,8.59753121054641e-12
HHS Region 5,3 wk ahead,Bin,percent,11.9,12.0,8.59753121054641e-12
HHS Region 5,3 wk ahead,Bin,percent,12.0,12.1,8.59753121054641e-12
HHS Region 5,3 wk ahead,Bin,percent,12.1,12.2,8.59753121054641e-12
HHS Region 5,3 wk ahead,Bin,percent,12.2,12.3,8.59753121054641e-12
HHS Region 5,3 wk ahead,Bin,percent,12.3,12.4,8.59753121054641e-12
HHS Region 5,3 wk ahead,Bin,percent,12.4,12.5,8.59753121054641e-12
HHS Region 5,3 wk ahead,Bin,percent,12.5,12.6,8.59753121054641e-12
HHS Region 5,3 wk ahead,Bin,percent,12.6,12.7,8.59753121054641e-12
HHS Region 5,3 wk ahead,Bin,percent,12.7,12.8,8.59753121054641e-12
HHS Region 5,3 wk ahead,Bin,percent,12.8,12.9,8.59753121054641e-12
HHS Region 5,3 wk ahead,Bin,percent,12.9,13.0,8.59753121054641e-12
HHS Region 5,3 wk ahead,Bin,percent,13.0,100.0,8.59753121054641e-12
HHS Region 5,4 wk ahead,Bin,percent,0.0,0.1,9.34876990502574e-11
HHS Region 5,4 wk ahead,Bin,percent,0.1,0.2,3.71906496536733e-10
HHS Region 5,4 wk ahead,Bin,percent,0.2,0.3,6.99791898629574e-10
HHS Region 5,4 wk ahead,Bin,percent,0.3,0.4,1.02167812383398e-09
HHS Region 5,4 wk ahead,Bin,percent,0.4,0.5,1.21472666258143e-09
HHS Region 5,4 wk ahead,Bin,percent,0.5,0.6,0.00100000126299633
HHS Region 5,4 wk ahead,Bin,percent,0.6,0.7,0.00500000131786378
HHS Region 5,4 wk ahead,Bin,percent,0.7,0.8,0.0150000014653015
HHS Region 5,4 wk ahead,Bin,percent,0.8,0.9,0.0450000011757037
HHS Region 5,4 wk ahead,Bin,percent,0.9,1.0,0.0720000007678672
HHS Region 5,4 wk ahead,Bin,percent,1.0,1.1,0.132999999265965
HHS Region 5,4 wk ahead,Bin,percent,1.1,1.2,0.156999998578759
HHS Region 5,4 wk ahead,Bin,percent,1.2,1.3,0.15399999830357
HHS Region 5,4 wk ahead,Bin,percent,1.3,1.4,0.142999997889232
HHS Region 5,4 wk ahead,Bin,percent,1.4,1.5,0.0779999988428641
HHS Region 5,4 wk ahead,Bin,percent,1.5,1.6,0.0699999986447747
HHS Region 5,4 wk ahead,Bin,percent,1.6,1.7,0.0489999991492837
HHS Region 5,4 wk ahead,Bin,percent,1.7,1.8,0.0339999996097853
HHS Region 5,4 wk ahead,Bin,percent,1.8,1.9,0.0160000000278584
HHS Region 5,4 wk ahead,Bin,percent,1.9,2.0,0.0100000000115845
HHS Region 5,4 wk ahead,Bin,percent,2.0,2.1,0.00499999998115288
HHS Region 5,4 wk ahead,Bin,percent,2.1,2.2,0.00799999982233444
HHS Region 5,4 wk ahead,Bin,percent,2.2,2.3,0.00199999995483858
HHS Region 5,4 wk ahead,Bin,percent,2.3,2.4,5.59889556663646e-12
HHS Region 5,4 wk ahead,Bin,percent,2.4,2.5,0.000999999979596297
HHS Region 5,4 wk ahead,Bin,percent,2.5,2.6,0.000999999979596297
HHS Region 5,4 wk ahead,Bin,percent,2.6,2.7,5.59889556663646e-12
HHS Region 5,4 wk ahead,Bin,percent,2.7,2.8,0.000999999979596297
HHS Region 5,4 wk ahead,Bin,percent,2.8,2.9,5.59889556663646e-12
HHS Region 5,4 wk ahead,Bin,percent,2.9,3.0,5.59889556663646e-12
HHS Region 5,4 wk ahead,Bin,percent,3.0,3.1,5.59889556663646e-12
HHS Region 5,4 wk ahead,Bin,percent,3.1,3.2,5.59889556663646e-12
HHS Region 5,4 wk ahead,Bin,percent,3.2,3.3,5.59889556663646e-12
HHS Region 5,4 wk ahead,Bin,percent,3.3,3.4,5.59889556663646e-12
HHS Region 5,4 wk ahead,Bin,percent,3.4,3.5,5.59889556663646e-12
HHS Region 5,4 wk ahead,Bin,percent,3.5,3.6,5.59889556663646e-12
HHS Region 5,4 wk ahead,Bin,percent,3.6,3.7,5.59889556663646e-12
HHS Region 5,4 wk ahead,Bin,percent,3.7,3.8,5.59889556663646e-12
HHS Region 5,4 wk ahead,Bin,percent,3.8,3.9,5.59889556663646e-12
HHS Region 5,4 wk ahead,Bin,percent,3.9,4.0,5.59889556663646e-12
HHS Region 5,4 wk ahead,Bin,percent,4.0,4.1,5.59889556663646e-12
HHS Region 5,4 wk ahead,Bin,percent,4.1,4.2,5.59889556663646e-12
HHS Region 5,4 wk ahead,Bin,percent,4.2,4.3,5.59889556663646e-12
HHS Region 5,4 wk ahead,Bin,percent,4.3,4.4,5.59889556663646e-12
HHS Region 5,4 wk ahead,Bin,percent,4.4,4.5,5.59889556663646e-12
HHS Region 5,4 wk ahead,Bin,percent,4.5,4.6,5.59889556663646e-12
HHS Region 5,4 wk ahead,Bin,percent,4.6,4.7,5.59889556663646e-12
HHS Region 5,4 wk ahead,Bin,percent,4.7,4.8,5.59889556663646e-12
HHS Region 5,4 wk ahead,Bin,percent,4.8,4.9,5.59889556663646e-12
HHS Region 5,4 wk ahead,Bin,percent,4.9,5.0,5.59889556663646e-12
HHS Region 5,4 wk ahead,Bin,percent,5.0,5.1,5.59889556663646e-12
HHS Region 5,4 wk ahead,Bin,percent,5.1,5.2,5.59889556663646e-12
HHS Region 5,4 wk ahead,Bin,percent,5.2,5.3,5.59889556663646e-12
HHS Region 5,4 wk ahead,Bin,percent,5.3,5.4,5.59889556663646e-12
HHS Region 5,4 wk ahead,Bin,percent,5.4,5.5,5.59889556663646e-12
HHS Region 5,4 wk ahead,Bin,percent,5.5,5.6,5.59889556663646e-12
HHS Region 5,4 wk ahead,Bin,percent,5.6,5.7,5.59889556663646e-12
HHS Region 5,4 wk ahead,Bin,percent,5.7,5.8,5.59889556663646e-12
HHS Region 5,4 wk ahead,Bin,percent,5.8,5.9,5.59889556663646e-12
HHS Region 5,4 wk ahead,Bin,percent,5.9,6.0,5.59889556663646e-12
HHS Region 5,4 wk ahead,Bin,percent,6.0,6.1,5.59889556663646e-12
HHS Region 5,4 wk ahead,Bin,percent,6.1,6.2,5.59889556663646e-12
HHS Region 5,4 wk ahead,Bin,percent,6.2,6.3,5.59889556663646e-12
HHS Region 5,4 wk ahead,Bin,percent,6.3,6.4,5.59889556663646e-12
HHS Region 5,4 wk ahead,Bin,percent,6.4,6.5,5.59889556663646e-12
HHS Region 5,4 wk ahead,Bin,percent,6.5,6.6,5.59889556663646e-12
HHS Region 5,4 wk ahead,Bin,percent,6.6,6.7,5.59889556663646e-12
HHS Region 5,4 wk ahead,Bin,percent,6.7,6.8,5.59889556663646e-12
HHS Region 5,4 wk ahead,Bin,percent,6.8,6.9,5.59889556663646e-12
HHS Region 5,4 wk ahead,Bin,percent,6.9,7.0,5.59889556663646e-12
HHS Region 5,4 wk ahead,Bin,percent,7.0,7.1,5.59889556663646e-12
HHS Region 5,4 wk ahead,Bin,percent,7.1,7.2,5.59889556663646e-12
HHS Region 5,4 wk ahead,Bin,percent,7.2,7.3,5.59889556663646e-12
HHS Region 5,4 wk ahead,Bin,percent,7.3,7.4,5.59889556663646e-12
HHS Region 5,4 wk ahead,Bin,percent,7.4,7.5,5.59889556663646e-12
HHS Region 5,4 wk ahead,Bin,percent,7.5,7.6,5.59889556663646e-12
HHS Region 5,4 wk ahead,Bin,percent,7.6,7.7,5.59889556663646e-12
HHS Region 5,4 wk ahead,Bin,percent,7.7,7.8,5.59889556663646e-12
HHS Region 5,4 wk ahead,Bin,percent,7.8,7.9,5.59889556663646e-12
HHS Region 5,4 wk ahead,Bin,percent,7.9,8.0,5.59889556663646e-12
HHS Region 5,4 wk ahead,Bin,percent,8.0,8.1,5.59889556663651e-12
HHS Region 5,4 wk ahead,Bin,percent,8.1,8.2,5.59889556663656e-12
HHS Region 5,4 wk ahead,Bin,percent,8.2,8.3,5.59889556663656e-12
HHS Region 5,4 wk ahead,Bin,percent,8.3,8.4,5.59889556663656e-12
HHS Region 5,4 wk ahead,Bin,percent,8.4,8.5,5.59889556663656e-12
HHS Region 5,4 wk ahead,Bin,percent,8.5,8.6,5.59889556663656e-12
HHS Region 5,4 wk ahead,Bin,percent,8.6,8.7,5.59889556663656e-12
HHS Region 5,4 wk ahead,Bin,percent,8.7,8.8,5.59889556663656e-12
HHS Region 5,4 wk ahead,Bin,percent,8.8,8.9,5.59889556663656e-12
HHS Region 5,4 wk ahead,Bin,percent,8.9,9.0,5.59889556663656e-12
HHS Region 5,4 wk ahead,Bin,percent,9.0,9.1,5.59889556663656e-12
HHS Region 5,4 wk ahead,Bin,percent,9.1,9.2,5.59889556663656e-12
HHS Region 5,4 wk ahead,Bin,percent,9.2,9.3,5.59889556663656e-12
HHS Region 5,4 wk ahead,Bin,percent,9.3,9.4,5.59889556663656e-12
HHS Region 5,4 wk ahead,Bin,percent,9.4,9.5,5.59889556663656e-12
HHS Region 5,4 wk ahead,Bin,percent,9.5,9.6,5.59889556663656e-12
HHS Region 5,4 wk ahead,Bin,percent,9.6,9.7,5.59889556663656e-12
HHS Region 5,4 wk ahead,Bin,percent,9.7,9.8,5.59889556663656e-12
HHS Region 5,4 wk ahead,Bin,percent,9.8,9.9,5.59889556663656e-12
HHS Region 5,4 wk ahead,Bin,percent,9.9,10.0,5.59889556663656e-12
HHS Region 5,4 wk ahead,Bin,percent,10.0,10.1,5.59889556663656e-12
HHS Region 5,4 wk ahead,Bin,percent,10.1,10.2,5.59889556663656e-12
HHS Region 5,4 wk ahead,Bin,percent,10.2,10.3,5.59889556663656e-12
HHS Region 5,4 wk ahead,Bin,percent,10.3,10.4,5.59889556663656e-12
HHS Region 5,4 wk ahead,Bin,percent,10.4,10.5,5.59889556663656e-12
HHS Region 5,4 wk ahead,Bin,percent,10.5,10.6,5.59889556663656e-12
HHS Region 5,4 wk ahead,Bin,percent,10.6,10.7,5.59889556663656e-12
HHS Region 5,4 wk ahead,Bin,percent,10.7,10.8,5.59889556663656e-12
HHS Region 5,4 wk ahead,Bin,percent,10.8,10.9,5.59889556663656e-12
HHS Region 5,4 wk ahead,Bin,percent,10.9,11.0,5.59889556663656e-12
HHS Region 5,4 wk ahead,Bin,percent,11.0,11.1,5.59889556663656e-12
HHS Region 5,4 wk ahead,Bin,percent,11.1,11.2,5.59889556663656e-12
HHS Region 5,4 wk ahead,Bin,percent,11.2,11.3,5.59889556663656e-12
HHS Region 5,4 wk ahead,Bin,percent,11.3,11.4,5.59889556663656e-12
HHS Region 5,4 wk ahead,Bin,percent,11.4,11.5,5.59889556663656e-12
HHS Region 5,4 wk ahead,Bin,percent,11.5,11.6,5.59889556663656e-12
HHS Region 5,4 wk ahead,Bin,percent,11.6,11.7,5.59889556663656e-12
HHS Region 5,4 wk ahead,Bin,percent,11.7,11.8,5.59889556663656e-12
HHS Region 5,4 wk ahead,Bin,percent,11.8,11.9,5.59889556663656e-12
HHS Region 5,4 wk ahead,Bin,percent,11.9,12.0,5.59889556663656e-12
HHS Region 5,4 wk ahead,Bin,percent,12.0,12.1,5.59889556663656e-12
HHS Region 5,4 wk ahead,Bin,percent,12.1,12.2,5.59889556663656e-12
HHS Region 5,4 wk ahead,Bin,percent,12.2,12.3,5.59889556663656e-12
HHS Region 5,4 wk ahead,Bin,percent,12.3,12.4,5.59889556663656e-12
HHS Region 5,4 wk ahead,Bin,percent,12.4,12.5,5.59889556663656e-12
HHS Region 5,4 wk ahead,Bin,percent,12.5,12.6,5.59889556663656e-12
HHS Region 5,4 wk ahead,Bin,percent,12.6,12.7,5.59889556663656e-12
HHS Region 5,4 wk ahead,Bin,percent,12.7,12.8,5.59889556663656e-12
HHS Region 5,4 wk ahead,Bin,percent,12.8,12.9,5.59889556663656e-12
HHS Region 5,4 wk ahead,Bin,percent,12.9,13.0,5.59889556663656e-12
HHS Region 5,4 wk ahead,Bin,percent,13.0,100.0,5.59889556663656e-12
HHS Region 5,Season onset,Bin,week,40.0,41.0,3.42267441196327e-05
HHS Region 5,Season onset,Bin,week,41.0,42.0,0.00010142043680101
HHS Region 5,Season onset,Bin,week,42.0,43.0,0.000319166387182479
HHS Region 5,Season onset,Bin,week,43.0,44.0,0.000843448904120966
HHS Region 5,Season onset,Bin,week,44.0,45.0,0.00187539251381363
HHS Region 5,Season onset,Bin,week,45.0,46.0,0.00351952532421736
HHS Region 5,Season onset,Bin,week,46.0,47.0,0.0056038232833156
HHS Region 5,Season onset,Bin,week,47.0,48.0,0.00763631565819313
HHS Region 5,Season onset,Bin,week,48.0,49.0,0.865898050306505
HHS Region 5,Season onset,Bin,week,49.0,50.0,0.00949703161829959
HHS Region 5,Season onset,Bin,week,50.0,51.0,0.00916450022579613
HHS Region 5,Season onset,Bin,week,51.0,52.0,0.00847396663098433
HHS Region 5,Season onset,Bin,week,52.0,53.0,0.00786663542102695
HHS Region 5,Season onset,Bin,week,1.0,2.0,0.00761556883026365
HHS Region 5,Season onset,Bin,week,2.0,3.0,0.00780419716602835
HHS Region 5,Season onset,Bin,week,3.0,4.0,0.00837317398316935
HHS Region 5,Season onset,Bin,week,4.0,5.0,0.00914795054937893
HHS Region 5,Season onset,Bin,week,5.0,6.0,0.00980588830248392
HHS Region 5,Season onset,Bin,week,6.0,7.0,0.00988598316498904
HHS Region 5,Season onset,Bin,week,7.0,8.0,0.00900528401599532
HHS Region 5,Season onset,Bin,week,8.0,9.0,0.00718330635468512
HHS Region 5,Season onset,Bin,week,9.0,10.0,0.00491358776870858
HHS Region 5,Season onset,Bin,week,10.0,11.0,0.00284576684110275
HHS Region 5,Season onset,Bin,week,11.0,12.0,0.00138524599133073
HHS Region 5,Season onset,Bin,week,12.0,13.0,0.000564318165812709
HHS Region 5,Season onset,Bin,week,13.0,14.0,0.000191912806494341
HHS Region 5,Season onset,Bin,week,14.0,15.0,6.84251693882119e-05
HHS Region 5,Season onset,Bin,week,15.0,16.0,6.26479059654157e-05
HHS Region 5,Season onset,Bin,week,16.0,17.0,6.26479059654157e-05
HHS Region 5,Season onset,Bin,week,17.0,18.0,6.26479059654157e-05
HHS Region 5,Season onset,Bin,week,18.0,19.0,6.26479059654157e-05
HHS Region 5,Season onset,Bin,week,19.0,20.0,6.26479059654157e-05
HHS Region 5,Season onset,Bin,week,20.0,21.0,6.26479059654157e-05
HHS Region 5,Season onset,Bin,week,none,none,0
HHS Region 5,Season peak percentage,Bin,percent,0.0,0.1,2.29156903591249e-06
HHS Region 5,Season peak percentage,Bin,percent,0.1,0.2,4.58313807182498e-06
HHS Region 5,Season peak percentage,Bin,percent,0.2,0.3,4.58313807182498e-06
HHS Region 5,Season peak percentage,Bin,percent,0.3,0.4,4.58313807182498e-06
HHS Region 5,Season peak percentage,Bin,percent,0.4,0.5,4.58313807182498e-06
HHS Region 5,Season peak percentage,Bin,percent,0.5,0.6,4.58313807182499e-06
HHS Region 5,Season peak percentage,Bin,percent,0.6,0.7,4.58313807182499e-06
HHS Region 5,Season peak percentage,Bin,percent,0.7,0.8,4.58313807182499e-06
HHS Region 5,Season peak percentage,Bin,percent,0.8,0.9,4.58313807182499e-06
HHS Region 5,Season peak percentage,Bin,percent,0.9,1.0,4.58313807182499e-06
HHS Region 5,Season peak percentage,Bin,percent,1.0,1.1,4.58313807182499e-06
HHS Region 5,Season peak percentage,Bin,percent,1.1,1.2,4.58313807182499e-06
HHS Region 5,Season peak percentage,Bin,percent,1.2,1.3,4.58313807182499e-06
HHS Region 5,Season peak percentage,Bin,percent,1.3,1.4,4.58320195856677e-06
HHS Region 5,Season peak percentage,Bin,percent,1.4,1.5,7.16917057212988e-06
HHS Region 5,Season peak percentage,Bin,percent,1.5,1.6,1.54325569092994e-05
HHS Region 5,Season peak percentage,Bin,percent,1.6,1.7,3.06437619926754e-05
HHS Region 5,Season peak percentage,Bin,percent,1.7,1.8,5.61564072312102e-05
HHS Region 5,Season peak percentage,Bin,percent,1.8,1.9,9.49770997792022e-05
HHS Region 5,Season peak percentage,Bin,percent,1.9,2.0,0.000148442613321523
HHS Region 5,Season peak percentage,Bin,percent,2.0,2.1,0.000214815705311181
HHS Region 5,Season peak percentage,Bin,percent,2.1,2.2,0.000289114665520799
HHS Region 5,Season peak percentage,Bin,percent,2.2,2.3,0.000365498518308826
HHS Region 5,Season peak percentage,Bin,percent,2.3,2.4,0.000442908493432534
HHS Region 5,Season peak percentage,Bin,percent,2.4,2.5,0.00053364307111512
HHS Region 5,Season peak percentage,Bin,percent,2.5,2.6,0.000672711098114018
HHS Region 5,Season peak percentage,Bin,percent,2.6,2.7,0.00092310984172413
HHS Region 5,Season peak percentage,Bin,percent,2.7,2.8,0.00137270689353001
HHS Region 5,Season peak percentage,Bin,percent,2.8,2.9,0.00211800915961978
HHS Region 5,Season peak percentage,Bin,percent,2.9,3.0,0.00323099721621349
HHS Region 5,Season peak percentage,Bin,percent,3.0,3.1,0.0047182310572151
HHS Region 5,Season peak percentage,Bin,percent,3.1,3.2,0.00648557324304091
HHS Region 5,Season peak percentage,Bin,percent,3.2,3.3,0.00832915636057371
HHS Region 5,Season peak percentage,Bin,percent,3.3,3.4,0.00996414906839395
HHS Region 5,Season peak percentage,Bin,percent,3.4,3.5,0.0110969183417268
HHS Region 5,Season peak percentage,Bin,percent,3.5,3.6,0.0115129993648437
HHS Region 5,Season peak percentage,Bin,percent,3.6,3.7,0.0111426096813732
HHS Region 5,Season peak percentage,Bin,percent,3.7,3.8,0.0100837539453073
HHS Region 5,Season peak percentage,Bin,percent,3.8,3.9,0.00856273117892603
HHS Region 5,Season peak percentage,Bin,percent,3.9,4.0,0.00686009191792953
HHS Region 5,Season peak percentage,Bin,percent,4.0,4.1,0.00522625929131193
HHS Region 5,Season peak percentage,Bin,percent,4.1,4.2,0.00382810389213761
HHS Region 5,Season peak percentage,Bin,percent,4.2,4.3,0.00273356387876963
HHS Region 5,Season peak percentage,Bin,percent,4.3,4.4,0.00192982977485016
HHS Region 5,Season peak percentage,Bin,percent,4.4,4.5,0.00136148406282881
HHS Region 5,Season peak percentage,Bin,percent,4.5,4.6,0.000964961864289998
HHS Region 5,Season peak percentage,Bin,percent,4.6,4.7,0.000691115383476351
HHS Region 5,Season peak percentage,Bin,percent,4.7,4.8,0.000511814896520023
HHS Region 5,Season peak percentage,Bin,percent,4.8,4.9,0.000417180110381791
HHS Region 5,Season peak percentage,Bin,percent,4.9,5.0,0.000407666590162072
HHS Region 5,Season peak percentage,Bin,percent,5.0,5.1,0.000485941845698861
HHS Region 5,Season peak percentage,Bin,percent,5.1,5.2,0.000650278260602122
HHS Region 5,Season peak percentage,Bin,percent,5.2,5.3,0.000889094533248299
HHS Region 5,Season peak percentage,Bin,percent,5.3,5.4,0.0011786410252658
HHS Region 5,Season peak percentage,Bin,percent,5.4,5.5,0.00148355114714519
HHS Region 5,Season peak percentage,Bin,percent,5.5,5.6,0.85862386576174
HHS Region 5,Season peak percentage,Bin,percent,5.6,5.7,0.00197175725059823
HHS Region 5,Season peak percentage,Bin,percent,5.7,5.8,0.00208465351470247
HHS Region 5,Season peak percentage,Bin,percent,5.8,5.9,0.00208873195446873
HHS Region 5,Season peak percentage,Bin,percent,5.9,6.0,0.00199215862585423
HHS Region 5,Season peak percentage,Bin,percent,6.0,6.1,0.00181971145947578
HHS Region 5,Season peak percentage,Bin,percent,6.1,6.2,0.0016043965825702
HHS Region 5,Season peak percentage,Bin,percent,6.2,6.3,0.00137829325817267
HHS Region 5,Season peak percentage,Bin,percent,6.3,6.4,0.00116527048077065
HHS Region 5,Season peak percentage,Bin,percent,6.4,6.5,0.000977500796740539
HHS Region 5,Season peak percentage,Bin,percent,6.5,6.6,0.000816253076161707
HHS Region 5,Season peak percentage,Bin,percent,6.6,6.7,0.000675994378594276
HHS Region 5,Season peak percentage,Bin,percent,6.7,6.8,0.000549865236130548
HHS Region 5,Season peak percentage,Bin,percent,6.8,6.9,0.000433671301117324
HHS Region 5,Season peak percentage,Bin,percent,6.9,7.0,0.000327409338372762
HHS Region 5,Season peak percentage,Bin,percent,7.0,7.1,0.000234064671468961
HHS Region 5,Season peak percentage,Bin,percent,7.1,7.2,0.000157141892528389
HHS Region 5,Season peak percentage,Bin,percent,7.2,7.3,9.84904799887267e-05
HHS Region 5,Season peak percentage,Bin,percent,7.3,7.4,5.7415320863182e-05
HHS Region 5,Season peak percentage,Bin,percent,7.4,7.5,3.10385783977437e-05
HHS Region 5,Season peak percentage,Bin,percent,7.5,7.6,1.55306346843511e-05
HHS Region 5,Season peak percentage,Bin,percent,7.6,7.7,7.1842430600947e-06
HHS Region 5,Season peak percentage,Bin,percent,7.7,7.8,3.07058036133497e-06
HHS Region 5,Season peak percentage,Bin,percent,7.8,7.9,1.21310752573733e-06
HHS Region 5,Season peak percentage,Bin,percent,7.9,8.0,4.42014895908435e-07
HHS Region 5,Season peak percentage,Bin,percent,8.0,8.1,1.48774776194118e-07
HHS Region 5,Season peak percentage,Bin,percent,8.1,8.2,4.68328859937487e-08
HHS Region 5,Season peak percentage,Bin,percent,8.2,8.3,1.60629306505507e-08
HHS Region 5,Season peak percentage,Bin,percent,8.3,8.4,1.34709263430667e-08
HHS Region 5,Season peak percentage,Bin,percent,8.4,8.5,3.301548861122e-08
HHS Region 5,Season peak percentage,Bin,percent,8.5,8.6,9.56868748241862e-08
HHS Region 5,Season peak percentage,Bin,percent,8.6,8.7,2.6192706490555e-07
HHS Region 5,Season peak percentage,Bin,percent,8.7,8.8,6.62398200594744e-07
HHS Region 5,Season peak percentage,Bin,percent,8.8,8.9,1.54580639568437e-06
HHS Region 5,Season peak percentage,Bin,percent,8.9,9.0,3.32575198664868e-06
HHS Region 5,Season peak percentage,Bin,percent,9.0,9.1,6.60107559599098e-06
HHS Region 5,Season peak percentage,Bin,percent,9.1,9.2,1.20901986859417e-05
HHS Region 5,Season peak percentage,Bin,percent,9.2,9.3,2.04276562753335e-05
HHS Region 5,Season peak percentage,Bin,percent,9.3,9.4,3.18334671555249e-05
HHS Region 5,Season peak percentage,Bin,percent,9.4,9.5,4.57648627582018e-05
HHS Region 5,Season peak percentage,Bin,percent,9.5,9.6,6.06965505611992e-05
HHS Region 5,Season peak percentage,Bin,percent,9.6,9.7,7.42562961504447e-05
HHS Region 5,Season peak percentage,Bin,percent,9.7,9.8,8.38060224712751e-05
HHS Region 5,Season peak percentage,Bin,percent,9.8,9.9,8.72600139012613e-05
HHS Region 5,Season peak percentage,Bin,percent,9.9,10.0,8.38102584501026e-05
HHS Region 5,Season peak percentage,Bin,percent,10.0,10.1,7.42552878654082e-05
HHS Region 5,Season peak percentage,Bin,percent,10.1,10.2,6.06936814486772e-05
HHS Region 5,Season peak percentage,Bin,percent,10.2,10.3,4.57650461185644e-05
HHS Region 5,Season peak percentage,Bin,percent,10.3,10.4,3.18319597379795e-05
HHS Region 5,Season peak percentage,Bin,percent,10.4,10.5,2.04256575359677e-05
HHS Region 5,Season peak percentage,Bin,percent,10.5,10.6,1.20923176180957e-05
HHS Region 5,Season peak percentage,Bin,percent,10.6,10.7,6.60233131157194e-06
HHS Region 5,Season peak percentage,Bin,percent,10.7,10.8,3.32583851871469e-06
HHS Region 5,Season peak percentage,Bin,percent,10.8,10.9,1.54518318775797e-06
HHS Region 5,Season peak percentage,Bin,percent,10.9,11.0,9.87859111854463e-07
HHS Region 5,Season peak percentage,Bin,percent,11.0,11.1,9.8784534255521e-07
HHS Region 5,Season peak percentage,Bin,percent,11.1,11.2,9.8784534255521e-07
HHS Region 5,Season peak percentage,Bin,percent,11.2,11.3,9.8784534255521e-07
HHS Region 5,Season peak percentage,Bin,percent,11.3,11.4,9.8784534255521e-07
HHS Region 5,Season peak percentage,Bin,percent,11.4,11.5,9.8784534255521e-07
HHS Region 5,Season peak percentage,Bin,percent,11.5,11.6,9.8784534255521e-07
HHS Region 5,Season peak percentage,Bin,percent,11.6,11.7,9.8784534255521e-07
HHS Region 5,Season peak percentage,Bin,percent,11.7,11.8,9.8784534255521e-07
HHS Region 5,Season peak percentage,Bin,percent,11.8,11.9,9.8784534255521e-07
HHS Region 5,Season peak percentage,Bin,percent,11.9,12.0,9.8784534255521e-07
HHS Region 5,Season peak percentage,Bin,percent,12.0,12.1,9.8784534255521e-07
HHS Region 5,Season peak percentage,Bin,percent,12.1,12.2,9.8784534255521e-07
HHS Region 5,Season peak percentage,Bin,percent,12.2,12.3,9.8784534255521e-07
HHS Region 5,Season peak percentage,Bin,percent,12.3,12.4,9.8784534255521e-07
HHS Region 5,Season peak percentage,Bin,percent,12.4,12.5,9.8784534255521e-07
HHS Region 5,Season peak percentage,Bin,percent,12.5,12.6,9.8784534255521e-07
HHS Region 5,Season peak percentage,Bin,percent,12.6,12.7,9.8784534255521e-07
HHS Region 5,Season peak percentage,Bin,percent,12.7,12.8,9.8784534255521e-07
HHS Region 5,Season peak percentage,Bin,percent,12.8,12.9,9.8784534255521e-07
HHS Region 5,Season peak percentage,Bin,percent,12.9,13.0,9.8784534255521e-07
HHS Region 5,Season peak percentage,Bin,percent,13.0,100.0,9.8784534255521e-07
HHS Region 5,Season peak week,Bin,week,40.0,41.0,0.000124991102043907
HHS Region 5,Season peak week,Bin,week,41.0,42.0,0.000124991102043907
HHS Region 5,Season peak week,Bin,week,42.0,43.0,0.000124991102043907
HHS Region 5,Season peak week,Bin,week,43.0,44.0,0.000124991102043907
HHS Region 5,Season peak week,Bin,week,44.0,45.0,0.000124991102043907
HHS Region 5,Season peak week,Bin,week,45.0,46.0,0.000124991102043907
HHS Region 5,Season peak week,Bin,week,46.0,47.0,0.000124991102043907
HHS Region 5,Season peak week,Bin,week,47.0,48.0,0.000124991102043907
HHS Region 5,Season peak week,Bin,week,48.0,49.0,0.000124991102043907
HHS Region 5,Season peak week,Bin,week,49.0,50.0,0.000124991102043907
HHS Region 5,Season peak week,Bin,week,50.0,51.0,0.000639570419229958
HHS Region 5,Season peak week,Bin,week,51.0,52.0,0.00519496306665912
HHS Region 5,Season peak week,Bin,week,52.0,53.0,0.0103929182574613
HHS Region 5,Season peak week,Bin,week,1.0,2.0,0.00519516015095816
HHS Region 5,Season peak week,Bin,week,2.0,3.0,0.000655911091315692
HHS Region 5,Season peak week,Bin,week,3.0,4.0,0.00070352815679899
HHS Region 5,Season peak week,Bin,week,4.0,5.0,0.0060271128896669
HHS Region 5,Season peak week,Bin,week,5.0,6.0,0.0160725991292952
HHS Region 5,Season peak week,Bin,week,6.0,7.0,0.877628863942588
HHS Region 5,Season peak week,Bin,week,7.0,8.0,0.0218239545062567
HHS Region 5,Season peak week,Bin,week,8.0,9.0,0.0168570649917289
HHS Region 5,Season peak week,Bin,week,9.0,10.0,0.0105312727083026
HHS Region 5,Season peak week,Bin,week,10.0,11.0,0.0125404666232228
HHS Region 5,Season peak week,Bin,week,11.0,12.0,0.0102378351444121
HHS Region 5,Season peak week,Bin,week,12.0,13.0,0.00339668786094464
HHS Region 5,Season peak week,Bin,week,13.0,14.0,0.00036575974903928
HHS Region 5,Season peak week,Bin,week,14.0,15.0,6.94886130971878e-05
HHS Region 5,Season peak week,Bin,week,15.0,16.0,6.94886130971878e-05
HHS Region 5,Season peak week,Bin,week,16.0,17.0,6.94886130971878e-05
HHS Region 5,Season peak week,Bin,week,17.0,18.0,6.94886130971878e-05
HHS Region 5,Season peak week,Bin,week,18.0,19.0,6.94886130971878e-05
HHS Region 5,Season peak week,Bin,week,19.0,20.0,6.94886130971878e-05
HHS Region 5,Season peak week,Bin,week,20.0,21.0,6.94886130971878e-05
HHS Region 6,1 wk ahead,Bin,percent,0.0,0.1,8.51466688167691e-10
HHS Region 6,1 wk ahead,Bin,percent,0.1,0.2,1.94872587395561e-09
HHS Region 6,1 wk ahead,Bin,percent,0.2,0.3,2.29163623528642e-09
HHS Region 6,1 wk ahead,Bin,percent,0.3,0.4,2.64568531934689e-09
HHS Region 6,1 wk ahead,Bin,percent,0.4,0.5,3.00257955596919e-09
HHS Region 6,1 wk ahead,Bin,percent,0.5,0.6,3.35461818140966e-09
HHS Region 6,1 wk ahead,Bin,percent,0.6,0.7,3.69546884821828e-09
HHS Region 6,1 wk ahead,Bin,percent,0.7,0.8,4.0207517109494e-09
HHS Region 6,1 wk ahead,Bin,percent,0.8,0.9,4.32843589530217e-09
HHS Region 6,1 wk ahead,Bin,percent,0.9,1.0,4.61879277547901e-09
HHS Region 6,1 wk ahead,Bin,percent,1.0,1.1,4.89409067662516e-09
HHS Region 6,1 wk ahead,Bin,percent,1.1,1.2,5.15794068414888e-09
HHS Region 6,1 wk ahead,Bin,percent,1.2,1.3,5.41446879323705e-09
HHS Region 6,1 wk ahead,Bin,percent,1.3,1.4,5.66730896422589e-09
HHS Region 6,1 wk ahead,Bin,percent,1.4,1.5,5.91867389198758e-09
HHS Region 6,1 wk ahead,Bin,percent,1.5,1.6,6.16858608968986e-09
HHS Region 6,1 wk ahead,Bin,percent,1.6,1.7,6.41442449616387e-09
HHS Region 6,1 wk ahead,Bin,percent,1.7,1.8,6.65088235828553e-09
HHS Region 6,1 wk ahead,Bin,percent,1.8,1.9,6.87035772677223e-09
HHS Region 6,1 wk ahead,Bin,percent,1.9,2.0,0.00100000685981847
HHS Region 6,1 wk ahead,Bin,percent,2.0,2.1,0.00300000660959911
HHS Region 6,1 wk ahead,Bin,percent,2.1,2.2,0.00300000672223739
HHS Region 6,1 wk ahead,Bin,percent,2.2,2.3,7.39396592862706e-09
HHS Region 6,1 wk ahead,Bin,percent,2.3,2.4,7.39598731187019e-09
HHS Region 6,1 wk ahead,Bin,percent,2.4,2.5,0.00100000713286354
HHS Region 6,1 wk ahead,Bin,percent,2.5,2.6,0.00400000639983186
HHS Region 6,1 wk ahead,Bin,percent,2.6,2.7,0.00200000662497296
HHS Region 6,1 wk ahead,Bin,percent,2.7,2.8,0.00300000617971104
HHS Region 6,1 wk ahead,Bin,percent,2.8,2.9,0.0130000038443127
HHS Region 6,1 wk ahead,Bin,percent,2.9,3.0,0.0120000037008436
HHS Region 6,1 wk ahead,Bin,percent,3.0,3.1,0.0190000018811226
HHS Region 6,1 wk ahead,Bin,percent,3.1,3.2,0.0339999983918008
HHS Region 6,1 wk ahead,Bin,percent,3.2,3.3,0.0379999971145344
HHS Region 6,1 wk ahead,Bin,percent,3.3,3.4,0.0519999937773804
HHS Region 6,1 wk ahead,Bin,percent,3.4,3.5,0.0479999940995627
HHS Region 6,1 wk ahead,Bin,percent,3.5,3.6,0.0599999911607935
HHS Region 6,1 wk ahead,Bin,percent,3.6,3.7,0.0799999866037329
HHS Region 6,1 wk ahead,Bin,percent,3.7,3.8,0.0699999881866392
HHS Region 6,1 wk ahead,Bin,percent,3.8,3.9,0.0859999845019229
HHS Region 6,1 wk ahead,Bin,percent,3.9,4.0,0.0689999875856321
HHS Region 6,1 wk ahead,Bin,percent,4.0,4.1,0.0729999864332643
HHS Region 6,1 wk ahead,Bin,percent,4.1,4.2,0.0399999928717559
HHS Region 6,1 wk ahead,Bin,percent,4.2,4.3,0.0509999903867443
HHS Region 6,1 wk ahead,Bin,percent,4.3,4.4,0.0479999908005372
HHS Region 6,1 wk ahead,Bin,percent,4.4,4.5,0.0249999953323232
HHS Region 6,1 wk ahead,Bin,percent,4.5,4.6,0.0269999948025475
HHS Region 6,1 wk ahead,Bin,percent,4.6,4.7,0.0209999959335911
HHS Region 6,1 wk ahead,Bin,percent,4.7,4.8,0.0179999964772893
HHS Region 6,1 wk ahead,Bin,percent,4.8,4.9,0.0149999970401597
HHS Region 6,1 wk ahead,Bin,percent,4.9,5.0,0.0109999978215495
HHS Region 6,1 wk ahead,Bin,percent,5.0,5.1,0.0139999971866647
HHS Region 6,1 wk ahead,Bin,percent,5.1,5.2,0.00699999859834747
HHS Region 6,1 wk ahead,Bin,percent,5.2,5.3,0.00999999797672016
HHS Region 6,1 wk ahead,Bin,percent,5.3,5.4,0.00699999858351523
HHS Region 6,1 wk ahead,Bin,percent,5.4,5.5,0.00899999817561389
HHS Region 6,1 wk ahead,Bin,percent,5.5,5.6,0.00399999919499505
HHS Region 6,1 wk ahead,Bin,percent,5.6,5.7,0.000999999806623739
HHS Region 6,1 wk ahead,Bin,percent,5.7,5.8,0.00199999960274751
HHS Region 6,1 wk ahead,Bin,percent,5.8,5.9,0.00499999899111881
HHS Region 6,1 wk ahead,Bin,percent,5.9,6.0,0.000999999806623739
HHS Region 6,1 wk ahead,Bin,percent,6.0,6.1,0.00399999919499505
HHS Region 6,1 wk ahead,Bin,percent,6.1,6.2,1.04999701186019e-11
HHS Region 6,1 wk ahead,Bin,percent,6.2,6.3,1.04999701186019e-11
HHS Region 6,1 wk ahead,Bin,percent,6.3,6.4,0.00199999960274751
HHS Region 6,1 wk ahead,Bin,percent,6.4,6.5,0.00199999960274751
HHS Region 6,1 wk ahead,Bin,percent,6.5,6.6,0.000999999806623739
HHS Region 6,1 wk ahead,Bin,percent,6.6,6.7,0.000999999806623739
HHS Region 6,1 wk ahead,Bin,percent,6.7,6.8,1.04999701186019e-11
HHS Region 6,1 wk ahead,Bin,percent,6.8,6.9,1.04999701186019e-11
HHS Region 6,1 wk ahead,Bin,percent,6.9,7.0,1.04999701186019e-11
HHS Region 6,1 wk ahead,Bin,percent,7.0,7.1,0.000999999806623739
HHS Region 6,1 wk ahead,Bin,percent,7.1,7.2,1.04999701186019e-11
HHS Region 6,1 wk ahead,Bin,percent,7.2,7.3,0.000999999806623739
HHS Region 6,1 wk ahead,Bin,percent,7.3,7.4,1.04999701186019e-11
HHS Region 6,1 wk ahead,Bin,percent,7.4,7.5,1.04999701186019e-11
HHS Region 6,1 wk ahead,Bin,percent,7.5,7.6,1.04999701186019e-11
HHS Region 6,1 wk ahead,Bin,percent,7.6,7.7,1.04999701186019e-11
HHS Region 6,1 wk ahead,Bin,percent,7.7,7.8,0.000999999806623739
HHS Region 6,1 wk ahead,Bin,percent,7.8,7.9,1.04999701186019e-11
HHS Region 6,1 wk ahead,Bin,percent,7.9,8.0,1.04999701186019e-11
HHS Region 6,1 wk ahead,Bin,percent,8.0,8.1,1.0499970118602e-11
HHS Region 6,1 wk ahead,Bin,percent,8.1,8.2,1.04999701186021e-11
HHS Region 6,1 wk ahead,Bin,percent,8.2,8.3,1.04999701186021e-11
HHS Region 6,1 wk ahead,Bin,percent,8.3,8.4,1.04999701186021e-11
HHS Region 6,1 wk ahead,Bin,percent,8.4,8.5,1.04999701186021e-11
HHS Region 6,1 wk ahead,Bin,percent,8.5,8.6,1.04999701186021e-11
HHS Region 6,1 wk ahead,Bin,percent,8.6,8.7,1.04999701186021e-11
HHS Region 6,1 wk ahead,Bin,percent,8.7,8.8,1.04999701186021e-11
HHS Region 6,1 wk ahead,Bin,percent,8.8,8.9,1.04999701186021e-11
HHS Region 6,1 wk ahead,Bin,percent,8.9,9.0,1.04999701186021e-11
HHS Region 6,1 wk ahead,Bin,percent,9.0,9.1,1.04999701186021e-11
HHS Region 6,1 wk ahead,Bin,percent,9.1,9.2,1.04999701186021e-11
HHS Region 6,1 wk ahead,Bin,percent,9.2,9.3,1.04999701186021e-11
HHS Region 6,1 wk ahead,Bin,percent,9.3,9.4,1.04999701186021e-11
HHS Region 6,1 wk ahead,Bin,percent,9.4,9.5,1.04999701186021e-11
HHS Region 6,1 wk ahead,Bin,percent,9.5,9.6,1.04999701186021e-11
HHS Region 6,1 wk ahead,Bin,percent,9.6,9.7,1.04999701186021e-11
HHS Region 6,1 wk ahead,Bin,percent,9.7,9.8,1.04999701186021e-11
HHS Region 6,1 wk ahead,Bin,percent,9.8,9.9,1.04999701186021e-11
HHS Region 6,1 wk ahead,Bin,percent,9.9,10.0,1.04999701186021e-11
HHS Region 6,1 wk ahead,Bin,percent,10.0,10.1,1.04999701186021e-11
HHS Region 6,1 wk ahead,Bin,percent,10.1,10.2,1.04999701186021e-11
HHS Region 6,1 wk ahead,Bin,percent,10.2,10.3,1.04999701186021e-11
HHS Region 6,1 wk ahead,Bin,percent,10.3,10.4,1.04999701186021e-11
HHS Region 6,1 wk ahead,Bin,percent,10.4,10.5,1.04999701186021e-11
HHS Region 6,1 wk ahead,Bin,percent,10.5,10.6,1.04999701186021e-11
HHS Region 6,1 wk ahead,Bin,percent,10.6,10.7,1.04999701186021e-11
HHS Region 6,1 wk ahead,Bin,percent,10.7,10.8,1.04999701186021e-11
HHS Region 6,1 wk ahead,Bin,percent,10.8,10.9,1.04999701186021e-11
HHS Region 6,1 wk ahead,Bin,percent,10.9,11.0,1.04999701186021e-11
HHS Region 6,1 wk ahead,Bin,percent,11.0,11.1,1.04999701186021e-11
HHS Region 6,1 wk ahead,Bin,percent,11.1,11.2,1.04999701186021e-11
HHS Region 6,1 wk ahead,Bin,percent,11.2,11.3,1.04999701186021e-11
HHS Region 6,1 wk ahead,Bin,percent,11.3,11.4,1.04999701186021e-11
HHS Region 6,1 wk ahead,Bin,percent,11.4,11.5,1.04999701186021e-11
HHS Region 6,1 wk ahead,Bin,percent,11.5,11.6,1.04999701186021e-11
HHS Region 6,1 wk ahead,Bin,percent,11.6,11.7,1.04999701186021e-11
HHS Region 6,1 wk ahead,Bin,percent,11.7,11.8,1.04999701186021e-11
HHS Region 6,1 wk ahead,Bin,percent,11.8,11.9,1.04999701186021e-11
HHS Region 6,1 wk ahead,Bin,percent,11.9,12.0,1.04999701186021e-11
HHS Region 6,1 wk ahead,Bin,percent,12.0,12.1,1.04999701186021e-11
HHS Region 6,1 wk ahead,Bin,percent,12.1,12.2,1.04999701186021e-11
HHS Region 6,1 wk ahead,Bin,percent,12.2,12.3,1.04999701186021e-11
HHS Region 6,1 wk ahead,Bin,percent,12.3,12.4,1.04999701186021e-11
HHS Region 6,1 wk ahead,Bin,percent,12.4,12.5,1.04999701186021e-11
HHS Region 6,1 wk ahead,Bin,percent,12.5,12.6,1.04999701186021e-11
HHS Region 6,1 wk ahead,Bin,percent,12.6,12.7,1.04999701186021e-11
HHS Region 6,1 wk ahead,Bin,percent,12.7,12.8,1.04999701186021e-11
HHS Region 6,1 wk ahead,Bin,percent,12.8,12.9,1.04999701186021e-11
HHS Region 6,1 wk ahead,Bin,percent,12.9,13.0,1.04999701186021e-11
HHS Region 6,1 wk ahead,Bin,percent,13.0,100.0,1.04999701186021e-11
HHS Region 6,2 wk ahead,Bin,percent,0.0,0.1,6.97974833931623e-10
HHS Region 6,2 wk ahead,Bin,percent,0.1,0.2,1.84896525045347e-09
HHS Region 6,2 wk ahead,Bin,percent,0.2,0.3,2.51610642889561e-09
HHS Region 6,2 wk ahead,Bin,percent,0.3,0.4,3.19686010564957e-09
HHS Region 6,2 wk ahead,Bin,percent,0.4,0.5,3.8119212043607e-09
HHS Region 6,2 wk ahead,Bin,percent,0.5,0.6,4.29552699630494e-09
HHS Region 6,2 wk ahead,Bin,percent,0.6,0.7,4.61710068606783e-09
HHS Region 6,2 wk ahead,Bin,percent,0.7,0.8,4.79020763460828e-09
HHS Region 6,2 wk ahead,Bin,percent,0.8,0.9,4.86582799332889e-09
HHS Region 6,2 wk ahead,Bin,percent,0.9,1.0,4.91434357178622e-09
HHS Region 6,2 wk ahead,Bin,percent,1.0,1.1,5.00442690282836e-09
HHS Region 6,2 wk ahead,Bin,percent,1.1,1.2,5.18634288720731e-09
HHS Region 6,2 wk ahead,Bin,percent,1.2,1.3,5.48361904185406e-09
HHS Region 6,2 wk ahead,Bin,percent,1.3,1.4,5.89432786890929e-09
HHS Region 6,2 wk ahead,Bin,percent,1.4,1.5,6.40018527648106e-09
HHS Region 6,2 wk ahead,Bin,percent,1.5,1.6,0.00200000657000555
HHS Region 6,2 wk ahead,Bin,percent,1.6,1.7,0.00300000699193904
HHS Region 6,2 wk ahead,Bin,percent,1.7,1.8,0.00300000763572295
HHS Region 6,2 wk ahead,Bin,percent,1.8,1.9,8.85755498993346e-09
HHS Region 6,2 wk ahead,Bin,percent,1.9,2.0,0.00100000914884771
HHS Region 6,2 wk ahead,Bin,percent,2.0,2.1,0.00200000922523596
HHS Region 6,2 wk ahead,Bin,percent,2.1,2.2,0.00300000900191506
HHS Region 6,2 wk ahead,Bin,percent,2.2,2.3,0.00900000742974454
HHS Region 6,2 wk ahead,Bin,percent,2.3,2.4,0.0160000053730494
HHS Region 6,2 wk ahead,Bin,percent,2.4,2.5,0.021000003561528
HHS Region 6,2 wk ahead,Bin,percent,2.5,2.6,0.0200000029578626
HHS Region 6,2 wk ahead,Bin,percent,2.6,2.7,0.0349999992006713
HHS Region 6,2 wk ahead,Bin,percent,2.7,2.8,0.0359999984655073
HHS Region 6,2 wk ahead,Bin,percent,2.8,2.9,0.051999994821098
HHS Region 6,2 wk ahead,Bin,percent,2.9,3.0,0.0569999934889299
HHS Region 6,2 wk ahead,Bin,percent,3.0,3.1,0.0579999929415288
HHS Region 6,2 wk ahead,Bin,percent,3.1,3.2,0.0549999931010197
HHS Region 6,2 wk ahead,Bin,percent,3.2,3.3,0.0599999914952771
HHS Region 6,2 wk ahead,Bin,percent,3.3,3.4,0.0609999906027166
HHS Region 6,2 wk ahead,Bin,percent,3.4,3.5,0.0719999876402368
HHS Region 6,2 wk ahead,Bin,percent,3.5,3.6,0.0559999902312084
HHS Region 6,2 wk ahead,Bin,percent,3.6,3.7,0.0509999906894426
HHS Region 6,2 wk ahead,Bin,percent,3.7,3.8,0.0379999929166476
HHS Region 6,2 wk ahead,Bin,percent,3.8,3.9,0.0419999918120818
HHS Region 6,2 wk ahead,Bin,percent,3.9,4.0,0.0289999942830619
HHS Region 6,2 wk ahead,Bin,percent,4.0,4.1,0.0349999929583852
HHS Region 6,2 wk ahead,Bin,percent,4.1,4.2,0.0279999943331988
HHS Region 6,2 wk ahead,Bin,percent,4.2,4.3,0.0189999961526736
HHS Region 6,2 wk ahead,Bin,percent,4.3,4.4,0.0229999953371687
HHS Region 6,2 wk ahead,Bin,percent,4.4,4.5,0.0199999959487974
HHS Region 6,2 wk ahead,Bin,percent,4.5,4.6,0.0139999971720548
HHS Region 6,2 wk ahead,Bin,percent,4.6,4.7,0.012999997375931
HHS Region 6,2 wk ahead,Bin,percent,4.7,4.8,0.0119999975798073
HHS Region 6,2 wk ahead,Bin,percent,4.8,4.9,0.00499999900694088
HHS Region 6,2 wk ahead,Bin,percent,4.9,5.0,0.0109999977836835
HHS Region 6,2 wk ahead,Bin,percent,5.0,5.1,0.00499999900694088
HHS Region 6,2 wk ahead,Bin,percent,5.1,5.2,0.00399999921081711
HHS Region 6,2 wk ahead,Bin,percent,5.2,5.3,0.000999999822445802
HHS Region 6,2 wk ahead,Bin,percent,5.3,5.4,0.00599999880306465
HHS Region 6,2 wk ahead,Bin,percent,5.4,5.5,0.00599999880306465
HHS Region 6,2 wk ahead,Bin,percent,5.5,5.6,2.63220332318495e-11
HHS Region 6,2 wk ahead,Bin,percent,5.6,5.7,0.00199999961856957
HHS Region 6,2 wk ahead,Bin,percent,5.7,5.8,2.63220332318495e-11
HHS Region 6,2 wk ahead,Bin,percent,5.8,5.9,0.000999999822445802
HHS Region 6,2 wk ahead,Bin,percent,5.9,6.0,0.000999999822445802
HHS Region 6,2 wk ahead,Bin,percent,6.0,6.1,2.63220332318495e-11
HHS Region 6,2 wk ahead,Bin,percent,6.1,6.2,0.00199999961856957
HHS Region 6,2 wk ahead,Bin,percent,6.2,6.3,0.000999999822445802
HHS Region 6,2 wk ahead,Bin,percent,6.3,6.4,2.63220332318495e-11
HHS Region 6,2 wk ahead,Bin,percent,6.4,6.5,0.00199999961856957
HHS Region 6,2 wk ahead,Bin,percent,6.5,6.6,0.00199999961856957
HHS Region 6,2 wk ahead,Bin,percent,6.6,6.7,0.000999999822445802
HHS Region 6,2 wk ahead,Bin,percent,6.7,6.8,2.63220332318495e-11
HHS Region 6,2 wk ahead,Bin,percent,6.8,6.9,2.63220332318495e-11
HHS Region 6,2 wk ahead,Bin,percent,6.9,7.0,0.000999999822445802
HHS Region 6,2 wk ahead,Bin,percent,7.0,7.1,2.63220332318495e-11
HHS Region 6,2 wk ahead,Bin,percent,7.1,7.2,0.000999999822445802
HHS Region 6,2 wk ahead,Bin,percent,7.2,7.3,2.63220332318495e-11
HHS Region 6,2 wk ahead,Bin,percent,7.3,7.4,2.63220332318495e-11
HHS Region 6,2 wk ahead,Bin,percent,7.4,7.5,0.000999999822445802
HHS Region 6,2 wk ahead,Bin,percent,7.5,7.6,2.63220332318495e-11
HHS Region 6,2 wk ahead,Bin,percent,7.6,7.7,0.000999999822445802
HHS Region 6,2 wk ahead,Bin,percent,7.7,7.8,2.63220332318495e-11
HHS Region 6,2 wk ahead,Bin,percent,7.8,7.9,2.63220332318495e-11
HHS Region 6,2 wk ahead,Bin,percent,7.9,8.0,2.63220332318495e-11
HHS Region 6,2 wk ahead,Bin,percent,8.0,8.1,2.63220332318497e-11
HHS Region 6,2 wk ahead,Bin,percent,8.1,8.2,2.63220332318499e-11
HHS Region 6,2 wk ahead,Bin,percent,8.2,8.3,2.63220332318499e-11
HHS Region 6,2 wk ahead,Bin,percent,8.3,8.4,2.63220332318499e-11
HHS Region 6,2 wk ahead,Bin,percent,8.4,8.5,2.63220332318499e-11
HHS Region 6,2 wk ahead,Bin,percent,8.5,8.6,2.63220332318499e-11
HHS Region 6,2 wk ahead,Bin,percent,8.6,8.7,2.63220332318499e-11
HHS Region 6,2 wk ahead,Bin,percent,8.7,8.8,2.63220332318499e-11
HHS Region 6,2 wk ahead,Bin,percent,8.8,8.9,2.63220332318499e-11
HHS Region 6,2 wk ahead,Bin,percent,8.9,9.0,2.63220332318499e-11
HHS Region 6,2 wk ahead,Bin,percent,9.0,9.1,2.63220332318499e-11
HHS Region 6,2 wk ahead,Bin,percent,9.1,9.2,2.63220332318499e-11
HHS Region 6,2 wk ahead,Bin,percent,9.2,9.3,2.63220332318499e-11
HHS Region 6,2 wk ahead,Bin,percent,9.3,9.4,2.63220332318499e-11
HHS Region 6,2 wk ahead,Bin,percent,9.4,9.5,2.63220332318499e-11
HHS Region 6,2 wk ahead,Bin,percent,9.5,9.6,2.63220332318499e-11
HHS Region 6,2 wk ahead,Bin,percent,9.6,9.7,2.63220332318499e-11
HHS Region 6,2 wk ahead,Bin,percent,9.7,9.8,2.63220332318499e-11
HHS Region 6,2 wk ahead,Bin,percent,9.8,9.9,2.63220332318499e-11
HHS Region 6,2 wk ahead,Bin,percent,9.9,10.0,2.63220332318499e-11
HHS Region 6,2 wk ahead,Bin,percent,10.0,10.1,2.63220332318499e-11
HHS Region 6,2 wk ahead,Bin,percent,10.1,10.2,2.63220332318499e-11
HHS Region 6,2 wk ahead,Bin,percent,10.2,10.3,2.63220332318499e-11
HHS Region 6,2 wk ahead,Bin,percent,10.3,10.4,2.63220332318499e-11
HHS Region 6,2 wk ahead,Bin,percent,10.4,10.5,2.63220332318499e-11
HHS Region 6,2 wk ahead,Bin,percent,10.5,10.6,2.63220332318499e-11
HHS Region 6,2 wk ahead,Bin,percent,10.6,10.7,2.63220332318499e-11
HHS Region 6,2 wk ahead,Bin,percent,10.7,10.8,2.63220332318499e-11
HHS Region 6,2 wk ahead,Bin,percent,10.8,10.9,2.63220332318499e-11
HHS Region 6,2 wk ahead,Bin,percent,10.9,11.0,2.63220332318499e-11
HHS Region 6,2 wk ahead,Bin,percent,11.0,11.1,2.63220332318499e-11
HHS Region 6,2 wk ahead,Bin,percent,11.1,11.2,2.63220332318499e-11
HHS Region 6,2 wk ahead,Bin,percent,11.2,11.3,2.63220332318499e-11
HHS Region 6,2 wk ahead,Bin,percent,11.3,11.4,2.63220332318499e-11
HHS Region 6,2 wk ahead,Bin,percent,11.4,11.5,2.63220332318499e-11
HHS Region 6,2 wk ahead,Bin,percent,11.5,11.6,2.63220332318499e-11
HHS Region 6,2 wk ahead,Bin,percent,11.6,11.7,2.63220332318499e-11
HHS Region 6,2 wk ahead,Bin,percent,11.7,11.8,2.63220332318499e-11
HHS Region 6,2 wk ahead,Bin,percent,11.8,11.9,2.63220332318499e-11
HHS Region 6,2 wk ahead,Bin,percent,11.9,12.0,2.63220332318499e-11
HHS Region 6,2 wk ahead,Bin,percent,12.0,12.1,2.63220332318499e-11
HHS Region 6,2 wk ahead,Bin,percent,12.1,12.2,2.63220332318499e-11
HHS Region 6,2 wk ahead,Bin,percent,12.2,12.3,2.63220332318499e-11
HHS Region 6,2 wk ahead,Bin,percent,12.3,12.4,2.63220332318499e-11
HHS Region 6,2 wk ahead,Bin,percent,12.4,12.5,2.63220332318499e-11
HHS Region 6,2 wk ahead,Bin,percent,12.5,12.6,2.63220332318499e-11
HHS Region 6,2 wk ahead,Bin,percent,12.6,12.7,2.63220332318499e-11
HHS Region 6,2 wk ahead,Bin,percent,12.7,12.8,2.63220332318499e-11
HHS Region 6,2 wk ahead,Bin,percent,12.8,12.9,2.63220332318499e-11
HHS Region 6,2 wk ahead,Bin,percent,12.9,13.0,2.63220332318499e-11
HHS Region 6,2 wk ahead,Bin,percent,13.0,100.0,2.63220332318499e-11
HHS Region 6,3 wk ahead,Bin,percent,0.0,0.1,1.216480860422e-09
HHS Region 6,3 wk ahead,Bin,percent,0.1,0.2,2.77763879097503e-09
HHS Region 6,3 wk ahead,Bin,percent,0.2,0.3,3.18927565490879e-09
HHS Region 6,3 wk ahead,Bin,percent,0.3,0.4,3.52302639337242e-09
HHS Region 6,3 wk ahead,Bin,percent,0.4,0.5,3.77319388184505e-09
HHS Region 6,3 wk ahead,Bin,percent,0.5,0.6,3.95457987321069e-09
HHS Region 6,3 wk ahead,Bin,percent,0.6,0.7,4.09916841463267e-09
HHS Region 6,3 wk ahead,Bin,percent,0.7,0.8,4.2495253155647e-09
HHS Region 6,3 wk ahead,Bin,percent,0.8,0.9,4.45083489742896e-09
HHS Region 6,3 wk ahead,Bin,percent,0.9,1.0,4.74279379277977e-09
HHS Region 6,3 wk ahead,Bin,percent,1.0,1.1,5.15234191817995e-09
HHS Region 6,3 wk ahead,Bin,percent,1.1,1.2,5.68870584645454e-09
HHS Region 6,3 wk ahead,Bin,percent,1.2,1.3,0.00100000613817619
HHS Region 6,3 wk ahead,Bin,percent,1.3,1.4,7.08634610604656e-09
HHS Region 6,3 wk ahead,Bin,percent,1.4,1.5,0.00300000727243104
HHS Region 6,3 wk ahead,Bin,percent,1.5,1.6,0.00200000828186304
HHS Region 6,3 wk ahead,Bin,percent,1.6,1.7,0.00400000863493843
HHS Region 6,3 wk ahead,Bin,percent,1.7,1.8,0.00500000908843733
HHS Region 6,3 wk ahead,Bin,percent,1.8,1.9,0.00400000978613151
HHS Region 6,3 wk ahead,Bin,percent,1.9,2.0,0.0110000086378851
HHS Region 6,3 wk ahead,Bin,percent,2.0,2.1,0.0160000076512081
HHS Region 6,3 wk ahead,Bin,percent,2.1,2.2,0.029000004782142
HHS Region 6,3 wk ahead,Bin,percent,2.2,2.3,0.0300000041248938
HHS Region 6,3 wk ahead,Bin,percent,2.3,2.4,0.0300000034645802
HHS Region 6,3 wk ahead,Bin,percent,2.4,2.5,0.0469999991604363
HHS Region 6,3 wk ahead,Bin,percent,2.5,2.6,0.0330000010275826
HHS Region 6,3 wk ahead,Bin,percent,2.6,2.7,0.0559999952381396
HHS Region 6,3 wk ahead,Bin,percent,2.7,2.8,0.0439999965217272
HHS Region 6,3 wk ahead,Bin,percent,2.8,2.9,0.0609999918965543
HHS Region 6,3 wk ahead,Bin,percent,2.9,3.0,0.0629999904059485
HHS Region 6,3 wk ahead,Bin,percent,3.0,3.1,0.0579999904824831
HHS Region 6,3 wk ahead,Bin,percent,3.1,3.2,0.0569999899235928
HHS Region 6,3 wk ahead,Bin,percent,3.2,3.3,0.057999989147435
HHS Region 6,3 wk ahead,Bin,percent,3.3,3.4,0.0509999901765867
HHS Region 6,3 wk ahead,Bin,percent,3.4,3.5,0.0479999905317493
HHS Region 6,3 wk ahead,Bin,percent,3.5,3.6,0.0389999922134068
HHS Region 6,3 wk ahead,Bin,percent,3.6,3.7,0.0299999939634021
HHS Region 6,3 wk ahead,Bin,percent,3.7,3.8,0.0279999943276604
HHS Region 6,3 wk ahead,Bin,percent,3.8,3.9,0.0279999943168519
HHS Region 6,3 wk ahead,Bin,percent,3.9,4.0,0.0119999975788716
HHS Region 6,3 wk ahead,Bin,percent,4.0,4.1,0.0239999951323568
HHS Region 6,3 wk ahead,Bin,percent,4.1,4.2,0.0149999969672429
HHS Region 6,3 wk ahead,Bin,percent,4.2,4.3,0.00899999819050029
HHS Region 6,3 wk ahead,Bin,percent,4.3,4.4,0.018999996151738
HHS Region 6,3 wk ahead,Bin,percent,4.4,4.5,0.0129999973749954
HHS Region 6,3 wk ahead,Bin,percent,4.5,4.6,0.0109999977827478
HHS Region 6,3 wk ahead,Bin,percent,4.6,4.7,0.00599999880212899
HHS Region 6,3 wk ahead,Bin,percent,4.7,4.8,0.00899999819050029
HHS Region 6,3 wk ahead,Bin,percent,4.8,4.9,0.00599999880212899
HHS Region 6,3 wk ahead,Bin,percent,4.9,5.0,0.00799999839437652
HHS Region 6,3 wk ahead,Bin,percent,5.0,5.1,0.00499999900600522
HHS Region 6,3 wk ahead,Bin,percent,5.1,5.2,0.00199999961763391
HHS Region 6,3 wk ahead,Bin,percent,5.2,5.3,0.00599999880212899
HHS Region 6,3 wk ahead,Bin,percent,5.3,5.4,0.00199999961763391
HHS Region 6,3 wk ahead,Bin,percent,5.4,5.5,0.00299999941375768
HHS Region 6,3 wk ahead,Bin,percent,5.5,5.6,0.000999999821510141
HHS Region 6,3 wk ahead,Bin,percent,5.6,5.7,0.00199999961763391
HHS Region 6,3 wk ahead,Bin,percent,5.7,5.8,0.000999999821510141
HHS Region 6,3 wk ahead,Bin,percent,5.8,5.9,0.00199999961763391
HHS Region 6,3 wk ahead,Bin,percent,5.9,6.0,0.00299999941375768
HHS Region 6,3 wk ahead,Bin,percent,6.0,6.1,2.53863717185406e-11
HHS Region 6,3 wk ahead,Bin,percent,6.1,6.2,0.000999999821510141
HHS Region 6,3 wk ahead,Bin,percent,6.2,6.3,2.53863717185406e-11
HHS Region 6,3 wk ahead,Bin,percent,6.3,6.4,0.000999999821510141
HHS Region 6,3 wk ahead,Bin,percent,6.4,6.5,2.53863717185406e-11
HHS Region 6,3 wk ahead,Bin,percent,6.5,6.6,0.000999999821510141
HHS Region 6,3 wk ahead,Bin,percent,6.6,6.7,0.000999999821510141
HHS Region 6,3 wk ahead,Bin,percent,6.7,6.8,2.53863717185406e-11
HHS Region 6,3 wk ahead,Bin,percent,6.8,6.9,2.53863717185406e-11
HHS Region 6,3 wk ahead,Bin,percent,6.9,7.0,2.53863717185406e-11
HHS Region 6,3 wk ahead,Bin,percent,7.0,7.1,2.53863717185406e-11
HHS Region 6,3 wk ahead,Bin,percent,7.1,7.2,2.53863717185406e-11
HHS Region 6,3 wk ahead,Bin,percent,7.2,7.3,2.53863717185406e-11
HHS Region 6,3 wk ahead,Bin,percent,7.3,7.4,2.53863717185406e-11
HHS Region 6,3 wk ahead,Bin,percent,7.4,7.5,0.000999999821510141
HHS Region 6,3 wk ahead,Bin,percent,7.5,7.6,2.53863717185406e-11
HHS Region 6,3 wk ahead,Bin,percent,7.6,7.7,2.53863717185406e-11
HHS Region 6,3 wk ahead,Bin,percent,7.7,7.8,2.53863717185406e-11
HHS Region 6,3 wk ahead,Bin,percent,7.8,7.9,2.53863717185406e-11
HHS Region 6,3 wk ahead,Bin,percent,7.9,8.0,2.53863717185406e-11
HHS Region 6,3 wk ahead,Bin,percent,8.0,8.1,2.53863717185408e-11
HHS Region 6,3 wk ahead,Bin,percent,8.1,8.2,2.5386371718541e-11
HHS Region 6,3 wk ahead,Bin,percent,8.2,8.3,2.5386371718541e-11
HHS Region 6,3 wk ahead,Bin,percent,8.3,8.4,2.5386371718541e-11
HHS Region 6,3 wk ahead,Bin,percent,8.4,8.5,2.5386371718541e-11
HHS Region 6,3 wk ahead,Bin,percent,8.5,8.6,2.5386371718541e-11
HHS Region 6,3 wk ahead,Bin,percent,8.6,8.7,2.5386371718541e-11
HHS Region 6,3 wk ahead,Bin,percent,8.7,8.8,2.5386371718541e-11
HHS Region 6,3 wk ahead,Bin,percent,8.8,8.9,2.5386371718541e-11
HHS Region 6,3 wk ahead,Bin,percent,8.9,9.0,2.5386371718541e-11
HHS Region 6,3 wk ahead,Bin,percent,9.0,9.1,2.5386371718541e-11
HHS Region 6,3 wk ahead,Bin,percent,9.1,9.2,2.5386371718541e-11
HHS Region 6,3 wk ahead,Bin,percent,9.2,9.3,2.5386371718541e-11
HHS Region 6,3 wk ahead,Bin,percent,9.3,9.4,2.5386371718541e-11
HHS Region 6,3 wk ahead,Bin,percent,9.4,9.5,2.5386371718541e-11
HHS Region 6,3 wk ahead,Bin,percent,9.5,9.6,2.5386371718541e-11
HHS Region 6,3 wk ahead,Bin,percent,9.6,9.7,2.5386371718541e-11
HHS Region 6,3 wk ahead,Bin,percent,9.7,9.8,2.5386371718541e-11
HHS Region 6,3 wk ahead,Bin,percent,9.8,9.9,2.5386371718541e-11
HHS Region 6,3 wk ahead,Bin,percent,9.9,10.0,2.5386371718541e-11
HHS Region 6,3 wk ahead,Bin,percent,10.0,10.1,2.5386371718541e-11
HHS Region 6,3 wk ahead,Bin,percent,10.1,10.2,2.5386371718541e-11
HHS Region 6,3 wk ahead,Bin,percent,10.2,10.3,2.5386371718541e-11
HHS Region 6,3 wk ahead,Bin,percent,10.3,10.4,2.5386371718541e-11
HHS Region 6,3 wk ahead,Bin,percent,10.4,10.5,2.5386371718541e-11
HHS Region 6,3 wk ahead,Bin,percent,10.5,10.6,2.5386371718541e-11
HHS Region 6,3 wk ahead,Bin,percent,10.6,10.7,2.5386371718541e-11
HHS Region 6,3 wk ahead,Bin,percent,10.7,10.8,2.5386371718541e-11
HHS Region 6,3 wk ahead,Bin,percent,10.8,10.9,2.5386371718541e-11
HHS Region 6,3 wk ahead,Bin,percent,10.9,11.0,2.5386371718541e-11
HHS Region 6,3 wk ahead,Bin,percent,11.0,11.1,2.5386371718541e-11
HHS Region 6,3 wk ahead,Bin,percent,11.1,11.2,2.5386371718541e-11
HHS Region 6,3 wk ahead,Bin,percent,11.2,11.3,2.5386371718541e-11
HHS Region 6,3 wk ahead,Bin,percent,11.3,11.4,2.5386371718541e-11
HHS Region 6,3 wk ahead,Bin,percent,11.4,11.5,2.5386371718541e-11
HHS Region 6,3 wk ahead,Bin,percent,11.5,11.6,2.5386371718541e-11
HHS Region 6,3 wk ahead,Bin,percent,11.6,11.7,2.5386371718541e-11
HHS Region 6,3 wk ahead,Bin,percent,11.7,11.8,2.5386371718541e-11
HHS Region 6,3 wk ahead,Bin,percent,11.8,11.9,2.5386371718541e-11
HHS Region 6,3 wk ahead,Bin,percent,11.9,12.0,2.5386371718541e-11
HHS Region 6,3 wk ahead,Bin,percent,12.0,12.1,2.5386371718541e-11
HHS Region 6,3 wk ahead,Bin,percent,12.1,12.2,2.5386371718541e-11
HHS Region 6,3 wk ahead,Bin,percent,12.2,12.3,2.5386371718541e-11
HHS Region 6,3 wk ahead,Bin,percent,12.3,12.4,2.5386371718541e-11
HHS Region 6,3 wk ahead,Bin,percent,12.4,12.5,2.5386371718541e-11
HHS Region 6,3 wk ahead,Bin,percent,12.5,12.6,2.5386371718541e-11
HHS Region 6,3 wk ahead,Bin,percent,12.6,12.7,2.5386371718541e-11
HHS Region 6,3 wk ahead,Bin,percent,12.7,12.8,2.5386371718541e-11
HHS Region 6,3 wk ahead,Bin,percent,12.8,12.9,2.5386371718541e-11
HHS Region 6,3 wk ahead,Bin,percent,12.9,13.0,2.5386371718541e-11
HHS Region 6,3 wk ahead,Bin,percent,13.0,100.0,2.5386371718541e-11
HHS Region 6,4 wk ahead,Bin,percent,0.0,0.1,1.55759853972607e-09
HHS Region 6,4 wk ahead,Bin,percent,0.1,0.2,3.45290100108257e-09
HHS Region 6,4 wk ahead,Bin,percent,0.2,0.3,3.82779924021608e-09
HHS Region 6,4 wk ahead,Bin,percent,0.3,0.4,4.09996599662704e-09
HHS Region 6,4 wk ahead,Bin,percent,0.4,0.5,4.27129311816305e-09
HHS Region 6,4 wk ahead,Bin,percent,0.5,0.6,4.36172873069145e-09
HHS Region 6,4 wk ahead,Bin,percent,0.6,0.7,4.40866391439465e-09
HHS Region 6,4 wk ahead,Bin,percent,0.7,0.8,4.46405809142024e-09
HHS Region 6,4 wk ahead,Bin,percent,0.8,0.9,4.58618130193053e-09
HHS Region 6,4 wk ahead,Bin,percent,0.9,1.0,4.82578551964738e-09
HHS Region 6,4 wk ahead,Bin,percent,1.0,1.1,5.21022148039879e-09
HHS Region 6,4 wk ahead,Bin,percent,1.1,1.2,0.00100000552941599
HHS Region 6,4 wk ahead,Bin,percent,1.2,1.3,0.00100000615344477
HHS Region 6,4 wk ahead,Bin,percent,1.3,1.4,0.00300000641457031
HHS Region 6,4 wk ahead,Bin,percent,1.4,1.5,0.00300000707300949
HHS Region 6,4 wk ahead,Bin,percent,1.5,1.6,0.00700000686519894
HHS Region 6,4 wk ahead,Bin,percent,1.6,1.7,0.00900000699177024
HHS Region 6,4 wk ahead,Bin,percent,1.7,1.8,0.0140000064192504
HHS Region 6,4 wk ahead,Bin,percent,1.8,1.9,0.022000005127999
HHS Region 6,4 wk ahead,Bin,percent,1.9,2.0,0.0280000041026576
HHS Region 6,4 wk ahead,Bin,percent,2.0,2.1,0.0350000026834921
HHS Region 6,4 wk ahead,Bin,percent,2.1,2.2,0.0350000024519023
HHS Region 6,4 wk ahead,Bin,percent,2.2,2.3,0.0539999980756514
HHS Region 6,4 wk ahead,Bin,percent,2.3,2.4,0.0360000009735259
HHS Region 6,4 wk ahead,Bin,percent,2.4,2.5,0.0499999971197817
HHS Region 6,4 wk ahead,Bin,percent,2.5,2.6,0.0589999941353417
HHS Region 6,4 wk ahead,Bin,percent,2.6,2.7,0.0599999927291316
HHS Region 6,4 wk ahead,Bin,percent,2.7,2.8,0.0609999913681988
HHS Region 6,4 wk ahead,Bin,percent,2.8,2.9,0.0599999905407769
HHS Region 6,4 wk ahead,Bin,percent,2.9,3.0,0.0529999911140643
HHS Region 6,4 wk ahead,Bin,percent,3.0,3.1,0.0569999896422854
HHS Region 6,4 wk ahead,Bin,percent,3.1,3.2,0.0439999918279137
HHS Region 6,4 wk ahead,Bin,percent,3.2,3.3,0.0369999929598383
HHS Region 6,4 wk ahead,Bin,percent,3.3,3.4,0.0379999926039341
HHS Region 6,4 wk ahead,Bin,percent,3.4,3.5,0.0289999944067139
HHS Region 6,4 wk ahead,Bin,percent,3.5,3.6,0.0279999946820722
HHS Region 6,4 wk ahead,Bin,percent,3.6,3.7,0.0239999956603746
HHS Region 6,4 wk ahead,Bin,percent,3.7,3.8,0.0229999961035585
HHS Region 6,4 wk ahead,Bin,percent,3.8,3.9,0.0179999974145484
HHS Region 6,4 wk ahead,Bin,percent,3.9,4.0,0.0159999981283107
HHS Region 6,4 wk ahead,Bin,percent,4.0,4.1,0.0139999988077714
HHS Region 6,4 wk ahead,Bin,percent,4.1,4.2,0.00500000082996789
HHS Region 6,4 wk ahead,Bin,percent,4.2,4.3,0.0050000008951955
HHS Region 6,4 wk ahead,Bin,percent,4.3,4.4,0.0119999993973701
HHS Region 6,4 wk ahead,Bin,percent,4.4,4.5,0.0109999994093068
HHS Region 6,4 wk ahead,Bin,percent,4.5,4.6,0.00400000056119326
HHS Region 6,4 wk ahead,Bin,percent,4.6,4.7,0.00500000004789232
HHS Region 6,4 wk ahead,Bin,percent,4.7,4.8,0.00300000015802913
HHS Region 6,4 wk ahead,Bin,percent,4.8,4.9,0.00100000031244244
HHS Region 6,4 wk ahead,Bin,percent,4.9,5.0,0.00399999950666048
HHS Region 6,4 wk ahead,Bin,percent,5.0,5.1,0.00699999875989662
HHS Region 6,4 wk ahead,Bin,percent,5.1,5.2,0.00399999928547685
HHS Region 6,4 wk ahead,Bin,percent,5.2,5.3,0.00599999882745974
HHS Region 6,4 wk ahead,Bin,percent,5.3,5.4,0.00199999961731567
HHS Region 6,4 wk ahead,Bin,percent,5.4,5.5,0.00399999920612632
HHS Region 6,4 wk ahead,Bin,percent,5.5,5.6,0.000999999817755017
HHS Region 6,4 wk ahead,Bin,percent,5.6,5.7,0.000999999817755017
HHS Region 6,4 wk ahead,Bin,percent,5.7,5.8,2.16312484266824e-11
HHS Region 6,4 wk ahead,Bin,percent,5.8,5.9,2.16312484266824e-11
HHS Region 6,4 wk ahead,Bin,percent,5.9,6.0,0.000999999817755017
HHS Region 6,4 wk ahead,Bin,percent,6.0,6.1,0.000999999817755017
HHS Region 6,4 wk ahead,Bin,percent,6.1,6.2,2.16312484266824e-11
HHS Region 6,4 wk ahead,Bin,percent,6.2,6.3,0.000999999817755017
HHS Region 6,4 wk ahead,Bin,percent,6.3,6.4,0.000999999817755017
HHS Region 6,4 wk ahead,Bin,percent,6.4,6.5,0.000999999817755017
HHS Region 6,4 wk ahead,Bin,percent,6.5,6.6,2.16312484266824e-11
HHS Region 6,4 wk ahead,Bin,percent,6.6,6.7,2.16312484266824e-11
HHS Region 6,4 wk ahead,Bin,percent,6.7,6.8,2.16312484266824e-11
HHS Region 6,4 wk ahead,Bin,percent,6.8,6.9,2.16312484266824e-11
HHS Region 6,4 wk ahead,Bin,percent,6.9,7.0,2.16312484266824e-11
HHS Region 6,4 wk ahead,Bin,percent,7.0,7.1,0.000999999817755017
HHS Region 6,4 wk ahead,Bin,percent,7.1,7.2,2.16312484266824e-11
HHS Region 6,4 wk ahead,Bin,percent,7.2,7.3,2.16312484266824e-11
HHS Region 6,4 wk ahead,Bin,percent,7.3,7.4,2.16312484266824e-11
HHS Region 6,4 wk ahead,Bin,percent,7.4,7.5,2.16312484266824e-11
HHS Region 6,4 wk ahead,Bin,percent,7.5,7.6,2.16312484266824e-11
HHS Region 6,4 wk ahead,Bin,percent,7.6,7.7,2.16312484266824e-11
HHS Region 6,4 wk ahead,Bin,percent,7.7,7.8,2.16312484266824e-11
HHS Region 6,4 wk ahead,Bin,percent,7.8,7.9,2.16312484266824e-11
HHS Region 6,4 wk ahead,Bin,percent,7.9,8.0,2.16312484266824e-11
HHS Region 6,4 wk ahead,Bin,percent,8.0,8.1,2.16312484266826e-11
HHS Region 6,4 wk ahead,Bin,percent,8.1,8.2,2.16312484266828e-11
HHS Region 6,4 wk ahead,Bin,percent,8.2,8.3,2.16312484266828e-11
HHS Region 6,4 wk ahead,Bin,percent,8.3,8.4,2.16312484266828e-11
HHS Region 6,4 wk ahead,Bin,percent,8.4,8.5,2.16312484266828e-11
HHS Region 6,4 wk ahead,Bin,percent,8.5,8.6,2.16312484266828e-11
HHS Region 6,4 wk ahead,Bin,percent,8.6,8.7,2.16312484266828e-11
HHS Region 6,4 wk ahead,Bin,percent,8.7,8.8,2.16312484266828e-11
HHS Region 6,4 wk ahead,Bin,percent,8.8,8.9,2.16312484266828e-11
HHS Region 6,4 wk ahead,Bin,percent,8.9,9.0,2.16312484266828e-11
HHS Region 6,4 wk ahead,Bin,percent,9.0,9.1,2.16312484266828e-11
HHS Region 6,4 wk ahead,Bin,percent,9.1,9.2,2.16312484266828e-11
HHS Region 6,4 wk ahead,Bin,percent,9.2,9.3,2.16312484266828e-11
HHS Region 6,4 wk ahead,Bin,percent,9.3,9.4,2.16312484266828e-11
HHS Region 6,4 wk ahead,Bin,percent,9.4,9.5,2.16312484266828e-11
HHS Region 6,4 wk ahead,Bin,percent,9.5,9.6,2.16312484266828e-11
HHS Region 6,4 wk ahead,Bin,percent,9.6,9.7,2.16312484266828e-11
HHS Region 6,4 wk ahead,Bin,percent,9.7,9.8,2.16312484266828e-11
HHS Region 6,4 wk ahead,Bin,percent,9.8,9.9,2.16312484266828e-11
HHS Region 6,4 wk ahead,Bin,percent,9.9,10.0,2.16312484266828e-11
HHS Region 6,4 wk ahead,Bin,percent,10.0,10.1,2.16312484266828e-11
HHS Region 6,4 wk ahead,Bin,percent,10.1,10.2,2.16312484266828e-11
HHS Region 6,4 wk ahead,Bin,percent,10.2,10.3,2.16312484266828e-11
HHS Region 6,4 wk ahead,Bin,percent,10.3,10.4,2.16312484266828e-11
HHS Region 6,4 wk ahead,Bin,percent,10.4,10.5,2.16312484266828e-11
HHS Region 6,4 wk ahead,Bin,percent,10.5,10.6,2.16312484266828e-11
HHS Region 6,4 wk ahead,Bin,percent,10.6,10.7,2.16312484266828e-11
HHS Region 6,4 wk ahead,Bin,percent,10.7,10.8,2.16312484266828e-11
HHS Region 6,4 wk ahead,Bin,percent,10.8,10.9,2.16312484266828e-11
HHS Region 6,4 wk ahead,Bin,percent,10.9,11.0,2.16312484266828e-11
HHS Region 6,4 wk ahead,Bin,percent,11.0,11.1,2.16312484266828e-11
HHS Region 6,4 wk ahead,Bin,percent,11.1,11.2,2.16312484266828e-11
HHS Region 6,4 wk ahead,Bin,percent,11.2,11.3,2.16312484266828e-11
HHS Region 6,4 wk ahead,Bin,percent,11.3,11.4,2.16312484266828e-11
HHS Region 6,4 wk ahead,Bin,percent,11.4,11.5,2.16312484266828e-11
HHS Region 6,4 wk ahead,Bin,percent,11.5,11.6,2.16312484266828e-11
HHS Region 6,4 wk ahead,Bin,percent,11.6,11.7,2.16312484266828e-11
HHS Region 6,4 wk ahead,Bin,percent,11.7,11.8,2.16312484266828e-11
HHS Region 6,4 wk ahead,Bin,percent,11.8,11.9,2.16312484266828e-11
HHS Region 6,4 wk ahead,Bin,percent,11.9,12.0,2.16312484266828e-11
HHS Region 6,4 wk ahead,Bin,percent,12.0,12.1,2.16312484266828e-11
HHS Region 6,4 wk ahead,Bin,percent,12.1,12.2,2.16312484266828e-11
HHS Region 6,4 wk ahead,Bin,percent,12.2,12.3,2.16312484266828e-11
HHS Region 6,4 wk ahead,Bin,percent,12.3,12.4,2.16312484266828e-11
HHS Region 6,4 wk ahead,Bin,percent,12.4,12.5,2.16312484266828e-11
HHS Region 6,4 wk ahead,Bin,percent,12.5,12.6,2.16312484266828e-11
HHS Region 6,4 wk ahead,Bin,percent,12.6,12.7,2.16312484266828e-11
HHS Region 6,4 wk ahead,Bin,percent,12.7,12.8,2.16312484266828e-11
HHS Region 6,4 wk ahead,Bin,percent,12.8,12.9,2.16312484266828e-11
HHS Region 6,4 wk ahead,Bin,percent,12.9,13.0,2.16312484266828e-11
HHS Region 6,4 wk ahead,Bin,percent,13.0,100.0,2.16312484266828e-11
HHS Region 6,Season onset,Bin,week,40.0,41.0,0.000512141861782736
HHS Region 6,Season onset,Bin,week,41.0,42.0,0.00129114479923341
HHS Region 6,Season onset,Bin,week,42.0,43.0,0.00269529793323591
HHS Region 6,Season onset,Bin,week,43.0,44.0,0.0047525620798938
HHS Region 6,Season onset,Bin,week,44.0,45.0,0.00723706430406178
HHS Region 6,Season onset,Bin,week,45.0,46.0,0.824451484849959
HHS Region 6,Season onset,Bin,week,46.0,47.0,0.0114877877802021
HHS Region 6,Season onset,Bin,week,47.0,48.0,0.0120947961655853
HHS Region 6,Season onset,Bin,week,48.0,49.0,0.0114533259791304
HHS Region 6,Season onset,Bin,week,49.0,50.0,0.0101796332505898
HHS Region 6,Season onset,Bin,week,50.0,51.0,0.00912771203931236
HHS Region 6,Season onset,Bin,week,51.0,52.0,0.00880073597082103
HHS Region 6,Season onset,Bin,week,52.0,53.0,0.0092595425047576
HHS Region 6,Season onset,Bin,week,1.0,2.0,0.01031453587241
HHS Region 6,Season onset,Bin,week,2.0,3.0,0.011530781135068
HHS Region 6,Season onset,Bin,week,3.0,4.0,0.0122216174922741
HHS Region 6,Season onset,Bin,week,4.0,5.0,0.0117426078862704
HHS Region 6,Season onset,Bin,week,5.0,6.0,0.00990959063376659
HHS Region 6,Season onset,Bin,week,6.0,7.0,0.00717073249495273
HHS Region 6,Season onset,Bin,week,7.0,8.0,0.00436087376791273
HHS Region 6,Season onset,Bin,week,8.0,9.0,0.00219231414881181
HHS Region 6,Season onset,Bin,week,9.0,10.0,0.000899496412168771
HHS Region 6,Season onset,Bin,week,10.0,11.0,0.000298443731134235
HHS Region 6,Season onset,Bin,week,11.0,12.0,8.43744874493413e-05
HHS Region 6,Season onset,Bin,week,12.0,13.0,5.95252885836864e-05
HHS Region 6,Season onset,Bin,week,13.0,14.0,5.95252885836864e-05
HHS Region 6,Season onset,Bin,week,14.0,15.0,5.95252885836864e-05
HHS Region 6,Season onset,Bin,week,15.0,16.0,5.95252885836864e-05
HHS Region 6,Season onset,Bin,week,16.0,17.0,5.95252885836864e-05
HHS Region 6,Season onset,Bin,week,17.0,18.0,5.95252885836864e-05
HHS Region 6,Season onset,Bin,week,18.0,19.0,5.95252885836864e-05
HHS Region 6,Season onset,Bin,week,19.0,20.0,5.95252885836864e-05
HHS Region 6,Season onset,Bin,week,20.0,21.0,5.95252885836864e-05
HHS Region 6,Season onset,Bin,week,none,none,0.0153956748219623
HHS Region 6,Season peak percentage,Bin,percent,0.0,0.1,2.44125374457599e-06
HHS Region 6,Season peak percentage,Bin,percent,0.1,0.2,4.88250748915198e-06
HHS Region 6,Season peak percentage,Bin,percent,0.2,0.3,4.88250748915198e-06
HHS Region 6,Season peak percentage,Bin,percent,0.3,0.4,4.88250748915198e-06
HHS Region 6,Season peak percentage,Bin,percent,0.4,0.5,4.88250748915198e-06
HHS Region 6,Season peak percentage,Bin,percent,0.5,0.6,4.88250748915198e-06
HHS Region 6,Season peak percentage,Bin,percent,0.6,0.7,4.88250748915198e-06
HHS Region 6,Season peak percentage,Bin,percent,0.7,0.8,4.88250748915198e-06
HHS Region 6,Season peak percentage,Bin,percent,0.8,0.9,4.88250748915198e-06
HHS Region 6,Season peak percentage,Bin,percent,0.9,1.0,4.93098582875573e-06
HHS Region 6,Season peak percentage,Bin,percent,1.0,1.1,6.07895588310366e-06
HHS Region 6,Season peak percentage,Bin,percent,1.1,1.2,8.02200202866046e-06
HHS Region 6,Season peak percentage,Bin,percent,1.2,1.3,1.0496601003401e-05
HHS Region 6,Season peak percentage,Bin,percent,1.3,1.4,1.36197804594651e-05
HHS Region 6,Season peak percentage,Bin,percent,1.4,1.5,1.75285357008383e-05
HHS Region 6,Season peak percentage,Bin,percent,1.5,1.6,2.23807731501017e-05
HHS Region 6,Season peak percentage,Bin,percent,1.6,1.7,2.83455464068011e-05
HHS Region 6,Season peak percentage,Bin,percent,1.7,1.8,3.56090829636087e-05
HHS Region 6,Season peak percentage,Bin,percent,1.8,1.9,4.43907149900126e-05
HHS Region 6,Season peak percentage,Bin,percent,1.9,2.0,5.49044092328009e-05
HHS Region 6,Season peak percentage,Bin,percent,2.0,2.1,6.73871061179839e-05
HHS Region 6,Season peak percentage,Bin,percent,2.1,2.2,8.20870244396286e-05
HHS Region 6,Season peak percentage,Bin,percent,2.2,2.3,9.92406423605967e-05
HHS Region 6,Season peak percentage,Bin,percent,2.3,2.4,0.000119099303691731
HHS Region 6,Season peak percentage,Bin,percent,2.4,2.5,0.000141907263479554
HHS Region 6,Season peak percentage,Bin,percent,2.5,2.6,0.000167887592508586
HHS Region 6,Season peak percentage,Bin,percent,2.6,2.7,0.000197226671997747
HHS Region 6,Season peak percentage,Bin,percent,2.7,2.8,0.00023011863291153
HHS Region 6,Season peak percentage,Bin,percent,2.8,2.9,0.000266728414231068
HHS Region 6,Season peak percentage,Bin,percent,2.9,3.0,0.000307133890378535
HHS Region 6,Season peak percentage,Bin,percent,3.0,3.1,0.000351400387299399
HHS Region 6,Season peak percentage,Bin,percent,3.1,3.2,0.000399548161372351
HHS Region 6,Season peak percentage,Bin,percent,3.2,3.3,0.000451563773090056
HHS Region 6,Season peak percentage,Bin,percent,3.3,3.4,0.000507322012880127
HHS Region 6,Season peak percentage,Bin,percent,3.4,3.5,0.000566666298706405
HHS Region 6,Season peak percentage,Bin,percent,3.5,3.6,0.00062940524694896
HHS Region 6,Season peak percentage,Bin,percent,3.6,3.7,0.000695248882603273
HHS Region 6,Season peak percentage,Bin,percent,3.7,3.8,0.000763857334424085
HHS Region 6,Season peak percentage,Bin,percent,3.8,3.9,0.000834821446956482
HHS Region 6,Season peak percentage,Bin,percent,3.9,4.0,0.000907677014530098
HHS Region 6,Season peak percentage,Bin,percent,4.0,4.1,0.000981891721340083
HHS Region 6,Season peak percentage,Bin,percent,4.1,4.2,0.00105687455866326
HHS Region 6,Season peak percentage,Bin,percent,4.2,4.3,0.00113197887740093
HHS Region 6,Season peak percentage,Bin,percent,4.3,4.4,0.00120651511235532
HHS Region 6,Season peak percentage,Bin,percent,4.4,4.5,0.00127975142599623
HHS Region 6,Season peak percentage,Bin,percent,4.5,4.6,0.00135091129191688
HHS Region 6,Season peak percentage,Bin,percent,4.6,4.7,0.00141923303800239
HHS Region 6,Season peak percentage,Bin,percent,4.7,4.8,0.00148395864051203
HHS Region 6,Season peak percentage,Bin,percent,4.8,4.9,0.0015443424171609
HHS Region 6,Season peak percentage,Bin,percent,4.9,5.0,0.00159964801076795
HHS Region 6,Season peak percentage,Bin,percent,5.0,5.1,0.00164930256760887
HHS Region 6,Season peak percentage,Bin,percent,5.1,5.2,0.00169279164503064
HHS Region 6,Season peak percentage,Bin,percent,5.2,5.3,0.00172969391156413
HHS Region 6,Season peak percentage,Bin,percent,5.3,5.4,0.00175976553358797
HHS Region 6,Season peak percentage,Bin,percent,5.4,5.5,0.00178294107048301
HHS Region 6,Season peak percentage,Bin,percent,5.5,5.6,0.00179934898922394
HHS Region 6,Season peak percentage,Bin,percent,5.6,5.7,0.0018092593041844
HHS Region 6,Season peak percentage,Bin,percent,5.7,5.8,0.00181319216736239
HHS Region 6,Season peak percentage,Bin,percent,5.8,5.9,0.00181183103117193
HHS Region 6,Season peak percentage,Bin,percent,5.9,6.0,0.00180601746915357
HHS Region 6,Season peak percentage,Bin,percent,6.0,6.1,0.00179678064028016
HHS Region 6,Season peak percentage,Bin,percent,6.1,6.2,0.00178521843263471
HHS Region 6,Season peak percentage,Bin,percent,6.2,6.3,0.00177252931449471
HHS Region 6,Season peak percentage,Bin,percent,6.3,6.4,0.00175994224816599
HHS Region 6,Season peak percentage,Bin,percent,6.4,6.5,0.00174865847045252
HHS Region 6,Season peak percentage,Bin,percent,6.5,6.6,0.0017398216795977
HHS Region 6,Season peak percentage,Bin,percent,6.6,6.7,0.00173450734261091
HHS Region 6,Season peak percentage,Bin,percent,6.7,6.8,0.00173359199175458
HHS Region 6,Season peak percentage,Bin,percent,6.8,6.9,0.00173779491091331
HHS Region 6,Season peak percentage,Bin,percent,6.9,7.0,0.00174766083594815
HHS Region 6,Season peak percentage,Bin,percent,7.0,7.1,0.00176355122101185
HHS Region 6,Season peak percentage,Bin,percent,7.1,7.2,0.00178556172820293
HHS Region 6,Season peak percentage,Bin,percent,7.2,7.3,0.00181360104950509
HHS Region 6,Season peak percentage,Bin,percent,7.3,7.4,0.00184748227625191
HHS Region 6,Season peak percentage,Bin,percent,7.4,7.5,0.00188678552690317
HHS Region 6,Season peak percentage,Bin,percent,7.5,7.6,0.00193102489844606
HHS Region 6,Season peak percentage,Bin,percent,7.6,7.7,0.00197964342527408
HHS Region 6,Season peak percentage,Bin,percent,7.7,7.8,0.0020320324589374
HHS Region 6,Season peak percentage,Bin,percent,7.8,7.9,0.00208760669394106
HHS Region 6,Season peak percentage,Bin,percent,7.9,8.0,0.00214580315197125
HHS Region 6,Season peak percentage,Bin,percent,8.0,8.1,0.00220611191246749
HHS Region 6,Season peak percentage,Bin,percent,8.1,8.2,0.00226807659050781
HHS Region 6,Season peak percentage,Bin,percent,8.2,8.3,0.00233132074789891
HHS Region 6,Season peak percentage,Bin,percent,8.3,8.4,0.0023955189629004
HHS Region 6,Season peak percentage,Bin,percent,8.4,8.5,0.00246036679853756
HHS Region 6,Season peak percentage,Bin,percent,8.5,8.6,0.00252557504025022
HHS Region 6,Season peak percentage,Bin,percent,8.6,8.7,0.00259082645897586
HHS Region 6,Season peak percentage,Bin,percent,8.7,8.8,0.00265573523095164
HHS Region 6,Season peak percentage,Bin,percent,8.8,8.9,0.00271981947669346
HHS Region 6,Season peak percentage,Bin,percent,8.9,9.0,0.002782477450103
HHS Region 6,Season peak percentage,Bin,percent,9.0,9.1,0.00284294330298708
HHS Region 6,Season peak percentage,Bin,percent,9.1,9.2,0.00290029774275431
HHS Region 6,Season peak percentage,Bin,percent,9.2,9.3,0.0029534626500669
HHS Region 6,Season peak percentage,Bin,percent,9.3,9.4,0.00300123315650541
HHS Region 6,Season peak percentage,Bin,percent,9.4,9.5,0.00304226383420862
HHS Region 6,Season peak percentage,Bin,percent,9.5,9.6,0.00307517052955774
HHS Region 6,Season peak percentage,Bin,percent,9.6,9.7,0.00309856149666556
HHS Region 6,Season peak percentage,Bin,percent,9.7,9.8,0.0031110165000028
HHS Region 6,Season peak percentage,Bin,percent,9.8,9.9,0.00311141036866333
HHS Region 6,Season peak percentage,Bin,percent,9.9,10.0,0.00309866092014613
HHS Region 6,Season peak percentage,Bin,percent,10.0,10.1,0.00307190452047285
HHS Region 6,Season peak percentage,Bin,percent,10.1,10.2,0.0030307284219492
HHS Region 6,Season peak percentage,Bin,percent,10.2,10.3,0.00297503475399486
HHS Region 6,Season peak percentage,Bin,percent,10.3,10.4,0.00290505263623363
HHS Region 6,Season peak percentage,Bin,percent,10.4,10.5,0.0028213047105225
HHS Region 6,Season peak percentage,Bin,percent,10.5,10.6,0.0027249058516244
HHS Region 6,Season peak percentage,Bin,percent,10.6,10.7,0.00261721676349793
HHS Region 6,Season peak percentage,Bin,percent,10.7,10.8,0.00249985183035784
HHS Region 6,Season peak percentage,Bin,percent,10.8,10.9,0.00237469620989043
HHS Region 6,Season peak percentage,Bin,percent,10.9,11.0,0.00224383880729502
HHS Region 6,Season peak percentage,Bin,percent,11.0,11.1,0.00210944955318338
HHS Region 6,Season peak percentage,Bin,percent,11.1,11.2,0.00197367125280358
HHS Region 6,Season peak percentage,Bin,percent,11.2,11.3,0.00183861004524606
HHS Region 6,Season peak percentage,Bin,percent,11.3,11.4,0.00170621321447999
HHS Region 6,Season peak percentage,Bin,percent,11.4,11.5,0.00157823742334098
HHS Region 6,Season peak percentage,Bin,percent,11.5,11.6,0.00145613285033039
HHS Region 6,Season peak percentage,Bin,percent,11.6,11.7,0.00134109187408257
HHS Region 6,Season peak percentage,Bin,percent,11.7,11.8,0.00123398699405387
HHS Region 6,Season peak percentage,Bin,percent,11.8,11.9,0.00113535464902663
HHS Region 6,Season peak percentage,Bin,percent,11.9,12.0,0.00104537172464943
HHS Region 6,Season peak percentage,Bin,percent,12.0,12.1,0.000963964355312943
HHS Region 6,Season peak percentage,Bin,percent,12.1,12.2,0.000890879179000324
HHS Region 6,Season peak percentage,Bin,percent,12.2,12.3,0.000825504150940288
HHS Region 6,Season peak percentage,Bin,percent,12.3,12.4,0.00076712240829289
HHS Region 6,Season peak percentage,Bin,percent,12.4,12.5,0.00071493257472034
HHS Region 6,Season peak percentage,Bin,percent,12.5,12.6,0.000668089621163971
HHS Region 6,Season peak percentage,Bin,percent,12.6,12.7,0.000625672337776905
HHS Region 6,Season peak percentage,Bin,percent,12.7,12.8,0.000586816179659081
HHS Region 6,Season peak percentage,Bin,percent,12.8,12.9,0.000550758267723737
HHS Region 6,Season peak percentage,Bin,percent,12.9,13.0,0.000516798029175017
HHS Region 6,Season peak percentage,Bin,percent,13.0,100.0,0.819422976755336
HHS Region 6,Season peak week,Bin,week,40.0,41.0,4.88908208191856e-05
HHS Region 6,Season peak week,Bin,week,41.0,42.0,4.88908208191856e-05
HHS Region 6,Season peak week,Bin,week,42.0,43.0,4.88908208191856e-05
HHS Region 6,Season peak week,Bin,week,43.0,44.0,4.88908208191856e-05
HHS Region 6,Season peak week,Bin,week,44.0,45.0,6.01567606039861e-05
HHS Region 6,Season peak week,Bin,week,45.0,46.0,0.000531958338890541
HHS Region 6,Season peak week,Bin,week,46.0,47.0,0.00248435427031692
HHS Region 6,Season peak week,Bin,week,47.0,48.0,0.00414708028038711
HHS Region 6,Season peak week,Bin,week,48.0,49.0,0.00256880718707821
HHS Region 6,Season peak week,Bin,week,49.0,50.0,0.00175620157569805
HHS Region 6,Season peak week,Bin,week,50.0,51.0,0.00713573034764216
HHS Region 6,Season peak week,Bin,week,51.0,52.0,0.0182324732990711
HHS Region 6,Season peak week,Bin,week,52.0,53.0,0.836363703386823
HHS Region 6,Season peak week,Bin,week,1.0,2.0,0.0115767303784213
HHS Region 6,Season peak week,Bin,week,2.0,3.0,0.00526501442279835
HHS Region 6,Season peak week,Bin,week,3.0,4.0,0.0074104137716658
HHS Region 6,Season peak week,Bin,week,4.0,5.0,0.0103845136895447
HHS Region 6,Season peak week,Bin,week,5.0,6.0,0.01479134524094
HHS Region 6,Season peak week,Bin,week,6.0,7.0,0.0237732568552171
HHS Region 6,Season peak week,Bin,week,7.0,8.0,0.0262714570062982
HHS Region 6,Season peak week,Bin,week,8.0,9.0,0.0135681294289719
HHS Region 6,Season peak week,Bin,week,9.0,10.0,0.00327353637362995
HHS Region 6,Season peak week,Bin,week,10.0,11.0,0.00268776134309489
HHS Region 6,Season peak week,Bin,week,11.0,12.0,0.00415118112341905
HHS Region 6,Season peak week,Bin,week,12.0,13.0,0.00248496413710943
HHS Region 6,Season peak week,Bin,week,13.0,14.0,0.000532083016961168
HHS Region 6,Season peak week,Bin,week,14.0,15.0,6.01708504669198e-05
HHS Region 6,Season peak week,Bin,week,15.0,16.0,4.8902271945423e-05
HHS Region 6,Season peak week,Bin,week,16.0,17.0,4.8902271945423e-05
HHS Region 6,Season peak week,Bin,week,17.0,18.0,4.8902271945423e-05
HHS Region 6,Season peak week,Bin,week,18.0,19.0,4.8902271945423e-05
HHS Region 6,Season peak week,Bin,week,19.0,20.0,4.8902271945423e-05
HHS Region 6,Season peak week,Bin,week,20.0,21.0,4.8902271945423e-05
HHS Region 7,1 wk ahead,Bin,percent,0.0,0.1,0.00116694142303294
HHS Region 7,1 wk ahead,Bin,percent,0.1,0.2,0.00334454601066473
HHS Region 7,1 wk ahead,Bin,percent,0.2,0.3,0.0049722739090009
HHS Region 7,1 wk ahead,Bin,percent,0.3,0.4,0.00691308961707369
HHS Region 7,1 wk ahead,Bin,percent,0.4,0.5,0.00913222264658141
HHS Region 7,1 wk ahead,Bin,percent,0.5,0.6,0.0115326813536773
HHS Region 7,1 wk ahead,Bin,percent,0.6,0.7,0.0147165755264468
HHS Region 7,1 wk ahead,Bin,percent,0.7,0.8,0.021616049266591
HHS Region 7,1 wk ahead,Bin,percent,0.8,0.9,0.0239774522338415
HHS Region 7,1 wk ahead,Bin,percent,0.9,1.0,0.0215278791906251
HHS Region 7,1 wk ahead,Bin,percent,1.0,1.1,0.0244149250568139
HHS Region 7,1 wk ahead,Bin,percent,1.1,1.2,0.0270163969316256
HHS Region 7,1 wk ahead,Bin,percent,1.2,1.3,0.0295986752596509
HHS Region 7,1 wk ahead,Bin,percent,1.3,1.4,0.028627808719289
HHS Region 7,1 wk ahead,Bin,percent,1.4,1.5,0.0340919688093488
HHS Region 7,1 wk ahead,Bin,percent,1.5,1.6,0.047041429084435
HHS Region 7,1 wk ahead,Bin,percent,1.6,1.7,0.0436671370325424
HHS Region 7,1 wk ahead,Bin,percent,1.7,1.8,0.0575315318312571
HHS Region 7,1 wk ahead,Bin,percent,1.8,1.9,0.0398611634345091
HHS Region 7,1 wk ahead,Bin,percent,1.9,2.0,0.0607094149041768
HHS Region 7,1 wk ahead,Bin,percent,2.0,2.1,0.0616634139917182
HHS Region 7,1 wk ahead,Bin,percent,2.1,2.2,0.0570654271657689
HHS Region 7,1 wk ahead,Bin,percent,2.2,2.3,0.0501729748287243
HHS Region 7,1 wk ahead,Bin,percent,2.3,2.4,0.0530145696974188
HHS Region 7,1 wk ahead,Bin,percent,2.4,2.5,0.0599997508633577
HHS Region 7,1 wk ahead,Bin,percent,2.5,2.6,0.0431477683085027
HHS Region 7,1 wk ahead,Bin,percent,2.6,2.7,0.0319470264106971
HHS Region 7,1 wk ahead,Bin,percent,2.7,2.8,0.0279561085224197
HHS Region 7,1 wk ahead,Bin,percent,2.8,2.9,0.022369177913198
HHS Region 7,1 wk ahead,Bin,percent,2.9,3.0,0.0175803802481508
HHS Region 7,1 wk ahead,Bin,percent,3.0,3.1,0.01039718375058
HHS Region 7,1 wk ahead,Bin,percent,3.1,3.2,0.00959905080640547
HHS Region 7,1 wk ahead,Bin,percent,3.2,3.3,0.00800278491805641
HHS Region 7,1 wk ahead,Bin,percent,3.3,3.4,0.00401212019718375
HHS Region 7,1 wk ahead,Bin,percent,3.4,3.5,0.00241585430883469
HHS Region 7,1 wk ahead,Bin,percent,3.5,3.6,0.00321398725300922
HHS Region 7,1 wk ahead,Bin,percent,3.6,3.7,0.00321398725300922
HHS Region 7,1 wk ahead,Bin,percent,3.7,3.8,0.00640651902970735
HHS Region 7,1 wk ahead,Bin,percent,3.8,3.9,0.00161772136466016
HHS Region 7,1 wk ahead,Bin,percent,3.9,4.0,0.00241585430883469
HHS Region 7,1 wk ahead,Bin,percent,4.0,4.1,0.00321398725300922
HHS Region 7,1 wk ahead,Bin,percent,4.1,4.2,0.000819588420485631
HHS Region 7,1 wk ahead,Bin,percent,4.2,4.3,2.14554763110995e-05
HHS Region 7,1 wk ahead,Bin,percent,4.3,4.4,2.14554763110995e-05
HHS Region 7,1 wk ahead,Bin,percent,4.4,4.5,2.14554763110995e-05
HHS Region 7,1 wk ahead,Bin,percent,4.5,4.6,2.14554763110995e-05
HHS Region 7,1 wk ahead,Bin,percent,4.6,4.7,2.14554763110995e-05
HHS Region 7,1 wk ahead,Bin,percent,4.7,4.8,0.000819588420485631
HHS Region 7,1 wk ahead,Bin,percent,4.8,4.9,2.14554763110995e-05
HHS Region 7,1 wk ahead,Bin,percent,4.9,5.0,2.14554763110995e-05
HHS Region 7,1 wk ahead,Bin,percent,5.0,5.1,2.14554763110995e-05
HHS Region 7,1 wk ahead,Bin,percent,5.1,5.2,2.14554763110995e-05
HHS Region 7,1 wk ahead,Bin,percent,5.2,5.3,0.000819588420485631
HHS Region 7,1 wk ahead,Bin,percent,5.3,5.4,2.14554763110995e-05
HHS Region 7,1 wk ahead,Bin,percent,5.4,5.5,2.14554763110995e-05
HHS Region 7,1 wk ahead,Bin,percent,5.5,5.6,2.14554763110995e-05
HHS Region 7,1 wk ahead,Bin,percent,5.6,5.7,2.14554763110995e-05
HHS Region 7,1 wk ahead,Bin,percent,5.7,5.8,0.000819588420485631
HHS Region 7,1 wk ahead,Bin,percent,5.8,5.9,2.14554763110995e-05
HHS Region 7,1 wk ahead,Bin,percent,5.9,6.0,2.14554763110995e-05
HHS Region 7,1 wk ahead,Bin,percent,6.0,6.1,0.000819588420485631
HHS Region 7,1 wk ahead,Bin,percent,6.1,6.2,2.14554763110995e-05
HHS Region 7,1 wk ahead,Bin,percent,6.2,6.3,2.14554763110995e-05
HHS Region 7,1 wk ahead,Bin,percent,6.3,6.4,2.14554763110995e-05
HHS Region 7,1 wk ahead,Bin,percent,6.4,6.5,2.14554763110995e-05
HHS Region 7,1 wk ahead,Bin,percent,6.5,6.6,0.000819588420485631
HHS Region 7,1 wk ahead,Bin,percent,6.6,6.7,2.14554763110995e-05
HHS Region 7,1 wk ahead,Bin,percent,6.7,6.8,2.14554763110995e-05
HHS Region 7,1 wk ahead,Bin,percent,6.8,6.9,2.14554763110995e-05
HHS Region 7,1 wk ahead,Bin,percent,6.9,7.0,0.000819588420485631
HHS Region 7,1 wk ahead,Bin,percent,7.0,7.1,2.14554763110995e-05
HHS Region 7,1 wk ahead,Bin,percent,7.1,7.2,2.14554763110995e-05
HHS Region 7,1 wk ahead,Bin,percent,7.2,7.3,2.14554763110995e-05
HHS Region 7,1 wk ahead,Bin,percent,7.3,7.4,2.14554763110995e-05
HHS Region 7,1 wk ahead,Bin,percent,7.4,7.5,2.14554763110995e-05
HHS Region 7,1 wk ahead,Bin,percent,7.5,7.6,2.14554763110995e-05
HHS Region 7,1 wk ahead,Bin,percent,7.6,7.7,2.14554763110995e-05
HHS Region 7,1 wk ahead,Bin,percent,7.7,7.8,2.14554763110995e-05
HHS Region 7,1 wk ahead,Bin,percent,7.8,7.9,2.14554763110995e-05
HHS Region 7,1 wk ahead,Bin,percent,7.9,8.0,2.14554763110995e-05
HHS Region 7,1 wk ahead,Bin,percent,8.0,8.1,2.14554763110997e-05
HHS Region 7,1 wk ahead,Bin,percent,8.1,8.2,2.14554763110999e-05
HHS Region 7,1 wk ahead,Bin,percent,8.2,8.3,2.14554763110999e-05
HHS Region 7,1 wk ahead,Bin,percent,8.3,8.4,2.14554763110999e-05
HHS Region 7,1 wk ahead,Bin,percent,8.4,8.5,2.14554763110999e-05
HHS Region 7,1 wk ahead,Bin,percent,8.5,8.6,2.14554763110999e-05
HHS Region 7,1 wk ahead,Bin,percent,8.6,8.7,2.14554763110999e-05
HHS Region 7,1 wk ahead,Bin,percent,8.7,8.8,2.14554763110999e-05
HHS Region 7,1 wk ahead,Bin,percent,8.8,8.9,2.14554763110999e-05
HHS Region 7,1 wk ahead,Bin,percent,8.9,9.0,2.14554763110999e-05
HHS Region 7,1 wk ahead,Bin,percent,9.0,9.1,2.14554763110999e-05
HHS Region 7,1 wk ahead,Bin,percent,9.1,9.2,2.14554763110999e-05
HHS Region 7,1 wk ahead,Bin,percent,9.2,9.3,2.14554763110999e-05
HHS Region 7,1 wk ahead,Bin,percent,9.3,9.4,2.14554763110999e-05
HHS Region 7,1 wk ahead,Bin,percent,9.4,9.5,2.14554763110999e-05
HHS Region 7,1 wk ahead,Bin,percent,9.5,9.6,2.14554763110999e-05
HHS Region 7,1 wk ahead,Bin,percent,9.6,9.7,2.14554763110999e-05
HHS Region 7,1 wk ahead,Bin,percent,9.7,9.8,0.000819588420485631
HHS Region 7,1 wk ahead,Bin,percent,9.8,9.9,2.14554763110999e-05
HHS Region 7,1 wk ahead,Bin,percent,9.9,10.0,2.14554763110999e-05
HHS Region 7,1 wk ahead,Bin,percent,10.0,10.1,2.14554763110999e-05
HHS Region 7,1 wk ahead,Bin,percent,10.1,10.2,2.14554763110999e-05
HHS Region 7,1 wk ahead,Bin,percent,10.2,10.3,2.14554763110999e-05
HHS Region 7,1 wk ahead,Bin,percent,10.3,10.4,0.000819588420485631
HHS Region 7,1 wk ahead,Bin,percent,10.4,10.5,2.14554763110999e-05
HHS Region 7,1 wk ahead,Bin,percent,10.5,10.6,2.14554763110999e-05
HHS Region 7,1 wk ahead,Bin,percent,10.6,10.7,2.14554763110999e-05
HHS Region 7,1 wk ahead,Bin,percent,10.7,10.8,2.14554763110999e-05
HHS Region 7,1 wk ahead,Bin,percent,10.8,10.9,2.14554763110999e-05
HHS Region 7,1 wk ahead,Bin,percent,10.9,11.0,2.14554763110999e-05
HHS Region 7,1 wk ahead,Bin,percent,11.0,11.1,2.14554763110999e-05
HHS Region 7,1 wk ahead,Bin,percent,11.1,11.2,2.14554763110999e-05
HHS Region 7,1 wk ahead,Bin,percent,11.2,11.3,2.14554763110999e-05
HHS Region 7,1 wk ahead,Bin,percent,11.3,11.4,2.14554763110999e-05
HHS Region 7,1 wk ahead,Bin,percent,11.4,11.5,2.14554763110999e-05
HHS Region 7,1 wk ahead,Bin,percent,11.5,11.6,2.14554763110999e-05
HHS Region 7,1 wk ahead,Bin,percent,11.6,11.7,2.14554763110999e-05
HHS Region 7,1 wk ahead,Bin,percent,11.7,11.8,2.14554763110999e-05
HHS Region 7,1 wk ahead,Bin,percent,11.8,11.9,2.14554763110999e-05
HHS Region 7,1 wk ahead,Bin,percent,11.9,12.0,2.14554763110999e-05
HHS Region 7,1 wk ahead,Bin,percent,12.0,12.1,2.14554763110999e-05
HHS Region 7,1 wk ahead,Bin,percent,12.1,12.2,2.14554763110999e-05
HHS Region 7,1 wk ahead,Bin,percent,12.2,12.3,2.14554763110999e-05
HHS Region 7,1 wk ahead,Bin,percent,12.3,12.4,2.14554763110999e-05
HHS Region 7,1 wk ahead,Bin,percent,12.4,12.5,2.14554763110999e-05
HHS Region 7,1 wk ahead,Bin,percent,12.5,12.6,2.14554763110999e-05
HHS Region 7,1 wk ahead,Bin,percent,12.6,12.7,2.14554763110999e-05
HHS Region 7,1 wk ahead,Bin,percent,12.7,12.8,2.14554763110999e-05
HHS Region 7,1 wk ahead,Bin,percent,12.8,12.9,2.14554763110999e-05
HHS Region 7,1 wk ahead,Bin,percent,12.9,13.0,2.14554763110999e-05
HHS Region 7,1 wk ahead,Bin,percent,13.0,100.0,2.14554763110999e-05
HHS Region 7,2 wk ahead,Bin,percent,0.0,0.1,0.00142727015837163
HHS Region 7,2 wk ahead,Bin,percent,0.1,0.2,0.00424625641020117
HHS Region 7,2 wk ahead,Bin,percent,0.2,0.3,0.00621167415302876
HHS Region 7,2 wk ahead,Bin,percent,0.3,0.4,0.0091506760609858
HHS Region 7,2 wk ahead,Bin,percent,0.4,0.5,0.0143181511730559
HHS Region 7,2 wk ahead,Bin,percent,0.5,0.6,0.0203106850967235
HHS Region 7,2 wk ahead,Bin,percent,0.6,0.7,0.0312324030326514
HHS Region 7,2 wk ahead,Bin,percent,0.7,0.8,0.0340206573731623
HHS Region 7,2 wk ahead,Bin,percent,0.8,0.9,0.0344294234914349
HHS Region 7,2 wk ahead,Bin,percent,0.9,1.0,0.0548050377078267
HHS Region 7,2 wk ahead,Bin,percent,1.0,1.1,0.046655365300236
HHS Region 7,2 wk ahead,Bin,percent,1.1,1.2,0.0555491986589621
HHS Region 7,2 wk ahead,Bin,percent,1.2,1.3,0.0673074151205603
HHS Region 7,2 wk ahead,Bin,percent,1.3,1.4,0.0627021721540051
HHS Region 7,2 wk ahead,Bin,percent,1.4,1.5,0.0643619029812234
HHS Region 7,2 wk ahead,Bin,percent,1.5,1.6,0.0617979662680145
HHS Region 7,2 wk ahead,Bin,percent,1.6,1.7,0.0669072214576204
HHS Region 7,2 wk ahead,Bin,percent,1.7,1.8,0.0584416094274434
HHS Region 7,2 wk ahead,Bin,percent,1.8,1.9,0.0495348549361429
HHS Region 7,2 wk ahead,Bin,percent,1.9,2.0,0.053521141024188
HHS Region 7,2 wk ahead,Bin,percent,2.0,2.1,0.0407510139173955
HHS Region 7,2 wk ahead,Bin,percent,2.1,2.2,0.0343659503639992
HHS Region 7,2 wk ahead,Bin,percent,2.2,2.3,0.0239902220897303
HHS Region 7,2 wk ahead,Bin,percent,2.3,2.4,0.0239902220897303
HHS Region 7,2 wk ahead,Bin,percent,2.4,2.5,0.0136144938154614
HHS Region 7,2 wk ahead,Bin,percent,2.5,2.6,0.0104219620387633
HHS Region 7,2 wk ahead,Bin,percent,2.6,2.7,0.00802756320623971
HHS Region 7,2 wk ahead,Bin,percent,2.7,2.8,0.00643129731789065
HHS Region 7,2 wk ahead,Bin,percent,2.8,2.9,0.00643129731789065
HHS Region 7,2 wk ahead,Bin,percent,2.9,3.0,0.00563316437371611
HHS Region 7,2 wk ahead,Bin,percent,3.0,3.1,0.00483503142954158
HHS Region 7,2 wk ahead,Bin,percent,3.1,3.2,0.00244063259701799
HHS Region 7,2 wk ahead,Bin,percent,3.2,3.3,0.00164249965284346
HHS Region 7,2 wk ahead,Bin,percent,3.3,3.4,0.000844366708668928
HHS Region 7,2 wk ahead,Bin,percent,3.4,3.5,0.00164249965284346
HHS Region 7,2 wk ahead,Bin,percent,3.5,3.6,4.62337644943972e-05
HHS Region 7,2 wk ahead,Bin,percent,3.6,3.7,0.00164249965284346
HHS Region 7,2 wk ahead,Bin,percent,3.7,3.8,0.00164249965284346
HHS Region 7,2 wk ahead,Bin,percent,3.8,3.9,0.00244063259701799
HHS Region 7,2 wk ahead,Bin,percent,3.9,4.0,4.62337644943972e-05
HHS Region 7,2 wk ahead,Bin,percent,4.0,4.1,4.62337644943972e-05
HHS Region 7,2 wk ahead,Bin,percent,4.1,4.2,0.00164249965284346
HHS Region 7,2 wk ahead,Bin,percent,4.2,4.3,4.62337644943972e-05
HHS Region 7,2 wk ahead,Bin,percent,4.3,4.4,4.62337644943972e-05
HHS Region 7,2 wk ahead,Bin,percent,4.4,4.5,0.000844366708668928
HHS Region 7,2 wk ahead,Bin,percent,4.5,4.6,0.00244063259701799
HHS Region 7,2 wk ahead,Bin,percent,4.6,4.7,4.62337644943972e-05
HHS Region 7,2 wk ahead,Bin,percent,4.7,4.8,4.62337644943972e-05
HHS Region 7,2 wk ahead,Bin,percent,4.8,4.9,4.62337644943972e-05
HHS Region 7,2 wk ahead,Bin,percent,4.9,5.0,4.62337644943972e-05
HHS Region 7,2 wk ahead,Bin,percent,5.0,5.1,4.62337644943972e-05
HHS Region 7,2 wk ahead,Bin,percent,5.1,5.2,4.62337644943972e-05
HHS Region 7,2 wk ahead,Bin,percent,5.2,5.3,4.62337644943972e-05
HHS Region 7,2 wk ahead,Bin,percent,5.3,5.4,0.000844366708668928
HHS Region 7,2 wk ahead,Bin,percent,5.4,5.5,4.62337644943972e-05
HHS Region 7,2 wk ahead,Bin,percent,5.5,5.6,4.62337644943972e-05
HHS Region 7,2 wk ahead,Bin,percent,5.6,5.7,4.62337644943972e-05
HHS Region 7,2 wk ahead,Bin,percent,5.7,5.8,4.62337644943972e-05
HHS Region 7,2 wk ahead,Bin,percent,5.8,5.9,4.62337644943972e-05
HHS Region 7,2 wk ahead,Bin,percent,5.9,6.0,4.62337644943972e-05
HHS Region 7,2 wk ahead,Bin,percent,6.0,6.1,4.62337644943972e-05
HHS Region 7,2 wk ahead,Bin,percent,6.1,6.2,4.62337644943972e-05
HHS Region 7,2 wk ahead,Bin,percent,6.2,6.3,4.62337644943972e-05
HHS Region 7,2 wk ahead,Bin,percent,6.3,6.4,4.62337644943972e-05
HHS Region 7,2 wk ahead,Bin,percent,6.4,6.5,4.62337644943972e-05
HHS Region 7,2 wk ahead,Bin,percent,6.5,6.6,0.000844366708668928
HHS Region 7,2 wk ahead,Bin,percent,6.6,6.7,4.62337644943972e-05
HHS Region 7,2 wk ahead,Bin,percent,6.7,6.8,4.62337644943972e-05
HHS Region 7,2 wk ahead,Bin,percent,6.8,6.9,4.62337644943972e-05
HHS Region 7,2 wk ahead,Bin,percent,6.9,7.0,4.62337644943972e-05
HHS Region 7,2 wk ahead,Bin,percent,7.0,7.1,0.000844366708668928
HHS Region 7,2 wk ahead,Bin,percent,7.1,7.2,4.62337644943972e-05
HHS Region 7,2 wk ahead,Bin,percent,7.2,7.3,4.62337644943972e-05
HHS Region 7,2 wk ahead,Bin,percent,7.3,7.4,0.000844366708668928
HHS Region 7,2 wk ahead,Bin,percent,7.4,7.5,4.62337644943972e-05
HHS Region 7,2 wk ahead,Bin,percent,7.5,7.6,4.62337644943972e-05
HHS Region 7,2 wk ahead,Bin,percent,7.6,7.7,4.62337644943972e-05
HHS Region 7,2 wk ahead,Bin,percent,7.7,7.8,4.62337644943972e-05
HHS Region 7,2 wk ahead,Bin,percent,7.8,7.9,4.62337644943972e-05
HHS Region 7,2 wk ahead,Bin,percent,7.9,8.0,4.62337644943972e-05
HHS Region 7,2 wk ahead,Bin,percent,8.0,8.1,4.62337644943976e-05
HHS Region 7,2 wk ahead,Bin,percent,8.1,8.2,4.6233764494398e-05
HHS Region 7,2 wk ahead,Bin,percent,8.2,8.3,4.6233764494398e-05
HHS Region 7,2 wk ahead,Bin,percent,8.3,8.4,4.6233764494398e-05
HHS Region 7,2 wk ahead,Bin,percent,8.4,8.5,4.6233764494398e-05
HHS Region 7,2 wk ahead,Bin,percent,8.5,8.6,4.6233764494398e-05
HHS Region 7,2 wk ahead,Bin,percent,8.6,8.7,4.6233764494398e-05
HHS Region 7,2 wk ahead,Bin,percent,8.7,8.8,4.6233764494398e-05
HHS Region 7,2 wk ahead,Bin,percent,8.8,8.9,4.6233764494398e-05
HHS Region 7,2 wk ahead,Bin,percent,8.9,9.0,4.6233764494398e-05
HHS Region 7,2 wk ahead,Bin,percent,9.0,9.1,4.6233764494398e-05
HHS Region 7,2 wk ahead,Bin,percent,9.1,9.2,4.6233764494398e-05
HHS Region 7,2 wk ahead,Bin,percent,9.2,9.3,4.6233764494398e-05
HHS Region 7,2 wk ahead,Bin,percent,9.3,9.4,4.6233764494398e-05
HHS Region 7,2 wk ahead,Bin,percent,9.4,9.5,4.6233764494398e-05
HHS Region 7,2 wk ahead,Bin,percent,9.5,9.6,4.6233764494398e-05
HHS Region 7,2 wk ahead,Bin,percent,9.6,9.7,4.6233764494398e-05
HHS Region 7,2 wk ahead,Bin,percent,9.7,9.8,4.6233764494398e-05
HHS Region 7,2 wk ahead,Bin,percent,9.8,9.9,4.6233764494398e-05
HHS Region 7,2 wk ahead,Bin,percent,9.9,10.0,4.6233764494398e-05
HHS Region 7,2 wk ahead,Bin,percent,10.0,10.1,4.6233764494398e-05
HHS Region 7,2 wk ahead,Bin,percent,10.1,10.2,4.6233764494398e-05
HHS Region 7,2 wk ahead,Bin,percent,10.2,10.3,4.6233764494398e-05
HHS Region 7,2 wk ahead,Bin,percent,10.3,10.4,4.6233764494398e-05
HHS Region 7,2 wk ahead,Bin,percent,10.4,10.5,4.6233764494398e-05
HHS Region 7,2 wk ahead,Bin,percent,10.5,10.6,4.6233764494398e-05
HHS Region 7,2 wk ahead,Bin,percent,10.6,10.7,4.6233764494398e-05
HHS Region 7,2 wk ahead,Bin,percent,10.7,10.8,4.6233764494398e-05
HHS Region 7,2 wk ahead,Bin,percent,10.8,10.9,4.6233764494398e-05
HHS Region 7,2 wk ahead,Bin,percent,10.9,11.0,4.6233764494398e-05
HHS Region 7,2 wk ahead,Bin,percent,11.0,11.1,4.6233764494398e-05
HHS Region 7,2 wk ahead,Bin,percent,11.1,11.2,4.6233764494398e-05
HHS Region 7,2 wk ahead,Bin,percent,11.2,11.3,4.6233764494398e-05
HHS Region 7,2 wk ahead,Bin,percent,11.3,11.4,4.6233764494398e-05
HHS Region 7,2 wk ahead,Bin,percent,11.4,11.5,4.6233764494398e-05
HHS Region 7,2 wk ahead,Bin,percent,11.5,11.6,4.6233764494398e-05
HHS Region 7,2 wk ahead,Bin,percent,11.6,11.7,4.6233764494398e-05
HHS Region 7,2 wk ahead,Bin,percent,11.7,11.8,4.6233764494398e-05
HHS Region 7,2 wk ahead,Bin,percent,11.8,11.9,4.6233764494398e-05
HHS Region 7,2 wk ahead,Bin,percent,11.9,12.0,4.6233764494398e-05
HHS Region 7,2 wk ahead,Bin,percent,12.0,12.1,4.6233764494398e-05
HHS Region 7,2 wk ahead,Bin,percent,12.1,12.2,4.6233764494398e-05
HHS Region 7,2 wk ahead,Bin,percent,12.2,12.3,4.6233764494398e-05
HHS Region 7,2 wk ahead,Bin,percent,12.3,12.4,4.6233764494398e-05
HHS Region 7,2 wk ahead,Bin,percent,12.4,12.5,4.6233764494398e-05
HHS Region 7,2 wk ahead,Bin,percent,12.5,12.6,4.6233764494398e-05
HHS Region 7,2 wk ahead,Bin,percent,12.6,12.7,4.6233764494398e-05
HHS Region 7,2 wk ahead,Bin,percent,12.7,12.8,4.6233764494398e-05
HHS Region 7,2 wk ahead,Bin,percent,12.8,12.9,4.6233764494398e-05
HHS Region 7,2 wk ahead,Bin,percent,12.9,13.0,4.6233764494398e-05
HHS Region 7,2 wk ahead,Bin,percent,13.0,100.0,4.6233764494398e-05
HHS Region 7,3 wk ahead,Bin,percent,0.0,0.1,0.00196554748896117
HHS Region 7,3 wk ahead,Bin,percent,0.1,0.2,0.00543850740853437
HHS Region 7,3 wk ahead,Bin,percent,0.2,0.3,0.00864448103727297
HHS Region 7,3 wk ahead,Bin,percent,0.3,0.4,0.0102738751177984
HHS Region 7,3 wk ahead,Bin,percent,0.4,0.5,0.0174971692912862
HHS Region 7,3 wk ahead,Bin,percent,0.5,0.6,0.0298338615683203
HHS Region 7,3 wk ahead,Bin,percent,0.6,0.7,0.0348537189572035
HHS Region 7,3 wk ahead,Bin,percent,0.7,0.8,0.0671389097320085
HHS Region 7,3 wk ahead,Bin,percent,0.8,0.9,0.0666553779961727
HHS Region 7,3 wk ahead,Bin,percent,0.9,1.0,0.102053007596112
HHS Region 7,3 wk ahead,Bin,percent,1.0,1.1,0.0918583902379221
HHS Region 7,3 wk ahead,Bin,percent,1.1,1.2,0.0827960837766524
HHS Region 7,3 wk ahead,Bin,percent,1.2,1.3,0.0611866505233978
HHS Region 7,3 wk ahead,Bin,percent,1.3,1.4,0.0670958635570618
HHS Region 7,3 wk ahead,Bin,percent,1.4,1.5,0.0665314858601999
HHS Region 7,3 wk ahead,Bin,percent,1.5,1.6,0.0511354281101962
HHS Region 7,3 wk ahead,Bin,percent,1.6,1.7,0.0455455559637118
HHS Region 7,3 wk ahead,Bin,percent,1.7,1.8,0.0399586253544901
HHS Region 7,3 wk ahead,Bin,percent,1.8,1.9,0.0359679606336174
HHS Region 7,3 wk ahead,Bin,percent,1.9,2.0,0.0176109029176032
HHS Region 7,3 wk ahead,Bin,percent,2.0,2.1,0.0192071688059523
HHS Region 7,3 wk ahead,Bin,percent,2.1,2.2,0.0136202381967306
HHS Region 7,3 wk ahead,Bin,percent,2.2,2.3,0.0128221052525561
HHS Region 7,3 wk ahead,Bin,percent,2.3,2.4,0.00962957347585793
HHS Region 7,3 wk ahead,Bin,percent,2.4,2.5,0.00723517464333433
HHS Region 7,3 wk ahead,Bin,percent,2.5,2.6,0.00404264286663621
HHS Region 7,3 wk ahead,Bin,percent,2.6,2.7,0.00244637697828715
HHS Region 7,3 wk ahead,Bin,percent,2.7,2.8,0.00803330758750886
HHS Region 7,3 wk ahead,Bin,percent,2.8,2.9,0.00324450992246168
HHS Region 7,3 wk ahead,Bin,percent,2.9,3.0,0.000850111089938087
HHS Region 7,3 wk ahead,Bin,percent,3.0,3.1,0.00244637697828715
HHS Region 7,3 wk ahead,Bin,percent,3.1,3.2,0.00164824403411262
HHS Region 7,3 wk ahead,Bin,percent,3.2,3.3,0.000850111089938087
HHS Region 7,3 wk ahead,Bin,percent,3.3,3.4,0.00244637697828715
HHS Region 7,3 wk ahead,Bin,percent,3.4,3.5,0.000850111089938087
HHS Region 7,3 wk ahead,Bin,percent,3.5,3.6,5.19781457635556e-05
HHS Region 7,3 wk ahead,Bin,percent,3.6,3.7,5.19781457635556e-05
HHS Region 7,3 wk ahead,Bin,percent,3.7,3.8,5.19781457635556e-05
HHS Region 7,3 wk ahead,Bin,percent,3.8,3.9,0.000850111089938087
HHS Region 7,3 wk ahead,Bin,percent,3.9,4.0,0.000850111089938087
HHS Region 7,3 wk ahead,Bin,percent,4.0,4.1,5.19781457635556e-05
HHS Region 7,3 wk ahead,Bin,percent,4.1,4.2,5.19781457635556e-05
HHS Region 7,3 wk ahead,Bin,percent,4.2,4.3,5.19781457635556e-05
HHS Region 7,3 wk ahead,Bin,percent,4.3,4.4,5.19781457635556e-05
HHS Region 7,3 wk ahead,Bin,percent,4.4,4.5,5.19781457635556e-05
HHS Region 7,3 wk ahead,Bin,percent,4.5,4.6,5.19781457635556e-05
HHS Region 7,3 wk ahead,Bin,percent,4.6,4.7,5.19781457635556e-05
HHS Region 7,3 wk ahead,Bin,percent,4.7,4.8,5.19781457635556e-05
HHS Region 7,3 wk ahead,Bin,percent,4.8,4.9,5.19781457635556e-05
HHS Region 7,3 wk ahead,Bin,percent,4.9,5.0,5.19781457635556e-05
HHS Region 7,3 wk ahead,Bin,percent,5.0,5.1,5.19781457635556e-05
HHS Region 7,3 wk ahead,Bin,percent,5.1,5.2,5.19781457635556e-05
HHS Region 7,3 wk ahead,Bin,percent,5.2,5.3,5.19781457635556e-05
HHS Region 7,3 wk ahead,Bin,percent,5.3,5.4,5.19781457635556e-05
HHS Region 7,3 wk ahead,Bin,percent,5.4,5.5,5.19781457635556e-05
HHS Region 7,3 wk ahead,Bin,percent,5.5,5.6,5.19781457635556e-05
HHS Region 7,3 wk ahead,Bin,percent,5.6,5.7,5.19781457635556e-05
HHS Region 7,3 wk ahead,Bin,percent,5.7,5.8,5.19781457635556e-05
HHS Region 7,3 wk ahead,Bin,percent,5.8,5.9,5.19781457635556e-05
HHS Region 7,3 wk ahead,Bin,percent,5.9,6.0,5.19781457635556e-05
HHS Region 7,3 wk ahead,Bin,percent,6.0,6.1,5.19781457635556e-05
HHS Region 7,3 wk ahead,Bin,percent,6.1,6.2,5.19781457635556e-05
HHS Region 7,3 wk ahead,Bin,percent,6.2,6.3,5.19781457635556e-05
HHS Region 7,3 wk ahead,Bin,percent,6.3,6.4,5.19781457635556e-05
HHS Region 7,3 wk ahead,Bin,percent,6.4,6.5,5.19781457635556e-05
HHS Region 7,3 wk ahead,Bin,percent,6.5,6.6,5.19781457635556e-05
HHS Region 7,3 wk ahead,Bin,percent,6.6,6.7,5.19781457635556e-05
HHS Region 7,3 wk ahead,Bin,percent,6.7,6.8,5.19781457635556e-05
HHS Region 7,3 wk ahead,Bin,percent,6.8,6.9,5.19781457635556e-05
HHS Region 7,3 wk ahead,Bin,percent,6.9,7.0,5.19781457635556e-05
HHS Region 7,3 wk ahead,Bin,percent,7.0,7.1,5.19781457635556e-05
HHS Region 7,3 wk ahead,Bin,percent,7.1,7.2,5.19781457635556e-05
HHS Region 7,3 wk ahead,Bin,percent,7.2,7.3,5.19781457635556e-05
HHS Region 7,3 wk ahead,Bin,percent,7.3,7.4,5.19781457635556e-05
HHS Region 7,3 wk ahead,Bin,percent,7.4,7.5,5.19781457635556e-05
HHS Region 7,3 wk ahead,Bin,percent,7.5,7.6,5.19781457635556e-05
HHS Region 7,3 wk ahead,Bin,percent,7.6,7.7,5.19781457635556e-05
HHS Region 7,3 wk ahead,Bin,percent,7.7,7.8,5.19781457635556e-05
HHS Region 7,3 wk ahead,Bin,percent,7.8,7.9,5.19781457635556e-05
HHS Region 7,3 wk ahead,Bin,percent,7.9,8.0,5.19781457635556e-05
HHS Region 7,3 wk ahead,Bin,percent,8.0,8.1,5.1978145763556e-05
HHS Region 7,3 wk ahead,Bin,percent,8.1,8.2,5.19781457635565e-05
HHS Region 7,3 wk ahead,Bin,percent,8.2,8.3,5.19781457635565e-05
HHS Region 7,3 wk ahead,Bin,percent,8.3,8.4,5.19781457635565e-05
HHS Region 7,3 wk ahead,Bin,percent,8.4,8.5,5.19781457635565e-05
HHS Region 7,3 wk ahead,Bin,percent,8.5,8.6,5.19781457635565e-05
HHS Region 7,3 wk ahead,Bin,percent,8.6,8.7,5.19781457635565e-05
HHS Region 7,3 wk ahead,Bin,percent,8.7,8.8,5.19781457635565e-05
HHS Region 7,3 wk ahead,Bin,percent,8.8,8.9,5.19781457635565e-05
HHS Region 7,3 wk ahead,Bin,percent,8.9,9.0,5.19781457635565e-05
HHS Region 7,3 wk ahead,Bin,percent,9.0,9.1,5.19781457635565e-05
HHS Region 7,3 wk ahead,Bin,percent,9.1,9.2,5.19781457635565e-05
HHS Region 7,3 wk ahead,Bin,percent,9.2,9.3,5.19781457635565e-05
HHS Region 7,3 wk ahead,Bin,percent,9.3,9.4,5.19781457635565e-05
HHS Region 7,3 wk ahead,Bin,percent,9.4,9.5,5.19781457635565e-05
HHS Region 7,3 wk ahead,Bin,percent,9.5,9.6,5.19781457635565e-05
HHS Region 7,3 wk ahead,Bin,percent,9.6,9.7,5.19781457635565e-05
HHS Region 7,3 wk ahead,Bin,percent,9.7,9.8,5.19781457635565e-05
HHS Region 7,3 wk ahead,Bin,percent,9.8,9.9,5.19781457635565e-05
HHS Region 7,3 wk ahead,Bin,percent,9.9,10.0,5.19781457635565e-05
HHS Region 7,3 wk ahead,Bin,percent,10.0,10.1,5.19781457635565e-05
HHS Region 7,3 wk ahead,Bin,percent,10.1,10.2,5.19781457635565e-05
HHS Region 7,3 wk ahead,Bin,percent,10.2,10.3,5.19781457635565e-05
HHS Region 7,3 wk ahead,Bin,percent,10.3,10.4,5.19781457635565e-05
HHS Region 7,3 wk ahead,Bin,percent,10.4,10.5,5.19781457635565e-05
HHS Region 7,3 wk ahead,Bin,percent,10.5,10.6,5.19781457635565e-05
HHS Region 7,3 wk ahead,Bin,percent,10.6,10.7,5.19781457635565e-05
HHS Region 7,3 wk ahead,Bin,percent,10.7,10.8,5.19781457635565e-05
HHS Region 7,3 wk ahead,Bin,percent,10.8,10.9,5.19781457635565e-05
HHS Region 7,3 wk ahead,Bin,percent,10.9,11.0,5.19781457635565e-05
HHS Region 7,3 wk ahead,Bin,percent,11.0,11.1,5.19781457635565e-05
HHS Region 7,3 wk ahead,Bin,percent,11.1,11.2,5.19781457635565e-05
HHS Region 7,3 wk ahead,Bin,percent,11.2,11.3,5.19781457635565e-05
HHS Region 7,3 wk ahead,Bin,percent,11.3,11.4,5.19781457635565e-05
HHS Region 7,3 wk ahead,Bin,percent,11.4,11.5,5.19781457635565e-05
HHS Region 7,3 wk ahead,Bin,percent,11.5,11.6,5.19781457635565e-05
HHS Region 7,3 wk ahead,Bin,percent,11.6,11.7,5.19781457635565e-05
HHS Region 7,3 wk ahead,Bin,percent,11.7,11.8,5.19781457635565e-05
HHS Region 7,3 wk ahead,Bin,percent,11.8,11.9,5.19781457635565e-05
HHS Region 7,3 wk ahead,Bin,percent,11.9,12.0,5.19781457635565e-05
HHS Region 7,3 wk ahead,Bin,percent,12.0,12.1,5.19781457635565e-05
HHS Region 7,3 wk ahead,Bin,percent,12.1,12.2,5.19781457635565e-05
HHS Region 7,3 wk ahead,Bin,percent,12.2,12.3,5.19781457635565e-05
HHS Region 7,3 wk ahead,Bin,percent,12.3,12.4,5.19781457635565e-05
HHS Region 7,3 wk ahead,Bin,percent,12.4,12.5,5.19781457635565e-05
HHS Region 7,3 wk ahead,Bin,percent,12.5,12.6,5.19781457635565e-05
HHS Region 7,3 wk ahead,Bin,percent,12.6,12.7,5.19781457635565e-05
HHS Region 7,3 wk ahead,Bin,percent,12.7,12.8,5.19781457635565e-05
HHS Region 7,3 wk ahead,Bin,percent,12.8,12.9,5.19781457635565e-05
HHS Region 7,3 wk ahead,Bin,percent,12.9,13.0,5.19781457635565e-05
HHS Region 7,3 wk ahead,Bin,percent,13.0,100.0,5.19781457635565e-05
HHS Region 7,4 wk ahead,Bin,percent,0.0,0.1,7.63467278742221e-05
HHS Region 7,4 wk ahead,Bin,percent,0.1,0.2,0.00100016372250629
HHS Region 7,4 wk ahead,Bin,percent,0.2,0.3,0.00656257157374183
HHS Region 7,4 wk ahead,Bin,percent,0.3,0.4,0.0241163918046617
HHS Region 7,4 wk ahead,Bin,percent,0.4,0.5,0.0423761298274386
HHS Region 7,4 wk ahead,Bin,percent,0.5,0.6,0.0672323976424815
HHS Region 7,4 wk ahead,Bin,percent,0.6,0.7,0.0909116875070886
HHS Region 7,4 wk ahead,Bin,percent,0.7,0.8,0.087140802811548
HHS Region 7,4 wk ahead,Bin,percent,0.8,0.9,0.125240803119105
HHS Region 7,4 wk ahead,Bin,percent,0.9,1.0,0.109696824400996
HHS Region 7,4 wk ahead,Bin,percent,1.0,1.1,0.103575136303225
HHS Region 7,4 wk ahead,Bin,percent,1.1,1.2,0.0793750202332989
HHS Region 7,4 wk ahead,Bin,percent,1.2,1.3,0.0675802679520394
HHS Region 7,4 wk ahead,Bin,percent,1.3,1.4,0.0410830347039118
HHS Region 7,4 wk ahead,Bin,percent,1.4,1.5,0.0383631231673172
HHS Region 7,4 wk ahead,Bin,percent,1.5,1.6,0.0263860332974723
HHS Region 7,4 wk ahead,Bin,percent,1.6,1.7,0.0215972356324251
HHS Region 7,4 wk ahead,Bin,percent,1.7,1.8,0.0168084379673779
HHS Region 7,4 wk ahead,Bin,percent,1.8,1.9,0.0112215073581562
HHS Region 7,4 wk ahead,Bin,percent,1.9,2.0,0.00483644380475995
HHS Region 7,4 wk ahead,Bin,percent,2.0,2.1,0.00643270969310901
HHS Region 7,4 wk ahead,Bin,percent,2.1,2.2,0.00723084263728354
HHS Region 7,4 wk ahead,Bin,percent,2.2,2.3,0.00483644380475995
HHS Region 7,4 wk ahead,Bin,percent,2.3,2.4,0.00164391202806182
HHS Region 7,4 wk ahead,Bin,percent,2.4,2.5,4.76461397127631e-05
HHS Region 7,4 wk ahead,Bin,percent,2.5,2.6,0.00403831086058542
HHS Region 7,4 wk ahead,Bin,percent,2.6,2.7,0.00164391202806182
HHS Region 7,4 wk ahead,Bin,percent,2.7,2.8,4.76461397127631e-05
HHS Region 7,4 wk ahead,Bin,percent,2.8,2.9,0.000845779083887294
HHS Region 7,4 wk ahead,Bin,percent,2.9,3.0,4.76461397127631e-05
HHS Region 7,4 wk ahead,Bin,percent,3.0,3.1,4.76461397127631e-05
HHS Region 7,4 wk ahead,Bin,percent,3.1,3.2,4.76461397127631e-05
HHS Region 7,4 wk ahead,Bin,percent,3.2,3.3,4.76461397127631e-05
HHS Region 7,4 wk ahead,Bin,percent,3.3,3.4,4.76461397127631e-05
HHS Region 7,4 wk ahead,Bin,percent,3.4,3.5,0.000845779083887294
HHS Region 7,4 wk ahead,Bin,percent,3.5,3.6,0.000845779083887294
HHS Region 7,4 wk ahead,Bin,percent,3.6,3.7,0.000845779083887294
HHS Region 7,4 wk ahead,Bin,percent,3.7,3.8,4.76461397127631e-05
HHS Region 7,4 wk ahead,Bin,percent,3.8,3.9,4.76461397127631e-05
HHS Region 7,4 wk ahead,Bin,percent,3.9,4.0,4.76461397127631e-05
HHS Region 7,4 wk ahead,Bin,percent,4.0,4.1,0.000845779083887294
HHS Region 7,4 wk ahead,Bin,percent,4.1,4.2,4.76461397127631e-05
HHS Region 7,4 wk ahead,Bin,percent,4.2,4.3,4.76461397127631e-05
HHS Region 7,4 wk ahead,Bin,percent,4.3,4.4,4.76461397127631e-05
HHS Region 7,4 wk ahead,Bin,percent,4.4,4.5,4.76461397127631e-05
HHS Region 7,4 wk ahead,Bin,percent,4.5,4.6,4.76461397127631e-05
HHS Region 7,4 wk ahead,Bin,percent,4.6,4.7,4.76461397127631e-05
HHS Region 7,4 wk ahead,Bin,percent,4.7,4.8,4.76461397127631e-05
HHS Region 7,4 wk ahead,Bin,percent,4.8,4.9,4.76461397127631e-05
HHS Region 7,4 wk ahead,Bin,percent,4.9,5.0,4.76461397127631e-05
HHS Region 7,4 wk ahead,Bin,percent,5.0,5.1,4.76461397127631e-05
HHS Region 7,4 wk ahead,Bin,percent,5.1,5.2,4.76461397127631e-05
HHS Region 7,4 wk ahead,Bin,percent,5.2,5.3,4.76461397127631e-05
HHS Region 7,4 wk ahead,Bin,percent,5.3,5.4,4.76461397127631e-05
HHS Region 7,4 wk ahead,Bin,percent,5.4,5.5,4.76461397127631e-05
HHS Region 7,4 wk ahead,Bin,percent,5.5,5.6,4.76461397127631e-05
HHS Region 7,4 wk ahead,Bin,percent,5.6,5.7,4.76461397127631e-05
HHS Region 7,4 wk ahead,Bin,percent,5.7,5.8,4.76461397127631e-05
HHS Region 7,4 wk ahead,Bin,percent,5.8,5.9,4.76461397127631e-05
HHS Region 7,4 wk ahead,Bin,percent,5.9,6.0,4.76461397127631e-05
HHS Region 7,4 wk ahead,Bin,percent,6.0,6.1,4.76461397127631e-05
HHS Region 7,4 wk ahead,Bin,percent,6.1,6.2,4.76461397127631e-05
HHS Region 7,4 wk ahead,Bin,percent,6.2,6.3,4.76461397127631e-05
HHS Region 7,4 wk ahead,Bin,percent,6.3,6.4,4.76461397127631e-05
HHS Region 7,4 wk ahead,Bin,percent,6.4,6.5,4.76461397127631e-05
HHS Region 7,4 wk ahead,Bin,percent,6.5,6.6,4.76461397127631e-05
HHS Region 7,4 wk ahead,Bin,percent,6.6,6.7,4.76461397127631e-05
HHS Region 7,4 wk ahead,Bin,percent,6.7,6.8,4.76461397127631e-05
HHS Region 7,4 wk ahead,Bin,percent,6.8,6.9,4.76461397127631e-05
HHS Region 7,4 wk ahead,Bin,percent,6.9,7.0,4.76461397127631e-05
HHS Region 7,4 wk ahead,Bin,percent,7.0,7.1,4.76461397127631e-05
HHS Region 7,4 wk ahead,Bin,percent,7.1,7.2,4.76461397127631e-05
HHS Region 7,4 wk ahead,Bin,percent,7.2,7.3,4.76461397127631e-05
HHS Region 7,4 wk ahead,Bin,percent,7.3,7.4,4.76461397127631e-05
HHS Region 7,4 wk ahead,Bin,percent,7.4,7.5,4.76461397127631e-05
HHS Region 7,4 wk ahead,Bin,percent,7.5,7.6,4.76461397127631e-05
HHS Region 7,4 wk ahead,Bin,percent,7.6,7.7,4.76461397127631e-05
HHS Region 7,4 wk ahead,Bin,percent,7.7,7.8,4.76461397127631e-05
HHS Region 7,4 wk ahead,Bin,percent,7.8,7.9,4.76461397127631e-05
HHS Region 7,4 wk ahead,Bin,percent,7.9,8.0,4.76461397127631e-05
HHS Region 7,4 wk ahead,Bin,percent,8.0,8.1,4.76461397127635e-05
HHS Region 7,4 wk ahead,Bin,percent,8.1,8.2,4.76461397127639e-05
HHS Region 7,4 wk ahead,Bin,percent,8.2,8.3,4.76461397127639e-05
HHS Region 7,4 wk ahead,Bin,percent,8.3,8.4,4.76461397127639e-05
HHS Region 7,4 wk ahead,Bin,percent,8.4,8.5,4.76461397127639e-05
HHS Region 7,4 wk ahead,Bin,percent,8.5,8.6,4.76461397127639e-05
HHS Region 7,4 wk ahead,Bin,percent,8.6,8.7,4.76461397127639e-05
HHS Region 7,4 wk ahead,Bin,percent,8.7,8.8,4.76461397127639e-05
HHS Region 7,4 wk ahead,Bin,percent,8.8,8.9,4.76461397127639e-05
HHS Region 7,4 wk ahead,Bin,percent,8.9,9.0,4.76461397127639e-05
HHS Region 7,4 wk ahead,Bin,percent,9.0,9.1,4.76461397127639e-05
HHS Region 7,4 wk ahead,Bin,percent,9.1,9.2,4.76461397127639e-05
HHS Region 7,4 wk ahead,Bin,percent,9.2,9.3,4.76461397127639e-05
HHS Region 7,4 wk ahead,Bin,percent,9.3,9.4,4.76461397127639e-05
HHS Region 7,4 wk ahead,Bin,percent,9.4,9.5,4.76461397127639e-05
HHS Region 7,4 wk ahead,Bin,percent,9.5,9.6,4.76461397127639e-05
HHS Region 7,4 wk ahead,Bin,percent,9.6,9.7,4.76461397127639e-05
HHS Region 7,4 wk ahead,Bin,percent,9.7,9.8,4.76461397127639e-05
HHS Region 7,4 wk ahead,Bin,percent,9.8,9.9,4.76461397127639e-05
HHS Region 7,4 wk ahead,Bin,percent,9.9,10.0,4.76461397127639e-05
HHS Region 7,4 wk ahead,Bin,percent,10.0,10.1,4.76461397127639e-05
HHS Region 7,4 wk ahead,Bin,percent,10.1,10.2,4.76461397127639e-05
HHS Region 7,4 wk ahead,Bin,percent,10.2,10.3,4.76461397127639e-05
HHS Region 7,4 wk ahead,Bin,percent,10.3,10.4,4.76461397127639e-05
HHS Region 7,4 wk ahead,Bin,percent,10.4,10.5,4.76461397127639e-05
HHS Region 7,4 wk ahead,Bin,percent,10.5,10.6,4.76461397127639e-05
HHS Region 7,4 wk ahead,Bin,percent,10.6,10.7,4.76461397127639e-05
HHS Region 7,4 wk ahead,Bin,percent,10.7,10.8,4.76461397127639e-05
HHS Region 7,4 wk ahead,Bin,percent,10.8,10.9,4.76461397127639e-05
HHS Region 7,4 wk ahead,Bin,percent,10.9,11.0,4.76461397127639e-05
HHS Region 7,4 wk ahead,Bin,percent,11.0,11.1,4.76461397127639e-05
HHS Region 7,4 wk ahead,Bin,percent,11.1,11.2,4.76461397127639e-05
HHS Region 7,4 wk ahead,Bin,percent,11.2,11.3,4.76461397127639e-05
HHS Region 7,4 wk ahead,Bin,percent,11.3,11.4,4.76461397127639e-05
HHS Region 7,4 wk ahead,Bin,percent,11.4,11.5,4.76461397127639e-05
HHS Region 7,4 wk ahead,Bin,percent,11.5,11.6,4.76461397127639e-05
HHS Region 7,4 wk ahead,Bin,percent,11.6,11.7,4.76461397127639e-05
HHS Region 7,4 wk ahead,Bin,percent,11.7,11.8,4.76461397127639e-05
HHS Region 7,4 wk ahead,Bin,percent,11.8,11.9,4.76461397127639e-05
HHS Region 7,4 wk ahead,Bin,percent,11.9,12.0,4.76461397127639e-05
HHS Region 7,4 wk ahead,Bin,percent,12.0,12.1,4.76461397127639e-05
HHS Region 7,4 wk ahead,Bin,percent,12.1,12.2,4.76461397127639e-05
HHS Region 7,4 wk ahead,Bin,percent,12.2,12.3,4.76461397127639e-05
HHS Region 7,4 wk ahead,Bin,percent,12.3,12.4,4.76461397127639e-05
HHS Region 7,4 wk ahead,Bin,percent,12.4,12.5,4.76461397127639e-05
HHS Region 7,4 wk ahead,Bin,percent,12.5,12.6,4.76461397127639e-05
HHS Region 7,4 wk ahead,Bin,percent,12.6,12.7,4.76461397127639e-05
HHS Region 7,4 wk ahead,Bin,percent,12.7,12.8,4.76461397127639e-05
HHS Region 7,4 wk ahead,Bin,percent,12.8,12.9,4.76461397127639e-05
HHS Region 7,4 wk ahead,Bin,percent,12.9,13.0,4.76461397127639e-05
HHS Region 7,4 wk ahead,Bin,percent,13.0,100.0,4.76461397127639e-05
HHS Region 7,Season onset,Bin,week,40.0,41.0,3.25885205180076e-05
HHS Region 7,Season onset,Bin,week,41.0,42.0,3.2607026491108e-05
HHS Region 7,Season onset,Bin,week,42.0,43.0,8.89421796443996e-05
HHS Region 7,Season onset,Bin,week,43.0,44.0,0.000420894184897333
HHS Region 7,Season onset,Bin,week,44.0,45.0,0.0013978005309746
HHS Region 7,Season onset,Bin,week,45.0,46.0,0.00329176207655466
HHS Region 7,Season onset,Bin,week,46.0,47.0,0.0057550306368749
HHS Region 7,Season onset,Bin,week,47.0,48.0,0.00801918257748068
HHS Region 7,Season onset,Bin,week,48.0,49.0,0.863706320513979
HHS Region 7,Season onset,Bin,week,49.0,50.0,0.0113848568769408
HHS Region 7,Season onset,Bin,week,50.0,51.0,0.0123497271537963
HHS Region 7,Season onset,Bin,week,51.0,52.0,0.0113484850427209
HHS Region 7,Season onset,Bin,week,52.0,53.0,0.00834736677949928
HHS Region 7,Season onset,Bin,week,1.0,2.0,0.00593424160380881
HHS Region 7,Season onset,Bin,week,2.0,3.0,0.00658022901250062
HHS Region 7,Season onset,Bin,week,3.0,4.0,0.00951496995969679
HHS Region 7,Season onset,Bin,week,4.0,5.0,0.0114887944177341
HHS Region 7,Season onset,Bin,week,5.0,6.0,0.0105598864780889
HHS Region 7,Season onset,Bin,week,6.0,7.0,0.00788697518889742
HHS Region 7,Season onset,Bin,week,7.0,8.0,0.00525829417590725
HHS Region 7,Season onset,Bin,week,8.0,9.0,0.00311896218455964
HHS Region 7,Season onset,Bin,week,9.0,10.0,0.00148084072800793
HHS Region 7,Season onset,Bin,week,10.0,11.0,0.000511560951091165
HHS Region 7,Season onset,Bin,week,11.0,12.0,0.000122834316277767
HHS Region 7,Season onset,Bin,week,12.0,13.0,3.67115012558311e-05
HHS Region 7,Season onset,Bin,week,13.0,14.0,3.50934942836071e-05
HHS Region 7,Season onset,Bin,week,14.0,15.0,3.50934942836071e-05
HHS Region 7,Season onset,Bin,week,15.0,16.0,3.50934942836071e-05
HHS Region 7,Season onset,Bin,week,16.0,17.0,3.50934942836071e-05
HHS Region 7,Season onset,Bin,week,17.0,18.0,3.50934942836071e-05
HHS Region 7,Season onset,Bin,week,18.0,19.0,3.50934942836071e-05
HHS Region 7,Season onset,Bin,week,19.0,20.0,3.50934942836071e-05
HHS Region 7,Season onset,Bin,week,20.0,21.0,3.50934942836071e-05
HHS Region 7,Season onset,Bin,week,none,none,0.0110493874275332
HHS Region 7,Season peak percentage,Bin,percent,0.0,0.1,5.54971094727953e-05
HHS Region 7,Season peak percentage,Bin,percent,0.1,0.2,0.000126245620149068
HHS Region 7,Season peak percentage,Bin,percent,0.2,0.3,0.00014894825355619
HHS Region 7,Season peak percentage,Bin,percent,0.3,0.4,0.000174738691560344
HHS Region 7,Season peak percentage,Bin,percent,0.4,0.5,0.000203809222049792
HHS Region 7,Season peak percentage,Bin,percent,0.5,0.6,0.00023638516781149
HHS Region 7,Season peak percentage,Bin,percent,0.6,0.7,0.000272607789726899
HHS Region 7,Season peak percentage,Bin,percent,0.7,0.8,0.000312628765171688
HHS Region 7,Season peak percentage,Bin,percent,0.8,0.9,0.000356567245327047
HHS Region 7,Season peak percentage,Bin,percent,0.9,1.0,0.000404476474953873
HHS Region 7,Season peak percentage,Bin,percent,1.0,1.1,0.000456381744917467
HHS Region 7,Season peak percentage,Bin,percent,1.1,1.2,0.000512228654989962
HHS Region 7,Season peak percentage,Bin,percent,1.2,1.3,0.000571950652021364
HHS Region 7,Season peak percentage,Bin,percent,1.3,1.4,0.000635389304604921
HHS Region 7,Season peak percentage,Bin,percent,1.4,1.5,0.000702351315785782
HHS Region 7,Season peak percentage,Bin,percent,1.5,1.6,0.000772614789794097
HHS Region 7,Season peak percentage,Bin,percent,1.6,1.7,0.000845863349888775
HHS Region 7,Season peak percentage,Bin,percent,1.7,1.8,0.000921784826269558
HHS Region 7,Season peak percentage,Bin,percent,1.8,1.9,0.000999983150872579
HHS Region 7,Season peak percentage,Bin,percent,1.9,2.0,0.00108007293041379
HHS Region 7,Season peak percentage,Bin,percent,2.0,2.1,0.00116163885734767
HHS Region 7,Season peak percentage,Bin,percent,2.1,2.2,0.00124423922630238
HHS Region 7,Season peak percentage,Bin,percent,2.2,2.3,0.00132743154503288
HHS Region 7,Season peak percentage,Bin,percent,2.3,2.4,0.0014107752722364
HHS Region 7,Season peak percentage,Bin,percent,2.4,2.5,0.00149383688796316
HHS Region 7,Season peak percentage,Bin,percent,2.5,2.6,0.0015761938193529
HHS Region 7,Season peak percentage,Bin,percent,2.6,2.7,0.00165743266908572
HHS Region 7,Season peak percentage,Bin,percent,2.7,2.8,0.00173716657883875
HHS Region 7,Season peak percentage,Bin,percent,2.8,2.9,0.00181503545509563
HHS Region 7,Season peak percentage,Bin,percent,2.9,3.0,0.00189067122952616
HHS Region 7,Season peak percentage,Bin,percent,3.0,3.1,0.00196376806150277
HHS Region 7,Season peak percentage,Bin,percent,3.1,3.2,0.00203400346423699
HHS Region 7,Season peak percentage,Bin,percent,3.2,3.3,0.00210108160807866
HHS Region 7,Season peak percentage,Bin,percent,3.3,3.4,0.00216472825656952
HHS Region 7,Season peak percentage,Bin,percent,3.4,3.5,0.00222468097190703
HHS Region 7,Season peak percentage,Bin,percent,3.5,3.6,0.00228071637680374
HHS Region 7,Season peak percentage,Bin,percent,3.6,3.7,0.00233257194808776
HHS Region 7,Season peak percentage,Bin,percent,3.7,3.8,0.0023800478501326
HHS Region 7,Season peak percentage,Bin,percent,3.8,3.9,0.00242291586281434
HHS Region 7,Season peak percentage,Bin,percent,3.9,4.0,0.00246103127027773
HHS Region 7,Season peak percentage,Bin,percent,4.0,4.1,0.00249424734723176
HHS Region 7,Season peak percentage,Bin,percent,4.1,4.2,0.00252238393578155
HHS Region 7,Season peak percentage,Bin,percent,4.2,4.3,0.00254537961076345
HHS Region 7,Season peak percentage,Bin,percent,4.3,4.4,0.0025631362899408
HHS Region 7,Season peak percentage,Bin,percent,4.4,4.5,0.00257564494713953
HHS Region 7,Season peak percentage,Bin,percent,4.5,4.6,0.00258290186195447
HHS Region 7,Season peak percentage,Bin,percent,4.6,4.7,0.00258493693581663
HHS Region 7,Season peak percentage,Bin,percent,4.7,4.8,0.00258184535771492
HHS Region 7,Season peak percentage,Bin,percent,4.8,4.9,0.00257370178826141
HHS Region 7,Season peak percentage,Bin,percent,4.9,5.0,0.00256066689975764
HHS Region 7,Season peak percentage,Bin,percent,5.0,5.1,0.00254286676246996
HHS Region 7,Season peak percentage,Bin,percent,5.1,5.2,0.00252052098761747
HHS Region 7,Season peak percentage,Bin,percent,5.2,5.3,0.00249381793927713
HHS Region 7,Season peak percentage,Bin,percent,5.3,5.4,0.00246291351689765
HHS Region 7,Season peak percentage,Bin,percent,5.4,5.5,0.00242804371881134
HHS Region 7,Season peak percentage,Bin,percent,5.5,5.6,0.00238938126711737
HHS Region 7,Season peak percentage,Bin,percent,5.6,5.7,0.00234714810256227
HHS Region 7,Season peak percentage,Bin,percent,5.7,5.8,0.00230151469380302
HHS Region 7,Season peak percentage,Bin,percent,5.8,5.9,0.00225264980116801
HHS Region 7,Season peak percentage,Bin,percent,5.9,6.0,0.00220073238513388
HHS Region 7,Season peak percentage,Bin,percent,6.0,6.1,0.00214592863510134
HHS Region 7,Season peak percentage,Bin,percent,6.1,6.2,0.00208842681764082
HHS Region 7,Season peak percentage,Bin,percent,6.2,6.3,0.00202838536489819
HHS Region 7,Season peak percentage,Bin,percent,6.3,6.4,0.00196601637373726
HHS Region 7,Season peak percentage,Bin,percent,6.4,6.5,0.00190152413362282
HHS Region 7,Season peak percentage,Bin,percent,6.5,6.6,0.00183513448399192
HHS Region 7,Season peak percentage,Bin,percent,6.6,6.7,0.00176712243177888
HHS Region 7,Season peak percentage,Bin,percent,6.7,6.8,0.00169777124097062
HHS Region 7,Season peak percentage,Bin,percent,6.8,6.9,0.00162741114588051
HHS Region 7,Season peak percentage,Bin,percent,6.9,7.0,0.00155638342859655
HHS Region 7,Season peak percentage,Bin,percent,7.0,7.1,0.00148506069615669
HHS Region 7,Season peak percentage,Bin,percent,7.1,7.2,0.00141383765250792
HHS Region 7,Season peak percentage,Bin,percent,7.2,7.3,0.00134311714701532
HHS Region 7,Season peak percentage,Bin,percent,7.3,7.4,0.00127329699134144
HHS Region 7,Season peak percentage,Bin,percent,7.4,7.5,0.853398020599467
HHS Region 7,Season peak percentage,Bin,percent,7.5,7.6,0.0011379504296365
HHS Region 7,Season peak percentage,Bin,percent,7.6,7.7,0.00107316677615971
HHS Region 7,Season peak percentage,Bin,percent,7.7,7.8,0.00101074264074497
HHS Region 7,Season peak percentage,Bin,percent,7.8,7.9,0.000950947161120997
HHS Region 7,Season peak percentage,Bin,percent,7.9,8.0,0.000894031055678412
HHS Region 7,Season peak percentage,Bin,percent,8.0,8.1,0.000840146988752408
HHS Region 7,Season peak percentage,Bin,percent,8.1,8.2,0.000789435711893932
HHS Region 7,Season peak percentage,Bin,percent,8.2,8.3,0.000741962155535085
HHS Region 7,Season peak percentage,Bin,percent,8.3,8.4,0.000697749944327629
HHS Region 7,Season peak percentage,Bin,percent,8.4,8.5,0.0006567604395598
HHS Region 7,Season peak percentage,Bin,percent,8.5,8.6,0.000618911857270151
HHS Region 7,Season peak percentage,Bin,percent,8.6,8.7,0.000584125341594692
HHS Region 7,Season peak percentage,Bin,percent,8.7,8.8,0.000552248423389265
HHS Region 7,Season peak percentage,Bin,percent,8.8,8.9,0.000523151560213974
HHS Region 7,Season peak percentage,Bin,percent,8.9,9.0,0.000496644323982339
HHS Region 7,Season peak percentage,Bin,percent,9.0,9.1,0.000472559476017216
HHS Region 7,Season peak percentage,Bin,percent,9.1,9.2,0.000450749487510097
HHS Region 7,Season peak percentage,Bin,percent,9.2,9.3,0.000431034626585498
HHS Region 7,Season peak percentage,Bin,percent,9.3,9.4,0.00041327072748887
HHS Region 7,Season peak percentage,Bin,percent,9.4,9.5,0.000397303148531754
HHS Region 7,Season peak percentage,Bin,percent,9.5,9.6,0.000383007154978098
HHS Region 7,Season peak percentage,Bin,percent,9.6,9.7,0.000370258109170174
HHS Region 7,Season peak percentage,Bin,percent,9.7,9.8,0.0012128423214581
HHS Region 7,Season peak percentage,Bin,percent,9.8,9.9,0.000348956038590541
HHS Region 7,Season peak percentage,Bin,percent,9.9,10.0,0.000340190779942246
HHS Region 7,Season peak percentage,Bin,percent,10.0,10.1,0.00033254995492262
HHS Region 7,Season peak percentage,Bin,percent,10.1,10.2,0.000325915832836177
HHS Region 7,Season peak percentage,Bin,percent,10.2,10.3,0.000320178532630148
HHS Region 7,Season peak percentage,Bin,percent,10.3,10.4,0.0011691251451809
HHS Region 7,Season peak percentage,Bin,percent,10.4,10.5,0.000310918550819221
HHS Region 7,Season peak percentage,Bin,percent,10.5,10.6,0.000307126733813545
HHS Region 7,Season peak percentage,Bin,percent,10.6,10.7,0.000303701513440312
HHS Region 7,Season peak percentage,Bin,percent,10.7,10.8,0.000300495837728346
HHS Region 7,Season peak percentage,Bin,percent,10.8,10.9,0.000297356775341123
HHS Region 7,Season peak percentage,Bin,percent,10.9,11.0,0.000294131534383897
HHS Region 7,Season peak percentage,Bin,percent,11.0,11.1,0.000290673005124535
HHS Region 7,Season peak percentage,Bin,percent,11.1,11.2,0.000286845479524158
HHS Region 7,Season peak percentage,Bin,percent,11.2,11.3,0.000282519676187851
HHS Region 7,Season peak percentage,Bin,percent,11.3,11.4,0.000277592373196788
HHS Region 7,Season peak percentage,Bin,percent,11.4,11.5,0.000271973273751014
HHS Region 7,Season peak percentage,Bin,percent,11.5,11.6,0.00026559618994892
HHS Region 7,Season peak percentage,Bin,percent,11.6,11.7,0.000258424189380697
HHS Region 7,Season peak percentage,Bin,percent,11.7,11.8,0.000250441171157547
HHS Region 7,Season peak percentage,Bin,percent,11.8,11.9,0.000241665317723165
HHS Region 7,Season peak percentage,Bin,percent,11.9,12.0,0.000232129454368798
HHS Region 7,Season peak percentage,Bin,percent,12.0,12.1,0.000221894951079131
HHS Region 7,Season peak percentage,Bin,percent,12.1,12.2,0.000211042571182227
HHS Region 7,Season peak percentage,Bin,percent,12.2,12.3,0.000199673482441325
HHS Region 7,Season peak percentage,Bin,percent,12.3,12.4,0.000187900886704304
HHS Region 7,Season peak percentage,Bin,percent,12.4,12.5,0.000175842414421479
HHS Region 7,Season peak percentage,Bin,percent,12.5,12.6,0.000163627408760101
HHS Region 7,Season peak percentage,Bin,percent,12.6,12.7,0.000151383766096342
HHS Region 7,Season peak percentage,Bin,percent,12.7,12.8,0.00013923618357118
HHS Region 7,Season peak percentage,Bin,percent,12.8,12.9,0.00012730269436876
HHS Region 7,Season peak percentage,Bin,percent,12.9,13.0,0.000115693760886717
HHS Region 7,Season peak percentage,Bin,percent,13.0,100.0,0.000776531096438301
HHS Region 7,Season peak week,Bin,week,40.0,41.0,2.16957117312929e-05
HHS Region 7,Season peak week,Bin,week,41.0,42.0,2.16957117312929e-05
HHS Region 7,Season peak week,Bin,week,42.0,43.0,2.16957117312929e-05
HHS Region 7,Season peak week,Bin,week,43.0,44.0,2.16957117312929e-05
HHS Region 7,Season peak week,Bin,week,44.0,45.0,2.16957117312929e-05
HHS Region 7,Season peak week,Bin,week,45.0,46.0,2.25189227600922e-05
HHS Region 7,Season peak week,Bin,week,46.0,47.0,8.29313905712466e-05
HHS Region 7,Season peak week,Bin,week,47.0,48.0,0.000356265779155438
HHS Region 7,Season peak week,Bin,week,48.0,49.0,0.00110703829580685
HHS Region 7,Season peak week,Bin,week,49.0,50.0,0.00260127528322988
HHS Region 7,Season peak week,Bin,week,50.0,51.0,0.00477977449934501
HHS Region 7,Season peak week,Bin,week,51.0,52.0,0.00686217873757014
HHS Region 7,Season peak week,Bin,week,52.0,53.0,0.00754666337020971
HHS Region 7,Season peak week,Bin,week,1.0,2.0,0.00664658212511283
HHS Region 7,Season peak week,Bin,week,2.0,3.0,0.00612812806991617
HHS Region 7,Season peak week,Bin,week,3.0,4.0,0.0079194027651345
HHS Region 7,Season peak week,Bin,week,4.0,5.0,0.0113222656309362
HHS Region 7,Season peak week,Bin,week,5.0,6.0,0.0140307567493131
HHS Region 7,Season peak week,Bin,week,6.0,7.0,0.0149832213510712
HHS Region 7,Season peak week,Bin,week,7.0,8.0,0.01477030009438
HHS Region 7,Season peak week,Bin,week,8.0,9.0,0.0138108738120303
HHS Region 7,Season peak week,Bin,week,9.0,10.0,0.0119033412289836
HHS Region 7,Season peak week,Bin,week,10.0,11.0,0.00919044982168531
HHS Region 7,Season peak week,Bin,week,11.0,12.0,0.858393991608807
HHS Region 7,Season peak week,Bin,week,12.0,13.0,0.0034750557220435
HHS Region 7,Season peak week,Bin,week,13.0,14.0,0.00151346479297836
HHS Region 7,Season peak week,Bin,week,14.0,15.0,0.000484909991023754
HHS Region 7,Season peak week,Bin,week,15.0,16.0,0.00181812792344853
HHS Region 7,Season peak week,Bin,week,16.0,17.0,2.92708696032445e-05
HHS Region 7,Season peak week,Bin,week,17.0,18.0,2.81831515568666e-05
HHS Region 7,Season peak week,Bin,week,18.0,19.0,2.81831515568666e-05
HHS Region 7,Season peak week,Bin,week,19.0,20.0,2.81831515568666e-05
HHS Region 7,Season peak week,Bin,week,20.0,21.0,2.81831515568666e-05
HHS Region 8,1 wk ahead,Bin,percent,0.0,0.1,1.27208189354271e-09
HHS Region 8,1 wk ahead,Bin,percent,0.1,0.2,5.47799121669676e-09
HHS Region 8,1 wk ahead,Bin,percent,0.2,0.3,0.00100001014717389
HHS Region 8,1 wk ahead,Bin,percent,0.3,0.4,1.62291037882765e-08
HHS Region 8,1 wk ahead,Bin,percent,0.4,0.5,2.07714111329888e-08
HHS Region 8,1 wk ahead,Bin,percent,0.5,0.6,2.19816908351133e-08
HHS Region 8,1 wk ahead,Bin,percent,0.6,0.7,2.48629869079423e-08
HHS Region 8,1 wk ahead,Bin,percent,0.7,0.8,3.55595735034956e-08
HHS Region 8,1 wk ahead,Bin,percent,0.8,0.9,4.72761529826834e-08
HHS Region 8,1 wk ahead,Bin,percent,0.9,1.0,0.00100005152075824
HHS Region 8,1 wk ahead,Bin,percent,1.0,1.1,0.00200004992137584
HHS Region 8,1 wk ahead,Bin,percent,1.1,1.2,0.00300004321006354
HHS Region 8,1 wk ahead,Bin,percent,1.2,1.3,0.0030000320149981
HHS Region 8,1 wk ahead,Bin,percent,1.3,1.4,0.00200002031793147
HHS Region 8,1 wk ahead,Bin,percent,1.4,1.5,0.00700000779982033
HHS Region 8,1 wk ahead,Bin,percent,1.5,1.6,0.0139999978175624
HHS Region 8,1 wk ahead,Bin,percent,1.6,1.7,0.0179999931013105
HHS Region 8,1 wk ahead,Bin,percent,1.7,1.8,0.0159999932269964
HHS Region 8,1 wk ahead,Bin,percent,1.8,1.9,0.0189999918382142
HHS Region 8,1 wk ahead,Bin,percent,1.9,2.0,0.0239999896985587
HHS Region 8,1 wk ahead,Bin,percent,2.0,2.1,0.0379999838487682
HHS Region 8,1 wk ahead,Bin,percent,2.1,2.2,0.0519999787015805
HHS Region 8,1 wk ahead,Bin,percent,2.2,2.3,0.0719999723842614
HHS Region 8,1 wk ahead,Bin,percent,2.3,2.4,0.0959999646535631
HHS Region 8,1 wk ahead,Bin,percent,2.4,2.5,0.0879999680986691
HHS Region 8,1 wk ahead,Bin,percent,2.5,2.6,0.0889999650817569
HHS Region 8,1 wk ahead,Bin,percent,2.6,2.7,0.0799999666648656
HHS Region 8,1 wk ahead,Bin,percent,2.7,2.8,0.0919999606294784
HHS Region 8,1 wk ahead,Bin,percent,2.8,2.9,0.0569999755617376
HHS Region 8,1 wk ahead,Bin,percent,2.9,3.0,0.0429999815822195
HHS Region 8,1 wk ahead,Bin,percent,3.0,3.1,0.0339999854525292
HHS Region 8,1 wk ahead,Bin,percent,3.1,3.2,0.0299999871726669
HHS Region 8,1 wk ahead,Bin,percent,3.2,3.3,0.0199999914730111
HHS Region 8,1 wk ahead,Bin,percent,3.3,3.4,0.0119999949132864
HHS Region 8,1 wk ahead,Bin,percent,3.4,3.5,0.00599999749349292
HHS Region 8,1 wk ahead,Bin,percent,3.5,3.6,0.0149999936231832
HHS Region 8,1 wk ahead,Bin,percent,3.6,3.7,0.00999999577335525
HHS Region 8,1 wk ahead,Bin,percent,3.7,3.8,0.00799999663342409
HHS Region 8,1 wk ahead,Bin,percent,3.8,3.9,0.00299999878359618
HHS Region 8,1 wk ahead,Bin,percent,3.9,4.0,0.00799999663342409
HHS Region 8,1 wk ahead,Bin,percent,4.0,4.1,0.00399999835356176
HHS Region 8,1 wk ahead,Bin,percent,4.1,4.2,0.00299999878359618
HHS Region 8,1 wk ahead,Bin,percent,4.2,4.3,0.000999999643665013
HHS Region 8,1 wk ahead,Bin,percent,4.3,4.4,0.00899999620338967
HHS Region 8,1 wk ahead,Bin,percent,4.4,4.5,0.00299999878359618
HHS Region 8,1 wk ahead,Bin,percent,4.5,4.6,0.000999999643665013
HHS Region 8,1 wk ahead,Bin,percent,4.6,4.7,0.000999999643665013
HHS Region 8,1 wk ahead,Bin,percent,4.7,4.8,0.000999999643665013
HHS Region 8,1 wk ahead,Bin,percent,4.8,4.9,7.36994311205224e-11
HHS Region 8,1 wk ahead,Bin,percent,4.9,5.0,7.36994311205224e-11
HHS Region 8,1 wk ahead,Bin,percent,5.0,5.1,7.36994311205224e-11
HHS Region 8,1 wk ahead,Bin,percent,5.1,5.2,7.36994311205224e-11
HHS Region 8,1 wk ahead,Bin,percent,5.2,5.3,7.36994311205224e-11
HHS Region 8,1 wk ahead,Bin,percent,5.3,5.4,0.0019999992136306
HHS Region 8,1 wk ahead,Bin,percent,5.4,5.5,7.36994311205224e-11
HHS Region 8,1 wk ahead,Bin,percent,5.5,5.6,0.0019999992136306
HHS Region 8,1 wk ahead,Bin,percent,5.6,5.7,7.36994311205224e-11
HHS Region 8,1 wk ahead,Bin,percent,5.7,5.8,7.36994311205224e-11
HHS Region 8,1 wk ahead,Bin,percent,5.8,5.9,0.000999999643665013
HHS Region 8,1 wk ahead,Bin,percent,5.9,6.0,0.000999999643665013
HHS Region 8,1 wk ahead,Bin,percent,6.0,6.1,7.36994311205224e-11
HHS Region 8,1 wk ahead,Bin,percent,6.1,6.2,0.000999999643665013
HHS Region 8,1 wk ahead,Bin,percent,6.2,6.3,0.000999999643665013
HHS Region 8,1 wk ahead,Bin,percent,6.3,6.4,0.000999999643665013
HHS Region 8,1 wk ahead,Bin,percent,6.4,6.5,7.36994311205224e-11
HHS Region 8,1 wk ahead,Bin,percent,6.5,6.6,0.000999999643665013
HHS Region 8,1 wk ahead,Bin,percent,6.6,6.7,0.000999999643665013
HHS Region 8,1 wk ahead,Bin,percent,6.7,6.8,7.36994311205224e-11
HHS Region 8,1 wk ahead,Bin,percent,6.8,6.9,7.36994311205224e-11
HHS Region 8,1 wk ahead,Bin,percent,6.9,7.0,7.36994311205224e-11
HHS Region 8,1 wk ahead,Bin,percent,7.0,7.1,7.36994311205224e-11
HHS Region 8,1 wk ahead,Bin,percent,7.1,7.2,7.36994311205224e-11
HHS Region 8,1 wk ahead,Bin,percent,7.2,7.3,7.36994311205224e-11
HHS Region 8,1 wk ahead,Bin,percent,7.3,7.4,7.36994311205224e-11
HHS Region 8,1 wk ahead,Bin,percent,7.4,7.5,7.36994311205224e-11
HHS Region 8,1 wk ahead,Bin,percent,7.5,7.6,7.36994311205224e-11
HHS Region 8,1 wk ahead,Bin,percent,7.6,7.7,7.36994311205224e-11
HHS Region 8,1 wk ahead,Bin,percent,7.7,7.8,7.36994311205224e-11
HHS Region 8,1 wk ahead,Bin,percent,7.8,7.9,7.36994311205224e-11
HHS Region 8,1 wk ahead,Bin,percent,7.9,8.0,7.36994311205224e-11
HHS Region 8,1 wk ahead,Bin,percent,8.0,8.1,7.3699431120523e-11
HHS Region 8,1 wk ahead,Bin,percent,8.1,8.2,7.36994311205237e-11
HHS Region 8,1 wk ahead,Bin,percent,8.2,8.3,7.36994311205237e-11
HHS Region 8,1 wk ahead,Bin,percent,8.3,8.4,7.36994311205237e-11
HHS Region 8,1 wk ahead,Bin,percent,8.4,8.5,7.36994311205237e-11
HHS Region 8,1 wk ahead,Bin,percent,8.5,8.6,7.36994311205237e-11
HHS Region 8,1 wk ahead,Bin,percent,8.6,8.7,0.000999999643665013
HHS Region 8,1 wk ahead,Bin,percent,8.7,8.8,0.000999999643665013
HHS Region 8,1 wk ahead,Bin,percent,8.8,8.9,0.000999999643665013
HHS Region 8,1 wk ahead,Bin,percent,8.9,9.0,7.36994311205237e-11
HHS Region 8,1 wk ahead,Bin,percent,9.0,9.1,7.36994311205237e-11
HHS Region 8,1 wk ahead,Bin,percent,9.1,9.2,7.36994311205237e-11
HHS Region 8,1 wk ahead,Bin,percent,9.2,9.3,7.36994311205237e-11
HHS Region 8,1 wk ahead,Bin,percent,9.3,9.4,7.36994311205237e-11
HHS Region 8,1 wk ahead,Bin,percent,9.4,9.5,7.36994311205237e-11
HHS Region 8,1 wk ahead,Bin,percent,9.5,9.6,7.36994311205237e-11
HHS Region 8,1 wk ahead,Bin,percent,9.6,9.7,7.36994311205237e-11
HHS Region 8,1 wk ahead,Bin,percent,9.7,9.8,7.36994311205237e-11
HHS Region 8,1 wk ahead,Bin,percent,9.8,9.9,7.36994311205237e-11
HHS Region 8,1 wk ahead,Bin,percent,9.9,10.0,7.36994311205237e-11
HHS Region 8,1 wk ahead,Bin,percent,10.0,10.1,7.36994311205237e-11
HHS Region 8,1 wk ahead,Bin,percent,10.1,10.2,7.36994311205237e-11
HHS Region 8,1 wk ahead,Bin,percent,10.2,10.3,7.36994311205237e-11
HHS Region 8,1 wk ahead,Bin,percent,10.3,10.4,7.36994311205237e-11
HHS Region 8,1 wk ahead,Bin,percent,10.4,10.5,7.36994311205237e-11
HHS Region 8,1 wk ahead,Bin,percent,10.5,10.6,7.36994311205237e-11
HHS Region 8,1 wk ahead,Bin,percent,10.6,10.7,7.36994311205237e-11
HHS Region 8,1 wk ahead,Bin,percent,10.7,10.8,7.36994311205237e-11
HHS Region 8,1 wk ahead,Bin,percent,10.8,10.9,7.36994311205237e-11
HHS Region 8,1 wk ahead,Bin,percent,10.9,11.0,7.36994311205237e-11
HHS Region 8,1 wk ahead,Bin,percent,11.0,11.1,7.36994311205237e-11
HHS Region 8,1 wk ahead,Bin,percent,11.1,11.2,7.36994311205237e-11
HHS Region 8,1 wk ahead,Bin,percent,11.2,11.3,7.36994311205237e-11
HHS Region 8,1 wk ahead,Bin,percent,11.3,11.4,7.36994311205237e-11
HHS Region 8,1 wk ahead,Bin,percent,11.4,11.5,7.36994311205237e-11
HHS Region 8,1 wk ahead,Bin,percent,11.5,11.6,7.36994311205237e-11
HHS Region 8,1 wk ahead,Bin,percent,11.6,11.7,7.36994311205237e-11
HHS Region 8,1 wk ahead,Bin,percent,11.7,11.8,7.36994311205237e-11
HHS Region 8,1 wk ahead,Bin,percent,11.8,11.9,7.36994311205237e-11
HHS Region 8,1 wk ahead,Bin,percent,11.9,12.0,7.36994311205237e-11
HHS Region 8,1 wk ahead,Bin,percent,12.0,12.1,7.36994311205237e-11
HHS Region 8,1 wk ahead,Bin,percent,12.1,12.2,7.36994311205237e-11
HHS Region 8,1 wk ahead,Bin,percent,12.2,12.3,7.36994311205237e-11
HHS Region 8,1 wk ahead,Bin,percent,12.3,12.4,7.36994311205237e-11
HHS Region 8,1 wk ahead,Bin,percent,12.4,12.5,7.36994311205237e-11
HHS Region 8,1 wk ahead,Bin,percent,12.5,12.6,7.36994311205237e-11
HHS Region 8,1 wk ahead,Bin,percent,12.6,12.7,7.36994311205237e-11
HHS Region 8,1 wk ahead,Bin,percent,12.7,12.8,7.36994311205237e-11
HHS Region 8,1 wk ahead,Bin,percent,12.8,12.9,7.36994311205237e-11
HHS Region 8,1 wk ahead,Bin,percent,12.9,13.0,7.36994311205237e-11
HHS Region 8,1 wk ahead,Bin,percent,13.0,100.0,7.36994311205237e-11
HHS Region 8,2 wk ahead,Bin,percent,0.0,0.1,5.08107733674193e-10
HHS Region 8,2 wk ahead,Bin,percent,0.1,0.2,2.83678383365408e-09
HHS Region 8,2 wk ahead,Bin,percent,0.2,0.3,8.0205677927745e-09
HHS Region 8,2 wk ahead,Bin,percent,0.3,0.4,0.00100001731449439
HHS Region 8,2 wk ahead,Bin,percent,0.4,0.5,0.00100003165231906
HHS Region 8,2 wk ahead,Bin,percent,0.5,0.6,4.78815586914147e-08
HHS Region 8,2 wk ahead,Bin,percent,0.6,0.7,5.8177113650623e-08
HHS Region 8,2 wk ahead,Bin,percent,0.7,0.8,0.00100005717699582
HHS Region 8,2 wk ahead,Bin,percent,0.8,0.9,0.00600004652597573
HHS Region 8,2 wk ahead,Bin,percent,0.9,1.0,0.00300003871824028
HHS Region 8,2 wk ahead,Bin,percent,1.0,1.1,0.0100000286048228
HHS Region 8,2 wk ahead,Bin,percent,1.1,1.2,0.0110000208646358
HHS Region 8,2 wk ahead,Bin,percent,1.2,1.3,0.0100000126574264
HHS Region 8,2 wk ahead,Bin,percent,1.3,1.4,0.0170000015056206
HHS Region 8,2 wk ahead,Bin,percent,1.4,1.5,0.0209999943588652
HHS Region 8,2 wk ahead,Bin,percent,1.5,1.6,0.0359999854430383
HHS Region 8,2 wk ahead,Bin,percent,1.6,1.7,0.0389999834026357
HHS Region 8,2 wk ahead,Bin,percent,1.7,1.8,0.0379999836819305
HHS Region 8,2 wk ahead,Bin,percent,1.8,1.9,0.0569999755016756
HHS Region 8,2 wk ahead,Bin,percent,1.9,2.0,0.0649999721369173
HHS Region 8,2 wk ahead,Bin,percent,2.0,2.1,0.060999974217777
HHS Region 8,2 wk ahead,Bin,percent,2.1,2.2,0.105999955930561
HHS Region 8,2 wk ahead,Bin,percent,2.2,2.3,0.0799999689944928
HHS Region 8,2 wk ahead,Bin,percent,2.3,2.4,0.0649999771311552
HHS Region 8,2 wk ahead,Bin,percent,2.4,2.5,0.0579999801319346
HHS Region 8,2 wk ahead,Bin,percent,2.5,2.6,0.0699999732759871
HHS Region 8,2 wk ahead,Bin,percent,2.6,2.7,0.0429999830086635
HHS Region 8,2 wk ahead,Bin,percent,2.7,2.8,0.0389999836727009
HHS Region 8,2 wk ahead,Bin,percent,2.8,2.9,0.0309999867633654
HHS Region 8,2 wk ahead,Bin,percent,2.9,3.0,0.0279999880201946
HHS Region 8,2 wk ahead,Bin,percent,3.0,3.1,0.0119999949007453
HHS Region 8,2 wk ahead,Bin,percent,3.1,3.2,0.00699999705091737
HHS Region 8,2 wk ahead,Bin,percent,3.2,3.3,0.0169999927505732
HHS Region 8,2 wk ahead,Bin,percent,3.3,3.4,0.00899999619084853
HHS Region 8,2 wk ahead,Bin,percent,3.4,3.5,0.00799999662088295
HHS Region 8,2 wk ahead,Bin,percent,3.5,3.6,0.00599999748095179
HHS Region 8,2 wk ahead,Bin,percent,3.6,3.7,0.00499999791098621
HHS Region 8,2 wk ahead,Bin,percent,3.7,3.8,0.00399999834102062
HHS Region 8,2 wk ahead,Bin,percent,3.8,3.9,0.000999999631123878
HHS Region 8,2 wk ahead,Bin,percent,3.9,4.0,0.00299999877105504
HHS Region 8,2 wk ahead,Bin,percent,4.0,4.1,0.00399999834102062
HHS Region 8,2 wk ahead,Bin,percent,4.1,4.2,0.00299999877105504
HHS Region 8,2 wk ahead,Bin,percent,4.2,4.3,0.00299999877105504
HHS Region 8,2 wk ahead,Bin,percent,4.3,4.4,0.00499999791098621
HHS Region 8,2 wk ahead,Bin,percent,4.4,4.5,0.00199999920108946
HHS Region 8,2 wk ahead,Bin,percent,4.5,4.6,0.000999999631123878
HHS Region 8,2 wk ahead,Bin,percent,4.6,4.7,6.11582961812925e-11
HHS Region 8,2 wk ahead,Bin,percent,4.7,4.8,0.000999999631123878
HHS Region 8,2 wk ahead,Bin,percent,4.8,4.9,6.11582961812925e-11
HHS Region 8,2 wk ahead,Bin,percent,4.9,5.0,6.11582961812925e-11
HHS Region 8,2 wk ahead,Bin,percent,5.0,5.1,6.11582961812925e-11
HHS Region 8,2 wk ahead,Bin,percent,5.1,5.2,6.11582961812925e-11
HHS Region 8,2 wk ahead,Bin,percent,5.2,5.3,0.000999999631123878
HHS Region 8,2 wk ahead,Bin,percent,5.3,5.4,6.11582961812925e-11
HHS Region 8,2 wk ahead,Bin,percent,5.4,5.5,0.000999999631123878
HHS Region 8,2 wk ahead,Bin,percent,5.5,5.6,0.000999999631123878
HHS Region 8,2 wk ahead,Bin,percent,5.6,5.7,6.11582961812925e-11
HHS Region 8,2 wk ahead,Bin,percent,5.7,5.8,0.000999999631123878
HHS Region 8,2 wk ahead,Bin,percent,5.8,5.9,6.11582961812925e-11
HHS Region 8,2 wk ahead,Bin,percent,5.9,6.0,6.11582961812925e-11
HHS Region 8,2 wk ahead,Bin,percent,6.0,6.1,6.11582961812925e-11
HHS Region 8,2 wk ahead,Bin,percent,6.1,6.2,6.11582961812925e-11
HHS Region 8,2 wk ahead,Bin,percent,6.2,6.3,0.000999999631123878
HHS Region 8,2 wk ahead,Bin,percent,6.3,6.4,0.000999999631123878
HHS Region 8,2 wk ahead,Bin,percent,6.4,6.5,6.11582961812925e-11
HHS Region 8,2 wk ahead,Bin,percent,6.5,6.6,0.000999999631123878
HHS Region 8,2 wk ahead,Bin,percent,6.6,6.7,6.11582961812925e-11
HHS Region 8,2 wk ahead,Bin,percent,6.7,6.8,6.11582961812925e-11
HHS Region 8,2 wk ahead,Bin,percent,6.8,6.9,0.000999999631123878
HHS Region 8,2 wk ahead,Bin,percent,6.9,7.0,6.11582961812925e-11
HHS Region 8,2 wk ahead,Bin,percent,7.0,7.1,6.11582961812925e-11
HHS Region 8,2 wk ahead,Bin,percent,7.1,7.2,6.11582961812925e-11
HHS Region 8,2 wk ahead,Bin,percent,7.2,7.3,6.11582961812925e-11
HHS Region 8,2 wk ahead,Bin,percent,7.3,7.4,6.11582961812925e-11
HHS Region 8,2 wk ahead,Bin,percent,7.4,7.5,6.11582961812925e-11
HHS Region 8,2 wk ahead,Bin,percent,7.5,7.6,6.11582961812925e-11
HHS Region 8,2 wk ahead,Bin,percent,7.6,7.7,6.11582961812925e-11
HHS Region 8,2 wk ahead,Bin,percent,7.7,7.8,6.11582961812925e-11
HHS Region 8,2 wk ahead,Bin,percent,7.8,7.9,6.11582961812925e-11
HHS Region 8,2 wk ahead,Bin,percent,7.9,8.0,6.11582961812925e-11
HHS Region 8,2 wk ahead,Bin,percent,8.0,8.1,6.1158296181293e-11
HHS Region 8,2 wk ahead,Bin,percent,8.1,8.2,6.11582961812936e-11
HHS Region 8,2 wk ahead,Bin,percent,8.2,8.3,6.11582961812936e-11
HHS Region 8,2 wk ahead,Bin,percent,8.3,8.4,6.11582961812936e-11
HHS Region 8,2 wk ahead,Bin,percent,8.4,8.5,0.000999999631123878
HHS Region 8,2 wk ahead,Bin,percent,8.5,8.6,6.11582961812936e-11
HHS Region 8,2 wk ahead,Bin,percent,8.6,8.7,6.11582961812936e-11
HHS Region 8,2 wk ahead,Bin,percent,8.7,8.8,6.11582961812936e-11
HHS Region 8,2 wk ahead,Bin,percent,8.8,8.9,6.11582961812936e-11
HHS Region 8,2 wk ahead,Bin,percent,8.9,9.0,6.11582961812936e-11
HHS Region 8,2 wk ahead,Bin,percent,9.0,9.1,6.11582961812936e-11
HHS Region 8,2 wk ahead,Bin,percent,9.1,9.2,6.11582961812936e-11
HHS Region 8,2 wk ahead,Bin,percent,9.2,9.3,6.11582961812936e-11
HHS Region 8,2 wk ahead,Bin,percent,9.3,9.4,6.11582961812936e-11
HHS Region 8,2 wk ahead,Bin,percent,9.4,9.5,6.11582961812936e-11
HHS Region 8,2 wk ahead,Bin,percent,9.5,9.6,6.11582961812936e-11
HHS Region 8,2 wk ahead,Bin,percent,9.6,9.7,6.11582961812936e-11
HHS Region 8,2 wk ahead,Bin,percent,9.7,9.8,6.11582961812936e-11
HHS Region 8,2 wk ahead,Bin,percent,9.8,9.9,6.11582961812936e-11
HHS Region 8,2 wk ahead,Bin,percent,9.9,10.0,6.11582961812936e-11
HHS Region 8,2 wk ahead,Bin,percent,10.0,10.1,0.000999999631123878
HHS Region 8,2 wk ahead,Bin,percent,10.1,10.2,6.11582961812936e-11
HHS Region 8,2 wk ahead,Bin,percent,10.2,10.3,6.11582961812936e-11
HHS Region 8,2 wk ahead,Bin,percent,10.3,10.4,6.11582961812936e-11
HHS Region 8,2 wk ahead,Bin,percent,10.4,10.5,6.11582961812936e-11
HHS Region 8,2 wk ahead,Bin,percent,10.5,10.6,6.11582961812936e-11
HHS Region 8,2 wk ahead,Bin,percent,10.6,10.7,6.11582961812936e-11
HHS Region 8,2 wk ahead,Bin,percent,10.7,10.8,6.11582961812936e-11
HHS Region 8,2 wk ahead,Bin,percent,10.8,10.9,6.11582961812936e-11
HHS Region 8,2 wk ahead,Bin,percent,10.9,11.0,6.11582961812936e-11
HHS Region 8,2 wk ahead,Bin,percent,11.0,11.1,6.11582961812936e-11
HHS Region 8,2 wk ahead,Bin,percent,11.1,11.2,0.000999999631123878
HHS Region 8,2 wk ahead,Bin,percent,11.2,11.3,6.11582961812936e-11
HHS Region 8,2 wk ahead,Bin,percent,11.3,11.4,6.11582961812936e-11
HHS Region 8,2 wk ahead,Bin,percent,11.4,11.5,6.11582961812936e-11
HHS Region 8,2 wk ahead,Bin,percent,11.5,11.6,6.11582961812936e-11
HHS Region 8,2 wk ahead,Bin,percent,11.6,11.7,6.11582961812936e-11
HHS Region 8,2 wk ahead,Bin,percent,11.7,11.8,6.11582961812936e-11
HHS Region 8,2 wk ahead,Bin,percent,11.8,11.9,6.11582961812936e-11
HHS Region 8,2 wk ahead,Bin,percent,11.9,12.0,0.000999999631123878
HHS Region 8,2 wk ahead,Bin,percent,12.0,12.1,6.11582961812936e-11
HHS Region 8,2 wk ahead,Bin,percent,12.1,12.2,6.11582961812936e-11
HHS Region 8,2 wk ahead,Bin,percent,12.2,12.3,6.11582961812936e-11
HHS Region 8,2 wk ahead,Bin,percent,12.3,12.4,6.11582961812936e-11
HHS Region 8,2 wk ahead,Bin,percent,12.4,12.5,6.11582961812936e-11
HHS Region 8,2 wk ahead,Bin,percent,12.5,12.6,6.11582961812936e-11
HHS Region 8,2 wk ahead,Bin,percent,12.6,12.7,6.11582961812936e-11
HHS Region 8,2 wk ahead,Bin,percent,12.7,12.8,6.11582961812936e-11
HHS Region 8,2 wk ahead,Bin,percent,12.8,12.9,6.11582961812936e-11
HHS Region 8,2 wk ahead,Bin,percent,12.9,13.0,6.11582961812936e-11
HHS Region 8,2 wk ahead,Bin,percent,13.0,100.0,6.11582961812936e-11
HHS Region 8,3 wk ahead,Bin,percent,0.0,0.1,3.67778046495321e-09
HHS Region 8,3 wk ahead,Bin,percent,0.1,0.2,1.20867686263938e-08
HHS Region 8,3 wk ahead,Bin,percent,0.2,0.3,0.0030000184065332
HHS Region 8,3 wk ahead,Bin,percent,0.3,0.4,0.00100002776757741
HHS Region 8,3 wk ahead,Bin,percent,0.4,0.5,0.0010000362745597
HHS Region 8,3 wk ahead,Bin,percent,0.5,0.6,0.00100004252892908
HHS Region 8,3 wk ahead,Bin,percent,0.6,0.7,0.00100004402576753
HHS Region 8,3 wk ahead,Bin,percent,0.7,0.8,0.00200004144817278
HHS Region 8,3 wk ahead,Bin,percent,0.8,0.9,0.00900003673083163
HHS Region 8,3 wk ahead,Bin,percent,0.9,1.0,0.0070000370979842
HHS Region 8,3 wk ahead,Bin,percent,1.0,1.1,0.0100000323706291
HHS Region 8,3 wk ahead,Bin,percent,1.1,1.2,0.0260000164942297
HHS Region 8,3 wk ahead,Bin,percent,1.2,1.3,0.0200000076264659
HHS Region 8,3 wk ahead,Bin,percent,1.3,1.4,0.0339999925914674
HHS Region 8,3 wk ahead,Bin,percent,1.4,1.5,0.0399999852115338
HHS Region 8,3 wk ahead,Bin,percent,1.5,1.6,0.0499999791390756
HHS Region 8,3 wk ahead,Bin,percent,1.6,1.7,0.068999970631824
HHS Region 8,3 wk ahead,Bin,percent,1.7,1.8,0.0669999718792572
HHS Region 8,3 wk ahead,Bin,percent,1.8,1.9,0.0709999712181203
HHS Region 8,3 wk ahead,Bin,percent,1.9,2.0,0.0619999766703085
HHS Region 8,3 wk ahead,Bin,percent,2.0,2.1,0.0749999724245351
HHS Region 8,3 wk ahead,Bin,percent,2.1,2.2,0.0669999760237355
HHS Region 8,3 wk ahead,Bin,percent,2.2,2.3,0.0639999761616939
HHS Region 8,3 wk ahead,Bin,percent,2.3,2.4,0.0479999814255513
HHS Region 8,3 wk ahead,Bin,percent,2.4,2.5,0.0489999797827157
HHS Region 8,3 wk ahead,Bin,percent,2.5,2.6,0.0329999860689152
HHS Region 8,3 wk ahead,Bin,percent,2.6,2.7,0.0279999880280631
HHS Region 8,3 wk ahead,Bin,percent,2.7,2.8,0.0249999893056064
HHS Region 8,3 wk ahead,Bin,percent,2.8,2.9,0.0249999893056064
HHS Region 8,3 wk ahead,Bin,percent,2.9,3.0,0.0179999923158473
HHS Region 8,3 wk ahead,Bin,percent,3.0,3.1,0.0119999948960538
HHS Region 8,3 wk ahead,Bin,percent,3.1,3.2,0.0149999936059506
HHS Region 8,3 wk ahead,Bin,percent,3.2,3.3,0.00199999919639799
HHS Region 8,3 wk ahead,Bin,percent,3.3,3.4,0.00899999618615706
HHS Region 8,3 wk ahead,Bin,percent,3.4,3.5,0.00999999575612265
HHS Region 8,3 wk ahead,Bin,percent,3.5,3.6,0.00399999833632915
HHS Region 8,3 wk ahead,Bin,percent,3.6,3.7,0.00799999661619148
HHS Region 8,3 wk ahead,Bin,percent,3.7,3.8,0.0069999970462259
HHS Region 8,3 wk ahead,Bin,percent,3.8,3.9,0.000999999626432408
HHS Region 8,3 wk ahead,Bin,percent,3.9,4.0,0.00199999919639799
HHS Region 8,3 wk ahead,Bin,percent,4.0,4.1,0.000999999626432408
HHS Region 8,3 wk ahead,Bin,percent,4.1,4.2,5.64668259342943e-11
HHS Region 8,3 wk ahead,Bin,percent,4.2,4.3,0.00399999833632915
HHS Region 8,3 wk ahead,Bin,percent,4.3,4.4,0.000999999626432408
HHS Region 8,3 wk ahead,Bin,percent,4.4,4.5,0.000999999626432408
HHS Region 8,3 wk ahead,Bin,percent,4.5,4.6,0.000999999626432408
HHS Region 8,3 wk ahead,Bin,percent,4.6,4.7,0.000999999626432408
HHS Region 8,3 wk ahead,Bin,percent,4.7,4.8,0.00399999833632915
HHS Region 8,3 wk ahead,Bin,percent,4.8,4.9,5.64668259342943e-11
HHS Region 8,3 wk ahead,Bin,percent,4.9,5.0,0.000999999626432408
HHS Region 8,3 wk ahead,Bin,percent,5.0,5.1,5.64668259342943e-11
HHS Region 8,3 wk ahead,Bin,percent,5.1,5.2,0.000999999626432408
HHS Region 8,3 wk ahead,Bin,percent,5.2,5.3,5.64668259342943e-11
HHS Region 8,3 wk ahead,Bin,percent,5.3,5.4,0.000999999626432408
HHS Region 8,3 wk ahead,Bin,percent,5.4,5.5,5.64668259342943e-11
HHS Region 8,3 wk ahead,Bin,percent,5.5,5.6,5.64668259342943e-11
HHS Region 8,3 wk ahead,Bin,percent,5.6,5.7,5.64668259342943e-11
HHS Region 8,3 wk ahead,Bin,percent,5.7,5.8,5.64668259342943e-11
HHS Region 8,3 wk ahead,Bin,percent,5.8,5.9,5.64668259342943e-11
HHS Region 8,3 wk ahead,Bin,percent,5.9,6.0,5.64668259342943e-11
HHS Region 8,3 wk ahead,Bin,percent,6.0,6.1,5.64668259342943e-11
HHS Region 8,3 wk ahead,Bin,percent,6.1,6.2,0.000999999626432408
HHS Region 8,3 wk ahead,Bin,percent,6.2,6.3,0.000999999626432408
HHS Region 8,3 wk ahead,Bin,percent,6.3,6.4,5.64668259342943e-11
HHS Region 8,3 wk ahead,Bin,percent,6.4,6.5,0.000999999626432408
HHS Region 8,3 wk ahead,Bin,percent,6.5,6.6,5.64668259342943e-11
HHS Region 8,3 wk ahead,Bin,percent,6.6,6.7,5.64668259342943e-11
HHS Region 8,3 wk ahead,Bin,percent,6.7,6.8,5.64668259342943e-11
HHS Region 8,3 wk ahead,Bin,percent,6.8,6.9,5.64668259342943e-11
HHS Region 8,3 wk ahead,Bin,percent,6.9,7.0,5.64668259342943e-11
HHS Region 8,3 wk ahead,Bin,percent,7.0,7.1,0.000999999626432408
HHS Region 8,3 wk ahead,Bin,percent,7.1,7.2,5.64668259342943e-11
HHS Region 8,3 wk ahead,Bin,percent,7.2,7.3,5.64668259342943e-11
HHS Region 8,3 wk ahead,Bin,percent,7.3,7.4,0.000999999626432408
HHS Region 8,3 wk ahead,Bin,percent,7.4,7.5,0.000999999626432408
HHS Region 8,3 wk ahead,Bin,percent,7.5,7.6,5.64668259342943e-11
HHS Region 8,3 wk ahead,Bin,percent,7.6,7.7,5.64668259342943e-11
HHS Region 8,3 wk ahead,Bin,percent,7.7,7.8,5.64668259342943e-11
HHS Region 8,3 wk ahead,Bin,percent,7.8,7.9,5.64668259342943e-11
HHS Region 8,3 wk ahead,Bin,percent,7.9,8.0,5.64668259342943e-11
HHS Region 8,3 wk ahead,Bin,percent,8.0,8.1,0.000999999626432408
HHS Region 8,3 wk ahead,Bin,percent,8.1,8.2,5.64668259342953e-11
HHS Region 8,3 wk ahead,Bin,percent,8.2,8.3,5.64668259342953e-11
HHS Region 8,3 wk ahead,Bin,percent,8.3,8.4,5.64668259342953e-11
HHS Region 8,3 wk ahead,Bin,percent,8.4,8.5,5.64668259342953e-11
HHS Region 8,3 wk ahead,Bin,percent,8.5,8.6,5.64668259342953e-11
HHS Region 8,3 wk ahead,Bin,percent,8.6,8.7,5.64668259342953e-11
HHS Region 8,3 wk ahead,Bin,percent,8.7,8.8,0.000999999626432408
HHS Region 8,3 wk ahead,Bin,percent,8.8,8.9,5.64668259342953e-11
HHS Region 8,3 wk ahead,Bin,percent,8.9,9.0,5.64668259342953e-11
HHS Region 8,3 wk ahead,Bin,percent,9.0,9.1,5.64668259342953e-11
HHS Region 8,3 wk ahead,Bin,percent,9.1,9.2,5.64668259342953e-11
HHS Region 8,3 wk ahead,Bin,percent,9.2,9.3,5.64668259342953e-11
HHS Region 8,3 wk ahead,Bin,percent,9.3,9.4,5.64668259342953e-11
HHS Region 8,3 wk ahead,Bin,percent,9.4,9.5,5.64668259342953e-11
HHS Region 8,3 wk ahead,Bin,percent,9.5,9.6,5.64668259342953e-11
HHS Region 8,3 wk ahead,Bin,percent,9.6,9.7,5.64668259342953e-11
HHS Region 8,3 wk ahead,Bin,percent,9.7,9.8,5.64668259342953e-11
HHS Region 8,3 wk ahead,Bin,percent,9.8,9.9,5.64668259342953e-11
HHS Region 8,3 wk ahead,Bin,percent,9.9,10.0,5.64668259342953e-11
HHS Region 8,3 wk ahead,Bin,percent,10.0,10.1,5.64668259342953e-11
HHS Region 8,3 wk ahead,Bin,percent,10.1,10.2,5.64668259342953e-11
HHS Region 8,3 wk ahead,Bin,percent,10.2,10.3,5.64668259342953e-11
HHS Region 8,3 wk ahead,Bin,percent,10.3,10.4,5.64668259342953e-11
HHS Region 8,3 wk ahead,Bin,percent,10.4,10.5,5.64668259342953e-11
HHS Region 8,3 wk ahead,Bin,percent,10.5,10.6,5.64668259342953e-11
HHS Region 8,3 wk ahead,Bin,percent,10.6,10.7,5.64668259342953e-11
HHS Region 8,3 wk ahead,Bin,percent,10.7,10.8,5.64668259342953e-11
HHS Region 8,3 wk ahead,Bin,percent,10.8,10.9,5.64668259342953e-11
HHS Region 8,3 wk ahead,Bin,percent,10.9,11.0,5.64668259342953e-11
HHS Region 8,3 wk ahead,Bin,percent,11.0,11.1,5.64668259342953e-11
HHS Region 8,3 wk ahead,Bin,percent,11.1,11.2,5.64668259342953e-11
HHS Region 8,3 wk ahead,Bin,percent,11.2,11.3,5.64668259342953e-11
HHS Region 8,3 wk ahead,Bin,percent,11.3,11.4,5.64668259342953e-11
HHS Region 8,3 wk ahead,Bin,percent,11.4,11.5,5.64668259342953e-11
HHS Region 8,3 wk ahead,Bin,percent,11.5,11.6,5.64668259342953e-11
HHS Region 8,3 wk ahead,Bin,percent,11.6,11.7,5.64668259342953e-11
HHS Region 8,3 wk ahead,Bin,percent,11.7,11.8,5.64668259342953e-11
HHS Region 8,3 wk ahead,Bin,percent,11.8,11.9,5.64668259342953e-11
HHS Region 8,3 wk ahead,Bin,percent,11.9,12.0,5.64668259342953e-11
HHS Region 8,3 wk ahead,Bin,percent,12.0,12.1,5.64668259342953e-11
HHS Region 8,3 wk ahead,Bin,percent,12.1,12.2,5.64668259342953e-11
HHS Region 8,3 wk ahead,Bin,percent,12.2,12.3,5.64668259342953e-11
HHS Region 8,3 wk ahead,Bin,percent,12.3,12.4,5.64668259342953e-11
HHS Region 8,3 wk ahead,Bin,percent,12.4,12.5,5.64668259342953e-11
HHS Region 8,3 wk ahead,Bin,percent,12.5,12.6,5.64668259342953e-11
HHS Region 8,3 wk ahead,Bin,percent,12.6,12.7,5.64668259342953e-11
HHS Region 8,3 wk ahead,Bin,percent,12.7,12.8,5.64668259342953e-11
HHS Region 8,3 wk ahead,Bin,percent,12.8,12.9,5.64668259342953e-11
HHS Region 8,3 wk ahead,Bin,percent,12.9,13.0,5.64668259342953e-11
HHS Region 8,3 wk ahead,Bin,percent,13.0,100.0,5.64668259342953e-11
HHS Region 8,4 wk ahead,Bin,percent,0.0,0.1,5.01375796174451e-09
HHS Region 8,4 wk ahead,Bin,percent,0.1,0.2,0.00100001363901353
HHS Region 8,4 wk ahead,Bin,percent,0.2,0.3,1.96125289541847e-08
HHS Region 8,4 wk ahead,Bin,percent,0.3,0.4,0.00200002396137538
HHS Region 8,4 wk ahead,Bin,percent,0.4,0.5,0.00100002943416669
HHS Region 8,4 wk ahead,Bin,percent,0.5,0.6,0.00500003328030548
HHS Region 8,4 wk ahead,Bin,percent,0.6,0.7,0.00400003990548977
HHS Region 8,4 wk ahead,Bin,percent,0.7,0.8,0.00900004325881755
HHS Region 8,4 wk ahead,Bin,percent,0.8,0.9,0.017000042153501
HHS Region 8,4 wk ahead,Bin,percent,0.9,1.0,0.0190000382061609
HHS Region 8,4 wk ahead,Bin,percent,1.0,1.1,0.0250000268727724
HHS Region 8,4 wk ahead,Bin,percent,1.1,1.2,0.0390000089484764
HHS Region 8,4 wk ahead,Bin,percent,1.2,1.3,0.0509999925769507
HHS Region 8,4 wk ahead,Bin,percent,1.3,1.4,0.0519999842857968
HHS Region 8,4 wk ahead,Bin,percent,1.4,1.5,0.0619999757855119
HHS Region 8,4 wk ahead,Bin,percent,1.5,1.6,0.0649999727801454
HHS Region 8,4 wk ahead,Bin,percent,1.6,1.7,0.0829999645527277
HHS Region 8,4 wk ahead,Bin,percent,1.7,1.8,0.0749999680744236
HHS Region 8,4 wk ahead,Bin,percent,1.8,1.9,0.065999972477089
HHS Region 8,4 wk ahead,Bin,percent,1.9,2.0,0.0679999726679626
HHS Region 8,4 wk ahead,Bin,percent,2.0,2.1,0.0519999809451871
HHS Region 8,4 wk ahead,Bin,percent,2.1,2.2,0.0469999842277437
HHS Region 8,4 wk ahead,Bin,percent,2.2,2.3,0.0449999852689415
HHS Region 8,4 wk ahead,Bin,percent,2.3,2.4,0.0329999895374552
HHS Region 8,4 wk ahead,Bin,percent,2.4,2.5,0.0269999907218437
HHS Region 8,4 wk ahead,Bin,percent,2.5,2.6,0.0209999921007661
HHS Region 8,4 wk ahead,Bin,percent,2.6,2.7,0.0189999922547683
HHS Region 8,4 wk ahead,Bin,percent,2.7,2.8,0.0209999910932319
HHS Region 8,4 wk ahead,Bin,percent,2.8,2.9,0.00999999575305691
HHS Region 8,4 wk ahead,Bin,percent,2.9,3.0,0.00699999704312005
HHS Region 8,4 wk ahead,Bin,percent,3.0,3.1,0.0109999953229824
HHS Region 8,4 wk ahead,Bin,percent,3.1,3.2,0.00799999661308563
HHS Region 8,4 wk ahead,Bin,percent,3.2,3.3,0.00399999833322331
HHS Region 8,4 wk ahead,Bin,percent,3.3,3.4,0.00799999661308563
HHS Region 8,4 wk ahead,Bin,percent,3.4,3.5,0.0099999957530168
HHS Region 8,4 wk ahead,Bin,percent,3.5,3.6,0.00199999919329214
HHS Region 8,4 wk ahead,Bin,percent,3.6,3.7,0.00199999919329214
HHS Region 8,4 wk ahead,Bin,percent,3.7,3.8,0.000999999623326561
HHS Region 8,4 wk ahead,Bin,percent,3.8,3.9,0.00399999833322331
HHS Region 8,4 wk ahead,Bin,percent,3.9,4.0,0.000999999623326561
HHS Region 8,4 wk ahead,Bin,percent,4.0,4.1,0.00199999919329214
HHS Region 8,4 wk ahead,Bin,percent,4.1,4.2,0.00199999919329214
HHS Region 8,4 wk ahead,Bin,percent,4.2,4.3,5.33609795116049e-11
HHS Region 8,4 wk ahead,Bin,percent,4.3,4.4,0.000999999623326561
HHS Region 8,4 wk ahead,Bin,percent,4.4,4.5,0.00199999919329214
HHS Region 8,4 wk ahead,Bin,percent,4.5,4.6,0.00199999919329214
HHS Region 8,4 wk ahead,Bin,percent,4.6,4.7,5.33609795116049e-11
HHS Region 8,4 wk ahead,Bin,percent,4.7,4.8,0.000999999623326561
HHS Region 8,4 wk ahead,Bin,percent,4.8,4.9,5.33609795116049e-11
HHS Region 8,4 wk ahead,Bin,percent,4.9,5.0,5.33609795116049e-11
HHS Region 8,4 wk ahead,Bin,percent,5.0,5.1,0.00199999919329214
HHS Region 8,4 wk ahead,Bin,percent,5.1,5.2,0.000999999623326561
HHS Region 8,4 wk ahead,Bin,percent,5.2,5.3,5.33609795116049e-11
HHS Region 8,4 wk ahead,Bin,percent,5.3,5.4,0.000999999623326561
HHS Region 8,4 wk ahead,Bin,percent,5.4,5.5,5.33609795116049e-11
HHS Region 8,4 wk ahead,Bin,percent,5.5,5.6,0.00199999919329214
HHS Region 8,4 wk ahead,Bin,percent,5.6,5.7,5.33609795116049e-11
HHS Region 8,4 wk ahead,Bin,percent,5.7,5.8,5.33609795116049e-11
HHS Region 8,4 wk ahead,Bin,percent,5.8,5.9,5.33609795116049e-11
HHS Region 8,4 wk ahead,Bin,percent,5.9,6.0,5.33609795116049e-11
HHS Region 8,4 wk ahead,Bin,percent,6.0,6.1,5.33609795116049e-11
HHS Region 8,4 wk ahead,Bin,percent,6.1,6.2,5.33609795116049e-11
HHS Region 8,4 wk ahead,Bin,percent,6.2,6.3,5.33609795116049e-11
HHS Region 8,4 wk ahead,Bin,percent,6.3,6.4,5.33609795116049e-11
HHS Region 8,4 wk ahead,Bin,percent,6.4,6.5,5.33609795116049e-11
HHS Region 8,4 wk ahead,Bin,percent,6.5,6.6,0.000999999623326561
HHS Region 8,4 wk ahead,Bin,percent,6.6,6.7,5.33609795116049e-11
HHS Region 8,4 wk ahead,Bin,percent,6.7,6.8,5.33609795116049e-11
HHS Region 8,4 wk ahead,Bin,percent,6.8,6.9,5.33609795116049e-11
HHS Region 8,4 wk ahead,Bin,percent,6.9,7.0,0.000999999623326561
HHS Region 8,4 wk ahead,Bin,percent,7.0,7.1,5.33609795116049e-11
HHS Region 8,4 wk ahead,Bin,percent,7.1,7.2,5.33609795116049e-11
HHS Region 8,4 wk ahead,Bin,percent,7.2,7.3,0.000999999623326561
HHS Region 8,4 wk ahead,Bin,percent,7.3,7.4,5.33609795116049e-11
HHS Region 8,4 wk ahead,Bin,percent,7.4,7.5,5.33609795116049e-11
HHS Region 8,4 wk ahead,Bin,percent,7.5,7.6,5.33609795116049e-11
HHS Region 8,4 wk ahead,Bin,percent,7.6,7.7,5.33609795116049e-11
HHS Region 8,4 wk ahead,Bin,percent,7.7,7.8,5.33609795116049e-11
HHS Region 8,4 wk ahead,Bin,percent,7.8,7.9,5.33609795116049e-11
HHS Region 8,4 wk ahead,Bin,percent,7.9,8.0,5.33609795116049e-11
HHS Region 8,4 wk ahead,Bin,percent,8.0,8.1,5.33609795116054e-11
HHS Region 8,4 wk ahead,Bin,percent,8.1,8.2,0.00199999919329214
HHS Region 8,4 wk ahead,Bin,percent,8.2,8.3,5.33609795116059e-11
HHS Region 8,4 wk ahead,Bin,percent,8.3,8.4,0.000999999623326561
HHS Region 8,4 wk ahead,Bin,percent,8.4,8.5,0.000999999623326561
HHS Region 8,4 wk ahead,Bin,percent,8.5,8.6,5.33609795116059e-11
HHS Region 8,4 wk ahead,Bin,percent,8.6,8.7,5.33609795116059e-11
HHS Region 8,4 wk ahead,Bin,percent,8.7,8.8,5.33609795116059e-11
HHS Region 8,4 wk ahead,Bin,percent,8.8,8.9,5.33609795116059e-11
HHS Region 8,4 wk ahead,Bin,percent,8.9,9.0,5.33609795116059e-11
HHS Region 8,4 wk ahead,Bin,percent,9.0,9.1,5.33609795116059e-11
HHS Region 8,4 wk ahead,Bin,percent,9.1,9.2,5.33609795116059e-11
HHS Region 8,4 wk ahead,Bin,percent,9.2,9.3,5.33609795116059e-11
HHS Region 8,4 wk ahead,Bin,percent,9.3,9.4,5.33609795116059e-11
HHS Region 8,4 wk ahead,Bin,percent,9.4,9.5,5.33609795116059e-11
HHS Region 8,4 wk ahead,Bin,percent,9.5,9.6,5.33609795116059e-11
HHS Region 8,4 wk ahead,Bin,percent,9.6,9.7,5.33609795116059e-11
HHS Region 8,4 wk ahead,Bin,percent,9.7,9.8,5.33609795116059e-11
HHS Region 8,4 wk ahead,Bin,percent,9.8,9.9,5.33609795116059e-11
HHS Region 8,4 wk ahead,Bin,percent,9.9,10.0,5.33609795116059e-11
HHS Region 8,4 wk ahead,Bin,percent,10.0,10.1,5.33609795116059e-11
HHS Region 8,4 wk ahead,Bin,percent,10.1,10.2,5.33609795116059e-11
HHS Region 8,4 wk ahead,Bin,percent,10.2,10.3,5.33609795116059e-11
HHS Region 8,4 wk ahead,Bin,percent,10.3,10.4,5.33609795116059e-11
HHS Region 8,4 wk ahead,Bin,percent,10.4,10.5,5.33609795116059e-11
HHS Region 8,4 wk ahead,Bin,percent,10.5,10.6,5.33609795116059e-11
HHS Region 8,4 wk ahead,Bin,percent,10.6,10.7,5.33609795116059e-11
HHS Region 8,4 wk ahead,Bin,percent,10.7,10.8,5.33609795116059e-11
HHS Region 8,4 wk ahead,Bin,percent,10.8,10.9,5.33609795116059e-11
HHS Region 8,4 wk ahead,Bin,percent,10.9,11.0,5.33609795116059e-11
HHS Region 8,4 wk ahead,Bin,percent,11.0,11.1,5.33609795116059e-11
HHS Region 8,4 wk ahead,Bin,percent,11.1,11.2,5.33609795116059e-11
HHS Region 8,4 wk ahead,Bin,percent,11.2,11.3,5.33609795116059e-11
HHS Region 8,4 wk ahead,Bin,percent,11.3,11.4,5.33609795116059e-11
HHS Region 8,4 wk ahead,Bin,percent,11.4,11.5,5.33609795116059e-11
HHS Region 8,4 wk ahead,Bin,percent,11.5,11.6,5.33609795116059e-11
HHS Region 8,4 wk ahead,Bin,percent,11.6,11.7,5.33609795116059e-11
HHS Region 8,4 wk ahead,Bin,percent,11.7,11.8,5.33609795116059e-11
HHS Region 8,4 wk ahead,Bin,percent,11.8,11.9,5.33609795116059e-11
HHS Region 8,4 wk ahead,Bin,percent,11.9,12.0,5.33609795116059e-11
HHS Region 8,4 wk ahead,Bin,percent,12.0,12.1,5.33609795116059e-11
HHS Region 8,4 wk ahead,Bin,percent,12.1,12.2,5.33609795116059e-11
HHS Region 8,4 wk ahead,Bin,percent,12.2,12.3,5.33609795116059e-11
HHS Region 8,4 wk ahead,Bin,percent,12.3,12.4,5.33609795116059e-11
HHS Region 8,4 wk ahead,Bin,percent,12.4,12.5,5.33609795116059e-11
HHS Region 8,4 wk ahead,Bin,percent,12.5,12.6,5.33609795116059e-11
HHS Region 8,4 wk ahead,Bin,percent,12.6,12.7,5.33609795116059e-11
HHS Region 8,4 wk ahead,Bin,percent,12.7,12.8,5.33609795116059e-11
HHS Region 8,4 wk ahead,Bin,percent,12.8,12.9,5.33609795116059e-11
HHS Region 8,4 wk ahead,Bin,percent,12.9,13.0,5.33609795116059e-11
HHS Region 8,4 wk ahead,Bin,percent,13.0,100.0,5.33609795116059e-11
HHS Region 8,Season onset,Bin,week,40.0,41.0,4.83118393180067e-05
HHS Region 8,Season onset,Bin,week,41.0,42.0,4.83118393180067e-05
HHS Region 8,Season onset,Bin,week,42.0,43.0,4.8311844187829e-05
HHS Region 8,Season onset,Bin,week,43.0,44.0,0.000127912750602633
HHS Region 8,Season onset,Bin,week,44.0,45.0,0.000879744000178965
HHS Region 8,Season onset,Bin,week,45.0,46.0,0.00283743762609403
HHS Region 8,Season onset,Bin,week,46.0,47.0,0.00442852721021396
HHS Region 8,Season onset,Bin,week,47.0,48.0,0.00483915359492011
HHS Region 8,Season onset,Bin,week,48.0,49.0,0.891684231406253
HHS Region 8,Season onset,Bin,week,49.0,50.0,0.0137701172593832
HHS Region 8,Season onset,Bin,week,50.0,51.0,0.0143161618502466
HHS Region 8,Season onset,Bin,week,51.0,52.0,0.00908147987662218
HHS Region 8,Season onset,Bin,week,52.0,53.0,0.00355077514022112
HHS Region 8,Season onset,Bin,week,1.0,2.0,0.00083767073264725
HHS Region 8,Season onset,Bin,week,2.0,3.0,0.000569970977087188
HHS Region 8,Season onset,Bin,week,3.0,4.0,0.00331775051423489
HHS Region 8,Season onset,Bin,week,4.0,5.0,0.010623440839278
HHS Region 8,Season onset,Bin,week,5.0,6.0,0.0156578526991416
HHS Region 8,Season onset,Bin,week,6.0,7.0,0.0106232543770938
HHS Region 8,Season onset,Bin,week,7.0,8.0,0.00331184342080404
HHS Region 8,Season onset,Bin,week,8.0,9.0,0.000481847530757178
HHS Region 8,Season onset,Bin,week,9.0,10.0,0.000181972613500488
HHS Region 8,Season onset,Bin,week,10.0,11.0,0.000181972606195967
HHS Region 8,Season onset,Bin,week,11.0,12.0,0.000181972606195967
HHS Region 8,Season onset,Bin,week,12.0,13.0,0.000181972606195967
HHS Region 8,Season onset,Bin,week,13.0,14.0,0.000181972606195967
HHS Region 8,Season onset,Bin,week,14.0,15.0,0.000181972606195967
HHS Region 8,Season onset,Bin,week,15.0,16.0,0.000181972606195967
HHS Region 8,Season onset,Bin,week,16.0,17.0,0.000181972606195967
HHS Region 8,Season onset,Bin,week,17.0,18.0,0.000181972606195967
HHS Region 8,Season onset,Bin,week,18.0,19.0,0.000181972606195967
HHS Region 8,Season onset,Bin,week,19.0,20.0,0.000181972606195967
HHS Region 8,Season onset,Bin,week,20.0,21.0,0.000181972606195967
HHS Region 8,Season onset,Bin,week,none,none,0.00673222138974013
HHS Region 8,Season peak percentage,Bin,percent,0.0,0.1,9.18376663357042e-06
HHS Region 8,Season peak percentage,Bin,percent,0.1,0.2,1.83675332671408e-05
HHS Region 8,Season peak percentage,Bin,percent,0.2,0.3,1.83675332671408e-05
HHS Region 8,Season peak percentage,Bin,percent,0.3,0.4,1.83675332671408e-05
HHS Region 8,Season peak percentage,Bin,percent,0.4,0.5,1.83675332671408e-05
HHS Region 8,Season peak percentage,Bin,percent,0.5,0.6,1.83675332671408e-05
HHS Region 8,Season peak percentage,Bin,percent,0.6,0.7,2.12882467354154e-05
HHS Region 8,Season peak percentage,Bin,percent,0.7,0.8,3.75380237920593e-05
HHS Region 8,Season peak percentage,Bin,percent,0.8,0.9,6.55734559115615e-05
HHS Region 8,Season peak percentage,Bin,percent,0.9,1.0,0.000110325710606399
HHS Region 8,Season peak percentage,Bin,percent,1.0,1.1,0.000178798938336479
HHS Region 8,Season peak percentage,Bin,percent,1.1,1.2,0.000279184327710487
HHS Region 8,Season peak percentage,Bin,percent,1.2,1.3,0.000420149503879615
HHS Region 8,Season peak percentage,Bin,percent,1.3,1.4,0.000609538947893714
HHS Region 8,Season peak percentage,Bin,percent,1.4,1.5,0.000852653601092976
HHS Region 8,Season peak percentage,Bin,percent,1.5,1.6,0.00115060222950321
HHS Region 8,Season peak percentage,Bin,percent,1.6,1.7,0.00149849025881193
HHS Region 8,Season peak percentage,Bin,percent,1.7,1.8,0.00188456385540849
HHS Region 8,Season peak percentage,Bin,percent,1.8,1.9,0.00229040541561062
HHS Region 8,Season peak percentage,Bin,percent,1.9,2.0,0.00269242734463179
HHS Region 8,Season peak percentage,Bin,percent,2.0,2.1,0.00306470783715172
HHS Region 8,Season peak percentage,Bin,percent,2.1,2.2,0.00338280504489527
HHS Region 8,Season peak percentage,Bin,percent,2.2,2.3,0.00362747984058898
HHS Region 8,Season peak percentage,Bin,percent,2.3,2.4,0.00378778438066198
HHS Region 8,Season peak percentage,Bin,percent,2.4,2.5,0.00386336266066371
HHS Region 8,Season peak percentage,Bin,percent,2.5,2.6,0.00386421290422565
HHS Region 8,Season peak percentage,Bin,percent,2.6,2.7,0.00380900698262302
HHS Region 8,Season peak percentage,Bin,percent,2.7,2.8,0.0037219468021235
HHS Region 8,Season peak percentage,Bin,percent,2.8,2.9,0.00362876884924063
HHS Region 8,Season peak percentage,Bin,percent,2.9,3.0,0.00355241924453497
HHS Region 8,Season peak percentage,Bin,percent,3.0,3.1,0.00350944409762816
HHS Region 8,Season peak percentage,Bin,percent,3.1,3.2,0.00350749729585384
HHS Region 8,Season peak percentage,Bin,percent,3.2,3.3,0.00354447530401555
HHS Region 8,Season peak percentage,Bin,percent,3.3,3.4,0.00360940958242477
HHS Region 8,Season peak percentage,Bin,percent,3.4,3.5,0.00368473646615102
HHS Region 8,Season peak percentage,Bin,percent,3.5,3.6,0.00374977660132903
HHS Region 8,Season peak percentage,Bin,percent,3.6,3.7,0.00378452932279184
HHS Region 8,Season peak percentage,Bin,percent,3.7,3.8,0.003772877300542
HHS Region 8,Season peak percentage,Bin,percent,3.8,3.9,0.00370466913909135
HHS Region 8,Season peak percentage,Bin,percent,3.9,4.0,0.0035768577315214
HHS Region 8,Season peak percentage,Bin,percent,4.0,4.1,0.00339266794279446
HHS Region 8,Season peak percentage,Bin,percent,4.1,4.2,0.00316012436874354
HHS Region 8,Season peak percentage,Bin,percent,4.2,4.3,0.00289027470508231
HHS Region 8,Season peak percentage,Bin,percent,4.3,4.4,0.00259548963423334
HHS Region 8,Season peak percentage,Bin,percent,4.4,4.5,0.00228827659736522
HHS Region 8,Season peak percentage,Bin,percent,4.5,4.6,0.00198055251139964
HHS Region 8,Season peak percentage,Bin,percent,4.6,4.7,0.00168341265309551
HHS Region 8,Season peak percentage,Bin,percent,4.7,4.8,0.00140694629186308
HHS Region 8,Season peak percentage,Bin,percent,4.8,4.9,0.00116005305546976
HHS Region 8,Season peak percentage,Bin,percent,4.9,5.0,0.000949926874310413
HHS Region 8,Season peak percentage,Bin,percent,5.0,5.1,0.000781532663629306
HHS Region 8,Season peak percentage,Bin,percent,5.1,5.2,0.000657041592532266
HHS Region 8,Season peak percentage,Bin,percent,5.2,5.3,0.000575488530523222
HHS Region 8,Season peak percentage,Bin,percent,5.3,5.4,0.000532735211131378
HHS Region 8,Season peak percentage,Bin,percent,5.4,5.5,0.000521587361664827
HHS Region 8,Season peak percentage,Bin,percent,5.5,5.6,0.000532795649886268
HHS Region 8,Season peak percentage,Bin,percent,5.6,5.7,0.000556019298242227
HHS Region 8,Season peak percentage,Bin,percent,5.7,5.8,0.000581021640538841
HHS Region 8,Season peak percentage,Bin,percent,5.8,5.9,0.000598931094654086
HHS Region 8,Season peak percentage,Bin,percent,5.9,6.0,0.000603279582414951
HHS Region 8,Season peak percentage,Bin,percent,6.0,6.1,0.000590582698466011
HHS Region 8,Season peak percentage,Bin,percent,6.1,6.2,0.000560456734665698
HHS Region 8,Season peak percentage,Bin,percent,6.2,6.3,0.000515228718664625
HHS Region 8,Season peak percentage,Bin,percent,6.3,6.4,0.000459098557718159
HHS Region 8,Season peak percentage,Bin,percent,6.4,6.5,0.000397164757028751
HHS Region 8,Season peak percentage,Bin,percent,6.5,6.6,0.00033440975876014
HHS Region 8,Season peak percentage,Bin,percent,6.6,6.7,0.000274935541564455
HHS Region 8,Season peak percentage,Bin,percent,6.7,6.8,0.000221550181083709
HHS Region 8,Season peak percentage,Bin,percent,6.8,6.9,0.867776709336996
HHS Region 8,Season peak percentage,Bin,percent,6.9,7.0,0.00102112125259493
HHS Region 8,Season peak percentage,Bin,percent,7.0,7.1,0.000106750961711221
HHS Region 8,Season peak percentage,Bin,percent,7.1,7.2,8.21130851202055e-05
HHS Region 8,Season peak percentage,Bin,percent,7.2,7.3,6.259365282563e-05
HHS Region 8,Season peak percentage,Bin,percent,7.3,7.4,0.000930684449362953
HHS Region 8,Season peak percentage,Bin,percent,7.4,7.5,3.50432423202332e-05
HHS Region 8,Season peak percentage,Bin,percent,7.5,7.6,2.55463230870659e-05
HHS Region 8,Season peak percentage,Bin,percent,7.6,7.7,0.000901709796537819
HHS Region 8,Season peak percentage,Bin,percent,7.7,7.8,1.26364991821259e-05
HHS Region 8,Season peak percentage,Bin,percent,7.8,7.9,8.51750348214051e-06
HHS Region 8,Season peak percentage,Bin,percent,7.9,8.0,5.56173330355442e-06
HHS Region 8,Season peak percentage,Bin,percent,8.0,8.1,0.000887015224658612
HHS Region 8,Season peak percentage,Bin,percent,8.1,8.2,0.00265265214096937
HHS Region 8,Season peak percentage,Bin,percent,8.2,8.3,0.000884761833937469
HHS Region 8,Season peak percentage,Bin,percent,8.3,8.4,7.32117815758044e-07
HHS Region 8,Season peak percentage,Bin,percent,8.4,8.5,0.00176764428174836
HHS Region 8,Season peak percentage,Bin,percent,8.5,8.6,6.36108306543036e-07
HHS Region 8,Season peak percentage,Bin,percent,8.6,8.7,0.000884140195027451
HHS Region 8,Season peak percentage,Bin,percent,8.7,8.8,0.00176764428174836
HHS Region 8,Season peak percentage,Bin,percent,8.8,8.9,6.36108306543036e-07
HHS Region 8,Season peak percentage,Bin,percent,8.9,9.0,6.36108306543036e-07
HHS Region 8,Season peak percentage,Bin,percent,9.0,9.1,6.36108306543036e-07
HHS Region 8,Season peak percentage,Bin,percent,9.1,9.2,6.36108306543036e-07
HHS Region 8,Season peak percentage,Bin,percent,9.2,9.3,6.36108306543036e-07
HHS Region 8,Season peak percentage,Bin,percent,9.3,9.4,6.36108306543036e-07
HHS Region 8,Season peak percentage,Bin,percent,9.4,9.5,6.36108306543036e-07
HHS Region 8,Season peak percentage,Bin,percent,9.5,9.6,6.36108306543036e-07
HHS Region 8,Season peak percentage,Bin,percent,9.6,9.7,6.36108306543036e-07
HHS Region 8,Season peak percentage,Bin,percent,9.7,9.8,6.36108306543036e-07
HHS Region 8,Season peak percentage,Bin,percent,9.8,9.9,6.36108306543036e-07
HHS Region 8,Season peak percentage,Bin,percent,9.9,10.0,0.000884140195027451
HHS Region 8,Season peak percentage,Bin,percent,10.0,10.1,0.000884140195027451
HHS Region 8,Season peak percentage,Bin,percent,10.1,10.2,6.36108306543036e-07
HHS Region 8,Season peak percentage,Bin,percent,10.2,10.3,6.36108306543036e-07
HHS Region 8,Season peak percentage,Bin,percent,10.3,10.4,6.36108306543036e-07
HHS Region 8,Season peak percentage,Bin,percent,10.4,10.5,6.36108306543036e-07
HHS Region 8,Season peak percentage,Bin,percent,10.5,10.6,6.36108306543036e-07
HHS Region 8,Season peak percentage,Bin,percent,10.6,10.7,6.36108306543036e-07
HHS Region 8,Season peak percentage,Bin,percent,10.7,10.8,6.36108306543036e-07
HHS Region 8,Season peak percentage,Bin,percent,10.8,10.9,6.36108306543036e-07
HHS Region 8,Season peak percentage,Bin,percent,10.9,11.0,6.36108306543036e-07
HHS Region 8,Season peak percentage,Bin,percent,11.0,11.1,6.36108306543036e-07
HHS Region 8,Season peak percentage,Bin,percent,11.1,11.2,0.000884140195027451
HHS Region 8,Season peak percentage,Bin,percent,11.2,11.3,6.36108306543036e-07
HHS Region 8,Season peak percentage,Bin,percent,11.3,11.4,6.36108306543036e-07
HHS Region 8,Season peak percentage,Bin,percent,11.4,11.5,0.000884140195027451
HHS Region 8,Season peak percentage,Bin,percent,11.5,11.6,6.36108306543036e-07
HHS Region 8,Season peak percentage,Bin,percent,11.6,11.7,6.36108306543036e-07
HHS Region 8,Season peak percentage,Bin,percent,11.7,11.8,6.36108306543036e-07
HHS Region 8,Season peak percentage,Bin,percent,11.8,11.9,6.36108306543036e-07
HHS Region 8,Season peak percentage,Bin,percent,11.9,12.0,0.000884140195027451
HHS Region 8,Season peak percentage,Bin,percent,12.0,12.1,6.36108306543036e-07
HHS Region 8,Season peak percentage,Bin,percent,12.1,12.2,6.36108306543036e-07
HHS Region 8,Season peak percentage,Bin,percent,12.2,12.3,6.36108306543036e-07
HHS Region 8,Season peak percentage,Bin,percent,12.3,12.4,6.36108306543036e-07
HHS Region 8,Season peak percentage,Bin,percent,12.4,12.5,6.36108306543036e-07
HHS Region 8,Season peak percentage,Bin,percent,12.5,12.6,6.36108306543036e-07
HHS Region 8,Season peak percentage,Bin,percent,12.6,12.7,6.36108306543036e-07
HHS Region 8,Season peak percentage,Bin,percent,12.7,12.8,6.36108306543036e-07
HHS Region 8,Season peak percentage,Bin,percent,12.8,12.9,6.36108306543036e-07
HHS Region 8,Season peak percentage,Bin,percent,12.9,13.0,6.36108306543036e-07
HHS Region 8,Season peak percentage,Bin,percent,13.0,100.0,6.36108306543036e-07
HHS Region 8,Season peak week,Bin,week,40.0,41.0,0.00150013710309794
HHS Region 8,Season peak week,Bin,week,41.0,42.0,0.00127392579329203
HHS Region 8,Season peak week,Bin,week,42.0,43.0,0.000780392318888493
HHS Region 8,Season peak week,Bin,week,43.0,44.0,0.000346627704718481
HHS Region 8,Season peak week,Bin,week,44.0,45.0,0.00011965191245149
HHS Region 8,Season peak week,Bin,week,45.0,46.0,5.77540651061868e-05
HHS Region 8,Season peak week,Bin,week,46.0,47.0,8.63046579418655e-05
HHS Region 8,Season peak week,Bin,week,47.0,48.0,0.000184915857561357
HHS Region 8,Season peak week,Bin,week,48.0,49.0,0.000438701769212305
HHS Region 8,Season peak week,Bin,week,49.0,50.0,0.00107978340098884
HHS Region 8,Season peak week,Bin,week,50.0,51.0,0.00230627614709365
HHS Region 8,Season peak week,Bin,week,51.0,52.0,0.00384162425074438
HHS Region 8,Season peak week,Bin,week,52.0,53.0,0.0049223572982363
HHS Region 8,Season peak week,Bin,week,1.0,2.0,0.0051571121890636
HHS Region 8,Season peak week,Bin,week,2.0,3.0,0.00510492180806778
HHS Region 8,Season peak week,Bin,week,3.0,4.0,0.0055846124967251
HHS Region 8,Season peak week,Bin,week,4.0,5.0,0.00691852683153171
HHS Region 8,Season peak week,Bin,week,5.0,6.0,0.877561688208335
HHS Region 8,Season peak week,Bin,week,6.0,7.0,0.011719383491389
HHS Region 8,Season peak week,Bin,week,7.0,8.0,0.0135340777148774
HHS Region 8,Season peak week,Bin,week,8.0,9.0,0.0131120132512464
HHS Region 8,Season peak week,Bin,week,9.0,10.0,0.0105806798552835
HHS Region 8,Season peak week,Bin,week,10.0,11.0,0.00753174211712418
HHS Region 8,Season peak week,Bin,week,11.0,12.0,0.0050912933772394
HHS Region 8,Season peak week,Bin,week,12.0,13.0,0.00322920600916168
HHS Region 8,Season peak week,Bin,week,13.0,14.0,0.00174304498322183
HHS Region 8,Season peak week,Bin,week,14.0,15.0,0.000732620908000282
HHS Region 8,Season peak week,Bin,week,15.0,16.0,0.00199766565302001
HHS Region 8,Season peak week,Bin,week,16.0,17.0,0.00359261292503218
HHS Region 8,Season peak week,Bin,week,17.0,18.0,0.00180429511894003
HHS Region 8,Season peak week,Bin,week,18.0,19.0,0.00357307206933224
HHS Region 8,Season peak week,Bin,week,19.0,20.0,0.00180429511894003
HHS Region 8,Season peak week,Bin,week,20.0,21.0,0.00268868359413613
HHS Region 9,1 wk ahead,Bin,percent,0.0,0.1,6.36119015201389e-09
HHS Region 9,1 wk ahead,Bin,percent,0.1,0.2,2.62594299603413e-08
HHS Region 9,1 wk ahead,Bin,percent,0.2,0.3,5.67175003274468e-08
HHS Region 9,1 wk ahead,Bin,percent,0.3,0.4,1.02548881764897e-07
HHS Region 9,1 wk ahead,Bin,percent,0.4,0.5,1.57066817074477e-07
HHS Region 9,1 wk ahead,Bin,percent,0.5,0.6,2.06908934392165e-07
HHS Region 9,1 wk ahead,Bin,percent,0.6,0.7,2.38293519339898e-07
HHS Region 9,1 wk ahead,Bin,percent,0.7,0.8,2.43014611669879e-07
HHS Region 9,1 wk ahead,Bin,percent,0.8,0.9,2.20883848432453e-07
HHS Region 9,1 wk ahead,Bin,percent,0.9,1.0,1.80819142666304e-07
HHS Region 9,1 wk ahead,Bin,percent,1.0,1.1,1.41487604069508e-07
HHS Region 9,1 wk ahead,Bin,percent,1.1,1.2,1.28298731683338e-07
HHS Region 9,1 wk ahead,Bin,percent,1.2,1.3,0.00100015081697459
HHS Region 9,1 wk ahead,Bin,percent,1.3,1.4,2.71622800513791e-07
HHS Region 9,1 wk ahead,Bin,percent,1.4,1.5,0.00100043113119591
HHS Region 9,1 wk ahead,Bin,percent,1.5,1.6,0.00300062549343641
HHS Region 9,1 wk ahead,Bin,percent,1.6,1.7,0.00900076655840121
HHS Region 9,1 wk ahead,Bin,percent,1.7,1.8,0.00400102875055275
HHS Region 9,1 wk ahead,Bin,percent,1.8,1.9,0.00900104562941625
HHS Region 9,1 wk ahead,Bin,percent,1.9,2.0,0.0110010049734597
HHS Region 9,1 wk ahead,Bin,percent,2.0,2.1,0.0130008857090868
HHS Region 9,1 wk ahead,Bin,percent,2.1,2.2,0.0190006694359305
HHS Region 9,1 wk ahead,Bin,percent,2.2,2.3,0.0300003778754408
HHS Region 9,1 wk ahead,Bin,percent,2.3,2.4,0.0310002591318896
HHS Region 9,1 wk ahead,Bin,percent,2.4,2.5,0.0639996708345749
HHS Region 9,1 wk ahead,Bin,percent,2.5,2.6,0.0659995714415463
HHS Region 9,1 wk ahead,Bin,percent,2.6,2.7,0.0689994671834994
HHS Region 9,1 wk ahead,Bin,percent,2.7,2.8,0.0789992664002841
HHS Region 9,1 wk ahead,Bin,percent,2.8,2.9,0.0809991946030305
HHS Region 9,1 wk ahead,Bin,percent,2.9,3.0,0.0759992228458305
HHS Region 9,1 wk ahead,Bin,percent,3.0,3.1,0.0779991234457439
HHS Region 9,1 wk ahead,Bin,percent,3.1,3.2,0.0769990515770842
HHS Region 9,1 wk ahead,Bin,percent,3.2,3.3,0.0629991784895653
HHS Region 9,1 wk ahead,Bin,percent,3.3,3.4,0.0569992018153885
HHS Region 9,1 wk ahead,Bin,percent,3.4,3.5,0.0289995883271288
HHS Region 9,1 wk ahead,Bin,percent,3.5,3.6,0.0299995522080889
HHS Region 9,1 wk ahead,Bin,percent,3.6,3.7,0.0189997125484135
HHS Region 9,1 wk ahead,Bin,percent,3.7,3.8,0.0159997572151475
HHS Region 9,1 wk ahead,Bin,percent,3.8,3.9,0.00799987974089399
HHS Region 9,1 wk ahead,Bin,percent,3.9,4.0,0.010999833793739
HHS Region 9,1 wk ahead,Bin,percent,4.0,4.1,0.00899986442517567
HHS Region 9,1 wk ahead,Bin,percent,4.1,4.2,0.00399994100376725
HHS Region 9,1 wk ahead,Bin,percent,4.2,4.3,0.00599991037233062
HHS Region 9,1 wk ahead,Bin,percent,4.3,4.4,0.00299995631948557
HHS Region 9,1 wk ahead,Bin,percent,4.4,4.5,0.00399994100376725
HHS Region 9,1 wk ahead,Bin,percent,4.5,4.6,0.00399994100376725
HHS Region 9,1 wk ahead,Bin,percent,4.6,4.7,0.00199997163520389
HHS Region 9,1 wk ahead,Bin,percent,4.7,4.8,0.000999986950922201
HHS Region 9,1 wk ahead,Bin,percent,4.8,4.9,2.26664051729815e-09
HHS Region 9,1 wk ahead,Bin,percent,4.9,5.0,2.26664051729815e-09
HHS Region 9,1 wk ahead,Bin,percent,5.0,5.1,0.00199997163520389
HHS Region 9,1 wk ahead,Bin,percent,5.1,5.2,2.26664051729815e-09
HHS Region 9,1 wk ahead,Bin,percent,5.2,5.3,0.000999986950922201
HHS Region 9,1 wk ahead,Bin,percent,5.3,5.4,0.00199997163520389
HHS Region 9,1 wk ahead,Bin,percent,5.4,5.5,0.00199997163520389
HHS Region 9,1 wk ahead,Bin,percent,5.5,5.6,2.26664051729815e-09
HHS Region 9,1 wk ahead,Bin,percent,5.6,5.7,2.26664051729815e-09
HHS Region 9,1 wk ahead,Bin,percent,5.7,5.8,0.00299995631948557
HHS Region 9,1 wk ahead,Bin,percent,5.8,5.9,2.26664051729815e-09
HHS Region 9,1 wk ahead,Bin,percent,5.9,6.0,0.000999986950922201
HHS Region 9,1 wk ahead,Bin,percent,6.0,6.1,0.000999986950922201
HHS Region 9,1 wk ahead,Bin,percent,6.1,6.2,0.000999986950922201
HHS Region 9,1 wk ahead,Bin,percent,6.2,6.3,2.26664051729815e-09
HHS Region 9,1 wk ahead,Bin,percent,6.3,6.4,2.26664051729815e-09
HHS Region 9,1 wk ahead,Bin,percent,6.4,6.5,2.26664051729815e-09
HHS Region 9,1 wk ahead,Bin,percent,6.5,6.6,2.26664051729815e-09
HHS Region 9,1 wk ahead,Bin,percent,6.6,6.7,2.26664051729815e-09
HHS Region 9,1 wk ahead,Bin,percent,6.7,6.8,2.26664051729815e-09
HHS Region 9,1 wk ahead,Bin,percent,6.8,6.9,2.26664051729815e-09
HHS Region 9,1 wk ahead,Bin,percent,6.9,7.0,2.26664051729815e-09
HHS Region 9,1 wk ahead,Bin,percent,7.0,7.1,2.26664051729815e-09
HHS Region 9,1 wk ahead,Bin,percent,7.1,7.2,2.26664051729815e-09
HHS Region 9,1 wk ahead,Bin,percent,7.2,7.3,2.26664051729815e-09
HHS Region 9,1 wk ahead,Bin,percent,7.3,7.4,2.26664051729815e-09
HHS Region 9,1 wk ahead,Bin,percent,7.4,7.5,2.26664051729815e-09
HHS Region 9,1 wk ahead,Bin,percent,7.5,7.6,2.26664051729815e-09
HHS Region 9,1 wk ahead,Bin,percent,7.6,7.7,2.26664051729815e-09
HHS Region 9,1 wk ahead,Bin,percent,7.7,7.8,2.26664051729815e-09
HHS Region 9,1 wk ahead,Bin,percent,7.8,7.9,2.26664051729815e-09
HHS Region 9,1 wk ahead,Bin,percent,7.9,8.0,2.26664051729815e-09
HHS Region 9,1 wk ahead,Bin,percent,8.0,8.1,2.26664051729817e-09
HHS Region 9,1 wk ahead,Bin,percent,8.1,8.2,2.26664051729819e-09
HHS Region 9,1 wk ahead,Bin,percent,8.2,8.3,2.26664051729819e-09
HHS Region 9,1 wk ahead,Bin,percent,8.3,8.4,2.26664051729819e-09
HHS Region 9,1 wk ahead,Bin,percent,8.4,8.5,2.26664051729819e-09
HHS Region 9,1 wk ahead,Bin,percent,8.5,8.6,2.26664051729819e-09
HHS Region 9,1 wk ahead,Bin,percent,8.6,8.7,2.26664051729819e-09
HHS Region 9,1 wk ahead,Bin,percent,8.7,8.8,2.26664051729819e-09
HHS Region 9,1 wk ahead,Bin,percent,8.8,8.9,2.26664051729819e-09
HHS Region 9,1 wk ahead,Bin,percent,8.9,9.0,2.26664051729819e-09
HHS Region 9,1 wk ahead,Bin,percent,9.0,9.1,2.26664051729819e-09
HHS Region 9,1 wk ahead,Bin,percent,9.1,9.2,2.26664051729819e-09
HHS Region 9,1 wk ahead,Bin,percent,9.2,9.3,2.26664051729819e-09
HHS Region 9,1 wk ahead,Bin,percent,9.3,9.4,2.26664051729819e-09
HHS Region 9,1 wk ahead,Bin,percent,9.4,9.5,2.26664051729819e-09
HHS Region 9,1 wk ahead,Bin,percent,9.5,9.6,2.26664051729819e-09
HHS Region 9,1 wk ahead,Bin,percent,9.6,9.7,2.26664051729819e-09
HHS Region 9,1 wk ahead,Bin,percent,9.7,9.8,2.26664051729819e-09
HHS Region 9,1 wk ahead,Bin,percent,9.8,9.9,2.26664051729819e-09
HHS Region 9,1 wk ahead,Bin,percent,9.9,10.0,2.26664051729819e-09
HHS Region 9,1 wk ahead,Bin,percent,10.0,10.1,2.26664051729819e-09
HHS Region 9,1 wk ahead,Bin,percent,10.1,10.2,2.26664051729819e-09
HHS Region 9,1 wk ahead,Bin,percent,10.2,10.3,2.26664051729819e-09
HHS Region 9,1 wk ahead,Bin,percent,10.3,10.4,2.26664051729819e-09
HHS Region 9,1 wk ahead,Bin,percent,10.4,10.5,2.26664051729819e-09
HHS Region 9,1 wk ahead,Bin,percent,10.5,10.6,2.26664051729819e-09
HHS Region 9,1 wk ahead,Bin,percent,10.6,10.7,2.26664051729819e-09
HHS Region 9,1 wk ahead,Bin,percent,10.7,10.8,2.26664051729819e-09
HHS Region 9,1 wk ahead,Bin,percent,10.8,10.9,2.26664051729819e-09
HHS Region 9,1 wk ahead,Bin,percent,10.9,11.0,2.26664051729819e-09
HHS Region 9,1 wk ahead,Bin,percent,11.0,11.1,2.26664051729819e-09
HHS Region 9,1 wk ahead,Bin,percent,11.1,11.2,2.26664051729819e-09
HHS Region 9,1 wk ahead,Bin,percent,11.2,11.3,2.26664051729819e-09
HHS Region 9,1 wk ahead,Bin,percent,11.3,11.4,2.26664051729819e-09
HHS Region 9,1 wk ahead,Bin,percent,11.4,11.5,2.26664051729819e-09
HHS Region 9,1 wk ahead,Bin,percent,11.5,11.6,2.26664051729819e-09
HHS Region 9,1 wk ahead,Bin,percent,11.6,11.7,2.26664051729819e-09
HHS Region 9,1 wk ahead,Bin,percent,11.7,11.8,2.26664051729819e-09
HHS Region 9,1 wk ahead,Bin,percent,11.8,11.9,2.26664051729819e-09
HHS Region 9,1 wk ahead,Bin,percent,11.9,12.0,2.26664051729819e-09
HHS Region 9,1 wk ahead,Bin,percent,12.0,12.1,2.26664051729819e-09
HHS Region 9,1 wk ahead,Bin,percent,12.1,12.2,2.26664051729819e-09
HHS Region 9,1 wk ahead,Bin,percent,12.2,12.3,2.26664051729819e-09
HHS Region 9,1 wk ahead,Bin,percent,12.3,12.4,2.26664051729819e-09
HHS Region 9,1 wk ahead,Bin,percent,12.4,12.5,2.26664051729819e-09
HHS Region 9,1 wk ahead,Bin,percent,12.5,12.6,2.26664051729819e-09
HHS Region 9,1 wk ahead,Bin,percent,12.6,12.7,2.26664051729819e-09
HHS Region 9,1 wk ahead,Bin,percent,12.7,12.8,2.26664051729819e-09
HHS Region 9,1 wk ahead,Bin,percent,12.8,12.9,2.26664051729819e-09
HHS Region 9,1 wk ahead,Bin,percent,12.9,13.0,2.26664051729819e-09
HHS Region 9,1 wk ahead,Bin,percent,13.0,100.0,2.26664051729819e-09
HHS Region 9,2 wk ahead,Bin,percent,0.0,0.1,1.22959805095377e-08
HHS Region 9,2 wk ahead,Bin,percent,0.1,0.2,3.64217352915494e-08
HHS Region 9,2 wk ahead,Bin,percent,0.2,0.3,5.79282025919056e-08
HHS Region 9,2 wk ahead,Bin,percent,0.3,0.4,8.73426805809949e-08
HHS Region 9,2 wk ahead,Bin,percent,0.4,0.5,1.25427258986279e-07
HHS Region 9,2 wk ahead,Bin,percent,0.5,0.6,1.72408620290961e-07
HHS Region 9,2 wk ahead,Bin,percent,0.6,0.7,2.27968889702136e-07
HHS Region 9,2 wk ahead,Bin,percent,0.7,0.8,2.91295395511714e-07
HHS Region 9,2 wk ahead,Bin,percent,0.8,0.9,3.61124524252313e-07
HHS Region 9,2 wk ahead,Bin,percent,0.9,1.0,0.00100042046387187
HHS Region 9,2 wk ahead,Bin,percent,1.0,1.1,0.00200048264956571
HHS Region 9,2 wk ahead,Bin,percent,1.1,1.2,0.00400053025215478
HHS Region 9,2 wk ahead,Bin,percent,1.2,1.3,0.0020006377503776
HHS Region 9,2 wk ahead,Bin,percent,1.3,1.4,0.0060006498587579
HHS Region 9,2 wk ahead,Bin,percent,1.4,1.5,0.00600071727323332
HHS Region 9,2 wk ahead,Bin,percent,1.5,1.6,0.00700076020647977
HHS Region 9,2 wk ahead,Bin,percent,1.6,1.7,0.00800078982079469
HHS Region 9,2 wk ahead,Bin,percent,1.7,1.8,0.0210006175930897
HHS Region 9,2 wk ahead,Bin,percent,1.8,1.9,0.0240005760692062
HHS Region 9,2 wk ahead,Bin,percent,1.9,2.0,0.0350003867194323
HHS Region 9,2 wk ahead,Bin,percent,2.0,2.1,0.0440002024629506
HHS Region 9,2 wk ahead,Bin,percent,2.1,2.2,0.065999796360795
HHS Region 9,2 wk ahead,Bin,percent,2.2,2.3,0.0719996181381843
HHS Region 9,2 wk ahead,Bin,percent,2.3,2.4,0.0969991391582251
HHS Region 9,2 wk ahead,Bin,percent,2.4,2.5,0.101998964669121
HHS Region 9,2 wk ahead,Bin,percent,2.5,2.6,0.0779992395620377
HHS Region 9,2 wk ahead,Bin,percent,2.6,2.7,0.0749992030590565
HHS Region 9,2 wk ahead,Bin,percent,2.7,2.8,0.064999286377552
HHS Region 9,2 wk ahead,Bin,percent,2.8,2.9,0.0629992596648466
HHS Region 9,2 wk ahead,Bin,percent,2.9,3.0,0.0459994733597796
HHS Region 9,2 wk ahead,Bin,percent,3.0,3.1,0.0399995268236482
HHS Region 9,2 wk ahead,Bin,percent,3.1,3.2,0.0269996936677074
HHS Region 9,2 wk ahead,Bin,percent,3.2,3.3,0.02199974292735
HHS Region 9,2 wk ahead,Bin,percent,3.3,3.4,0.0139998426413188
HHS Region 9,2 wk ahead,Bin,percent,3.4,3.5,0.0149998089869574
HHS Region 9,2 wk ahead,Bin,percent,3.5,3.6,0.0119998409961501
HHS Region 9,2 wk ahead,Bin,percent,3.6,3.7,0.00799989236068817
HHS Region 9,2 wk ahead,Bin,percent,3.7,3.8,0.00699990115113027
HHS Region 9,2 wk ahead,Bin,percent,3.8,3.9,0.00899986653913753
HHS Region 9,2 wk ahead,Bin,percent,3.9,4.0,0.00399994087485399
HHS Region 9,2 wk ahead,Bin,percent,4.0,4.1,0.00299995516515636
HHS Region 9,2 wk ahead,Bin,percent,4.1,4.2,0.00199997041210645
HHS Region 9,2 wk ahead,Bin,percent,4.2,4.3,0.00199997041210645
HHS Region 9,2 wk ahead,Bin,percent,4.3,4.4,0.00299995509638813
HHS Region 9,2 wk ahead,Bin,percent,4.4,4.5,0.00299995509638813
HHS Region 9,2 wk ahead,Bin,percent,4.5,4.6,0.00199997041210645
HHS Region 9,2 wk ahead,Bin,percent,4.6,4.7,0.00199997041210645
HHS Region 9,2 wk ahead,Bin,percent,4.7,4.8,0.000999985727824765
HHS Region 9,2 wk ahead,Bin,percent,4.8,4.9,1.04354308105579e-09
HHS Region 9,2 wk ahead,Bin,percent,4.9,5.0,1.04354308105579e-09
HHS Region 9,2 wk ahead,Bin,percent,5.0,5.1,1.04354308105579e-09
HHS Region 9,2 wk ahead,Bin,percent,5.1,5.2,1.04354308105579e-09
HHS Region 9,2 wk ahead,Bin,percent,5.2,5.3,1.04354308105579e-09
HHS Region 9,2 wk ahead,Bin,percent,5.3,5.4,1.04354308105579e-09
HHS Region 9,2 wk ahead,Bin,percent,5.4,5.5,1.04354308105579e-09
HHS Region 9,2 wk ahead,Bin,percent,5.5,5.6,1.04354308105579e-09
HHS Region 9,2 wk ahead,Bin,percent,5.6,5.7,1.04354308105579e-09
HHS Region 9,2 wk ahead,Bin,percent,5.7,5.8,1.04354308105579e-09
HHS Region 9,2 wk ahead,Bin,percent,5.8,5.9,1.04354308105579e-09
HHS Region 9,2 wk ahead,Bin,percent,5.9,6.0,1.04354308105579e-09
HHS Region 9,2 wk ahead,Bin,percent,6.0,6.1,1.04354308105579e-09
HHS Region 9,2 wk ahead,Bin,percent,6.1,6.2,1.04354308105579e-09
HHS Region 9,2 wk ahead,Bin,percent,6.2,6.3,1.04354308105579e-09
HHS Region 9,2 wk ahead,Bin,percent,6.3,6.4,1.04354308105579e-09
HHS Region 9,2 wk ahead,Bin,percent,6.4,6.5,1.04354308105579e-09
HHS Region 9,2 wk ahead,Bin,percent,6.5,6.6,1.04354308105579e-09
HHS Region 9,2 wk ahead,Bin,percent,6.6,6.7,1.04354308105579e-09
HHS Region 9,2 wk ahead,Bin,percent,6.7,6.8,1.04354308105579e-09
HHS Region 9,2 wk ahead,Bin,percent,6.8,6.9,1.04354308105579e-09
HHS Region 9,2 wk ahead,Bin,percent,6.9,7.0,1.04354308105579e-09
HHS Region 9,2 wk ahead,Bin,percent,7.0,7.1,1.04354308105579e-09
HHS Region 9,2 wk ahead,Bin,percent,7.1,7.2,1.04354308105579e-09
HHS Region 9,2 wk ahead,Bin,percent,7.2,7.3,1.04354308105579e-09
HHS Region 9,2 wk ahead,Bin,percent,7.3,7.4,1.04354308105579e-09
HHS Region 9,2 wk ahead,Bin,percent,7.4,7.5,1.04354308105579e-09
HHS Region 9,2 wk ahead,Bin,percent,7.5,7.6,1.04354308105579e-09
HHS Region 9,2 wk ahead,Bin,percent,7.6,7.7,1.04354308105579e-09
HHS Region 9,2 wk ahead,Bin,percent,7.7,7.8,1.04354308105579e-09
HHS Region 9,2 wk ahead,Bin,percent,7.8,7.9,1.04354308105579e-09
HHS Region 9,2 wk ahead,Bin,percent,7.9,8.0,1.04354308105579e-09
HHS Region 9,2 wk ahead,Bin,percent,8.0,8.1,1.0435430810558e-09
HHS Region 9,2 wk ahead,Bin,percent,8.1,8.2,1.04354308105581e-09
HHS Region 9,2 wk ahead,Bin,percent,8.2,8.3,1.04354308105581e-09
HHS Region 9,2 wk ahead,Bin,percent,8.3,8.4,1.04354308105581e-09
HHS Region 9,2 wk ahead,Bin,percent,8.4,8.5,1.04354308105581e-09
HHS Region 9,2 wk ahead,Bin,percent,8.5,8.6,1.04354308105581e-09
HHS Region 9,2 wk ahead,Bin,percent,8.6,8.7,1.04354308105581e-09
HHS Region 9,2 wk ahead,Bin,percent,8.7,8.8,1.04354308105581e-09
HHS Region 9,2 wk ahead,Bin,percent,8.8,8.9,1.04354308105581e-09
HHS Region 9,2 wk ahead,Bin,percent,8.9,9.0,1.04354308105581e-09
HHS Region 9,2 wk ahead,Bin,percent,9.0,9.1,1.04354308105581e-09
HHS Region 9,2 wk ahead,Bin,percent,9.1,9.2,1.04354308105581e-09
HHS Region 9,2 wk ahead,Bin,percent,9.2,9.3,1.04354308105581e-09
HHS Region 9,2 wk ahead,Bin,percent,9.3,9.4,1.04354308105581e-09
HHS Region 9,2 wk ahead,Bin,percent,9.4,9.5,1.04354308105581e-09
HHS Region 9,2 wk ahead,Bin,percent,9.5,9.6,1.04354308105581e-09
HHS Region 9,2 wk ahead,Bin,percent,9.6,9.7,1.04354308105581e-09
HHS Region 9,2 wk ahead,Bin,percent,9.7,9.8,1.04354308105581e-09
HHS Region 9,2 wk ahead,Bin,percent,9.8,9.9,1.04354308105581e-09
HHS Region 9,2 wk ahead,Bin,percent,9.9,10.0,1.04354308105581e-09
HHS Region 9,2 wk ahead,Bin,percent,10.0,10.1,1.04354308105581e-09
HHS Region 9,2 wk ahead,Bin,percent,10.1,10.2,1.04354308105581e-09
HHS Region 9,2 wk ahead,Bin,percent,10.2,10.3,1.04354308105581e-09
HHS Region 9,2 wk ahead,Bin,percent,10.3,10.4,1.04354308105581e-09
HHS Region 9,2 wk ahead,Bin,percent,10.4,10.5,1.04354308105581e-09
HHS Region 9,2 wk ahead,Bin,percent,10.5,10.6,1.04354308105581e-09
HHS Region 9,2 wk ahead,Bin,percent,10.6,10.7,1.04354308105581e-09
HHS Region 9,2 wk ahead,Bin,percent,10.7,10.8,1.04354308105581e-09
HHS Region 9,2 wk ahead,Bin,percent,10.8,10.9,1.04354308105581e-09
HHS Region 9,2 wk ahead,Bin,percent,10.9,11.0,1.04354308105581e-09
HHS Region 9,2 wk ahead,Bin,percent,11.0,11.1,1.04354308105581e-09
HHS Region 9,2 wk ahead,Bin,percent,11.1,11.2,1.04354308105581e-09
HHS Region 9,2 wk ahead,Bin,percent,11.2,11.3,1.04354308105581e-09
HHS Region 9,2 wk ahead,Bin,percent,11.3,11.4,1.04354308105581e-09
HHS Region 9,2 wk ahead,Bin,percent,11.4,11.5,1.04354308105581e-09
HHS Region 9,2 wk ahead,Bin,percent,11.5,11.6,1.04354308105581e-09
HHS Region 9,2 wk ahead,Bin,percent,11.6,11.7,1.04354308105581e-09
HHS Region 9,2 wk ahead,Bin,percent,11.7,11.8,1.04354308105581e-09
HHS Region 9,2 wk ahead,Bin,percent,11.8,11.9,1.04354308105581e-09
HHS Region 9,2 wk ahead,Bin,percent,11.9,12.0,1.04354308105581e-09
HHS Region 9,2 wk ahead,Bin,percent,12.0,12.1,1.04354308105581e-09
HHS Region 9,2 wk ahead,Bin,percent,12.1,12.2,1.04354308105581e-09
HHS Region 9,2 wk ahead,Bin,percent,12.2,12.3,1.04354308105581e-09
HHS Region 9,2 wk ahead,Bin,percent,12.3,12.4,1.04354308105581e-09
HHS Region 9,2 wk ahead,Bin,percent,12.4,12.5,1.04354308105581e-09
HHS Region 9,2 wk ahead,Bin,percent,12.5,12.6,1.04354308105581e-09
HHS Region 9,2 wk ahead,Bin,percent,12.6,12.7,1.04354308105581e-09
HHS Region 9,2 wk ahead,Bin,percent,12.7,12.8,1.04354308105581e-09
HHS Region 9,2 wk ahead,Bin,percent,12.8,12.9,1.04354308105581e-09
HHS Region 9,2 wk ahead,Bin,percent,12.9,13.0,1.04354308105581e-09
HHS Region 9,2 wk ahead,Bin,percent,13.0,100.0,1.04354308105581e-09
HHS Region 9,3 wk ahead,Bin,percent,0.0,0.1,1.42378306403805e-09
HHS Region 9,3 wk ahead,Bin,percent,0.1,0.2,4.39373959696259e-09
HHS Region 9,3 wk ahead,Bin,percent,0.2,0.3,2.58058801602121e-08
HHS Region 9,3 wk ahead,Bin,percent,0.3,0.4,9.62131018737542e-08
HHS Region 9,3 wk ahead,Bin,percent,0.4,0.5,2.03456387104738e-07
HHS Region 9,3 wk ahead,Bin,percent,0.5,0.6,2.44367008904731e-07
HHS Region 9,3 wk ahead,Bin,percent,0.6,0.7,1.67126335283414e-07
HHS Region 9,3 wk ahead,Bin,percent,0.7,0.8,7.01422823322824e-08
HHS Region 9,3 wk ahead,Bin,percent,0.8,0.9,5.77424609809098e-08
HHS Region 9,3 wk ahead,Bin,percent,0.9,1.0,0.00100018130809705
HHS Region 9,3 wk ahead,Bin,percent,1.0,1.1,0.00600040676247002
HHS Region 9,3 wk ahead,Bin,percent,1.1,1.2,0.00300068524024887
HHS Region 9,3 wk ahead,Bin,percent,1.2,1.3,0.0110004538719136
HHS Region 9,3 wk ahead,Bin,percent,1.3,1.4,0.0130001519015835
HHS Region 9,3 wk ahead,Bin,percent,1.4,1.5,0.0140000795907127
HHS Region 9,3 wk ahead,Bin,percent,1.5,1.6,0.0360000056568491
HHS Region 9,3 wk ahead,Bin,percent,1.6,1.7,0.0320005252019826
HHS Region 9,3 wk ahead,Bin,percent,1.7,1.8,0.058000556842184
HHS Region 9,3 wk ahead,Bin,percent,1.8,1.9,0.0590007789240235
HHS Region 9,3 wk ahead,Bin,percent,1.9,2.0,0.0810005718072579
HHS Region 9,3 wk ahead,Bin,percent,2.0,2.1,0.0790006276582339
HHS Region 9,3 wk ahead,Bin,percent,2.1,2.2,0.0910001357178464
HHS Region 9,3 wk ahead,Bin,percent,2.2,2.3,0.0829996594298608
HHS Region 9,3 wk ahead,Bin,percent,2.3,2.4,0.0789991776797683
HHS Region 9,3 wk ahead,Bin,percent,2.4,2.5,0.0739989715364738
HHS Region 9,3 wk ahead,Bin,percent,2.5,2.6,0.0609990833690722
HHS Region 9,3 wk ahead,Bin,percent,2.6,2.7,0.0399993915035518
HHS Region 9,3 wk ahead,Bin,percent,2.7,2.8,0.0449993148969111
HHS Region 9,3 wk ahead,Bin,percent,2.8,2.9,0.0289995599484041
HHS Region 9,3 wk ahead,Bin,percent,2.9,3.0,0.0149997743684605
HHS Region 9,3 wk ahead,Bin,percent,3.0,3.1,0.019999697789869
HHS Region 9,3 wk ahead,Bin,percent,3.1,3.2,0.0119998203156155
HHS Region 9,3 wk ahead,Bin,percent,3.2,3.3,0.0109998356313338
HHS Region 9,3 wk ahead,Bin,percent,3.3,3.4,0.00999985094705213
HHS Region 9,3 wk ahead,Bin,percent,3.4,3.5,0.00899986626277044
HHS Region 9,3 wk ahead,Bin,percent,3.5,3.6,0.00699989689420707
HHS Region 9,3 wk ahead,Bin,percent,3.6,3.7,0.00399994284136202
HHS Region 9,3 wk ahead,Bin,percent,3.7,3.8,0.00299995815708034
HHS Region 9,3 wk ahead,Bin,percent,3.8,3.9,0.00199997347279865
HHS Region 9,3 wk ahead,Bin,percent,3.9,4.0,0.00199997347279865
HHS Region 9,3 wk ahead,Bin,percent,4.0,4.1,0.00299995815708034
HHS Region 9,3 wk ahead,Bin,percent,4.1,4.2,0.00199997347279865
HHS Region 9,3 wk ahead,Bin,percent,4.2,4.3,0.00199997347279865
HHS Region 9,3 wk ahead,Bin,percent,4.3,4.4,4.10423528652111e-09
HHS Region 9,3 wk ahead,Bin,percent,4.4,4.5,0.000999988788516971
HHS Region 9,3 wk ahead,Bin,percent,4.5,4.6,0.000999988788516971
HHS Region 9,3 wk ahead,Bin,percent,4.6,4.7,4.10423528652111e-09
HHS Region 9,3 wk ahead,Bin,percent,4.7,4.8,4.10423528652111e-09
HHS Region 9,3 wk ahead,Bin,percent,4.8,4.9,4.10423528652111e-09
HHS Region 9,3 wk ahead,Bin,percent,4.9,5.0,4.10423528652111e-09
HHS Region 9,3 wk ahead,Bin,percent,5.0,5.1,4.10423528652111e-09
HHS Region 9,3 wk ahead,Bin,percent,5.1,5.2,4.10423528652111e-09
HHS Region 9,3 wk ahead,Bin,percent,5.2,5.3,4.10423528652111e-09
HHS Region 9,3 wk ahead,Bin,percent,5.3,5.4,4.10423528652111e-09
HHS Region 9,3 wk ahead,Bin,percent,5.4,5.5,4.10423528652111e-09
HHS Region 9,3 wk ahead,Bin,percent,5.5,5.6,4.10423528652111e-09
HHS Region 9,3 wk ahead,Bin,percent,5.6,5.7,4.10423528652111e-09
HHS Region 9,3 wk ahead,Bin,percent,5.7,5.8,4.10423528652111e-09
HHS Region 9,3 wk ahead,Bin,percent,5.8,5.9,4.10423528652111e-09
HHS Region 9,3 wk ahead,Bin,percent,5.9,6.0,4.10423528652111e-09
HHS Region 9,3 wk ahead,Bin,percent,6.0,6.1,0.000999988788516971
HHS Region 9,3 wk ahead,Bin,percent,6.1,6.2,4.10423528652111e-09
HHS Region 9,3 wk ahead,Bin,percent,6.2,6.3,4.10423528652111e-09
HHS Region 9,3 wk ahead,Bin,percent,6.3,6.4,4.10423528652111e-09
HHS Region 9,3 wk ahead,Bin,percent,6.4,6.5,4.10423528652111e-09
HHS Region 9,3 wk ahead,Bin,percent,6.5,6.6,4.10423528652111e-09
HHS Region 9,3 wk ahead,Bin,percent,6.6,6.7,4.10423528652111e-09
HHS Region 9,3 wk ahead,Bin,percent,6.7,6.8,4.10423528652111e-09
HHS Region 9,3 wk ahead,Bin,percent,6.8,6.9,4.10423528652111e-09
HHS Region 9,3 wk ahead,Bin,percent,6.9,7.0,4.10423528652111e-09
HHS Region 9,3 wk ahead,Bin,percent,7.0,7.1,4.10423528652111e-09
HHS Region 9,3 wk ahead,Bin,percent,7.1,7.2,4.10423528652111e-09
HHS Region 9,3 wk ahead,Bin,percent,7.2,7.3,4.10423528652111e-09
HHS Region 9,3 wk ahead,Bin,percent,7.3,7.4,4.10423528652111e-09
HHS Region 9,3 wk ahead,Bin,percent,7.4,7.5,4.10423528652111e-09
HHS Region 9,3 wk ahead,Bin,percent,7.5,7.6,4.10423528652111e-09
HHS Region 9,3 wk ahead,Bin,percent,7.6,7.7,4.10423528652111e-09
HHS Region 9,3 wk ahead,Bin,percent,7.7,7.8,4.10423528652111e-09
HHS Region 9,3 wk ahead,Bin,percent,7.8,7.9,4.10423528652111e-09
HHS Region 9,3 wk ahead,Bin,percent,7.9,8.0,4.10423528652111e-09
HHS Region 9,3 wk ahead,Bin,percent,8.0,8.1,4.10423528652115e-09
HHS Region 9,3 wk ahead,Bin,percent,8.1,8.2,4.10423528652118e-09
HHS Region 9,3 wk ahead,Bin,percent,8.2,8.3,4.10423528652118e-09
HHS Region 9,3 wk ahead,Bin,percent,8.3,8.4,4.10423528652118e-09
HHS Region 9,3 wk ahead,Bin,percent,8.4,8.5,4.10423528652118e-09
HHS Region 9,3 wk ahead,Bin,percent,8.5,8.6,4.10423528652118e-09
HHS Region 9,3 wk ahead,Bin,percent,8.6,8.7,4.10423528652118e-09
HHS Region 9,3 wk ahead,Bin,percent,8.7,8.8,4.10423528652118e-09
HHS Region 9,3 wk ahead,Bin,percent,8.8,8.9,4.10423528652118e-09
HHS Region 9,3 wk ahead,Bin,percent,8.9,9.0,4.10423528652118e-09
HHS Region 9,3 wk ahead,Bin,percent,9.0,9.1,4.10423528652118e-09
HHS Region 9,3 wk ahead,Bin,percent,9.1,9.2,4.10423528652118e-09
HHS Region 9,3 wk ahead,Bin,percent,9.2,9.3,4.10423528652118e-09
HHS Region 9,3 wk ahead,Bin,percent,9.3,9.4,4.10423528652118e-09
HHS Region 9,3 wk ahead,Bin,percent,9.4,9.5,4.10423528652118e-09
HHS Region 9,3 wk ahead,Bin,percent,9.5,9.6,4.10423528652118e-09
HHS Region 9,3 wk ahead,Bin,percent,9.6,9.7,4.10423528652118e-09
HHS Region 9,3 wk ahead,Bin,percent,9.7,9.8,4.10423528652118e-09
HHS Region 9,3 wk ahead,Bin,percent,9.8,9.9,4.10423528652118e-09
HHS Region 9,3 wk ahead,Bin,percent,9.9,10.0,4.10423528652118e-09
HHS Region 9,3 wk ahead,Bin,percent,10.0,10.1,4.10423528652118e-09
HHS Region 9,3 wk ahead,Bin,percent,10.1,10.2,4.10423528652118e-09
HHS Region 9,3 wk ahead,Bin,percent,10.2,10.3,4.10423528652118e-09
HHS Region 9,3 wk ahead,Bin,percent,10.3,10.4,4.10423528652118e-09
HHS Region 9,3 wk ahead,Bin,percent,10.4,10.5,4.10423528652118e-09
HHS Region 9,3 wk ahead,Bin,percent,10.5,10.6,4.10423528652118e-09
HHS Region 9,3 wk ahead,Bin,percent,10.6,10.7,4.10423528652118e-09
HHS Region 9,3 wk ahead,Bin,percent,10.7,10.8,4.10423528652118e-09
HHS Region 9,3 wk ahead,Bin,percent,10.8,10.9,4.10423528652118e-09
HHS Region 9,3 wk ahead,Bin,percent,10.9,11.0,4.10423528652118e-09
HHS Region 9,3 wk ahead,Bin,percent,11.0,11.1,4.10423528652118e-09
HHS Region 9,3 wk ahead,Bin,percent,11.1,11.2,4.10423528652118e-09
HHS Region 9,3 wk ahead,Bin,percent,11.2,11.3,4.10423528652118e-09
HHS Region 9,3 wk ahead,Bin,percent,11.3,11.4,4.10423528652118e-09
HHS Region 9,3 wk ahead,Bin,percent,11.4,11.5,4.10423528652118e-09
HHS Region 9,3 wk ahead,Bin,percent,11.5,11.6,4.10423528652118e-09
HHS Region 9,3 wk ahead,Bin,percent,11.6,11.7,4.10423528652118e-09
HHS Region 9,3 wk ahead,Bin,percent,11.7,11.8,4.10423528652118e-09
HHS Region 9,3 wk ahead,Bin,percent,11.8,11.9,4.10423528652118e-09
HHS Region 9,3 wk ahead,Bin,percent,11.9,12.0,4.10423528652118e-09
HHS Region 9,3 wk ahead,Bin,percent,12.0,12.1,4.10423528652118e-09
HHS Region 9,3 wk ahead,Bin,percent,12.1,12.2,4.10423528652118e-09
HHS Region 9,3 wk ahead,Bin,percent,12.2,12.3,4.10423528652118e-09
HHS Region 9,3 wk ahead,Bin,percent,12.3,12.4,4.10423528652118e-09
HHS Region 9,3 wk ahead,Bin,percent,12.4,12.5,4.10423528652118e-09
HHS Region 9,3 wk ahead,Bin,percent,12.5,12.6,4.10423528652118e-09
HHS Region 9,3 wk ahead,Bin,percent,12.6,12.7,4.10423528652118e-09
HHS Region 9,3 wk ahead,Bin,percent,12.7,12.8,4.10423528652118e-09
HHS Region 9,3 wk ahead,Bin,percent,12.8,12.9,4.10423528652118e-09
HHS Region 9,3 wk ahead,Bin,percent,12.9,13.0,4.10423528652118e-09
HHS Region 9,3 wk ahead,Bin,percent,13.0,100.0,4.10423528652118e-09
HHS Region 9,4 wk ahead,Bin,percent,0.0,0.1,2.61149078357431e-08
HHS Region 9,4 wk ahead,Bin,percent,0.1,0.2,7.70052075233317e-08
HHS Region 9,4 wk ahead,Bin,percent,0.2,0.3,1.17023069676204e-07
HHS Region 9,4 wk ahead,Bin,percent,0.3,0.4,1.63626712045786e-07
HHS Region 9,4 wk ahead,Bin,percent,0.4,0.5,2.16432817229355e-07
HHS Region 9,4 wk ahead,Bin,percent,0.5,0.6,2.7754427204212e-07
HHS Region 9,4 wk ahead,Bin,percent,0.6,0.7,3.48467639706061e-07
HHS Region 9,4 wk ahead,Bin,percent,0.7,0.8,0.00100040975503318
HHS Region 9,4 wk ahead,Bin,percent,0.8,0.9,4.95996178218498e-07
HHS Region 9,4 wk ahead,Bin,percent,0.9,1.0,0.0070004404700074
HHS Region 9,4 wk ahead,Bin,percent,1.0,1.1,0.0110004045631517
HHS Region 9,4 wk ahead,Bin,percent,1.1,1.2,0.0100004243970373
HHS Region 9,4 wk ahead,Bin,percent,1.2,1.3,0.0140003641265629
HHS Region 9,4 wk ahead,Bin,percent,1.3,1.4,0.0210002760311098
HHS Region 9,4 wk ahead,Bin,percent,1.4,1.5,0.0400000374615721
HHS Region 9,4 wk ahead,Bin,percent,1.5,1.6,0.0480000007994451
HHS Region 9,4 wk ahead,Bin,percent,1.6,1.7,0.0629998739488683
HHS Region 9,4 wk ahead,Bin,percent,1.7,1.8,0.0769997528702763
HHS Region 9,4 wk ahead,Bin,percent,1.8,1.9,0.0909995950123495
HHS Region 9,4 wk ahead,Bin,percent,1.9,2.0,0.090999594290841
HHS Region 9,4 wk ahead,Bin,percent,2.0,2.1,0.100999373896847
HHS Region 9,4 wk ahead,Bin,percent,2.1,2.2,0.0939993525511816
HHS Region 9,4 wk ahead,Bin,percent,2.2,2.3,0.0589997190699563
HHS Region 9,4 wk ahead,Bin,percent,2.3,2.4,0.0629994777918509
HHS Region 9,4 wk ahead,Bin,percent,2.4,2.5,0.0439996082915286
HHS Region 9,4 wk ahead,Bin,percent,2.5,2.6,0.0389995628471533
HHS Region 9,4 wk ahead,Bin,percent,2.6,2.7,0.0299996210346039
HHS Region 9,4 wk ahead,Bin,percent,2.7,2.8,0.0149998059560894
HHS Region 9,4 wk ahead,Bin,percent,2.8,2.9,0.0189997229252687
HHS Region 9,4 wk ahead,Bin,percent,2.9,3.0,0.00799988229334412
HHS Region 9,4 wk ahead,Bin,percent,3.0,3.1,0.0139997872595716
HHS Region 9,4 wk ahead,Bin,percent,3.1,3.2,0.00999984811265408
HHS Region 9,4 wk ahead,Bin,percent,3.2,3.3,0.00899986497053801
HHS Region 9,4 wk ahead,Bin,percent,3.3,3.4,0.000999991896838382
HHS Region 9,4 wk ahead,Bin,percent,3.4,3.5,0.00499993991363038
HHS Region 9,4 wk ahead,Bin,percent,3.5,3.6,0.00100001750091991
HHS Region 9,4 wk ahead,Bin,percent,3.6,3.7,0.00599996482439795
HHS Region 9,4 wk ahead,Bin,percent,3.7,3.8,0.00100006982376133
HHS Region 9,4 wk ahead,Bin,percent,3.8,3.9,1.10995333909669e-07
HHS Region 9,4 wk ahead,Bin,percent,3.9,4.0,1.25673973915381e-07
HHS Region 9,4 wk ahead,Bin,percent,4.0,4.1,0.00200009295018958
HHS Region 9,4 wk ahead,Bin,percent,4.1,4.2,1.05549345744366e-07
HHS Region 9,4 wk ahead,Bin,percent,4.2,4.3,7.83104451530495e-08
HHS Region 9,4 wk ahead,Bin,percent,4.3,4.4,0.00100003521639575
HHS Region 9,4 wk ahead,Bin,percent,4.4,4.5,0.00199999796335223
HHS Region 9,4 wk ahead,Bin,percent,4.5,4.6,0.000999999661565477
HHS Region 9,4 wk ahead,Bin,percent,4.6,4.7,9.479241175787e-09
HHS Region 9,4 wk ahead,Bin,percent,4.7,4.8,0.000999996159546894
HHS Region 9,4 wk ahead,Bin,percent,4.8,4.9,2.1251286294972e-08
HHS Region 9,4 wk ahead,Bin,percent,4.9,5.0,3.94960143410844e-08
HHS Region 9,4 wk ahead,Bin,percent,5.0,5.1,6.52704579111007e-08
HHS Region 9,4 wk ahead,Bin,percent,5.1,5.2,9.40161183271145e-08
HHS Region 9,4 wk ahead,Bin,percent,5.2,5.3,1.176856830485e-07
HHS Region 9,4 wk ahead,Bin,percent,5.3,5.4,1.2796403722758e-07
HHS Region 9,4 wk ahead,Bin,percent,5.4,5.5,1.20858541670521e-07
HHS Region 9,4 wk ahead,Bin,percent,5.5,5.6,9.91513042253871e-08
HHS Region 9,4 wk ahead,Bin,percent,5.6,5.7,7.06547553983926e-08
HHS Region 9,4 wk ahead,Bin,percent,5.7,5.8,4.37320314794092e-08
HHS Region 9,4 wk ahead,Bin,percent,5.8,5.9,2.35106322729129e-08
HHS Region 9,4 wk ahead,Bin,percent,5.9,6.0,1.09776351420388e-08
HHS Region 9,4 wk ahead,Bin,percent,6.0,6.1,4.45219681789559e-09
HHS Region 9,4 wk ahead,Bin,percent,6.1,6.2,1.72719324590143e-09
HHS Region 9,4 wk ahead,Bin,percent,6.2,6.3,1.45500766527548e-09
HHS Region 9,4 wk ahead,Bin,percent,6.3,6.4,1.45500766527548e-09
HHS Region 9,4 wk ahead,Bin,percent,6.4,6.5,1.45500766527548e-09
HHS Region 9,4 wk ahead,Bin,percent,6.5,6.6,1.45500766527548e-09
HHS Region 9,4 wk ahead,Bin,percent,6.6,6.7,1.45500766527548e-09
HHS Region 9,4 wk ahead,Bin,percent,6.7,6.8,1.45500766527548e-09
HHS Region 9,4 wk ahead,Bin,percent,6.8,6.9,1.45500766527548e-09
HHS Region 9,4 wk ahead,Bin,percent,6.9,7.0,1.45500766527548e-09
HHS Region 9,4 wk ahead,Bin,percent,7.0,7.1,1.45500766527548e-09
HHS Region 9,4 wk ahead,Bin,percent,7.1,7.2,1.45500766527548e-09
HHS Region 9,4 wk ahead,Bin,percent,7.2,7.3,1.45500766527548e-09
HHS Region 9,4 wk ahead,Bin,percent,7.3,7.4,1.45500766527548e-09
HHS Region 9,4 wk ahead,Bin,percent,7.4,7.5,1.45500766527548e-09
HHS Region 9,4 wk ahead,Bin,percent,7.5,7.6,1.45500766527548e-09
HHS Region 9,4 wk ahead,Bin,percent,7.6,7.7,1.45500766527548e-09
HHS Region 9,4 wk ahead,Bin,percent,7.7,7.8,1.45500766527548e-09
HHS Region 9,4 wk ahead,Bin,percent,7.8,7.9,1.45500766527548e-09
HHS Region 9,4 wk ahead,Bin,percent,7.9,8.0,1.45500766527548e-09
HHS Region 9,4 wk ahead,Bin,percent,8.0,8.1,1.45500766527549e-09
HHS Region 9,4 wk ahead,Bin,percent,8.1,8.2,1.45500766527551e-09
HHS Region 9,4 wk ahead,Bin,percent,8.2,8.3,1.45500766527551e-09
HHS Region 9,4 wk ahead,Bin,percent,8.3,8.4,1.45500766527551e-09
HHS Region 9,4 wk ahead,Bin,percent,8.4,8.5,1.45500766527551e-09
HHS Region 9,4 wk ahead,Bin,percent,8.5,8.6,1.45500766527551e-09
HHS Region 9,4 wk ahead,Bin,percent,8.6,8.7,1.45500766527551e-09
HHS Region 9,4 wk ahead,Bin,percent,8.7,8.8,1.45500766527551e-09
HHS Region 9,4 wk ahead,Bin,percent,8.8,8.9,1.45500766527551e-09
HHS Region 9,4 wk ahead,Bin,percent,8.9,9.0,1.45500766527551e-09
HHS Region 9,4 wk ahead,Bin,percent,9.0,9.1,1.45500766527551e-09
HHS Region 9,4 wk ahead,Bin,percent,9.1,9.2,1.45500766527551e-09
HHS Region 9,4 wk ahead,Bin,percent,9.2,9.3,1.45500766527551e-09
HHS Region 9,4 wk ahead,Bin,percent,9.3,9.4,1.45500766527551e-09
HHS Region 9,4 wk ahead,Bin,percent,9.4,9.5,1.45500766527551e-09
HHS Region 9,4 wk ahead,Bin,percent,9.5,9.6,1.45500766527551e-09
HHS Region 9,4 wk ahead,Bin,percent,9.6,9.7,1.45500766527551e-09
HHS Region 9,4 wk ahead,Bin,percent,9.7,9.8,1.45500766527551e-09
HHS Region 9,4 wk ahead,Bin,percent,9.8,9.9,1.45500766527551e-09
HHS Region 9,4 wk ahead,Bin,percent,9.9,10.0,1.45500766527551e-09
HHS Region 9,4 wk ahead,Bin,percent,10.0,10.1,1.45500766527551e-09
HHS Region 9,4 wk ahead,Bin,percent,10.1,10.2,1.45500766527551e-09
HHS Region 9,4 wk ahead,Bin,percent,10.2,10.3,1.45500766527551e-09
HHS Region 9,4 wk ahead,Bin,percent,10.3,10.4,1.45500766527551e-09
HHS Region 9,4 wk ahead,Bin,percent,10.4,10.5,1.45500766527551e-09
HHS Region 9,4 wk ahead,Bin,percent,10.5,10.6,1.45500766527551e-09
HHS Region 9,4 wk ahead,Bin,percent,10.6,10.7,1.45500766527551e-09
HHS Region 9,4 wk ahead,Bin,percent,10.7,10.8,1.45500766527551e-09
HHS Region 9,4 wk ahead,Bin,percent,10.8,10.9,1.45500766527551e-09
HHS Region 9,4 wk ahead,Bin,percent,10.9,11.0,1.45500766527551e-09
HHS Region 9,4 wk ahead,Bin,percent,11.0,11.1,1.45500766527551e-09
HHS Region 9,4 wk ahead,Bin,percent,11.1,11.2,1.45500766527551e-09
HHS Region 9,4 wk ahead,Bin,percent,11.2,11.3,1.45500766527551e-09
HHS Region 9,4 wk ahead,Bin,percent,11.3,11.4,1.45500766527551e-09
HHS Region 9,4 wk ahead,Bin,percent,11.4,11.5,1.45500766527551e-09
HHS Region 9,4 wk ahead,Bin,percent,11.5,11.6,1.45500766527551e-09
HHS Region 9,4 wk ahead,Bin,percent,11.6,11.7,1.45500766527551e-09
HHS Region 9,4 wk ahead,Bin,percent,11.7,11.8,1.45500766527551e-09
HHS Region 9,4 wk ahead,Bin,percent,11.8,11.9,1.45500766527551e-09
HHS Region 9,4 wk ahead,Bin,percent,11.9,12.0,1.45500766527551e-09
HHS Region 9,4 wk ahead,Bin,percent,12.0,12.1,1.45500766527551e-09
HHS Region 9,4 wk ahead,Bin,percent,12.1,12.2,1.45500766527551e-09
HHS Region 9,4 wk ahead,Bin,percent,12.2,12.3,1.45500766527551e-09
HHS Region 9,4 wk ahead,Bin,percent,12.3,12.4,1.45500766527551e-09
HHS Region 9,4 wk ahead,Bin,percent,12.4,12.5,1.45500766527551e-09
HHS Region 9,4 wk ahead,Bin,percent,12.5,12.6,1.45500766527551e-09
HHS Region 9,4 wk ahead,Bin,percent,12.6,12.7,1.45500766527551e-09
HHS Region 9,4 wk ahead,Bin,percent,12.7,12.8,1.45500766527551e-09
HHS Region 9,4 wk ahead,Bin,percent,12.8,12.9,1.45500766527551e-09
HHS Region 9,4 wk ahead,Bin,percent,12.9,13.0,1.45500766527551e-09
HHS Region 9,4 wk ahead,Bin,percent,13.0,100.0,1.45500766527551e-09
HHS Region 9,Season onset,Bin,week,40.0,41.0,4.0955411795837e-05
HHS Region 9,Season onset,Bin,week,41.0,42.0,8.28196513177884e-05
HHS Region 9,Season onset,Bin,week,42.0,43.0,0.000245329299753188
HHS Region 9,Season onset,Bin,week,43.0,44.0,0.000629013134215284
HHS Region 9,Season onset,Bin,week,44.0,45.0,0.00138927468435245
HHS Region 9,Season onset,Bin,week,45.0,46.0,0.0922290447258958
HHS Region 9,Season onset,Bin,week,46.0,47.0,0.751975034789878
HHS Region 9,Season onset,Bin,week,47.0,48.0,0.00658455300600814
HHS Region 9,Season onset,Bin,week,48.0,49.0,0.00869757193179537
HHS Region 9,Season onset,Bin,week,49.0,50.0,0.0104075304541847
HHS Region 9,Season onset,Bin,week,50.0,51.0,0.0114787495560816
HHS Region 9,Season onset,Bin,week,51.0,52.0,0.0119439134868536
HHS Region 9,Season onset,Bin,week,52.0,53.0,0.0120670859765999
HHS Region 9,Season onset,Bin,week,1.0,2.0,0.0121378263900802
HHS Region 9,Season onset,Bin,week,2.0,3.0,0.0122396299368609
HHS Region 9,Season onset,Bin,week,3.0,4.0,0.0121985696872339
HHS Region 9,Season onset,Bin,week,4.0,5.0,0.0117424097629805
HHS Region 9,Season onset,Bin,week,5.0,6.0,0.0106917937066883
HHS Region 9,Season onset,Bin,week,6.0,7.0,0.00904506997829813
HHS Region 9,Season onset,Bin,week,7.0,8.0,0.0069823423011893
HHS Region 9,Season onset,Bin,week,8.0,9.0,0.00482734659880114
HHS Region 9,Season onset,Bin,week,9.0,10.0,0.00293801115121525
HHS Region 9,Season onset,Bin,week,10.0,11.0,0.00155250837761728
HHS Region 9,Season onset,Bin,week,11.0,12.0,0.000705225099542283
HHS Region 9,Season onset,Bin,week,12.0,13.0,0.000273573290083147
HHS Region 9,Season onset,Bin,week,13.0,14.0,9.30984284594394e-05
HHS Region 9,Season onset,Bin,week,14.0,15.0,6.4278980005329e-05
HHS Region 9,Season onset,Bin,week,15.0,16.0,6.4278980005329e-05
HHS Region 9,Season onset,Bin,week,16.0,17.0,6.4278980005329e-05
HHS Region 9,Season onset,Bin,week,17.0,18.0,6.4278980005329e-05
HHS Region 9,Season onset,Bin,week,18.0,19.0,6.4278980005329e-05
HHS Region 9,Season onset,Bin,week,19.0,20.0,6.4278980005329e-05
HHS Region 9,Season onset,Bin,week,20.0,21.0,6.4278980005329e-05
HHS Region 9,Season onset,Bin,week,none,none,0.00635176632218067
HHS Region 9,Season peak percentage,Bin,percent,0.0,0.1,3.05369863595489e-06
HHS Region 9,Season peak percentage,Bin,percent,0.1,0.2,6.10739727190978e-06
HHS Region 9,Season peak percentage,Bin,percent,0.2,0.3,6.10739727190977e-06
HHS Region 9,Season peak percentage,Bin,percent,0.3,0.4,6.10739727190977e-06
HHS Region 9,Season peak percentage,Bin,percent,0.4,0.5,6.10739727190977e-06
HHS Region 9,Season peak percentage,Bin,percent,0.5,0.6,6.10739727190978e-06
HHS Region 9,Season peak percentage,Bin,percent,0.6,0.7,6.10739727190978e-06
HHS Region 9,Season peak percentage,Bin,percent,0.7,0.8,6.10739727190978e-06
HHS Region 9,Season peak percentage,Bin,percent,0.8,0.9,6.10739727190978e-06
HHS Region 9,Season peak percentage,Bin,percent,0.9,1.0,6.10739727190978e-06
HHS Region 9,Season peak percentage,Bin,percent,1.0,1.1,6.10739727190978e-06
HHS Region 9,Season peak percentage,Bin,percent,1.1,1.2,6.10739727190978e-06
HHS Region 9,Season peak percentage,Bin,percent,1.2,1.3,6.10739727190978e-06
HHS Region 9,Season peak percentage,Bin,percent,1.3,1.4,6.1250322933058e-06
HHS Region 9,Season peak percentage,Bin,percent,1.4,1.5,8.27333706765184e-06
HHS Region 9,Season peak percentage,Bin,percent,1.5,1.6,1.32071731577862e-05
HHS Region 9,Season peak percentage,Bin,percent,1.6,1.7,2.06509883414378e-05
HHS Region 9,Season peak percentage,Bin,percent,1.7,1.8,3.16319082169019e-05
HHS Region 9,Season peak percentage,Bin,percent,1.8,1.9,4.74884811144634e-05
HHS Region 9,Season peak percentage,Bin,percent,1.9,2.0,6.98711454645261e-05
HHS Region 9,Season peak percentage,Bin,percent,2.0,2.1,0.000100783470834257
HHS Region 9,Season peak percentage,Bin,percent,2.1,2.2,0.000142533587723386
HHS Region 9,Season peak percentage,Bin,percent,2.2,2.3,0.000197741748444153
HHS Region 9,Season peak percentage,Bin,percent,2.3,2.4,0.000269187435538498
HHS Region 9,Season peak percentage,Bin,percent,2.4,2.5,0.000359662082896909
HHS Region 9,Season peak percentage,Bin,percent,2.5,2.6,0.000471868989856475
HHS Region 9,Season peak percentage,Bin,percent,2.6,2.7,0.000608173432280157
HHS Region 9,Season peak percentage,Bin,percent,2.7,2.8,0.000770459543467487
HHS Region 9,Season peak percentage,Bin,percent,2.8,2.9,0.000959856615530397
HHS Region 9,Season peak percentage,Bin,percent,2.9,3.0,0.00117669912946247
HHS Region 9,Season peak percentage,Bin,percent,3.0,3.1,0.00142042297319511
HHS Region 9,Season peak percentage,Bin,percent,3.1,3.2,0.00168936673050598
HHS Region 9,Season peak percentage,Bin,percent,3.2,3.3,0.001980978610325
HHS Region 9,Season peak percentage,Bin,percent,3.3,3.4,0.00229169238554127
HHS Region 9,Season peak percentage,Bin,percent,3.4,3.5,0.00261707833586002
HHS Region 9,Season peak percentage,Bin,percent,3.5,3.6,0.00295171532966155
HHS Region 9,Season peak percentage,Bin,percent,3.6,3.7,0.0032893172117368
HHS Region 9,Season peak percentage,Bin,percent,3.7,3.8,0.00362269554493392
HHS Region 9,Season peak percentage,Bin,percent,3.8,3.9,0.00394380572844637
HHS Region 9,Season peak percentage,Bin,percent,3.9,4.0,0.00424385334438199
HHS Region 9,Season peak percentage,Bin,percent,4.0,4.1,0.00451356101450172
HHS Region 9,Season peak percentage,Bin,percent,4.1,4.2,0.00474347343653064
HHS Region 9,Season peak percentage,Bin,percent,4.2,4.3,0.0049245287885447
HHS Region 9,Season peak percentage,Bin,percent,4.3,4.4,0.00504901685715353
HHS Region 9,Season peak percentage,Bin,percent,4.4,4.5,0.00511096872770863
HHS Region 9,Season peak percentage,Bin,percent,4.5,4.6,0.00510719620279885
HHS Region 9,Season peak percentage,Bin,percent,4.6,4.7,0.00503757615839756
HHS Region 9,Season peak percentage,Bin,percent,4.7,4.8,0.00490593252043225
HHS Region 9,Season peak percentage,Bin,percent,4.8,4.9,0.00471963248835468
HHS Region 9,Season peak percentage,Bin,percent,4.9,5.0,0.827348419042749
HHS Region 9,Season peak percentage,Bin,percent,5.0,5.1,0.0059026130460073
HHS Region 9,Season peak percentage,Bin,percent,5.1,5.2,0.00478913626862431
HHS Region 9,Season peak percentage,Bin,percent,5.2,5.3,0.00451282877729344
HHS Region 9,Season peak percentage,Bin,percent,5.3,5.4,0.00508860588091352
HHS Region 9,Season peak percentage,Bin,percent,5.4,5.5,0.00569242042490719
HHS Region 9,Season peak percentage,Bin,percent,5.5,5.6,0.00298601498402041
HHS Region 9,Season peak percentage,Bin,percent,5.6,5.7,0.00283558226804519
HHS Region 9,Season peak percentage,Bin,percent,5.7,5.8,0.00524363724454498
HHS Region 9,Season peak percentage,Bin,percent,5.8,5.9,0.00267486601685692
HHS Region 9,Season peak percentage,Bin,percent,5.9,6.0,0.00349477605818637
HHS Region 9,Season peak percentage,Bin,percent,6.0,6.1,0.00434652518423251
HHS Region 9,Season peak percentage,Bin,percent,6.1,6.2,0.00354515272137586
HHS Region 9,Season peak percentage,Bin,percent,6.2,6.3,0.00275273610566028
HHS Region 9,Season peak percentage,Bin,percent,6.3,6.4,0.00363129056446289
HHS Region 9,Season peak percentage,Bin,percent,6.4,6.5,0.00282125591425016
HHS Region 9,Season peak percentage,Bin,percent,6.5,6.6,0.00282451517352712
HHS Region 9,Season peak percentage,Bin,percent,6.6,6.7,0.00279727632130037
HHS Region 9,Season peak percentage,Bin,percent,6.7,6.8,0.00273580390127364
HHS Region 9,Season peak percentage,Bin,percent,6.8,6.9,0.00263935505037945
HHS Region 9,Season peak percentage,Bin,percent,6.9,7.0,0.00251007174287512
HHS Region 9,Season peak percentage,Bin,percent,7.0,7.1,0.00235237875772397
HHS Region 9,Season peak percentage,Bin,percent,7.1,7.2,0.0021723990932056
HHS Region 9,Season peak percentage,Bin,percent,7.2,7.3,0.00197718312514403
HHS Region 9,Season peak percentage,Bin,percent,7.3,7.4,0.00177410541318538
HHS Region 9,Season peak percentage,Bin,percent,7.4,7.5,0.00157024253650681
HHS Region 9,Season peak percentage,Bin,percent,7.5,7.6,0.00137192055646576
HHS Region 9,Season peak percentage,Bin,percent,7.6,7.7,0.00118444180590349
HHS Region 9,Season peak percentage,Bin,percent,7.7,7.8,0.00101198844867809
HHS Region 9,Season peak percentage,Bin,percent,7.8,7.9,0.000857495212256183
HHS Region 9,Season peak percentage,Bin,percent,7.9,8.0,0.000722788598615481
HHS Region 9,Season peak percentage,Bin,percent,8.0,8.1,0.000608695202324051
HHS Region 9,Season peak percentage,Bin,percent,8.1,8.2,0.000515022238756369
HHS Region 9,Season peak percentage,Bin,percent,8.2,8.3,0.000440841027335974
HHS Region 9,Season peak percentage,Bin,percent,8.3,8.4,0.000384509469689584
HHS Region 9,Season peak percentage,Bin,percent,8.4,8.5,0.000343893879490073
HHS Region 9,Season peak percentage,Bin,percent,8.5,8.6,0.00031638508266293
HHS Region 9,Season peak percentage,Bin,percent,8.6,8.7,0.000299131771598143
HHS Region 9,Season peak percentage,Bin,percent,8.7,8.8,0.000289211559373782
HHS Region 9,Season peak percentage,Bin,percent,8.8,8.9,0.00028377330616969
HHS Region 9,Season peak percentage,Bin,percent,8.9,9.0,0.000280215315959078
HHS Region 9,Season peak percentage,Bin,percent,9.0,9.1,0.000276329887522067
HHS Region 9,Season peak percentage,Bin,percent,9.1,9.2,0.000270420985272653
HHS Region 9,Season peak percentage,Bin,percent,9.2,9.3,0.000261360027337045
HHS Region 9,Season peak percentage,Bin,percent,9.3,9.4,0.000248622840124361
HHS Region 9,Season peak percentage,Bin,percent,9.4,9.5,0.000232216023665124
HHS Region 9,Season peak percentage,Bin,percent,9.5,9.6,0.000212609727489778
HHS Region 9,Season peak percentage,Bin,percent,9.6,9.7,0.000190597468410721
HHS Region 9,Season peak percentage,Bin,percent,9.7,9.8,0.000167179057899703
HHS Region 9,Season peak percentage,Bin,percent,9.8,9.9,0.00014340325778171
HHS Region 9,Season peak percentage,Bin,percent,9.9,10.0,0.000120256341623555
HHS Region 9,Season peak percentage,Bin,percent,10.0,10.1,9.85666244666585e-05
HHS Region 9,Season peak percentage,Bin,percent,10.1,10.2,7.89517021159191e-05
HHS Region 9,Season peak percentage,Bin,percent,10.2,10.3,6.17941003508858e-05
HHS Region 9,Season peak percentage,Bin,percent,10.3,10.4,4.72587784877925e-05
HHS Region 9,Season peak percentage,Bin,percent,10.4,10.5,3.53154944204902e-05
HHS Region 9,Season peak percentage,Bin,percent,10.5,10.6,2.5782459202844e-05
HHS Region 9,Season peak percentage,Bin,percent,10.6,10.7,1.83901524354575e-05
HHS Region 9,Season peak percentage,Bin,percent,10.7,10.8,1.2814890665288e-05
HHS Region 9,Season peak percentage,Bin,percent,10.8,10.9,8.72566995973061e-06
HHS Region 9,Season peak percentage,Bin,percent,10.9,11.0,5.80399481639718e-06
HHS Region 9,Season peak percentage,Bin,percent,11.0,11.1,3.77148386381011e-06
HHS Region 9,Season peak percentage,Bin,percent,11.1,11.2,2.85500990386255e-06
HHS Region 9,Season peak percentage,Bin,percent,11.2,11.3,2.84736700278569e-06
HHS Region 9,Season peak percentage,Bin,percent,11.3,11.4,2.84736700278569e-06
HHS Region 9,Season peak percentage,Bin,percent,11.4,11.5,2.84736700278569e-06
HHS Region 9,Season peak percentage,Bin,percent,11.5,11.6,2.84736700278569e-06
HHS Region 9,Season peak percentage,Bin,percent,11.6,11.7,2.84736700278569e-06
HHS Region 9,Season peak percentage,Bin,percent,11.7,11.8,2.84736700278569e-06
HHS Region 9,Season peak percentage,Bin,percent,11.8,11.9,2.84736700278569e-06
HHS Region 9,Season peak percentage,Bin,percent,11.9,12.0,2.84736700278569e-06
HHS Region 9,Season peak percentage,Bin,percent,12.0,12.1,2.84736700278569e-06
HHS Region 9,Season peak percentage,Bin,percent,12.1,12.2,2.84736700278569e-06
HHS Region 9,Season peak percentage,Bin,percent,12.2,12.3,2.84736700278569e-06
HHS Region 9,Season peak percentage,Bin,percent,12.3,12.4,2.84736700278569e-06
HHS Region 9,Season peak percentage,Bin,percent,12.4,12.5,2.84736700278569e-06
HHS Region 9,Season peak percentage,Bin,percent,12.5,12.6,2.84736700278569e-06
HHS Region 9,Season peak percentage,Bin,percent,12.6,12.7,2.84736700278569e-06
HHS Region 9,Season peak percentage,Bin,percent,12.7,12.8,2.84736700278569e-06
HHS Region 9,Season peak percentage,Bin,percent,12.8,12.9,2.84736700278569e-06
HHS Region 9,Season peak percentage,Bin,percent,12.9,13.0,2.84736700278569e-06
HHS Region 9,Season peak percentage,Bin,percent,13.0,100.0,2.84736700278569e-06
HHS Region 9,Season peak week,Bin,week,40.0,41.0,1.75539315737616e-05
HHS Region 9,Season peak week,Bin,week,41.0,42.0,1.75539315737616e-05
HHS Region 9,Season peak week,Bin,week,42.0,43.0,1.75539315737616e-05
HHS Region 9,Season peak week,Bin,week,43.0,44.0,4.82984586328195e-05
HHS Region 9,Season peak week,Bin,week,44.0,45.0,0.0003251527998453
HHS Region 9,Season peak week,Bin,week,45.0,46.0,0.00102774611621242
HHS Region 9,Season peak week,Bin,week,46.0,47.0,0.00150942703047158
HHS Region 9,Season peak week,Bin,week,47.0,48.0,0.00106204714747709
HHS Region 9,Season peak week,Bin,week,48.0,49.0,0.000606378548476331
HHS Region 9,Season peak week,Bin,week,49.0,50.0,0.00140149905623513
HHS Region 9,Season peak week,Bin,week,50.0,51.0,0.00451702447368
HHS Region 9,Season peak week,Bin,week,51.0,52.0,0.0103713002641068
HHS Region 9,Season peak week,Bin,week,52.0,53.0,0.0143909630436077
HHS Region 9,Season peak week,Bin,week,1.0,2.0,0.0117098400050094
HHS Region 9,Season peak week,Bin,week,2.0,3.0,0.00794541939772288
HHS Region 9,Season peak week,Bin,week,3.0,4.0,0.00855823260811639
HHS Region 9,Season peak week,Bin,week,4.0,5.0,0.00990700531807351
HHS Region 9,Season peak week,Bin,week,5.0,6.0,0.010372219338404
HHS Region 9,Season peak week,Bin,week,6.0,7.0,0.838386224058922
HHS Region 9,Season peak week,Bin,week,7.0,8.0,0.0206268947151303
HHS Region 9,Season peak week,Bin,week,8.0,9.0,0.0193013155773292
HHS Region 9,Season peak week,Bin,week,9.0,10.0,0.0113910331326428
HHS Region 9,Season peak week,Bin,week,10.0,11.0,0.00471999153680628
HHS Region 9,Season peak week,Bin,week,11.0,12.0,0.00277353260067017
HHS Region 9,Season peak week,Bin,week,12.0,13.0,0.00286130394367937
HHS Region 9,Season peak week,Bin,week,13.0,14.0,0.00188456931978512
HHS Region 9,Season peak week,Bin,week,14.0,15.0,0.000594408516402737
HHS Region 9,Season peak week,Bin,week,15.0,16.0,0.0109813269910883
HHS Region 9,Season peak week,Bin,week,16.0,17.0,3.20803050987985e-05
HHS Region 9,Season peak week,Bin,week,17.0,18.0,0.00087000786551785
HHS Region 9,Season peak week,Bin,week,18.0,19.0,3.20803050987985e-05
HHS Region 9,Season peak week,Bin,week,19.0,20.0,0.00087000786551785
HHS Region 9,Season peak week,Bin,week,20.0,21.0,0.00087000786551785
US National,1 wk ahead,Bin,percent,0.0,0.1,1.30757051231101e-11
US National,1 wk ahead,Bin,percent,0.1,0.2,2.61514102462201e-11
US National,1 wk ahead,Bin,percent,0.2,0.3,2.61514102462201e-11
US National,1 wk ahead,Bin,percent,0.3,0.4,5.74989640359014e-11
US National,1 wk ahead,Bin,percent,0.4,0.5,3.49104021623896e-10
US National,1 wk ahead,Bin,percent,0.5,0.6,1.28700986359406e-09
US National,1 wk ahead,Bin,percent,0.6,0.7,2.88479575620475e-09
US National,1 wk ahead,Bin,percent,0.7,0.8,4.03884519129498e-09
US National,1 wk ahead,Bin,percent,0.8,0.9,3.59996807270128e-09
US National,1 wk ahead,Bin,percent,0.9,1.0,2.20008154369654e-09
US National,1 wk ahead,Bin,percent,1.0,1.1,1.70545729800079e-09
US National,1 wk ahead,Bin,percent,1.1,1.2,3.30236715114373e-09
US National,1 wk ahead,Bin,percent,1.2,1.3,7.08941928202951e-09
US National,1 wk ahead,Bin,percent,1.3,1.4,1.25685262097619e-08
US National,1 wk ahead,Bin,percent,1.4,1.5,1.75827798065869e-08
US National,1 wk ahead,Bin,percent,1.5,1.6,1.87268406302193e-08
US National,1 wk ahead,Bin,percent,1.6,1.7,1.59409084832554e-08
US National,1 wk ahead,Bin,percent,1.7,1.8,1.21725002866149e-08
US National,1 wk ahead,Bin,percent,1.8,1.9,9.14437992400039e-09
US National,1 wk ahead,Bin,percent,1.9,2.0,7.31384798332907e-09
US National,1 wk ahead,Bin,percent,2.0,2.1,5.89020071689139e-09
US National,1 wk ahead,Bin,percent,2.1,2.2,0.00100000402968579
US National,1 wk ahead,Bin,percent,2.2,2.3,0.0010000029654048
US National,1 wk ahead,Bin,percent,2.3,2.4,2.60966071950396e-09
US National,1 wk ahead,Bin,percent,2.4,2.5,0.00400000111264918
US National,1 wk ahead,Bin,percent,2.5,2.6,0.00200000037164614
US National,1 wk ahead,Bin,percent,2.6,2.7,0.00999999873478569
US National,1 wk ahead,Bin,percent,2.7,2.8,0.015999997771581
US National,1 wk ahead,Bin,percent,2.8,2.9,0.0259999963579989
US National,1 wk ahead,Bin,percent,2.9,3.0,0.0369999948055932
US National,1 wk ahead,Bin,percent,3.0,3.1,0.0699999901483759
US National,1 wk ahead,Bin,percent,3.1,3.2,0.0889999874669478
US National,1 wk ahead,Bin,percent,3.2,3.3,0.124999982386347
US National,1 wk ahead,Bin,percent,3.3,3.4,0.116999983515369
US National,1 wk ahead,Bin,percent,3.4,3.5,0.126999982104092
US National,1 wk ahead,Bin,percent,3.5,3.6,0.116999983515369
US National,1 wk ahead,Bin,percent,3.6,3.7,0.0819999884548424
US National,1 wk ahead,Bin,percent,3.7,3.8,0.0639999909951427
US National,1 wk ahead,Bin,percent,3.8,3.9,0.035999994946721
US National,1 wk ahead,Bin,percent,3.9,4.0,0.0259999963579989
US National,1 wk ahead,Bin,percent,4.0,4.1,0.0129999981926603
US National,1 wk ahead,Bin,percent,4.1,4.2,0.0179999974870213
US National,1 wk ahead,Bin,percent,4.2,4.3,0.0109999984749159
US National,1 wk ahead,Bin,percent,4.3,4.4,0.00299999960393824
US National,1 wk ahead,Bin,percent,4.4,4.5,0.00399999946281044
US National,1 wk ahead,Bin,percent,4.5,4.6,2.73216265157924e-11
US National,1 wk ahead,Bin,percent,4.6,4.7,0.00099999988619383
US National,1 wk ahead,Bin,percent,4.7,4.8,2.73216265157924e-11
US National,1 wk ahead,Bin,percent,4.8,4.9,2.73216265157924e-11
US National,1 wk ahead,Bin,percent,4.9,5.0,2.73216265157924e-11
US National,1 wk ahead,Bin,percent,5.0,5.1,2.73216265157924e-11
US National,1 wk ahead,Bin,percent,5.1,5.2,2.73216265157924e-11
US National,1 wk ahead,Bin,percent,5.2,5.3,2.73216265157924e-11
US National,1 wk ahead,Bin,percent,5.3,5.4,2.73216265157924e-11
US National,1 wk ahead,Bin,percent,5.4,5.5,2.73216265157924e-11
US National,1 wk ahead,Bin,percent,5.5,5.6,2.73216265157924e-11
US National,1 wk ahead,Bin,percent,5.6,5.7,2.73216265157924e-11
US National,1 wk ahead,Bin,percent,5.7,5.8,2.73216265157924e-11
US National,1 wk ahead,Bin,percent,5.8,5.9,2.73216265157924e-11
US National,1 wk ahead,Bin,percent,5.9,6.0,2.73216265157924e-11
US National,1 wk ahead,Bin,percent,6.0,6.1,2.73216265157924e-11
US National,1 wk ahead,Bin,percent,6.1,6.2,2.73216265157924e-11
US National,1 wk ahead,Bin,percent,6.2,6.3,2.73216265157924e-11
US National,1 wk ahead,Bin,percent,6.3,6.4,2.73216265157924e-11
US National,1 wk ahead,Bin,percent,6.4,6.5,2.73216265157924e-11
US National,1 wk ahead,Bin,percent,6.5,6.6,2.73216265157924e-11
US National,1 wk ahead,Bin,percent,6.6,6.7,2.73216265157924e-11
US National,1 wk ahead,Bin,percent,6.7,6.8,2.73216265157924e-11
US National,1 wk ahead,Bin,percent,6.8,6.9,2.73216265157924e-11
US National,1 wk ahead,Bin,percent,6.9,7.0,2.73216265157924e-11
US National,1 wk ahead,Bin,percent,7.0,7.1,2.73216265157924e-11
US National,1 wk ahead,Bin,percent,7.1,7.2,2.73216265157924e-11
US National,1 wk ahead,Bin,percent,7.2,7.3,2.73216265157924e-11
US National,1 wk ahead,Bin,percent,7.3,7.4,2.73216265157924e-11
US National,1 wk ahead,Bin,percent,7.4,7.5,2.73216265157924e-11
US National,1 wk ahead,Bin,percent,7.5,7.6,2.73216265157924e-11
US National,1 wk ahead,Bin,percent,7.6,7.7,2.73216265157924e-11
US National,1 wk ahead,Bin,percent,7.7,7.8,2.73216265157924e-11
US National,1 wk ahead,Bin,percent,7.8,7.9,2.73216265157924e-11
US National,1 wk ahead,Bin,percent,7.9,8.0,2.73216265157924e-11
US National,1 wk ahead,Bin,percent,8.0,8.1,2.73216265157926e-11
US National,1 wk ahead,Bin,percent,8.1,8.2,2.73216265157929e-11
US National,1 wk ahead,Bin,percent,8.2,8.3,2.73216265157929e-11
US National,1 wk ahead,Bin,percent,8.3,8.4,2.73216265157929e-11
US National,1 wk ahead,Bin,percent,8.4,8.5,2.73216265157929e-11
US National,1 wk ahead,Bin,percent,8.5,8.6,2.73216265157929e-11
US National,1 wk ahead,Bin,percent,8.6,8.7,2.73216265157929e-11
US National,1 wk ahead,Bin,percent,8.7,8.8,2.73216265157929e-11
US National,1 wk ahead,Bin,percent,8.8,8.9,2.73216265157929e-11
US National,1 wk ahead,Bin,percent,8.9,9.0,2.73216265157929e-11
US National,1 wk ahead,Bin,percent,9.0,9.1,2.73216265157929e-11
US National,1 wk ahead,Bin,percent,9.1,9.2,2.73216265157929e-11
US National,1 wk ahead,Bin,percent,9.2,9.3,2.73216265157929e-11
US National,1 wk ahead,Bin,percent,9.3,9.4,2.73216265157929e-11
US National,1 wk ahead,Bin,percent,9.4,9.5,2.73216265157929e-11
US National,1 wk ahead,Bin,percent,9.5,9.6,2.73216265157929e-11
US National,1 wk ahead,Bin,percent,9.6,9.7,2.73216265157929e-11
US National,1 wk ahead,Bin,percent,9.7,9.8,2.73216265157929e-11
US National,1 wk ahead,Bin,percent,9.8,9.9,2.73216265157929e-11
US National,1 wk ahead,Bin,percent,9.9,10.0,2.73216265157929e-11
US National,1 wk ahead,Bin,percent,10.0,10.1,2.73216265157929e-11
US National,1 wk ahead,Bin,percent,10.1,10.2,2.73216265157929e-11
US National,1 wk ahead,Bin,percent,10.2,10.3,2.73216265157929e-11
US National,1 wk ahead,Bin,percent,10.3,10.4,2.73216265157929e-11
US National,1 wk ahead,Bin,percent,10.4,10.5,2.73216265157929e-11
US National,1 wk ahead,Bin,percent,10.5,10.6,2.73216265157929e-11
US National,1 wk ahead,Bin,percent,10.6,10.7,2.73216265157929e-11
US National,1 wk ahead,Bin,percent,10.7,10.8,2.73216265157929e-11
US National,1 wk ahead,Bin,percent,10.8,10.9,2.73216265157929e-11
US National,1 wk ahead,Bin,percent,10.9,11.0,2.73216265157929e-11
US National,1 wk ahead,Bin,percent,11.0,11.1,2.73216265157929e-11
US National,1 wk ahead,Bin,percent,11.1,11.2,2.73216265157929e-11
US National,1 wk ahead,Bin,percent,11.2,11.3,2.73216265157929e-11
US National,1 wk ahead,Bin,percent,11.3,11.4,2.73216265157929e-11
US National,1 wk ahead,Bin,percent,11.4,11.5,2.73216265157929e-11
US National,1 wk ahead,Bin,percent,11.5,11.6,2.73216265157929e-11
US National,1 wk ahead,Bin,percent,11.6,11.7,2.73216265157929e-11
US National,1 wk ahead,Bin,percent,11.7,11.8,2.73216265157929e-11
US National,1 wk ahead,Bin,percent,11.8,11.9,2.73216265157929e-11
US National,1 wk ahead,Bin,percent,11.9,12.0,2.73216265157929e-11
US National,1 wk ahead,Bin,percent,12.0,12.1,2.73216265157929e-11
US National,1 wk ahead,Bin,percent,12.1,12.2,2.73216265157929e-11
US National,1 wk ahead,Bin,percent,12.2,12.3,2.73216265157929e-11
US National,1 wk ahead,Bin,percent,12.3,12.4,2.73216265157929e-11
US National,1 wk ahead,Bin,percent,12.4,12.5,2.73216265157929e-11
US National,1 wk ahead,Bin,percent,12.5,12.6,2.73216265157929e-11
US National,1 wk ahead,Bin,percent,12.6,12.7,2.73216265157929e-11
US National,1 wk ahead,Bin,percent,12.7,12.8,2.73216265157929e-11
US National,1 wk ahead,Bin,percent,12.8,12.9,2.73216265157929e-11
US National,1 wk ahead,Bin,percent,12.9,13.0,2.73216265157929e-11
US National,1 wk ahead,Bin,percent,13.0,100.0,2.73216265157929e-11
US National,2 wk ahead,Bin,percent,0.0,0.1,1.22748654937846e-11
US National,2 wk ahead,Bin,percent,0.1,0.2,2.45497309875692e-11
US National,2 wk ahead,Bin,percent,0.2,0.3,2.45497309875692e-11
US National,2 wk ahead,Bin,percent,0.3,0.4,4.32867871698071e-11
US National,2 wk ahead,Bin,percent,0.4,0.5,2.50656823554723e-10
US National,2 wk ahead,Bin,percent,0.5,0.6,9.05628558448585e-10
US National,2 wk ahead,Bin,percent,0.6,0.7,2.00173301264789e-09
US National,2 wk ahead,Bin,percent,0.7,0.8,3.08530871573487e-09
US National,2 wk ahead,Bin,percent,0.8,0.9,4.2143726584057e-09
US National,2 wk ahead,Bin,percent,0.9,1.0,5.84810507018871e-09
US National,2 wk ahead,Bin,percent,1.0,1.1,8.24557410485626e-09
US National,2 wk ahead,Bin,percent,1.1,1.2,1.23136875377183e-08
US National,2 wk ahead,Bin,percent,1.2,1.3,1.72537104757158e-08
US National,2 wk ahead,Bin,percent,1.3,1.4,1.89689049486765e-08
US National,2 wk ahead,Bin,percent,1.4,1.5,1.60551812251176e-08
US National,2 wk ahead,Bin,percent,1.5,1.6,1.20520172534378e-08
US National,2 wk ahead,Bin,percent,1.6,1.7,9.15317713054537e-09
US National,2 wk ahead,Bin,percent,1.7,1.8,7.01672803284365e-09
US National,2 wk ahead,Bin,percent,1.8,1.9,0.00100000569228449
US National,2 wk ahead,Bin,percent,1.9,2.0,5.5324926536848e-09
US National,2 wk ahead,Bin,percent,2.0,2.1,0.0020000044828566
US National,2 wk ahead,Bin,percent,2.1,2.2,0.00600000208984411
US National,2 wk ahead,Bin,percent,2.2,2.3,0.00700000017393267
US National,2 wk ahead,Bin,percent,2.3,2.4,0.0149999981652741
US National,2 wk ahead,Bin,percent,2.4,2.5,0.010999998493407
US National,2 wk ahead,Bin,percent,2.5,2.6,0.0249999965010588
US National,2 wk ahead,Bin,percent,2.6,2.7,0.035999994948653
US National,2 wk ahead,Bin,percent,2.7,2.8,0.0339999952309086
US National,2 wk ahead,Bin,percent,2.8,2.9,0.0709999900091802
US National,2 wk ahead,Bin,percent,2.9,3.0,0.0779999890212856
US National,2 wk ahead,Bin,percent,3.0,3.1,0.089999987327752
US National,2 wk ahead,Bin,percent,3.1,3.2,0.074999989444669
US National,2 wk ahead,Bin,percent,3.2,3.3,0.105999985069707
US National,2 wk ahead,Bin,percent,3.3,3.4,0.074999989444669
US National,2 wk ahead,Bin,percent,3.4,3.5,0.0719999898680524
US National,2 wk ahead,Bin,percent,3.5,3.6,0.0599999915615859
US National,2 wk ahead,Bin,percent,3.6,3.7,0.0669999905736914
US National,2 wk ahead,Bin,percent,3.7,3.8,0.0459999935373751
US National,2 wk ahead,Bin,percent,3.8,3.9,0.0319999955131642
US National,2 wk ahead,Bin,percent,3.9,4.0,0.0219999969244422
US National,2 wk ahead,Bin,percent,4.0,4.1,0.02099999706557
US National,2 wk ahead,Bin,percent,4.1,4.2,0.0189999973478256
US National,2 wk ahead,Bin,percent,4.2,4.3,0.00699999904135911
US National,2 wk ahead,Bin,percent,4.3,4.4,0.0059999991824869
US National,2 wk ahead,Bin,percent,4.4,4.5,0.00399999946474249
US National,2 wk ahead,Bin,percent,4.5,4.6,0.0049999993236147
US National,2 wk ahead,Bin,percent,4.6,4.7,0.00299999960587029
US National,2 wk ahead,Bin,percent,4.7,4.8,0.000999999888125882
US National,2 wk ahead,Bin,percent,4.8,4.9,2.92536780795378e-11
US National,2 wk ahead,Bin,percent,4.9,5.0,0.000999999888125882
US National,2 wk ahead,Bin,percent,5.0,5.1,0.000999999888125882
US National,2 wk ahead,Bin,percent,5.1,5.2,2.92536780795378e-11
US National,2 wk ahead,Bin,percent,5.2,5.3,0.000999999888125882
US National,2 wk ahead,Bin,percent,5.3,5.4,2.92536780795378e-11
US National,2 wk ahead,Bin,percent,5.4,5.5,2.92536780795378e-11
US National,2 wk ahead,Bin,percent,5.5,5.6,2.92536780795378e-11
US National,2 wk ahead,Bin,percent,5.6,5.7,2.92536780795378e-11
US National,2 wk ahead,Bin,percent,5.7,5.8,2.92536780795378e-11
US National,2 wk ahead,Bin,percent,5.8,5.9,2.92536780795378e-11
US National,2 wk ahead,Bin,percent,5.9,6.0,2.92536780795378e-11
US National,2 wk ahead,Bin,percent,6.0,6.1,2.92536780795378e-11
US National,2 wk ahead,Bin,percent,6.1,6.2,2.92536780795378e-11
US National,2 wk ahead,Bin,percent,6.2,6.3,2.92536780795378e-11
US National,2 wk ahead,Bin,percent,6.3,6.4,2.92536780795378e-11
US National,2 wk ahead,Bin,percent,6.4,6.5,2.92536780795378e-11
US National,2 wk ahead,Bin,percent,6.5,6.6,2.92536780795378e-11
US National,2 wk ahead,Bin,percent,6.6,6.7,2.92536780795378e-11
US National,2 wk ahead,Bin,percent,6.7,6.8,2.92536780795378e-11
US National,2 wk ahead,Bin,percent,6.8,6.9,2.92536780795378e-11
US National,2 wk ahead,Bin,percent,6.9,7.0,2.92536780795378e-11
US National,2 wk ahead,Bin,percent,7.0,7.1,2.92536780795378e-11
US National,2 wk ahead,Bin,percent,7.1,7.2,2.92536780795378e-11
US National,2 wk ahead,Bin,percent,7.2,7.3,2.92536780795378e-11
US National,2 wk ahead,Bin,percent,7.3,7.4,2.92536780795378e-11
US National,2 wk ahead,Bin,percent,7.4,7.5,2.92536780795378e-11
US National,2 wk ahead,Bin,percent,7.5,7.6,2.92536780795378e-11
US National,2 wk ahead,Bin,percent,7.6,7.7,2.92536780795378e-11
US National,2 wk ahead,Bin,percent,7.7,7.8,2.92536780795378e-11
US National,2 wk ahead,Bin,percent,7.8,7.9,2.92536780795378e-11
US National,2 wk ahead,Bin,percent,7.9,8.0,2.92536780795378e-11
US National,2 wk ahead,Bin,percent,8.0,8.1,2.92536780795381e-11
US National,2 wk ahead,Bin,percent,8.1,8.2,2.92536780795383e-11
US National,2 wk ahead,Bin,percent,8.2,8.3,2.92536780795383e-11
US National,2 wk ahead,Bin,percent,8.3,8.4,2.92536780795383e-11
US National,2 wk ahead,Bin,percent,8.4,8.5,2.92536780795383e-11
US National,2 wk ahead,Bin,percent,8.5,8.6,2.92536780795383e-11
US National,2 wk ahead,Bin,percent,8.6,8.7,2.92536780795383e-11
US National,2 wk ahead,Bin,percent,8.7,8.8,2.92536780795383e-11
US National,2 wk ahead,Bin,percent,8.8,8.9,2.92536780795383e-11
US National,2 wk ahead,Bin,percent,8.9,9.0,2.92536780795383e-11
US National,2 wk ahead,Bin,percent,9.0,9.1,2.92536780795383e-11
US National,2 wk ahead,Bin,percent,9.1,9.2,2.92536780795383e-11
US National,2 wk ahead,Bin,percent,9.2,9.3,2.92536780795383e-11
US National,2 wk ahead,Bin,percent,9.3,9.4,2.92536780795383e-11
US National,2 wk ahead,Bin,percent,9.4,9.5,2.92536780795383e-11
US National,2 wk ahead,Bin,percent,9.5,9.6,2.92536780795383e-11
US National,2 wk ahead,Bin,percent,9.6,9.7,2.92536780795383e-11
US National,2 wk ahead,Bin,percent,9.7,9.8,2.92536780795383e-11
US National,2 wk ahead,Bin,percent,9.8,9.9,2.92536780795383e-11
US National,2 wk ahead,Bin,percent,9.9,10.0,2.92536780795383e-11
US National,2 wk ahead,Bin,percent,10.0,10.1,2.92536780795383e-11
US National,2 wk ahead,Bin,percent,10.1,10.2,2.92536780795383e-11
US National,2 wk ahead,Bin,percent,10.2,10.3,2.92536780795383e-11
US National,2 wk ahead,Bin,percent,10.3,10.4,2.92536780795383e-11
US National,2 wk ahead,Bin,percent,10.4,10.5,2.92536780795383e-11
US National,2 wk ahead,Bin,percent,10.5,10.6,2.92536780795383e-11
US National,2 wk ahead,Bin,percent,10.6,10.7,2.92536780795383e-11
US National,2 wk ahead,Bin,percent,10.7,10.8,2.92536780795383e-11
US National,2 wk ahead,Bin,percent,10.8,10.9,2.92536780795383e-11
US National,2 wk ahead,Bin,percent,10.9,11.0,2.92536780795383e-11
US National,2 wk ahead,Bin,percent,11.0,11.1,2.92536780795383e-11
US National,2 wk ahead,Bin,percent,11.1,11.2,2.92536780795383e-11
US National,2 wk ahead,Bin,percent,11.2,11.3,2.92536780795383e-11
US National,2 wk ahead,Bin,percent,11.3,11.4,2.92536780795383e-11
US National,2 wk ahead,Bin,percent,11.4,11.5,2.92536780795383e-11
US National,2 wk ahead,Bin,percent,11.5,11.6,2.92536780795383e-11
US National,2 wk ahead,Bin,percent,11.6,11.7,2.92536780795383e-11
US National,2 wk ahead,Bin,percent,11.7,11.8,2.92536780795383e-11
US National,2 wk ahead,Bin,percent,11.8,11.9,2.92536780795383e-11
US National,2 wk ahead,Bin,percent,11.9,12.0,2.92536780795383e-11
US National,2 wk ahead,Bin,percent,12.0,12.1,2.92536780795383e-11
US National,2 wk ahead,Bin,percent,12.1,12.2,2.92536780795383e-11
US National,2 wk ahead,Bin,percent,12.2,12.3,2.92536780795383e-11
US National,2 wk ahead,Bin,percent,12.3,12.4,2.92536780795383e-11
US National,2 wk ahead,Bin,percent,12.4,12.5,2.92536780795383e-11
US National,2 wk ahead,Bin,percent,12.5,12.6,2.92536780795383e-11
US National,2 wk ahead,Bin,percent,12.6,12.7,2.92536780795383e-11
US National,2 wk ahead,Bin,percent,12.7,12.8,2.92536780795383e-11
US National,2 wk ahead,Bin,percent,12.8,12.9,2.92536780795383e-11
US National,2 wk ahead,Bin,percent,12.9,13.0,2.92536780795383e-11
US National,2 wk ahead,Bin,percent,13.0,100.0,2.92536780795383e-11
US National,3 wk ahead,Bin,percent,0.0,0.1,9.16716178321934e-12
US National,3 wk ahead,Bin,percent,0.1,0.2,5.10868657392164e-11
US National,3 wk ahead,Bin,percent,0.2,0.3,1.6833475195519e-10
US National,3 wk ahead,Bin,percent,0.3,0.4,4.5099649523821e-10
US National,3 wk ahead,Bin,percent,0.4,0.5,1.00286244124716e-09
US National,3 wk ahead,Bin,percent,0.5,0.6,1.9078396023751e-09
US National,3 wk ahead,Bin,percent,0.6,0.7,3.22509810621318e-09
US National,3 wk ahead,Bin,percent,0.7,0.8,5.01633553621035e-09
US National,3 wk ahead,Bin,percent,0.8,0.9,7.30903583273224e-09
US National,3 wk ahead,Bin,percent,0.9,1.0,9.95376605618277e-09
US National,3 wk ahead,Bin,percent,1.0,1.1,1.2520283385993e-08
US National,3 wk ahead,Bin,percent,1.1,1.2,1.44039210067909e-08
US National,3 wk ahead,Bin,percent,1.2,1.3,1.5126383148426e-08
US National,3 wk ahead,Bin,percent,1.3,1.4,1.46206674699763e-08
US National,3 wk ahead,Bin,percent,1.4,1.5,1.32382112393797e-08
US National,3 wk ahead,Bin,percent,1.5,1.6,0.00100001128939758
US National,3 wk ahead,Bin,percent,1.6,1.7,0.00200000914138691
US National,3 wk ahead,Bin,percent,1.7,1.8,0.00300000681832683
US National,3 wk ahead,Bin,percent,1.8,1.9,0.0060000041405011
US National,3 wk ahead,Bin,percent,1.9,2.0,0.0070000019741351
US National,3 wk ahead,Bin,percent,2.0,2.1,0.0129999996383803
US National,3 wk ahead,Bin,percent,2.1,2.2,0.0189999979196829
US National,3 wk ahead,Bin,percent,2.2,2.3,0.0199999973760626
US National,3 wk ahead,Bin,percent,2.3,2.4,0.0389999945505054
US National,3 wk ahead,Bin,percent,2.4,2.5,0.0479999932609253
US National,3 wk ahead,Bin,percent,2.5,2.6,0.0549999922730307
US National,3 wk ahead,Bin,percent,2.6,2.7,0.0739999895916026
US National,3 wk ahead,Bin,percent,2.7,2.8,0.0739999895916026
US National,3 wk ahead,Bin,percent,2.8,2.9,0.0859999878980691
US National,3 wk ahead,Bin,percent,2.9,3.0,0.0769999891682192
US National,3 wk ahead,Bin,percent,3.0,3.1,0.060999991426264
US National,3 wk ahead,Bin,percent,3.1,3.2,0.0679999904383694
US National,3 wk ahead,Bin,percent,3.2,3.3,0.075999989309347
US National,3 wk ahead,Bin,percent,3.3,3.4,0.0549999922730307
US National,3 wk ahead,Bin,percent,3.4,3.5,0.0459999935431809
US National,3 wk ahead,Bin,percent,3.5,3.6,0.0409999942488199
US National,3 wk ahead,Bin,percent,3.6,3.7,0.0289999959423535
US National,3 wk ahead,Bin,percent,3.7,3.8,0.0239999966479924
US National,3 wk ahead,Bin,percent,3.8,3.9,0.0179999974947592
US National,3 wk ahead,Bin,percent,3.9,4.0,0.0149999979181426
US National,3 wk ahead,Bin,percent,4.0,4.1,0.0109999984826538
US National,3 wk ahead,Bin,percent,4.1,4.2,0.0109999984826538
US National,3 wk ahead,Bin,percent,4.2,4.3,0.00599999918829276
US National,3 wk ahead,Bin,percent,4.3,4.4,0.00399999947054835
US National,3 wk ahead,Bin,percent,4.4,4.5,0.00199999975280394
US National,3 wk ahead,Bin,percent,4.5,4.6,0.000999999893931738
US National,3 wk ahead,Bin,percent,4.6,4.7,0.000999999893931738
US National,3 wk ahead,Bin,percent,4.7,4.8,0.000999999893931738
US National,3 wk ahead,Bin,percent,4.8,4.9,0.00199999975280394
US National,3 wk ahead,Bin,percent,4.9,5.0,0.00199999975280394
US National,3 wk ahead,Bin,percent,5.0,5.1,3.50595339277513e-11
US National,3 wk ahead,Bin,percent,5.1,5.2,3.50595339277513e-11
US National,3 wk ahead,Bin,percent,5.2,5.3,3.50595339277513e-11
US National,3 wk ahead,Bin,percent,5.3,5.4,3.50595339277513e-11
US National,3 wk ahead,Bin,percent,5.4,5.5,0.000999999893931738
US National,3 wk ahead,Bin,percent,5.5,5.6,3.50595339277513e-11
US National,3 wk ahead,Bin,percent,5.6,5.7,0.000999999893931738
US National,3 wk ahead,Bin,percent,5.7,5.8,3.50595339277513e-11
US National,3 wk ahead,Bin,percent,5.8,5.9,3.50595339277513e-11
US National,3 wk ahead,Bin,percent,5.9,6.0,3.50595339277513e-11
US National,3 wk ahead,Bin,percent,6.0,6.1,3.50595339277513e-11
US National,3 wk ahead,Bin,percent,6.1,6.2,3.50595339277513e-11
US National,3 wk ahead,Bin,percent,6.2,6.3,3.50595339277513e-11
US National,3 wk ahead,Bin,percent,6.3,6.4,3.50595339277513e-11
US National,3 wk ahead,Bin,percent,6.4,6.5,3.50595339277513e-11
US National,3 wk ahead,Bin,percent,6.5,6.6,3.50595339277513e-11
US National,3 wk ahead,Bin,percent,6.6,6.7,3.50595339277513e-11
US National,3 wk ahead,Bin,percent,6.7,6.8,3.50595339277513e-11
US National,3 wk ahead,Bin,percent,6.8,6.9,3.50595339277513e-11
US National,3 wk ahead,Bin,percent,6.9,7.0,3.50595339277513e-11
US National,3 wk ahead,Bin,percent,7.0,7.1,3.50595339277513e-11
US National,3 wk ahead,Bin,percent,7.1,7.2,3.50595339277513e-11
US National,3 wk ahead,Bin,percent,7.2,7.3,3.50595339277513e-11
US National,3 wk ahead,Bin,percent,7.3,7.4,3.50595339277513e-11
US National,3 wk ahead,Bin,percent,7.4,7.5,3.50595339277513e-11
US National,3 wk ahead,Bin,percent,7.5,7.6,3.50595339277513e-11
US National,3 wk ahead,Bin,percent,7.6,7.7,3.50595339277513e-11
US National,3 wk ahead,Bin,percent,7.7,7.8,3.50595339277513e-11
US National,3 wk ahead,Bin,percent,7.8,7.9,3.50595339277513e-11
US National,3 wk ahead,Bin,percent,7.9,8.0,3.50595339277513e-11
US National,3 wk ahead,Bin,percent,8.0,8.1,3.50595339277516e-11
US National,3 wk ahead,Bin,percent,8.1,8.2,3.50595339277519e-11
US National,3 wk ahead,Bin,percent,8.2,8.3,3.50595339277519e-11
US National,3 wk ahead,Bin,percent,8.3,8.4,3.50595339277519e-11
US National,3 wk ahead,Bin,percent,8.4,8.5,3.50595339277519e-11
US National,3 wk ahead,Bin,percent,8.5,8.6,3.50595339277519e-11
US National,3 wk ahead,Bin,percent,8.6,8.7,3.50595339277519e-11
US National,3 wk ahead,Bin,percent,8.7,8.8,3.50595339277519e-11
US National,3 wk ahead,Bin,percent,8.8,8.9,3.50595339277519e-11
US National,3 wk ahead,Bin,percent,8.9,9.0,3.50595339277519e-11
US National,3 wk ahead,Bin,percent,9.0,9.1,3.50595339277519e-11
US National,3 wk ahead,Bin,percent,9.1,9.2,3.50595339277519e-11
US National,3 wk ahead,Bin,percent,9.2,9.3,3.50595339277519e-11
US National,3 wk ahead,Bin,percent,9.3,9.4,3.50595339277519e-11
US National,3 wk ahead,Bin,percent,9.4,9.5,3.50595339277519e-11
US National,3 wk ahead,Bin,percent,9.5,9.6,3.50595339277519e-11
US National,3 wk ahead,Bin,percent,9.6,9.7,3.50595339277519e-11
US National,3 wk ahead,Bin,percent,9.7,9.8,3.50595339277519e-11
US National,3 wk ahead,Bin,percent,9.8,9.9,3.50595339277519e-11
US National,3 wk ahead,Bin,percent,9.9,10.0,3.50595339277519e-11
US National,3 wk ahead,Bin,percent,10.0,10.1,3.50595339277519e-11
US National,3 wk ahead,Bin,percent,10.1,10.2,3.50595339277519e-11
US National,3 wk ahead,Bin,percent,10.2,10.3,3.50595339277519e-11
US National,3 wk ahead,Bin,percent,10.3,10.4,3.50595339277519e-11
US National,3 wk ahead,Bin,percent,10.4,10.5,3.50595339277519e-11
US National,3 wk ahead,Bin,percent,10.5,10.6,3.50595339277519e-11
US National,3 wk ahead,Bin,percent,10.6,10.7,3.50595339277519e-11
US National,3 wk ahead,Bin,percent,10.7,10.8,3.50595339277519e-11
US National,3 wk ahead,Bin,percent,10.8,10.9,3.50595339277519e-11
US National,3 wk ahead,Bin,percent,10.9,11.0,3.50595339277519e-11
US National,3 wk ahead,Bin,percent,11.0,11.1,3.50595339277519e-11
US National,3 wk ahead,Bin,percent,11.1,11.2,3.50595339277519e-11
US National,3 wk ahead,Bin,percent,11.2,11.3,3.50595339277519e-11
US National,3 wk ahead,Bin,percent,11.3,11.4,3.50595339277519e-11
US National,3 wk ahead,Bin,percent,11.4,11.5,3.50595339277519e-11
US National,3 wk ahead,Bin,percent,11.5,11.6,3.50595339277519e-11
US National,3 wk ahead,Bin,percent,11.6,11.7,3.50595339277519e-11
US National,3 wk ahead,Bin,percent,11.7,11.8,3.50595339277519e-11
US National,3 wk ahead,Bin,percent,11.8,11.9,3.50595339277519e-11
US National,3 wk ahead,Bin,percent,11.9,12.0,3.50595339277519e-11
US National,3 wk ahead,Bin,percent,12.0,12.1,3.50595339277519e-11
US National,3 wk ahead,Bin,percent,12.1,12.2,3.50595339277519e-11
US National,3 wk ahead,Bin,percent,12.2,12.3,3.50595339277519e-11
US National,3 wk ahead,Bin,percent,12.3,12.4,3.50595339277519e-11
US National,3 wk ahead,Bin,percent,12.4,12.5,3.50595339277519e-11
US National,3 wk ahead,Bin,percent,12.5,12.6,3.50595339277519e-11
US National,3 wk ahead,Bin,percent,12.6,12.7,3.50595339277519e-11
US National,3 wk ahead,Bin,percent,12.7,12.8,3.50595339277519e-11
US National,3 wk ahead,Bin,percent,12.8,12.9,3.50595339277519e-11
US National,3 wk ahead,Bin,percent,12.9,13.0,3.50595339277519e-11
US National,3 wk ahead,Bin,percent,13.0,100.0,3.50595339277519e-11
US National,4 wk ahead,Bin,percent,0.0,0.1,3.07101006308198e-11
US National,4 wk ahead,Bin,percent,0.1,0.2,1.7965671645945e-10
US National,4 wk ahead,Bin,percent,0.2,0.3,5.6144087897716e-10
US National,4 wk ahead,Bin,percent,0.3,0.4,1.37991070259309e-09
US National,4 wk ahead,Bin,percent,0.4,0.5,2.69192792729424e-09
US National,4 wk ahead,Bin,percent,0.5,0.6,4.24263326147353e-09
US National,4 wk ahead,Bin,percent,0.6,0.7,5.59839985477559e-09
US National,4 wk ahead,Bin,percent,0.7,0.8,6.60491738396125e-09
US National,4 wk ahead,Bin,percent,0.8,0.9,7.61215530165363e-09
US National,4 wk ahead,Bin,percent,0.9,1.0,9.05009664929126e-09
US National,4 wk ahead,Bin,percent,1.0,1.1,1.08252055538068e-08
US National,4 wk ahead,Bin,percent,1.1,1.2,1.23405033836653e-08
US National,4 wk ahead,Bin,percent,1.2,1.3,1.31191268118665e-08
US National,4 wk ahead,Bin,percent,1.3,1.4,0.00100001301134327
US National,4 wk ahead,Bin,percent,1.4,1.5,0.00300001210744642
US National,4 wk ahead,Bin,percent,1.5,1.6,0.00300001065183759
US National,4 wk ahead,Bin,percent,1.6,1.7,0.0080000075363642
US National,4 wk ahead,Bin,percent,1.7,1.8,0.0120000040463698
US National,4 wk ahead,Bin,percent,1.8,1.9,0.0160000008618549
US National,4 wk ahead,Bin,percent,1.9,2.0,0.0239999979778034
US National,4 wk ahead,Bin,percent,2.0,2.1,0.0409999946899807
US National,4 wk ahead,Bin,percent,2.1,2.2,0.0489999932242046
US National,4 wk ahead,Bin,percent,2.2,2.3,0.0449999937189939
US National,4 wk ahead,Bin,percent,2.3,2.4,0.059999991683498
US National,4 wk ahead,Bin,percent,2.4,2.5,0.0869999881205275
US National,4 wk ahead,Bin,percent,2.5,2.6,0.0759999901114171
US National,4 wk ahead,Bin,percent,2.6,2.7,0.0799999900722237
US National,4 wk ahead,Bin,percent,2.7,2.8,0.0569999936720041
US National,4 wk ahead,Bin,percent,2.8,2.9,0.0659999923589607
US National,4 wk ahead,Bin,percent,2.9,3.0,0.0689999915250196
US National,4 wk ahead,Bin,percent,3.0,3.1,0.0609999921287859
US National,4 wk ahead,Bin,percent,3.1,3.2,0.0439999941237779
US National,4 wk ahead,Bin,percent,3.2,3.3,0.0349999951771302
US National,4 wk ahead,Bin,percent,3.3,3.4,0.0199999972098252
US National,4 wk ahead,Bin,percent,3.4,3.5,0.0359999949393501
US National,4 wk ahead,Bin,percent,3.5,3.6,0.0239999966328836
US National,4 wk ahead,Bin,percent,3.6,3.7,0.015999997761906
US National,4 wk ahead,Bin,percent,3.7,3.8,0.0129999981852894
US National,4 wk ahead,Bin,percent,3.8,3.9,0.0119999983264172
US National,4 wk ahead,Bin,percent,3.9,4.0,0.00999999860867277
US National,4 wk ahead,Bin,percent,4.0,4.1,0.00999999860867277
US National,4 wk ahead,Bin,percent,4.1,4.2,0.00199999973769514
US National,4 wk ahead,Bin,percent,4.2,4.3,0.00599999917318396
US National,4 wk ahead,Bin,percent,4.3,4.4,0.00399999945543955
US National,4 wk ahead,Bin,percent,4.4,4.5,0.00299999959656735
US National,4 wk ahead,Bin,percent,4.5,4.6,0.00199999973769514
US National,4 wk ahead,Bin,percent,4.6,4.7,0.000999999878822938
US National,4 wk ahead,Bin,percent,4.7,4.8,1.99507340969931e-11
US National,4 wk ahead,Bin,percent,4.8,4.9,1.99507340969931e-11
US National,4 wk ahead,Bin,percent,4.9,5.0,1.99507340969931e-11
US National,4 wk ahead,Bin,percent,5.0,5.1,0.000999999878822938
US National,4 wk ahead,Bin,percent,5.1,5.2,0.000999999878822938
US National,4 wk ahead,Bin,percent,5.2,5.3,1.99507340969931e-11
US National,4 wk ahead,Bin,percent,5.3,5.4,0.000999999878822938
US National,4 wk ahead,Bin,percent,5.4,5.5,1.99507340969931e-11
US National,4 wk ahead,Bin,percent,5.5,5.6,0.000999999878822938
US National,4 wk ahead,Bin,percent,5.6,5.7,1.99507340969931e-11
US National,4 wk ahead,Bin,percent,5.7,5.8,1.99507340969931e-11
US National,4 wk ahead,Bin,percent,5.8,5.9,1.99507340969931e-11
US National,4 wk ahead,Bin,percent,5.9,6.0,1.99507340969931e-11
US National,4 wk ahead,Bin,percent,6.0,6.1,1.99507340969931e-11
US National,4 wk ahead,Bin,percent,6.1,6.2,1.99507340969931e-11
US National,4 wk ahead,Bin,percent,6.2,6.3,1.99507340969931e-11
US National,4 wk ahead,Bin,percent,6.3,6.4,1.99507340969931e-11
US National,4 wk ahead,Bin,percent,6.4,6.5,1.99507340969931e-11
US National,4 wk ahead,Bin,percent,6.5,6.6,1.99507340969931e-11
US National,4 wk ahead,Bin,percent,6.6,6.7,1.99507340969931e-11
US National,4 wk ahead,Bin,percent,6.7,6.8,1.99507340969931e-11
US National,4 wk ahead,Bin,percent,6.8,6.9,1.99507340969931e-11
US National,4 wk ahead,Bin,percent,6.9,7.0,1.99507340969931e-11
US National,4 wk ahead,Bin,percent,7.0,7.1,1.99507340969931e-11
US National,4 wk ahead,Bin,percent,7.1,7.2,1.99507340969931e-11
US National,4 wk ahead,Bin,percent,7.2,7.3,1.99507340969931e-11
US National,4 wk ahead,Bin,percent,7.3,7.4,1.99507340969931e-11
US National,4 wk ahead,Bin,percent,7.4,7.5,1.99507340969931e-11
US National,4 wk ahead,Bin,percent,7.5,7.6,1.99507340969931e-11
US National,4 wk ahead,Bin,percent,7.6,7.7,1.99507340969931e-11
US National,4 wk ahead,Bin,percent,7.7,7.8,1.99507340969931e-11
US National,4 wk ahead,Bin,percent,7.8,7.9,1.99507340969931e-11
US National,4 wk ahead,Bin,percent,7.9,8.0,1.99507340969931e-11
US National,4 wk ahead,Bin,percent,8.0,8.1,1.99507340969933e-11
US National,4 wk ahead,Bin,percent,8.1,8.2,1.99507340969934e-11
US National,4 wk ahead,Bin,percent,8.2,8.3,1.99507340969934e-11
US National,4 wk ahead,Bin,percent,8.3,8.4,1.99507340969934e-11
US National,4 wk ahead,Bin,percent,8.4,8.5,1.99507340969934e-11
US National,4 wk ahead,Bin,percent,8.5,8.6,1.99507340969934e-11
US National,4 wk ahead,Bin,percent,8.6,8.7,1.99507340969934e-11
US National,4 wk ahead,Bin,percent,8.7,8.8,1.99507340969934e-11
US National,4 wk ahead,Bin,percent,8.8,8.9,1.99507340969934e-11
US National,4 wk ahead,Bin,percent,8.9,9.0,1.99507340969934e-11
US National,4 wk ahead,Bin,percent,9.0,9.1,1.99507340969934e-11
US National,4 wk ahead,Bin,percent,9.1,9.2,1.99507340969934e-11
US National,4 wk ahead,Bin,percent,9.2,9.3,1.99507340969934e-11
US National,4 wk ahead,Bin,percent,9.3,9.4,1.99507340969934e-11
US National,4 wk ahead,Bin,percent,9.4,9.5,1.99507340969934e-11
US National,4 wk ahead,Bin,percent,9.5,9.6,1.99507340969934e-11
US National,4 wk ahead,Bin,percent,9.6,9.7,1.99507340969934e-11
US National,4 wk ahead,Bin,percent,9.7,9.8,1.99507340969934e-11
US National,4 wk ahead,Bin,percent,9.8,9.9,1.99507340969934e-11
US National,4 wk ahead,Bin,percent,9.9,10.0,1.99507340969934e-11
US National,4 wk ahead,Bin,percent,10.0,10.1,1.99507340969934e-11
US National,4 wk ahead,Bin,percent,10.1,10.2,1.99507340969934e-11
US National,4 wk ahead,Bin,percent,10.2,10.3,1.99507340969934e-11
US National,4 wk ahead,Bin,percent,10.3,10.4,1.99507340969934e-11
US National,4 wk ahead,Bin,percent,10.4,10.5,1.99507340969934e-11
US National,4 wk ahead,Bin,percent,10.5,10.6,1.99507340969934e-11
US National,4 wk ahead,Bin,percent,10.6,10.7,1.99507340969934e-11
US National,4 wk ahead,Bin,percent,10.7,10.8,1.99507340969934e-11
US National,4 wk ahead,Bin,percent,10.8,10.9,1.99507340969934e-11
US National,4 wk ahead,Bin,percent,10.9,11.0,1.99507340969934e-11
US National,4 wk ahead,Bin,percent,11.0,11.1,1.99507340969934e-11
US National,4 wk ahead,Bin,percent,11.1,11.2,1.99507340969934e-11
US National,4 wk ahead,Bin,percent,11.2,11.3,1.99507340969934e-11
US National,4 wk ahead,Bin,percent,11.3,11.4,1.99507340969934e-11
US National,4 wk ahead,Bin,percent,11.4,11.5,1.99507340969934e-11
US National,4 wk ahead,Bin,percent,11.5,11.6,1.99507340969934e-11
US National,4 wk ahead,Bin,percent,11.6,11.7,1.99507340969934e-11
US National,4 wk ahead,Bin,percent,11.7,11.8,1.99507340969934e-11
US National,4 wk ahead,Bin,percent,11.8,11.9,1.99507340969934e-11
US National,4 wk ahead,Bin,percent,11.9,12.0,1.99507340969934e-11
US National,4 wk ahead,Bin,percent,12.0,12.1,1.99507340969934e-11
US National,4 wk ahead,Bin,percent,12.1,12.2,1.99507340969934e-11
US National,4 wk ahead,Bin,percent,12.2,12.3,1.99507340969934e-11
US National,4 wk ahead,Bin,percent,12.3,12.4,1.99507340969934e-11
US National,4 wk ahead,Bin,percent,12.4,12.5,1.99507340969934e-11
US National,4 wk ahead,Bin,percent,12.5,12.6,1.99507340969934e-11
US National,4 wk ahead,Bin,percent,12.6,12.7,1.99507340969934e-11
US National,4 wk ahead,Bin,percent,12.7,12.8,1.99507340969934e-11
US National,4 wk ahead,Bin,percent,12.8,12.9,1.99507340969934e-11
US National,4 wk ahead,Bin,percent,12.9,13.0,1.99507340969934e-11
US National,4 wk ahead,Bin,percent,13.0,100.0,1.99507340969934e-11
US National,Season onset,Bin,week,40.0,41.0,4.27598354849412e-05
US National,Season onset,Bin,week,41.0,42.0,4.27601101528762e-05
US National,Season onset,Bin,week,42.0,43.0,9.03216186881806e-05
US National,Season onset,Bin,week,43.0,44.0,0.000367112678227236
US National,Season onset,Bin,week,44.0,45.0,0.00113155947324193
US National,Season onset,Bin,week,45.0,46.0,0.921107396675625
US National,Season onset,Bin,week,46.0,47.0,0.00757508405901933
US National,Season onset,Bin,week,47.0,48.0,0.00685990120656889
US National,Season onset,Bin,week,48.0,49.0,0.0079524852125078
US National,Season onset,Bin,week,49.0,50.0,0.00787233102955047
US National,Season onset,Bin,week,50.0,51.0,0.00705948838754761
US National,Season onset,Bin,week,51.0,52.0,0.00601293498221185
US National,Season onset,Bin,week,52.0,53.0,0.00502692225968226
US National,Season onset,Bin,week,1.0,2.0,0.00438443121265286
US National,Season onset,Bin,week,2.0,3.0,0.00429516501922472
US National,Season onset,Bin,week,3.0,4.0,0.00456034816426911
US National,Season onset,Bin,week,4.0,5.0,0.00462521667553846
US National,Season onset,Bin,week,5.0,6.0,0.00406165295969997
US National,Season onset,Bin,week,6.0,7.0,0.00292627411561014
US National,Season onset,Bin,week,7.0,8.0,0.00167259308074391
US National,Season onset,Bin,week,8.0,9.0,0.0007402157085248
US National,Season onset,Bin,week,9.0,10.0,0.000249250809631828
US National,Season onset,Bin,week,10.0,11.0,6.33926753751017e-05
US National,Season onset,Bin,week,11.0,12.0,3.04895606772175e-05
US National,Season onset,Bin,week,12.0,13.0,3.04895606772175e-05
US National,Season onset,Bin,week,13.0,14.0,3.04895606772175e-05
US National,Season onset,Bin,week,14.0,15.0,3.04895606772175e-05
US National,Season onset,Bin,week,15.0,16.0,3.04895606772175e-05
US National,Season onset,Bin,week,16.0,17.0,3.04895606772175e-05
US National,Season onset,Bin,week,17.0,18.0,3.04895606772175e-05
US National,Season onset,Bin,week,18.0,19.0,3.04895606772175e-05
US National,Season onset,Bin,week,19.0,20.0,3.04895606772175e-05
US National,Season onset,Bin,week,20.0,21.0,3.04895606772175e-05
US National,Season onset,Bin,week,none,none,0.000975506443448623
US National,Season peak percentage,Bin,percent,0.0,0.1,7.48055501806862e-06
US National,Season peak percentage,Bin,percent,0.1,0.2,1.80965050805354e-05
US National,Season peak percentage,Bin,percent,0.2,0.3,2.31171930547918e-05
US National,Season peak percentage,Bin,percent,0.3,0.4,2.93102810079789e-05
US National,Season peak percentage,Bin,percent,0.4,0.5,3.68886513705183e-05
US National,Season peak percentage,Bin,percent,0.5,0.6,4.60956839990153e-05
US National,Season peak percentage,Bin,percent,0.6,0.7,5.71884642095724e-05
US National,Season peak percentage,Bin,percent,0.7,0.8,7.04474970719078e-05
US National,Season peak percentage,Bin,percent,0.8,0.9,8.61805574378652e-05
US National,Season peak percentage,Bin,percent,0.9,1.0,0.000104705856628748
US National,Season peak percentage,Bin,percent,1.0,1.1,0.000126348041523418
US National,Season peak percentage,Bin,percent,1.1,1.2,0.000151435346571616
US National,Season peak percentage,Bin,percent,1.2,1.3,0.000180304778297852
US National,Season peak percentage,Bin,percent,1.3,1.4,0.000213268858977689
US National,Season peak percentage,Bin,percent,1.4,1.5,0.000250609553350616
US National,Season peak percentage,Bin,percent,1.5,1.6,0.000292584591122873
US National,Season peak percentage,Bin,percent,1.6,1.7,0.000339416190851995
US National,Season peak percentage,Bin,percent,1.7,1.8,0.000391238566624736
US National,Season peak percentage,Bin,percent,1.8,1.9,0.000448129554063212
US National,Season peak percentage,Bin,percent,1.9,2.0,0.000510099389749605
US National,Season peak percentage,Bin,percent,2.0,2.1,0.000577040325606414
US National,Season peak percentage,Bin,percent,2.1,2.2,0.000648758864970793
US National,Season peak percentage,Bin,percent,2.2,2.3,0.000724937217563662
US National,Season peak percentage,Bin,percent,2.3,2.4,0.000805178171507761
US National,Season peak percentage,Bin,percent,2.4,2.5,0.000888950988650441
US National,Season peak percentage,Bin,percent,2.5,2.6,0.000975621919942839
US National,Season peak percentage,Bin,percent,2.6,2.7,0.00106447650145336
US National,Season peak percentage,Bin,percent,2.7,2.8,0.00115469755743717
US National,Season peak percentage,Bin,percent,2.8,2.9,0.0012454002450361
US National,Season peak percentage,Bin,percent,2.9,3.0,0.00133564621727302
US National,Season peak percentage,Bin,percent,3.0,3.1,0.00142445981939756
US National,Season peak percentage,Bin,percent,3.1,3.2,0.00151084480534098
US National,Season peak percentage,Bin,percent,3.2,3.3,0.00159381008193411
US National,Season peak percentage,Bin,percent,3.3,3.4,0.00167240079780151
US National,Season peak percentage,Bin,percent,3.4,3.5,0.00174568140550891
US National,Season peak percentage,Bin,percent,3.5,3.6,0.00181279049523248
US National,Season peak percentage,Bin,percent,3.6,3.7,0.00187295743849589
US National,Season peak percentage,Bin,percent,3.7,3.8,0.00192547852794331
US National,Season peak percentage,Bin,percent,3.8,3.9,0.00196976487798845
US National,Season peak percentage,Bin,percent,3.9,4.0,0.0020053284157387
US National,Season peak percentage,Bin,percent,4.0,4.1,0.0020318342019988
US National,Season peak percentage,Bin,percent,4.1,4.2,0.00204905215501394
US National,Season peak percentage,Bin,percent,4.2,4.3,0.00205683574866953
US National,Season peak percentage,Bin,percent,4.3,4.4,0.00205526270619035
US National,Season peak percentage,Bin,percent,4.4,4.5,0.00204444872667146
US National,Season peak percentage,Bin,percent,4.5,4.6,0.00202467576707642
US National,Season peak percentage,Bin,percent,4.6,4.7,0.00199631107135177
US National,Season peak percentage,Bin,percent,4.7,4.8,0.001959879387358
US National,Season peak percentage,Bin,percent,4.8,4.9,0.00191596021453657
US National,Season peak percentage,Bin,percent,4.9,5.0,0.00186522562732764
US National,Season peak percentage,Bin,percent,5.0,5.1,0.00180841881361357
US National,Season peak percentage,Bin,percent,5.1,5.2,0.00174636368021503
US National,Season peak percentage,Bin,percent,5.2,5.3,0.00167987143798433
US National,Season peak percentage,Bin,percent,5.3,5.4,0.00160980667408275
US National,Season peak percentage,Bin,percent,5.4,5.5,0.00153702918478361
US National,Season peak percentage,Bin,percent,5.5,5.6,0.00146238170399369
US National,Season peak percentage,Bin,percent,5.6,5.7,0.00138667099484633
US National,Season peak percentage,Bin,percent,5.7,5.8,0.00131066755436797
US National,Season peak percentage,Bin,percent,5.8,5.9,0.00123508153988467
US National,Season peak percentage,Bin,percent,5.9,6.0,0.00116054982483519
US National,Season peak percentage,Bin,percent,6.0,6.1,0.00108764963921113
US National,Season peak percentage,Bin,percent,6.1,6.2,0.00101686434946785
US National,Season peak percentage,Bin,percent,6.2,6.3,0.000948600016111844
US National,Season peak percentage,Bin,percent,6.3,6.4,0.000883188729081495
US National,Season peak percentage,Bin,percent,6.4,6.5,0.000820872452484688
US National,Season peak percentage,Bin,percent,6.5,6.6,0.000761817981375787
US National,Season peak percentage,Bin,percent,6.6,6.7,0.000706112075767858
US National,Season peak percentage,Bin,percent,6.7,6.8,0.000653785487736739
US National,Season peak percentage,Bin,percent,6.8,6.9,0.000604803856815551
US National,Season peak percentage,Bin,percent,6.9,7.0,0.000559069573620596
US National,Season peak percentage,Bin,percent,7.0,7.1,0.000516455185974437
US National,Season peak percentage,Bin,percent,7.1,7.2,0.92169136815197
US National,Season peak percentage,Bin,percent,7.2,7.3,0.00043989178649699
US National,Season peak percentage,Bin,percent,7.3,7.4,0.000405536707341827
US National,Season peak percentage,Bin,percent,7.4,7.5,0.000373518314100022
US National,Season peak percentage,Bin,percent,7.5,7.6,0.000343624186092577
US National,Season peak percentage,Bin,percent,7.6,7.7,0.000315655121287628
US National,Season peak percentage,Bin,percent,7.7,7.8,0.00028942143640626
US National,Season peak percentage,Bin,percent,7.8,7.9,0.00026476538221024
US National,Season peak percentage,Bin,percent,7.9,8.0,0.000241551256395469
US National,Season peak percentage,Bin,percent,8.0,8.1,0.000219663518199116
US National,Season peak percentage,Bin,percent,8.1,8.2,0.000199021885796165
US National,Season peak percentage,Bin,percent,8.2,8.3,0.000179564836562021
US National,Season peak percentage,Bin,percent,8.3,8.4,0.000161255758623366
US National,Season peak percentage,Bin,percent,8.4,8.5,0.000144069561441824
US National,Season peak percentage,Bin,percent,8.5,8.6,0.000127996688395553
US National,Season peak percentage,Bin,percent,8.6,8.7,0.00011303837180122
US National,Season peak percentage,Bin,percent,8.7,8.8,9.91920230942114e-05
US National,Season peak percentage,Bin,percent,8.8,8.9,8.64554710817661e-05
US National,Season peak percentage,Bin,percent,8.9,9.0,7.48242818719969e-05
US National,Season peak percentage,Bin,percent,9.0,9.1,6.42847000835262e-05
US National,Season peak percentage,Bin,percent,9.1,9.2,5.48096140042848e-05
US National,Season peak percentage,Bin,percent,9.2,9.3,4.63652130108078e-05
US National,Season peak percentage,Bin,percent,9.3,9.4,3.89076366945261e-05
US National,Season peak percentage,Bin,percent,9.4,9.5,3.23824694619091e-05
US National,Season peak percentage,Bin,percent,9.5,9.6,2.67251103488596e-05
US National,Season peak percentage,Bin,percent,9.6,9.7,2.18678757834287e-05
US National,Season peak percentage,Bin,percent,9.7,9.8,1.77402470135012e-05
US National,Season peak percentage,Bin,percent,9.8,9.9,1.42653280221282e-05
US National,Season peak percentage,Bin,percent,9.9,10.0,1.13691377638453e-05
US National,Season peak percentage,Bin,percent,10.0,10.1,8.98072702089659e-06
US National,Season peak percentage,Bin,percent,10.1,10.2,7.03030511590098e-06
US National,Season peak percentage,Bin,percent,10.2,10.3,5.4537247150298e-06
US National,Season peak percentage,Bin,percent,10.3,10.4,4.19175439966446e-06
US National,Season peak percentage,Bin,percent,10.4,10.5,3.19254900697787e-06
US National,Season peak percentage,Bin,percent,10.5,10.6,2.40930025988977e-06
US National,Season peak percentage,Bin,percent,10.6,10.7,1.8010592272841e-06
US National,Season peak percentage,Bin,percent,10.7,10.8,1.46974136952136e-06
US National,Season peak percentage,Bin,percent,10.8,10.9,1.46180931499633e-06
US National,Season peak percentage,Bin,percent,10.9,11.0,1.46180931499633e-06
US National,Season peak percentage,Bin,percent,11.0,11.1,1.46180931499633e-06
US National,Season peak percentage,Bin,percent,11.1,11.2,1.46180931499633e-06
US National,Season peak percentage,Bin,percent,11.2,11.3,1.46180931499633e-06
US National,Season peak percentage,Bin,percent,11.3,11.4,1.46180931499633e-06
US National,Season peak percentage,Bin,percent,11.4,11.5,1.46180931499633e-06
US National,Season peak percentage,Bin,percent,11.5,11.6,1.46180931499633e-06
US National,Season peak percentage,Bin,percent,11.6,11.7,1.46180931499633e-06
US National,Season peak percentage,Bin,percent,11.7,11.8,1.46180931499633e-06
US National,Season peak percentage,Bin,percent,11.8,11.9,1.46180931499633e-06
US National,Season peak percentage,Bin,percent,11.9,12.0,1.46180931499633e-06
US National,Season peak percentage,Bin,percent,12.0,12.1,1.46180931499633e-06
US National,Season peak percentage,Bin,percent,12.1,12.2,1.46180931499633e-06
US National,Season peak percentage,Bin,percent,12.2,12.3,1.46180931499633e-06
US National,Season peak percentage,Bin,percent,12.3,12.4,1.46180931499633e-06
US National,Season peak percentage,Bin,percent,12.4,12.5,1.46180931499633e-06
US National,Season peak percentage,Bin,percent,12.5,12.6,1.46180931499633e-06
US National,Season peak percentage,Bin,percent,12.6,12.7,1.46180931499633e-06
US National,Season peak percentage,Bin,percent,12.7,12.8,1.46180931499633e-06
US National,Season peak percentage,Bin,percent,12.8,12.9,1.46180931499633e-06
US National,Season peak percentage,Bin,percent,12.9,13.0,1.46180931499633e-06
US National,Season peak percentage,Bin,percent,13.0,100.0,1.46180931499633e-06
US National,Season peak week,Bin,week,40.0,41.0,6.98332414355496e-05
US National,Season peak week,Bin,week,41.0,42.0,6.98332414355496e-05
US National,Season peak week,Bin,week,42.0,43.0,6.98332414355496e-05
US National,Season peak week,Bin,week,43.0,44.0,6.98332414355496e-05
US National,Season peak week,Bin,week,44.0,45.0,6.98332414355496e-05
US National,Season peak week,Bin,week,45.0,46.0,6.98332414355496e-05
US National,Season peak week,Bin,week,46.0,47.0,6.98332414355496e-05
US National,Season peak week,Bin,week,47.0,48.0,6.98332414355496e-05
US National,Season peak week,Bin,week,48.0,49.0,6.98332414355496e-05
US National,Season peak week,Bin,week,49.0,50.0,7.01286255829409e-05
US National,Season peak week,Bin,week,50.0,51.0,0.000492323397086458
US National,Season peak week,Bin,week,51.0,52.0,0.0031656234390104
US National,Season peak week,Bin,week,52.0,53.0,0.927089270399868
US National,Season peak week,Bin,week,1.0,2.0,0.00342828360926371
US National,Season peak week,Bin,week,2.0,3.0,0.0022031280569209
US National,Season peak week,Bin,week,3.0,4.0,0.00368413764210376
US National,Season peak week,Bin,week,4.0,5.0,0.00537980548991754
US National,Season peak week,Bin,week,5.0,6.0,0.00916099376796061
US National,Season peak week,Bin,week,6.0,7.0,0.012026023780838
US National,Season peak week,Bin,week,7.0,8.0,0.0129712707206918
US National,Season peak week,Bin,week,8.0,9.0,0.00811413240426199
US National,Season peak week,Bin,week,9.0,10.0,0.00380312735451218
US National,Season peak week,Bin,week,10.0,11.0,0.00373896390226607
US National,Season peak week,Bin,week,11.0,12.0,0.00284590656361625
US National,Season peak week,Bin,week,12.0,13.0,0.000959231626685217
US National,Season peak week,Bin,week,13.0,14.0,0.00012328053924668
US National,Season peak week,Bin,week,14.0,15.0,1.66135379347643e-05
US National,Season peak week,Bin,week,15.0,16.0,1.65426615522203e-05
US National,Season peak week,Bin,week,16.0,17.0,1.65426615522203e-05
US National,Season peak week,Bin,week,17.0,18.0,1.65426615522203e-05
US National,Season peak week,Bin,week,18.0,19.0,1.65426615522203e-05
US National,Season peak week,Bin,week,19.0,20.0,1.65426615522203e-05
US National,Season peak week,Bin,week,20.0,21.0,1.65426615522203e-05
